051732010114104120ピジョンルビー　　　　　　　　　　　 24.6  5.1 -4.2 -4.8 -3.0  2  0.0  0                        
051732010214102658ラブリイメッセージ　　　　　　　　　 51.9 10.1-11.4-14.1 -8.6 -4  0.0                           
051732010314103229ハッピーパーティー　　　　　　　　　 39.9  7.9-10.0-11.8 -7.3 -2  0.0                           
051732010414105106サンボストン　　　　　　　　　　　　108.2 19.9-10.0-16.8 -9.2 -4  0.0  0                        
051732010514105266ノヴァルーナ　　　　　　　　　　　　  2.8  1.4 17.5 23.9 14.0 19 18.1  5                        
051732010614100796ワカバ　　　　　　　　　　　　　　　 73.6 13.7-10.0-14.8 -8.4 -3  0.0                           
051732010714101247ヒスイ　　　　　　　　　　　　　　　  5.6  1.8 15.0 18.2 11.2 16  9.6  2                        
051732010814106095チャームクォーク　　　　　　　　　　 16.4  3.7  5.6  6.0  3.9  9  0.0                           
051732010914105924コースタルブルー　　　　　　　　　　 55.2 10.5-11.4-13.2 -8.3 -3  0.0                           
051732011014101066クリノユウコリン　　　　　　　　　　 74.9 14.0 -9.5-11.7 -7.1 -2  0.0                           
051732011114105714ベルベールダンス　　　　　　　　　　 50.3  9.8-11.4-10.0 -7.1 -2  0.0                           
051732011214105437フルオブグレース　　　　　　　　　　  4.6  1.6 14.8 21.4 12.3 17 14.0                           
051732011314104079リープリッヒターゲ　　　　　　　　　 30.1  6.1 -4.4  6.4  1.0  6  0.0                           
051732011414105869キンナリー　　　　　　　　　　　　　  5.0  1.7 12.5 13.4  8.7 14 12.5                           
051732011514104484ラブパレード　　　　　　　　　　　　 73.3 13.7-10.0 -4.7 -4.7  0  0.0                           
051732011614100895キューティロンプ　　　　　　　　　　  7.0  2.1 11.2 24.7 12.4 17  7.2                           
051732020114100142ロゼマッハ　　　　　　　　　　　　　 35.9  5.7-10.0-15.7 -8.8 -4  0.0                           
051732020214106281テンゴールドラブ　　　　　　　　　　 60.2  8.9-11.4-10.0 -7.1 -2  0.0                           
051732020314102093フェスティヴオオジ　　　　　　　　　  6.4  1.7-10.4  7.6 -0.3  5 21.4                           
051732020414105813コンピレーション　　　　　　　　　　  3.2  1.3 15.0 21.9 12.5 18 19.8                           
051732020514104826シゲルパンダ　　　　　　　　　　　　 39.0  6.1 20.7  1.7  6.8 12  0.0  5                        
051732020614103410ジッテ　　　　　　　　　　　　　　　112.3 16.0-11.4-12.0 -7.8 -3  0.0                           
051732020714100179サンナッシュビル　　　　　　　　　　 17.0  3.1-10.0 15.7  2.8  8  0.0                           
051732020814109110テンエイハヤブサ　　　　　　　　　　 81.7 11.8-10.0-16.6 -9.1 -4  0.0  0                        
051732020914101125シゲルハリネズミ　　　　　　　　　　 40.5  6.4-11.3 -6.3 -5.7 -1  0.0                           
051732021014103989カネトシユキミ　　　　　　　　　　　 38.1  6.0 -7.2-11.7 -6.4 -1  0.0                           
051732021114109114ガイディングスター　　　　　　　　　 76.0 11.1-10.4-11.0 -7.2 -2  0.0  0                        
051732021214105649ブラストビート　　　　　　　　　　　 19.8  3.5 10.0 -8.5 -0.1  5  0.0                           
051732021314102725オコルデヤスシ　　　　　　　　　　　 15.2  2.8  6.7  1.1  2.4  7  0.0                           
051732021414101712リライアブルアミ　　　　　　　　　　 39.7  6.2 -3.4 -9.3 -4.4  1  0.0                           
051732021514105171リンガスネオ　　　　　　　　　　　　  2.3  1.2 18.2 29.5 16.3 21 18.1                           
051732021614103412アンヌ　　　　　　　　　　　　　　　 13.4  2.6-10.0 11.2  1.1  6  0.0                           
051732030114104251ラヴィソント　　　　　　　　　　　　 27.0  5.5-10.0-14.6 -8.4 -3  0.0                           
051732030214102280ペイシャブルー　　　　　　　　　　　 26.4  5.4 -3.4 -5.2 -2.9  2  0.0  0                        
051732030314100453デカ　　　　　　　　　　　　　　　　 27.6  5.6 -4.6 -1.9 -2.1  3  0.0                           
051732030414102430タイジェン　　　　　　　　　　　　　 96.4 17.5-10.0-10.0 -6.7 -2  0.0                           
051732030514100354オンワードラスター　　　　　　　　　 96.4 17.5-11.4 -7.9 -6.3 -1  0.0                           
051732030614105715デルマアンコツバキ　　　　　　　　　 47.8  9.2-11.3-12.8 -8.1 -3 11.6                           
051732030714106039ヴェリタブル　　　　　　　　　　　　  8.4  2.4  8.7 21.7 10.6 16  9.6  3                        
051732030814105151ソルオリーヴァ　　　　　　　　　　　 36.3  7.2 -3.5  0.3 -0.9  4 14.4                           
051732030914103156ベイビーステップ　　　　　　　　　　 14.9  3.4-10.0  7.2 -0.4  5  0.0                           
051732031014101648パンドラフォンテン　　　　　　　　　 11.7  2.8  4.2 19.7  8.5 13  0.0  5                        
051732031114104121ベニノシリウス　　　　　　　　　　　 62.2 11.5-10.0-14.0 -8.1 -3  0.0                           
051732031214105231フジワンキララ　　　　　　　　　　　 13.1  3.0-10.0 18.3  3.7  9  7.7                           
051732031314105814グラドゥアーレ　　　　　　　　　　　  2.4  1.3 20.0 20.7 13.6 19 18.1                           
051732031414100382テイクマイチャンス　　　　　　　　　111.9 20.2-13.5-10.2 -7.8 -3  0.0                           
051732031514101538アイアムビューティ　　　　　　　　　  5.7  1.9  6.6 11.1  6.1 11 11.6                           
051732031614102172フラガリア　　　　　　　　　　　　　  6.6  2.0  6.0  6.8  4.3  9  0.0                           
051732031714104301モアナブルー　　　　　　　　　　　　 42.4  8.3-10.0 -3.7 -4.4  1  0.0                           
051732031814101150フィネス　　　　　　　　　　　　　　 38.4  7.5-10.0-12.4 -7.5 -3  0.0  0                        
051732040114104276ベルウッドデナリ　　　　　　　　　　 16.7  3.6 -6.3-10.4 -5.7 -1  0.0                           
051732040214105742パラディラタン　　　　　　　　　　　159.5 27.6-11.4-14.6 -8.8 -4  0.0                           
051732040314105709インペリアルフィズ　　　　　　　　　 22.7  4.6-10.0 -2.4 -3.9  1  0.0                           
051732040414101655ルーラーキング　　　　　　　　　　　  8.6  2.4 -3.7  6.1  1.1  6  6.7                           
051732040514105397ロイヤルアイザック　　　　　　　　　 48.3  9.0 -2.9-10.1 -4.6  0  0.0                           
051732040614105819ムスターヴェルク　　　　　　　　　　  2.6  1.3 12.0 28.6 14.1 19 18.1  2                        
051732040714105974サトノヴィクトリー　　　　　　　　　 12.1  2.8  8.6 18.5  9.4 14  0.0  1  157   51              
051732040814105351イムノス　　　　　　　　　　　　　　  4.4  1.6 13.9 15.3  9.8 15 14.0                           
051732040914105731プラスドピラミッド　　　　　　　　　 30.9  6.0-11.4 -1.3 -3.9  1  0.0                           
051732041014100396タカラキングダム　　　　　　　　　　 71.7 12.8-11.4-12.6 -8.0 -3  0.0                           
051732041114104274アーネストホープ　　　　　　　　　　 56.9 10.3-11.4-14.8 -8.8 -4  0.0                           
051732041214102898ホウオウドリーム　　　　　　　　　　  6.7  2.0 15.8 16.7 10.9 16 15.1  4                        
051732041314101676マイネルハレオ　　　　　　　　　　　 33.5  6.5-10.0  6.0 -0.8  4  0.0                           
051732041414102582メロディーオブラブ　　　　　　　　　 78.3 13.9-12.5-10.1 -7.5 -2  0.0                           
051732041514104799マロンクリスタル　　　　　　　　　　192.1 33.1-11.4-11.2 -7.5 -3  0.0                           
051732041614105574ベストダンス　　　　　　　　　　　　 30.7  6.0 -9.1-12.0 -7.1 -2  0.0                           
051732041714104800タイセイレイザー　　　　　　　　　　 30.9  6.0 -4.4 -4.7 -3.0  2  0.0                           
051732041814104140ウィードスピリット　　　　　　　　　 13.5  3.0 13.5 24.7 13.1 18  7.7                           
051732050115105584ハヤブサレジェンド　　　　　　　　　  9.5  2.4 20.0 16.5 12.1 12  6.7  1  188   43              
051732050215100717マイネルグリージョ　　　　　　　　　 20.3  4.0 -0.6-11.8 -4.5 -5  0.0                           
051732050315102972ルリエフ　　　　　　　　　　　　　　 25.6  4.8 -6.7 -0.3 -2.1 -2  0.0  0                        
051732050415105084スターフィールド　　　　　　　　　　 12.1  2.7  8.7 15.8  8.4  8  0.0                           
051732050515102083カガプラナス　　　　　　　　　　　　222.1 35.8-11.4-16.5 -9.5 -9  0.0  0                        
051732050615105064ステルヴィオ　　　　　　　　　　　　  3.1  1.4 16.2 14.6 10.2 10 14.0                           
051732050715109013ニュートリック　　　　　　　　　　　126.3 20.6-11.4 -9.8 -7.0 -7  0.0                           
051732050815103872ホクセツ　　　　　　　　　　　　　　126.3 20.6-11.4 -7.0 -6.0 -6  0.0                           
051732050915102753シゲルジャンボイモ　　　　　　　　　 74.0 12.4-11.4-12.4 -8.0 -8  0.0                           
051732051015101785ニシノベイオウルフ　　　　　　　　　 23.9  4.5 -9.5-14.8 -8.3 -8  0.0                           
051732051115100161マイレ　　　　　　　　　　　　　　　  5.8  1.7 14.2  4.8  6.0  6  6.2                           
051732051215104090サトノオンリーワン　　　　　　　　　  3.0  1.3 17.4 31.3 16.7 17 18.1  2                        
051732051315101094トーセンアスター　　　　　　　　　　 20.5  4.1 -7.1-10.2 -5.9 -6 12.3                           
051732051415106016ジュンアンビション　　　　　　　　　 32.7  6.0  2.6 -5.2 -1.1 -1  0.0                           
051732051515103636スプリングマン　　　　　　　　　　　 15.6  3.2 -0.1  5.1  1.8  2  7.7                           
051732051615100291セイカフェボリット　　　　　　　　　 52.5  9.2-11.4 -7.0 -6.0 -6  0.0                           
051732060114100278ダークガーランド　　　　　　　　　　 64.8 11.3-10.0 -6.7 -5.5  0  0.0  0                        
051732060214105153ヤンチャボウズ　　　　　　　　　　　 22.1  4.4-10.0  6.1 -0.8  4  0.0                           
051732060314105145ランボシ　　　　　　　　　　　　　　 43.4  8.0 -7.6 -5.7 -4.4  1  0.0                           
051732060414110098ライバーバード　　　　　　　　　　　  6.2  1.9 10.5 15.2  8.7 14  0.0                           
051732060514103943サンマルアルティマ　　　　　　　　　 70.2 12.2-10.0 -2.1 -3.8  1  0.0                           
051732060614105261データヴァリュー　　　　　　　　　　  2.2  1.3 15.0 22.8 12.9 18 18.1                           
051732060714110019ヒロミノテソーロ　　　　　　　　　　 34.7  6.5-10.0-12.7 -7.7 -3  0.0  0                        
051732060814105307プレシャスジュエル　　　　　　　　　 35.5  6.7-10.0-14.8 -8.4 -3  0.0                           
051732060914100135デザートトリップ　　　　　　　　　　  7.6  2.1  6.0 19.7  9.0 14  7.2                           
051732061014101983コウギョウスター　　　　　　　　　　 25.6  5.0 -8.2  5.5 -0.4  5  0.0                           
051732061114101818マッジョネラ　　　　　　　　　　　　 20.9  4.3  2.0  0.5  0.8  6  0.0                           
051732061214104910サクラレガーロ　　　　　　　　　　　100.3 17.2-11.4-13.2 -8.3 -3  0.0                           
051732061314106527カミノオウジャ　　　　　　　　　　　195.1 32.8-10.0 -7.0 -5.6 -1  0.0                           
051732061414101461マーブルフラッシュ　　　　　　　　　  6.8  2.0  9.6 13.4  7.8 13 16.3                           
051732061514101672コーリンマカロン　　　　　　　　　　 30.9  5.9-10.0 -9.8 -6.6 -2  9.2                           
051732061614110070リモンディ　　　　　　　　　　　　　  5.7  1.8 17.3 14.3 10.4 15 14.0                           
051732070113102309ロードサンダー　　　　　　　　　　　 99.7 17.8-11.4-12.6 -8.0 12  0.0                           
051732070213104957ビレッジゴールド　　　　　　　　　　 23.8  4.9-10.4-15.1 -8.7 11  8.2                           
051732070312103932プエルト　　　　　　　　　　　　　　  5.3  1.7 11.3  0.3  3.5 24  6.3                           
051732070414103937ピアノイッチョウ　　　　　　　　　　 25.3  5.1 20.0-13.2  1.2 21  0.0                           
051732070513102337ソウマ　　　　　　　　　　　　　　　208.0 36.4-11.4-10.0 -7.1 13  0.0                           
051732070613100528トーホウデサント　　　　　　　　　　 23.9  4.9 -7.1  1.4 -1.6 18  8.6  0                        
051732070714109050ハッスルバッスル　　　　　　　　　　 11.3  2.7  5.8  7.2  4.4 24 10.3                           
051732070813100655セイカエドミザカ　　　　　　　　　　 33.5  6.6 -4.6 -0.7 -1.6 18  0.0                           
051732070912101980フォルゴラーレ　　　　　　　　　　　108.2 19.3-11.4-11.3 -7.6 12  0.0                           
051732071013103707イルフォーコン　　　　　　　　　　　  3.1  1.4 15.2 17.5 11.0 31 12.8                           
051732071114101436リョウランヒーロー　　　　　　　　　 38.8  7.5 -8.5 -9.8 -6.1 14  0.0                           
051732071214104784エポックメーカー　　　　　　　　　　 32.6  6.4 -1.5 -2.3 -1.3 19  0.0                           
051732071313104063ネコダンサー　　　　　　　　　　　　 16.9  3.7-10.0  6.4 -0.7 19  0.0                           
051732071414101327ブラヴォバンビーノ　　　　　　　　　 34.5  6.8 -4.2  7.4  1.5 21  0.0                           
051732071514105117トモジャヴァリ　　　　　　　　　　　  3.6  1.5 15.8 17.4 11.1 31 11.6                           
051732071613106094サトノティターン　　　　　　　　　　  6.6  2.0 14.5 18.6 11.2 31  9.6  3                        
051732080113103678ヤマイチジャスティ　　　　　　　　　  4.5  1.4 18.1 18.6 12.3 32  6.2                           
051732080212103592リンガスヴィグラス　　　　　　　　　 17.1  3.2  0.6  7.8  3.0 23  0.0                           
051732080312105471スールキートス　　　　　　　　　　　  3.8  1.3 16.2 14.0 10.0 30 19.8                           
051732080414105404コロニアルスタイル　　　　　　　　　 27.4  4.7  0.5 -6.2 -2.1 18  0.0                           
051732080512105221スズヨサムソン　　　　　　　　　　　 29.9  5.0-10.0 -1.2 -3.4 17  9.2                           
051732080613103705タイキマロン　　　　　　　　　　　　 33.5  5.5-10.0 -5.6 -5.1 15  0.0  0                        
051732080712104203ベストエビデンス　　　　　　　　　　 33.7  5.6-10.0-15.1 -8.5 11  0.0                           
051732080813104707ボーアムルーズ　　　　　　　　　　　 86.7 13.0-10.4 -6.7 -5.6 14  0.0  0                        
051732080913103975オレンジガール　　　　　　　　　　　 63.2  9.6-10.0-14.0 -8.1 12  0.0                           
051732081013102858アデレードヒル　　　　　　　　　　　  2.1  1.2 17.7 29.5 16.1 36 18.1                           
051732081113100398ラピッドライズ　　　　　　　　　　　 27.0  4.6  6.2 -2.1  1.1 21  0.0  5                        
051732081212105460グラディス　　　　　　　　　　　　　 40.2  6.5 -5.5 -8.8 -4.9 15  0.0                           
051732081313101527パミーナコラッジョ　　　　　　　　　 22.9  4.0-10.0 -1.7 -3.6 16 10.3                           
051732081413100986マイハーベスト　　　　　　　　　　　 73.3 11.1-11.3 -7.0 -6.0 14  0.0                           
051732081514104261シュエットヌーベル　　　　　　　　　 53.0  8.4 20.0-12.6  1.4 21  0.0  0                        
051732081614100434リオファンク　　　　　　　　　　　　 28.1  4.8 -3.7 -6.4 -3.5 17  0.0  0                        
051732090113106214フィールドシャルム　　　　　　　　　 14.1  2.5  2.0  9.0  3.9 24  0.0                           
051732090214106026バルデス　　　　　　　　　　　　　　  2.3  1.2 19.4 20.1 13.2 33 18.1                           
051732090314101985チェスナットコート　　　　　　　　　  5.3  1.4 12.5 20.0 11.1 31 15.1  3                        
051732090413104868クインズクオーツ　　　　　　　　　　 23.5  3.7  6.0-13.2 -3.0 17  0.0                           
051732090514105246サーベラージュ　　　　　　　　　　　  2.6  1.2 19.4 33.0 17.9 38 19.8  1  157   51              
051732090612103404コパノハミルトン　　　　　　　　　　 32.1  4.8-11.4-12.2 -7.9 12  0.0                           
051732090713102727ラペルトワ　　　　　　　　　　　　　 25.3  3.9  0.7  6.9  2.7 23  0.0                           
051732090813101930コスモピクシス　　　　　　　　　　　  9.1  2.0 13.3 13.7  9.0 29  6.8  4                        
051732090914104192オールウェイズゼア　　　　　　　　　 33.7  5.0-10.0-11.7 -7.3 13  0.0                           
051732091012105342レオクイック　　　　　　　　　　　　 31.2  4.6-11.3-11.3 -7.5 12  0.0                           
051732100111101574リヴィエール　　　　　　　　　　　　 15.8  3.3  7.9  4.9  4.2 34  0.0  0                        
051732100212100545タケデンタイガー　　　　　　　　　　 34.5  6.4 20.0  7.0  8.6 39  0.0                           
051732100312106018バウトナカヤマ　　　　　　　　　　　 16.3  3.4-10.0  2.5 -2.1 28  8.2                           
051732100411101225ブラウンカイ　　　　　　　　　　　　 47.9  8.7-11.4-12.4 -8.0 22  0.0                           
051732100511106326マンハッタンヘンジ　　　　　　　　　 29.8  5.6-11.4 -9.3 -6.8 23  0.0                           
051732100614105996デアレガーロ　　　　　　　　　　　　  7.2  2.0  4.9  3.3  2.7 33  6.7                           
051732100712103656ジャストフォーユー　　　　　　　　　 45.7  8.3-11.4-11.8 -7.7 22  0.0                           
051732100814102033ダノンハイパワー　　　　　　　　　　 11.1  2.5  6.0 -4.6  0.1 30  0.0                           
051732100914101705ライズスクリュー　　　　　　　　　　 20.6  4.2 -7.5  9.8  1.3 31  0.0                           
051732101013105948ロワアブソリュー　　　　　　　　　　  2.6  1.3 22.0 19.6 13.8 44 12.8                           
051732101114106125モアナ　　　　　　　　　　　　　　　  4.0  1.5 12.0 12.2  8.1 38 19.8                           
051732101212106129レッドアフレイム　　　　　　　　　　  6.8  2.0 12.5 11.3  7.9 38  8.9                           
051732101312104180ホーリーシュラウド　　　　　　　　　 65.8 11.3-12.5-10.1 -7.5 23 11.6                           
051732101411106571マユキ　　　　　　　　　　　　　　　 26.1  5.0 -2.9 -0.1 -0.9 29  0.0  5                        
051732110110100483トーキングドラム　　　　　　　　　　116.5 24.4-11.4-12.4 -8.0 52  0.0  0                        
051732110209102678ディサイファ　　　　　　　　　　　　 66.8 14.3-10.0 -2.1 -3.8 56  0.0                           
051732110309102469サンライズメジャー　　　　　　　　　 40.6  9.2 -6.1-14.2 -7.0 53  0.0                           
051732110412105400アンビシャス　　　　　　　　　　　　  7.5  2.4  8.9 16.0  8.5 69 13.2                           
051732110510190006コンテントメント　　　　　　　　　　 13.5  3.5 -7.5  9.0  1.0 61  0.0                           
051732110611104416レッドファルクス　　　　　　　　　　 12.5  3.3 -1.1  6.6  2.1 62  0.0                           
051732110712101402グレーターロンドン　　　　　　　　　 19.4  4.8 -9.1  1.3 -2.3 58  0.0                           
051732110813105399エアスピネル　　　　　　　　　　　　  8.8  2.7  7.3 11.4  6.4 66  0.0                           
051732110909105855ロンギングダンサー　　　　　　　　　170.0 35.3-10.0-11.3 -7.1 53  0.0                           
051732111009105009クラレント　　　　　　　　　　　　　 31.1  7.2-11.2-10.3 -7.1 53  0.0                           
051732111113106118ブラックスピネル　　　　　　　　　　 24.6  5.8-11.2 -8.3 -6.4 54 22.9                           
051732111211190004ビューティーオンリー　　　　　　　　  7.1  2.3 10.9 13.0  8.0 68 12.5                           
051732111312104808ロジチャリス　　　　　　　　　　　　 28.8  6.7 -7.8 -7.4 -5.1 55  0.0                           
051732111411104063サトノアラジン　　　　　　　　　　　 15.5  4.0 -2.4  0.4 -0.6 59  8.8                           
051732111511103565イスラボニータ　　　　　　　　　　　  3.7  1.7 17.9 24.1 14.2 74  5.3                           
051732111610103783ロゴタイプ　　　　　　　　　　　　　 21.6  5.2  5.2  5.5  3.6 64  0.0                           
051732111712104685ヤングマンパワー　　　　　　　　　　 40.4  9.1-10.0  2.3 -2.2 58  0.0                           
051732111811103854ステファノス　　　　　　　　　　　　  5.3  2.0  7.4  7.7  5.0 65 15.0                           
051732120111106338ブルーボサノヴァ　　　　　　　　　　 22.9  4.4-10.1  8.4  0.1 30  0.0                           
051732120212104680アドマイヤピンク　　　　　　　　　　 24.2  4.6 -1.6-12.0 -4.9 25  0.0                           
051732120312104515イダクァイマ　　　　　　　　　　　　 44.1  7.9 -8.0  1.5 -1.9 28  0.0                           
051732120412103921ハヤブサライデン　　　　　　　　　　 56.7  9.7 -9.1-12.0 -7.1 23  0.0                           
051732120512103443ジェイケイライアン　　　　　　　　　  7.5  2.1  9.2 11.4  6.9 37 23.1                           
051732120612100009ヴァッハウ　　　　　　　　　　　　　 48.4  8.6-10.0-11.3 -7.1 23  0.0                           
051732120710103556エターナルヒーロー　　　　　　　　　 30.3  5.6-10.0 -1.2 -3.4 27  0.0                           
051732120811104543アルファアリエス　　　　　　　　　　 29.6  5.5  6.0  3.0  2.9 33  0.0                           
051732120909102128ロゼッタストーン　　　　　　　　　　 19.7  4.0-12.5  4.8 -2.0 28  0.0                           
051732121012110039アメリカンストーム　　　　　　　　　  6.3  1.8  6.0 13.3  6.7 37  6.2                           
051732121111103511シーリーヴェール　　　　　　　　　　 19.3  3.9-12.5 -3.6 -5.1 25  0.0                           
051732121212102422ラバニーユ　　　　　　　　　　　　　  4.3  1.5 17.0 11.1  9.2 39 14.0                           
051732121310101326タッチシタイ　　　　　　　　　　　　 25.3  4.8-12.5-14.3 -9.0 21  0.0  0                        
051732121413105415シュナウザー　　　　　　　　　　　　  2.4  1.3 15.0 24.6 13.5 44 18.1                           
051732121511103078ダイチヴュルデ　　　　　　　　　　　 55.6  9.5-13.5 -6.3 -6.4 24  0.0                           
051732121611105264ゴールドリーガル　　　　　　　　　　 34.4  6.3  6.8  3.1  3.2 33  0.0                           
091732010114103460スリーオリジン　　　　　　　　　　　 46.0  6.3 -7.6  3.7 -1.7  3  0.0  0                        
091732010214105038クレアチェイス　　　　　　　　　　　  8.0  1.8  7.8 12.7  6.7 12 10.8                           
091732010314100581ディセントラ　　　　　　　　　　　　 26.5  3.9 -7.7  1.8 -2.3  3 10.8                           
091732010414106020チュウワグルーヴ　　　　　　　　　　 24.4  3.7  3.3  8.1  3.6  9  0.0                           
091732010514103797オールエリザベス　　　　　　　　　　  2.7  1.2 21.0 25.9 15.5 20 19.0                           
091732010614102895サテンドール　　　　　　　　　　　　 17.3  2.8  5.6  8.9  4.7 10 12.7                           
091732010714103403ディーアヴァン　　　　　　　　　　　 50.2  6.8 -7.7-16.2 -7.7 -3  0.0  0                        
091732010814100098ピカロ　　　　　　　　　　　　　　　  2.2  1.2 18.4 33.1 16.7 22 17.4  1  188   48              
091732010914106279スズカコスモス　　　　　　　　　　　 27.2  4.0 -7.7 -0.8 -3.1  2  0.0                           
091732011014103469メイショウアキヅキ　　　　　　　　　 45.8  6.3 -8.6-12.2 -6.8 -2  0.0                           
091732011114100265スウェルドリーム　　　　　　　　　　145.7 18.0-10.9-11.6 -7.5 -2  0.0                           
091732011214102409テイエムアビーム　　　　　　　　　　 67.6  8.7-10.8-10.7 -7.2 -2  0.0                           
091732011314104521ニホンピロメリーナ　　　　　　　　　 67.1  8.7-11.7 -8.4 -6.8 -2  0.0  0                        
091732011414101074アイアンラスティー　　　　　　　　　 50.4  6.9-10.9-10.3 -7.1 -2  0.0                           
091732011514103587エナジーハピネス　　　　　　　　　　 20.7  3.2 -3.3-13.2 -5.2  0  5.1                           
091732011614100215ウインパソドブレ　　　　　　　　　　 23.8  3.6  0.4 -4.5 -1.2  4  0.0                           
091732020114103353キタサンボルト　　　　　　　　　　　 26.7  5.6 -0.5-11.6 -3.7  1  0.0                           
091732020214105519ロシニョール　　　　　　　　　　　　 67.5 12.8-10.9-12.2 -7.7 -3  0.0  0                        
091732020314104686メイショウカリナン　　　　　　　　　 14.0  3.3  2.1  8.9  3.4  8 10.2                           
091732020414103757ニューミレニアム　　　　　　　　　　  3.3  1.4 17.6 17.9 11.8 17 17.4                           
091732020514100958キーメンバー　　　　　　　　　　　　 34.3  7.0-10.9 16.5  1.0  6  0.0                           
091732020614105805バルコラベーロ　　　　　　　　　　　  7.2  2.2 16.7 33.5 16.2 21  0.0  1  191   43              
091732020714102472ハクユウマックス　　　　　　　　　　 36.2  7.4 -4.5-17.3 -6.8 -2  8.8                           
091732020814102415ポーラーブレイズ　　　　　　　　　　 73.2 13.8-11.7-11.6 -7.8 -3  0.0                           
091732020914103560トモリエール　　　　　　　　　　　　 24.0  5.1-10.9-12.8 -7.8 -3  0.0                           
091732021014104170シゲルドラネコ　　　　　　　　　　　 55.2 10.6-10.9-20.0-10.0 -5  0.0  0                        
091732021114105458デルマオテモヤン　　　　　　　　　　125.3 23.2-10.9-17.3 -9.2 -4  0.0                           
091732021214104034ハギノパートナーズ　　　　　　　　　 48.3  9.6-10.8 -9.9 -6.9 -2  0.0                           
091732021314103031メイショウアワジ　　　　　　　　　　 13.3  3.2  4.9 14.7  6.2 11 13.3                           
091732021414103409ワイルドフォックス　　　　　　　　　  4.7  1.7 12.1 13.6  8.5 14 18.6                           
091732021514101365カズマデプレシャン　　　　　　　　　 12.9  3.1  7.4  6.7  4.7 10  0.0                           
091732021614109041フィールドステイ　　　　　　　　　　  3.9  1.5 10.9  5.7  5.7 11 11.8                           
091732030114105385レッドラーザム　　　　　　　　　　　 38.0  6.4 -7.7-12.7 -6.6 -2  0.0                           
091732030214104033メイショウソリッド　　　　　　　　　 39.3  6.6 -7.1 -7.7 -4.9  0  0.0                           
091732030314103561メイショウトコシエ　　　　　　　　　  4.9  1.5 13.1 10.5  8.0 13  4.5                           
091732030414106511ワールドガーランド　　　　　　　　　 48.7  8.0-11.7 -6.8 -6.3 -1  0.0                           
091732030514101470ニホンピロアーニャ　　　　　　　　　 91.3 14.0 -7.7-14.4 -7.1 -2  0.0  0                        
091732030614103956ナイトブラスター　　　　　　　　　　 60.7  9.6-11.7-13.2 -8.3 -3  0.0                           
091732030714104516サンマルエンパイア　　　　　　　　　  2.9  1.3 16.0 23.7 13.0 18 13.1                           
091732030814105081プリンスオブペスカ　　　　　　　　　  2.7  1.2 19.9 23.9 14.5 19 15.4                           
091732030914105349クレオス　　　　　　　　　　　　　　 14.4  2.9 -3.9-14.7 -5.8 -1  0.0                           
091732031014104375デアリングアイデア　　　　　　　　　 11.0  2.3  5.4 11.2  5.3 10  8.4                           
091732031114105524マリンシークレット　　　　　　　　　 34.2  5.8 -2.6 -5.6 -2.6  2  0.0                           
091732031214103805クリスティヴィッツ　　　　　　　　　 55.7  8.8-10.9-11.3 -7.4 -2  0.0                           
091732031314100129ゼットディーン　　　　　　　　　　　 19.9  3.7 -1.7 12.9  3.2  8  7.8                           
091732031414100865キタサンワーク　　　　　　　　　　　 64.4 10.1 -4.8-11.6 -5.2  0  8.6                           
091732031514101009ミツルファミリー　　　　　　　　　　 30.0  5.2 -3.9  4.7  0.0  5 26.9                           
091732031614104596ダノングローリア　　　　　　　　　　 59.5  9.4 -6.3-16.2 -7.2 -2  0.0                           
091732040111103635チーフアセスメント　　　　　　　　　 10.6  2.4  9.4-10.6  0.3  0  8.4                           
091732040213101695シゲルマンタ　　　　　　　　　　　　 28.6  5.2 -5.2-11.6 -5.4 -5  6.2                           
091732040313101772ワークショップ　　　　　　　　　　　  3.5  1.3 19.3 13.4 11.1 11 20.5                           
091732040413103952プレシャスタイム　　　　　　　　　　  2.7  1.2 19.0 24.9 14.4 14 17.4                           
091732040513105685メメニシコリ　　　　　　　　　　　　 12.8  2.7  1.9  7.8  3.0  3  0.0  5                        
091732040614100894シロクニ　　　　　　　　　　　　　　 17.6  3.5  5.8 -8.6 -0.5  0 13.0                           
091732040713102806ニシノファルコン　　　　　　　　　　 33.9  6.0 -9.7 -6.6 -5.5 -6  0.0                           
091732040812101359サトノアッシュ　　　　　　　　　　　 11.6  2.5  2.6  4.1  2.2  2  0.0  4                        
091732040909105738クランモンタナ　　　　　　　　　　　  3.1  1.3 17.9 18.7 12.2 12 11.8                           
091732050115102471キムケンロード　　　　　　　　　　　 13.3  3.0  2.5  6.9  3.0  3  5.5                           
091732050215101549ディアボレット　　　　　　　　　　　  3.7  1.5 14.0 21.0 11.4 11 10.9                           
091732050315103690アイビリーブ　　　　　　　　　　　　 24.2  4.9 -8.0  3.5 -1.9 -2  0.0                           
091732050415102797メイショウアキツ　　　　　　　　　　 23.8  4.8 -7.7 13.1  1.1  1  0.0  4                        
091732050515105886ダイキリシマ　　　　　　　　　　　　 38.5  7.4 -5.6-16.2 -6.9 -7  0.0                           
091732050615100757マイネルブランデー　　　　　　　　　 51.5  9.6-11.7 -9.5 -7.1 -7  0.0                           
091732050715106414ナムラタマ　　　　　　　　　　　　　 48.6  9.1-11.7-14.1 -8.5 -9  0.0                           
091732050815100690マイネルエメ　　　　　　　　　　　　  7.3  2.1  8.9-12.9 -0.6 -1  9.0                           
091732050915103621コパノルーリー　　　　　　　　　　　 30.0  5.9 -9.2  7.0 -1.3 -1  0.0                           
091732051015104697ヴァイザー　　　　　　　　　　　　　  5.3  1.7  7.7 12.3  6.5  7 20.5  2                        
091732051115100509タガノスカイハイ　　　　　　　　　　  3.0  1.4 19.5 18.9 12.8 13 17.4                           
091732051215106036タニノミステリー　　　　　　　　　　  5.8  1.8 11.5 14.8  8.7  9 11.7                           
091732060114105412ガルトマーン　　　　　　　　　　　　 15.3  3.0  4.5  0.9  1.9  7  0.0  0                        
091732060214105694シシャルディン　　　　　　　　　　　 45.6  7.5 -7.7-10.5 -6.0 -1  0.0                           
091732060314103953サンマルタイトル　　　　　　　　　　 71.7 11.1-10.9-11.1 -7.3 -2  0.0                           
091732060414105986タイセイレガシー　　　　　　　　　　 16.6  3.2  4.2 -1.2  1.2  6  0.0  0                        
091732060514100645ペガーズ　　　　　　　　　　　　　　  5.3  1.6 15.0 29.3 14.3 19 20.5                           
091732060614104502ピュアラブ　　　　　　　　　　　　　 99.5 15.2-11.7 -8.3 -6.8 -2  0.0  0                        
091732060714106056スピリットソウル　　　　　　　　　　  1.9  1.2 19.9 15.4 11.9 17 17.4                           
091732060814101657ソルーナブルー　　　　　　　　　　　 69.7 10.8 -9.2 -1.7 -3.9  1  0.0                           
091732060914110039キエレ　　　　　　　　　　　　　　　 71.0 11.0-10.9-14.7 -8.4 -3  0.0                           
091732061014110040エアレーザー　　　　　　　　　　　　 36.7  6.2 -7.7-11.3 -6.2 -1  0.0                           
091732061114106165ハートクレスト　　　　　　　　　　　 17.2  3.3 -6.3  9.9  0.7  6 11.0  5                        
091732061214105839ノルナゲスト　　　　　　　　　　　　 44.6  7.4 -3.7 -7.5 -3.6  1  0.0                           
091732061314106217マテンロウオスカー　　　　　　　　　 27.7  4.8 -1.5 -4.5 -1.9  3  0.0                           
091732061414105935ダノンクライム　　　　　　　　　　　 41.4  6.9 -7.1 -2.3 -3.3  2  0.0                           
091732061514101584ウインドウイスパー　　　　　　　　　 69.0 10.7-10.9 -3.5 -5.0  0  0.0                           
091732061614101463ナリタバード　　　　　　　　　　　　 58.6  9.2-11.7-14.8 -8.7 -4  0.0  0                        
091732061714101129メイショウラプター　　　　　　　　　 25.8  4.5 -7.7 10.0  0.2  5 10.2                           
091732061814103390ゲイルバローズ　　　　　　　　　　　  5.1  1.5 15.8 24.4 13.1 18 16.8                           
091732070112105194サンマルメジャール　　　　　　　　　 30.1  5.2 -6.9-11.1 -5.9 14  0.0                           
091732070213104987デイジーフローラ　　　　　　　　　　 10.7  2.3  1.0 12.8  4.2 24 11.4                           
091732070313105551デアリングエッジ　　　　　　　　　　 14.2  2.8  9.4  7.2  5.6 26  7.8                           
091732070412104189カラフルマーメイド　　　　　　　　　 20.3  3.8 -4.5-11.3 -5.0 15  0.0                           
091732070514104702プティットクルール　　　　　　　　　 20.1  3.7 -7.7-12.9 -6.7 13  0.0                           
091732070614102170エオリア　　　　　　　　　　　　　　 19.3  3.6  3.9 -9.4 -1.4 19  8.3                           
091732070714105720コンプリートベスト　　　　　　　　　 10.6  2.3 10.1  8.1  6.1 26  0.0  5                        
091732070813102876セレッソプリマベラ　　　　　　　　　 27.6  4.8-10.9 -2.7 -4.8 15  0.0                           
091732070912102824エンパイアブルー　　　　　　　　　　  2.1  1.2 19.6 20.4 13.3 33 17.4                           
091732071013105656ヒダロマン　　　　　　　　　　　　　  4.3  1.5 14.0 16.3 10.0 30 19.0                           
091732071114105044カリーニョミノル　　　　　　　　　　  6.8  1.8  6.5 13.6  6.5 26 12.3                           
091732080112103352アイファーマグオー　　　　　　　　　 31.6  6.0-11.6-13.0 -8.2 12  0.0  0                        
091732080214106464テーオーフォルテ　　　　　　　　　　  2.1  1.3 25.8 21.7 16.0 36 17.4                           
091732080313102010オーミパドドゥ　　　　　　　　　　　 59.3 10.4-10.9-12.9 -7.9 12  0.0                           
091732080414104932アンティクイーン　　　　　　　　　　 59.1 10.4-17.9-10.3 -9.7 10  0.0                           
091732080514102933ナムラライラ　　　　　　　　　　　　 19.5  4.0 -0.8 -5.2 -1.9 18  7.6                           
091732080613105646マウントゴールド　　　　　　　　　　  6.2  1.9  6.5  6.7  4.4 24  7.2                           
091732080713105476マルカブリスク　　　　　　　　　　　 15.5  3.3 -8.1 -2.1 -3.6 16  0.0                           
091732080813103153ギャツビー　　　　　　　　　　　　　 24.5  4.8-14.0 -1.8 -5.7 14 11.4                           
091732080914101616レンジャックマン　　　　　　　　　　  7.8  2.2  6.7  9.1  5.2 25  7.4                           
091732081013104780フォーラウェイ　　　　　　　　　　　  6.8  2.0  5.6 13.8  6.2 26 10.8                           
091732081114103524メイショウグロッケ　　　　　　　　　  7.2  2.0  5.4 16.8  7.0 27  6.9                           
091732081213101779ヤマニンシルフ　　　　　　　　　　　  9.5  2.5  6.1 11.1  5.6 26 13.3C                          
091732090112105431セイントバローズ　　　　　　　　　　 14.2  2.5 -3.5 10.0  1.7 22  0.0                           
091732090213102534ステファンバローズ　　　　　　　　　  3.6  1.3 14.8 10.5  8.6 29 16.8                           
091732090313106315メイショウカクオビ　　　　　　　　　 19.4  3.2 -3.3 -1.1 -1.5 18  0.0                           
091732090413105109トーアライジン　　　　　　　　　　　  7.0  1.7 11.8 14.1  8.6 29 15.3                           
091732090514106472コパノピエール　　　　　　　　　　　  5.1  1.4 12.5 25.8 12.3 32 18.6                           
091732090613100756キアロスクーロ　　　　　　　　　　　  1.9  1.2 19.8 19.7 13.2 33 17.4  4                        
091732090714101899エスプリゾーン　　　　　　　　　　　 39.1  5.8-10.9-14.7 -8.4 12  0.0                           
091732090814102134アサケハーツ　　　　　　　　　　　　 13.2  2.4 -1.0 -8.4 -2.9 17  5.1                           
091732100112103207ミトノゴールド　　　　　　　　　　　 37.6  7.1 -7.7 -6.6 -4.8 25  0.0  0                        
091732100213102825ワンダーサジェス　　　　　　　　　　  5.8  1.8 15.1 19.2 11.3 41 15.3                           
091732100312110050ネオアトラクション　　　　　　　　　 76.4 13.4-10.8-12.6 -7.7 22  0.0                           
091732100412100518ダイシンバルカン　　　　　　　　　　 51.8  9.5-11.7 -6.6 -6.3 24  0.0                           
091732100512103425リアルプロジェクト　　　　　　　　　 41.1  7.7 -7.7  6.0 -1.0 29  0.0                           
091732100611105932コロナボレアリス　　　　　　　　　　 44.4  8.3-10.9-11.2 -7.4 23  0.0                           
091732100713103738メイショウノボサン　　　　　　　　　  4.0  1.5 13.9 19.2 10.9 41 10.0                           
091732100812100592エイムハイ　　　　　　　　　　　　　 44.1  8.2 -3.0-10.3 -4.2 26  0.0                           
091732100912105677サンビショップ　　　　　　　　　　　 22.6  4.5-11.7  2.7 -3.5 27  0.0                           
091732101011104991タマモユウトウセイ　　　　　　　　　 12.8  2.9  9.1  6.3  5.2 35  6.3                           
091732101111103780モンドシャルナ　　　　　　　　　　　 61.7 11.0 -6.9 -7.9 -4.9 25  0.0                           
091732101213102849ベルクリア　　　　　　　　　　　　　  4.6  1.6  7.4 13.7  6.8 37 20.5                           
091732101313103671ヨシオ　　　　　　　　　　　　　　　 27.3  5.3 -4.5 11.7  1.9 32  0.0                           
091732101411103159メイショウボンロク　　　　　　　　　 59.3 10.5-10.9 -7.0 -6.1 24  0.0                           
091732101512104648ザイディックメア　　　　　　　　　　 50.1  9.2-10.9-16.2 -8.9 21  7.6                           
091732101613102815ワンダーリーデル　　　　　　　　　　  2.7  1.3 18.7 26.2 14.7 45 17.4                           
091732110112103980クィーンチャーム　　　　　　　　　　  6.3  1.6 11.0  7.3  6.2 41  0.0                           
091732110213110008リッチーリッチー　　　　　　　　　　  1.8  1.2 21.9 27.7 16.3 51 17.4  1  138   62              
091732110311104084レイズアスピリット　　　　　　　　　  4.5  1.4 14.5 11.0  8.6 44 19.0                           
091732110411105992ザトゥルーエアー　　　　　　　　　　 11.6  2.3  9.4  9.1  6.2 41  7.8                           
091732110509103405スズカルパン　　　　　　　　　　　　 11.5  2.3  7.6  1.7  3.3 38  5.1                           
091732110611110009セセリ　　　　　　　　　　　　　　　 26.0  4.2 -6.9  3.5 -1.5 34  0.0                           
091732110712101970ワトソンクリック　　　　　　　　　　 52.6  7.8 -9.7 -8.6 -6.1 29  0.0                           
091732110811104676シホウ　　　　　　　　　　　　　　　 13.7  2.6 -3.3 -1.7 -1.7 33 10.2                           
091732110912101173ウインスペクトル　　　　　　　　　　  8.4  2.0 11.6  9.0  7.0 42 17.5                           
091732120111101354ビタミンエース　　　　　　　　　　　 38.3  7.4-10.9-13.2 -8.0 12  0.0                           
091732120212104431カプリチオーソ　　　　　　　　　　　 66.3 12.0 -7.7-13.8 -7.0 13  0.0                           
091732120312102595ナニスンネン　　　　　　　　　　　　 32.2  6.3 -5.0-10.3 -4.9 15  0.0                           
091732120413100624ストリクス　　　　　　　　　　　　　  7.7  2.2 12.9 12.6  8.5 29 13.7                           
091732120514103547スマートダンディー　　　　　　　　　  8.5  2.4  3.3  7.7  3.5 24  0.0                           
091732120613102826ワンダースニュマン　　　　　　　　　 56.0 10.3-12.9  6.0 -2.9 17  0.0                           
091732120713105866チュウワメジャー　　　　　　　　　　 71.9 13.0-11.7-12.8 -8.1 12  0.0  0                        
091732120813103049キラパワー　　　　　　　　　　　　　 75.4 13.6-10.9-12.8 -7.8 12  0.0                           
091732120913101729タガノジーニアス　　　　　　　　　　  4.4  1.6 12.4  9.4  7.4 27 17.2                           
091732121014105931ハッシュタグ　　　　　　　　　　　　  7.5  2.2  9.3  6.6  5.4 25  0.0                           
091732121113103297メイショウヤクシマ　　　　　　　　　 13.9  3.2 -2.6 -3.9 -2.1 18 24.4                           
091732121213104461ファビラスヒーロー　　　　　　　　　  8.8  2.4 11.1 12.3  7.8 28  0.0                           
091732121313104020オースミマルス　　　　　　　　　　　 37.0  7.2-10.9-16.8 -9.0 11  0.0  0                        
091732121412103827ハトマークエース　　　　　　　　　　 34.4  6.7-10.9 -4.3 -5.3 15  0.0  5                        
091732121514102844メイショウテンセイ　　　　　　　　　 40.5  7.8 -8.6  1.1 -2.8 17  9.2                           
091732121613104585ケイマ　　　　　　　　　　　　　　　  2.7  1.4 14.8 18.6 11.0 31 17.4                           
