101812010115100622ヴィンセント　　　　　　　　　　　　 13.2  3.1 -4.7-20.0 -7.7 -3  0.0                           
101812010215109073ライブリテックス　　　　　　　　　　  4.7  1.6 11.1  4.7  5.5 10 16.3                           
101812010315103905インサイドアウト　　　　　　　　　　 33.4  6.6-10.0-11.8 -7.2 -2  0.0                           
101812010415105966タレンティドガイ　　　　　　　　　　 11.9  2.8 15.0 -6.3  3.6  9 18.8                           
101812010515101779ニシノオクタゴン　　　　　　　　　　 40.2  7.8  0.0-11.8 -3.5  1  0.0                           
101812010615109010ザミーフォーリア　　　　　　　　　　 52.6 10.0-10.0-11.8 -7.2 -2  0.0                           
101812010715103912ダイメイライガー　　　　　　　　　　131.8 23.5-10.0-11.8 -7.2 -2  0.0                           
101812010815104143ナンヨーブルジョン　　　　　　　　　 35.1  6.9-11.0 -3.9 -5.2  0  0.0  0                        
101812010915100217ウインネプチューン　　　　　　　　　  2.7  1.3 17.2  3.0  7.2 12 13.8                           
101812011015103568アイコンタクト　　　　　　　　　　　  4.5  1.6 13.0 -1.4  4.3  9 10.5  5                        
101812011115101217クリノバルテュス　　　　　　　　　　 57.8 10.7 -2.0-11.8 -4.3  1  0.0                           
101812011215100186キョウワスピネル　　　　　　　　　　  8.6  2.4 10.5  9.6  6.7 12  0.0                           
101812011315102481ベルウッドスワロー　　　　　　　　　 50.3  9.6-10.0 -1.8 -4.2  1  0.0                           
101812011415100140インフレーション　　　　　　　　　　 76.2 13.8-11.0-11.0 -7.3 -2  0.0                           
101812011515100871アドバンスアゲン　　　　　　　　　　 16.3  3.6 12.0 10.4  7.5 13  0.0                           
101812011615103987ペコボーイ　　　　　　　　　　　　　 23.2  4.8-10.0-11.8 -7.2 -2  0.0                           
101812020114100908タイセイスマッシュ　　　　　　　　　  5.0  1.9 15.0 12.0  9.1 29 16.3                           
101812020212102200トキワ　　　　　　　　　　　　　　　 16.1  4.2  0.9  6.6  2.3 22  0.0                           
101812020314102116ウインクルチェリー　　　　　　　　　  7.2  2.4 17.0  6.6  8.2 28  0.0                           
101812020413106287グローリア　　　　　　　　　　　　　 29.2  6.9-10.0-11.8 -7.2 13  0.0                           
101812020514103986サンドベージュ　　　　　　　　　　　 27.6  6.6-10.0 -6.5 -5.6 14  0.0                           
101812020614105123プティトシャンティ　　　　　　　　　 16.9  4.3 12.0 10.8  7.6 28  0.0                           
101812020714102329クリノレオノール　　　　　　　　　　 19.2  4.9  1.0 -2.9 -0.5 19  0.0                           
101812020814100172キョウワヒラリー　　　　　　　　　　  4.4  1.8 15.0 16.5 10.4 30 13.8                           
101812020914103596ウイナーズロード　　　　　　　　　　  4.8  1.9 16.2 14.2 10.2 30 15.0                           
101812021014101150フィネス　　　　　　　　　　　　　　 15.0  3.9 -2.0-10.9 -4.0 16  0.0  0                        
101812021113104593ハイデンガールズ　　　　　　　　　　 21.1  5.3 -2.0 -4.7 -2.1 18  0.0  0                        
101812021214104082アスカダイヤモンド　　　　　　　　　 32.0  7.5-10.0-11.8 -7.2 13  0.0                           
101812021314101753サノラブ　　　　　　　　　　　　　　 33.5  7.8-10.0-11.8 -7.2 13  0.0                           
101812021413105084ハトマークレディ　　　　　　　　　　  5.9  2.1 16.0  6.6  7.8 28 12.3                           
101812030115100670ドリームジャンボ　　　　　　　　　　 17.0  3.8  1.0  7.1  2.5  7 20.0                           
101812030215102047アレキサンダー　　　　　　　　　　　 58.8 10.9  6.6 -5.6  0.7  6  0.0                           
101812030315104134デルマブランデー　　　　　　　　　　 32.2  6.4-11.0 12.0 -0.4  5  0.0                           
101812030415100454キンショーブラック　　　　　　　　　 20.2  4.4-11.0 -5.0 -5.5 -1  0.0                           
101812030515103734エコロプリンセス　　　　　　　　　　 39.0  7.7-10.0-11.8 -7.2 -2  0.0                           
101812030615105135スターアイリス　　　　　　　　　　　 52.9 10.2-11.3-10.4 -7.3 -2  0.0                           
101812030715105898クッカ　　　　　　　　　　　　　　　 13.8  3.2 11.0 14.1  8.3 13 13.1  5                        
101812030815103904リーガルリリー　　　　　　　　　　　  7.1  2.1  6.6  3.0  3.3  8  0.0                           
101812030915100112ブルベアアスパラ　　　　　　　　　　 32.8  6.6-10.5-18.7 -9.5 -4  0.0  0                        
101812031015103509レディライク　　　　　　　　　　　　 39.3  7.7-10.0-11.8 -7.2 -2  0.0                           
101812031115109149ダイヤモンドベガ　　　　　　　　　　 36.8  7.3 -1.4  6.6  1.5  6  0.0                           
101812031215101783ニシノプログレス　　　　　　　　　　  2.7  1.4 22.7 40.0 20.3 25 13.8                           
101812031315100580ヤマニンディアリー　　　　　　　　　  5.9  1.9 17.2 10.7  9.5 15  0.0                           
101812031415100715ニュムパ　　　　　　　　　　　　　　 96.2 17.5-10.0-11.8 -7.2 -2  0.0                           
101812031515106136ケイココサージュ　　　　　　　　　　  4.7  1.7 12.0 16.5  9.4 14 15.0                           
101812031615105423ゴーオンザステージ　　　　　　　　　 23.8  4.9-11.0 -1.7 -4.5  0  0.0                           
101812031715103118モーニングヒカル　　　　　　　　　　 35.0  6.9-10.0-11.8 -7.2 -2  0.0                           
101812031815101806カシノレガーメ　　　　　　　　　　　 76.9 14.1-10.0 -1.8 -4.2  1  0.0                           
101812040115104849ヴィグール　　　　　　　　　　　　　  7.4  2.1 -3.0-11.0 -4.4  1 16.3                           
101812040215100725マイネルビーラヴド　　　　　　　　　 55.2 10.0-10.0-11.8 -7.2 -2  0.0                           
101812040315106219クリノゴーギャン　　　　　　　　　　 52.8  9.9-11.0 -7.9 -6.4 -1  0.0                           
101812040415101353キングスクロス　　　　　　　　　　　 15.4  3.4-11.0 -1.8 -4.6  0  0.0  5                        
101812040515105061ミーティアトレイル　　　　　　　　　 13.8  3.1  4.1  6.6  3.5  8  0.0                           
101812040615103138サンティーニ　　　　　　　　　　　　  2.5  1.3 20.0 16.5 12.3 17 13.8                           
101812040715105932アイネバーフェイル　　　　　　　　　  4.7  1.7  7.0 22.0  9.2 14 15.0                           
101812040815103578スズカワークシップ　　　　　　　　　 29.2  5.7  6.6 -9.0 -0.3  5  0.0                           
101812040915103291ファイアプルーフ　　　　　　　　　　 20.7  4.3-10.0 -1.8 -4.2  1  0.0                           
101812041015102639アルマトップエンド　　　　　　　　　 35.4  6.8 -1.4-10.4 -3.6  1  0.0                           
101812041115106468アストルム　　　　　　　　　　　　　  8.8  2.4  3.2 13.2  5.1 10  0.0                           
101812041215105008タイセイトレイル　　　　　　　　　　 28.0  5.5 -3.0-12.1 -4.7  0  0.0  0                        
101812041315109109プリンセスブーケ　　　　　　　　　　 73.8 13.2-11.0-20.0-10.0 -5  0.0                           
101812041415105473メイドインヘヴン　　　　　　　　　　  8.0  2.2 11.0 -3.9  2.9  8 12.3  0                        
101812041515100476ウインスラーヴァ　　　　　　　　　　 27.2  5.4  1.0  7.1  2.5  7  0.0  0                        
101812050115101633ムーンチャイム　　　　　　　　　　　 23.9  5.2-10.5-11.0 -7.2 -7  0.0                           
101812050215105083ブライトパス　　　　　　　　　　　　  3.1  1.4 15.0 22.2 12.2 12 13.8                           
101812050315102643ゲンパチマハロ　　　　　　　　　　　  8.4  2.5 17.0 -9.0  3.5  4 13.1                           
101812050415103397ブルベアセロリ　　　　　　　　　　　 35.9  7.5-11.0-11.0 -7.3 -7  0.0                           
101812050515104753クルークヴァール　　　　　　　　　　  4.7  1.7 16.0 12.1  9.5  9 15.0                           
101812050615102495ジョーラテ　　　　　　　　　　　　　 29.6  6.3-11.0 -8.9 -6.7 -7  0.0                           
101812050715105730シーホース　　　　　　　　　　　　　 18.5  4.3-10.0  2.0 -3.1 -3  0.0                           
101812050815101206オテンバランナー　　　　　　　　　　 32.2  6.8  8.0 -1.8  2.4  2  0.0                           
101812050915100772エイシンデネブ　　　　　　　　　　　  7.2  2.2  1.5-11.0 -2.8 -3  0.0                           
101812051015101431ナリタシェリー　　　　　　　　　　　 52.8 10.8-11.0 -0.4 -4.2 -4  0.0                           
101812051115101487キャンディソング　　　　　　　　　　 21.8  4.8-11.3  6.6 -2.2 -2  0.0                           
101812051215101397イエローマリンバ　　　　　　　　　　  4.9  1.7 10.2 30.0 12.7 13 16.3  1  116   67              
101812051315103458マイウェイトウト　　　　　　　　　　 52.8 10.8-11.3  1.2 -3.8 -4  0.0                           
101812051415103186シュヴァルレーヴ　　　　　　　　　　 39.0  8.1-11.0-14.8 -8.5 -8  0.0                           
101812051515105251バトルハヤバセ　　　　　　　　　　　 98.8 19.1-11.3-14.4 -8.5 -8  0.0  0                        
101812051615101033アリエッティ　　　　　　　　　　　　 51.6 10.5-11.0-20.0-10.0-10  0.0                           
101812051715100835ゼンノカムレイド　　　　　　　　　　 31.0  6.6 -1.4  6.6  1.5  1  0.0                           
101812060113105931デューズワイルズ　　　　　　　　　　 17.6  4.5 -1.4  6.6  1.5 21  0.0                           
101812060214105265マスターコード　　　　　　　　　　　 29.2  6.9-11.3-11.0 -7.4 13  0.0                           
101812060312101150フォースフィールド　　　　　　　　　 33.2  7.7-11.3-12.6 -7.9 12  0.0  0                        
101812060414103521ピエナアラシ　　　　　　　　　　　　  5.3  2.0 10.2 10.7  6.9 27  0.0                           
101812060513105476マルカブリスク　　　　　　　　　　　 14.2  3.7  4.0-11.0 -1.8 18  0.0                           
101812060613105912トロピカルストーム　　　　　　　　　  5.7  2.0 -1.0 11.0  2.9 23 16.3                           
101812060713102716マコトガラハッド　　　　　　　　　　 35.8  8.3-11.3 -4.7 -5.6 14  0.0                           
101812060813101946マイネルクラフト　　　　　　　　　　  6.8  2.3 13.0 -1.8  4.2 24 17.5                           
101812060914105362マーヴェルズ　　　　　　　　　　　　 25.0  6.0-11.0-11.0 -7.3 13  0.0                           
101812061013105976ピッツィカート　　　　　　　　　　　  3.9  1.7 13.5 23.7 12.1 32  9.6  3                        
101812061113106140シャインブライト　　　　　　　　　　 20.1  5.0 13.0 -2.9  3.9 24  0.0                           
101812061214102894パリンジェネシス　　　　　　　　　　 11.3  3.1  1.5-11.0 -2.8 17  0.0                           
101812061314105574ベストダンス　　　　　　　　　　　　 24.6  5.9-10.0-11.8 -7.2 13  0.0                           
101812061413100555ラッシュアワー　　　　　　　　　　　  8.7  2.8  6.0 10.4  5.3 25 18.8                           
101812061513105966ヌーヴェルダンス　　　　　　　　　　 89.4 19.1-10.0-11.8 -7.2 13  0.0                           
101812061613103085バンダムザブラッド　　　　　　　　　 55.7 12.2-10.0-11.8 -7.2 13  0.0                           
101812070114103590シルヴァーメテオ　　　　　　　　　　 27.7  5.1 -2.0 -1.8 -1.3 19  0.0                           
101812070214102187ヒトノワドリーム　　　　　　　　　　 49.0  8.5-10.0-11.8 -7.2 13  0.0                           
101812070314105759マサハヤスター　　　　　　　　　　　 29.4  5.4-11.0-11.0 -7.3 13  0.0                           
101812070414103586ハナノバード　　　　　　　　　　　　 55.8  9.4-11.0-20.0-10.0 10  0.0                           
101812070513101729タガノジーニアス　　　　　　　　　　  2.5  1.2 19.0 22.0 13.6 34 13.8                           
101812070613104800ヤマカツリーダー　　　　　　　　　　 22.4  4.3-11.0  1.0 -3.7 16  0.0                           
101812070712101499マッカナバラ　　　　　　　　　　　　 48.7  8.5-11.0-20.0-10.0 10  0.0                           
101812070814109047カフジグローリー　　　　　　　　　　 21.6  4.1  6.6 -6.7  0.4 20  0.0  0                        
101812070912103494メイショウナガマサ　　　　　　　　　 10.9  2.4  9.0 10.6  6.5 26  0.0  5                        
101812071014106261メイクミーハッピー　　　　　　　　　 62.1 10.4-11.3-11.0 -7.4 13  0.0                           
101812071114103402ライデンバローズ　　　　　　　　　　  4.6  1.5 12.9 14.9  9.2 29 11.4                           
101812071213100430クリノプラハ　　　　　　　　　　　　 29.6  5.4-11.3-13.7 -8.3 12  0.0                           
101812071314101079アイアンエフケイ　　　　　　　　　　 41.7  7.4 -4.4-20.0 -7.6 12  0.0                           
101812071414105356アドラメレク　　　　　　　　　　　　  3.7  1.4 17.0 15.2 10.8 31 15.0                           
101812071513102472ウエヲムイテアルコ　　　　　　　　　 19.9  3.9-10.0  7.0 -1.6 18 18.8                           
101812071614105031マーケットレイズン　　　　　　　　　 55.8  9.4-11.3-20.0-10.1 10  0.0                           
101812080112100734マイネルシュバリエ　　　　　　　　　 19.6  4.9-10.0 -1.8 -4.2 16  0.0                           
101812080212106281エヴァンジル　　　　　　　　　　　　110.1 23.5-10.0-11.8 -7.2 13  0.0                           
101812080313104167スリープレッピー　　　　　　　　　　 30.4  7.1-11.0 -3.4 -5.1 15  0.0                           
101812080414100116エスピリトゥオーゾ　　　　　　　　　 26.6  6.3 -2.7 20.7  5.2 25  0.0                           
101812080514105933シェアザモーメント　　　　　　　　　 10.6  3.0-11.0 11.4 -0.6 19  0.0                           
101812080614101649ウインベラシアス　　　　　　　　　　 30.7  7.2-11.0-18.1 -9.5 11  0.0  0                        
101812080714104328リリーモントルー　　　　　　　　　　  3.8  1.7 18.2 10.1  9.7 30 13.8                           
101812080814106079クリデュクール　　　　　　　　　　　  5.8  2.1 18.0-10.4  3.5 23  0.0                           
101812080914102361マサノホウオウ　　　　　　　　　　　 36.6  8.5-10.0-11.8 -7.2 13  0.0                           
101812081014101491ツーエムブルーム　　　　　　　　　　 61.3 13.4-11.3-11.0 -7.4 13  0.0                           
101812081113105521デルマオギン　　　　　　　　　　　　  7.2  2.4 12.0  2.3  5.1 25  0.0  4                        
101812081211105889インターンシップ　　　　　　　　　　 13.0  3.5 -4.7 -3.5 -2.8 17  0.0                           
101812081314103414ゴードン　　　　　　　　　　　　　　  5.9  2.1 13.6 22.4 11.7 32 16.3  3                        
101812081413105928レジェ　　　　　　　　　　　　　　　 26.9  6.4-10.0-11.8 -7.2 13  0.0                           
101812081513105352アグネスザルーツ　　　　　　　　　　 82.0 17.7-11.3-11.0 -7.4 13  0.0                           
101812081613101844ミトノグラス　　　　　　　　　　　　 33.7  7.8-11.3-11.0 -7.4 13 28.8                           
101812081711104725マイネルプレッジ　　　　　　　　　　  8.7  2.8 -1.0  0.1 -0.3 20 13.1                           
101812081813101965オンザロックス　　　　　　　　　　　 35.0  8.1-11.0-20.0-10.0 10  0.0                           
101812090111106466アリエスムーン　　　　　　　　　　　 32.4  5.4-11.0-11.0 -7.3 13  0.0                           
101812090213105905プリンシパルスター　　　　　　　　　 27.7  4.7-11.3-11.0 -7.4 13  0.0                           
101812090313102770ショウナンタイザン　　　　　　　　　  2.6  1.3 22.0 20.3 14.2 34 13.8                           
101812090413110131トーセンアルバータ　　　　　　　　　 46.8  7.6-10.0-11.8 -7.2 13  0.0                           
101812090514103134エイシンブリッツ　　　　　　　　　　 44.3  7.2-11.0 -7.9 -6.4 14  0.0                           
101812090613106192マカレア　　　　　　　　　　　　　　 17.8  3.3 -4.4-11.0 -4.9 15 14.0                           
101812090713105548シェヴェルニー　　　　　　　　　　　 80.9 12.3-10.0-11.8 -7.2 13  0.0                           
101812090812102277トウカイクローネ　　　　　　　　　　 17.7  3.3-11.0-20.0-10.0 10  0.0                           
101812090914103468クーペオブジェミニ　　　　　　　　　 51.8  8.3-11.0-11.0 -7.3 13  0.0                           
101812091013102278フェルクレール　　　　　　　　　　　 36.6  6.1 -2.0 -1.8 -1.3 19  0.0                           
101812091113101753ハルク　　　　　　　　　　　　　　　  8.5  2.1 13.2 13.2  8.8 29  0.0                           
101812091214106168リナーテ　　　　　　　　　　　　　　 14.2  2.8-11.0  8.8 -1.4 19 17.5                           
101812091314101392キャスパリーグ　　　　　　　　　　　  2.9  1.3 11.1 23.7 11.2 31 15.0                           
101812091414110035マイネルアムニス　　　　　　　　　　 20.7  3.8  0.0  7.1  2.1 22  0.0                           
101812091514103296カシノロマンス　　　　　　　　　　　 81.1 12.3-10.0-11.8 -7.2 13  0.0                           
101812091614101020クールファンタジー　　　　　　　　　 34.2  5.7 -5.5-11.0 -5.3 15  0.0                           
101812091712100777ラブローレル　　　　　　　　　　　　 25.9  4.5 -3.0-15.5 -5.8 14  0.0  0                        
101812091814103190セルリアン　　　　　　　　　　　　　 82.9 12.6-11.3-14.9 -8.6 11  0.0                           
101812100113100900ビービーブレスユー　　　　　　　　　 18.3  4.3-11.3 -9.0 -6.8 23  0.0                           
101812100212106040ミスズダンディー　　　　　　　　　　 36.3  7.7-11.0 -6.4 -6.0 24  0.0                           
101812100312104675レッドアルティスタ　　　　　　　　　 13.3  3.3-11.3  6.6 -2.2 28  0.0                           
101812100413103777ワンスインアライフ　　　　　　　　　  5.8  1.9  6.6 18.0  7.8 38 11.4                           
101812100512102942コスモバーダン　　　　　　　　　　　 87.9 17.3-10.0-11.8 -7.2 23  0.0                           
101812100611103905アドマイヤメテオ　　　　　　　　　　 23.4  5.2  6.0  4.4  3.5 34  0.0                           
101812100714103268ジャッキー　　　　　　　　　　　　　 52.6 10.9-10.0 -2.9 -4.5 25  0.0                           
101812100814100616ブライトムーン　　　　　　　　　　　  8.2  2.5-11.0  0.6 -3.9 26  0.0  0                        
101812100912105419スズカディープ　　　　　　　　　　　  4.2  1.7 11.8 24.4 11.6 42 15.0  2                        
101812101010106550メイショウオオゼキ　　　　　　　　　 30.4  6.6-11.3 -6.8 -6.2 24  0.0                           
101812101113100214クリノサンスーシ　　　　　　　　　　 64.8 12.9 -5.5-14.8 -6.5 24  0.0                           
101812101213101145トウカイシェーン　　　　　　　　　　 15.2  3.7  7.0-20.0 -3.4 27  0.0                           
101812101313100488ホットファイヤー　　　　　　　　　　 31.3  6.7-11.0  0.6 -3.9 26  0.0  0                        
101812101411101045スズカヴァンガード　　　　　　　　　 36.6  7.8-10.0 -1.8 -4.2 26  0.0                           
101812101514110001バリングラ　　　　　　　　　　　　　  3.5  1.5  9.0 27.2 11.5 41 13.8  3                        
101812101614101307モザイク　　　　　　　　　　　　　　 11.9  3.0  1.5 11.0  3.8 34 18.8                           
101812101712103796フォワードカフェ　　　　　　　　　　 34.5  7.4-10.0-11.8 -7.2 23  0.0                           
101812101810102884リッシンロケット　　　　　　　　　　177.2 34.1 -1.4-20.0 -6.5 23  0.0                           
101812110111102577ベストセラーアスク　　　　　　　　　 35.9  7.3-11.0 -7.4 -6.3 29  0.0                           
101812110213101798カルムパシオン　　　　　　　　　　　 60.6 11.6-11.0-11.4 -7.5 28  0.0                           
101812110313105892ドラゴンシュバリエ　　　　　　　　　 24.7  5.2 -3.0-11.0 -4.4 31  0.0                           
101812110412100889スルターナ　　　　　　　　　　　　　 22.5  4.8  4.0-11.0 -1.8 33  0.0                           
101812110514102730ヴォカツィオーネ　　　　　　　　　　 24.6  5.2 12.6  5.4  6.2 41  0.0                           
101812110614103298テルペリオン　　　　　　　　　　　　  2.7  1.4 14.7 22.0 12.0 47 13.8                           
101812110713103671ヨシオ　　　　　　　　　　　　　　　 20.9  4.6-11.0-15.9 -8.8 26  0.0  0                        
101812110813103232サンライズウィズ　　　　　　　　　　 13.2  3.1 -1.4  9.0  2.2 37 20.0  5                        
101812110913100636ショートストーリー　　　　　　　　　  5.6  1.8  8.6 11.0  6.5 41 11.4                           
101812111011106559ミキノグランプリ　　　　　　　　　　 41.2  8.3-11.0-16.5 -9.0 26  0.0  0                        
101812111111110093アースコネクター　　　　　　　　　　 72.0 13.7-10.0-11.8 -7.2 28  0.0                           
101812111213106218カラクプア　　　　　　　　　　　　　 10.6  2.7  4.8 22.4  8.5 43  0.0                           
101812111310104453メイスンウォー　　　　　　　　　　　103.0 19.2-10.0-11.8 -7.2 28  0.0                           
101812111414100464キーグラウンド　　　　　　　　　　　  5.2  1.8 15.0  8.4  8.0 43  0.0                           
101812111514102735アスターゴールド　　　　　　　　　　  7.1  2.2  1.0 23.0  7.3 42 17.5  2                        
101812111611105107クールオープニング　　　　　　　　　 35.5  7.2 -0.3 -6.4 -2.0 33  0.0                           
101812120114104344イヴノオモイデ　　　　　　　　　　　 36.2  6.5-11.0-11.0 -7.3 13  0.0                           
101812120213104464サトノアイリ　　　　　　　　　　　　 56.7  9.6-10.0-11.8 -7.2 13  0.0                           
101812120314101569アオアラシ　　　　　　　　　　　　　 23.2  4.4-11.0  6.6 -2.1 18  0.0                           
101812120414100100ベリーグレート　　　　　　　　　　　 84.7 14.0-10.0-11.8 -7.2 13  0.0                           
101812120513102827コリーナ　　　　　　　　　　　　　　 13.2  2.8-10.0-17.7 -9.0 11  0.0  0                        
101812120614103847ブラディーリッパー　　　　　　　　　 37.6  6.8  6.0-11.8 -1.3 19  0.0                           
101812120713105765ブレッシングテレサ　　　　　　　　　 39.5  7.1-11.3-11.0 -7.4 13  0.0                           
101812120813104452バトルグランドリイ　　　　　　　　　 22.4  4.3 -2.0-11.8 -4.3 16  0.0                           
101812120914100635キョウエイレガシー　　　　　　　　　 47.5  8.4-11.0-16.9 -9.1 11  0.0  0                        
101812121014102332スノードーナツ　　　　　　　　　　　 52.9  9.2-10.0-11.8 -7.2 13  0.0                           
101812121113105044ベストティアラ　　　　　　　　　　　 74.3 12.4-11.0-11.0 -7.3 13  0.0                           
101812121214102688ジャスティンラヴ　　　　　　　　　　 15.5  3.2 -3.0-13.8 -5.2 15 14.0  0                        
101812121314105317トワイライトライフ　　　　　　　　　 11.9  2.6 10.5 15.8  8.6 29  0.0                           
101812121414103015パッションチカ　　　　　　　　　　　 65.1 10.9-11.3-11.0 -7.4 13  0.0                           
101812121514105417フナウタ　　　　　　　　　　　　　　  2.5  1.3 22.0 16.5 13.0 33 13.8                           
101812121613106235スパイチャクラ　　　　　　　　　　　  3.9  1.5 16.5  9.6  8.9 29 15.0                           
101812121714101660ファンタジーボール　　　　　　　　　 35.0  6.3-10.0 -1.8 -4.2 16  0.0                           
101812121813100063ナムラエルサ　　　　　　　　　　　　  6.5  1.9  8.6 34.8 13.6 34 16.3                           
