051741010115102598トミケンムトル　　　　　　　　　　　 94.3 17.4-11.3-15.7 -9.1 -4  0.0  0                        
051741010215101047アーチャーズリング　　　　　　　　　 59.0 11.2-10.0-14.1 -8.2 -3  0.0  0                        
051741010315106347モッコスファイター　　　　　　　　　126.5 23.2-11.4-20.0-10.8 -6  0.0  0                        
051741010415102706ジョリプリュネル　　　　　　　　　　 66.6 12.5-10.0-14.9 -8.5 -3  0.0  0                        
051741010515100853クレマン　　　　　　　　　　　　　　 61.9 11.7 -9.1-18.9 -9.7 -5  0.0  0                        
051741010615101066ブルベアタカナ　　　　　　　　　　　 36.6  7.3-10.0 -1.2 -3.4  2  0.0  5                        
051741010715106416パスイ　　　　　　　　　　　　　　　 59.0 11.2 -6.7 -5.2 -3.9  1  0.0                           
051741010815103878パリモンマルトル　　　　　　　　　　 23.0  4.9-11.4-13.4 -8.3 -3  0.0  0                        
051741010915101776ニシノシコン　　　　　　　　　　　　 23.1  4.9  8.8  9.5  6.1 11  0.0                           
051741011015103647モリトカチグリ　　　　　　　　　　　136.7 25.0-11.4-20.0-10.8 -6  0.0  0                        
051741011115103569ラインマッシモ　　　　　　　　　　　  5.8  1.9 11.8  5.7  5.6 11  6.8                           
051741011215103858ジャベルアンドレ　　　　　　　　　　  5.9  1.9 10.4 16.6  9.2 14 17.5  4                        
051741011315103089ミコジェンヌ　　　　　　　　　　　　  3.1  1.4 12.5 21.1 11.5 16 18.1  2                        
051741011415102585カエデ　　　　　　　　　　　　　　　  4.1  1.5 20.0 23.8 14.7 20  5.8                           
051741011515105750トニーハピネス　　　　　　　　　　　 38.6  7.7 -7.1-20.0 -9.5 -4  0.0                           
051741011615103042イサチルルンルン　　　　　　　　　　  4.5  1.6 13.5 18.9 11.0 16 15.2                           
051741020115104844スカルダイヤモンド　　　　　　　　　  8.3  2.4 15.0  9.6  8.0 13  0.0                           
051741020215101513フレキシビリティー　　　　　　　　　 74.7 14.1-11.4-20.0-10.8 -6  0.0  0                        
051741020315105920サムライブルー　　　　　　　　　　　  4.1  1.5 13.5 13.6  9.0 14 11.6                           
051741020415101917エルノヴィオ　　　　　　　　　　　　 79.8 15.0-11.3-14.2 -8.6 -4  0.0                           
051741020515106397コスモロッソ　　　　　　　　　　　　118.6 22.0-11.4-12.2 -7.9 -3  0.0                           
051741020615105930サクラトップタイム　　　　　　　　　 50.5 10.0-11.4-14.8 -8.8 -4  0.0                           
051741020715102275タイセイゴーディー　　　　　　　　　 96.2 17.9-11.4-10.0 -7.1 -2  0.0                           
051741020815101083フロースヒルデ　　　　　　　　　　　 23.1  4.9 -0.2  5.7  2.0  7  0.0                           
051741020915104004アシャカデッシュ　　　　　　　　　　  4.2  1.5 17.8 21.4 13.2 18 21.4                           
051741021015103686ムルシェラゴ　　　　　　　　　　　　  3.1  1.4 15.6 20.4 12.2 17 18.1                           
051741021115102857ディナミーデン　　　　　　　　　　　  5.4  1.8  8.1 15.3  8.0 13  0.0                           
051741021215102123スズカアーチスト　　　　　　　　　　 80.1 15.0-10.0-12.7 -7.7 -3  0.0                           
051741021315100273ハクユウフラッシュ　　　　　　　　　 20.2  4.5 -9.1 -1.5 -3.3  2  0.0                           
051741021415101231モリトディライト　　　　　　　　　　 22.6  4.8  2.0  8.4  3.7  9  0.0                           
051741021515101190ゴールデンサラ　　　　　　　　　　　142.2 26.2-11.3-15.7 -9.1 -4  0.0  0                        
051741021615106257グラスコマチ　　　　　　　　　　　　 27.8  5.8 20.0  5.8  8.1 13 13.0A                          
051741030115100648ヒダルマ　　　　　　　　　　　　　　 14.2  2.6  9.9  8.2  6.0 11  0.0  5                        
051741030215100756マノン　　　　　　　　　　　　　　　 12.6  2.4  9.6  6.4  5.2 10  6.7                           
051741030315103468ファインドザウェイ　　　　　　　　　 37.8  5.7 -6.9-12.2 -6.5 -2  0.0                           
051741030415100844ジェイケイバスター　　　　　　　　　 14.3  2.6  3.6  8.5  4.2  9 10.9  5                        
051741030515100744マイネルファンロン　　　　　　　　　  2.4  1.2 20.6 23.6 14.8 20 18.1                           
051741030615103423ツォルニッヒ　　　　　　　　　　　　 21.6  3.5 20.0  9.3  9.4 14  0.0  5                        
051741030715101689ハッシュレート　　　　　　　　　　　 53.4  7.7-10.4 -2.9 -4.2  1  0.0  5                        
051741030815103891メヒティヒ　　　　　　　　　　　　　 31.6  4.8-10.0-13.2 -7.8 -3  0.0                           
051741030915102203ラッキーチョウサン　　　　　　　　　 17.7  3.1-10.0-12.9 -7.7 -3  8.2  0                        
051741031015104066ノーザンクリス　　　　　　　　　　　  2.7  1.3 17.3 25.4 14.5 20 19.8  2                        
051741031115106220ハヤブサカノン　　　　　　　　　　　 10.6  2.1 11.2 14.3  8.6 14  0.0                           
051741031215102587ウェルズレジェンド　　　　　　　　　 74.6 10.2-10.0 -4.0 -4.5  1  0.0                           
051741031315100157ロゼフェニックス　　　　　　　　　　 34.0  5.2-10.0 -8.1 -6.0 -1  0.0                           
051741040109104837ドリームパワー　　　　　　　　　　　 41.7  7.2-11.3-14.8 -8.8 -9  0.0                           
051741040214100405ミヤコギムレット　　　　　　　　　　 53.5  9.1-10.4-11.2 -7.2 -7  0.0                           
051741040314101272キングスーサ　　　　　　　　　　　　 51.0  8.7-12.5-10.1 -7.5 -7  0.0                           
051741040409105855ロンギングダンサー　　　　　　　　　  7.6  2.0  8.8 13.9  7.7  8 16.3                           
051741040513101508スカイステージ　　　　　　　　　　　 40.4  7.0 -4.4 -6.5 -3.7 -4  9.6                           
051741040612103950トーセンカナロア　　　　　　　　　　 22.4  4.2  6.2 12.0  6.3  6  0.0  5                        
051741040714101202ポイントオブエイム　　　　　　　　　 48.8  8.4-11.4  2.5 -2.5 -3  0.0                           
051741040812104230サトノギャラクシー　　　　　　　　　  6.3  1.8 11.1  5.7  5.4  5  6.3                           
051741040911105975エリーフェアリー　　　　　　　　　　  4.9  1.6 15.7  7.3  7.4  7  5.8                           
051741041013102112エルゼロ　　　　　　　　　　　　　　  2.1  1.2 20.0 19.2 13.0 13 18.1                           
051741041113105133ガルガンチュア　　　　　　　　　　　 28.8  5.2 10.4 -9.7 -0.4  0  0.0                           
051741041214109052ビップディオス　　　　　　　　　　　 14.4  3.0  6.0-15.7 -4.0 -4 10.9  0                        
051741041314100704コスモストレンジ　　　　　　　　　　 25.4  4.7-10.4-14.9 -8.6 -9  0.0  0                        
051741041413100747ニシノリュウセイ　　　　　　　　　　 12.0  2.6  3.0 15.4  6.5  7  0.0  3                        
051741050115103118モーニングヒカル　　　　　　　　　　 51.4  8.5 -7.1-20.0 -9.5 -9  0.0  0                        
051741050215102787サンタフェサン　　　　　　　　　　　 37.8  6.4-10.0  6.3 -0.7 -1  0.0                           
051741050315102698ハローダーリン　　　　　　　　　　　122.9 18.9-11.4-14.1 -8.6 -9  0.0  0                        
051741050415106400バロンエール　　　　　　　　　　　　 60.0  9.5-10.0-10.0 -6.7 -7  0.0                           
051741050515101177フロルセレジェイラ　　　　　　　　　  4.3  1.5 12.7 14.3  9.1  9 11.6                           
051741050615103034ショーマノキセキ　　　　　　　　　　 44.3  7.4-10.0-13.9 -8.1 -8  0.0                           
051741050715102564エリープラネット　　　　　　　　　　 43.6  7.3 -6.9-10.3 -5.8 -6  0.0                           
051741050815101744ジェイエルノブレス　　　　　　　　　 26.9  4.8  6.0  5.1  3.7  4  7.7  5                        
051741050915109043クリノモンロー　　　　　　　　　　　167.2 25.4-11.4-20.0-10.8-11  0.0                           
051741051015101116トーセンリラ　　　　　　　　　　　　 27.1  4.8  5.8 11.0  5.8  6  0.0                           
051741051115105852ワールドヘリテージ　　　　　　　　　  6.3  1.8 12.0 16.7  9.7 10 15.1                           
051741051215103861セレブレーション　　　　　　　　　　 28.9  5.1  6.0-11.9 -2.6 -3  0.0                           
051741051315100241シービジョンズ　　　　　　　　　　　147.7 22.6-10.0 -9.7 -6.6 -7  0.0                           
051741051415110061ラルムドランジュ　　　　　　　　　　  6.4  1.8 10.1 30.0 14.0 14  9.6                           
051741051515106264ロージズラヴ　　　　　　　　　　　　 91.9 14.3-10.0 -6.8 -5.5 -5  0.0  0                        
051741051615102413グッドジュエリー　　　　　　　　　　 20.9  3.9  2.7 12.2  5.3  5  0.0                           
051741051715103290サノノバクシン　　　　　　　　　　　 28.4  5.0-11.4 -8.2 -6.4 -6  0.0                           
051741051815104848キャンディケイン　　　　　　　　　　  2.1  1.2 19.4 25.4 15.1 15 18.1                           
051741060114103740トルマリ　　　　　　　　　　　　　　 28.6  6.2 -7.8-11.0 -6.4 14  0.0  0                        
051741060213101213ペルルクロシュ　　　　　　　　　　　 13.9  3.4 -6.7  1.3 -1.5 18  0.0                           
051741060313103416ビバラビダ　　　　　　　　　　　　　 21.6  4.8-10.0  8.3  0.0 20  0.0                           
051741060414105123プティトシャンティ　　　　　　　　　 19.0  4.4  2.2  2.2  1.5 21  0.0                           
051741060513100722ラッキーペニー　　　　　　　　　　　 59.0 11.8-11.4 -8.9 -6.7 13  0.0                           
051741060613105587プリマレジェンド　　　　　　　　　　 58.6 11.7-11.4-11.6 -7.7 12  0.0                           
051741060714103444ガチコ　　　　　　　　　　　　　　　 10.7  2.8 -3.5 12.5  3.5 24 14.5                           
051741060814105422ナリノメジャー　　　　　　　　　　　  8.7  2.6 11.0  1.6  3.9 24  0.0  0                        
051741060913103678ヤマイチジャスティ　　　　　　　　　 11.2  2.9  8.4  4.5  4.2 24 18.6C                          
051741061014105630ビーチマリカ　　　　　　　　　　　　  4.6  1.7 13.6 13.4  9.0 29  8.2                           
051741061114103995オリジナルデザイン　　　　　　　　　 43.3  9.0 -6.9-12.2 -6.5 13  0.0                           
051741061214106285ファステストネオ　　　　　　　　　　 32.8  7.0 -9.8-18.4 -9.7 10  0.0  0                        
051741061314106124スプリットステップ　　　　　　　　　  3.3  1.5 10.6 20.3 10.6 31 10.6  1  113   62              
051741061413103427エミノマユアク　　　　　　　　　　　 23.4  5.2  1.8-11.6 -3.7 16  9.7                           
051741061512105471スールキートス　　　　　　　　　　　  6.6  2.1 11.6 16.4  9.5 29  8.9                           
051741061612103399トミケンチャダル　　　　　　　　　　 37.7  8.0-10.0  6.2 -0.7 19  0.0                           
051741070113100946ミラクルウィング　　　　　　　　　　 33.4  6.1  1.8-13.9 -4.6 15  0.0                           
051741070214103191オールデン　　　　　　　　　　　　　  3.8  1.4 10.0 32.7 15.0 35  0.0  1  247   26              
051741070314109050ハッスルバッスル　　　　　　　　　　  2.7  1.2 17.2  5.6  7.2 27 18.1                           
051741070414106044パガットケーブ　　　　　　　　　　　  3.4  1.3 13.1 16.7 10.1 30 19.8                           
051741070514100740マイネルクラース　　　　　　　　　　  5.2  1.6 14.9 21.7 12.4 32 23.1  4                        
051741070614104262ファンヴィー　　　　　　　　　　　　 31.7  5.8-11.4-10.6 -7.3 13  0.0                           
051741070714104240フラッグアドミラル　　　　　　　　　 22.3  4.3 -2.5 -1.9 -1.4 19  0.0                           
051741070812105243アンジュリンブレス　　　　　　　　　 22.5  4.3  6.0  8.3  4.8 25  0.0                           
051741070913100528トーホウデサント　　　　　　　　　　 32.3  5.9-10.0 -9.3 -6.4 14  0.0                           
051741071013105835シフォンカール　　　　　　　　　　　 67.9 11.4  6.2 -9.5 -1.6 18  0.0                           
051741071114101279ゴールドスカル　　　　　　　　　　　 19.9  3.9 -2.2 -9.6 -4.2 16  0.0                           
051741080114105633シャドウウォリアー　　　　　　　　　  7.6  2.4  7.2 10.2  5.9 26  7.2  5                        
051741080213101026マコトグラディウス　　　　　　　　　 91.0 18.0-10.0 -9.7 -6.6 13  0.0                           
051741080312101289サンマルバロン　　　　　　　　　　　 29.3  6.4 20.0  6.7  8.5 28 13.0C                          
051741080412100961サンクタリリアス　　　　　　　　　　 31.8  6.9-10.0 -8.7 -6.2 14  0.0                           
051741080513105495デピュティプライム　　　　　　　　　  3.4  1.5 10.0 20.0 10.3 30  5.3                           
051741080614104248ホノカ　　　　　　　　　　　　　　　 17.0  4.1  8.8  8.9  5.9 26  0.0  5                        
051741080714102081カガヤクミナノユメ　　　　　　　　　  4.6  1.7  6.0 12.7  6.5 26 11.6  3                        
051741080812105076サンアルパイン　　　　　　　　　　　137.7 27.0-10.0-11.6 -7.3 13  0.0                           
051741080914100434リオファンク　　　　　　　　　　　　 63.3 12.7-11.4-12.2 -7.9 12  0.0                           
051741081012100085ファインダッシュ　　　　　　　　　　 17.7  4.2 -4.8 22.7  6.9 27  0.0                           
051741081114110076メダーリアフレイム　　　　　　　　　 36.1  7.7 -9.0-12.7 -7.4 13  0.0                           
051741081213104770カンタベリーマイン　　　　　　　　　124.3 24.4-10.0-13.9 -8.1 12  0.0                           
051741081313105556シトラスクーラー　　　　　　　　　　  6.0  2.0  6.0 20.5  9.3 29 16.3  3                        
051741081413105502コアコンピタンス　　　　　　　　　　 50.4 10.6 -9.1 -4.9 -4.5 15  0.0                           
051741081513109095ハシカミ　　　　　　　　　　　　　　 13.1  3.3  2.1 12.0  5.0 25 10.9  5                        
051741081614101545シーエーパイロット　　　　　　　　　  4.9  1.8  6.0 21.6  9.7 30  6.2  3                        
051741090113105373イーグルフェザー　　　　　　　　　　  3.5  1.6 13.4 11.3  8.2 38  7.5                           
051741090214103477サノサマー　　　　　　　　　　　　　 14.1  3.6-10.0 10.3  0.8 31 11.6                           
051741090311103797スワーヴカイザー　　　　　　　　　　 15.8  4.0 -6.0 -0.8 -2.1 28  8.7                           
051741090413103514ベバスカーン　　　　　　　　　　　　  8.8  2.7  9.4 17.5  9.2 39  0.0  4                        
051741090512103443ジェイケイライアン　　　　　　　　　  7.9  2.5  1.8 11.3  4.7 35 13.5                           
051741090609102128ロゼッタストーン　　　　　　　　　　 44.7 10.0-12.5-10.1 -7.5 23  0.0                           
051741090713106027シルバーポジー　　　　　　　　　　　  8.2  2.6 12.5 14.9  9.2 39  0.0                           
051741090811106338ブルーボサノヴァ　　　　　　　　　　 53.0 11.7-13.5-10.5 -7.9 22  0.0                           
051741090914105686シャムロック　　　　　　　　　　　　 23.4  5.5  0.4  5.9  2.3 32  0.0                           
051741091014110077ストロボスコープ　　　　　　　　　　  6.3  2.1 17.1 13.3 10.0 40 21.4B                          
051741091112103295ロマンホープ　　　　　　　　　　　　 62.9 13.4-13.5 -9.4 -7.5 23  0.0                           
051741091214104416バンパークロップ　　　　　　　　　　 29.3  6.8 -5.0 -5.0 -3.3 27  0.0                           
051741091311103079ダイチトゥルース　　　　　　　　　　 43.8  9.8-11.3 -9.5 -6.9 23  0.0                           
051741091414102153ブライトンロック　　　　　　　　　　  5.6  2.0 13.9 17.8 10.7 41  5.8                           
051741091511102102サクラルコール　　　　　　　　　　　 39.0  8.8-10.0 -7.6 -5.8 24  0.0                           
051741091613101414キチロクステージ　　　　　　　　　　 16.0  4.1 -3.7 -1.7 -1.7 28  0.0                           
051741100112110063シンボリタピット　　　　　　　　　　 25.4  4.9-10.0 -2.2 -3.8 26  0.0  0                        
051741100212104686ライトファンタジア　　　　　　　　　 17.0  3.6  3.6  0.7  1.3 31  0.0                           
051741100311104713マイネルフレスコ　　　　　　　　　　 27.1  5.2 -9.1-13.9 -7.8 22  0.0                           
051741100414101985チェスナットコート　　　　　　　　　  9.2  2.4 10.1 10.0  6.7 37  0.0                           
051741100510101767エリモジパング　　　　　　　　　　　 35.5  6.6-10.0-14.9 -8.5 22  0.0  0                        
051741100611102450サウンドメモリー　　　　　　　　　　  5.5  1.7 11.4 16.4  9.4 39 12.5C                          
051741100713101447ウインヴォラーレ　　　　　　　　　　  3.5  1.4 10.0 21.3 10.8 41 19.8                           
051741100813104816ネイチャーレット　　　　　　　　　　 11.0  2.5  6.7 21.8 10.0 40 10.3  2                        
051741100911101724クロニクルスカイ　　　　　　　　　　 68.9 11.9-10.0 -5.6 -5.1 25  0.0                           
051741101014105851ビービーガウディ　　　　　　　　　　 13.3  2.9 12.0  2.0  4.3 34  0.0  5                        
051741101114100522タガノアシュラ　　　　　　　　　　　 13.3  2.9 -2.1  1.0 -0.3 30  0.0                           
051741101214101769サーレンブラント　　　　　　　　　　  2.8  1.3 17.2 11.2  9.3 39 18.1                           
051741110115102491エングローサー　　　　　　　　　　　 30.3  6.0-11.6 -4.1 -5.0 45  0.0                           
051741110215102367ダノンプレミアム　　　　　　　　　　  4.1  1.6 16.5 18.6 11.8 62 10.0                           
051741110315104811シュバルツボンバー　　　　　　　　　 12.3  2.9  4.1 11.1  5.3 55  0.0                           
051741110415104205ボウルズ　　　　　　　　　　　　　　 39.3  7.6-11.6-10.1 -7.2 43 14.4                           
051741110515103654ハクサンフエロ　　　　　　　　　　　 33.5  6.6-10.0 -9.0 -6.3 44  0.0  0                        
051741110615100887ダブルシャープ　　　　　　　　　　　 15.8  3.5  9.5  9.0  6.2 56 16.4                           
051741110715106310スターリバー　　　　　　　　　　　　 69.5 12.6-10.0-11.6 -7.3 43  0.0                           
051741110815102492メルムサール　　　　　　　　　　　　 45.0  8.6-11.4-11.9 -7.8 42  0.0                           
051741110915106379コスモインザハート　　　　　　　　　 25.0  5.1 -4.8  5.4  0.5 51  8.8                           
051741111015103930バイオレントブロー　　　　　　　　　 25.3  5.1-11.6-10.2 -7.2 43  0.0                           
051741111115102316マイネルサイルーン　　　　　　　　　 91.4 16.4-13.5-18.4-10.8 39  0.0  0                        
051741111215103357メイショウドウドウ　　　　　　　　　 73.8 13.4-11.6-11.1 -7.6 42  0.0                           
051741111315102423カーボナード　　　　　　　　　　　　 11.2  2.7  9.4 -9.9 -0.8 49  0.0                           
051741111415100097テンクウ　　　　　　　　　　　　　　  8.5  2.4  6.9 20.4  9.6 60  0.0                           
051741111515100904ソイルトゥザソウル　　　　　　　　　 35.5  7.0 -7.7 -4.8 -4.1 46  0.0                           
051741111615105064ステルヴィオ　　　　　　　　　　　　  2.9  1.4 12.9 20.4 11.4 61 18.1                           
051741111715104854スワーヴエドワード　　　　　　　　　 25.3  5.2 -3.0  2.6  0.1 50  0.0                           
051741111815104347ルッジェーロ　　　　　　　　　　　　 12.1  2.8 -1.5 12.7  4.2 54  0.0                           
051741120114105784オンリートゥモロー　　　　　　　　　 17.7  3.9  1.8 -7.7 -2.3 18  0.0                           
051741120213101630クィーンビー　　　　　　　　　　　　 12.7  3.0  2.6 10.8  4.7 25  0.0                           
051741120313106017アフィニータ　　　　　　　　　　　　 34.9  6.9 -5.5  6.8  0.8 21  0.0                           
051741120414105988クインズゴールド　　　　　　　　　　 58.5 10.9-10.0  5.8 -0.9 19  0.0                           
051741120514105787ムーンザムーン　　　　　　　　　　　 11.2  2.7 11.3 17.1  9.7 30  6.7  1  146   46              
051741120614105551レッドボヌール　　　　　　　　　　　 35.9  7.1 -9.5  2.3 -2.0 18  0.0                           
051741120713105764アドヴェントス　　　　　　　　　　　  2.5  1.3 20.4 23.6 14.8 35 12.8                           
051741120814105553オンリゲットベター　　　　　　　　　122.4 22.1-11.4-12.9 -8.1 12  0.0                           
051741120914100718パフォーム　　　　　　　　　　　　　 36.0  7.1 -2.6-12.9 -5.5 14  0.0                           
051741121014105929サンティール　　　　　　　　　　　　  5.4  1.8 11.3  7.6  6.2 26 19.8                           
051741121114104251ラヴィソント　　　　　　　　　　　　 66.7 12.3-10.0 -5.6 -5.1 15  0.0                           
051741121214102743ベストティアーズ　　　　　　　　　　 13.7  3.2 20.0-11.1  1.9 22 18.7                           
051741121314100980サッチン　　　　　　　　　　　　　　 37.9  7.5 -8.2  5.7 -0.4 20  0.0                           
051741121412105350ガラドリエル　　　　　　　　　　　　 93.9 17.1-11.4 -9.7 -7.0 13  0.0                           
051741121514105456ジッパーレーン　　　　　　　　　　　 17.5  3.9  4.1  5.6  3.3 23  0.0                           
051741121612104633スマイルミーティア　　　　　　　　　 39.6  7.8-10.0-10.1 -6.7 13  0.0                           
051741121713105297ミネット　　　　　　　　　　　　　　  6.9  2.1  1.1 11.6  4.6 25  0.0                           
051741121814105371レローヴ　　　　　　　　　　　　　　 17.2  3.8  1.3  6.4  2.7 23  8.2                           
081741010115103696リンクスナナ　　　　　　　　　　　　 14.8  3.0  6.9 11.0  5.8 11 16.4                           
081741010215101693リネンゴール　　　　　　　　　　　　 42.3  7.2-10.9 -6.2 -5.9 -1  0.0                           
081741010315103807ハルキストン　　　　　　　　　　　　 17.2  3.4  3.9 16.4  6.3 11  0.0                           
081741010415100524タガノプレトリア　　　　　　　　　　  7.3  1.9 12.0  7.5  6.7 12 13.2                           
081741010515100198バイラ　　　　　　　　　　　　　　　  2.0  1.2 19.6 20.4 13.3 18 15.4                           
081741010615105144アスターソード　　　　　　　　　　　  5.1  1.6 13.9 18.4 10.6 16 19.0                           
081741010715102848クールウイン　　　　　　　　　　　　 69.8 11.1-11.7-12.1 -7.9 -3  0.0  0                        
081741010815100909スズカヒューズ　　　　　　　　　　　 91.7 14.4-10.9-13.4 -8.0 -3  0.0                           
081741010915103430カクリョウ　　　　　　　　　　　　　 16.8  3.3 -3.1  2.3 -0.4  5  0.0                           
081741011015109158ミネコガンバロウネ　　　　　　　　　 69.8 11.1 -9.7-10.3 -6.6 -2  0.0                           
081741011115102797メイショウアキツ　　　　　　　　　　 34.1  5.9-10.9 -6.2 -5.9 -1  0.0                           
081741011215103015ビッグボス　　　　　　　　　　　　　 23.9  4.3 -2.1 -4.8 -2.2  3  0.0                           
081741011315102576テイエムチャメワン　　　　　　　　　 44.2  7.5 -3.7-11.9 -4.9  0  0.0                           
081741011415101829ラブリーイレブン　　　　　　　　　　  5.7  1.7 13.1 20.6 11.0 16 10.8                           
081741020115100571ヤマニンヌヌース　　　　　　　　　　 14.2  2.7  3.4  6.6  3.2  8  9.6                           
081741020215106404クリノクリストフ　　　　　　　　　　 33.0  5.4-10.9-11.8 -7.5 -3  0.0                           
081741020315105269アップファーレン　　　　　　　　　　  4.2  1.4 17.3 19.4 12.2 17 19.0  4                        
081741020415105093レッドランディーニ　　　　　　　　　  8.5  2.0 10.9 12.0  7.6 13 12.5                           
081741020515103139ナムラルビー　　　　　　　　　　　　 26.4  4.5 -3.8 -1.8 -1.9  3  0.0                           
081741020615104842スターリーステージ　　　　　　　　　  2.0  1.2 19.9 23.1 14.2 19 15.4                           
081741020715104415シャンデリアスピン　　　　　　　　　  6.4  1.7  4.3 17.6  6.9 12  4.8                           
081741020815106056ウスベニノキミ　　　　　　　　　　　  5.5  1.6  8.3 11.2  6.4 11 14.2                           
081741020915105804エウプロシュネ　　　　　　　　　　　 29.9  5.0-11.7-18.0 -9.7 -5  0.0  0                        
081741030115104947メサルティム　　　　　　　　　　　　  4.7  1.5 15.4 13.3  9.6 15 18.2                           
081741030215104713アドマイヤアルバ　　　　　　　　　　  1.4  1.2 19.6 22.3 13.9 19 17.4                           
081741030315102915ワイルドフィクサー　　　　　　　　　 19.0  4.9  1.9-10.3 -2.4  3  9.0                           
081741030415103053カフジバンガード　　　　　　　　　　  4.1  1.4 15.9 12.3  9.5 15 17.2                           
081741030515100482ソッフィダモーレ　　　　　　　　　　 37.9  9.3 -9.7-10.3 -6.6 -2  0.0                           
081741030615103289スズカゼフィール　　　　　　　　　　 14.8  3.9 -3.1 11.3  2.3  7  0.0                           
081741040115103887シシマル　　　　　　　　　　　　　　 48.9  6.9-10.9-10.4 -7.1 -7  0.0                           
081741040215101606ヘイデイ　　　　　　　　　　　　　　 11.1  2.1 10.6 14.7  8.3  8  6.4                           
081741040315103522サンリットデュー　　　　　　　　　　 11.8  2.2  6.6 12.0  6.0  6  9.6                           
081741040415105400ヴィアプライド　　　　　　　　　　　 17.4  2.9 -7.7  9.2 -0.1  0  0.0                           
081741040515102252ブルベアヤマイモ　　　　　　　　　　 39.2  5.7-11.6-15.1 -8.8 -9  0.0                           
081741040615101046ホウショウナウ　　　　　　　　　　　  2.6  1.2 18.9 23.6 14.0 14 19.0                           
081741040715102013クリノカサット　　　　　　　　　　　 18.1  3.0  1.9  9.1  3.4  3  0.0                           
081741040815104028ブランズハッチ　　　　　　　　　　　 51.2  7.2-10.9 -4.6 -5.4 -5  0.0                           
081741040915103587メイショウタフマン　　　　　　　　　 37.1  5.4-11.7-13.1 -8.2 -8  0.0                           
081741041015100045ハンサムウーマン　　　　　　　　　　 22.3  3.5  2.8-10.3 -2.1 -2 10.2                           
081741041115103399ドンナビアンカ　　　　　　　　　　　 42.7  6.1-10.9 -5.1 -5.5 -6  0.0                           
081741041215103922ルクスムンディー　　　　　　　　　　  2.3  1.2 18.2 17.3 11.9 12 17.4                           
081741041315100944ローザヴァレンティ　　　　　　　　　 23.5  3.7 -6.9 -7.1 -4.7 -5  8.8                           
081741041415101851クリノペーテルス　　　　　　　　　　 34.1  5.0-12.9  4.8 -3.3 -3  8.0                           
081741050115109149ダイヤモンドベガ　　　　　　　　　　 22.5  4.1 -7.1  0.2 -2.5 -3  0.0                           
081741050215110071パールウェディング　　　　　　　　　 27.6  4.9 -8.6 -6.1 -5.0 -5  0.0                           
081741050315103536テルプシコレ　　　　　　　　　　　　 39.1  6.7-11.7  5.3 -2.7 -3  0.0                           
081741050415103408ガウル　　　　　　　　　　　　　　　  5.1  1.6 11.7 13.3  8.3  8 18.6  4                        
081741050515105473メイドインヘヴン　　　　　　　　　　 21.1  4.0 -3.5-11.7 -4.8 -5  0.0                           
081741050615103926ワイルドアクター　　　　　　　　　　 35.3  6.1-10.9-10.3 -7.1 -7  0.0                           
081741050715110054プリンセステソーロ　　　　　　　　　  2.2  1.2 20.9 40.0 19.7 20 17.4                           
081741050815101174ロードアクシス　　　　　　　　　　　 18.2  3.5  2.3 -8.5 -1.7 -2  0.0                           
081741050915100514タガノカレン　　　　　　　　　　　　  4.3  1.5 12.4 17.5  9.8 10 11.8                           
081741051015102347ハンズヘイロー　　　　　　　　　　　 42.3  7.2-11.6-15.1 -8.8 -9  0.0                           
081741051115103351サウンドシップ　　　　　　　　　　　  8.9  2.2 11.3 15.2  8.7  9 20.1                           
081741051215103354メイショウメイホウ　　　　　　　　　 11.3  2.4 11.9 -6.7  2.4  2  6.3                           
081741060112103211ドラゴンマジック　　　　　　　　　　 18.9  3.8-10.9  6.5 -2.0 18  9.3                           
081741060212103076シップーコウライ　　　　　　　　　　  2.8  1.3 19.6 21.5 13.6 34 15.4                           
081741060314102694ダノンケンリュウ　　　　　　　　　　 16.6  3.4 -0.5 -7.9 -2.6 17  0.0                           
081741060413101126ウインランブル　　　　　　　　　　　 29.9  5.6  0.2-11.7 -3.4 17  0.0                           
081741060513104334ウォーターシャウト　　　　　　　　　 20.0  4.0 -5.7  7.9  0.3 20  0.0                           
081741060614106225ウィズワンアセント　　　　　　　　　  3.4  1.4 15.6 12.0  9.3 29 19.0                           
081741060714103215サザンブリーズ　　　　　　　　　　　  5.2  1.6 16.9 13.8 10.3 30 12.3                           
081741060814105791ジョンドゥ　　　　　　　　　　　　　 17.3  3.6  0.6  5.5  1.9 22  0.0                           
081741060913103668ブリーズスズカ　　　　　　　　　　　  7.4  2.1  4.9 11.3  5.2 25  4.8                           
081741061014101827クリノライメイ　　　　　　　　　　　 15.8  3.3  8.3-11.1 -0.3 20  9.0                           
081741061114105638クレスコブレイブ　　　　　　　　　　 16.7  3.5 -2.9 15.3  3.5 24  8.3  3                        
081741070114102998メイショウセトギリ　　　　　　　　　130.9 19.2-10.9-12.9 -7.9 12  0.0                           
081741070214102249ララベスラーナ　　　　　　　　　　　  4.5  1.5 21.8 17.4 13.2 33 19.0                           
081741070314100549ヤマニンベリンダ　　　　　　　　　　 31.3  5.2 -7.8  8.5 -0.3 20  0.0                           
081741070414103013ミキノタマテバコ　　　　　　　　　　 65.5  9.9-11.7-15.1 -8.8 11  0.0                           
081741070514103187フェリシアルチア　　　　　　　　　　 24.7  4.3 -6.6-10.5 -5.6 14  8.8                           
081741070614105031マーケットレイズン　　　　　　　　　 65.5  9.9-10.9 -4.6 -5.4 15  0.0                           
081741070713105551デアリングエッジ　　　　　　　　　　 19.5  3.6 -0.6 -0.3 -0.3 20  0.0                           
081741070813102826ワンダースニュマン　　　　　　　　　 25.1  4.3  4.8  0.0  1.8 22 11.4                           
081741070913105210テイケイレーヴ　　　　　　　　　　　 96.1 14.3-10.9-11.1 -7.3 13  0.0                           
081741071014102198スプリングタイム　　　　　　　　　　 18.4  3.4 -0.2 -2.4 -0.8 19  7.8                           
081741071112103752イチザラブ　　　　　　　　　　　　　154.9 22.6-10.9 -9.6 -6.9 13  0.0                           
081741071213106298ミッキーグッドネス　　　　　　　　　  2.0  1.2 18.6  6.6  8.8 29 17.4                           
081741071312100623ガロファノ　　　　　　　　　　　　　 17.7  3.3 -6.6 -8.0 -4.8 15  0.0                           
081741071414105833クルークハイト　　　　　　　　　　　  7.0  1.8  4.0  4.6  2.8 23 14.4                           
081741071512105304ピアレスピンク　　　　　　　　　　　 39.4  6.4 -9.2 -1.3 -3.8 16  0.0                           
081741071614103001メイショウサチシオ　　　　　　　　　  8.4  2.1  9.8 29.0 12.3 32  0.0                           
081741080114101649ウインベラシアス　　　　　　　　　　 47.2  8.7-10.9-11.9 -7.6 12  0.0                           
081741080214102771カンガルールブタン　　　　　　　　　 45.6  8.4 -3.7 -0.4 -1.5 19  0.0                           
081741080314105772ミッキーロイヤル　　　　　　　　　　 24.0  4.7  6.4 10.0  5.3 25  0.0                           
081741080412110007ロードクロムウェル　　　　　　　　　 17.2  3.6-10.9 -6.6 -6.0 14  9.6                           
081741080514105125エーティーラッセン　　　　　　　　　  4.9  1.6 16.4 18.0 11.4 31 14.2                           
081741080614103569メイショウサワカゼ　　　　　　　　　 71.6 12.5-11.7-11.6 -7.8 12  0.0                           
081741080713105476マルカブリスク　　　　　　　　　　　 35.6  6.7 -9.4-11.1 -6.8 13  0.0                           
081741080813104776リングオブハピネス　　　　　　　　　 38.9  7.3-10.9 -8.5 -6.5 13  0.0                           
081741080913105355アグネスリバティ　　　　　　　　　　  7.8  2.2  9.3 14.4  7.7 28 20.1  3                        
081741081014106447アドマイヤジョラス　　　　　　　　　  8.0  2.2  6.2 24.5  9.6 30  7.4                           
081741081114110116ギエナー　　　　　　　　　　　　　　  4.4  1.5 16.6  6.0  7.9 28 11.8                           
081741081213103613メイショウタチマチ　　　　　　　　　  2.5  1.3 17.8 19.6 12.4 32 13.8                           
081741081313101910マイネルサグラ　　　　　　　　　　　116.3 20.0-10.9-11.7 -7.5 12  0.0                           
081741081414100595ミスディレクション　　　　　　　　　 20.7  4.2 -3.1-13.4 -5.2 15  0.0                           
081741081514106149マコトステッラミラ　　　　　　　　　104.7 18.0-11.7-16.2 -9.1 11  0.0                           
081741090111106065メイショウブーケ　　　　　　　　　　 50.9 10.7 -7.0  8.4  0.0 30 14.4                           
081741090214105850エルデュクラージュ　　　　　　　　　  5.3  1.9  5.1 19.9  7.8 38  0.0                           
081741090313110071カバトット　　　　　　　　　　　　　 38.2  8.2-10.9 -2.0 -4.6 25  0.0                           
081741090410105786アドマイヤツヨシ　　　　　　　　　　 33.8  7.3-10.9 -2.1 -4.6 25  0.0                           
081741090511103537アガスティア　　　　　　　　　　　　 13.3  3.3 -5.9  3.1 -1.2 29  0.0                           
081741090612100413エンクエントロス　　　　　　　　　　 37.4  8.0 -9.7 -9.1 -6.3 24  7.6                           
081741090713101798カルムパシオン　　　　　　　　　　　  3.1  1.5 11.4 12.9  8.1 38  5.4 1                         
081741090811100643テイエムコンドル　　　　　　　　　　 22.5  5.1  5.8 -0.6  1.9 32 10.8                           
081741090912105696ウェーブキング　　　　　　　　　　　 29.1  6.4-11.7-10.9 -7.6 22  0.0                           
081741091014106091ダンサクドゥーロ　　　　　　　　　　  6.3  2.1  4.6 13.8  5.8 36 13.7                           
081741091114103635ウォーターマーズ　　　　　　　　　　 14.5  3.6  8.6  6.7  5.2 35 10.2                           
081741091214100508アルムチャレンジ　　　　　　　　　　 24.0  5.4 -6.5  7.1 -0.3 30  0.0                           
081741091313106446ワンダーピルエット　　　　　　　　　  6.5  2.1 15.9 13.4  9.9 40 11.4                           
081741091413104825サハラファイター　　　　　　　　　　  6.0  2.0 12.5 18.5 10.1 40 12.7C                          
081741100112104172オメガタックスマン　　　　　　　　　 21.9  4.2 -0.5 11.8  3.4 33  0.0                           
081741100213100756キアロスクーロ　　　　　　　　　　　  8.5  2.2  2.5-11.7 -2.6 27 13.7                           
081741100314103399メイショウベルボン　　　　　　　　　 58.0  9.8 -4.5-15.6 -6.3 24 13.8                           
081741100413105397テラノヴァ　　　　　　　　　　　　　  2.2  1.2 15.1 13.3  9.5 40 17.4 1                         
081741100511105849ナムラアッパー　　　　　　　　　　　 86.4 14.3-10.9-11.9 -7.6 22  0.0                           
081741100612105587リリーヴィクトリー　　　　　　　　　 61.5 10.4-10.9-10.5 -7.1 23  0.0                           
081741100714100253ペスカネラ　　　　　　　　　　　　　 15.3  3.2 -3.0  9.2  1.7 32  5.5                           
081741100812100358グレイスミノル　　　　　　　　　　　 22.6  4.3-11.7-11.6 -7.8 22  0.0                           
081741100914106011アズールムーン　　　　　　　　　　　 31.1  5.7 -9.7 -8.6 -6.1 24  0.0                           
081741101013103082サフランハート　　　　　　　　　　　  6.2  1.8  1.5  0.6  0.7 31  4.5                           
081741101114100814マイネルパラディ　　　　　　　　　　 13.4  2.9  5.8  9.5  5.0 35  6.3                           
081741101214103389イノバティブ　　　　　　　　　　　　 41.1  7.4  5.8 -8.6 -0.5 30  0.0                           
081741101312101533シンダーズ　　　　　　　　　　　　　 18.3  3.7 -1.9  6.7  1.3 31 10.2                           
081741101413105480サプルマインド　　　　　　　　　　　  4.8  1.6 11.8 16.9  9.4 39 11.8                           
081741101512104509アドマイヤスカイ　　　　　　　　　　 46.2  8.2-10.9-12.3 -7.7 22  0.0                           
081741110113110089ストロングバローズ　　　　　　　　　  4.2  1.6 14.5 24.7 12.7 48  4.1  2                        
081741110211102545スリーアロー　　　　　　　　　　　　 38.6  7.6-10.9-15.6 -8.7 26  0.0                           
081741110309106246マルケサス　　　　　　　　　　　　　 28.0  5.7 -9.4 10.1 -0.4 35  0.0                           
081741110412100494タガノヴェリテ　　　　　　　　　　　 28.4  5.7 -7.0 -2.9 -3.4 32 12.6                           
081741110512105360ヴァローア　　　　　　　　　　　　　 17.8  3.9 -1.6 -8.5 -3.1 32 14.6                           
081741110613105498スウィフトレイド　　　　　　　　　　 12.6  3.0  5.8 11.4  5.5 41  4.8  5                        
081741110714104092テンザワールド　　　　　　　　　　　  4.7  1.6  5.4 20.8  8.2 43  6.4                           
081741110812104504マイネルオフィール　　　　　　　　　 41.7  8.1 -4.9 -6.7 -3.8 31  0.0  0                        
081741110913106317エポック　　　　　　　　　　　　　　 22.6  4.7-10.9-11.0 -7.3 28  0.0                           
081741111012104104レッドサバス　　　　　　　　　　　　 14.0  3.2 12.1 10.3  7.5 43 16.3  5                        
081741111113100904クリノリトミシュル　　　　　　　　　  2.8  1.3 21.0 19.4 13.5 49 17.4                           
081741111213103671ヨシオ　　　　　　　　　　　　　　　 28.1  5.7 -5.3 -2.0 -2.5 32  0.0                           
081741111312100877ラインルーフ　　　　　　　　　　　　 39.8  7.8 -7.8 -5.0 -4.4 31 11.8                           
081741111411104825ペイシャゴンジセ　　　　　　　　　　 56.7 10.5 -9.7-10.3 -6.6 28  0.0                           
081741111512104706サージェントバッジ　　　　　　　　　 18.7  4.1  4.1  1.1  1.8 37  0.0                           
081741111612100591コンセギール　　　　　　　　　　　　 31.6  6.3 -7.7-13.2 -6.8 28  0.0                           
081741120112101643イサチルホープ　　　　　　　　　　　  3.4  1.5 17.0 23.5 13.3 33 10.8                           
081741120213103959ラスカルグレイ　　　　　　　　　　　 50.5 10.7 -9.7-10.3 -6.6 13  0.0                           
081741120312105406スズカファイン　　　　　　　　　　　 20.7  4.9 -5.3  6.1 -0.1 20  0.0                           
081741120413103614チェイスダウン　　　　　　　　　　　  4.8  1.8  7.7  9.7  5.7 26 13.1                           
081741120513105629スーパーライナー　　　　　　　　　　 24.2  5.5 -3.9 -2.1 -2.1 18  6.9                           
081741120612106437ワンダーグロワール　　　　　　　　　 44.6  9.5-11.7 -8.5 -6.8 13  0.0                           
081741120713100354ショウナンカイドウ　　　　　　　　　 14.7  3.6  7.7 -3.6  1.7 22  0.0                           
081741120812105607タキオンレディー　　　　　　　　　　 16.6  4.0 -0.5  9.6  2.7 23  8.8                           
081741120914100066ツーエムアーマー　　　　　　　　　　 94.6 19.0-11.7-13.8 -8.4 12  0.0                           
081741121013104977ドンボラーレ　　　　　　　　　　　　 13.6  3.4 -2.7 12.9  2.9 23  9.6                           
081741121114101667ナムラムート　　　　　　　　　　　　  7.0  2.2  5.1  9.3  4.7 25  0.0                           
081741121214101147ミヤジマミー　　　　　　　　　　　　 11.4  3.0  0.0  4.9  1.5 21  7.3                           
081741121313102680クリノセゴビア　　　　　　　　　　　 39.9  8.6-14.0-12.5 -8.9 11 13.8                           
081741121414105805バルコラベーロ　　　　　　　　　　　  5.6  1.9 14.9 19.5 11.3 31 16.3                           
081741121514100470ミルトプリンス　　　　　　　　　　　 35.0  7.6-10.9-14.5 -8.3 12  0.0                           
081741121613103699タイキラメール　　　　　　　　　　　 29.9  6.6-10.9-11.7 -7.5 12  0.0                           
