041731010114104628ブルベアリンクス　　　　　　　　　　 19.4  4.1  0.6  0.6  0.4  0  9.7                           
041731010210103574クリスフォンテン　　　　　　　　　　 41.2  7.8 -5.0  6.0  0.7  1  0.0                           
041731010314104657ショウナンアリスト　　　　　　　　　  2.6  1.3 13.5 35.8 17.2 17 13.0  1  322   36              
041731010412104730デュアルメジャー　　　　　　　　　　  4.5  1.5 16.7 15.7 10.8 11  7.5                           
041731010512104087ワールドリースター　　　　　　　　　  6.0  1.8 12.9  5.9  6.0  6  0.0                           
041731010614101821フクノディナール　　　　　　　　　　 73.1 12.9-11.3 -9.0 -6.7 -7  0.0                           
041731010714104337ティナカヌメ　　　　　　　　　　　　 19.8  4.1 -2.7  6.3  1.5  2  0.0                           
041731010813101398カタヨクノテンシ　　　　　　　　　　  4.4  1.5  8.7  9.8  6.2  6  7.3                           
041731010914104540テイエムセイント　　　　　　　　　　 58.4 10.5-10.0-10.0 -6.7 -7  0.0                           
041731011014102804トーアバカラ　　　　　　　　　　　　 52.1  9.7-10.8-10.8 -7.2 -7  0.0                           
041731011114100396タカラキングダム　　　　　　　　　　 49.6  9.2-11.3-15.1 -8.9 -9  0.0                           
041731011213100819アウアウ　　　　　　　　　　　　　　 13.3  3.0  6.0 -2.0  1.1  1  8.6                           
041731011313106221ナイスワン　　　　　　　　　　　　　 33.1  6.4-10.8-10.8 -7.2 -7  0.0                           
041731011413103094マーズアタック　　　　　　　　　　　 22.6  4.6  5.0 -9.0 -1.8 -2  0.0                           
041731020115103766クリノヒビキ　　　　　　　　　　　　 20.4  3.5 -7.0 -1.4 -2.6  2  0.0                           
041731020215102620ベルクカッツェ　　　　　　　　　　　 11.0  2.2  6.0  7.1  4.4  9  0.0                           
041731020315104000ニコラオス　　　　　　　　　　　　　 20.1  3.5     -18.3 -6.7 -2  0.0  0                        
041731020415100732コスモグラトナス　　　　　　　　　　 10.6  2.1 10.0 14.8  8.4 13  8.1  3                        
041731020515100020マイネルサリューエ　　　　　　　　　  2.0  1.2 19.4 35.8 18.9 24 13.0  1  322   36              
041731020615103870オルレアンノムスコ　　　　　　　　　 37.3  5.8-10.0-20.0-10.3 -5  0.0                           
041731020715100334ロンサムジョージ　　　　　　　　　　 26.4  4.3-10.0-11.2 -7.1 -2  0.0                           
041731020815102742ザリーティー　　　　　　　　　　　　  5.6  1.5 12.3 11.8  8.0 13  7.9                           
041731020915106260ロージズキング　　　　　　　　　　　  3.9  1.4 20.0 13.4 10.9 16 14.2                           
041731021015103482コンヴィーヴォ　　　　　　　　　　　 20.6  3.5 -5.0 -5.0 -3.3  2  0.0                           
041731030114100172キョウワヒラリー　　　　　　　　　　 13.8  3.1  0.6  0.6  0.4 20  0.0                           
041731030211101936スリーチアサウス　　　　　　　　　　 55.2 10.0-10.8-10.8 -7.2 13  0.0                           
041731030313100398ラピッドライズ　　　　　　　　　　　 34.0  6.6  2.5-11.3 -3.4 17 11.5                           
041731030414103058エイシンムー　　　　　　　　　　　　 24.2  4.9  6.7 -3.5  0.7 21  0.0                           
041731030513105841トップライセンス　　　　　　　　　　  4.7  1.6  1.3  7.4  3.1 23 14.2                           
041731030614103150ウイングフリオーソ　　　　　　　　　 87.4 15.4-10.8-10.8 -7.2 13  0.0                           
041731030713102794ペイシャスナッチ　　　　　　　　　　 44.2  8.3-11.3-10.0 -7.1 13  0.0                           
041731030814105309サイモンミラベル　　　　　　　　　　 24.2  4.9  3.5  2.6  2.0 22  0.0                           
041731030913104168ミスユー　　　　　　　　　　　　　　 88.3 15.6-10.0-15.1 -8.5 11  0.0                           
041731031013102098テンプルツリー　　　　　　　　　　　  7.5  2.1  9.3 11.2  6.9 27  8.5                           
041731031112104746ボクノナオミ　　　　　　　　　　　　 11.1  2.6  9.3  6.0  5.0 25  0.0                           
041731031214100910イイデメモリー　　　　　　　　　　　  4.9  1.6  8.0 16.3  8.4 28  0.0  3                        
041731031314104418スズカグラーテ　　　　　　　　　　　  2.5  1.3 10.0 20.0 10.3 30 13.0                           
041731031414100708スッチェッソ　　　　　　　　　　　　 44.7  8.4-11.3-11.5 -7.6 12  0.0                           
041731031513102214シグナリング　　　　　　　　　　　　 26.6  5.3 20.0 -4.4  4.4 24  0.0                           
041731040112102265ブルーガーディアン　　　　　　　　　  6.8  1.7 12.0  2.8  4.6  5  7.9                           
041731040211100964イクラトロ　　　　　　　　　　　　　  8.7  1.9  9.5  8.4  5.9  6  8.1  5                        
041731040314100839ショウナンダリア　　　　　　　　　　 34.6  5.1  6.0 -2.0  1.1  1  0.0                           
041731040414101993メイショウハガネ　　　　　　　　　　 25.4  4.0-10.8-10.8 -7.2 -7  0.0                           
041731040513103085バンダムザブラッド　　　　　　　　　 26.6  4.1 -0.3 -2.4 -1.0 -1  0.0                           
041731040614104958ブルベアバイソン　　　　　　　　　　 45.4  6.5-10.8 -4.7 -5.0 -5  0.0                           
041731040712106378ワンダーオブテール　　　　　　　　　 63.4  8.6-10.8-10.8 -7.2 -7  0.0                           
041731040814100967マサノハヤテ　　　　　　　　　　　　  1.9  1.2 21.7 21.7 14.5 14 13.0                           
041731040911104366オメガヴェンデッタ　　　　　　　　　 13.1  2.4 -5.0  3.3 -0.3  0  0.0                           
041731041014100413シゲルヤマアラシ　　　　　　　　　　 35.2  5.2 -2.0  1.5 -0.1  0  0.0                           
041731041110104038ジュールドトネール　　　　　　　　　  3.9  1.3 15.0  7.4  7.2  7  7.3                           
041731041213105949メジャースターダム　　　　　　　　　 24.7  3.9 -2.0-15.0 -6.1 -6  9.2                           
041731050115106261マリーツァ　　　　　　　　　　　　　 24.9  5.0-10.0 -4.9 -4.8  0  0.0                           
041731050215105455ウェディングベール　　　　　　　　　 32.4  6.3  6.0  0.4  1.9  7  0.0                           
041731050315100670ドリームジャンボ　　　　　　　　　　 11.2  2.6-10.0 -2.7 -4.0  1  8.1                           
041731050415104131ケワロス　　　　　　　　　　　　　　 14.5  3.2  4.3  9.2  4.7 10  0.0  5                        
041731050515102321ターキッシュバン　　　　　　　　　　 14.1  3.1 20.0  4.3  7.6 13  0.0                           
041731050615104348マオノキャッツアイ　　　　　　　　　 32.8  6.3-10.0-10.5 -6.8 -2  0.0                           
041731050715105908グリンテソーロ　　　　　　　　　　　 96.0 16.8-10.8-10.8 -7.2 -2  0.0                           
041731050815109054サカショウクィーン　　　　　　　　　 40.8  7.7-11.3-20.0-10.7 -6  0.0                           
041731050915104690ベルフロレゾン　　　　　　　　　　　 11.7  2.7  4.8 16.0  7.3 12  0.0  2                        
041731051015105474オマツリサワギ　　　　　　　　　　　 85.6 15.0-11.3-16.4 -9.4 -4  0.0                           
041731051115101569ヤマニンルネッタ　　　　　　　　　　  3.5  1.5 19.8 28.9 16.5 22 14.2  5                        
041731051215100549サンタガール　　　　　　　　　　　　 12.2  2.8-10.0 24.0  5.8 11  9.7                           
041731051315102883エイシンテースティ　　　　　　　　　  3.0  1.4 14.2 20.0 11.6 17 13.0                           
041731051415100793ゴルゴンゾーラ　　　　　　　　　　　 78.7 13.9-11.3 -2.8 -4.4  1  0.0                           
041731051515102431ファストライフ　　　　　　　　　　　  7.4  2.1  6.0  6.0  4.0  9  0.0                           
041731051615102083カガプラナス　　　　　　　　　　　　 45.1  8.4-10.0-20.0-10.3 -5  0.0                           
041731060114103170レッドゼノン　　　　　　　　　　　　  3.2  1.4 15.1 15.9 10.4 30  7.3                           
041731060214100887クールモンスター　　　　　　　　　　 35.8  6.7-10.8-10.8 -7.2 13  0.0                           
041731060314101287サイドチェンジ　　　　　　　　　　　  6.1  1.8  9.8  5.1  4.8 25  0.0                           
041731060412103911プレツィオーゼ　　　　　　　　　　　 17.3  3.6  9.3 -2.0  2.1 22  0.0                           
041731060510100109サンレイフローラ　　　　　　　　　　 40.6  7.5-10.8-10.8 -7.2 13  0.0                           
041731060614105081プリンスオブペスカ　　　　　　　　　  8.3  2.3 11.6  3.2  4.7 25  9.2                           
041731060713103498ウインウェルス　　　　　　　　　　　 23.3  4.6  0.4 -4.7 -1.6 18  0.0                           
041731060813101779ヤマニンシルフ　　　　　　　　　　　  3.1  1.4 19.8 23.1 14.4 34 13.0  2                        
041731060914105518ブランニューカップ　　　　　　　　　  6.0  1.8  8.5  8.7  5.7 26 15.3                           
041731061013102945メイショウゴテツ　　　　　　　　　　  7.0  2.0 13.3 11.2  8.1 28  0.0                           
041731070114109090ハナサキ　　　　　　　　　　　　　　 15.5  3.4 -1.3  8.9  2.9 23  0.0                           
041731070213105194モーゼス　　　　　　　　　　　　　　 29.9  5.8-10.0-20.0-10.3 10  0.0                           
041731070314105971ユノディエール　　　　　　　　　　　 30.5  5.9  0.4  1.2  0.6 21  0.0                           
041731070412105434タイセイストーム　　　　　　　　　　  3.4  1.4 15.0  9.9  8.1 28 14.2                           
041731070512102583ステラルーチェ　　　　　　　　　　　 33.0  6.3 -2.0-10.0 -4.3 16  0.0                           
041731070614105509アルーフクライ　　　　　　　　　　　  3.1  1.3  6.0  9.9  5.4 25 13.0                           
041731070713102933ネイチャーポイント　　　　　　　　　 26.3  5.2     -11.9 -4.4 16  0.0                           
041731070813104779ビークイック　　　　　　　　　　　　  4.5  1.6 22.5 12.0 11.1 31 15.3  5                        
041731070912103768ヤサカナンティー　　　　　　　　　　 35.7  6.8-10.0-10.0 -6.7 13  0.0                           
041731071014106118マジカルスペル　　　　　　　　　　　  5.0  1.6 12.3 20.7 11.3 31  0.0  2                        
041731071113101546ビッグランチ　　　　　　　　　　　　 24.9  4.9-11.3-14.4 -8.7 11  0.0  0                        
041731071214100583プエルタデルソル　　　　　　　　　　 19.9  4.1  0.6 -9.9 -3.5 17  0.0                           
041731080114100700コスモリョウゲツ　　　　　　　　　　 94.5 18.0-10.0 -9.6 -6.5 13  0.0                           
041731080214104328リリーモントルー　　　　　　　　　　 26.1  5.6 -5.0-10.8 -5.5 15  0.0                           
041731080313103999ミッキーグローリー　　　　　　　　　  2.9  1.4 15.0  6.0  6.7 27 13.0                           
041731080413101727タガノガジュマル　　　　　　　　　　 15.0  3.5 -3.2  2.0 -0.2 20  0.0                           
041731080514105622ステフィン　　　　　　　　　　　　　 30.3  6.4 -5.5-10.8 -5.6 14  0.0                           
041731080614100611ライクアエンジェル　　　　　　　　　 34.7  7.2  4.2 -1.6  0.7 21  0.0                           
041731080713105316リライアブルエース　　　　　　　　　 12.0  3.0 -4.7 -2.2 -2.2 18  0.0  5                        
041731080813100900ビービーブレスユー　　　　　　　　　  7.2  2.2  7.8  2.9  3.4 23  8.5                           
041731080912104246ナリタゴールド　　　　　　　　　　　  5.8  1.9 15.3 12.7  9.2 29  7.9                           
041731081014100214ウインシトリン　　　　　　　　　　　 70.7 13.6-11.3-10.9 -7.4 13  0.0                           
041731081114105351イムノス　　　　　　　　　　　　　　 24.3  5.2 -3.3  4.5  0.7 21  0.0                           
041731081214101390グリトニル　　　　　　　　　　　　　 31.5  6.6-10.8-20.0-10.6  9  0.0  0                        
041731081314104979コパノベスト　　　　　　　　　　　　 47.1  9.5-10.0-17.9 -9.6 10  0.0  0                        
041731081414102388インウィスパーズ　　　　　　　　　　 41.9  8.6 -5.5 -6.9 -4.2 16  0.0  0                        
041731081513101445ウインガーネット　　　　　　　　　　 10.9  2.8  5.5 -3.5  0.4 20  8.6                           
041731081612104838ダークネブラス　　　　　　　　　　　  4.9  1.8 13.8-10.9  0.1 20  6.9                           
041731090114101023エターナルフレイム　　　　　　　　　  3.0  1.4  6.0 24.4 10.7 31 13.0                           
041731090210110015ツインプラネット　　　　　　　　　　  5.6  1.8 13.8  0.0  4.1 24 16.5                           
041731090311101837サンレイレッカー　　　　　　　　　　 40.3  7.8-10.8-10.8 -7.2 13  0.0                           
041731090413100224クラウンヴォルカン　　　　　　　　　 96.1 17.2-10.8-10.8 -7.2 13  0.0                           
041731090514110094グリターテソーロ　　　　　　　　　　 22.9  4.7  2.5 -2.0  0.0 20  0.0                           
041731090613110126ボーサンシー　　　　　　　　　　　　  3.8  1.5 12.3 11.3  7.8 28 14.2                           
041731090711102353ミスズモンブラン　　　　　　　　　　 48.6  9.2-10.8-10.8 -7.2 13  0.0                           
041731090811106074ジーニアイ　　　　　　　　　　　　　 57.7 10.6 -1.3-10.0 -4.1 16  0.0                           
041731090912102907ダイメイコンドル　　　　　　　　　　 92.4 16.5-10.0-10.0 -6.7 13  0.0                           
041731091014110018モズキングタイド　　　　　　　　　　 16.6  3.6  0.6 -5.5 -1.8 18  0.0                           
041731091113106449イソノヴィグラス　　　　　　　　　　 12.6  2.9  2.9  6.1  3.1 23  0.0                           
041731091212110066フライングニンバス　　　　　　　　　  5.4  1.7  8.5 11.3  6.7 27  0.0                           
041731091312110080アヴェーヌモン　　　　　　　　　　　 16.8  3.7  6.5  0.6  2.2 22  0.0                           
041731091414103134エイシンブリッツ　　　　　　　　　　 47.3  9.0-10.8-10.8 -7.2 13  0.0                           
041731091512102753ブレーヴブラッド　　　　　　　　　　 24.9  5.1  1.8  1.2  1.0 21  0.0                           
041731100113105988プライムセラー　　　　　　　　　　　  4.3  1.8-10.0 16.8  3.2 23  6.7                           
041731100213103160ハギノカエラ　　　　　　　　　　　　 41.6  9.5-10.8-10.8 -7.2 13  0.0                           
041731100314105794アドマイヤローザ　　　　　　　　　　  7.9  2.6 11.7  6.5  5.9 26  8.6                           
041731100413106043アインザッツ　　　　　　　　　　　　 58.2 12.7-10.8-10.8 -7.2 13  0.0                           
041731100513100077ヴィガーエッジ　　　　　　　　　　　 49.9 11.3-11.3-10.0 -7.1 13  0.0                           
041731100614103588ロザンジェ　　　　　　　　　　　　　 85.6 18.4-11.3-10.0 -7.1 13  0.0                           
041731100714101640ミルトプレスト　　　　　　　　　　　  7.2  2.4  5.0 19.9  8.8 29  0.0  5                        
041731100813104933マイネルツィール　　　　　　　　　　 11.1  3.1 15.5 40.0 19.3 39  0.0  1  466   67              
041731100914101874マイブルーヘブン　　　　　　　　　　 17.4  4.4 -5.0  1.9 -0.8 19  0.0  0                        
041731101014104458スズカホワイト　　　　　　　　　　　 40.1  9.2-10.8-12.2 -7.7 12  0.0  0                        
041731101114102906ウォーブル　　　　　　　　　　　　　 35.6  8.2  6.0 -2.8  0.8 21  0.0                           
041731101213105707リセエンヌ　　　　　　　　　　　　　 23.0  5.5 -1.7 -7.5 -3.3 17  0.0                           
041731101313100594フォンス　　　　　　　　　　　　　　  4.7  1.9 19.8 14.7 11.3 31 14.2  4                        
041731101413106167ハッピーチャンス　　　　　　　　　　119.7 25.4-10.0 -7.5 -5.8 14  0.0                           
041731101513106140シャインブライト　　　　　　　　　　  7.8  2.5 -3.3  6.0  1.2 21 16.5                           
041731101612104194ジュンファイトクン　　　　　　　　　  8.9  2.8  7.8  9.8  5.9 26  0.0                           
041731101713105093メイケイレジェンド　　　　　　　　　 12.1  3.3 -1.7  6.7  1.9 22  0.0                           
041731110109103736スリーヴェローチェ　　　　　　　　　 19.8  6.6 -5.0  1.2 -1.1 29  8.6                           
041731110210101767エリモジパング　　　　　　　　　　　 30.3  9.8     -18.3 -6.7 23  0.0  0                        
041731110313106188トレジャートローヴ　　　　　　　　　  3.2  1.4 16.3 18.9 11.8 42  7.3  3                        
041731110411102894ビップレボルシオン　　　　　　　　　  3.7  1.6 13.0 25.7 13.3 43 15.3                           
041731110513104536ヒメタチバナ　　　　　　　　　　　　  7.6  3.0  9.8  9.0  6.2 36  0.0                           
041731110613105230ルックトゥワイス　　　　　　　　　　  1.9  1.2 21.7 27.0 16.4 46 13.0  3                        
041731110711104731マイネボニータ　　　　　　　　　　　 25.8  8.4-10.0-15.6 -8.7 21  0.0                           
041731120114100833フレンドゴーゴー　　　　　　　　　　133.0 28.8-10.0-16.1 -8.9 11  0.0                           
041731120213105828フェザリータッチ　　　　　　　　　　  4.7  1.8 14.9  5.3  6.4 26  6.3                           
041731120312100233ウインベントゥーラ　　　　　　　　　 37.2  8.7-10.8-10.8 -7.2 13  0.0                           
041731120412104945チェルカトーレ　　　　　　　　　　　  4.9  1.9 12.0 26.7 13.4 33 14.2  1  176   54              
041731120514103307タイセイプロスパー　　　　　　　　　 49.8 11.5-10.8-10.8 -7.2 13  0.0                           
041731120612105306ケイビイノキセキ　　　　　　　　　　 19.8  5.0 20.0-20.0 -1.3 19  0.0                           
041731120713102959ジェスロ　　　　　　　　　　　　　　  7.9  2.6  8.7  0.4  2.8 23  8.5                           
041731120812100086ポルボローネ　　　　　　　　　　　　 20.8  5.3 -5.5 -1.7 -2.3 18  0.0                           
041731120914104846ガーシュウィン　　　　　　　　　　　 22.6  5.6-11.3 -2.0 -4.1 16 12.1                           
041731121014103453ファイブフォース　　　　　　　　　　 11.3  3.2-10.0  2.1 -2.2 18  0.0                           
041731121112102648ニシノアンジュ　　　　　　　　　　　 19.7  5.0 -3.3-10.0 -4.7 15  0.0                           
041731121212105319メイショウワカアユ　　　　　　　　　 47.1 10.9-10.8-10.8 -7.2 13  0.0                           
041731121313104815アッパレドンキ　　　　　　　　　　　 60.5 13.5-10.0-10.0 -6.7 13  0.0                           
041731121412101890フェアラフィネ　　　　　　　　　　　 39.9  9.3-10.8-10.8 -7.2 13  0.0                           
041731121514104402マッタナシ　　　　　　　　　　　　　  5.4  2.0 10.0  4.0  4.5 24  7.9                           
041731121613105140ピナクルズ　　　　　　　　　　　　　 61.9 13.8-10.8-10.8 -7.2 13  0.0                           
041731121714106535ミルトドリーム　　　　　　　　　　　  9.3  2.9  8.5  5.5  4.6 25  0.0                           
041731121812100777ラブローレル　　　　　　　　　　　　 11.1  3.1 -1.7  9.0  2.8 23  0.0                           
051744010115106115ゴウノモノ　　　　　　　　　　　　　 11.9  2.5 20.0 22.7 14.3 19 17.5                           
051744010215103869スプンタマンユ　　　　　　　　　　　150.6 23.4-13.3 -8.0 -6.9 -2  0.0                           
051744010315103868モッポサン　　　　　　　　　　　　　 75.8 12.1-10.0-14.4 -8.3 -3  0.0                           
051744010415101746ラングドック　　　　　　　　　　　　 23.8  4.4  6.0  3.4  3.0  8  0.0                           
051744010515105422ケルース　　　　　　　　　　　　　　 56.6  9.2-10.0-14.1 -8.2 -3  0.0  0                        
051744010615109158ミネコガンバロウネ　　　　　　　　　103.5 16.3-13.3-11.4 -8.2 -3  0.0                           
051744010715102459グラスルーナ　　　　　　　　　　　　 29.8  5.3-11.4 -9.0 -6.7 -2  0.0                           
051744010815102617ジュンホープ　　　　　　　　　　　　 72.3 11.6-11.4-12.3 -7.9 -3  0.0                           
051744010915103377サイモンジルバ　　　　　　　　　　　 18.9  3.7  3.4  9.4  4.5  9  0.0  5                        
051744011015102730オモウツボ　　　　　　　　　　　　　  6.1  1.7 11.3 20.0 10.7 16  6.2A 4                        
051744011115100148ペイシャキャサリン　　　　　　　　　 42.9  7.3-10.0-14.2 -8.2 -3  0.0                           
051744011215103373カナメ　　　　　　　　　　　　　　　  3.5  1.4 10.0 19.1 10.0 15 19.8                           
051744011315103080エルモアレッタ　　　　　　　　　　　 11.3  2.4  6.0 16.4  7.8 13  0.0  5                        
051744011415101254ハタノルミエール　　　　　　　　　　 24.6  4.5-10.0-13.9 -8.1 -3  0.0                           
051744011515100417ララマ　　　　　　　　　　　　　　　 18.3  3.6  2.2  0.3  0.8  6  0.0                           
051744011615101921ノーボーダー　　　　　　　　　　　　  2.5  1.3 21.8 28.6 17.0 22 18.1  1  181   86              
051744020115105979エイワファースト　　　　　　　　　　  5.6  1.8 17.9  5.1  7.2 12  6.2  0                        
051744020215100768テイエムヘニーズ　　　　　　　　　　 41.8  8.1-10.0-13.9 -8.1 -3  0.0                           
051744020315106513トキノパイレーツ　　　　　　　　　　 56.2 10.5 -6.7-12.9 -6.7 -2  0.0                           
051744020415102118ペイシェンス　　　　　　　　　　　　  8.0  2.3  4.1 19.9  8.5 14 16.3                           
051744020515103737サルバドールサクラ　　　　　　　　　110.5 19.9-11.3-15.7 -9.1 -4  0.0  0                        
051744020615106464アースルナ　　　　　　　　　　　　　 17.0  3.8-10.0-15.1 -8.5 -4  0.0                           
051744020715104325サトノテラス　　　　　　　　　　　　  3.7  1.5 20.0 15.1 11.5 17  8.2A                          
051744020815101145トーセンリゲル　　　　　　　　　　　 20.6  4.4-10.0 -1.4 -3.5  1  9.7                           
051744020915100687マイネルカルム　　　　　　　　　　　  8.3  2.3 11.5  4.6  5.1 10 17.5                           
051744021015101348プタハ　　　　　　　　　　　　　　　 13.2  3.1 -6.3  9.3  1.5  7  0.0                           
051744021115105008タイセイトレイル　　　　　　　　　　 16.6  3.7-12.5 -3.4 -5.0  0  0.0                           
051744021215104858ブショウ　　　　　　　　　　　　　　  3.2  1.4 18.5 14.3 10.8 16 10.6                           
051744021315103967ニシノジャガーズ　　　　　　　　　　 18.5  4.0  4.0  6.9  3.7  9  0.0                           
051744030115100365マイネルアーリー　　　　　　　　　　 16.3  2.6  8.0  8.3  5.4 10  0.0                           
051744030215103627バイオスパーク　　　　　　　　　　　 15.9  2.6  3.6  3.8  2.5  7  0.0                           
051744030315102983ミラクルブラッド　　　　　　　　　　 14.7  2.4  6.7 10.2  5.8 11  9.6                           
051744030415104680キングスヴァリュー　　　　　　　　　  1.8  1.2 20.0 23.6 14.7 20 18.1                           
051744030515100751マイネルプリンチペ　　　　　　　　　  3.3  1.2 17.8 20.9 13.0 18 19.8                           
051744030615103290サノノバクシン　　　　　　　　　　　 58.9  7.3-13.3 -8.2 -7.0 -2  0.0                           
051744030715106331アイファートニオー　　　　　　　　　 24.2  3.5-10.0  5.7 -0.9  4  0.0                           
051744030815105773カシノクリス　　　　　　　　　　　　 71.2  8.7-11.4-10.5 -7.3 -2  0.0                           
051744030915101941シックスマイル　　　　　　　　　　　 32.1  4.4-10.0 -9.7 -6.6 -2  0.0                           
051744031015102841アイスフィヨルド　　　　　　　　　　  5.1  1.3 15.9 18.1 11.4 16 12.5                           
051744040115106405ダークリパルサー　　　　　　　　　　  3.9  1.4 12.3 22.2 11.8 12 21.4                           
051744040215100811パンテラ　　　　　　　　　　　　　　 16.7  3.6  2.0  9.2  4.0  4  0.0                           
051744040315102761ファンダンゴ　　　　　　　　　　　　 30.7  5.9-11.4-10.3 -7.2 -7  0.0                           
051744040415103433クラウンアート　　　　　　　　　　　 51.6  9.6-10.0  3.4 -1.8 -2  0.0                           
051744040515100725マイネルビーラヴド　　　　　　　　　 24.9  5.0 -5.0 -4.9 -3.3 -3 11.6                           
051744040615101135トーセンフローラ　　　　　　　　　　113.3 19.7-11.4-15.1 -9.0 -9  0.0                           
051744040715100318アルクトス　　　　　　　　　　　　　  3.5  1.4 12.0 14.8  9.0  9 19.8                           
051744040815103692ナスレンザン　　　　　　　　　　　　 28.4  5.6  2.6  8.6  3.9  4  0.0                           
051744040915101243マリノエクスプレス　　　　　　　　　 44.2  8.3-10.0-13.4 -7.9 -8  0.0  0                        
051744041015105136オレノマニラ　　　　　　　　　　　　 48.6  9.0-10.0-11.2 -7.1 -7  0.0                           
051744041115103012チャンピオンノホシ　　　　　　　　　 18.3  3.9 10.0  9.5  6.5  6  0.0  5                        
051744041215103390ミヤギウイング　　　　　　　　　　　  3.0  1.3 20.0 24.1 14.8 15 10.6                           
051744041315105243サンシャイアン　　　　　　　　　　　 49.9  9.3-11.4 -9.0 -6.7 -7  0.0                           
051744041415101888トサイチ　　　　　　　　　　　　　　129.1 22.3-11.4-20.0-10.8-11  0.0  0                        
051744041515100933ロマンスガッサン　　　　　　　　　　  6.6  1.9 11.5 15.0  8.9  9  0.0                           
051744041615106431カイウン　　　　　　　　　　　　　　126.3 21.9-10.4-18.9-10.1-10  0.0  0                        
051744050115100186キョウワスピネル　　　　　　　　　　 88.0 15.0-11.4-13.4 -8.3 -8  0.0  0                        
051744050215106531アソボー　　　　　　　　　　　　　　 63.4 11.0 -5.5-15.1 -7.2 -7  0.0                           
051744050315104977グラマラスライフ　　　　　　　　　　  3.2  1.3 12.0 22.8 12.0 12 19.8                           
051744050415106301ショーコーズ　　　　　　　　　　　　 36.5  6.8 -0.3 -3.6 -1.4 -1  0.0                           
051744050515101775セイウンキャンティ　　　　　　　　　 20.9  4.2  1.9 12.0  5.0  5  0.0  5                        
051744050615101373マウレア　　　　　　　　　　　　　　  3.1  1.3 17.8 21.0 13.0 13 18.1                           
051744050715103721ブラフマン　　　　　　　　　　　　　123.8 20.9-10.0 -9.7 -6.6 -7  0.0                           
051744050815102468グッドワークス　　　　　　　　　　　 52.6  9.5 -7.1-11.3 -6.3 -6  0.0                           
051744050915100689コスモミクニグロ　　　　　　　　　　 35.4  6.6 -9.1 -9.4 -6.2 -6  0.0                           
051744051015104489ロンギングファロー　　　　　　　　　  6.0  1.8 13.0 12.2  8.4  8  6.8                           
051744051115104316コロンバスデイ　　　　　　　　　　　 13.0  2.9  6.9 16.1  8.0  8  0.0                           
051744051215104197インヴィジブルワン　　　　　　　　　  4.3  1.5 15.0 17.8 11.0 11 15.1                           
051744051315101220ウインドトレイル　　　　　　　　　　 23.4  4.6  0.3  7.6  2.9  3  0.0                           
051744051415106277ブルーベリーチャン　　　　　　　　　146.7 24.6-11.4-15.7 -9.2 -9  0.0  0                        
051744051515102554ボンルット　　　　　　　　　　　　　 27.3  5.2-11.4  4.8 -1.7 -2  0.0                           
051744060114110075シティウォーク　　　　　　　　　　　 12.8  2.7-10.0  9.1  0.3 20  0.0                           
051744060214102395ペイシャボム　　　　　　　　　　　　  7.5  2.0 10.9 17.0  9.5 30  6.2                           
051744060313105566ミラクルユニバンス　　　　　　　　　 26.9  4.9-12.5 -7.9 -6.6 13  0.0                           
051744060413100918サノノカガヤキ　　　　　　　　　　　 27.6  5.0 20.0-11.9  1.6 22  0.0                           
051744060513104828アポロナイスジャブ　　　　　　　　　  2.8  1.3 18.6 19.6 12.8 33 18.1                           
051744060614100658フィスキオ　　　　　　　　　　　　　 14.6  3.0-10.0  5.9 -0.8 19  0.0                           
051744060713105448キングドラゴン　　　　　　　　　　　  3.0  1.4 10.0 16.4  9.0 29 19.8B                          
051744060814103119サーデューク　　　　　　　　　　　　 18.7  3.7 -5.8 11.4  2.4 22  0.0                           
051744060914101372ゲンパチマサムネ　　　　　　　　　　 17.1  3.4  6.0 -5.0  0.0 20 12.3                           
051744061014105796ジュンスターホース　　　　　　　　　 32.7  5.8 -9.5-10.4 -6.7 13  0.0                           
051744061113103931アートハルキ　　　　　　　　　　　　101.9 16.3-11.3-14.2 -8.6 11  0.0                           
051744061212104539キングリオ　　　　　　　　　　　　　 12.4  2.7 10.1  8.8  6.3 26  0.0  4                        
051744061314104074リパーカッション　　　　　　　　　　 14.3  3.0  4.4  2.0  2.1 22  7.7  0                        
051744070114100063プレシャスブルー　　　　　　　　　　 11.3  2.4  9.0 10.2  6.4 26  0.0                           
051744070214102315ニシノストーリー　　　　　　　　　　 27.3  4.9-10.0  5.8 -0.9 19  0.0                           
051744070314100701マイネルパンドーロ　　　　　　　　　 22.3  4.1-10.0-14.4 -8.3 12  0.0                           
051744070412105975エドノジョンソン　　　　　　　　　　 43.4  7.4-10.0 -9.9 -6.6 13  0.0  0                        
051744070514105802モクレレ　　　　　　　　　　　　　　  9.3  2.3  6.0 15.3  7.4 27 16.3                           
051744070614101578フラワープレミア　　　　　　　　　　 31.0  5.5-11.4 -2.3 -4.3 16  0.0                           
051744070714102453シャドウブリランテ　　　　　　　　　  2.8  1.3 21.8 18.4 13.3 33 18.1                           
051744070814101733マッシュクール　　　　　　　　　　　 39.0  6.7 -9.5-14.2 -8.1 12  0.0                           
051744070914102151キャンディストーム　　　　　　　　　  5.2  1.6 13.7 12.6  8.7 29  6.3                           
051744071014105484レッドジェノヴァ　　　　　　　　　　  3.1  1.3 15.8 25.8 14.2 34 19.8                           
051744071114106437ナンヨーウラヌス　　　　　　　　　　 22.1  4.1-11.4 -9.0 -6.7 13  0.0                           
051744071214104267ブラックギムレット　　　　　　　　　 15.5  3.1 -0.4  8.5  3.0 23  0.0  5                        
051744080114102387モリトシラユリ　　　　　　　　　　　 13.1  3.2 -0.4  4.9  1.7 32  0.0                           
051744080213105408スクラッタ　　　　　　　　　　　　　 32.9  7.1-11.4 -4.9 -5.2 25  0.0                           
051744080313101079スズカマサル　　　　　　　　　　　　 12.0  3.0  7.2  5.3  4.1 34  0.0                           
051744080412105799ピアシングステア　　　　　　　　　　  8.7  2.6-10.0 14.1  2.2 32  0.0  5                        
051744080512105800キールコネクション　　　　　　　　　 27.1  5.9  6.0-11.6 -2.5 28  0.0                           
051744080613104274サラセニア　　　　　　　　　　　　　  3.4  1.5 10.0 31.7 14.6 45 18.1  2                        
051744080714104041ティーラウレア　　　　　　　　　　　 17.6  4.1 -4.5-10.3 -5.1 25  0.0                           
051744080811104070デジタルフラッシュ　　　　　　　　　 36.4  7.7 -9.1 -9.0 -6.0 24  0.0                           
051744080912104905カンデラ　　　　　　　　　　　　　　 25.3  5.6 -6.4 -3.9 -3.3 27  0.0                           
051744081012104337オーサムレジェンド　　　　　　　　　 71.1 14.1-10.0-12.2 -7.5 23  0.0  0                        
051744081113110108アポロテキサス　　　　　　　　　　　  4.4  1.7 18.6 11.5  9.8 40 14.0                           
051744081213104852ネイビーブルー　　　　　　　　　　　  6.3  2.0 12.3 18.6 10.5 41 21.4                           
051744081312105420ノースランドボーイ　　　　　　　　　 35.1  7.5 20.7-11.6  2.0 32  0.0                           
051744081413103690サンホッブズ　　　　　　　　　　　　  9.2  2.7  5.6 12.0  6.1 36  7.2                           
051744081513105698エリモグレイス　　　　　　　　　　　131.6 25.5-10.0-14.9 -8.5 22  0.0  0                        
051744081612104329アバオアクー　　　　　　　　　　　　 22.5  5.0 -0.9  6.1  2.0 32  0.0                           
051744090115104350スペースファルコン　　　　　　　　　 18.6  3.5  0.3 -1.9 -0.6 19  0.0                           
051744090215106310スターリバー　　　　　　　　　　　　 81.1 12.4-13.3-11.6 -8.2 12  0.0                           
051744090315101960マイネルユキツバキ　　　　　　　　　  4.5  1.5 20.0 23.3 14.5 35 19.8  2                        
051744090415102741ロードトレジャー　　　　　　　　　　  7.2  1.9 12.0 15.5  9.3 29  6.7                           
051744090515104302グラファイト　　　　　　　　　　　　 14.9  2.9-10.0  7.5 -0.3 20  0.0                           
051744090615104189ルヴァンスレーヴ　　　　　　　　　　  2.0  1.2 22.1 22.4 14.8 35 18.1                           
051744090715100902ソリストサンダー　　　　　　　　　　 12.0  2.5 11.1  5.6  5.4 25  0.0                           
051744090815101395ユイノシンドバッド　　　　　　　　　 17.7  3.3 -6.1 -9.5 -5.3 15  0.0                           
051744090915105131マイネルアンファン　　　　　　　　　 20.1  3.7 -4.3 -8.4 -4.4 16  0.0                           
051744091015101086トーセンエターナル　　　　　　　　　 35.0  5.9-11.4 -5.1 -5.3 15  0.0                           
051744091115110010フィールシュパース　　　　　　　　　  7.0  1.8 10.1 12.7  7.7 28 15.2                           
051744100113102518ロードセレリティ　　　　　　　　　　 18.2  3.9 -0.4  6.2  2.2 37  0.0                           
051744100213105529スターオブペルシャ　　　　　　　　　  3.4  1.4 16.1 16.8 11.0 46  5.8A                          
051744100313106051ビップライブリー　　　　　　　　　　  3.2  1.4 21.8 28.6 17.0 52 18.1  1  181   86              
051744100412101374ロイヤルストリート　　　　　　　　　  7.5  2.2  7.5 21.6 10.2 45  9.6                           
051744100514102878クライムメジャー　　　　　　　　　　  4.4  1.5 16.8  4.6  6.7 42 21.4                           
051744100608100889ユキノアイオロス　　　　　　　　　　 30.6  6.0-11.4-14.9 -8.9 26  0.0                           
051744100713109022ボールライトニング　　　　　　　　　 11.1  2.6  7.5  7.3  4.9 40  0.0                           
051744100811100363ドラゴンストリート　　　　　　　　　 28.3  5.6-11.4 -7.6 -6.2 29  0.0                           
051744100914105983タイセイスターリー　　　　　　　　　  8.4  2.3 10.1 15.8  8.8 44  7.2                           
051744101014101289アロンザモナ　　　　　　　　　　　　 14.7  3.3  0.7 -6.1 -2.0 33  0.0                           
051744110113106007ヴィブロス　　　　　　　　　　　　　  3.3  1.5 23.1 28.2 17.3 72 10.8  1  140   54              
051744110212104512ハッピーユニバンス　　　　　　　　　 72.1 13.4-11.6 -1.1 -3.9 51  0.0  5                        
051744110313106329デンコウアンジュ　　　　　　　　　　 13.7  3.2  1.6  4.9  2.3 57  7.8                           
051744110412104105クイーンズリング　　　　　　　　　　  5.9  1.9  8.3 20.0  9.8 65 12.3                           
051744110512104733トーセンビクトリー　　　　　　　　　 15.6  3.5  1.7  7.8  3.4 58  0.0                           
051744110613102323ゲッカコウ　　　　　　　　　　　　　 27.6  5.7 -8.5 -8.0 -5.5 50  0.0                           
051744110713106072アドマイヤリード　　　　　　　　　　  3.7  1.5 16.1 13.8  9.9 65 10.9                           
051744110812104663ロッカフラベイビー　　　　　　　　　 33.9  6.8 -6.9-12.7 -6.7 48  0.0                           
051744110913105358キンショーユキヒメ　　　　　　　　　 20.0  4.4-12.0-11.7 -7.9 47  0.0                           
051744111012105433クインズミラーグロ　　　　　　　　　 14.7  3.4 -6.3  0.7 -1.6 53  0.0                           
051744111113102955クロコスミア　　　　　　　　　　　　  8.9  2.5 -3.1 10.3  2.8 58 20.1                           
051744111213105322ワンブレスアウェイ　　　　　　　　　 11.2  2.7  7.7  5.7  4.4 59  7.2                           
051744111312105832アスカビレン　　　　　　　　　　　　 45.9  9.0-11.6-10.3 -7.3 48  0.0                           
051744111412104938バンゴール　　　　　　　　　　　　　 24.6  5.1 -6.7  7.0  0.6 56  9.6                           
051744120112105123エイシンカーニバル　　　　　　　　　 11.8  2.7  7.5  2.8  3.3 33  0.0                           
051744120214103576メイショウブレナム　　　　　　　　　 22.7  4.6  3.6 -4.1 -0.4 30  0.0                           
051744120311101907レオナビゲート　　　　　　　　　　　 65.1 11.6-10.4-15.1 -8.7 21  0.0                           
051744120410102630トーコーグリーン　　　　　　　　　　 20.8  4.3-12.5-10.1 -7.5 23  0.0                           
051744120513105528セネッティ　　　　　　　　　　　　　  4.0  1.5 15.0 18.1 11.1 41 19.8                           
051744120613101425タマモシルクハット　　　　　　　　　 33.0  6.3-11.4-13.9 -8.5 21  0.0                           
051744120713104896リンガスウーノ　　　　　　　　　　　 12.9  2.9  6.0  8.3  4.8 35  0.0                           
051744120810102405ウエスタンオウジ　　　　　　　　　　 44.0  8.2-10.0 -8.9 -6.3 24  0.0                           
051744120913100082ワンパーセント　　　　　　　　　　　 16.6  3.6 -1.5  2.8  0.6 31  0.0                           
051744121013101563メイプルキング　　　　　　　　　　　  6.2  1.9  2.2  9.0  4.0 34 21.4                           
051744121112102422ラバニーユ　　　　　　　　　　　　　  9.0  2.4 12.5 11.3  7.9 38  0.0                           
051744121212100564ヤマニンシャンデル　　　　　　　　　 50.2  9.3-11.3 -9.9 -7.0 23  0.0                           
051744121312105747ソルプレーサ　　　　　　　　　　　　 18.8  4.0  8.9 -8.2 -0.3 30  0.0                           
051744121413100624ストリクス　　　　　　　　　　　　　  2.7  1.3 25.1 11.9 11.9 42 18.1                           
081744010115102047アレキサンダー　　　　　　　　　　　 15.8  3.4 -3.3-12.6 -5.0  0  0.0                           
081744010215105439ダンツタイヨウ　　　　　　　　　　　  2.3  1.2 20.9 21.4 14.1 19 17.4C                          
081744010315103932トモジャクアルト　　　　　　　　　　  8.1  2.2  2.4 14.1  5.1 10  5.1                           
081744010415100084ブルベアノザワナ　　　　　　　　　　 20.6  4.2 -3.7 -0.8 -1.6  3  0.0                           
081744010515105391ビーヴェローチェ　　　　　　　　　　 33.9  6.3-10.9-10.5 -7.1 -2  0.0                           
081744010615103167イチネンプリンス　　　　　　　　　　  5.2  1.7  9.4  6.1  5.3 10 11.8                           
081744010715100606ブラスト　　　　　　　　　　　　　　 15.1  3.2 -0.5-11.7 -3.7  1  9.6                           
081744010815101759ブルベアルッコラ　　　　　　　　　　 15.7  3.3-10.9 -3.8 -5.1  0  0.0                           
081744010915103393コラード　　　　　　　　　　　　　　  5.3  1.7 12.7 19.6 10.5 16 18.2                           
081744011015100594ビコーズオブユー　　　　　　　　　　  7.0  2.0 13.9 11.2  8.5 13 13.2                           
081744020115101289メルティキャンディ　　　　　　　　　 11.0  2.2  6.7 15.0  7.0 12 23.7                           
081744020215103437メイショウタンゴ　　　　　　　　　　  9.3  2.1  6.3  8.7  4.9 10 13.2                           
081744020315105736アウトバーン　　　　　　　　　　　　 25.0  4.1-11.7-14.7 -8.7 -4  0.0                           
081744020415104938ヘヴンリーブライド　　　　　　　　　 17.2  3.1  7.6  7.9  5.2 10  0.0                           
081744020515100454キンショーブラック　　　　　　　　　  5.2  1.6 17.1 11.7  9.8 15 11.8                           
081744020615103408ガウル　　　　　　　　　　　　　　　 11.9  2.3 -2.6 14.8  3.5  8  0.0  3                        
081744020715102659スギノアルテミス　　　　　　　　　　  8.3  2.0 12.5  6.2  6.4 11  5.5                           
081744020815100978ラブカンプー　　　　　　　　　　　　  1.8  1.2 19.6 31.1 16.5 22 17.4                           
081744020915101314クリノルーベンス　　　　　　　　　　 12.1  2.4  1.2 -1.6  0.0  5  5.8                           
081744030115101482ショウナンバローロ　　　　　　　　　 35.1  5.6-10.9-10.4 -7.1 -2  9.3                           
081744030215104067ハルキスター　　　　　　　　　　　　  9.5  2.2  7.5-10.9 -0.5  4 12.7                           
081744030315104995エタリオウ　　　　　　　　　　　　　 12.1  2.4  6.2 10.3  5.4 10  7.8  5                        
081744030415104390レッドエクシード　　　　　　　　　　  4.7  1.5 14.1 17.6 10.4 15  0.0                           
081744030515102818メイショウカラタチ　　　　　　　　　 39.5  6.3 -7.0 -7.4 -4.8  0 12.0                           
081744030615103920クリノダイヤモンド　　　　　　　　　 15.6  2.9  1.1 16.7  5.4 10 16.0                           
081744030715101024ショウナンマリブ　　　　　　　　　　 11.6  2.3  9.7  9.2  6.3 11 14.1                           
081744030815105017シャンテューズ　　　　　　　　　　　 29.2  4.8-10.9 -2.1 -4.6  0  0.0                           
081744030915106157ムーンレイカー　　　　　　　　　　　  1.9  1.2 19.5 11.5 10.6 16 10.8                           
081744031015104260ガールズバンド　　　　　　　　　　　  5.6  1.6  5.8 22.2  8.8 14  6.4                           
081744040115102604ワイルドシング　　　　　　　　　　　 30.7  5.7 -5.8-12.9 -6.0 -6  0.0                           
081744040215104586レッドアルディ　　　　　　　　　　　 23.0  4.4 -6.5-11.7 -5.9 -6  0.0                           
081744040315101862シゲルミズナ　　　　　　　　　　　　 46.0  8.3-11.7  4.8 -2.8 -3  0.0                           
081744040415102842サンライズコロン　　　　　　　　　　 26.3  5.0 -3.5 -1.8 -1.8 -2 16.4                           
081744040515104571グレートタイム　　　　　　　　　　　  3.0  1.4 14.4 17.0 10.4 10 17.4                           
081744040615106423ラセット　　　　　　　　　　　　　　  7.1  2.0  8.2 13.3  7.0  7 18.0  4                        
081744040715100958ライジングドラゴン　　　　　　　　　 10.8  2.5  6.7  6.1  4.3  4  9.0                           
081744040815104629ミコデイジーラブ　　　　　　　　　　 53.1  9.4-11.7-10.2 -7.3 -7  0.0                           
081744040915109097クレイジームーン　　　　　　　　　　 38.4  7.0 -9.7 -8.6 -6.1 -6  0.0                           
081744041015105214メイケイダイハード　　　　　　　　　  6.0  1.8 13.1 16.9  9.9 10  6.4                           
081744041115110083ベストマイウェイ　　　　　　　　　　  3.1  1.4 19.7  6.0  9.0  9 11.8                           
081744041215100123ナナマイノナマハム　　　　　　　　　 40.2  7.3-11.7-15.5 -8.9 -9  0.0  0                        
081744041315105309ヒルトップパレス　　　　　　　　　　 14.2  3.1  2.5-11.0 -2.4 -2  0.0                           
081744041415102444ビットピークス　　　　　　　　　　　 44.0  7.9-11.7-10.2 -7.3 -7  0.0                           
081744050115101593ロンロネオ　　　　　　　　　　　　　  3.2  1.4 19.4 20.6 13.3 13 15.8                           
081744050215103497シェルセリーヌ　　　　　　　　　　　 39.8  8.1-10.9 -7.0 -6.1 -6  0.0                           
081744050315102754ショウナンアンビル　　　　　　　　　 27.3  5.8 -5.9 -6.1 -4.0 -4  0.0                           
081744050415105565ミトノレインボー　　　　　　　　　　 57.2 11.1-10.9-13.8 -8.1 -8  0.0                           
081744050515103908サワヤカタイド　　　　　　　　　　　 44.9  9.1-11.7  4.4 -3.0 -3  0.0                           
081744050615100226ウインカルナヴァル　　　　　　　　　 27.3  5.8 -7.1 -4.6 -4.0 -4  0.0  0                        
081744050715103208ジューンジョイ　　　　　　　　　　　 56.0 10.8-10.9 -9.2 -6.8 -7  0.0                           
081744050815103842ミヤジサクラコ　　　　　　　　　　　  4.1  1.6 13.2 19.2 10.6 11 16.8  4                        
081744050915103187ベルウッドホーク　　　　　　　　　　  6.0  1.9  3.3  4.8  2.7  3 16.4                           
081744051015100501タガノタイト　　　　　　　　　　　　 15.5  3.6 -1.9  7.5  1.6  2  7.8                           
081744051115104945ピュールフォルス　　　　　　　　　　  4.8  1.7 13.2 11.7  8.4  8 14.2                           
081744051215101012マーブルタンギー　　　　　　　　　　 28.0  5.9 -5.3 -1.8 -2.5 -2  0.0                           
081744051315103894キングポセイドン　　　　　　　　　　  5.5  1.8  8.2  9.0  5.7  6  4.8                           
081744060113104575トウショウコマンチ　　　　　　　　　  2.4  1.2 21.9 11.0 11.3 31 17.4                           
081744060213105109トーアライジン　　　　　　　　　　　  8.0  2.1 -2.7 13.0  2.9 23 21.5  3                        
081744060312104423キングズアフェアー　　　　　　　　　  3.5  1.4  8.1 17.0  8.1 28 11.8                           
081744060412100260ジョウショーチカラ　　　　　　　　　 19.5  3.7 -0.6 -0.8 -0.5 20  0.0                           
081744060514102293ナムラスパルタクス　　　　　　　　　 23.0  4.2 -7.1-14.7 -7.0 13  0.0                           
081744060613101765マコトシャムロック　　　　　　　　　  7.8  2.0 11.3 16.5  9.1 29  5.9A 2                        
081744060712102591シャイニングスター　　　　　　　　　 24.4  4.4-10.9-10.4 -7.1 13  0.0                           
081744060814103387メガフレア　　　　　　　　　　　　　 13.9  2.8  8.8 10.2  6.3 26  0.0                           
081744060912100672シンゼンガンプ　　　　　　　　　　　  4.9  1.5  4.5 19.4  7.5 27 18.6                           
081744070112106377ワンダープレジール　　　　　　　　　 41.1  6.8-14.0  3.1 -4.2 16  6.9                           
081744070214104684ジュエアトゥー　　　　　　　　　　　  2.3  1.2 17.3 21.4 12.8 33 17.4C                          
081744070314105078コンテンポラリー　　　　　　　　　　  5.8  1.7 16.3 12.9  9.8 30  6.4                           
081744070414104587テイエムアニマンテ　　　　　　　　　 89.1 13.5-10.9-12.1 -7.6 12  0.0  0                        
081744070514109084スカーレットベスト　　　　　　　　　 98.4 14.9 -9.7-10.3 -6.6 13  0.0                           
081744070614105031マーケットレイズン　　　　　　　　　 47.8  7.8-14.0 -4.6 -6.5 13  0.0                           
081744070714100798オーミシューマン　　　　　　　　　　 15.1  2.9  5.5 11.3  5.4 25  7.8                           
081744070814103585グランドガール　　　　　　　　　　　 32.0  5.4 -8.9 -6.7 -5.3 15  0.0  0                        
081744070913103962ローゼンタール　　　　　　　　　　　  9.1  2.2  6.3 15.6  7.0 27  0.0                           
081744071012105076サンアルパイン　　　　　　　　　　　118.0 17.7-14.0-10.3 -8.2 12  0.0                           
081744071114106436メイクグローリー　　　　　　　　　　 48.9  7.9 -7.7-10.4 -5.9 14 20.7                           
081744071214105006キタサンシーザー　　　　　　　　　　 14.8  2.9 -7.7 -2.2 -3.5 17  0.0                           
081744071313103611メイショウフウシャ　　　　　　　　　 16.5  3.2  3.8 12.4  5.1 25  0.0                           
081744071413100041マリエラ　　　　　　　　　　　　　　  3.6  1.4 14.1 27.3 13.4 33 19.0                           
081744071513109177カゼノカムイ　　　　　　　　　　　　 34.3  5.8-14.0 -1.6 -5.6 14  8.0                           
081744080114105892ダノンロッソ　　　　　　　　　　　　  4.6  1.4 11.7 18.5  9.8 30 18.6  2                        
081744080213101028ウォーターミリオン　　　　　　　　　 29.9  4.8  1.2 -5.1 -1.1 19 10.8                           
081744080311101783フェンガリ　　　　　　　　　　　　　 34.3  5.4-11.7-10.8 -7.5 12  0.0                           
081744080414104516サンマルエンパイア　　　　　　　　　 13.9  2.6 -0.3  8.3  2.4 22  0.0                           
081744080514105582セイイーグル　　　　　　　　　　　　 15.3  2.8 -7.7-10.0 -5.8 14  0.0                           
081744080613104027グランセノーテ　　　　　　　　　　　  2.8  1.2 16.6 32.3 15.8 36 19.0                           
081744080713103937フランチェスコ　　　　　　　　　　　 36.8  5.8 -9.7-10.3 -6.6 13  0.0                           
081744080814101827クリノライメイ　　　　　　　　　　　  2.5  1.2 28.0 16.7 15.3 35 15.4                           
081744080913102460スナークレッド　　　　　　　　　　　 29.5  4.8-14.0-12.5 -8.9 11  0.0                           
081744081014102962マコトタリスマン　　　　　　　　　　  8.3  2.0 14.3 10.0  8.2 28 11.7                           
081744090115104899マイハートビート　　　　　　　　　　  5.0  2.4  7.4 -2.7  1.9 22  6.9                           
081744090215100533ドンアルゴス　　　　　　　　　　　　  3.9  1.9 11.6  9.3  7.0 27  9.9  1  142   51              
081744090315106036タニノミステリー　　　　　　　　　　  7.1  3.3  3.6 13.1  5.3 25 21.5  5                        
081744090415105202ニシノベースマン　　　　　　　　　　 13.4  5.4  0.5  0.2  0.2 20  9.6                           
081744090515104356シースプラッシュ　　　　　　　　　　  2.9  1.5 18.1 20.1 12.7 33 19.0                           
081744090615104898トゥザフロンティア　　　　　　　　　  2.8  1.5 16.8 21.1 12.5 32 10.8  2                        
081744100112105352インクレディブル　　　　　　　　　　 22.4  3.6 -8.2 11.7  0.5 31  0.0                           
081744100213103343ユウチェンジ　　　　　　　　　　　　 27.1  4.2-15.0-10.4 -8.6 21  0.0                           
081744100314102647チトニア　　　　　　　　　　　　　　  4.3  1.3 13.5 20.4 11.1 41 20.5  3                        
081744100413104544ビナイーグル　　　　　　　　　　　　 12.1  2.3  2.1  6.2  2.6 33  0.0                           
081744100514106138ベルカプリ　　　　　　　　　　　　　 16.4  2.9  5.3  5.4  3.6 34 20.6                           
081744100614103208バルベーラ　　　　　　　　　　　　　 13.1  2.4  4.5  4.6  3.0 33  0.0                           
081744100713100641レオナルド　　　　　　　　　　　　　  2.8  1.2 17.1 17.5 11.5 42 16.8                           
081744100812105197ウイングタイガー　　　　　　　　　　 46.6  6.8-10.9 -4.6 -5.4 25  0.0                           
081744100913105537カイザーバル　　　　　　　　　　　　  2.3  1.2 17.6 27.2 14.6 45 17.4                           
081744110111105044マコトサダイジン　　　　　　　　　　 28.0  5.3 -7.1 -5.0 -4.1 31 11.4A 0                        
081744110212100560テルメディカラカラ　　　　　　　　　 18.3  3.7  4.6 29.0 10.4 45 10.8                           
081744110310200007サンマルホーム　　　　　　　　　　　 57.3  9.9-10.9-10.7 -7.2 28  0.0                           
081744110414101898ミスパンテール　　　　　　　　　　　  6.5  1.9 13.1  8.8  7.4 42  6.9  5                        
081744110512103942レーヌドブリエ　　　　　　　　　　　  5.0  1.6 13.8 14.3  9.4 44  4.1                           
081744110611105562ティーエスネオ　　　　　　　　　　　 13.1  2.9  5.6  9.3  4.8 40 13.3  5                        
081744110714105928サロニカ　　　　　　　　　　　　　　  5.2  1.6  7.6 18.2  8.2 43 20.5                           
081744110810101884デンコウリキ　　　　　　　　　　　　 11.5  2.6  4.9  6.0  3.6 39  0.0                           
081744110911102076メイクアップ　　　　　　　　　　　　 29.4  5.5 -7.7 -1.2 -3.2 32  8.4                           
081744111013105811レッドアヴァンセ　　　　　　　　　　  2.2  1.2 18.9 21.8 13.5 48 10.8                           
081744111114105526シーズララバイ　　　　　　　　　　　 18.2  3.7  9.7 -3.6  2.5 37  0.0                           
081744120113102037ドライヴナイト　　　　　　　　　　　 10.7  2.3 10.4 10.2  6.9 37  0.0                           
081744120213103738メイショウノボサン　　　　　　　　　  6.9  1.9 10.0 21.4 10.1 40 18.6                           
081744120314104487トロピカルスパート　　　　　　　　　 19.2  3.7  5.8 -4.8  0.7 31  0.0                           
081744120410104044アドマイヤシェル　　　　　　　　　　 22.8  4.2 -7.7  6.6 -0.8 29  0.0                           
081744120514103085マルモレイナ　　　　　　　　　　　　 22.0  4.1-10.9-13.1 -7.9 22  0.0                           
081744120611103445ロードヴォルケーノ　　　　　　　　　 17.9  3.5 -3.0 -4.3 -2.4 28  0.0                           
081744120713105956ソーディヴァイン　　　　　　　　　　  2.5  1.3 18.9 20.8 13.2 43 15.4                           
081744120811104269モンラッシェ　　　　　　　　　　　　 39.2  6.7 -3.9-10.2 -4.5 26 13.2                           
081744120914100959メイショウラケーテ　　　　　　　　　 18.1  3.5-11.6 -5.0 -5.8 24  0.0                           
081744121010104105ヒドゥンブレイド　　　　　　　　　　 30.4  5.4 -7.7-10.1 -5.9 24  0.0                           
081744121113103618ヴェンジェンス　　　　　　　　　　　  3.4  1.4 16.2 23.5 13.0 43 19.0                           
081744121211102912ピースマーク　　　　　　　　　　　　 10.8  2.4  7.4  6.9  4.8 35 12.5                           
