021624010114106436メイクグローリー　　　　　　　　　　  3.2  1.3 12.8 14.5  9.2 14 17.3                           
021624010214103703マイネルトルペード　　　　　　　　　  5.4  1.6 16.8 15.0 10.5 16 20.2                           
021624010314105193マスターマインド　　　　　　　　　　 29.3  5.0  0.7 -6.3 -2.1  3  0.0                           
021624010414104415ハヤブサナンデダロ　　　　　　　　　  4.5  1.4 14.6 13.8  9.4 14  0.0                           
021624010514100194ダブルディライト　　　　　　　　　　 12.3  2.5 -2.7 12.9  3.9  9  0.0  4                        
021624010614100934ラッシュアウト　　　　　　　　　　　  2.5  1.2 18.7 30.2 16.7 22 15.8                           
021624010714109045スズカサニーサイド　　　　　　　　　 38.8  6.4-11.5 -5.3 -5.4  0  0.0                           
021624010814101124サンタンパ　　　　　　　　　　　　　 15.6  3.0 -2.7-17.5 -7.2 -2  0.0                           
021624010914100237エレクトリイオネ　　　　　　　　　　 34.5  5.8-11.2-10.3 -7.1 -2  0.0                           
021624020113101030フュテール　　　　　　　　　　　　　  3.1  1.3 14.6 17.2 10.7 16 17.3                           
021624020213101511ヤマチョウルンバ　　　　　　　　　　  9.5  2.4 10.6 22.0 11.2 16 21.6                           
021624020313101394キセキノムスメ　　　　　　　　　　　 42.2  7.4-12.9-17.5-10.3 -5  0.0                           
021624020413105642レッドビアンカ　　　　　　　　　　　 39.5  6.9-11.5-12.2 -7.9 -3  0.0                           
021624020513101577フレッシュギャル　　　　　　　　　　  5.9  1.7  6.7  8.7  5.2 10  0.0                           
021624020613109085スプレンディード　　　　　　　　　　 56.0  9.3-11.5-10.3 -7.2 -2  0.0                           
021624020713100869デルマジロキチ　　　　　　　　　　　  7.3  2.0 15.9 19.8 12.0 17  0.0  3                        
021624020813100160タケルアロー　　　　　　　　　　　　  2.8  1.3 23.1 30.4 18.1 23 15.8  1  158   56              
021624020913103585スリーサンレーザー　　　　　　　　　 34.7  6.2-11.5-10.3 -7.2 -2  0.0                           
021624021013101820オルテジー　　　　　　　　　　　　　 22.3  4.2-11.5 -4.6 -5.1  0  0.0  5                        
021624021113100129エクラパール　　　　　　　　　　　　 12.8  2.7  0.6 14.9  5.6 11  0.0  3                        
021624021213106244ハナジロー　　　　　　　　　　　　　 17.4  3.5-11.2 -9.0 -6.7 -2  0.0                           
021624030113105940プラチナメモリー　　　　　　　　　　 28.4  6.0-12.9-14.3 -9.1 -4  0.0                           
021624030213104024アカプルコノユウヒ　　　　　　　　　 32.6  6.9-11.2-17.9 -9.9 -5  0.0  0                        
021624030313104959シャウトオブジョイ　　　　　　　　　 12.8  3.1  3.8  1.8  1.8  7  0.0                           
021624030413102076クリノアローハ　　　　　　　　　　　 49.4 10.1-11.8-10.1 -7.2 -2  0.0                           
021624030513103627タニマサガール　　　　　　　　　　　 27.3  5.8 11.5  3.5  4.7 10  0.0                           
021624030613105700ラパンノワール　　　　　　　　　　　 18.3  4.2-11.5 15.3  2.2  7  0.0  5                        
021624030713103051プレアマール　　　　　　　　　　　　 68.8 13.4-11.2-10.7 -7.3 -2  0.0                           
021624030813104700モリガンドール　　　　　　　　　　　 24.8  5.4-12.9  1.6 -3.3  2  0.0  1  412   42              
021624030913104507ペイルブルードット　　　　　　　　　 13.2  3.2 12.3  8.5  6.8 12  0.0                           
021624031013106009タイセイアモーレ　　　　　　　　　　  9.4  2.7-11.5-15.1 -9.0 -4  0.0                           
021624031113101518ルピナスベル　　　　　　　　　　　　  4.0  1.7 19.9 18.8 12.9 18 17.3                           
021624031213103743ダーリンラブラ　　　　　　　　　　　 12.8  3.1 -3.2  8.1  2.0  7 23.0                           
021624031313105548シェヴェルニー　　　　　　　　　　　  8.6  2.5 13.9 30.0 15.2 20  0.0                           
021624031413101351ワタシニマカセテ　　　　　　　　　　 32.8  6.9-11.2-10.7 -7.3 -2  0.0                           
021624031513106149ハンナ　　　　　　　　　　　　　　　 12.8  3.1-11.2  3.8 -2.0  3  0.0                           
021624031613106192マカレア　　　　　　　　　　　　　　  3.4  1.6  6.9 26.4 11.8 17 15.8  1  181   57              
021624040113105853アンテレクテュエル　　　　　　　　　 12.8  3.2  9.1 -8.4 -0.3  5  0.0  0                        
021624040213104465ゴテツ　　　　　　　　　　　　　　　  3.1  1.4 12.4 19.0 10.7 16 15.8                           
021624040313103735メイショウトビザル　　　　　　　　　  5.2  1.8 18.7 22.1 13.7 19  0.0  2                        
021624040413102900グレートジーピー　　　　　　　　　　 14.2  3.5-11.5-13.8 -8.5 -4  0.0                           
021624040513110139セイクリッドシー　　　　　　　　　　  7.5  2.3  4.9  4.1  3.0  8 20.2  0                        
021624040613105129フィールザシルバー　　　　　　　　　  7.6  2.3-11.5 -7.4 -6.2 -1  0.0                           
021624040713101765マコトシャムロック　　　　　　　　　  7.9  2.4 -2.7 -8.9 -4.1  1  0.0                           
021624040813110026アメリカントップ　　　　　　　　　　  5.0  1.8 14.3  9.2  7.7 13 17.3                           
021624040913104086エランドールシチー　　　　　　　　　  8.0  2.4 10.6 12.0  7.6 13  0.0  5                        
021624050114102897トリオンフ　　　　　　　　　　　　　  6.2  1.7  8.3 10.3  6.3  6 18.7  0                        
021624050214106118マジカルスペル　　　　　　　　　　　  2.5  1.2 20.7 16.0 12.1 12 15.8                           
021624050314103938ハイハット　　　　　　　　　　　　　 18.5  3.3-11.5  9.0 -0.2  0  0.0  5                        
021624050414104702プティットクルール　　　　　　　　　  8.3  2.0 13.9  2.5  5.1  5  0.0                           
021624050514104877ペイシャフローレス　　　　　　　　　  6.3  1.7 13.8  6.2  6.4  6  0.0                           
021624050614104072ボナパルト　　　　　　　　　　　　　  2.8  1.3 27.6 14.3 13.5 14 17.3                           
021624050714100732コスモスコーチ　　　　　　　　　　　 31.1  5.1-13.8-10.6 -8.0 -8  0.0  5                        
021624050814103527マイネルアクスト　　　　　　　　　　 25.8  4.3-13.8-20.0-11.5-11  0.0                           
021624050914105192プラチナヴォイス　　　　　　　　　　 17.9  3.3  6.9 -2.6  1.1  1  0.0                           
021624060113105352アグネスザルーツ　　　　　　　　　　  5.5  1.8 17.6 17.4 11.7 17  0.0                           
021624060213105030ヴィクトールカフェ　　　　　　　　　 20.3  4.6-11.5 -1.6 -4.0  1  0.0  0                        
021624060313105036インテグリティー　　　　　　　　　　 36.7  7.6-12.9  8.1 -0.9  4  0.0                           
021624060413104260コスモリシャール　　　　　　　　　　 37.7  7.8 -2.7 -5.3 -2.8  2  0.0                           
021624060513105731ホーリーフルーツ　　　　　　　　　　  4.5  1.7-13.8 16.7  2.0  7 17.3  4                        
021624060613104876キャノンストリート　　　　　　　　　 11.8  2.9  0.5  7.3  2.8  8  0.0                           
021624060713103964アップトゥイレヴン　　　　　　　　　 34.9  7.3-11.5 -5.8 -5.6 -1  0.0                           
021624060813100330ライジョー　　　　　　　　　　　　　130.1 24.6-11.5 -9.4 -6.9 -2  0.0                           
021624060913105379レッドスペラーレ　　　　　　　　　　 15.3  3.6-11.5-20.0-10.8 -6  0.0                           
021624061013106344コスモボーラー　　　　　　　　　　　 61.9 12.0-10.2-11.7 -7.3 -2  0.0                           
021624061113102847ミッレミリア　　　　　　　　　　　　 13.5  3.2  0.6 17.0  6.4 11  0.0  2                        
021624061213103492メイショウティグレ　　　　　　　　　  8.6  2.5  6.9 13.6  7.1 12  0.0                           
021624061313102936ゴールドトパーズ　　　　　　　　　　 23.9  5.2-11.5-13.8 -8.5 -4  0.0                           
021624061413105539ヨカグラ　　　　　　　　　　　　　　  3.1  1.4 15.5 27.4 14.7 20 15.8  1  198   62              
021624061513102075ヴェリタスフェスタ　　　　　　　　　 16.2  3.8  3.6 12.0  5.5 10 25.9  5                        
021624061613100636ショートストーリー　　　　　　　　　 63.8 12.4-11.5-13.1 -8.3 -3  0.0                           
021624070112105277ハドウホウ　　　　　　　　　　　　　 43.9  8.0-11.5-10.3 -7.2 13  0.0                           
021624070213105004ハネト　　　　　　　　　　　　　　　 36.6  6.8  1.8  0.5  0.7 21  0.0                           
021624070312100829シャトルソニック　　　　　　　　　　 37.8  7.0-11.5-20.0-10.8  9  0.0                           
021624070412105737チェリーサマー　　　　　　　　　　　  4.6  1.5 20.3  3.0  7.2 27 18.7                           
021624070513102792ペイシャオトメ　　　　　　　　　　　 21.7  4.3 -2.7 -5.3 -2.8 17  0.0                           
021624070611105627トウカイマインド　　　　　　　　　　 37.6  6.9-11.5 -6.1 -5.7 14  0.0  5                        
021624070712105899コンドルヒデオ　　　　　　　　　　　  8.2  2.2 14.6  5.6  6.4 26  0.0                           
021624070812102008カシノキングダム　　　　　　　　　　 24.2  4.7-11.5 -1.8 -4.1 16  0.0                           
021624070912102705コパノチャールズ　　　　　　　　　　 39.9  7.3-11.5 -4.1 -5.0 15  0.0                           
021624071012102504オルフィーク　　　　　　　　　　　　  2.9  1.3 10.2 13.4  8.0 28 15.8                           
021624071113100345セレノグラフィー　　　　　　　　　　  3.4  1.4 14.6 22.9 12.8 33  0.0  1  145   50              
021624071213103614チェイスダウン　　　　　　　　　　　  5.8  1.8  9.3  9.0  6.1 26 20.2  5                        
021624080113104790スクリューネイバー　　　　　　　　　 34.6  6.1-11.2 -4.4 -5.0 15  0.0  5                        
021624080212104249レッドディザーブ　　　　　　　　　　 12.8  2.7  9.3 17.2  9.1 29  0.0                           
021624080310104477サダムダイジョウブ　　　　　　　　　 13.5  2.8 -0.5  0.9  0.2 20  0.0                           
021624080412100853ツクバイーメーカー　　　　　　　　　 11.4  2.5 -2.7  0.8 -0.5 19  0.0                           
021624080512110026ウインエアフォース　　　　　　　　　 39.0  6.8-11.2-20.0-10.7  9  0.0  0                        
021624080611104070デジタルフラッシュ　　　　　　　　　 16.9  3.4 20.1 -6.4  3.7 24  0.0  0                        
021624080712100413エンクエントロス　　　　　　　　　　  5.7  1.7 -1.9  3.3  0.6 21  0.0                           
021624080812102958ベーリングメファ　　　　　　　　　　  2.0  1.2 18.7  6.0  7.8 28 15.8                           
021624080912110043ドリームキラリ　　　　　　　　　　　  5.9  1.7 -2.7 26.0  8.7 29 18.7  2                        
021624081012105420ノースランドボーイ　　　　　　　　　  6.5  1.8 15.5 11.1  8.7 29 20.2C                          
021624090113103082サフランハート　　　　　　　　　　　  4.6  1.6  9.3  7.5  5.5 26 17.3                           
021624090211102350コスモイノセント　　　　　　　　　　 12.4  2.8 -0.5  1.5  0.4 20  0.0                           
021624090313104362コスモフレンチ　　　　　　　　　　　  7.4  2.1 -2.7 18.0  5.8 26  0.0  5                        
021624090413110055エアオブザドラゴン　　　　　　　　　 13.9  3.1  4.9 -3.6  0.2 20  0.0  3                        
021624090511101776ビリーヴザワン　　　　　　　　　　　  8.6  2.3 12.4 22.2 11.9 32 21.6  4                        
021624090611106102ヴァッフシュテルケ　　　　　　　　　 28.7  5.5 -1.9 -5.0 -2.4 18  0.0                           
021624090712104385レッドファーレン　　　　　　　　　　 22.9  4.5-11.2-12.2 -7.8 12  0.0                           
021624090812100836ヒメキヨヒダカ　　　　　　　　　　　 56.5 10.0-11.5-10.7 -7.4 13  0.0                           
021624090913102594フレンチイデアル　　　　　　　　　　  2.4  1.3 18.7 21.2 13.4 33 15.8                           
021624091011100187クリノツネチャン　　　　　　　　　　 31.1  5.9-11.2 -5.3 -5.3 15  0.0                           
021624091112104172オメガタックスマン　　　　　　　　　  8.1  2.2 15.5  7.5  7.4 27  0.0  5                        
021624091213104598マダムクレアシオン　　　　　　　　　 14.2  3.1-11.5-10.9 -7.4 13  0.0  0                        
021624100111105816エイシンスペーシア　　　　　　　　　 48.9  9.2-12.9-20.0-11.2 19  0.0  0                        
021624100211103695サンライズアルブル　　　　　　　　　  7.5  2.2 -0.8  6.7  2.2 32  0.0  5                        
021624100311100368ワイルドコットン　　　　　　　　　　  8.0  2.3 10.4  9.7  6.7 37  0.0                           
021624100411102464リーゼントロック　　　　　　　　　　 11.3  2.7  6.9  5.7  4.2 34 23.0  5                        
021624100511104837キーアシスト　　　　　　　　　　　　 12.1  2.8-12.9 12.0  0.5 31  0.0  5                        
021624100613100358サトノファンタシー　　　　　　　　　  2.8  1.4 23.1 17.8 13.5 43 15.8                           
021624100711103602ルヴァンカー　　　　　　　　　　　　 26.2  5.2 -2.7 -1.5 -1.4 29  0.0                           
021624100812101895トミケンシャルゴー　　　　　　　　　  8.4  2.3  2.1 13.2  5.5 35  0.0  3                        
021624100911103071メイショウホウトウ　　　　　　　　　 35.6  6.9-11.5-10.3 -7.2 23  0.0                           
021624101011102567アスカクイン　　　　　　　　　　　　 16.6  3.6  2.3  0.8  1.0 31  0.0  5                        
021624101110106126セルリアンサーロス　　　　　　　　　 34.0  6.6-11.8-10.1 -7.2 23  0.0                           
021624101210104093ロンギングエース　　　　　　　　　　 36.8  7.1-11.5-10.7 -7.4 23  0.0                           
021624101311104628ハナズリベンジ　　　　　　　　　　　  4.1  1.6 15.7  9.2  8.1 38 17.3                           
021624110109106344マデイラ　　　　　　　　　　　　　　 63.5 14.8-11.5 -9.9 -7.1 43  0.0                           
021624110208103273トーセンレーヴ　　　　　　　　　　　 19.0  5.1-11.5 -7.1 -6.1 44  0.0                           
021624110310110014レッドレイヴン　　　　　　　　　　　 10.6  3.1 18.7 14.2 10.8 61  0.0  3                        
021624110412106023バイガエシ　　　　　　　　　　　　　  5.8  2.2  1.8 24.0  9.3 59 17.3                           
021624110511101188マテンロウボス　　　　　　　　　　　  8.7  2.9  3.6  8.1  4.1 54  0.0                           
021624110610105964マイネルミラノ　　　　　　　　　　　  9.5  3.1  0.5 17.6  6.6 57 24.5                           
021624110711106350マイネルフロスト　　　　　　　　　　 19.1  5.1  4.9  3.2  2.6 53 30.2  0                        
021624110810104113ケイティープライド　　　　　　　　　 21.8  5.6 -1.9-11.3 -4.7 45  0.0  0                        
021624110908102064ホッコーブレーヴ　　　　　　　　　　 28.1  7.1-13.8-11.7 -8.4 42  0.0                           
021624111011103985ツクバアズマオー　　　　　　　　　　 18.1  4.8 -2.7-10.3 -4.6 45  0.0  0                        
021624111111104957フェイマスエンド　　　　　　　　　　  8.6  2.9-11.5  3.0 -2.3 48  0.0                           
021624111211103978ネオリアリズム　　　　　　　　　　　  8.0  2.7-13.8 -2.0 -4.9 45  0.0  0                        
021624111310104221オツウ　　　　　　　　　　　　　　　 48.2 11.7-13.8-17.8-10.7 39  0.0  0                        
021624111411100066トゥインクル　　　　　　　　　　　　 23.2  5.9 -2.7  6.2  1.5 51  0.0                           
021624111510103940ダービーフィズ　　　　　　　　　　　  9.2  3.0 -0.5 -8.3 -3.2 47  0.0  0                        
021624111609106351ファントムライト　　　　　　　　　　  5.0  2.0-13.8  8.7 -0.9 49  0.0                           
021624120111101038エアカーディナル　　　　　　　　　　 21.7  4.3-12.9-11.2 -8.0 22  0.0                           
021624120210102288バイタルフォルム　　　　　　　　　　 24.2  4.7-12.9 -7.4 -6.6 23  0.0                           
021624120310103016ピュアソルジャー　　　　　　　　　　 45.2  8.3-11.5-10.7 -7.4 23  0.0                           
021624120410104309ジューヴルエール　　　　　　　　　　 17.5  3.7 12.6  1.7  4.4 34  0.0                           
021624120512102740デンコウインパルス　　　　　　　　　  4.7  1.6 12.4 16.3  9.7 40  0.0                           
021624120613105771アルカサル　　　　　　　　　　　　　  3.5  1.4 14.2 22.2 12.4 42 17.3  1  145   50              
021624120713102118ミッテルレギ　　　　　　　　　　　　 24.2  4.7-11.5  6.9 -0.9 29  0.0  3                        
021624120811106405ギブアンドテイク　　　　　　　　　　 24.8  4.8 -2.7-14.1 -6.0 24  0.0                           
021624120912102741ケルンダッシュ　　　　　　　　　　　  6.9  2.0 14.6 11.5  8.6 39 20.2                           
021624121011103545トウキョウタフガイ　　　　　　　　　  8.0  2.2  6.9  6.2  4.3 34  0.0                           
021624121112103708サブライムカイザー　　　　　　　　　  2.9  1.3 20.3  8.7  9.3 39 15.8                           
031626010114104953フェアリーウイング　　　　　　　　　 46.7  8.2-10.0 -7.8 -5.9 -1  0.0                           
031626010214103807ニシノキスミー　　　　　　　　　　　 11.2  2.5 20.0 25.9 15.5 20 10.3  1  323   33              
031626010314103620コパカバーナ　　　　　　　　　　　　  5.4  1.7 15.6 17.5 11.1 16  0.0                           
031626010414100625ポンポン　　　　　　　　　　　　　　  2.8  1.3 15.0 23.6 13.2 18 18.1  1  246   33              
031626010514100110オレンジポピー　　　　　　　　　　　 80.6 13.4-11.5-11.5 -7.7 -3  0.0                           
031626010614109012ワイナルダム　　　　　　　　　　　　 48.3  8.5 -3.4 -3.0 -2.1  3  0.0                           
031626010714105026タントミール　　　　　　　　　　　　 11.9  2.6  6.0 11.9  6.2 11  0.0  5                        
031626010814101498ブランシュ　　　　　　　　　　　　　 24.3  4.6 -7.4  6.8  0.3  5  0.0                           
031626010914100326デイバイデイ　　　　　　　　　　　　 60.1 10.1-10.0-13.7 -8.0 -3  0.0                           
031626011014100453デカ　　　　　　　　　　　　　　　　  3.3  1.4 12.0 19.5 10.8 16 19.8                           
031626011114105080スズカゼ　　　　　　　　　　　　　　  9.4  2.4 10.0 16.9  9.2 14  6.8  4                        
031626011214102333コスモローイエット　　　　　　　　　 33.5  6.1-11.5  1.2 -3.0  2  0.0                           
031626011314101066クリノユウコリン　　　　　　　　　　 14.3  3.0  3.6  7.0  3.6  9  8.2                           
031626011414105160サルートアゲン　　　　　　　　　　　 94.1 15.5-11.5-16.5 -9.5 -5  0.0  0                        
031626020113105616ベルラヴォーロ　　　　　　　　　　　 58.4 12.3-10.0 -8.5 -6.1 -1  0.0                           
031626020213106145ジュントップヒトミ　　　　　　　　　  4.4  1.7 16.3 14.9 10.4 15  5.8                           
031626020313106068ベストレート　　　　　　　　　　　　 17.5  4.3  6.0  1.5  2.3  7  0.0  3                        
031626020413101630クィーンビー　　　　　　　　　　　　 31.7  7.2-11.5 -4.7 -5.2  0  0.0  0                        
031626020513105996スコルツェッテ　　　　　　　　　　　 23.4  5.5  0.8 10.9  4.2  9  8.7                           
031626020613101909ベルフラワー　　　　　　　　　　　　  9.4  2.8  9.3 10.7  6.7 12  0.0                           
031626020713104484スマートアルファ　　　　　　　　　　 63.1 13.3-11.4-11.5 -7.6 -3  0.0                           
031626020813101445ウインガーネット　　　　　　　　　　 34.4  7.7 -3.8-18.3 -7.8 -3  0.0                           
031626020913103464ルーレットクイーン　　　　　　　　　  6.6  2.2  4.1  7.0  3.8  9  6.8                           
031626021013100913アツコ　　　　　　　　　　　　　　　 83.4 17.3-11.5-11.0 -7.5 -2  0.0                           
031626021113105205ツボミ　　　　　　　　　　　　　　　  4.6  1.7 12.0 20.8 11.2 16 15.1                           
031626021213106077リヴァディア　　　　　　　　　　　　  7.0  2.3 20.0 12.6 10.6 16 10.3C                          
031626021313103463バカラボナセーラ　　　　　　　　　　 49.9 10.9-11.5-16.7 -9.6 -5  0.0  0                        
031626021413102107グッディー　　　　　　　　　　　　　 63.8 13.4-13.6-12.2 -8.6 -4  0.0                           
031626021513106017アフィニータ　　　　　　　　　　　　  4.1  1.6  6.0 15.0  7.3 12 18.1                           
031626021613105400ラガマフィン　　　　　　　　　　　　 28.3  6.5-11.5  6.2 -1.2  4  0.0                           
031626030113106311ウインバーニング　　　　　　　　　　 14.4  2.5  7.6 17.5  8.7 14  7.2                           
031626030213105083シルバーライン　　　　　　　　　　　 68.1  9.1-13.2-14.8 -9.4 -4  0.0                           
031626030313105899バーニングマン　　　　　　　　　　　 15.6  2.7 -1.6-12.2 -5.0  0  0.0                           
031626030413104474キャバリアキング　　　　　　　　　　 65.3  8.8-10.0-10.2 -6.7 -2  0.0                           
031626030513105423サンデリアーナ　　　　　　　　　　　 11.6  2.2  6.0 18.8  8.7 14  6.7                           
031626030613105922アドマイヤテンホウ　　　　　　　　　 11.1  2.1  8.5 11.1  6.6 12  8.9                           
031626030713103927キョウエイパワー　　　　　　　　　　 29.3  4.4 -0.2 -4.2 -1.6  3  0.0                           
031626030813109112テンエイロータス　　　　　　　　　　 75.1 10.0-10.4-16.5 -9.2 -4  0.0  0                        
031626030913104451ミヤコノアバランチ　　　　　　　　　 18.9  3.1 -5.7  6.4  0.6  6  0.0                           
031626031013105675ショウナンハオウ　　　　　　　　　　 45.3  6.4-10.0-12.8 -7.7 -3  0.0                           
031626031113103639サインズストーム　　　　　　　　　　 18.1  3.0 -1.1-11.6 -4.6  0  0.0                           
031626031213100502グレートエンパイア　　　　　　　　　  4.0  1.4 15.0 17.2 10.8 16 19.8                           
031626031313103531ボーントゥレイン　　　　　　　　　　  1.8  1.2 20.0 22.5 14.3 19 18.1                           
031626040109101516クリールハヤテ　　　　　　　　　　　 15.8  3.1 -2.9 -0.1 -0.9 -1  0.0                           
031626040212100154ディナール　　　　　　　　　　　　　 28.3  4.9-10.4-12.4 -7.7 -8 12.3  0                        
031626040310106194ポロロッカ　　　　　　　　　　　　　 33.8  5.8-10.4 -2.0 -3.9 -4  0.0                           
031626040410100777マイネルイルミナル　　　　　　　　　  5.1  1.5  6.2 16.3  7.8  8 12.5  3                        
031626040509102216トーセンアゲイン　　　　　　　　　　  2.5  1.2 20.7 33.2 18.4 18 18.1  1  359   50              
031626040608103400グレイレジェンド　　　　　　　　　　  7.7  2.0 12.5 15.9  9.6 10  0.0  4                        
031626040712106003シゲルヒノクニ　　　　　　　　　　　  3.2  1.3 12.4 17.2 10.0 10 19.8C 3                        
031626040810101257ポンデザムール　　　　　　　　　　　  8.5  2.1-10.4  6.2 -0.8 -1  0.0                           
031626040912104813プルーヴダモール　　　　　　　　　　 30.1  5.2-12.5  5.9 -1.6 -2  0.0                           
031626041012102185トーセンスラッガー　　　　　　　　　 19.6  3.7  6.2  1.8  2.5  3  0.0                           
031626050114105270マグナスエフェクト　　　　　　　　　 13.7  3.3 -1.3 -2.5 -1.3 -1  0.0                           
031626050214105178メリークン　　　　　　　　　　　　　 10.9  2.8  2.8  4.7  2.6  3  7.2                           
031626050314100210ウインハイラント　　　　　　　　　　 16.4  3.8 -2.2-11.0 -4.7 -5  8.6                           
031626050414104253マツリダロマンス　　　　　　　　　　  8.2  2.4  9.2  6.2  5.0  5 16.3                           
031626050514103790アイアムノーブル　　　　　　　　　　 12.7  3.1 -1.3 -2.2 -1.2 -1  0.0                           
031626050614100693コスモエアターン　　　　　　　　　　 52.6 10.7 -7.1-14.8 -7.6 -8  0.0                           
031626050714101841クラウントゥレス　　　　　　　　　　  4.8  1.7 16.3 15.0 10.4 10 12.5  2                        
031626050814103904シゲルクロジャガー　　　　　　　　　 35.6  7.4-10.0-12.6 -7.6 -8  0.0  0                        
031626050914100677マイネルエフォート　　　　　　　　　 39.4  8.2 -8.5-11.7 -6.8 -7  0.0                           
031626051014104218ヒマラヤパルプンテ　　　　　　　　　104.8 20.0-11.5-14.8 -8.9 -9  0.0                           
031626051114102738エクセルビーム　　　　　　　　　　　 64.5 12.6 -7.6 -6.3 -4.6 -5  0.0                           
031626051214104286ディバインコード　　　　　　　　　　  4.2  1.6 12.2 20.7 11.3 11  8.2                           
031626051314104763ダイワファッション　　　　　　　　　 26.3  5.7-13.6-10.2 -7.8 -8  0.0                           
031626051414106228ヴァンクールシルク　　　　　　　　　  3.3  1.5 17.6 11.5  9.5  9 12.8                           
031626051514100139サルヴェレジーナ　　　　　　　　　　 29.6  6.3 -9.8  7.2 -0.3  0  0.0                           
031626060113103147マイネルシュタット　　　　　　　　　 35.7  7.7-13.6-13.7 -9.1 -4  0.0                           
031626060213103908ウエスタンボルト　　　　　　　　　　 17.1  4.1-10.0 -9.8 -6.6 -2 12.3                           
031626060313103005ショウナンラピュタ　　　　　　　　　  5.6  1.9 14.5 10.0  8.0 13 12.5                           
031626060413103323ループドライブ　　　　　　　　　　　 31.9  7.0-13.6-11.4 -8.3 -3  0.0                           
031626060513105235ボーシエル　　　　　　　　　　　　　  3.4  1.5 11.8 12.2  8.0 13 10.6                           
031626060613102530フッカツノノロシ　　　　　　　　　　 20.8  4.9 -1.6-14.8 -5.9 -1  0.0                           
031626060713103312トウカイビヨンド　　　　　　　　　　  6.7  2.2 10.4 17.7  9.6 15  9.6                           
031626060813105604レッドアルソード　　　　　　　　　　  4.7  1.8 20.0 16.2 11.9 17 14.0C                          
031626060913104975テイエムダイバリキ　　　　　　　　　 68.1 13.8 -2.9 -3.3 -2.1  3  0.0                           
031626061013104779ビークイック　　　　　　　　　　　　 14.6  3.6  0.3 -2.6 -0.9  4  0.0  5                        
031626061113105125サムライフォンテン　　　　　　　　　 39.5  8.5-10.0 -2.0 -3.7  1  0.0                           
031626061213104524サトノオマージュ　　　　　　　　　　 29.3  6.5 -5.1 -9.5 -5.0  0  0.0                           
031626061313104107タネホカホカ　　　　　　　　　　　　 16.0  3.9-10.0  2.6 -2.0  3  0.0                           
031626061413100134ガイセリック　　　　　　　　　　　　 87.7 17.6-11.5-11.6 -7.7 -3  0.0                           
031626061513100258ドラゴンイモン　　　　　　　　　　　  7.0  2.2  6.0 12.1  6.2 11  7.2                           
031626070113102046ピュアミライ　　　　　　　　　　　　 92.8 15.1-11.5-10.2 -7.2 -2  0.0                           
031626070213100914ナカヤマアーサー　　　　　　　　　　 17.3  3.5 -7.2-12.2 -6.6 -2  0.0                           
031626070313101904マイネルヴァッサー　　　　　　　　　 18.7  3.7  2.6  2.3  1.6  7  0.0                           
031626070413102599スギノグローアップ　　　　　　　　　  3.4  1.3 14.0 10.9  8.2 13 14.0                           
031626070513105900アクート　　　　　　　　　　　　　　  3.7  1.3 17.5 18.6 12.1 17  6.2                           
031626070613103947シュティルヴァルト　　　　　　　　　  2.6  1.2 20.4 23.6 14.8 20 18.1                           
031626070713105702レベルフラッグ　　　　　　　　　　　 26.6  4.9-10.0-11.8 -7.3 -2  0.0                           
031626070813105342アイアムヒラケゴマ　　　　　　　　　 56.2  9.4 -9.8-12.2 -7.4 -2  0.0                           
031626070913104961アピアリング　　　　　　　　　　　　 10.9  2.4  6.0  9.7  5.4 10 23.1  5                        
031626071013104472チョンマゲ　　　　　　　　　　　　　 67.6 11.2 -7.6 -2.2 -3.1  2  0.0                           
031626071113100083セシルクラウン　　　　　　　　　　　 20.1  3.9  1.2 10.4  4.2  9  0.0                           
031626071213109107キングオブビースト　　　　　　　　　 38.3  6.8 -9.4-11.7 -7.1 -2  0.0                           
031626071313105782フェルメールアート　　　　　　　　　 22.1  4.2 -2.8  2.5  0.1  5  0.0                           
031626080111100988コスモラパン　　　　　　　　　　　　  8.7  2.4 15.2 13.1  9.4 29  6.3                           
031626080211103243ショウナンバクフウ　　　　　　　　　 29.6  5.9 12.0-10.0 -0.1 20  0.0                           
031626080313102854メリートーン　　　　　　　　　　　　 12.2  2.9 -1.0 14.1  4.9 25  7.7                           
031626080413100054スマートアリシア　　　　　　　　　　 35.0  6.9 -9.5 18.3  3.9 24  0.0                           
031626080513102967プリンセスオーラ　　　　　　　　　　 62.2 11.5-11.5-11.8 -7.8 12  0.0                           
031626080613105601ダイワダッチェス　　　　　　　　　　  2.2  1.3 20.0 20.7 13.6 34 18.1                           
031626080713104449グラミスキャッスル　　　　　　　　　 17.5  3.8  0.0  6.6  2.4 22  0.0                           
031626080811109147クラウンデュナミス　　　　　　　　　133.2 23.8-11.5 -9.8 -7.0 13  0.0                           
031626080913102061グリーンバシリスク　　　　　　　　　  8.7  2.4 10.0 14.0  8.1 28  0.0                           
031626081011106613リトル　　　　　　　　　　　　　　　119.9 21.5-10.0-14.8 -8.4 12  0.0                           
031626081112102169ウィズアットレース　　　　　　　　　 22.7  4.7-10.0 -8.9 -6.3 14  0.0  0                        
031626081213102827コリーナ　　　　　　　　　　　　　　  7.7  2.2  4.5 17.7  7.8 28 14.0                           
031626081312105221スズヨサムソン　　　　　　　　　　　 29.0  5.8-10.0 -7.6 -5.8 14  0.0                           
031626081412100411フクノグローリア　　　　　　　　　　  9.4  2.6  8.7  9.5  6.1 26 10.3                           
031626081513103137プエルトプリンセサ　　　　　　　　　 12.5  2.9-10.3  6.1 -0.9 19  8.2                           
031626081612105741シゲルカゼノボン　　　　　　　　　　 32.5  6.5-10.4 -6.7 -5.6 14  0.0  0                        
031626090112100793クラウンジーニアス　　　　　　　　　  4.7  1.6 12.0 25.2 12.8 33  8.2  3                        
031626090213102194ドンチャブ　　　　　　　　　　　　　 10.7  2.6  7.8  8.8  5.6 26  9.6                           
031626090312110031ヌーナ　　　　　　　　　　　　　　　 13.5  3.1 -7.2 16.4  3.9 24  8.2                           
031626090412106281エヴァンジル　　　　　　　　　　　　 11.2  2.6  8.1  7.2  5.1 25  7.2                           
031626090512104723サンマルティン　　　　　　　　　　　  2.6  1.3 18.6 18.2 12.3 32 18.1                           
031626090611104168セフィーロ　　　　　　　　　　　　　 63.3 11.4 -9.8  5.1 -1.1 19  0.0                           
031626090710100190ソムニアシチー　　　　　　　　　　　119.3 21.0-10.4-12.2 -7.6 12  0.0  0                        
031626090812106250コスモアルヘナ　　　　　　　　　　　 51.5  9.7-11.5-11.7 -7.7 12  0.0                           
031626090911100822デルマサリーチャン　　　　　　　　　 92.1 16.3-11.5-10.6 -7.3 13  0.0                           
031626091013103589イチダイ　　　　　　　　　　　　　　  5.5  1.7 14.2-20.0 -3.1 17 12.5                           
031626091113101919コスモプロテア　　　　　　　　　　　 16.3  3.6-10.0-15.7 -8.8 11  0.0                           
031626091209104661マイネルスパーブ　　　　　　　　　　 39.6  7.6 -5.1  6.1  0.7 21  0.0                           
031626091311100448メイジン　　　　　　　　　　　　　　 24.5  5.0-10.4 -6.3 -5.4 15  0.0                           
031626091412103950トーセンカナロア　　　　　　　　　　 61.8 11.2 -3.6-14.8 -6.5 13  0.0                           
031626091511103280ストーミング　　　　　　　　　　　　 12.9  3.0  0.8 -1.6 -0.3 20  0.0                           
031626091610103762シャドウゲーム　　　　　　　　　　　 79.9 14.3-14.1-11.7 -8.5 11  0.0                           
031626100111103635チーフアセスメント　　　　　　　　　  5.6  1.8 11.4  8.6  6.6 37 15.1                           
031626100211103486アヴァール　　　　　　　　　　　　　 46.8  8.9-12.5 -8.1 -6.7 23  0.0                           
031626100311104487リュクサンブール　　　　　　　　　　 11.4  2.7  5.4 11.0  5.7 36  0.0                           
031626100411103097ヒカリブランデー　　　　　　　　　　  4.6  1.6 11.9 14.8  9.0 39  5.8  3                        
031626100511101732サビーナクレスタ　　　　　　　　　　 22.5  4.6 20.0 -7.9  3.1 33  0.0                           
031626100611102118ナムラヒラリー　　　　　　　　　　　 47.5  9.0 -7.6 12.5  2.3 32  0.0                           
031626100711103571ベストリーダー　　　　　　　　　　　 33.6  6.5-10.4 -7.1 -5.7 24  0.0                           
031626100811101737ブロンズテーラー　　　　　　　　　　 31.6  6.2 -0.5 -8.1 -3.1 27  9.2                           
031626100910102007ヒカリマサムネ　　　　　　　　　　　 37.3  7.2 -9.4-12.8 -7.5 22  0.0  0                        
031626101011103040ディアゴッホ　　　　　　　　　　　　 23.9  4.9 -2.0-16.7 -6.7 23  0.0  0                        
031626101111104856サウスキング　　　　　　　　　　　　 33.8  6.6 -4.8 -0.6 -1.7 28  0.0                           
031626101211104001アイムユアドリーム　　　　　　　　　 15.2  3.4  7.5 13.9  7.3 37  0.0  1  225   44              
031626101313110122ヨンカー　　　　　　　　　　　　　　  2.6  1.3 15.0 27.3 14.5 45 18.1                           
031626101411104421ボーンレジェンド　　　　　　　　　　 53.5 10.0-11.4  5.4 -1.4 29  0.0                           
031626101511109135キープレイヤー　　　　　　　　　　　 48.7  9.2 -5.0-10.0 -5.2 25  0.0                           
031626101612101212マハロマナ　　　　　　　　　　　　　  8.2  2.3 14.8  7.0  7.0 37 16.3                           
031626110109104505ヤサカオディール　　　　　　　　　　 35.5  7.8-13.6-11.7 -8.4 37  0.0                           
031626110209102620ゴールデンナンバー　　　　　　　　　  6.4  2.1  9.9  9.0  6.3 51  6.7A                          
031626110311104950オウノミチ　　　　　　　　　　　　　  6.9  2.2 -2.1  2.0  0.1 45 17.5                           
031626110409103431ゴーイングパワー　　　　　　　　　　 18.0  4.4-12.5  3.8 -2.4 43  0.0                           
031626110511105200コスモドーム　　　　　　　　　　　　  6.1  2.1  6.0 22.0  9.9 55 15.2                           
031626110609103236ルチャドルアスール　　　　　　　　　 37.8  8.3 -8.4  7.3  0.2 45  0.0                           
031626110709105913アミカブルナンバー　　　　　　　　　 16.1  4.0 -3.4  3.0  0.1 45  0.0                           
031626110809106056バクシンテイオー　　　　　　　　　　  8.6  2.6 10.0  6.0  5.2 50  0.0  5                        
031626110911103607ショウナンアチーヴ　　　　　　　　　 13.1  3.4  4.4 -0.5  1.1 46  0.0                           
031626111010101696スカイキューティー　　　　　　　　　 29.3  6.6-11.5 -6.4 -5.8 39  0.0  0                        
031626111113109152キリシマオジョウ　　　　　　　　　　 60.1 12.5-10.4 -2.0 -3.9 41  0.0                           
031626111212100600ジャストドゥイング　　　　　　　　　  5.2  1.9  9.9  7.0  5.5 51  5.8  4                        
031626111310104985アットウィル　　　　　　　　　　　　  3.4  1.5 22.0 13.1 11.4 56 18.1                           
031626120112103578デピュートアゲン　　　　　　　　　　 84.6 16.9-10.0 -7.8 -5.9 14  0.0                           
031626120212102271シベリアンマッシブ　　　　　　　　　130.8 25.8-11.5-11.6 -7.7 12  0.0                           
031626120311102102サクラルコール　　　　　　　　　　　  7.1  2.3-10.0 10.7  0.9 21 17.5                           
031626120413101496ブレイジングサン　　　　　　　　　　 29.4  6.5 -4.1 -3.6 -2.5 17  0.0                           
031626120512104372デュアルフレイム　　　　　　　　　　 23.2  5.2 -7.7  4.8 -0.6 19  0.0                           
031626120612104192ワイドリーザワン　　　　　　　　　　  4.9  1.8 11.5 20.8 11.1 31 19.8                           
031626120713100915サンペドロ　　　　　　　　　　　　　 13.6  3.4-10.0-11.3 -7.1 13  0.0                           
031626120810105192クラウンプルートゥ　　　　　　　　　 64.0 12.9 -9.4 -9.8 -6.4 14  0.0                           
031626120913104934タニガワ　　　　　　　　　　　　　　 22.6  5.1 -1.2  8.9  2.9 23  0.0                           
031626121012100285レッツゴースター　　　　　　　　　　  6.1  2.0 10.0 20.9 10.7 31  6.7                           
031626121111100021レンブラント　　　　　　　　　　　　  9.3  2.7 20.0 23.3 14.5 35 18.6                           
031626121212102301ロードシャリオ　　　　　　　　　　　  3.3  1.5 15.6 14.9 10.1 30  5.3                           
031626121312102402エニシイチダイ　　　　　　　　　　　 61.3 12.4-11.5-11.8 -7.8 12  0.0                           
031626121412103657トーセンモバイル　　　　　　　　　　 41.9  8.9-11.5-10.2 -7.2 13  0.0                           
031626121512100361ディアドナテロ　　　　　　　　　　　  5.7  1.9  9.8  8.3  6.0 26  0.0  2                        
071636010114104866ムテキングス　　　　　　　　　　　　  4.3  1.4 16.3 14.6 10.4 15 18.2                           
071636010214102291ナムラボンド　　　　　　　　　　　　 17.1  3.3  1.1 -7.2 -1.8  3  0.0                           
071636010314105673ヴィグランドイチロ　　　　　　　　　 29.2  5.1-10.8 -6.7 -6.0 -1  0.0                           
071636010414104711シゲルオカピ　　　　　　　　　　　　 32.9  5.7-10.8-17.5 -9.2 -4  0.0                           
071636010514102385アカカ　　　　　　　　　　　　　　　  3.0  1.3 16.7 24.0 13.3 18 11.8                           
071636010614102922スズカブラック　　　　　　　　　　　 11.4  2.4  9.5  2.8  4.3  9 14.1                           
071636010714103299ナムラメスナー　　　　　　　　　　　 32.3  5.6-11.7-10.8 -7.5 -3  0.0                           
071636010814103034スーサンゴー　　　　　　　　　　　　  2.7  1.2 15.8 19.9 11.8 17 17.4  3                        
071636010914101602ジャンダラリン　　　　　　　　　　　 11.3  2.4  7.7  9.4  5.6 11 13.2                           
071636011014104297ダンツプロシード　　　　　　　　　　 17.2  3.4-11.7-11.1 -7.6 -3  0.0                           
071636011114103184オイカケマショウ　　　　　　　　　　 38.1  6.5-10.8-14.5 -8.3 -3  0.0                           
071636020113105173テイエムサンピラー　　　　　　　　　 21.9  4.9 -3.5 -3.6 -2.4  3  0.0  0                        
071636020213104909ブリオ　　　　　　　　　　　　　　　117.5 22.6-11.7-10.7 -7.5 -3  0.0                           
071636020313100463サカジロテンオー　　　　　　　　　　  3.9  1.6 16.0 32.6 15.6 21 19.0  1  185   56              
071636020413104903ジューンマドレーヌ　　　　　　　　　 46.2  9.5 -8.0-11.8 -6.5 -1  0.0                           
071636020513102906ラブリーラッフル　　　　　　　　　　 76.9 15.0 -3.6-10.2 -4.4  1  0.0                           
071636020613101727タガノガジュマル　　　　　　　　　　  3.6  1.5 14.9 19.7 11.4 16 15.8                           
071636020713105579ナリノクインビー　　　　　　　　　　 15.3  3.7 -4.8 11.6  1.7  7  7.4                           
071636020813105849モズラコルタ　　　　　　　　　　　　 85.9 16.7-10.8-10.2 -7.0 -2  0.0                           
071636020913103412ウイングフィールド　　　　　　　　　  4.5  1.6 14.7 17.6 10.7 16 18.6  5                        
071636021013103846クニサキゴメスタア　　　　　　　　　 29.5  6.3-10.8 -2.8 -4.8  0  0.0                           
071636021113105438ショーオレク　　　　　　　　　　　　 50.8 10.4 -7.6-20.0 -8.8 -4  0.0                           
071636021213101378アリエルバローズ　　　　　　　　　　  5.0  1.8 12.0 12.2  8.1 13 12.7                           
071636021313110038タランテュー　　　　　　　　　　　　 23.9  5.3  6.1-12.9 -1.6  3  0.0                           
071636021413103003サウンドウィケット　　　　　　　　　 59.2 11.7 -3.7 10.3  1.7  7  0.0                           
071636021513101382ジェットバローズ　　　　　　　　　　 21.1  4.8 -5.2 -3.3 -2.9  2  0.0                           
071636021613103060シゲルアカメバル　　　　　　　　　　 42.8  8.9-10.8 -3.8 -5.1  0  0.0  5                        
071636021713102905マジョレット　　　　　　　　　　　　 44.7  9.2 -6.9-14.0 -6.7 -2  0.0                           
071636021813110007アドヴァントアロー　　　　　　　　　 42.2  8.8 -7.6  4.2 -1.5  3  0.0                           
071636030113103405カイソクポリス　　　　　　　　　　　 31.6  6.1  3.5  5.5  2.9  8 22.9                           
071636030213101595テイエムボンドン　　　　　　　　　　  8.6  2.3  9.9 12.3  7.3 12 11.7                           
071636030313102536キングエイティ　　　　　　　　　　　  5.3  1.8  6.9 13.5  6.6 12 11.8                           
071636030413109011ジャストザネクスト　　　　　　　　　 58.2 10.4-10.8 -7.7 -6.3 -1  0.0                           
071636030513100611インヴィジブル　　　　　　　　　　　 18.4  3.9 -3.1 14.1  3.1  8  0.0                           
071636030613106365ミスターウインディ　　　　　　　　　  7.4  2.1 13.4  4.0  6.1 11  5.5                           
071636030713102367レイブラッド　　　　　　　　　　　　136.5 23.4-11.6-11.2 -7.6 -3  0.0                           
071636030813105612ディッタースドルフ　　　　　　　　　 28.4  5.5 -7.3-14.0 -6.9 -2  0.0                           
071636030913105623サトノアクセル　　　　　　　　　　　115.3 19.9-10.8-12.9 -7.8 -3  0.0                           
071636031013106404テーオートップガン　　　　　　　　　 81.2 14.2 -7.6 -9.0 -5.5  0  0.0                           
071636031113102664ミスターライジン　　　　　　　　　　 22.7  4.6-10.8 -3.4 -5.0  0  0.0  0                        
071636031213105851ゴルナーグラート　　　　　　　　　　 13.6  3.0 -1.0 -9.1 -3.1  2  0.0                           
071636031313104814ドルチェリア　　　　　　　　　　　　  9.2  2.5 10.7 14.9  8.4 13 16.3                           
071636031413104235ウォータープリアム　　　　　　　　　  2.3  1.3 20.6 17.6 12.8 18 15.8  2                        
071636031513105242パズドリーム　　　　　　　　　　　　 53.0  9.7 -7.6-10.3 -5.9 -1  0.0                           
071636031613103791リベランジェロ　　　　　　　　　　　 14.2  3.1 -0.9  6.7  1.7  7  0.0                           
071636040113100982ネオヴァンプアップ　　　　　　　　　 25.4  5.1 -3.1 -8.7 -3.7  1  0.0                           
071636040213101076スズカパレード　　　　　　　　　　　 23.4  4.8  5.5 -9.1 -0.7  4  0.0                           
071636040313101205シャイニーサンダー　　　　　　　　　 44.0  8.4-11.7-10.6 -7.5 -2  0.0                           
071636040413104671スティルウォーター　　　　　　　　　  7.5  2.2 10.8 18.2  9.4 14 20.1                           
071636040513103568マテンロウビクサス　　　　　　　　　 13.5  3.1  2.9-11.6 -2.4  3  0.0                           
071636040613100620ラップランド　　　　　　　　　　　　  3.6  1.4  8.5 19.0  8.8 14 18.6                           
071636040713106247ブリーズリー　　　　　　　　　　　　 58.1 10.6-10.8 -7.0 -6.1 -1  0.0                           
071636040813105628コンゴウノカガヤキ　　　　　　　　　 52.9 10.0 -3.7-12.9 -5.2  0  0.0                           
071636040913100529トーホウグローリー　　　　　　　　　 82.2 14.8-11.7-14.5 -8.6 -4  0.0                           
071636041013103305ゴールドインゴット　　　　　　　　　  3.2  1.3 16.0 26.1 13.7 19 17.4  3                        
071636041113101688グランサーブル　　　　　　　　　　　 34.4  6.7 -5.9  7.9  0.2  5  0.0  5                        
071636041213103494エイシンイパネマ　　　　　　　　　　 42.8  8.2  2.3 -5.6 -0.8  4  0.0                           
071636041313105097ボーリン　　　　　　　　　　　　　　100.6 17.9-11.7 -9.0 -7.0 -2  0.0                           
071636041413100338フラットアプローチ　　　　　　　　　 51.0  9.7-10.8 -7.7 -6.3 -1  0.0                           
071636041513105288ランデックアブデル　　　　　　　　　 32.4  6.4 -6.0-20.0 -8.2 -3  0.0                           
071636041613102776シゲルクルマダイ　　　　　　　　　　  3.5  1.4 17.5 17.4 11.6 17 16.8                           
071636050114101917マテラフィールド　　　　　　　　　　 16.6  3.4 -6.4 11.7  1.2  1  7.1                           
071636050214106140プレスト　　　　　　　　　　　　　　  7.4  2.0  7.0  1.3  3.0  3 13.7                           
071636050314105197マイティドリーム　　　　　　　　　　  3.2  1.3 17.0 33.5 16.3 16 19.0  1  191   43              
071636050414103704カールスナウト　　　　　　　　　　　 14.2  3.0  1.2-10.8 -2.8 -3  5.5                           
071636050514100535レッドクライム　　　　　　　　　　　  4.7  1.5 11.7 14.6  8.7  9 12.3                           
071636050614103173ペプチドホープ　　　　　　　　　　　  9.1  2.3  9.3 -0.3  3.3  3  0.0  0                        
071636050714105941シェルブルック　　　　　　　　　　　 16.7  3.4  0.4 -1.4 -0.3  0  0.0                           
071636050814106132トリコロールブルー　　　　　　　　　  2.8  1.3 18.5 21.8 13.3 13 17.4  2                        
071636050914104161ラニカイシチー　　　　　　　　　　　 23.7  4.4 -7.8 -7.9 -5.2 -5  0.0                           
071636060114103675マヤアムール　　　　　　　　　　　　 21.5  4.5 -3.7 -6.4 -3.3 -3  8.8                           
071636060214102370マイアミトロピカル　　　　　　　　　 14.9  3.4  4.2  6.8  3.6  4  9.6                           
071636060314104637オニチャン　　　　　　　　　　　　　 32.1  6.4-10.8-17.3 -9.1 -9  0.0                           
071636060414103002サンミルウォーキー　　　　　　　　　 32.1  6.4-10.8-10.5 -7.1 -7  0.0                           
071636060514103585グランドガール　　　　　　　　　　　  3.6  1.4 14.3 13.9  9.4  9 18.2  0                        
071636060614106272ホノルア　　　　　　　　　　　　　　 24.0  4.9 -0.8 -0.4 -0.4  0  0.0                           
071636060714105960オールポッシブル　　　　　　　　　　  3.3  1.4 17.0 16.2 11.1 11  5.4  3                        
071636060814106443タルトリンツァー　　　　　　　　　　 34.9  6.9 -7.6-16.6 -7.8 -8  0.0  0                        
071636060914103086テイクディスワルツ　　　　　　　　　 11.0  2.6  9.4-16.6 -1.5 -2 11.7  0                        
071636061014105595ミスターロンリー　　　　　　　　　　  3.4  1.4 11.3 15.8  8.9  9 17.2                           
071636061114103288メイショウグジョウ　　　　　　　　　 11.8  2.8  7.3 -3.9  1.5  2  0.0                           
071636061214103452ミュークレックス　　　　　　　　　　 20.5  4.4  1.2-14.9 -4.0 -4 10.2                           
071636070112104941トレジャーステイト　　　　　　　　　  2.6  1.3 20.0 13.5 11.4 31 17.4                           
071636070210100109サンレイフローラ　　　　　　　　　　 45.8  8.6-10.8 -0.4 -4.1 16  0.0                           
071636070312103752イチザラブ　　　　　　　　　　　　　143.5 24.9-10.8 -5.1 -5.5 15  0.0                           
071636070411104824ウインクルミラクル　　　　　　　　　 32.9  6.4-11.7-12.5 -8.0 12  0.0  0                        
071636070512104746ボクノナオミ　　　　　　　　　　　　  4.5  1.6 14.8 20.0 11.4 31 11.8                           
071636070612105263セングウ　　　　　　　　　　　　　　 12.0  2.8  5.0 18.8  7.5 27  0.0  3                        
071636070712100623ガロファノ　　　　　　　　　　　　　 24.8  5.0 -7.8  6.8 -0.8 19  6.5                           
071636070812102743ナリタノヘア　　　　　　　　　　　　 17.0  3.7 -0.8  4.2  1.0 21 16.0                           
071636070912105245アスタキサンチン　　　　　　　　　　 49.2  9.2  0.3 -7.0 -2.0 18  0.0                           
071636071012101339マートンパーク　　　　　　　　　　　  6.4  1.9  6.9 15.7  7.2 27 11.8                           
071636071112106079ノースメイジャイ　　　　　　　　　　 44.6  8.4 -7.6 -3.5 -3.8 16  0.0                           
071636071212102729ナムラカグヤヒメ　　　　　　　　　　 23.7  4.8-10.8 -7.2 -6.1 14  0.0                           
071636071312100744コスモピーコック　　　　　　　　　　  8.5  2.3  3.8 15.1  5.9 26 15.3  4                        
071636071412101375ディナスティーア　　　　　　　　　　 14.0  3.1 -3.1 12.3  2.6 23  0.0                           
071636071513103903ウエスタンビジュー　　　　　　　　　 29.8  5.8 -9.4  1.7 -2.9 17  0.0  0                        
071636071612105588エイシンガイア　　　　　　　　　　　 39.1  7.4-11.7 -2.6 -5.1 15  0.0                           
071636080111101783フェンガリ　　　　　　　　　　　　　 56.6 12.2-11.7-12.5 -8.0 12  0.0  0                        
071636080211106532ナガラブルボン　　　　　　　　　　　 34.3  7.9 -5.5 -7.8 -4.4 16  0.0  0                        
071636080312104388コンテナ　　　　　　　　　　　　　　  6.5  2.2  7.6 -7.7  0.5 20  0.0                           
071636080412100662ワキノハガクレ　　　　　　　　　　　  7.9  2.5 -2.0 14.0  3.5 23 19.3                           
071636080512101528ノースウッド　　　　　　　　　　　　 28.5  6.6 -1.8-11.2 -4.0 16  0.0                           
071636080612101555スキースクール　　　　　　　　　　　  6.3  2.2  9.9 13.4  7.7 28 13.1                           
071636080713102547クリノシャンボール　　　　　　　　　 51.3 11.4-10.8 -5.5 -5.6 14  0.0                           
071636080812105351ナムラスター　　　　　　　　　　　　 40.0  9.0-10.8-10.8 -7.2 13  0.0                           
071636080912100406シゲルゴホウサイ　　　　　　　　　　 16.0  4.1  3.3 -3.5  0.2 20 10.8                           
071636081012104858グリューヴァイン　　　　　　　　　　  8.9  2.8  6.6  1.7  2.9 23 15.7                           
071636081113100211シルバードリーム　　　　　　　　　　  7.2  2.4 11.4-10.5  1.0 21  6.9                           
071636081212105845メイショウアバラガ　　　　　　　　　 30.6  7.1-10.8  5.7 -2.3 18  0.0                           
071636081313102856ブラックジョー　　　　　　　　　　　 29.9  6.9  0.5-19.7 -5.7 14  0.0  0                        
071636081412105305ミカエルシチー　　　　　　　　　　　  3.4  1.6 13.5 13.5  9.0 29 10.0                           
071636081512100518ダイシンバルカン　　　　　　　　　　 14.4  3.7 -3.2  7.5  1.1 21  8.3                           
071636081612102082テイエムシャンパン　　　　　　　　　 19.7  4.9 -7.6-11.1 -6.1 14  0.0                           
071636090112104724ディアエナ　　　　　　　　　　　　　  7.9  2.1  3.2  0.5  1.3 21  6.4                           
071636090212104840マコトグナイゼナウ　　　　　　　　　 38.7  7.0 -4.4  7.4  0.6 21  0.0                           
071636090311100018センセーション　　　　　　　　　　　  8.9  2.3  3.8 12.0  5.0 25 10.7                           
071636090411104500オースミチャド　　　　　　　　　　　 12.4  2.7  0.7-12.0 -3.3 17  0.0                           
071636090512104400ナリタスターワン　　　　　　　　　　  2.8  1.4 18.7 17.7 12.2 32 17.4  1  132   65              
071636090612101961クリノスーアンコー　　　　　　　　　 14.7  3.1-10.8-16.5 -8.9 11 10.8                           
071636090711104997タガノスカイ　　　　　　　　　　　　 18.2  3.7  3.4-14.8 -3.2 17  0.0                           
071636090813104166タイセイパルサー　　　　　　　　　　 36.0  6.6-10.8-14.7 -8.4 12  0.0                           
071636090912106007ゼンノイザナギ　　　　　　　　　　　 12.2  2.7  5.0 10.5  5.0 25  5.1                           
071636091013104774パーリオミノル　　　　　　　　　　　  3.3  1.4 13.6 22.2 11.6 32 19.0                           
071636091112110068エナジータウン　　　　　　　　　　　 13.7  2.9  4.5 15.6  6.3 26  8.3                           
071636091213100704エスペランサリュウ　　　　　　　　　 24.4  4.7  0.1-13.0 -3.9 16  0.0  0                        
071636100111105975エリーフェアリー　　　　　　　　　　 31.4  4.8 -9.7-10.3 -6.6 23  0.0                           
071636100211103704パドルウィール　　　　　　　　　　　  5.1  1.4 15.2 10.2  8.6 39 20.5                           
071636100310109118グリーンラヴ　　　　　　　　　　　　 18.4  3.1  3.3 -4.6 -0.2 30  0.0  0                        
071636100412104503パフォーマプロミス　　　　　　　　　  2.0  1.2 21.6 21.3 14.3 44 17.4                           
071636100512104792ジュンスパーヒカル　　　　　　　　　  3.5  1.3 15.8 16.9 10.9 41 11.8  2                        
071636100611105107クールオープニング　　　　　　　　　 12.9  2.4 -8.6-10.2 -6.2 24  5.1                           
071636100711101337コウエイワンマン　　　　　　　　　　  7.2  1.7  6.4 35.0 12.8 43 10.7                           
071636100811103794エクストレミティー　　　　　　　　　 14.7  2.6  8.7 33.5 13.2 43  9.6  1  191   43              
071636110110106467ピンポン　　　　　　　　　　　　　　  7.3  2.0 11.7  5.5  5.9 51  6.9                           
071636110209102606サンマルデューク　　　　　　　　　　  6.4  1.9  9.7  7.5  5.8 51 10.8                           
071636110310101569キクノソル　　　　　　　　　　　　　 11.9  2.6  6.5  0.5  2.5 48 12.5                           
071636110411103741メドウラーク　　　　　　　　　　　　 22.4  4.3 -6.4 -1.6 -2.8 42 11.4                           
071636110509104679キングヒーロー　　　　　　　　　　　 20.2  4.0 -9.4-14.7 -7.9 37  0.0                           
071636110609105977ナリタポセイドン　　　　　　　　　　 29.9  5.5 -6.9 -1.1 -2.9 42  0.0                           
071636110711110069マスクゾロ　　　　　　　　　　　　　  3.3  1.4 16.5 17.4 11.3 56 13.1  3                        
071636110809102195シンゼンレンジャー　　　　　　　　　 15.2  3.2  3.5 -6.8 -0.8 44  0.0                           
071636110910100602セトノプロミス　　　　　　　　　　　 50.0  8.8-11.7-16.6 -9.3 36  0.0  0                        
071636111010104486ブライトアイディア　　　　　　　　　 16.6  3.4  0.0  7.7  2.3 47 15.5                           
071636111112106253モルトベーネ　　　　　　　　　　　　  2.8  1.3 15.0 20.6 11.7 57 12.0                           
071636111211104831メイショウウタゲ　　　　　　　　　　 24.4  4.6  0.3-19.7 -5.8 39  0.0  0                        
071636120112109205エフェクト　　　　　　　　　　　　　 65.1 11.0-10.8-14.4 -8.3 22  0.0  0                        
071636120212100582グレイトチャーター　　　　　　　　　  8.9  2.3  2.9 18.5  6.6 37  0.0                           
071636120313105631レッドラウダ　　　　　　　　　　　　 10.8  2.5 12.7  8.5  7.2 37 14.7                           
071636120412101892スマートカルロス　　　　　　　　　　 11.7  2.6  4.2 25.6  9.2 39 13.3                           
071636120510105781ジョディーズロマン　　　　　　　　　 98.1 16.2-10.8-13.0 -7.9 22  0.0  0                        
071636120610101879ダンツカナリー　　　　　　　　　　　 67.2 11.3-10.8-13.2 -7.9 22  0.0                           
071636120712104221スノーエンジェル　　　　　　　　　　 20.0  4.0 -3.8-14.8 -5.8 24  0.0                           
071636120809105705アグネスハビット　　　　　　　　　　 74.6 12.5-10.8 -1.3 -4.3 26  0.0  5                        
071636120911105395キタサンラブコール　　　　　　　　　 58.6  9.9 -2.8-11.6 -4.5 25  0.0                           
071636121012100936ブラッククローバー　　　　　　　　　 22.6  4.3-10.3 16.5  1.2 31  0.0                           
071636121111100582ハピネス　　　　　　　　　　　　　　 29.5  5.5  3.3  7.0  3.3 33 17.9                           
071636121212104128アルティマブラッド　　　　　　　　　  5.9  1.8  7.7 14.0  7.0 37  7.8                           
071636121312101704ニシノラッシュ　　　　　　　　　　　  2.7  1.3 17.4 17.2 11.5 42 12.0                           
071636121412100481シゲルチャグチャグ　　　　　　　　　 72.9 12.2 -7.6-20.0 -8.8 21 11.8  0                        
071636121512110117メラグラーナ　　　　　　　　　　　　  3.5  1.4 14.0 29.4 14.0 44 10.9                           
071636121611105008タガノバラード　　　　　　　　　　　 63.9 10.8 -6.8 -4.2 -3.8 26  0.0                           
