031714010114104417ドゥマイモナーク　　　　　　　　　　 82.1 14.9-10.0-15.0 -8.5 -3  0.0                           
031714010214104337ティナカヌメ　　　　　　　　　　　　  6.6  2.0  2.5  3.8  2.1  7  0.0                           
031714010314100867ヒハマタノボル　　　　　　　　　　　 25.6  5.2-10.0  4.0 -1.5  3 10.9                           
031714010414103492タイキブリジャール　　　　　　　　　  3.4  1.4 12.8 15.2  9.4 14  6.9                           
031714010514104866ムテキングス　　　　　　　　　　　　  4.9  1.7  9.8  4.5  4.6 10  7.9                           
031714010614100669ウバトーバン　　　　　　　　　　　　 21.6  4.5-10.0  1.5 -2.5  3  0.0                           
031714010714102895サテンドール　　　　　　　　　　　　 17.0  3.7  4.2  7.0  3.8  9  0.0  0                        
031714010814109025オトコマエジユウ　　　　　　　　　　106.4 19.1-11.3-10.0 -7.1 -2  0.0                           
031714010914102537エマーブルクラルテ　　　　　　　　　 60.6 11.1-10.0-11.9 -7.4 -2  0.0                           
031714011014103410ジッテ　　　　　　　　　　　　　　　100.6 18.1-10.0-20.0-10.3 -5  0.0  0                        
031714011114101331ロイヤルヒーロー　　　　　　　　　　 39.6  7.7-11.3  6.6 -1.0  4  0.0                           
031714011214104746ポッドガビ　　　　　　　　　　　　　 43.9  8.5-11.3-10.0 -7.1 -2  0.0                           
031714011314100252メーティス　　　　　　　　　　　　　  3.3  1.4 20.0 24.9 15.1 20 13.0  4                        
031714011414104642オールトンパーク　　　　　　　　　　 12.3  2.9 14.4  5.4  6.3 11  9.1                           
031714011514102143テラフォーマー　　　　　　　　　　　 47.1  9.0-10.8 -9.6 -6.8 -2  0.0  0                        
031714011614101515ノアキャッスル　　　　　　　　　　　 16.6  3.7-10.0  7.6 -0.2  5  0.0                           
031714020114102268ゴールドリシェス　　　　　　　　　　 43.8  9.9-10.0 -4.2 -4.5  0  0.0                           
031714020214100783テイエムメガパワー　　　　　　　　　 38.2  8.7-10.8-10.8 -7.2 -2  0.0                           
031714020314102663シンボリジュネス　　　　　　　　　　 17.7  4.5 -1.3  8.0  2.5  8  0.0  5                        
031714020414105113スペランツァ　　　　　　　　　　　　  8.1  2.6  6.0  9.0  5.1 10  8.6                           
031714020514103259エレノアカフェ　　　　　　　　　　　 16.4  4.2-10.0-10.0 -6.7 -2  0.0                           
031714020614102216ウィーヴァー　　　　　　　　　　　　 65.2 14.1-10.0-10.5 -6.8 -2  0.0                           
031714020714105894ミッキークルソラ　　　　　　　　　　  7.0  2.3 11.3  5.5  5.4 10 16.5                           
031714020814101244キョッコウ　　　　　　　　　　　　　  6.1  2.1 12.0 30.0 14.6 20  6.9                           
031714020914105965クリスタ　　　　　　　　　　　　　　 23.5  5.6 -5.5 -4.7 -3.4  2  0.0                           
031714021014104295セビージャ　　　　　　　　　　　　　 46.6 10.5-11.3 -6.7 -5.8 -1  0.0                           
031714021114103647ジェイケイマヤヒメ　　　　　　　　　  6.7  2.3 17.5 30.0 16.3 21  7.9  2                        
031714021214106131テソーロ　　　　　　　　　　　　　　  3.5  1.6 20.0 19.8 13.3 18  6.7  5                        
031714021314106337ウーマッハ　　　　　　　　　　　　　  9.1  2.8  4.4-12.4 -3.2  2  0.0  0                        
031714021414101861サンエリザベス　　　　　　　　　　　 39.3  9.0-11.3-10.0 -7.1 -2  0.0                           
031714021514103451アロエ　　　　　　　　　　　　　　　 97.2 20.6-10.0-13.3 -7.9 -3  0.0                           
031714021614100967マサノハヤテ　　　　　　　　　　　　  8.7  2.7  2.2  7.5  3.4  8  0.0                           
031714030114104373センノギモーヴ　　　　　　　　　　　 17.2  3.2  6.0 12.8  6.5 11  9.8                           
031714030214105654フィルムフランセ　　　　　　　　　　  2.3  1.2 17.9 30.7 16.6 22 13.0  1  390   38              
031714030314105838シルバーコンパス　　　　　　　　　　 13.5  2.6  9.8-11.3 -1.2  4  0.0                           
031714030414102250ディアチャイブ　　　　　　　　　　　  3.2  1.3 15.0 13.4  9.4 14  7.3  4                        
031714030514104723エスポワールママン　　　　　　　　　 47.1  7.4-10.0 11.3  1.1  6  0.0                           
031714030614109122マヴィア　　　　　　　　　　　　　　 12.9  2.6  0.0  5.7  2.1  7  8.6                           
031714030714102318ニシノオマージュ　　　　　　　　　　142.6 20.6-10.0-11.9 -7.4 -2  0.0                           
031714030814100605コンパーニ　　　　　　　　　　　　　 98.8 14.5-10.0-20.0-10.3 -5  0.0                           
031714030914106009スウィートグロリア　　　　　　　　　  6.7  1.8  6.8  4.5  3.7  9  7.9                           
031714031014101354アミーコドーロ　　　　　　　　　　　 94.4 13.9-11.3 -4.0 -4.9  0  0.0                           
031714031114105852ルールオブグレイス　　　　　　　　　 40.2  6.4-11.3-10.0 -7.1 -2  0.0                           
031714031214100545ローレルメーゼ　　　　　　　　　　　 51.0  8.0-10.8-10.8 -7.2 -2  0.0                           
031714031314101342チェリーボンボン　　　　　　　　　　 30.3  5.0-10.8-10.8 -7.2 -2  0.0                           
031714031414109007クリノヴィクトリア　　　　　　　　　  8.6  2.1  6.0  4.0  3.3  8  0.0                           
031714031514106368グランエルブ　　　　　　　　　　　　106.5 15.5-10.8-10.8 -7.2 -2  0.0                           
031714040113106258アドマイヤデライト　　　　　　　　　 36.9  7.1-10.8-10.8 -7.2 -7  0.0                           
031714040212103305ミュゼバトラー　　　　　　　　　　　 58.6 10.5-11.3-10.0 -7.1 -7  0.0                           
031714040311104329トレモロアーム　　　　　　　　　　　 12.0  2.8  7.5  6.0  4.4  4  0.0                           
031714040413106345ユウキビバワンダー　　　　　　　　　  4.1  1.6 16.0 13.5  9.8 10  7.3                           
031714040513103568マテンロウビクサス　　　　　　　　　 20.3  4.2  5.7 -1.6  1.1  1  0.0                           
031714040610102337トーホウスマート　　　　　　　　　　 35.3  6.8-10.0-10.0 -6.7 -7  0.0                           
031714040713105106トーアディラン　　　　　　　　　　　  7.1  2.1  7.3 15.1  7.7  8  7.5                           
031714040813102812シゲルクロメバル　　　　　　　　　　  7.9  2.2  8.8 10.0  6.3  6  0.0                           
031714040913103496シゲルシマダイ　　　　　　　　　　　 59.5 10.7-10.0  8.1  0.0  0  0.0                           
031714041011106573クラシックマーク　　　　　　　　　　  9.4  2.5 -0.3  4.4  1.5  2  8.6                           
031714041112110029ソリッドアクシス　　　　　　　　　　 25.0  5.0-10.0 -2.0 -3.7 -4  0.0                           
031714041213102983メイショウヨイチ　　　　　　　　　　 51.3  9.5-10.8-10.8 -7.2 -7  0.0                           
031714041310103687アサクサゴールド　　　　　　　　　　  2.7  1.4 15.0 15.0 10.0 10 13.0                           
031714041411102536エクセレントミノル　　　　　　　　　 11.6  2.7 -3.3  6.0  1.2  1  9.7                           
031714050112106005シゲルノマオイ　　　　　　　　　　　 31.0  5.4 -4.7  0.6 -1.2 -1  0.0                           
031714050213101508スカイステージ　　　　　　　　　　　 76.8 12.1-11.3-10.0 -7.1 -7  0.0                           
031714050313100097イナーセレニティ　　　　　　　　　　 61.3  9.8-10.0 -9.6 -6.5 -7  0.0                           
031714050411105999ウインネオルーラー　　　　　　　　　 12.0  2.5 17.5  9.2  8.6  9  9.2  5                        
031714050513101129サカジロウィーク　　　　　　　　　　 64.1 10.2-10.8-10.8 -7.2 -7  0.0                           
031714050612103591マイネルヴォーダン　　　　　　　　　  5.3  1.6 12.0 19.5 10.8 11  0.0  2                        
031714050711105975エリーフェアリー　　　　　　　　　　  3.2  1.3 15.0 13.5  9.4  9 14.2                           
031714050813102710ワンダーエクラタン　　　　　　　　　 55.2  8.9-10.8-10.8 -7.2 -7  0.0                           
031714050912104946キヨマサ　　　　　　　　　　　　　　 26.8  4.8 -5.5-10.8 -5.6 -6  0.0                           
031714051012106436メイショウヤギリ　　　　　　　　　　 11.8  2.5  9.5  9.3  6.3  6  0.0                           
031714051113100505シゲルサンマ　　　　　　　　　　　　  8.6  2.2  7.8  8.8  5.6  6 16.5                           
031714051213105125サムライフォンテン　　　　　　　　　 45.9  7.7 -2.0  6.0  1.6  2  0.0                           
031714051313103776シゲルハマチ　　　　　　　　　　　　 43.5  7.3-10.8-10.8 -7.2 -7  0.0                           
031714051411103483マドリードカフェ　　　　　　　　　　  2.6  1.2 19.0 21.7 13.7 14  6.7                           
031714060114101528サンレイシンボル　　　　　　　　　　 13.4  2.9 11.4  1.0  3.8  9  8.6  5                        
031714060214106158ゼルビーノ　　　　　　　　　　　　　  5.6  1.7 13.0 11.5  8.1 13  7.5                           
031714060314101198エイシンルックス　　　　　　　　　　 36.1  6.6-10.8-10.8 -7.2 -2  0.0                           
031714060414101983コウギョウスター　　　　　　　　　　 73.3 12.4-11.3-18.8-10.3 -5  0.0                           
031714060514100376カンパニリズモ　　　　　　　　　　　  9.3  2.4-10.0 22.2  5.1 10  0.0                           
031714060614103139コウセイキャサリン　　　　　　　　　 47.0  8.4-10.0-18.3 -9.7 -5  0.0  0                        
031714060714105450ホウオウステップ　　　　　　　　　　 30.8  5.8  6.0-10.0 -1.9  3  0.0                           
031714060814104563アイファーイチオー　　　　　　　　　  3.6  1.4 18.2 17.9 12.0 17  7.3                           
031714060914100292アクトレス　　　　　　　　　　　　　 44.8  8.1-10.0 -2.0 -3.7  1  0.0                           
031714061014103949ディストワセブン　　　　　　　　　　 38.6  7.0-10.8-10.8 -7.2 -2  0.0                           
031714061114102652シンボリスーマラン　　　　　　　　　 15.3  3.2       0.5  0.2  5 10.3                           
031714061214102757ダンツプラズマ　　　　　　　　　　　 46.2  8.3 -4.7  0.0 -1.4  4  0.0  5                        
031714061314102909フロイドフォンテン　　　　　　　　　 26.3  5.0-10.0  6.0 -0.8  4  0.0                           
031714061414103603サンライズカラマ　　　　　　　　　　  2.7  1.3 17.8 18.3 12.1 17 13.0                           
031714061514102701ニシノリサイタル　　　　　　　　　　 14.3  3.1  7.5 -2.0  1.5  7  0.0                           
031714070112105638メランコリア　　　　　　　　　　　　  5.7  2.0 17.5  6.0  7.4 27  7.5                           
031714070213103792オンリーワンスター　　　　　　　　　  4.4  1.8 11.0 19.0 10.3 30  7.3                           
031714070312104050レジメンタル　　　　　　　　　　　　 15.1  3.9-10.8 -4.0 -4.7 15  0.0  0                        
031714070412104922レモンイエロー　　　　　　　　　　　 27.0  6.3-10.8-10.8 -7.2 13  0.0                           
031714070512100815サンライズシーズン　　　　　　　　　 17.6  4.4  1.3-15.3 -5.2 15  0.0  0                        
031714070613104147ミディ　　　　　　　　　　　　　　　 19.5  4.8-10.0 -7.1 -5.6 14  0.0                           
031714070712105845メイショウアバラガ　　　　　　　　　 52.6 11.6-10.8 -4.7 -5.0 15 14.4                           
031714070813102959ジェスロ　　　　　　　　　　　　　　  5.7  2.0  7.8 10.2  6.1 26 16.5                           
031714070913100270ドゥリーミン　　　　　　　　　　　　 36.8  8.3 -1.3-20.0 -7.7 12  0.0                           
031714071009105485スカイアクセス　　　　　　　　　　　 30.4  7.0-10.0-14.4 -8.3 12  0.0  0                        
031714071113101425タマモシルクハット　　　　　　　　　 24.8  5.8-11.3-10.0 -7.1 13  0.0                           
031714071211105788ハートオブジュン　　　　　　　　　　 57.1 12.2-10.0 -2.5 -3.9 16  0.0                           
031714071312101436マインドブロウ　　　　　　　　　　　 46.5 10.3 20.0-20.0 -1.3 19  0.0  0                        
031714071412105787ワンダーヴァローレ　　　　　　　　　  4.2  1.7 17.2 16.1 11.1 31  6.7                           
031714071513102398グローリアスクロワ　　　　　　　　　 11.8  3.1 12.0 -9.6  0.1 20  0.0                           
031714071613104663タマモスズラン　　　　　　　　　　　 13.4  3.5  0.4-10.8 -3.8 16  0.0                           
031714080113101630クィーンビー　　　　　　　　　　　　 38.9  7.4-11.3-14.4 -8.7 11  0.0  0                        
031714080211101086イタリアンフェッテ　　　　　　　　　 46.9  8.8-10.0-18.3 -9.7 10  0.0  0                        
031714080313105699ファイアクリスタル　　　　　　　　　 38.8  7.4 -3.3-13.5 -5.9 14  0.0                           
031714080413106068ベストレート　　　　　　　　　　　　 18.5  3.9  2.5 -3.0 -0.3 20  0.0                           
031714080513103013アポロオスカー　　　　　　　　　　　 18.5  3.9 -1.3  6.7  2.1 22 10.4                           
031714080613105820アウェイク　　　　　　　　　　　　　  3.1  1.4 22.5 17.8 13.3 33 13.0                           
031714080713103749アルケミスト　　　　　　　　　　　　 18.8  4.0  4.2 -1.6  0.7 21  0.0                           
031714080813103267エイシンキスミー　　　　　　　　　　 16.6  3.6  2.2 -4.2 -0.9 19  0.0                           
031714080912104891エバーシャルマン　　　　　　　　　　  6.0  1.9 -1.3 24.0  8.4 28 15.3                           
031714081012104281エクストラファイン　　　　　　　　　  3.5  1.5 16.9  4.5  6.7 27  7.3                           
031714081113105966ヌーヴェルダンス　　　　　　　　　　 99.5 17.5-11.3 -5.0 -5.2 15  0.0                           
031714081212100991テイエムフタエマル　　　　　　　　　 15.3  3.4      10.1  3.7 24  0.0                           
031714081312100934アドラビリティ　　　　　　　　　　　100.6 17.7-11.3 -9.6 -6.9 13  0.0                           
031714081412104067リッチガール　　　　　　　　　　　　 43.3  8.2-10.8-10.8 -7.2 13  0.0                           
031714081513106141エッジースタイル　　　　　　　　　　  6.7  2.0  9.5 18.6  9.7 30  0.0  4                        
031714081613101203ブライティアベル　　　　　　　　　　 44.4  8.4-10.8-10.8 -7.2 13  0.0                           
031714090113100499カレンコマンドール　　　　　　　　　124.1 18.7 -5.5-10.8 -5.6 14  0.0                           
031714090212101039ガンマーフォンテン　　　　　　　　　 69.8 10.8-10.0-10.0 -6.7 13  0.0                           
031714090313110040シラーグランツ　　　　　　　　　　　 44.2  7.3-10.0 -6.7 -5.5 15  0.0                           
031714090412102816デストリーライズ　　　　　　　　　　  4.4  1.4-10.0  6.5 -0.6 19 15.3                           
031714090513100005ナンベーサン　　　　　　　　　　　　 24.5  4.3 -1.3-18.8 -7.3 13  0.0                           
031714090611105322ハッピーロード　　　　　　　　　　　 33.5  5.7  0.6 -5.5 -1.8 18  0.0                           
031714090713109112テンエイロータス　　　　　　　　　　103.2 15.7-10.0-16.0 -8.9 11  0.0  0                        
031714090812101483イェドプリオル　　　　　　　　　　　 15.5  3.0  8.0  9.5  5.9 26  0.0                           
031714090911105976トップアドバンス　　　　　　　　　　 36.1  6.1 20.0  0.5  6.2 26  0.0  5                        
031714091013110103ディープオーパス　　　　　　　　　　  3.3  1.3 15.1 17.2 10.8 31 14.2                           
031714091111103307ワンダーハイーニャ　　　　　　　　　 14.8  2.9 10.0 10.1  6.7 27  0.0                           
031714091213100986マイハーベスト　　　　　　　　　　　 37.2  6.2-11.3  6.0 -1.2 19  0.0                           
031714091313103590ヒルノサルバドール　　　　　　　　　  2.4  1.2 21.7 19.8 13.8 34 13.0                           
031714091413105502コアコンピタンス　　　　　　　　　　 20.0  3.7 18.5 -3.0  4.4 24  0.0                           
031714091511103430オンワードハンター　　　　　　　　　 26.7  4.7 -4.7  0.6 -1.2 19  0.0                           
031714100113110055エアオブザドラゴン　　　　　　　　　103.1 18.9     -20.0 -7.3 13  0.0                           
031714100213100389クリーンファンキー　　　　　　　　　 15.5  3.5-11.3 10.2  0.3 20  9.8                           
031714100313110114スペードクイーン　　　　　　　　　　  7.8  2.3  4.0  6.0  3.4 23  0.0                           
031714100412105406スズカファイン　　　　　　　　　　　 13.8  3.2  2.6  2.9  1.8 22  9.1                           
031714100513105680サバイバルポケット　　　　　　　　　 34.4  6.9 20.0-10.0  2.3 22  0.0                           
031714100613100724ショウナンアヴィド　　　　　　　　　  4.8  1.7 14.2  7.8  7.1 27  7.3                           
031714100713100877センターフォワード　　　　　　　　　 46.3  9.1-10.8-10.8 -7.2 13  0.0                           
031714100811101776ビリーヴザワン　　　　　　　　　　　 42.1  8.3-10.0-18.3 -9.7 10  0.0  0                        
031714100913105548シェヴェルニー　　　　　　　　　　　 36.8  7.3-10.0-12.5 -7.6 12  0.0                           
031714101011106545アブソリュカフェ　　　　　　　　　　 56.1 10.6-10.0-10.0 -6.7 13  0.0                           
031714101113104560トウショウジャイロ　　　　　　　　　  5.2  1.7  9.8 15.1  8.5 28  0.0                           
031714101212105113ティーエスバラ　　　　　　　　　　　 22.2  4.7 -5.5-10.8 -5.6 14  0.0                           
031714101313104904シャイニングアロー　　　　　　　　　 40.4  8.0-10.0-20.0-10.3 10  0.0  0                        
031714101413103497エイシンミノアカ　　　　　　　　　　  2.7  1.3 15.2 18.2 11.2 31 13.0                           
031714101513102278フェルクレール　　　　　　　　　　　 14.1  3.3       3.8  1.4 21  9.2                           
031714101610100165ハギノソフィア　　　　　　　　　　　 25.0  5.2-10.8-10.8 -7.2 13  0.0                           
031714110111101476ウインインスパイア　　　　　　　　　 84.6 18.9-11.3-15.3 -9.0 36  0.0  0                        
031714110212104638シャイニングレイ　　　　　　　　　　 14.2  3.9  5.3 -3.3  0.4 45  0.0  5                        
031714110310104343バロンドゥフォール　　　　　　　　　 32.5  7.9  2.5 -9.0 -2.5 42  0.0                           
031714110410103004バーディーイーグル　　　　　　　　　 48.2 11.3-10.0 -3.0 -4.1 41  0.0                           
031714110513105798アジュールローズ　　　　　　　　　　  6.0  2.2  8.8  5.6  4.7 50  0.0                           
031714110611106394ショウナンバッハ　　　　　　　　　　 35.0  8.4-10.0-17.9 -9.6 35  0.0  0                        
031714110708101076トウシンイーグル　　　　　　　　　　102.6 22.8     -14.9 -5.5 40  0.0  0                        
031714110810102243トルークマクト　　　　　　　　　　　  5.3  2.0 -3.3  8.9  2.3 47  7.3                           
031714110910100035シャイニープリンス　　　　　　　　　  5.3  2.0 13.8 22.4 12.4 57  0.0                           
031714111008103265デウスウルト　　　　　　　　　　　　 73.8 16.6-10.8-10.8 -7.2 38  0.0                           
031714111110104113ケイティープライド　　　　　　　　　 15.5  4.1 -1.1  4.5  1.3 46 10.4                           
031714111211103613フェルメッツァ　　　　　　　　　　　 26.3  6.5-10.8-10.8 -7.2 38  0.0                           
031714111309110017シャドウパーティー　　　　　　　　　 17.5  4.6-11.3 12.0  1.0 46  0.0                           
031714111412104659サンデーウィザード　　　　　　　　　  4.7  1.9 13.9  3.8  5.6 51  6.7                           
031714111510105964マイネルミラノ　　　　　　　　　　　 14.5  3.9 15.4 10.7  8.5 54  9.8                           
031714111611103872ステイインシアトル　　　　　　　　　  5.4  2.0 15.3 11.9  9.0 54 16.5  2                        
031714120112104665ブライトバローズ　　　　　　　　　　  2.5  1.3 19.4 24.0 14.6 45 13.0                           
031714120210109051レイトライザー　　　　　　　　　　　 37.1  6.1 -5.0-10.8 -5.5 25  0.0                           
031714120310101965メイショウブシン　　　　　　　　　　 18.9  3.5  6.5  6.5  4.3 34  0.0                           
031714120413104215コスモジャーベ　　　　　　　　　　　 17.7  3.3 -3.3 -2.0 -1.7 28  0.0                           
031714120513101162コウキチョウサン　　　　　　　　　　 22.0  3.9 -3.3  6.7  1.5 31 10.4                           
031714120612103532マイネルレオーネ　　　　　　　　　　 13.1  2.6  2.2 -6.3 -1.6 28  0.0                           
031714120713102606リアルキング　　　　　　　　　　　　 55.3  8.5-10.8-20.0-10.6 19  0.0  0                        
031714120812103921ハヤブサライデン　　　　　　　　　　 22.0  3.9 -1.3-13.4 -5.3 25  0.0  0                        
031714120909104857シルクブルックリン　　　　　　　　　 36.8  6.0-11.3-10.0 -7.1 23  0.0                           
031714121012104756クラシックエース　　　　　　　　　　 41.3  6.7-11.3 -5.0 -5.2 25  0.0                           
031714121111106046アートフェスタ　　　　　　　　　　　 20.1  3.7-10.0  2.6 -2.0 28  0.0                           
031714121211100822デルマサリーチャン　　　　　　　　　 45.0  7.2-11.3  5.8 -1.3 29  0.0                           
031714121312104575デバイスドライバー　　　　　　　　　 41.7  6.8  7.5 -4.9  0.5 30  0.0                           
031714121411101773シークレットパス　　　　　　　　　　 33.9  5.6-11.3  3.8 -2.0 28  0.0                           
031714121513104277ステイブラビッシモ　　　　　　　　　  3.1  1.3 15.0 17.9 11.1 41 14.2                           
031714121613101481ファータグリーン　　　　　　　　　　 10.6  2.2 11.3 18.0 10.0 40  7.9                           
061738010114105031マーケットレイズン　　　　　　　　　112.7 21.6-10.0-16.4 -9.0 -4  0.0  0                        
061738010214106426ビクトリーソング　　　　　　　　　　 22.0  4.9  0.9 14.9  5.7 11  0.0                           
061738010314105459ツエーゲン　　　　　　　　　　　　　  2.8  1.4 16.7 19.1 12.0 17 18.1  4                        
061738010414103745ボナッソーラ　　　　　　　　　　　　 17.0  4.0  2.7-10.2 -2.9  2  0.0                           
061738010514100996ブランドチャーム　　　　　　　　　　 30.3  6.4 -5.5-11.0 -5.7 -1  0.0                           
061738010614102432デルマプレイバック　　　　　　　　　 35.6  7.4-10.0-10.0 -6.7 -2  0.0                           
061738010714103152ペイシャムーラン　　　　　　　　　　 57.0 11.2-10.0 -6.3 -5.3  0  0.0                           
061738010814100151エリーダイナマイト　　　　　　　　　 19.5  4.4-10.0  4.4 -1.4  4 11.6                           
061738010914100286コロリズム　　　　　　　　　　　　　127.7 24.4-10.0-16.5 -9.1 -4  0.0  0                        
061738011014104251ラヴィソント　　　　　　　　　　　　  5.6  1.9 15.0  8.8  7.7 13  6.3                           
061738011114105065タキオンレイ　　　　　　　　　　　　  5.4  1.8 12.0 15.4  9.2 14 19.8C 3                        
061738011214106308トラストエンジェル　　　　　　　　　  7.1  2.2  6.0 15.2  7.4 12  0.0                           
061738011314105516ディーワンプリモ　　　　　　　　　　  6.3  2.0-10.0  6.3 -0.7  4  6.7                           
061738011414103619ジョリーウッド　　　　　　　　　　　 76.6 14.9-11.4 -6.3 -5.7 -1  0.0                           
061738011514105695ゴールデンマクリス　　　　　　　　　 24.5  5.3-10.0 -9.5 -6.5 -1  0.0                           
061738011614104510カンバンムスメ　　　　　　　　　　　 27.2  5.8-10.0  7.6 -0.2  5  0.0                           
061738020114105765レッドフェンリル　　　　　　　　　　  6.8  2.0 10.0 20.8 10.6 16  6.7                           
061738020214101128フリヴォル　　　　　　　　　　　　　 72.1 12.5-13.3 -2.0 -4.7  0  0.0                           
061738020314102126ガウディ　　　　　　　　　　　　　　  8.4  2.3 20.7 12.8 10.9 16  0.0                           
061738020414103908ブルターレ　　　　　　　　　　　　　 45.1  8.2 -7.1 12.2  2.3  7  0.0                           
061738020514102187ヒトノワドリーム　　　　　　　　　　  4.1  1.5 20.0 15.1 11.5 17 14.0                           
061738020614102609ドリームキャンパス　　　　　　　　　 36.9  6.9 -9.1-11.8 -7.1 -2  0.0                           
061738020714102796ホワイトキングダム　　　　　　　　　 68.8 11.9-13.5-11.4 -8.2 -3  0.0                           
061738020814103003サンシンシナティ　　　　　　　　　　 97.5 16.6-11.4 -7.7 -6.2 -1  0.0                           
061738020914100172キョウワヒラリー　　　　　　　　　　 21.8  4.3  7.5  3.8  3.6  9  0.0                           
061738021014104847アスヘノキボウ　　　　　　　　　　　 28.6  5.5-10.7-12.2 -7.7 -3  0.0  0                        
061738021114104790グッドフェローズ　　　　　　　　　　  4.2  1.5 17.8 12.0  9.7 15 21.4                           
061738021214105008ジェイケイフージン　　　　　　　　　 24.5  4.8  4.5  4.6  3.0  8  0.0                           
061738021314103018フクノシャングリラ　　　　　　　　　 61.1 10.7-10.0 -6.0 -5.2  0  0.0  5                        
061738021414106522セガールモチンモク　　　　　　　　　  2.6  1.3 20.0 20.1 13.4 18 18.1                           
061738030114102976メイショウアテン　　　　　　　　　　  8.8  2.4 12.0 14.8  9.0 14 10.3C                          
061738030214105902マラデボワ　　　　　　　　　　　　　 77.1 13.9-10.0-11.7 -7.3 -2  0.0                           
061738030314104461ブライトンピア　　　　　　　　　　　  6.9  2.1 11.7 15.3  9.1 14 23.1C                          
061738030414102329クリノレオノール　　　　　　　　　　111.2 19.8-11.4-11.5 -7.6 -3  0.0                           
061738030514100413シゲルヤマアラシ　　　　　　　　　　 24.1  4.9 -4.4 -6.4 -3.7  1  0.0  0                        
061738030614105068レディーフランソワ　　　　　　　　　 42.3  8.2-10.0-12.6 -7.6 -3  0.0  0                        
061738030714105867ウェルカムキッス　　　　　　　　　　  4.5  1.6 16.3 11.7  9.2 14  6.3                           
061738030814100256バナナボート　　　　　　　　　　　　  3.7  1.4 15.3 11.6  8.8 14 14.0                           
061738030914106353ジョワモンテ　　　　　　　　　　　　 36.1  7.0-10.4-16.6 -9.2 -4  0.0  0                        
061738031014106347サンニューオリンズ　　　　　　　　　 76.4 13.8-10.0-10.2 -6.7 -2  0.0                           
061738031114104903カツノシックスス　　　　　　　　　　 29.8  5.9  1.4  3.8  1.8  7  0.0                           
061738031214106422ミコタマ　　　　　　　　　　　　　　 41.9  8.1-11.4-16.5 -9.5 -4  0.0  0                        
061738031314104347スターセレナーデ　　　　　　　　　　196.9 34.6-10.4-16.5 -9.2 -4  0.0  0                        
061738031414104621プラクティス　　　　　　　　　　　　 15.5  3.4 10.0  4.6  4.7 10  7.7                           
061738031514105750チェアーグライド　　　　　　　　　　  3.1  1.4 16.0 18.7 11.7 17  5.3                           
061738031614102548サツキジョオウ　　　　　　　　　　　 35.7  7.0-14.7-15.1 -9.9 -5  0.0                           
061738040114103921ジャズドリーム　　　　　　　　　　　 14.9  3.0  8.9 -1.9  2.0  7  0.0                           
061738040214102070イノセンシア　　　　　　　　　　　　 69.4 10.9-10.0 12.7  1.7  7  0.0                           
061738040314105760フリージングレイン　　　　　　　　　  2.6  1.3 18.9 19.0 12.6 18 18.1                           
061738040414103183クリノカエサル　　　　　　　　　　　 44.2  7.4-10.0-15.7 -8.8 -4  0.0                           
061738040514106066バラダガール　　　　　　　　　　　　  3.1  1.3 16.6 22.4 13.2 18 19.8                           
061738040614100693コスモエアターン　　　　　　　　　　 94.6 14.7  6.0 -7.1 -0.8  4  0.0                           
061738040714103151サウスディアマンテ　　　　　　　　　 50.6  8.4-11.4-11.2 -7.5 -3  0.0                           
061738040814102061ハウエバー　　　　　　　　　　　　　 50.3  8.3 -6.9-13.7 -7.1 -2  0.0                           
061738040914101820ピンクスパイダー　　　　　　　　　　 38.6  6.5 -4.2-14.0 -6.4 -1  0.0                           
061738041014104276ベルウッドデナリ　　　　　　　　　　 16.2  3.2 -6.3  6.2  0.4  5  0.0                           
061738041114103084エスティーム　　　　　　　　　　　　  6.9  1.9 10.0 13.2  7.8 13  0.0                           
061738041214104274アーネストホープ　　　　　　　　　　 56.9  9.1-11.4-14.8 -8.8 -4  0.0                           
061738041314101640ミルトプレスト　　　　　　　　　　　 18.1  3.5 10.4 16.4  9.1 14  0.0  5                        
061738041414105506バレッティ　　　　　　　　　　　　　  6.2  1.7  6.5  7.4  4.7 10 21.4                           
061738041514105573ダンスアラウンド　　　　　　　　　　 35.1  6.0 -7.2 -4.7 -3.9  1  0.0                           
061738050114106106ロジバレー　　　　　　　　　　　　　  9.2  2.6  8.9  5.7  4.8 25 18.7                           
061738050214100345クインズウィンダム　　　　　　　　　  6.1  2.0  8.1 15.7  8.2 28  0.0                           
061738050314100459トラネコ　　　　　　　　　　　　　　  9.2  2.6  5.8 10.6  5.6 26  0.0                           
061738050414102395ペイシャボム　　　　　　　　　　　　  7.8  2.3  8.1 12.5  7.0 27 21.4                           
061738050514104888サリーバットマン　　　　　　　　　　 32.2  6.6-10.1 -3.4 -4.3 16  0.0                           
061738050614100113サトノフレイム　　　　　　　　　　　  9.0  2.6 11.1  8.4  6.4 26  0.0  5                        
061738050714103486タイキダイヤモンド　　　　　　　　　 37.6  7.6-10.0-12.7 -7.7 12  0.0  0                        
061738050814103911サーストンウィナー　　　　　　　　　 53.0 10.5 12.0  7.0  6.2 26  0.0                           
061738050914101904アルゴロオジエ　　　　　　　　　　　 40.6  8.2-10.0 -9.1 -6.3 14  0.0                           
061738051014101710スプリングフット　　　　　　　　　　 12.1  2.9  5.2 29.6 12.4 32  8.6                           
061738051114110097チリーシルバー　　　　　　　　　　　  2.5  1.4 20.0 22.4 14.2 34 18.1                           
061738051214103927ジェイケイライジン　　　　　　　　　 22.5  4.8-11.4 -9.3 -6.8 13  0.0                           
061738051314106080サクレエクスプレス　　　　　　　　　  7.8  2.3  5.6 28.6 12.2 32  0.0  2                        
061738060113110095リアリゾンルレーヴ　　　　　　　　　 26.9  6.1 -4.1 -2.5 -2.1 18  0.0                           
061738060212106419ワタシダイナマイト　　　　　　　　　 70.9 14.7-10.0 -9.7 -6.6 13  0.0                           
061738060312106315シゲルハダカマツリ　　　　　　　　　 12.9  3.3  6.0 13.7  6.8 27 10.3  5                        
061738060413102729サマニー　　　　　　　　　　　　　　 30.3  6.8-11.4 -9.1 -6.8 13  0.0                           
061738060513102718カキツバタチグサ　　　　　　　　　　  4.9  1.8 15.0  7.8  7.4 27 13.5                           
061738060612102008カシノキングダム　　　　　　　　　　 80.4 16.5-11.4 -7.7 -6.2 14  0.0                           
061738060713105160デスマッチ　　　　　　　　　　　　　 97.8 20.0-10.0-16.4 -9.0 11  0.0  0                        
061738060812105964サウスリュウセイ　　　　　　　　　　 15.7  3.9  0.6-12.4 -4.4 16  0.0                           
061738060912105639イアペトス　　　　　　　　　　　　　 26.2  6.0  0.8  7.0  2.8 23  0.0                           
061738061013110111ウォリアーズクロス　　　　　　　　　  4.0  1.6 10.0 17.9  9.6 30 10.6                           
061738061113100345セレノグラフィー　　　　　　　　　　  4.2  1.7 15.5 13.9  9.7 30  8.2                           
061738061213102177マサノシーザー　　　　　　　　　　　  4.8  1.8 20.0 16.6 12.1 32 15.1                           
061738061313104386トモジャポルックス　　　　　　　　　 37.1  8.2 -9.8 -7.8 -5.8 14  0.0                           
061738061410110063エーシンザピーク　　　　　　　　　　 16.4  4.0  5.9  6.3  4.1 24  8.7A                          
061738061512101715セイウンオセアン　　　　　　　　　　 13.0  3.3 -2.0 15.9  5.2 25  0.0                           
061738070113102553ワイルドゲーム　　　　　　　　　　　  2.9  1.3 12.0 30.2 14.7 35 14.0  1  292   38              
061738070213109145カシノエイシ　　　　　　　　　　　　 55.8  8.9-11.3 -7.7 -6.2 14  0.0                           
061738070312102090カラダロマン　　　　　　　　　　　　 62.1  9.8-11.4-14.8 -8.8 11  0.0                           
061738070411103679レオニーズ　　　　　　　　　　　　　  2.7  1.3 21.4 18.3 13.1 33 12.8                           
061738070513101985トップターゲット　　　　　　　　　　 30.0  5.2-10.4 -0.6 -3.3 17  9.7  0                        
061738070612100895コマクサ　　　　　　　　　　　　　　 14.7  2.9  2.7  8.9  4.1 24  0.0                           
061738070712105640プラセンタ　　　　　　　　　　　　　183.0 27.6-13.3 -7.0 -6.6 13  0.0                           
061738070812102942コスモバーダン　　　　　　　　　　　 12.7  2.6  6.0  9.5  5.3 25  0.0                           
061738070913102217エドノマツオー　　　　　　　　　　　 22.5  4.1-11.4  0.2 -3.3 17  0.0                           
061738071013102276カムイ　　　　　　　　　　　　　　　 15.4  3.0 10.0 10.4  6.8 27 18.6                           
061738071113104272ディリゲント　　　　　　　　　　　　 22.0  4.0-10.0  8.2  0.0 20  0.0                           
061738071212102830ポントス　　　　　　　　　　　　　　 29.4  5.1  6.0  3.8  3.2 23  0.0                           
061738071313102337ソウマ　　　　　　　　　　　　　　　 90.4 14.0-13.3-10.0 -7.7 12  0.0                           
061738071412103443ジェイケイライアン　　　　　　　　　  4.9  1.5 11.9  9.2  6.9 27 12.5                           
061738071513104193ダイメイホークス　　　　　　　　　　114.7 17.5-10.0 -2.0 -3.7 16  0.0                           
061738080113106474ケンホファヴァルト　　　　　　　　　 14.0  3.4-12.5-14.3 -9.0 21  0.0  0                        
061738080212103950トーセンカナロア　　　　　　　　　　 58.0 11.3-11.4-14.8 -8.8 21  0.0                           
061738080313100647カラビナ　　　　　　　　　　　　　　  4.0  1.5 16.8 15.6 10.8 41 15.2                           
061738080413105781テオドール　　　　　　　　　　　　　  3.9  1.5 11.1 19.9 10.6 41  5.8                           
061738080512103988ソールインパクト　　　　　　　　　　  3.4  1.4 13.4 10.5  7.9 38 12.8                           
061738080613101249ウインテンダネス　　　　　　　　　　  8.0  2.4 11.1 14.0  8.5 38  7.2                           
061738080712104675レッドアルティスタ　　　　　　　　　 17.4  4.0 10.1 -0.1  3.0 33 21.0                           
061738080812102840カカドゥ　　　　　　　　　　　　　　  6.8  2.1  6.0  6.2  4.1 34  6.8                           
061738080912100545タケデンタイガー　　　　　　　　　　 18.6  4.2-11.4  7.0 -0.9 29  0.0                           
061738081012105999トーセンラーク　　　　　　　　　　　 29.9  6.3-13.3  7.0 -1.4 29  0.0                           
061738081112104643ジョンブドール　　　　　　　　　　　 15.4  3.6  6.2  6.1  4.1 34  0.0                           
061738090111104437フジマサクラウン　　　　　　　　　　 23.0  5.3-10.0 -7.6 -5.8 24  0.0                           
061738090210103291ダンディーレイ　　　　　　　　　　　  6.6  2.2  6.0  7.3  4.5 34  6.8                           
061738090311104185エアピザレー　　　　　　　　　　　　  5.7  2.0  8.7 -1.9  1.9 32  5.8                           
061738090412101246パブリックフレンド　　　　　　　　　104.7 21.3-11.4-10.7 -7.3 23  0.0                           
061738090511102102サクラルコール　　　　　　　　　　　  6.9  2.2 14.1 10.7  8.2 38  7.2                           
061738090611103079ダイチトゥルース　　　　　　　　　　 23.0  5.3 -6.7  3.8 -0.6 29 22.2                           
061738090713104852ネイビーブルー　　　　　　　　　　　 11.5  3.0 -5.8 -1.6 -2.3 28  0.0                           
061738090812102848パイロキネシスト　　　　　　　　　　 25.6  5.8 -0.4 -1.2 -0.6 29  0.0                           
061738090912101117トーセンアーネスト　　　　　　　　　 23.4  5.4 -7.8-11.2 -6.4 24  0.0                           
061738091012102921メイプルレインボー　　　　　　　　　 37.0  8.2 -3.0  0.8 -0.6 29  0.0                           
061738091112104052トゥルーウインド　　　　　　　　　　 16.3  4.0  3.9  0.7  1.4 31  0.0                           
061738091213106143リアリスト　　　　　　　　　　　　　  5.7  2.0 10.1 12.3  7.5 38 15.1                           
061738091310106032ディアグリスター　　　　　　　　　　 38.7  8.5 -6.4-12.5 -6.5 23  0.0  0                        
061738091413105388ポッドクヒオ　　　　　　　　　　　　 50.7 10.9-10.0-12.4 -7.5 22  0.0                           
061738091511106481トウカイエントリー　　　　　　　　　  3.2  1.5 14.8 17.7 10.9 41 12.8                           
061738100111105200コスモドーム　　　　　　　　　　　　  5.2  1.9 20.0 22.0 14.1 59  8.2                           
061738100208101952フレイムヘイロー　　　　　　　　　　185.6 38.5-10.0 -6.3 -5.3 40  0.0                           
061738100311104366オメガヴェンデッタ　　　　　　　　　 14.3  3.7  7.5  8.6  5.4 50  0.0  5                        
061738100412104208サザナミ　　　　　　　　　　　　　　  3.8  1.7 15.2 25.1 13.8 59 12.8  3                        
061738100512100600ジャストドゥイング　　　　　　　　　 49.2 11.0-12.5-18.0-10.4 35  0.0  0                        
061738100613104026ラズールリッキー　　　　　　　　　　 29.5  6.8  6.0-11.7 -2.5 43  0.0                           
061738100713101315キングハート　　　　　　　　　　　　  8.0  2.5 12.7  6.9  6.3 51  6.7                           
061738100811104950オウノミチ　　　　　　　　　　　　　 14.2  3.7  7.5  7.4  5.0 50  0.0                           
061738100908104829アフォード　　　　　　　　　　　　　 40.4  9.1-12.5 -6.1 -6.0 39  0.0                           
061738101012110038フィドゥーシア　　　　　　　　　　　 15.2  3.9-12.5 -6.1 -6.0 39  9.7                           
061738101112103486アクティブミノル　　　　　　　　　　  8.5  2.7  0.5  5.1  2.0 47  0.0                           
061738101211103607ショウナンアチーヴ　　　　　　　　　 49.4 11.0-11.4 -7.4 -6.1 39  0.0                           
061738101311100856トウカイセンス　　　　　　　　　　　 13.4  3.5 -0.5-12.3 -4.7 40  0.0  0                        
061738101413104550トウショウドラフタ　　　　　　　　　  6.3  2.2 12.9 19.0 10.8 56  6.3  1  264   40              
061738101512104128アルティマブラッド　　　　　　　　　  8.5  2.7  1.8 17.8  7.1 52 26.4  5                        
061738110114100971マイスタイル　　　　　　　　　　　　 18.1  4.4-11.7-11.6 -7.8 52  0.0                           
061738110214106083スワーヴリチャード　　　　　　　　　  6.3  2.1  5.2 18.0  8.2 68 14.2  4                        
061738110314102716コマノインパルス　　　　　　　　　　 60.6 12.5 -9.5  7.2 -0.2 60  0.0                           
061738110414104449カデナ　　　　　　　　　　　　　　　  5.7  2.0 13.0 23.6 12.6 73  4.1  3                        
061738110514106201レイデオロ　　　　　　　　　　　　　  9.2  2.7  3.4  6.5  3.4 63  7.2                           
061738110614105825アウトライアーズ　　　　　　　　　　 19.3  4.6 10.0 12.8  7.7 68  0.0                           
061738110714105258ペルシアンナイト　　　　　　　　　　  6.6  2.2  5.0  9.8  5.1 65  8.4                           
061738110814103309ファンディーナ　　　　　　　　　　　  3.2  1.5 22.3 21.9 14.7 75  5.4 11  137   57              
061738110914105192プラチナヴォイス　　　　　　　　　　 30.3  6.8 -5.1 -9.3 -4.9 55  0.0                           
061738111014106010ダンビュライト　　　　　　　　　　　 34.4  7.6-11.2-12.7 -8.0 52  0.0                           
061738111114106046アルアイン　　　　　　　　　　　　　 22.4  5.2 -7.8 -2.6 -3.3 57  9.8                           
061738111214105681アメリカズカップ　　　　　　　　　　135.6 27.2-11.2-12.7 -8.0 52  0.0                           
061738111314105493サトノアレス　　　　　　　　　　　　 13.6  3.5 -1.7 -1.8 -1.2 59  0.0                           
061738111414106211キングズラッシュ　　　　　　　　　　104.2 21.1 -6.9-12.3 -6.6 53  0.0                           
061738111514104968アダムバローズ　　　　　　　　　　　 31.1  6.9 -6.6 -9.4 -5.4 55  0.0                           
061738111614100656クリンチャー　　　　　　　　　　　　 87.2 17.7 -7.2-13.0 -6.9 53  0.0                           
061738111714100222ウインブライト　　　　　　　　　　　 15.1  3.8  3.3 11.3  5.1 65  8.2                           
061738111814100465トラスト　　　　　　　　　　　　　　117.2 23.6-11.2-17.0 -9.6 50  0.0  0                        
061738120113106131アッラサルーテ　　　　　　　　　　　  8.4  2.2-10.0 17.0  3.2 38  6.2                           
061738120212104785ストレンジクォーク　　　　　　　　　  4.0  1.6 15.0 18.2 11.2 46 19.8                           
061738120311104306シャドウダンサー　　　　　　　　　　 14.2  3.1 -6.0-11.4 -6.0 29  6.8                           
061738120411100647オートクレール　　　　　　　　　　　 16.8  3.5 13.3  6.9  6.5 42  0.0  5                        
061738120513100332ショウナンライズ　　　　　　　　　　 21.5  4.2 -6.9 -6.5 -4.5 31  0.0                           
061738120609102554セイクレットレーヴ　　　　　　　　　 50.8  9.1-13.5-12.9 -8.8 26  0.0  0                        
061738120711101095マイネルメリエンダ　　　　　　　　　 19.8  4.0 -6.2-13.7 -6.9 28  0.0                           
061738120813105917ヒーズインラブ　　　　　　　　　　　 16.4  3.4 12.9  9.2  7.2 42  0.0                           
061738120913100569ドーヴァー　　　　　　　　　　　　　  2.5  1.3 20.0 23.1 14.5 49 18.1  1  188   43              
061738121011104759チャンピオンルパン　　　　　　　　　 24.1  4.6  6.0-12.8 -2.9 32  0.0                           
061738121112105574メイショウメイゲツ　　　　　　　　　 27.4  5.2 10.0 -2.1  2.2 37 15.0C                          
061738121212103634ルグランパントル　　　　　　　　　　 16.2  3.4  5.6 16.7  7.8 43  0.0                           
061738121313103687クラウンディバイダ　　　　　　　　　 49.8  8.9-10.0-12.4 -7.5 27  0.0  0                        
061738121411103191アルマエルナト　　　　　　　　　　　 29.8  5.6 -9.1 -9.1 -6.1 29  0.0                           
061738121512106035ボンボンキャスト　　　　　　　　　　 23.0  4.5-11.4 -7.9 -6.3 29  0.0                           
061738121612103224ノットフォーマル　　　　　　　　　　 44.6  8.1-11.4-16.8 -9.6 25  0.0  0                        
091728010114103811ハロークオリティ　　　　　　　　　　 62.5  9.5-11.7-11.3 -7.7 -3  0.0                           
091728010214101516ゲイムフリー　　　　　　　　　　　　105.9 15.6-11.7-11.2 -7.7 -3  0.0                           
091728010314106234ピンクスター　　　　　　　　　　　　 20.0  3.6  4.6 12.6  5.5 10  5.5                           
091728010414106153トコシエ　　　　　　　　　　　　　　 22.7  3.9  0.2  2.9  0.9  6 16.0                           
091728010514102363リュウシンローズ　　　　　　　　　　 39.8  6.4 -4.5 -7.0 -3.8  1  0.0                           
091728010614102393サンキャッチャー　　　　　　　　　　  4.0  1.4 13.0 21.7 11.3 16 19.0  2                        
091728010714101166ワンダーレアリサル　　　　　　　　　  2.1  1.2 17.6 25.6 14.1 19 15.4                           
091728010814105447ミエノブルーハワイ　　　　　　　　　171.6 24.9-11.7-16.2 -9.1 -4  0.0                           
091728010914103391メイショウマルコマ　　　　　　　　　 15.3  2.9  1.3  2.0  1.1  6  0.0                           
091728011014103796ボリード　　　　　　　　　　　　　　  8.3  2.0 16.5 11.2  9.4 14  0.0                           
091728011114100504タガノアニード　　　　　　　　　　　  4.7  1.4 14.0 11.3  8.5 14 20.5                           
091728011214104786サトノニーケ　　　　　　　　　　　　 63.9  9.7-11.7-12.5 -8.0 -3  0.0  0                        
091728011314104705マサノカオリ　　　　　　　　　　　　 73.1 11.0 -7.7-16.8 -7.9 -3  0.0  0                        
091728011414102873ボストンアプリコ　　　　　　　　　　 80.4 12.0-11.6-15.2 -8.8 -4  0.0  0                        
091728011514103605パープルミネルバ　　　　　　　　　　 65.5  9.9-11.7-17.1 -9.4 -4  0.0  0                        
091728011614105997ガーランドワルツ　　　　　　　　　　 78.2 11.7-11.7-10.7 -7.5 -3  0.0                           
091728020114103265メイショウヒカル　　　　　　　　　　109.0 18.0-10.8-12.0 -7.6 -3  0.0                           
091728020214103032グランドロワ　　　　　　　　　　　　  3.6  1.4 18.7 24.8 14.3 19 19.0  2                        
091728020314105900プライムプラム　　　　　　　　　　　 59.5 10.1-11.7-11.3 -7.7 -3  0.0                           
091728020414103757ニューミレニアム　　　　　　　　　　  9.1  2.4  5.2  8.6  4.5  9  6.3                           
091728020514103353キタサンボルト　　　　　　　　　　　  6.1  1.8  7.5-11.6 -0.7  4  4.5                           
091728020614101575ビッフル　　　　　　　　　　　　　　 11.1  2.5  2.5 21.3  7.3 12 25.3                           
091728020714100339イチザヒロイン　　　　　　　　　　　 55.2  9.5 -7.7-16.8 -7.9 -3  0.0  0                        
091728020814102720スズカアカデミー　　　　　　　　　　  2.6  1.3 18.0 28.8 15.2 20 10.8                           
091728020914102029シセイアカリ　　　　　　　　　　　　160.3 26.2-10.9-11.1 -7.3 -2  0.0                           
091728021014104637オニチャン　　　　　　　　　　　　　 73.8 12.4-10.9-17.3 -9.2 -4  0.0                           
091728021114105728アドレスマッチング　　　　　　　　　 66.0 11.2-10.9-16.8 -9.0 -4  0.0  0                        
091728021214100380テイエムアラナミ　　　　　　　　　　 68.5 11.6-11.7-11.1 -7.6 -3  0.0                           
091728021314103058エイシンムー　　　　　　　　　　　　 18.8  3.8  4.2 11.3  4.9 10 10.2                           
091728021414103886マーブルクリス　　　　　　　　　　　 23.9  4.6 -0.2 -2.6 -0.9  4  0.0                           
091728021514103466ツキノミチ　　　　　　　　　　　　　  7.9  2.1  1.4  8.4  3.0  8  4.8                           
091728021614104686メイショウカリナン　　　　　　　　　 39.4  7.1 -1.6 -2.1 -1.2  4  0.0                           
091728030114103861ロードギブソン　　　　　　　　　　　 17.1  3.1 -9.2 -6.7 -5.4  0  7.3                           
091728030214101530スズカブルグ　　　　　　　　　　　　  1.7  1.2 19.6 28.3 15.7 21 17.4                           
091728030314100186カネトシヴェント　　　　　　　　　　 88.1 12.6-10.9-10.2 -7.1 -2  0.0                           
091728030414105673ヴィグランドイチロ　　　　　　　　　 18.8  3.3 -3.9  6.9  0.6  6  0.0                           
091728030514103569メイショウサワカゼ　　　　　　　　　 34.0  5.4 -8.9 -2.6 -4.0  1  0.0                           
091728030614103409ワイルドフォックス　　　　　　　　　 75.6 10.9-10.3-10.7 -7.0 -2 15.0                           
091728030714101156ワンダーウマス　　　　　　　　　　　  6.3  1.7 12.3 17.2  9.7 15  5.9                           
091728030814104526ニホンピロハニー　　　　　　　　　　 47.1  7.2 -7.8  2.3 -2.2  3 12.0  5                        
091728030914103333ゴールドシチー　　　　　　　　　　　 48.7  7.4-11.7-11.1 -7.6 -3  0.0                           
091728031014100661シュクラ　　　　　　　　　　　　　　 64.9  9.5 -6.8  8.8  0.1  5  0.0                           
091728031114104516サンマルエンパイア　　　　　　　　　  6.6  1.7 13.2 16.9  9.9 15 16.3                           
091728031214100185シーライオン　　　　　　　　　　　　 23.3  3.9 -2.7 11.2  2.4  7  6.2                           
091728031314105569ボクハチャーリー　　　　　　　　　　 58.1  8.5-11.7-10.5 -7.4 -2  0.0                           
091728031414101149ジューダス　　　　　　　　　　　　　 18.7  3.3  0.1 12.0  3.6  9  0.0                           
091728031514104456ストリートスマート　　　　　　　　　 13.0  2.5 -0.5-12.8 -4.0  1  6.9                           
091728031614100976スズカガルチ　　　　　　　　　　　　 70.6 10.2-10.9 -6.6 -6.0 -1  0.0  0                        
091728040114105350ルエヴェルロール　　　　　　　　　　  5.4  1.6 12.9 18.2 10.2 15 17.2                           
091728040214106078エアブライス　　　　　　　　　　　　  5.6  1.6 13.5 22.0 11.6 17 11.8                           
091728040314105584ブリシンガメン　　　　　　　　　　　 13.1  2.6 -0.5  4.0  1.0  6  0.0                           
091728040414103001メイショウサチシオ　　　　　　　　　 13.9  2.8 -1.1 15.4  4.2  9  0.0                           
091728040514100635キョウエイレガシー　　　　　　　　　 52.2  8.4-10.9-12.8 -7.8 -3  0.0  0                        
091728040614100998ハナハタチバナ　　　　　　　　　　　125.6 18.8-10.9-16.8 -9.0 -4  0.0  0                        
091728040714105444モーヴ　　　　　　　　　　　　　　　 24.8  4.3 -2.6 -8.5 -3.5  1  5.8  0                        
091728040814101505ナルハヤ　　　　　　　　　　　　　　 43.2  7.1-11.7-16.8 -9.3 -4  9.3  0                        
091728040914103566メイショウヤマギリ　　　　　　　　　 34.7  5.8-11.7-14.0 -8.5 -3  0.0                           
091728041014102146リリックドラマ　　　　　　　　　　　  7.3  1.9 12.2 14.5  8.8 14 15.3  4                        
091728041114100514タガノデネボラ　　　　　　　　　　　 64.0  9.9-10.9-10.6 -7.2 -2  0.0                           
091728041214101104パステラリア　　　　　　　　　　　　 92.8 14.0 -7.7-11.4 -6.2 -1  0.0  0                        
091728041314100067マナープリンセス　　　　　　　　　　 73.3 11.2-10.8  6.3 -2.1  3  0.0                           
091728041414105817ジュンテオドーラ　　　　　　　　　　  1.9  1.2 19.9 27.7 15.6 21 17.4  1  138   62              
091728041514109066ゲストテーブル　　　　　　　　　　　125.6 18.8-10.9-20.0-10.0 -5  0.0  0                        
091728050114104111コールストーム　　　　　　　　　　　  2.5  1.3 19.4 24.8 14.6 20 15.4  2                        
091728050214105399テンペスト　　　　　　　　　　　　　 58.1 10.3-11.7-10.6 -7.5 -2  0.0                           
091728050314105554リュウシンベガス　　　　　　　　　　  8.4  2.3 11.9  6.9  6.4 11 14.2                           
091728050414102336シュペルブバロン　　　　　　　　　　 66.8 11.7 -7.7-14.8 -7.3 -2  0.0                           
091728050514101197モズアトラクション　　　　　　　　　 17.6  3.7 -6.9  7.0 -0.4  5 17.0                           
091728050614104702プティットクルール　　　　　　　　　 72.6 12.7-10.9-12.9 -7.9 -3  0.0                           
091728050714104411ロードゼスト　　　　　　　　　　　　 62.0 10.9-11.7-11.6 -7.8 -3  0.0                           
091728050814105039オレンジチェルロ　　　　　　　　　　 40.6  7.5 -5.0 -6.7 -3.8  1  9.8                           
091728050914101135ゼットルーラ　　　　　　　　　　　　 40.9  7.6-11.7-14.7 -8.7 -4  0.0                           
091728051014104766ラピッドシップ　　　　　　　　　　　 21.0  4.3 -4.5-12.6 -5.4  0  0.0                           
091728051114101568ハバナブラウン　　　　　　　　　　　127.1 21.7-10.9 -7.0 -6.1 -1  0.0                           
091728051214100709コスモヴァーズ　　　　　　　　　　　 11.7  2.7 -3.9  2.1 -0.8  4  5.1                           
091728051314103920エスシージン　　　　　　　　　　　　 59.7 10.5-10.9 -2.8 -4.8  0  0.0                           
091728051414106447アドマイヤジョラス　　　　　　　　　  9.5  2.5 11.6 10.1  7.3 12  8.4  5                        
091728051514103521ピエナアラシ　　　　　　　　　　　　 12.0  2.7  6.0 14.9  6.7 12  0.0                           
091728051614105809カンポデフィオーリ　　　　　　　　　  4.5  1.6  7.4 13.9  6.9 12 11.8                           
091728051714103752テイエムナナフク　　　　　　　　　　 90.9 15.7-11.7-15.2 -8.9 -4  0.0  0                        
091728051814106071ステッドファスト　　　　　　　　　　 14.6  3.2 -7.5 -7.9 -5.1  0  0.0  0                        
091728060114100470ミルトプリンス　　　　　　　　　　　 50.9  8.6-10.9-12.8 -7.8 12  0.0                           
091728060214101254レッドレイジング　　　　　　　　　　 62.5 10.2-17.9-10.3 -9.7 10  0.0                           
091728060314101602ジャンダラリン　　　　　　　　　　　 29.2  5.2 -5.8  1.0 -1.8 18  9.8                           
091728060414104022ディープウォーリア　　　　　　　　　 17.9  3.5  1.8  2.1  1.3 21  0.0  0                        
091728060514102248ゴールドポセイドン　　　　　　　　　  6.4  1.8 12.0 13.4  8.4 28 11.7                           
091728060614100814マイネルパラディ　　　　　　　　　　  2.5  1.3 19.0 14.0 11.2 31 17.4                           
091728060714100422ラニカイサンデー　　　　　　　　　　  5.9  1.7 12.7 24.4 12.0 32 18.6                           
091728060814102711リリーメーカー　　　　　　　　　　　 45.5  7.8-10.9-15.1 -8.5 11  0.0  0                        
091728060914101357シゲルボブキャット　　　　　　　　　 25.0  4.6 -0.7-13.1 -4.2 16  7.6  0                        
091728061014102046ハリアー　　　　　　　　　　　　　　 82.3 13.2-15.0-10.3 -8.6 11  0.0                           
091728061114104072ボナパルト　　　　　　　　　　　　　 18.2  3.6 -4.4 17.7  3.7 24  0.0  3                        
091728061214105747アンバーミニー　　　　　　　　　　　 25.0  4.6 -3.7  8.8  1.3 21  0.0                           
091728061314105058モンスールデジール　　　　　　　　　 22.1  4.1 -0.1-10.7 -3.2 17  0.0                           
091728061414103751ラヴィングアンサー　　　　　　　　　  3.5  1.4 12.0 16.5  9.4 29 13.1                           
091728070113105865フレグラントブレス　　　　　　　　　  4.1  1.5 14.4 17.4 10.5 30 19.0 14                        
091728070213101874エクロジオン　　　　　　　　　　　　 43.0  8.5-10.9 -6.2 -5.9 14 12.6                           
091728070312102824エンパイアブルー　　　　　　　　　　  3.0  1.4 11.9  8.6  6.9 27  5.4                           
091728070413101671ダンツチェック　　　　　　　　　　　 32.7  6.6-11.7 22.2  2.4 22  9.3                           
091728070513105963トリプライト　　　　　　　　　　　　 15.1  3.5  4.3  0.0  1.6 22  6.7                           
091728070613104986ブラボーリリック　　　　　　　　　　 56.5 10.7-10.9 -7.7 -6.3 14  0.0                           
091728070713105551デアリングエッジ　　　　　　　　　　 15.3  3.5 -0.5 -6.2 -2.0 18  0.0                           
091728070813101803フィエスタオーレ　　　　　　　　　　 82.5 15.3-11.7-20.0-10.3 10  0.0                           
091728070913100865デルマチャチャ　　　　　　　　　　　  5.7  1.8 13.1  4.4  6.1 26 20.1                           
091728071012103633ラックアサイン　　　　　　　　　　　 35.4  7.1-11.7-12.9 -8.2 12  9.8                           
091728071113102010オーミパドドゥ　　　　　　　　　　　 60.8 11.4-10.9-12.9 -7.9 12  0.0                           
091728071213101795オールスマイル　　　　　　　　　　　 13.8  3.2  0.1  6.1  1.9 22  0.0                           
091728071313103991センショウレイナ　　　　　　　　　　 62.3 11.7 -7.7-11.3 -6.2 14  0.0                           
091728071412105273サンマルアリュール　　　　　　　　　 24.1  5.0 -7.1 -0.1 -2.6 17  0.0                           
091728071513105705トゥールエッフェル　　　　　　　　　  4.7  1.6 14.2 15.8  9.9 30  4.5                           
091728080112105526キクノステラ　　　　　　　　　　　　 31.4  7.4 -7.1 -1.2 -3.0 17  0.0                           
091728080212102486コンクエストシチー　　　　　　　　　 52.3 11.8 -7.7-16.2 -7.7 12  0.0                           
091728080313102934タイセイプレゼンス　　　　　　　　　  7.7  2.5 11.4 20.0 10.2 30 14.1                           
091728080413103133ウォーターバオバブ　　　　　　　　　  3.6  1.7  7.4  8.7  5.3 25  5.4  5                        
091728080512103348アイファーサンディ　　　　　　　　　 16.6  4.3 -3.1 19.7  4.8 25  0.0  5                        
091728080612100849バリキ　　　　　　　　　　　　　　　  6.2  2.2  7.9 33.1 12.8 33 13.1  1  188   48              
091728080713104702サンキュー　　　　　　　　　　　　　  6.8  2.3  1.5 39.5 12.4 32 18.2  1  267   43              
091728080811105353スターペスユウコ　　　　　　　　　　  6.8  2.3  7.3 15.4  7.3 27  6.9                           
091728080913103837スズカウルトラ　　　　　　　　　　　 30.0  7.1-11.7-14.7 -8.7 11  0.0                           
091728081013100685トウケイフクキタル　　　　　　　　　 17.1  4.4 -3.7  4.1 -0.1 20  9.3  5                        
091728081113102680クリノセゴビア　　　　　　　　　　　 12.3  3.3 11.9 10.5  7.5 28 10.2                           
091728081212103191エルメネジルド　　　　　　　　　　　 18.6  4.7 -6.6 -6.7 -4.4 16  0.0                           
091728081313105440ディアスプマンテ　　　　　　　　　　 71.7 15.6-10.8-14.0 -8.2 12  0.0                           
091728081413100243ジェイシックス　　　　　　　　　　　 49.1 11.2-10.9-11.6 -7.5 13  0.0                           
091728081512103827ハトマークエース　　　　　　　　　　  7.7  2.5 -6.9 -1.3 -2.9 17  5.5  4                        
091728090113106011バシレウスライオン　　　　　　　　　  5.9  1.9 10.2 13.5  7.8 38 20.5                           
091728090212100565ヤマニンマンドール　　　　　　　　　  6.7  2.0 10.0 20.1  9.7 40 13.7                           
091728090313100007ブレイズガール　　　　　　　　　　　 13.7  3.2 -3.2  7.8  1.2 31  7.1  5                        
091728090411105905スズカプリオール　　　　　　　　　　 12.3  2.9 11.6  6.2  6.1 36  5.5                           
091728090512105508タイキパラドックス　　　　　　　　　 71.8 13.4-10.9-10.2 -7.1 23  0.0                           
091728090613103410オフクヒメ　　　　　　　　　　　　　 31.5  6.4  1.2  4.2  1.7 32  6.9                           
091728090710104407タガノエンブレム　　　　　　　　　　 36.5  7.3 -4.9-10.2 -4.9 25  0.0                           
091728090812102006ノーブルルージュ　　　　　　　　　　 30.4  6.2-10.9 -6.2 -5.9 24  0.0                           
091728090912100582グレイトチャーター　　　　　　　　　  2.5  1.3 16.4 18.5 11.6 42  5.4                           
091728091012101205アズマクィーン　　　　　　　　　　　  8.2  2.4 -1.5 11.2  2.8 33  9.0  2                        
091728091111104997タガノスカイ　　　　　　　　　　　　 45.0  8.8 -7.1 -2.1 -3.2 27  0.0                           
091728091212101406アスクジョーダン　　　　　　　　　　  5.8  1.9  6.7 10.2  5.5 36 13.1                           
091728091310100784ハイマウンテン　　　　　　　　　　　 60.9 11.4-10.9-14.1 -8.2 22  0.0                           
091728091411106567テーオーソルジャー　　　　　　　　　 23.9  5.0 -6.5-12.9 -6.3 24  0.0                           
091728100111101046ベック　　　　　　　　　　　　　　　  6.1  1.9 15.7  7.7  8.1 43 22.1                           
091728100210105892ガッサンプレイ　　　　　　　　　　　 45.7  9.1 -9.7 -8.6 -6.1 29  0.0                           
091728100313104088サイタスリーレッド　　　　　　　　　  4.2  1.6 14.2  5.2  6.8 42  0.0                           
091728100412100528タガノアザガル　　　　　　　　　　　103.7 19.3-10.9-11.6 -7.5 28  0.0                           
091728100511102511スズカシャーマン　　　　　　　　　　 65.1 12.4-10.9  2.5 -3.2 32 13.2                           
091728100612100613ウィッシュハピネス　　　　　　　　　 15.2  3.5  2.2 15.2  5.4 40  7.8                           
091728100710100517サンライズネオ　　　　　　　　　　　 41.9  8.4 -7.7 -7.7 -5.1 30  8.8                           
091728100811109135キープレイヤー　　　　　　　　　　　154.2 28.4 -9.7-10.3 -6.6 28  0.0                           
091728100910110105アースゼウス　　　　　　　　　　　　104.0 19.4 -9.7-10.3 -6.6 28  0.0                           
091728101013103993プレシャスエース　　　　　　　　　　 16.8  3.8 -9.7  1.6 -3.1 32  0.0                           
091728101112101489ドリームドルチェ　　　　　　　　　　 49.7  9.9  5.8 -2.2  1.5 36  0.0                           
091728101213106022オウケンビリーヴ　　　　　　　　　　  3.2  1.4 13.0 21.0 11.1 46 10.4                           
091728101312109217スティンライクビー　　　　　　　　　 56.8 10.9 -9.7 -8.6 -6.1 29  0.0                           
091728101411102508ホスト　　　　　　　　　　　　　　　 71.5 13.5 -9.7-10.3 -6.6 28  0.0                           
091728101512105789センターピース　　　　　　　　　　　  4.0  1.5  9.4 15.4  8.1 43 11.8                           
091728101612105839キャプテンシップ　　　　　　　　　　  7.3  2.2 11.7  5.9  6.1 41 11.4                           
091728110109103405スズカルパン　　　　　　　　　　　　 15.8  3.3 -5.0 -2.8 -2.7 32  0.0                           
091728110212101006ペガサスボス　　　　　　　　　　　　 13.2  2.9  8.4  8.4  5.6 41  9.0                           
091728110311104371フロリダパンサー　　　　　　　　　　 27.5  5.1-10.9 -6.2 -5.9 29  0.0                           
091728110411101390カバーストーリー　　　　　　　　　　 39.7  7.1 -7.7-14.0 -7.0 28 13.8                           
091728110512104833ポルトドートウィユ　　　　　　　　　  7.6  2.1 11.3 12.2  7.8 43  6.9  5                        
091728110613104496ミエノサクシード　　　　　　　　　　  3.3  1.4 15.6 20.3 11.8 47 19.0  3                        
091728110711105562ティーエスネオ　　　　　　　　　　　 19.7  3.9 -2.9 -3.6 -2.1 33  8.3  0                        
091728110812100740マイネルネーベル　　　　　　　　　　 25.7  4.9-10.9-10.6 -7.2 28  0.0                           
091728110913103324ハナズレジェンド　　　　　　　　　　  2.8  1.3 16.2 20.3 12.0 47 15.4                           
091728111010102776ショウナンバーキン　　　　　　　　　 34.9  6.4 -7.7 -4.6 -4.2 31  0.0  0                        
091728111112104512ハッピーユニバンス　　　　　　　　　 30.7  5.7 -3.9 -1.1 -1.8 33  0.0                           
091728111213104956ハクサンルドルフ　　　　　　　　　　  5.6  1.7 13.9 11.4  8.5 44  8.9                           
091728111311101777ブレイヴリー　　　　　　　　　　　　 31.2  5.8  0.3-12.9 -3.8 31  0.0                           
091728120111106065メイショウブーケ　　　　　　　　　　 55.6 11.1-10.9-11.2 -7.4 23  0.0                           
091728120212104676キングカヌヌ　　　　　　　　　　　　  6.6  2.1  3.2 16.1  6.0 36  4.5                           
091728120312104717ティンバレス　　　　　　　　　　　　 12.6  3.1  0.6 -2.0 -0.4 30  0.0                           
091728120413101779ヤマニンシルフ　　　　　　　　　　　 17.1  4.0 -2.7 16.6  4.0 34 17.3C                          
091728120511106424ハッピーメモリーズ　　　　　　　　　 62.5 12.4 -7.7-11.2 -6.2 24  0.0                           
091728120610102597タニノマンボ　　　　　　　　　　　　 61.2 12.1-14.0-16.2-10.0 20  0.0                           
091728120713102631ジョースターライト　　　　　　　　　 27.3  5.9 -7.7  4.2 -1.6 28  0.0                           
091728120812100413エンクエントロス　　　　　　　　　　 61.8 12.3 -9.7 -8.6 -6.1 24  0.0                           
091728120913103502エミーズレシピ　　　　　　　　　　　 34.5  7.3-11.7 12.6 -0.5 29  7.2                           
091728121013105952フランドル　　　　　　　　　　　　　  5.5  1.9 10.2 14.7  8.1 38 11.8                           
091728121113104489エンパイアブレイク　　　　　　　　　 13.6  3.3 -2.6 -2.3 -1.6 28  0.0                           
091728121213100597ルナーランダー　　　　　　　　　　　 12.3  3.1 -2.9  8.7  1.5 32  9.6  5                        
091728121313109025ストライクイーグル　　　　　　　　　  2.9  1.4 13.5 14.6  9.3 39 17.4                           
091728121411110009セセリ　　　　　　　　　　　　　　　  7.7  2.3 10.9  5.9  5.8 36  6.9                           
091728121511101915ルイカズマ　　　　　　　　　　　　　 49.6 10.2-10.9-11.2 -7.4 23  0.0                           
091728121611104195サトノスーペリア　　　　　　　　　　 11.7  2.9 -3.7 10.3  1.7 32  9.0                           
