031833010116101500ケントホープ　　　　　　　　　　　　 31.1  6.6 -1.7 -7.5 -3.3  2  0.0                           
031833010216100825バンディエラ　　　　　　　　　　　　 15.1  3.6 -3.3 -2.0 -1.7  3  0.0                           
031833010316104970キュアン　　　　　　　　　　　　　　 15.5  3.7 15.0 -2.0  3.8  9  0.0                           
031833010416105894ダークサンダー　　　　　　　　　　　 28.3  6.1-11.3 -9.0 -6.7 -2  0.0                           
031833010516105671シゲルヒスイ　　　　　　　　　　　　 26.7  5.8 -1.3 -2.3 -1.2  4  0.0                           
031833010616105278ヴァンキッシュアイ　　　　　　　　　 45.3  9.4-11.3 -3.3 -4.6  0  0.0                           
031833010716102258リワードアンヴァル　　　　　　　　　  5.7  1.9 14.4 12.7  9.0 14  8.5  1  602   40              
031833010816103768ケイアイビリジアン　　　　　　　　　  3.0  1.4 15.0 11.4  8.7 14 13.0                           
031833010916105195タキシードジャンク　　　　　　　　　  5.1  1.8 14.2 13.2  9.1 14 15.3                           
031833011016101263ラインリンクス　　　　　　　　　　　  5.0  1.7 14.9 13.5  9.4 14  6.9                           
031833011116101484サゼラック　　　　　　　　　　　　　 50.8 10.4-10.0-12.9 -7.7 -3  0.0                           
031833011216102989ロネガン　　　　　　　　　　　　　　 41.6  8.7-10.0 -2.0 -3.7  1  0.0                           
031833011316106450タイサイ　　　　　　　　　　　　　　 34.4  7.3-10.8-10.8 -7.2 -2  0.0                           
031833011416103861ビルジキール　　　　　　　　　　　　 10.6  2.7  0.4 -4.7 -1.6  3  0.0                           
031833011516106370カサブランカボーテ　　　　　　　　　 57.4 11.4-10.0 -1.0 -3.4  2  0.0                           
031833020115101420セイリスペクト　　　　　　　　　　　  2.9  1.4 11.9 14.9  9.0 29  6.7                           
031833020213100206ウインドオブホープ　　　　　　　　　  4.7  1.7 14.4 11.1  8.4 28  7.3                           
031833020315101779ニシノオクタゴン　　　　　　　　　　 35.4  7.3-10.0 -4.1 -4.5 15  0.0                           
031833020415101394クイックファイア　　　　　　　　　　 14.0  3.3  8.8  2.6  3.6 24  9.2                           
031833020514105910アヴァント　　　　　　　　　　　　　  5.5  1.8 13.0 11.0  7.9 28 16.5                           
031833020615106392エイシンレーザー　　　　　　　　　　  4.8  1.7 18.7 12.6 10.2 30  0.0                           
031833020714103702ブルーオラーリオ　　　　　　　　　　101.3 19.1-10.0-10.6 -6.9 13  0.0                           
031833020815102246サンライズナイト　　　　　　　　　　 82.7 15.7-10.8-10.8 -7.2 13  0.0                           
031833020913102945メイショウゴテツ　　　　　　　　　　 15.4  3.6 -5.5  9.6  1.9 22  0.0  5                        
031833021014103990モハー　　　　　　　　　　　　　　　 74.9 14.3-10.8-10.8 -7.2 13  0.0                           
031833021115105573エクスパートラン　　　　　　　　　　 37.0  7.6 -5.5-10.8 -5.6 14  0.0                           
031833021213104498ハローマイディア　　　　　　　　　　 24.9  5.3  0.3 -1.6 -0.5 20  0.0                           
031833021313105693トウシンタイガー　　　　　　　　　　 59.8 11.6-10.8-16.4 -9.3 11  0.0  0                        
031833021415101125トーセンヴィータ　　　　　　　　　　  8.9  2.5 10.5 14.3  8.4 28  8.6                           
031833021514101708ホワイトソニック　　　　　　　　　　 43.7  8.9-10.0 -2.5 -3.9 16  0.0                           
031833030116104141ヤエノアカリ　　　　　　　　　　　　133.7 22.4-10.0-10.0 -6.7 -2  0.0                           
031833030216103272スキップ　　　　　　　　　　　　　　 11.1  2.5  6.5  8.8  5.2 10  0.0                           
031833030316103238オーロセレステ　　　　　　　　　　　 63.8 11.0-10.0 -2.5 -3.9  1  0.0                           
031833030416103204イエローナイフ　　　　　　　　　　　150.3 25.1-10.0 -0.6 -3.2  2  0.0                           
031833030516105215ベルポート　　　　　　　　　　　　　 25.7  5.0-10.0 -0.4 -3.1  2  0.0  0                        
031833030616104467ミリオンゲーム　　　　　　　　　　　  2.8  1.3 20.0 15.0 11.5 17 13.0                           
031833030716101505セイウンティアラ　　　　　　　　　　 89.1 15.1-11.3-10.0 -7.1 -2  0.0                           
031833030816100586パープルヌーン　　　　　　　　　　　 11.3  2.6  4.2 -1.4  0.7  6  9.1                           
031833030916104661フラッシュノワール　　　　　　　　　 24.2  4.7-10.0  2.6 -2.0  3  0.0  0                        
031833031016106481ヒカルフラッシュ　　　　　　　　　　 57.4 10.0-10.0-10.0 -6.7 -2  0.0                           
031833031116106570フラワープリンセス　　　　　　　　　 44.6  8.1-10.0 -9.4 -6.4 -1 12.1                           
031833031216106390ハクサンストロング　　　　　　　　　 20.7  4.2  7.7  7.0  4.9 10  0.0                           
031833031316102681パルセイティング　　　　　　　　　　 24.4  4.7-10.0 -5.7 -5.1  0  0.0                           
031833031416110037パリテソーロ　　　　　　　　　　　　  4.5  1.5 12.5 12.0  8.1 13 15.3  5                        
031833031516102707シャウエン　　　　　　　　　　　　　  3.5  1.4 15.0 27.8 14.7 20  0.0                           
031833031616102700ヘデラ　　　　　　　　　　　　　　　 22.9  4.5-10.0 -4.9 -4.8  0  0.0                           
031833040116101287プリマヴェージ　　　　　　　　　　　 49.5  8.9-10.0-17.3 -9.3 -4  0.0  0                        
031833040216100913タイセイアヴァンセ　　　　　　　　　  6.5  1.9-10.0 -2.0 -3.7  1  0.0                           
031833040316100345シバハマ　　　　　　　　　　　　　　 22.7  4.5-11.3-19.4-10.5 -6  0.0                           
031833040416100611クラヴィーア　　　　　　　　　　　　  7.6  2.1 11.1 10.9  7.3 12  0.0                           
031833040516102092ジューンアイリス　　　　　　　　　　 20.0  4.1  0.6  0.6  0.4  5  0.0                           
031833040616104374ヘヴンズコーヴ　　　　　　　　　　　 16.3  3.4-11.3 -2.0 -4.1  1  9.8                           
031833040716104797リヴィエラ　　　　　　　　　　　　　  5.4  1.7 13.4 15.1  9.6 15  7.9                           
031833040816104862グラッパディローザ　　　　　　　　　 16.1  3.4  6.8-11.0 -2.0  3  0.0  0                        
031833040916100272ヴァンケドミンゴ　　　　　　　　　　  2.4  1.3 21.7 21.7 14.5 19 13.0                           
031833041016100230リアルフェイス　　　　　　　　　　　 49.3  8.9-11.3-10.0 -7.1 -2  0.0                           
031833041116104728サンサルドス　　　　　　　　　　　　  4.5  1.6 13.2 10.0  7.6 13 14.2                           
031833050116100058アスペリタス　　　　　　　　　　　　122.9 25.3-11.3-10.0 -7.1 -7  0.0                           
031833050216100808ヘアピンローズ　　　　　　　　　　　  5.0  1.8 20.0 13.3 10.9 11  8.1                           
031833050316102828トミケンミステリオ　　　　　　　　　 24.4  5.7 10.0 11.4  7.2  7  0.0                           
031833050416102907ルージュオブグレイ　　　　　　　　　 61.6 13.0 -5.5-10.8 -5.6 -6  0.0                           
031833050516100804サプライズレター　　　　　　　　　　105.5 21.8-11.3-13.9 -8.5 -8  0.0                           
031833050616103424サンタンデール　　　　　　　　　　　  8.8  2.7 15.5 15.4 10.3 10  0.0  2                        
031833050716106340アイマックス　　　　　　　　　　　　 33.9  7.6-10.0 -1.0 -3.4 -3  0.0                           
031833050816105183フォーエバーワン　　　　　　　　　　 17.0  4.2  6.0 -8.3 -1.2 -1  0.0                           
031833050916106130アニヴェルセル　　　　　　　　　　　 16.0  4.0-10.0-10.0 -6.7 -7  9.7                           
031833051016104026サンマッキニー　　　　　　　　　　　 56.4 11.9 -2.0 -2.0 -1.3 -1  0.0                           
031833051116104973リトルグッド　　　　　　　　　　　　 20.4  4.9-10.0 -4.0 -4.5 -4 10.4  5                        
031833051216110009モンタナウインド　　　　　　　　　　  4.2  1.7  1.0  9.0  3.6  4  6.7                           
031833051316101098リュウグウヒメ　　　　　　　　　　　  4.2  1.7  2.5 11.0  4.8  5  0.0                           
031833051416102674コウユーモゼ　　　　　　　　　　　　 22.9  5.4-11.3 -2.0 -4.1 -4  0.0                           
031833051516103226スプリングハズカム　　　　　　　　　 44.8  9.9  1.3 -4.0 -1.1 -1  0.0                           
031833051616102456マイネルコルサ　　　　　　　　　　　  4.7  1.7-10.0 12.0  1.4  1 15.3  5                        
031833060115106502カズミドリーム　　　　　　　　　　　 13.0  3.0-10.0  0.3 -2.9 17 10.3                           
031833060212100609アミーキティア　　　　　　　　　　　  2.9  1.4 15.0 20.4 12.0 32  6.7  2                        
031833060315105429ミラビリア　　　　　　　　　　　　　 38.7  7.5-11.3 -2.0 -4.1 16  0.0                           
031833060413103509メイショウマイカゼ　　　　　　　　　 53.0 10.0 -1.1-13.8 -5.4 15  0.0  0                        
031833060515106402ゴールデンテソーロ　　　　　　　　　 12.3  2.9-10.0 10.2  0.7 21  9.2                           
031833060614102711リリーメーカー　　　　　　　　　　　 80.5 14.4-10.8-10.8 -7.2 13  0.0                           
031833060714106468フェイバリットラン　　　　　　　　　 50.9  9.6-11.3-10.0 -7.1 13  0.0                           
031833060815100485テイエムオーラコ　　　　　　　　　　 74.0 13.3-10.8-10.8 -7.2 13  0.0                           
031833060915103793ココロストライク　　　　　　　　　　 30.4  6.0-10.0-13.5 -7.9 12 11.5                           
031833061013102098テンプルツリー　　　　　　　　　　　 18.2  3.9 -2.7 11.0  3.2 23  0.0  5                        
031833061114105041ゼットパール　　　　　　　　　　　　 13.5  3.1  0.4  1.2  0.6 21  0.0                           
031833061215103384ポートナイトサイト　　　　　　　　　 12.1  2.8-11.3 -5.2 -5.3 15  0.0  0                        
031833061314103514パワフルヒロコ　　　　　　　　　　　 11.9  2.8  8.5  2.2  3.4 23  8.1                           
031833061415101491アポロアミ　　　　　　　　　　　　　  8.4  2.3  6.8 -8.3 -1.0 19  7.9                           
031833061515103446アテンフラワー　　　　　　　　　　　 31.9  6.3-10.8-11.8 -7.6 12  0.0  0                        
031833061614101803ポップシンガー　　　　　　　　　　　  3.8  1.6  6.8 13.0  6.8 27  0.0                           
031833070115100747マイネルキラメキ　　　　　　　　　　  6.7  2.2  6.8 17.5  8.5 28 17.7                           
031833070213101893マリネリス　　　　　　　　　　　　　 42.6  9.1      -2.5 -0.9 19  0.0                           
031833070315102790ドリームスピリット　　　　　　　　　  4.4  1.7 13.8 16.0 10.0 30 14.2                           
031833070415104316コロンバスデイ　　　　　　　　　　　 15.6  3.8  8.8  1.0  3.0 23  0.0                           
031833070513105810ローズクランス　　　　　　　　　　　 40.8  8.7 -3.3  3.0  0.1 20  0.0                           
031833070614105362マーヴェルズ　　　　　　　　　　　　 15.0  3.7  6.5  0.6  2.2 22  0.0                           
031833070714100960レッドアメリア　　　　　　　　　　　 50.7 10.7-10.0 -9.8 -6.6 13  0.0                           
031833070815104263ウォルビスベイ　　　　　　　　　　　  5.2  1.8 13.2 14.7  9.4 29  8.1                           
031833070915100839マーティンルナ　　　　　　　　　　　 38.6  8.3-10.8-10.8 -7.2 13  0.0                           
031833071014100063プレシャスブルー　　　　　　　　　　  4.9  1.8  7.5 23.6 10.9 31  0.0                           
031833071114102363リュウシンローズ　　　　　　　　　　 61.9 12.6-11.3-20.0-10.7  9  0.0  0                        
031833071215102832ロードジパング　　　　　　　　　　　 30.6  6.7-11.3-13.0 -8.2 12  0.0                           
031833071313106050カマクラ　　　　　　　　　　　　　　 27.7  6.1-10.0 -2.6 -4.0 16  0.0                           
031833071413105912トロピカルストーム　　　　　　　　　  3.6  1.5 16.8 15.3 10.6 31  6.7                           
031833080114103404タケショウベスト　　　　　　　　　　  2.2  1.2 15.0 36.3 17.8 38 13.0                           
031833080211106466アリエスムーン　　　　　　　　　　　  9.2  2.1 11.0 10.0  7.0 27  8.1                           
031833080314103523メイショウハバネラ　　　　　　　　　 22.9  3.8 -1.7-13.7 -5.5 14  0.0  0                        
031833080414105413バーミーブリーズ　　　　　　　　　　 30.4  4.9-10.0 -5.0 -4.8 15  0.0  5                        
031833080515102137ウインドショコラ　　　　　　　　　　 82.6 11.8 -4.7 -5.5 -3.4 17  0.0                           
031833080613105548シェヴェルニー　　　　　　　　　　　 75.6 10.8     -17.5 -6.4 14  0.0  0                        
031833080714103017ヒロイックアゲン　　　　　　　　　　  3.1  1.3 12.0  6.8  6.1 26 14.2                           
031833080815100703ルリハリ　　　　　　　　　　　　　　 32.7  5.2-11.3  8.2 -0.4 20  0.0                           
031833080913106162ナタリーバローズ　　　　　　　　　　  7.1  1.8 11.5 14.3  8.7 29  7.9  3                        
031833081013102594フレンチイデアル　　　　　　　　　　 13.5  2.6      10.6  3.9 24  0.0  5                        
031833081115105725グラスレガシー　　　　　　　　　　　 27.4  4.5-10.0  2.0 -2.3 18  0.0                           
031833081212100086ポルボローネ　　　　　　　　　　　　 42.2  6.5-10.8-10.8 -7.2 13  0.0                           
031833081314100462ニシノオウカン　　　　　　　　　　　 33.4  5.3 -3.3  7.1  1.6 22  0.0                           
031833081415101755ピースフルウィーク　　　　　　　　　 60.8  8.8-10.8-10.8 -7.2 13  0.0                           
031833081514104301モアナブルー　　　　　　　　　　　　 44.3  6.8  6.0 -2.4  0.9 21  0.0  0                        
031833090114105404コロニアルスタイル　　　　　　　　　  3.5  1.5 10.5 23.7 11.8 32  6.3                           
031833090214102677ラッシュワールド　　　　　　　　　　117.3 23.6-10.8-16.3 -9.2 11  0.0  0                        
031833090314103603サンライズカラマ　　　　　　　　　　114.0 23.0-10.8-10.8 -7.2 13  0.0                           
031833090415105738スマートアイビス　　　　　　　　　　 18.0  4.3 -1.7 -7.5 -3.3 17  0.0                           
031833090515103608ノボマハロ　　　　　　　　　　　　　 18.1  4.4-10.0-20.0-10.3 10  0.0                           
031833090614100598ホープフルスター　　　　　　　　　　 12.8  3.3  2.2  3.5  1.9 22  0.0                           
031833090714105221アスカノハヤテ　　　　　　　　　　　  5.3  1.9 10.7  6.5  5.6 26 15.3                           
031833090814101877アンチャーテッド　　　　　　　　　　 45.3  9.8-11.3-11.8 -7.7 12  0.0                           
031833090914104933タイセイマルス　　　　　　　　　　　  4.9  1.8 15.4  9.7  8.2 28  7.3                           
031833091014101637リトルレグルス　　　　　　　　　　　 26.7  6.0 16.3 -4.9  3.1 23  0.0                           
031833091114103036プリンセスヨウク　　　　　　　　　　 14.5  3.6  5.0 10.5  5.3 25  0.0  5                        
031833091215106076ナムラストロベリー　　　　　　　　　  7.6  2.4-10.0  7.3 -0.3 20  8.5                           
031833091314101831ラッシュバンガード　　　　　　　　　 31.6  7.0-11.3 -8.9 -6.7 13  0.0                           
031833091414101818マッジョネラ　　　　　　　　　　　　 11.5  3.0 15.0  2.6  5.5 25  0.0                           
031833091513103425メイショウバンダイ　　　　　　　　　 75.9 15.5-10.8-10.8 -7.2 13  0.0                           
031833091614105078コンテンポラリー　　　　　　　　　　 15.8  3.9  0.6  0.6  0.4 20 10.4                           
031833100115104901モートゥス　　　　　　　　　　　　　 33.8  7.5-10.8-12.0 -7.6 12  0.0                           
031833100215104528グレンフィナン　　　　　　　　　　　 14.9  3.8  6.0 -9.8 -1.8 18 18.9                           
031833100314102906ウォーブル　　　　　　　　　　　　　 72.6 15.0     -14.1 -5.2 15  0.0  0                        
031833100411104725マイネルプレッジ　　　　　　　　　　 96.8 19.8-11.3-13.5 -8.3 12  0.0                           
031833100515103627バイオスパーク　　　　　　　　　　　  3.2  1.5 12.6 40.0 18.4 38 13.0                           
031833100614103367サンシロウ　　　　　　　　　　　　　  6.0  2.1-10.0 15.0  2.5 22  0.0                           
031833100714104267ブラックギムレット　　　　　　　　　 96.5 19.8-11.3-10.6 -7.3 13  0.0                           
031833100814105635リーゼントシャルフ　　　　　　　　　 40.4  8.9-10.0-10.0 -6.7 13  0.0                           
031833100914101307モザイク　　　　　　　　　　　　　　 16.0  4.0  6.5  6.5  4.3 24  0.0                           
031833101015102307ソールライト　　　　　　　　　　　　 29.5  6.7  1.0-10.0 -3.4 17  0.0                           
031833101114102449トミケンボハテル　　　　　　　　　　  6.2  2.1  6.7 11.4  6.2 26  8.5                           
031833101214100229ウインクリムゾン　　　　　　　　　　 19.2  4.6-10.0  4.1 -1.5 19  0.0                           
031833101315104681ゴールドパッキャオ　　　　　　　　　  6.9  2.2  6.0  6.0  4.0 24  0.0                           
031833101415101879テイエムオスカー　　　　　　　　　　 29.4  6.6  2.9-10.1 -2.8 17  0.0  5                        
031833101514103040エイシンクリック　　　　　　　　　　  5.8  2.0  5.4 15.2  7.2 27  6.9                           
031833101614102300ダイシンクイント　　　　　　　　　　 15.5  3.9  4.2 -7.5 -1.5 19  0.0                           
031833110114100879セルリアンアラシ　　　　　　　　　　  4.7  1.8 15.7 15.3 10.3 40  7.9                           
031833110214105833クルークハイト　　　　　　　　　　　 19.8  4.9-10.8-10.8 -7.2 23  0.0                           
031833110315104749ブルヴェルソン　　　　　　　　　　　 12.6  3.4  0.6  1.6  0.8 31  0.0                           
031833110414105654フィルムフランセ　　　　　　　　　　  9.3  2.9  1.8 -6.2 -1.7 28  0.0  0                        
031833110513105303ブライトリビング　　　　　　　　　　  4.6  1.8 10.0 13.3  7.9 38 14.2                           
031833110612106074ウォーターイーグル　　　　　　　　　 31.8  7.4 -5.0-10.8 -5.5 25  0.0                           
031833110713106479メイスンスパート　　　　　　　　　　 41.6  9.5-11.3-14.4 -8.7 21  0.0  0                        
031833110814103373サウンドマジック　　　　　　　　　　 39.0  8.9 -2.0 11.6  3.7 34  0.0                           
031833110911104419アンプラグド　　　　　　　　　　　　 30.1  7.0-11.3-18.9-10.3 20  0.0  0                        
031833111013101264シンゼンドリーム　　　　　　　　　　  7.1  2.4  6.5  8.0  4.9 35  8.6                           
031833111112102942コスモバーダン　　　　　　　　　　　144.1 30.5-11.3-10.0 -7.1 23  0.0                           
031833111213102513リキサンダイオー　　　　　　　　　　 79.4 17.1-11.3  3.4 -2.1 28  0.0                           
031833111314102628ローレルリーベ　　　　　　　　　　　  4.4  1.7  9.3  6.9  5.3 35  0.0                           
031833111413100522トーホウリーガル　　　　　　　　　　 33.3  7.7-11.3 -9.0 -6.7 23  0.0                           
031833111513103590ヒルノサルバドール　　　　　　　　　  5.9  2.1 11.0 13.0  8.1 38 16.5                           
031833120114105542マルカテノール　　　　　　　　　　　 89.2 14.0-10.8-20.0-10.6  9  0.0                           
031833120213103720ユッセ　　　　　　　　　　　　　　　 61.7  9.9-10.0 -1.4 -3.5 16  0.0                           
031833120314110125サウンドスカイメサ　　　　　　　　　 36.0  6.2 -5.5-10.8 -5.6 14  0.0                           
031833120413103823メイショウシャチ　　　　　　　　　　  6.2  1.8 10.7 11.0  7.2 27  7.9                           
031833120515100501タガノタイト　　　　　　　　　　　　 13.2  2.7  4.2  3.2  2.4 22  0.0                           
031833120614104402マッタナシ　　　　　　　　　　　　　 25.2  4.5 -2.0 -2.4 -1.5 19  0.0  5                        
031833120713106425ハートイズハート　　　　　　　　　　 24.2  4.4-10.0 -0.1 -3.0 17  0.0                           
031833120814105149ラブユーミー　　　　　　　　　　　　 78.0 12.3-10.0 -8.5 -6.1 14  0.0                           
031833120914101906サンマルスイート　　　　　　　　　　 43.3  7.3-10.0 -1.0 -3.4 17  0.0                           
031833121015100690マイネルエメ　　　　　　　　　　　　  9.0  2.2  8.8 10.0  6.3 26  8.1                           
031833121115100469マキナガラージュ　　　　　　　　　　 33.5  5.8 -5.5-10.8 -5.6 14 10.9                           
031833121213101246スケールアップ　　　　　　　　　　　 51.3  8.5-10.0-17.6 -9.5 11  0.0                           
031833121314110093コスモペリドット　　　　　　　　　　  3.0  1.3 20.0 23.5 14.6 35  7.3                           
031833121415101367プリヴェット　　　　　　　　　　　　 13.7  2.8  1.7  1.2  0.9 21  0.0                           
031833121515103296スリーケープマンボ　　　　　　　　　  2.8  1.3 19.8 18.1 12.6 33 13.0                           
031833121613105850レンベルガー　　　　　　　　　　　　142.7 21.9-11.3-17.3 -9.7 10  0.0  0                        
051853010116105244エンパワーメント　　　　　　　　　　 13.3  3.0-10.0  3.8 -1.6  3  0.0                           
051853010216104265グラナタス　　　　　　　　　　　　　  2.4  1.3 16.1 24.5 13.8 19 18.1                           
051853010316100705コスモアドム　　　　　　　　　　　　 33.6  6.4 -9.1-15.0 -8.2 -3  0.0                           
051853010416101068クレバーゲイン　　　　　　　　　　　 67.7 11.9-10.0-18.6 -9.8 -5  0.0                           
051853010516104788コットンスノー　　　　　　　　　　　 13.2  3.0 20.0  2.7  7.0 12  0.0                           
051853010616106200ヒリーズサン　　　　　　　　　　　　 86.4 15.0-10.0-14.2 -8.2 -3  0.0                           
051853010716100306ヤマチョウヴォイス　　　　　　　　　  5.8  1.8 13.8 15.4  9.8 15 15.1  5                        
051853010816104090ラインコマンダー　　　　　　　　　　 14.9  3.3  8.6-15.0 -2.9  2  8.2                           
051853010916101687ブラックミーティア　　　　　　　　　 11.4  2.6  6.0 16.4  7.8 13  0.0                           
051853011016101799ヌチグスイ　　　　　　　　　　　　　 69.0 12.1 -9.1-11.7 -7.0 -2  0.0                           
051853011116102706マメシボリ　　　　　　　　　　　　　 25.0  4.9-10.0-10.6 -6.9 -2  9.2                           
051853011216105448トシノファイン　　　　　　　　　　　299.9 50.5-10.0-16.7 -9.1 -4  0.0                           
051853011316102225ランペドゥーザ　　　　　　　　　　　240.7 40.6-13.3-15.4 -9.6 -5  0.0                           
051853011416100303セイカアミダイケ　　　　　　　　　　 16.8  3.6-10.0 -1.8 -3.7  1  0.0                           
051853011516100862ピュアヒカリ　　　　　　　　　　　　  4.7  1.6 17.4 15.1 10.8 16  5.8                           
051853011616102947クラウンオペラ　　　　　　　　　　　134.4 23.0-13.5 -6.4 -6.4 -1  0.0                           
051853011716103386コスモミローディア　　　　　　　　　 46.6  8.6 -9.0 -3.6 -4.0  1 15.0                           
051853011816100698ルトンセラン　　　　　　　　　　　　 40.3  7.5-10.0-11.1 -7.1 -2  0.0                           
051853020116105702タイトロープウィン　　　　　　　　　  5.4  1.9 12.0  6.5  6.0 11 16.3                           
051853020216102237スミレヴィオレッタ　　　　　　　　　 71.8 14.6-10.0-10.0 -6.7 -2  0.0                           
051853020316103674ミツカネラクリス　　　　　　　　　　  4.7  1.7-10.0  9.7  0.6  6  6.2                           
051853020416100694アドアステラ　　　　　　　　　　　　  3.9  1.6 14.8 12.0  8.8 14 18.1                           
051853020516104769エレンボーゲン　　　　　　　　　　　  5.5  1.9 10.0  7.4  5.7 11  7.2                           
051853020616103978ロマンチョウサン　　　　　　　　　　 39.9  8.6-11.4 -5.5 -5.4  0  0.0                           
051853020716100713ユノートルベル　　　　　　　　　　　 65.2 13.4-11.4 -8.2 -6.4 -1  0.0                           
051853020816101577ユメアカリ　　　　　　　　　　　　　 74.4 15.1-13.3-16.6-10.1 -5  0.0                           
051853020916106222カンタベリーメガミ　　　　　　　　　 88.6 17.9-10.0-14.1 -8.2 -3  0.0                           
051853021016104561インバウンド　　　　　　　　　　　　  8.0  2.5 20.0 10.7  9.9 15 10.9                           
051853021116100354ペイシャコリンナ　　　　　　　　　　  4.1  1.6 10.0 10.2  6.7 12  5.8                           
051853021216105486ステイドネス　　　　　　　　　　　　 36.3  7.9 -9.1-10.9 -6.7 -2  0.0                           
051853021316102240エスペランサ　　　　　　　　　　　　 29.7  6.6-10.0 -3.0 -4.1  1  0.0  0                        
051853021416105241アウティミアー　　　　　　　　　　　 26.4  5.9 -9.8  0.7 -2.7  2  0.0                           
051853030116103345イサク　　　　　　　　　　　　　　　  5.6  1.5 12.6 21.9 11.8 17  6.2                           
051853030216100746マイネルミュトス　　　　　　　　　　 10.9  2.1  6.3 14.7  7.3 12  9.6                           
051853030316106217グレイジャックマン　　　　　　　　　  4.1  1.3 15.6 19.2 11.7 17 14.0                           
051853030416104149ツクバソヴァール　　　　　　　　　　 24.1  3.7  1.3-12.5 -4.2  1  0.0                           
051853030516104791シャドウディーヴァ　　　　　　　　　  1.8  1.2 21.4 20.0 13.8 19 18.1                           
051853030616104660パルティアーモ　　　　　　　　　　　 22.0  3.5  0.3 -8.2 -2.9  2  0.0                           
051853030716101848コスモリミックス　　　　　　　　　　 25.9  4.0 -5.8  7.2  0.9  6  8.7                           
051853030816103192シンボリノワール　　　　　　　　　　 11.2  2.1 10.1 22.8 11.4 16  7.2  3                        
051853030916102691チャーチルクイーン　　　　　　　　　 32.1  4.7-10.0-10.8 -7.0 -2  0.0                           
051853031016102180コーヴ　　　　　　　　　　　　　　　 62.8  8.4-10.0-10.7 -6.9 -2  0.0                           
051853040116110039エターナルブレイズ　　　　　　　　　 11.4  2.8 12.4  7.5  6.5  6  0.0                           
051853040216110134アポロナッシュビル　　　　　　　　　 16.5  3.7  9.9  2.6  3.9  4 10.9C                          
051853040316104169セクシイフラワー　　　　　　　　　　 19.3  4.2 -6.1  7.7  1.0  1  0.0  5                        
051853040416100669リライト　　　　　　　　　　　　　　 25.6  5.3-12.5 -5.6 -5.8 -6  0.0                           
051853040516100869トレンドボブ　　　　　　　　　　　　 39.3  7.8 -7.6 -8.6 -5.4 -5  0.0                           
051853040616106339シャンデリアムーン　　　　　　　　　  7.7  2.2  6.1  0.7  2.1  2  0.0                           
051853040716103875スズカマリーシップ　　　　　　　　　 24.8  5.2-11.4 -8.1 -6.4 -6  0.0  0                        
051853040816103796ジャンビーヤ　　　　　　　　　　　　162.4 29.4-11.4 -9.0 -6.7 -7  0.0                           
051853040916110078アメリカンソレイユ　　　　　　　　　  3.5  1.5 25.1 11.8 11.9 12 18.1                           
051853041016100108サツキミラクル　　　　　　　　　　　270.0 48.5-10.0-12.6 -7.6 -8  0.0                           
051853041116101396ニシノマリアージュ　　　　　　　　　 48.0  9.4-11.4 -5.5 -5.4 -5  0.0                           
051853041216101492ジョーマンデリン　　　　　　　　　　  3.5  1.5 16.8 17.6 11.5 11 19.8  3                        
051853041316105983イッツザファースト　　　　　　　　　  6.2  2.0 20.0  0.9  6.3  6  6.2  0                        
051853041416106016マナスルーテソーロ　　　　　　　　　 19.3  4.2-10.0 -7.1 -5.6 -6  0.0                           
051853041516105329フォアシザフューチ　　　　　　　　　 24.7  5.2  2.6 -1.2  0.3  0  9.7                           
051853041616105470リゼ　　　　　　　　　　　　　　　　 21.8  4.6-10.0-12.0 -7.4 -7  0.0                           
051853041716103705スローエクスプレス　　　　　　　　　213.4 38.5-10.0-19.4-10.1-10  0.0  0                        
051853050116104749フジノタカネ　　　　　　　　　　　　  3.5  1.4 19.9 13.3 10.8 16  5.8                           
051853050216101035トモジャファイブ　　　　　　　　　　  5.4  1.6 14.1 19.1 11.2 16  8.9                           
051853050316101385ゲンパチシャドウ　　　　　　　　　　 13.5  2.9  0.9  9.1  3.6  9  7.2                           
051853050416102995キングイモン　　　　　　　　　　　　 19.4  3.8-10.0 10.0  0.7  6 11.6C 5                        
051853050516104091ダディフィンガー　　　　　　　　　　 29.4  5.3 -4.3-15.0 -6.8 -2  0.0                           
051853050616104061コマノゼニト　　　　　　　　　　　　  7.9  2.1  8.0  7.2  5.0 10  0.0  5                        
051853050716102739ジュラブスカイト　　　　　　　　　　 53.4  9.2-11.4-14.4 -8.7 -4  0.0  0                        
051853050816101073コパノサンデー　　　　　　　　　　　 22.1  4.2 -7.2  0.7 -1.9  3  0.0                           
051853050916106568トーセンテキーラ　　　　　　　　　　  2.6  1.3 17.6 25.0 14.4 19 18.1                           
051853051016102631シンリン　　　　　　　　　　　　　　121.3 19.4-10.0-14.9 -8.5 -3  0.0  0                        
051853051116102712シットリ　　　　　　　　　　　　　　 57.0  9.5-13.5  3.8 -2.7  2  0.0                           
051853051216100811フガク　　　　　　　　　　　　　　　111.8 18.0-11.4-19.4-10.5 -6  0.0  0                        
051853051316101864テクノドリーム　　　　　　　　　　　 17.3  3.5 -2.4  0.7 -0.5  5  7.7                           
051853051416105113サノラニ　　　　　　　　　　　　　　167.4 26.6-10.0 -9.0 -6.3 -1  0.0                           
051853051516103505オールミラージュ　　　　　　　　　　121.3 19.4-10.0 -8.8 -6.2 -1  0.0                           
051853051616104081ディアマキニスタ　　　　　　　　　　 29.2  5.3  2.6 -3.2 -0.4  5  9.1                           
051853060116100679ボーンインメイ　　　　　　　　　　　 25.2  4.7-10.0-12.5 -7.6 -8  0.0                           
051853060216105410ジョブックビザーレ　　　　　　　　　 13.4  2.9  0.8 11.6  4.5  4  0.0  5                        
051853060316105809ショウナンランナー　　　　　　　　　 19.4  3.9 -7.1-11.5 -6.3 -6  0.0                           
051853060416104260ストロングガルム　　　　　　　　　　 16.2  3.3 -6.7  2.5 -1.1 -1  0.0                           
051853060516101987オウケンインザサン　　　　　　　　　 18.2  3.7  6.4 -2.4  1.0  1  8.2                           
051853060616102122アドゥシール　　　　　　　　　　　　 26.7  5.0 -2.7-10.3 -4.6 -5  0.0                           
051853060716101960トクベツノカンケイ　　　　　　　　　 87.5 14.4-10.4-12.5 -7.7 -8  0.0                           
051853060816104232カヌメラビーチ　　　　　　　　　　　  2.5  1.2 25.1 17.9 14.1 14 10.6                           
051853060916102385ニシノアレグロ　　　　　　　　　　　 26.5  5.0 -9.1 -2.1 -3.5 -4  0.0                           
051853061016104398アディクション　　　　　　　　　　　  3.8  1.4 15.9 13.2  9.6 10 14.0                           
051853061116104444ロードリッチ　　　　　　　　　　　　  4.5  1.5 13.2 11.2  8.1  8 21.4                           
051853061216105186フィルストバーン　　　　　　　　　　 11.4  2.5 10.7  9.3  6.6  7  9.6                           
051853070114100933ダウンザライン　　　　　　　　　　　 12.4  3.0 10.4 11.9  7.5 27 10.9                           
051853070213100918サノノカガヤキ　　　　　　　　　　　 28.1  6.0-10.0  3.8 -1.6 18 10.1                           
051853070314105984エイプリルミスト　　　　　　　　　　 22.6  4.9-10.1  0.3 -2.9 17  0.0                           
051853070414106398セラファン　　　　　　　　　　　　　 55.7 10.9-13.3-14.0 -9.1 11  0.0  0                        
051853070514103635ウォーターマーズ　　　　　　　　　　  2.6  1.4 20.2 16.6 12.1 32 18.1                           
051853070613104170ヨクエロマンボ　　　　　　　　　　　  8.7  2.5 14.5 13.5  9.3 29  0.0                           
051853070712106377ワンダープレジール　　　　　　　　　 28.9  6.1-12.5 -6.4 -6.1 14  0.0                           
051853070815106260ロージズキング　　　　　　　　　　　  7.4  2.2  6.0 14.0  6.9 27  0.0                           
051853070915105399ギガバッケン　　　　　　　　　　　　 25.0  5.4 -4.3-10.9 -5.3 15  9.6                           
051853071015104149ダンスメーカー　　　　　　　　　　　  6.0  2.0 11.1 14.4  8.6 29 14.0                           
051853071113105795フォースリッチ　　　　　　　　　　　 44.0  9.0-11.4-14.4 -8.7 11  0.0                           
051853071214104192オールウェイズゼア　　　　　　　　　  6.2  2.0  6.9 15.4  7.7 28  6.3                           
051853071314103722ビッザーロ　　　　　　　　　　　　　 13.9  3.3  1.9 15.9  6.4 26  0.0                           
051853071415102033モズノーブルギフト　　　　　　　　　 20.8  4.7-12.5 -6.4 -6.1 14  0.0                           
051853080113103727ウインクルサルーテ　　　　　　　　　 16.9  3.8-12.5 -5.0 -5.6 24  0.0                           
051853080215101701シスターフラッグ　　　　　　　　　　  9.2  2.6  3.6 -1.0  0.7 31 19.8                           
051853080314102696ニシノアモーレ　　　　　　　　　　　 28.7  5.9-10.0-10.3 -6.8 23  0.0                           
051853080415105025レーツェル　　　　　　　　　　　　　  7.7  2.3 11.9 15.4  9.2 39  0.0                           
051853080515106056ウスベニノキミ　　　　　　　　　　　  6.5  2.0 11.4  6.8  5.9 36  6.2                           
051853080613103386スマートルビー　　　　　　　　　　　  7.6  2.3  0.9  6.5  2.7 33  0.0                           
051853080714100717キューンハイト　　　　　　　　　　　 21.1  4.6-10.0 -6.3 -5.3 25  9.2                           
051853080813106154レイリオン　　　　　　　　　　　　　  2.9  1.4 25.1 16.9 13.7 44 18.1                           
051853080913105764アドヴェントス　　　　　　　　　　　  6.6  2.0 12.1 18.8 10.5 41  0.0                           
051853081014100214ウインシトリン　　　　　　　　　　　  4.5  1.7 15.2  7.4  7.3 37 14.0                           
051853090116104491ナンヨーイザヨイ　　　　　　　　　　  5.3  1.8 18.8 16.8 11.8 32  6.2                           
051853090216103957デルマルーヴル　　　　　　　　　　　  2.9  1.4 23.5 13.5 12.0 32 18.1                           
051853090316104112キチロクタービン　　　　　　　　　　 74.2 13.9-11.4-19.6-10.6  9  0.0                           
051853090416101560ペイシャリルキス　　　　　　　　　　  7.4  2.2  3.8  9.3  4.6 25 16.3C                          
051853090516101130アキンド　　　　　　　　　　　　　　 79.2 14.8-11.4-11.7 -7.7 12  0.0                           
051853090616101943ショウナンガナドル　　　　　　　　　 41.1  8.2 -4.5 -4.7 -3.1 17  0.0                           
051853090716100797ミヤジシルフィード　　　　　　　　　  9.2  2.6  7.5  9.7  5.8 26  7.2                           
051853090816103730ザイツィンガー　　　　　　　　　　　 13.5  3.2 10.1  3.3  4.2 24  0.0                           
051853090916105637パブロフテソーロ　　　　　　　　　　 20.1  4.4  3.7  4.8  2.9 23  0.0                           
051853091016103448ニシノコトダマ　　　　　　　　　　　 47.3  9.3 -6.7-10.2 -5.8 14  0.0                           
051853091116101240スマートサヴァラン　　　　　　　　　 46.9  9.2-11.4 -9.2 -6.8 13  0.0                           
051853091216105699ハクナマタタ　　　　　　　　　　　　 15.1  3.5  6.2  8.8  5.1 25  8.2  5                        
051853091316101250マイネルバトゥータ　　　　　　　　　 30.7  6.3-10.0-11.1 -7.1 13  0.0                           
051853091416100520タガノカルラ　　　　　　　　　　　　  4.4  1.6 19.9 12.6 10.6 31  8.2                           
051853091516103402プロトイチバンボシ　　　　　　　　　 49.9  9.8-10.0 -8.0 -5.9 14  0.0                           
051853091616100324ジョウラン　　　　　　　　　　　　　 49.7  9.8-10.0-12.1 -7.4 13  0.0                           
051853100114104304デスティニーソング　　　　　　　　　 12.5  3.0 -2.9  6.7  1.6 32  8.2                           
051853100213104491ミエノドリーマー　　　　　　　　　　 45.6  9.2-11.4-11.5 -7.6 22  0.0                           
051853100315105974ライラックカラー　　　　　　　　　　  4.5  1.6 14.1 15.2  9.8 40  0.0                           
051853100415100854ニシノウララ　　　　　　　　　　　　 12.1  3.0  6.8 12.7  6.7 37  0.0                           
051853100513100041マリエラ　　　　　　　　　　　　　　 33.1  6.8-12.5 -8.3 -6.8 23  0.0                           
051853100614104831スイーズドリームス　　　　　　　　　 12.1  3.0  7.5 -2.3  1.4 31 10.9                           
051853100712103628シルヴァーコード　　　　　　　　　　 38.4  7.8-13.5-11.7 -8.3 22  0.0                           
051853100815103057ダイアトニック　　　　　　　　　　　  3.0  1.4 20.2 13.5 11.0 41 18.1                           
051853100913101932ペルソナリテ　　　　　　　　　　　　 18.2  4.1  2.1  8.4  3.7 34  0.0  5                        
051853101015100128ロードライト　　　　　　　　　　　　 40.0  8.1-10.3  3.1 -2.0 28 10.1                           
051853101115105023ミカリーニョ　　　　　　　　　　　　  5.8  1.9 15.3  9.3  8.0 38  6.7                           
051853101214104369グランドボヌール　　　　　　　　　　  5.0  1.7 16.8 10.8  9.0 39 15.2                           
051853101314110043レヴァンテライオン　　　　　　　　　 51.1 10.2-12.5-12.3 -8.3 22  0.0                           
051853110112104504マイネルオフィール　　　　　　　　　 58.8 12.0-11.4-10.3 -7.2 43  0.0                           
051853110213100786パルトネルラーフ　　　　　　　　　　 60.2 12.2-10.0-15.9 -8.8 41  0.0                           
051853110313104246クインズサターン　　　　　　　　　　 17.2  4.1 -1.4-12.2 -4.9 45  0.0                           
051853110414106474サンライズノヴァ　　　　　　　　　　  3.1  1.5 15.5 12.7  9.3 59 18.0                           
051853110513105373イーグルフェザー　　　　　　　　　　 30.0  6.6 -7.8-14.4 -7.6 42  0.0                           
051853110612103379ラインシュナイダー　　　　　　　　　 45.8  9.7-11.4-10.3 -7.2 43  0.0                           
051853110714105482ユラノト　　　　　　　　　　　　　　  8.9  2.6 -1.2 22.5  7.9 58 20.5  2                        
051853110813110046ルグランフリソン　　　　　　　　　　 50.1 10.5-11.4-14.4 -8.7 41  0.0  0                        
051853110913110089ストロングバローズ　　　　　　　　　 25.4  5.7-11.4 -8.9 -6.7 43  0.0                           
051853111013100711ナムラミラクル　　　　　　　　　　　  5.8  2.0 16.4  8.8  8.1 58 11.7                           
051853111113106079グレンツェント　　　　　　　　　　　 17.9  4.2 -9.1  1.8 -2.1 48  0.0                           
051853111212104508クルーガー　　　　　　　　　　　　　 20.8  4.8 10.6  6.4  5.5 56  0.0                           
051853111311104831メイショウウタゲ　　　　　　　　　　 17.3  4.1-11.4  6.7 -1.0 49 12.5                           
051853111412106253モルトベーネ　　　　　　　　　　　　 22.2  5.0-11.4 -9.7 -7.0 43  0.0                           
051853111512104882ウェスタールンド　　　　　　　　　　  5.4  1.9 20.2 15.7 11.8 62  0.0                           
051853111610104916インカンテーション　　　　　　　　　  6.8  2.2 15.3 11.9  9.0 59 19.8                           
051853120115110076ケンデスティニー　　　　　　　　　　 40.6  7.9-12.5-16.1 -9.7 20  0.0  0                        
051853120214102667シンボリバーグ　　　　　　　　　　　  4.2  1.6 12.0 17.6 10.1 40  5.8                           
051853120313103739モルゲンロート　　　　　　　　　　　 18.6  4.1  0.7  4.5  1.9 32  9.1                           
051853120413109028タイガーヴォーグ　　　　　　　　　　 16.2  3.6  2.0  7.6  3.4 33  0.0                           
051853120514103000メイショウミズカゼ　　　　　　　　　 37.8  7.4-12.5 -6.6 -6.2 24  0.0                           
051853120612105841ティアップサンダー　　　　　　　　　 41.1  8.0-10.0-10.6 -6.9 23  0.0                           
051853120712104581クラシコ　　　　　　　　　　　　　　  2.9  1.4 17.9 23.7 14.1 44 18.1                           
051853120815100761コスモジョーカー　　　　　　　　　　 39.0  7.7-10.4 -6.8 -5.6 24  0.0                           
051853120913102271カワキタピリカ　　　　　　　　　　　 28.3  5.7-14.7 -4.7 -6.1 24  0.0                           
051853121012102701ナムラヒューマン　　　　　　　　　　 38.8  7.6-12.5 -7.9 -6.6 23  0.0                           
051853121113102856ブラックジョー　　　　　　　　　　　 13.6  3.1 -6.0 -3.9 -3.2 27 10.9                           
051853121213102849ベルクリア　　　　　　　　　　　　　  8.1  2.3  7.5  6.1  4.5 34 21.4                           
051853121313100005ナンベーサン　　　　　　　　　　　　 32.7  6.5 -4.7 -4.7 -3.1 27  0.0                           
051853121412102583ステラルーチェ　　　　　　　　　　　 11.6  2.8 10.4 17.5  9.5 40  0.0                           
051853121513104121ミスズマンボ　　　　　　　　　　　　 18.5  4.0 -0.5 -4.8 -1.9 28  0.0                           
051853121613101531クリムゾンバローズ　　　　　　　　　  9.3  2.5-10.0  6.3 -0.7 29  0.0                           
081853010116102472オースミヌーベル　　　　　　　　　　  5.2  1.7  6.9 18.9  8.2 13  9.6                           
081853010216100510タガノカルーア　　　　　　　　　　　 92.1 16.5-11.4-13.7 -8.3 -3  0.0                           
081853010316106032ミヤジハヤカゼ　　　　　　　　　　　  3.3  1.4 15.0 20.6 11.7 17  8.1  2                        
081853010416106585テーオーポシブル　　　　　　　　　　 39.8  7.7-14.0  7.7 -2.8  2  0.0                           
081853010516105751トウケイダヴィンチ　　　　　　　　　 93.3 16.7-10.7-10.5 -7.1 -2  0.0                           
081853010616105780ニホンピロコレール　　　　　　　　　 32.3  6.4-10.7-20.0 -9.9 -5  0.0                           
081853010716103787ダイメイコスモス　　　　　　　　　　 24.1  4.9 -2.7  9.1  1.7  7 18.0                           
081853010816100065シンゼンマックス　　　　　　　　　　 11.9  2.8 10.7 16.7  8.9 14 13.5  4                        
081853010916102812ナムラシェパード　　　　　　　　　　 23.0  4.7 -8.1  9.5 -0.1  5 14.0  5                        
081853011016106060ヘルメット　　　　　　　　　　　　　  8.8  2.4  9.4 13.0  7.3 12 12.6                           
081853011116100158ダイシンクローバー　　　　　　　　　  3.4  1.4 19.4 11.8 10.7 16 13.7                           
081853011216105855アスタードラゴン　　　　　　　　　　 49.1  9.3 -8.5-12.4 -6.8 -2  0.0                           
081853011316105226グラウクス　　　　　　　　　　　　　 12.3  2.9 -6.7  1.5 -2.0  3  0.0                           
081853011416101728バトルアグレッシブ　　　　　　　　　 22.1  4.6 -5.4-10.9 -5.3  0  0.0                           
081853011516100909ラストクリーガー　　　　　　　　　　 21.7  4.5 -6.9  8.9  0.1  5  0.0  5                        
081853020116104236ララフォーナ　　　　　　　　　　　　  9.0  2.2  2.8  3.4  2.0  7 11.0                           
081853020216100668アルモニーセレスト　　　　　　　　　  3.5  1.3 16.8 16.1 11.0 16  0.0                           
081853020316104579エールドール　　　　　　　　　　　　  5.4  1.6 10.9  5.7  5.7 11 22.9                           
081853020416102621ダイヤーズブルーム　　　　　　　　　 17.1  3.3 -6.7  6.9 -0.4  5 10.1                           
081853020516104644ブラックモリオン　　　　　　　　　　  4.9  1.5 17.6  7.6  8.7 14 18.4                           
081853020616104269ビージーナ　　　　　　　　　　　　　 34.1  5.8-11.4-15.1 -8.7 -4  0.0  0                        
081853020716103471ノーブルアーレス　　　　　　　　　　 34.3  5.8-10.7-11.6 -7.4 -2  0.0                           
081853020816104957スワローテイルジグ　　　　　　　　　 24.8  4.4-11.0 -0.6 -4.2  1  0.0                           
081853020916100047ドゥエルメス　　　　　　　　　　　　  2.3  1.2 19.3 13.6 11.2 16 18.0                           
081853030116102827クリノアメリア　　　　　　　　　　　 71.3 12.9-11.4-10.2 -7.2 -2  0.0                           
081853030216100165クリノカリビアン　　　　　　　　　　 50.4  9.5 -9.7 -7.9 -5.9 -1 13.9                           
081853030316104762プライドランド　　　　　　　　　　　  2.7  1.3 12.8 18.7 10.3 15 18.0                           
081853030416100969グッドレイズ　　　　　　　　　　　　  6.3  1.9 13.7 15.7  9.7 15  0.0                           
081853030516102799ジャスタクイーン　　　　　　　　　　 28.6  5.7-10.7-11.8 -7.5 -2 17.1                           
081853030616101420ハバネロ　　　　　　　　　　　　　　 28.2  5.6 -5.5-12.3 -5.7 -1  0.0                           
081853030716106146サニーサインズ　　　　　　　　　　　 31.3  6.2 -6.7 -8.7 -5.1  0  0.0                           
081853030816104666ピンクブロッサム　　　　　　　　　　 15.9  3.5  8.4 14.7  7.5 12  0.0  3                        
081853030916104834ミッキースピリット　　　　　　　　　 12.3  2.9  1.3  8.0  2.9  8  7.7                           
081853031016105172ダノングリスター　　　　　　　　　　 15.5  3.4 -6.1  3.7 -1.1  4  0.0                           
081853031116110068トップソリスト　　　　　　　　　　　  4.4  1.6 16.9 20.6 12.4 17 19.6  3                        
081853031216101951ミラーグロ　　　　　　　　　　　　　 39.6  7.6-11.4-13.7 -8.3 -3  0.0                           
081853031316100097エクレアスピード　　　　　　　　　　  4.5  1.6 10.1 18.8  9.3 14  9.6                           
081853040116101163ロードマイウェイ　　　　　　　　　　  6.7  2.5 11.3 11.6  7.6 13 22.9                           
081853040216102192メイショウテンゲン　　　　　　　　　  1.7  1.2 21.9 15.8 12.8 18 18.0                           
081853040316101976アドマイヤコメット　　　　　　　　　 13.5  4.4 -5.7-15.7 -6.8 -2  0.0                           
081853040416102398ボルンカズマ　　　　　　　　　　　　 19.8  6.3-10.7-10.3 -7.0 -2  0.0                           
081853040516106064ノーワン　　　　　　　　　　　　　　  3.6  1.5 13.6 11.8  8.5 14 17.0                           
081853040616100559ミトノマルーン　　　　　　　　　　　  4.3  1.7 13.6 15.9  9.8 15 17.8  4                        
081853050116104407コパカティ　　　　　　　　　　　　　 15.4  3.6 -2.7 -1.4 -1.4 -1  0.0                           
081853050216110036カーンテソーロ　　　　　　　　　　　 18.5  4.2 11.6 -4.7  2.8  3  9.3                           
081853050316104573カトルジュール　　　　　　　　　　　 19.5  4.4-10.7-10.7 -7.1 -7  0.0                           
081853050416102035メイショウテンダン　　　　　　　　　  5.5  1.8 14.2 22.3 11.9 12 22.9                           
081853050516105171ピノクル　　　　　　　　　　　　　　  4.7  1.7 15.1 12.9  9.4  9  0.0                           
081853050616102637ウォーターバベル　　　　　　　　　　 11.7  2.9 -1.6  6.5  1.4  1 14.4                           
081853050716102586ヨドノオーシャン　　　　　　　　　　 24.7  5.3 -1.2-10.5 -3.6 -4  0.0                           
081853050816106372ハクユウレインボー　　　　　　　　　 10.9  2.8  7.9 36.3 13.8 14  9.4                           
081853050916104828ヴァルディゼール　　　　　　　　　　  3.0  1.4 17.3 19.3 12.1 12 18.0                           
081853051016102492マレシャル　　　　　　　　　　　　　 43.4  8.8-11.4 -2.4 -4.9 -5  0.0                           
081853051116110128マレキアーレ　　　　　　　　　　　　  4.6  1.6  3.4  4.6  2.6  3  8.8                           
081853060116104731レッドスプリンガー　　　　　　　　　  3.5  1.5 14.9 21.9 12.0 12  8.1                           
081853060216110059ウインプラウド　　　　　　　　　　　  3.8  1.6  4.9 14.9  6.3  6  8.8                           
081853060316100509タガノアヴァンス　　　　　　　　　　 81.6 15.6-11.4 -7.4 -6.4 -6  0.0                           
081853060416103767サンライズアキレス　　　　　　　　　  7.2  2.2  2.8  9.1  3.8  4  0.0                           
081853060516104085セブンズゴールド　　　　　　　　　　 36.8  7.6 -8.3-15.2 -7.6 -8  0.0  0                        
081853060616102618カフジストーム　　　　　　　　　　　 15.3  3.6 -2.1-11.5 -4.2 -4  0.0                           
081853060716105216オーマオ　　　　　　　　　　　　　　 26.0  5.6-11.4-15.2 -8.7 -9  0.0  0                        
081853060816102039メイショウセンテ　　　　　　　　　　 48.5  9.8-11.0-13.4 -8.1 -8  0.0                           
081853060916103884シャイニーロック　　　　　　　　　　 44.4  9.0-10.7 -8.1 -6.4 -6  0.0                           
081853061016100883ラストリンクス　　　　　　　　　　　 11.6  2.9  0.9 16.4  5.3  5 18.3                           
081853061116110065ゼルク　　　　　　　　　　　　　　　 12.4  3.0 -7.4-12.4 -6.4 -6 15.3                           
081853061216106307ラテントパワーズ　　　　　　　　　　 39.3  8.1 -4.4  8.2  0.8  1 18.9                           
081853061316105987クリエイトザライフ　　　　　　　　　  7.8  2.3  8.7  6.4  5.1  5  0.0                           
081853061416101391ジャコエマリックン　　　　　　　　　 74.3 14.3 -6.7-15.5 -7.1 -7  0.0                           
081853061516106116テイエムカイリキ　　　　　　　　　　  6.8  2.1 10.4 14.1  8.0  8 21.3                           
081853070115104724スーパーフェザー　　　　　　　　　　  1.9  1.2 19.8 29.7 16.2 46 18.0                           
081853070214103156ベイビーステップ　　　　　　　　　　 20.2  3.3 -9.7-10.4 -6.7 23  0.0                           
081853070313105355アグネスリバティ　　　　　　　　　　 29.6  4.5 -7.1 -6.2 -4.5 26  0.0                           
081853070414105320グラットシエル　　　　　　　　　　　  9.1  2.0  9.3  9.8  6.3 36  9.4                           
081853070515104689アイスバブル　　　　　　　　　　　　  3.7  1.3 16.1 21.3 12.3 42 19.6  1  151   54              
081853070614102894パリンジェネシス　　　　　　　　　　  5.5  1.5 15.4 14.8 10.1 40 21.3                           
081853070715105087レイエスプランドル　　　　　　　　　  7.4  1.8  8.1  8.2  5.4 35  7.2                           
081853070814105348ジャーミネイト　　　　　　　　　　　 15.8  2.8 -6.9  3.5 -1.5 29  0.0                           
081853080113102041ゼンノトライブ　　　　　　　　　　　 12.0  2.6  3.7  5.4  3.0 28  7.7                           
081853080210100540ミヤジタイガ　　　　　　　　　　　　  3.4  1.3 16.4 13.6 10.1 35  8.8                           
081853080310103339タマモプラネット　　　　　　　　　　  4.0  1.4 14.3 24.8 12.7 38 21.3                           
081853080412100683マイネルプロンプト　　　　　　　　　  2.8  1.3 19.2 15.0 11.5 37 18.0                           
081853080512103615ツジスーパーサクラ　　　　　　　　　 33.6  6.1 -3.2  0.3 -1.1 24 17.1                           
081853080612101108トーセンメリッサ　　　　　　　　　　 33.5  6.1 -9.7-10.4 -6.7 18  0.0                           
081853080712100491タマモワカサマ　　　　　　　　　　　  4.1  1.4  6.1 25.1  9.8 35  8.8                           
081853080813102112エルゼロ　　　　　　　　　　　　　　 25.3  4.8 -9.7 -2.9 -4.4 21  0.0                           
081853080911109234キズナエンドレス　　　　　　　　　　 31.9  5.9 -9.7 -8.1 -6.0 19  0.0                           
081853090115106423ラセット　　　　　　　　　　　　　　  3.7  1.4 19.3 17.8 12.4 42 17.8  3                        
081853090214103580メイショウオワラ　　　　　　　　　　  3.3  1.4 13.9 10.9  8.4 38  8.1                           
081853090314106214ネームユアポイズン　　　　　　　　　 11.2  2.7  5.8  5.2  3.7 34  7.7                           
081853090414106036トゥザクラウン　　　　　　　　　　　  3.6  1.4 14.0 14.9  9.6 40 19.6  4                        
081853090515103616メイショウオーパス　　　　　　　　　 16.0  3.6 -0.1 -0.6 -0.2 30  0.0  5                        
081853090614105897クリアザトラック　　　　　　　　　　  4.4  1.6 14.6 14.6  9.7 40 12.6  5                        
081853090712104783プレシャスルージュ　　　　　　　　　 30.5  6.2 -5.6-10.2 -5.1 25  0.0                           
081853090812104509アドマイヤスカイ　　　　　　　　　　 22.8  4.8 -6.7  7.7 -0.1 30 16.2                           
081853090914103208バルベーラ　　　　　　　　　　　　　 18.8  4.1 -5.7 -0.6 -2.3 28  0.0                           
081853100112104792ジュンスパーヒカル　　　　　　　　　 12.2  2.3  8.2  2.9  3.9 39  0.0                           
081853100212100591コンセギール　　　　　　　　　　　　 27.2  4.2-11.0-14.2 -8.3 27  0.0                           
081853100314100618リアンヴェリテ　　　　　　　　　　　 15.5  2.7 -5.7 14.3  2.2 37  0.0  2                        
081853100412105360ヴァローア　　　　　　　　　　　　　  7.0  1.7  7.9 14.1  7.1 42  9.6                           
081853100513100904クリノリトミシュル　　　　　　　　　  7.8  1.8 13.6  8.7  7.6 43 19.8                           
081853100614104052インティ　　　　　　　　　　　　　　  1.7  1.2 21.3 23.9 15.0 50 18.0                           
081853100711101337コウエイワンマン　　　　　　　　　　 33.9  5.0 -6.7 -7.0 -4.6 30  0.0                           
081853100813105481ドラゴンカップ　　　　　　　　　　　 14.8  2.6  9.4  2.7  4.3 39 14.4  0                        
081853100914103298テルペリオン　　　　　　　　　　　　  5.1  1.5 13.7 12.6  8.8 44 16.4                           
081853110116100569ヤマニンマヒア　　　　　　　　　　　  9.3  2.1 10.3 12.4  7.5 62 19.8                           
081853110216103111アズマヘリテージ　　　　　　　　　　 26.8  4.4-10.7 -5.0 -5.4 50  0.0                           
081853110316104422アドマイヤマーズ　　　　　　　　　　  2.1  1.2 21.0 26.1 15.5 71 18.0                           
081853110416104807ドナウデルタ　　　　　　　　　　　　  3.7  1.3 15.6 17.3 10.9 66 19.6                           
081853110516100733マイネルフラップ　　　　　　　　　　 28.0  4.6-10.7-12.8 -7.8 47  0.0                           
081853110616104431スズカカナロア　　　　　　　　　　　 19.9  3.5 -2.4  8.2  1.6 57  0.0                           
081853110716102189メイショウショウブ　　　　　　　　　 23.1  3.9 -8.1 -7.9 -5.3 50  0.0                           
081853110816104855ダノンジャスティス　　　　　　　　　  4.1  1.3 13.6 25.9 12.8 68  9.6  3                        
081853110916102692ハッピーアワー　　　　　　　　　　　 12.6  2.4  8.2  7.7  5.3 60  9.4                           
081853120114103691スペシャルホース　　　　　　　　　　  4.5  1.6 10.2  3.7  4.8 25 19.6                           
081853120214102415ポーラーブレイズ　　　　　　　　　　 66.7 12.3-11.4-13.7 -8.3 12  0.0                           
081853120315102989ノボリレーヴ　　　　　　　　　　　　 24.9  5.1 -6.7-10.2 -5.5 14  0.0                           
081853120414102164アストロノーティカ　　　　　　　　　 18.2  4.0 -3.2-10.7 -4.4 16  0.0                           
081853120514102618ダブルスプリット　　　　　　　　　　 23.0  4.8 -0.3 12.6  3.7 24 12.0                           
081853120613101336テイエムマンカイ　　　　　　　　　　 83.5 15.2-11.4-10.2 -7.2 13  0.0                           
081853120713109177カゼノカムイ　　　　　　　　　　　　111.3 20.0-10.7 -6.9 -6.0 14  0.0                           
081853120814102027ダノンコスモス　　　　　　　　　　　  8.9  2.5  5.9  4.0  3.4 23 12.6                           
081853120913103624メイショウトキン　　　　　　　　　　 17.3  3.8 -6.7 -1.5 -2.9 17  0.0                           
081853121014102973メイショウギガース　　　　　　　　　  6.2  1.9 16.0 13.0  9.8 30  6.7                           
081853121113105236ダノンメモリー　　　　　　　　　　　  9.4  2.6  8.8 13.6  7.3 27  0.0  5                        
081853121214100428カズマペッピーノ　　　　　　　　　　 11.6  2.8 -6.7-10.3 -5.5 14 11.8                           
081853121315103393コラード　　　　　　　　　　　　　　 28.5  5.7 -1.1-12.4 -4.1 16  0.0                           
081853121415100524タガノプレトリア　　　　　　　　　　  2.7  1.4 10.3 15.3  8.4 28 18.0                           
081853121515102739ウインヒストリオン　　　　　　　　　 33.3  6.6 -7.3 -4.9 -4.1 16  0.0                           
