011814010116110090マキ　　　　　　　　　　　　　　　　  3.1  1.3 12.9 14.5  9.2 14 15.0                           
011814010216101717ノーリミッツ　　　　　　　　　　　　 17.6  3.6  7.7-10.5 -1.5  3 20.0                           
011814010316102313トーセンアトランタ　　　　　　　　　  4.0  1.4 12.0 23.4 12.2 17  0.0                           
011814010416101770ラバストーン　　　　　　　　　　　　 33.3  6.0-10.2-16.8 -9.2 -4  0.0                           
011814010516102919サウスグラストップ　　　　　　　　　 31.3  5.7-10.0  4.1 -1.5  4  0.0                           
011814010616103498ハクサンタイヨウ　　　　　　　　　　 10.6  2.4  6.9 -4.0  0.6  6  0.0                           
011814010716104613テルモードーサ　　　　　　　　　　　  2.9  1.3 18.8 21.0 13.3 18 13.8                           
011814010816104806サンダミアーノ　　　　　　　　　　　  4.3  1.4 11.5 14.8  8.9 14  0.0                           
011814020115105365コパノマーボー　　　　　　　　　　　  1.9  1.2 18.4 10.7  9.4 14 13.8                           
011814020215101265サンロックヒル　　　　　　　　　　　 23.9  3.9 -7.0-10.4 -5.9 -1  0.0                           
011814020315103639バッカルコーン　　　　　　　　　　　 16.0  2.9  8.7 -6.8  0.1  5  0.0  0                        
011814020415105979エイワファースト　　　　　　　　　　 19.5  3.4-10.2  0.6 -2.8  2  0.0                           
011814020515105828クグロフ　　　　　　　　　　　　　　 14.7  2.7  8.4  6.3  4.8 10  0.0                           
011814020615103176タイガーアイ　　　　　　　　　　　　 45.6  6.8 -7.0-10.7 -6.0 -1  0.0                           
011814020715103842ミヤジサクラコ　　　　　　　　　　　 25.6  4.1 -3.8  3.5  0.1  5  0.0                           
011814020815105711ミヤビフィオーラ　　　　　　　　　　  8.4  2.0 12.2  6.4  6.0 11 16.3                           
011814020915106030スキュータム　　　　　　　　　　　　  4.0  1.4 15.1 40.0 19.2 24 15.0                           
011814021015100144ペイシャヒカリ　　　　　　　　　　　 48.2  7.2-10.2-10.7 -7.0 -2  0.0                           
011814021115103862レヴェナント　　　　　　　　　　　　 13.1  2.5  4.8  2.7  2.4  7  0.0                           
011814021215104294ビッグディール　　　　　　　　　　　 16.1  2.9  6.6  4.1  3.5  8  0.0                           
011814030115102670ネオブラスト　　　　　　　　　　　　 26.7  4.8 -0.3  5.7  2.0  7  0.0                           
011814030215103277トップギア　　　　　　　　　　　　　 18.1  3.5 -0.3 -6.0 -2.3  3  0.0                           
011814030315100551キリンノツバサ　　　　　　　　　　　  5.3  1.6 14.5 14.9  9.8 15 15.0                           
011814030415102218サンレイファミリー　　　　　　　　　 39.3  6.7-10.2  0.4 -2.9  2  0.0                           
011814030515100871アドバンスアゲン　　　　　　　　　　 52.4  8.8 -7.0-10.7 -6.0 -1  0.0                           
011814030615102822デンコウスティール　　　　　　　　　 12.7  2.7  4.5  2.8  2.4  7  0.0                           
011814030715100148ペイシャキャサリン　　　　　　　　　 29.5  5.2-10.2-11.7 -7.3 -2  0.0                           
011814030815100873スズカハイライト　　　　　　　　　　 13.2  2.7 -0.6 20.0  7.2 12  0.0                           
011814030915103822ハギノアテナ　　　　　　　　　　　　 18.8  3.6  7.2 20.0  9.5 14  0.0  4                        
011814031015104458エナグリン　　　　　　　　　　　　　  2.0  1.2 18.6 31.3 17.1 22 13.8  1  113   62              
011814031115106364フルコスト　　　　　　　　　　　　　 32.8  5.7-10.2 -2.0 -3.8  1  0.0                           
011814031215100611グラウベン　　　　　　　　　　　　　  5.8  1.7 14.1 20.1 11.6 17 16.3                           
011814031315105797マイネルベッカー　　　　　　　　　　 21.9  4.1-11.0  0.5 -3.1  2  0.0                           
011814031415104551レッツゴーキティ　　　　　　　　　　 57.1  9.2-10.2 -5.6 -5.1  0  0.0                           
011814040115104604ジョリーリュバン　　　　　　　　　　 31.1  6.6 -5.8-20.0 -9.1 -4 27.5                           
011814040215101570アメイジングライト　　　　　　　　　  2.6  1.4 19.4 21.0 13.5 19 13.8                           
011814040315105955マイキャラット　　　　　　　　　　　 17.9  4.1  7.3 12.0  6.6 12  0.0  5                        
011814040415105672アイリッシュハート　　　　　　　　　 29.3  6.2 -2.1 12.0  3.8  9  0.0                           
011814040515104318ブライトロージー　　　　　　　　　　  9.2  2.6 -3.8 13.7  3.9  9  0.0                           
011814040615100205スエヒロドラ　　　　　　　　　　　　 86.8 16.7-10.2-10.3 -6.8 -2  0.0                           
011814040715100746ロイヤルオペラ　　　　　　　　　　　 14.4  3.4  6.9  2.5  3.0  8  0.0                           
011814040815104247エアヴェイユ　　　　　　　　　　　　 87.1 16.7-10.2 -6.5 -5.4  0  0.0                           
011814040915103982ティイ　　　　　　　　　　　　　　　 32.4  6.8-10.2-15.0 -8.6 -4  0.0  0                        
011814041015104388ハワイアンダンサー　　　　　　　　　  6.9  2.1  3.8  3.8  2.5  8 16.3                           
011814041115106000ペイシャゲイン　　　　　　　　　　　 22.5  4.9  2.4  0.5  0.9  6  0.0                           
011814041215101156コウキバイオ　　　　　　　　　　　　 52.7 10.7-10.2-20.0-10.4 -5  0.0                           
011814041315103213スズカローレル　　　　　　　　　　　 11.1  2.8 -0.6 24.0  8.6 14  0.0  3                        
011814041415104439オテンバキッズ　　　　　　　　　　　  8.2  2.4 11.7 10.7  7.4 12  0.0                           
011814041515104939ボリウッド　　　　　　　　　　　　　 29.8  6.3-10.2-10.5 -6.9 -2  0.0                           
011814041615102635ミスルーア　　　　　　　　　　　　　  6.1  2.0  9.3 11.5  7.0 12  0.0                           
011814050116104400アドマイヤリーブラ　　　　　　　　　 13.9  3.0 -2.6  3.3  0.4  0  0.0                           
011814050216102356フクヒコ　　　　　　　　　　　　　　 33.3  6.1-10.2-10.5 -6.9 -7  0.0                           
011814050316100126ダディーズトリップ　　　　　　　　　 17.7  3.6 -2.0  8.5  2.5  3  0.0                           
011814050416100104ネオカナロア　　　　　　　　　　　　 17.4  3.6 -6.0 -9.3 -5.2 -5  0.0                           
011814050516102184オノーレペスカ　　　　　　　　　　　 30.3  5.6 -7.0 -4.0 -3.6 -4  0.0  5                        
011814050616105986ラギッド　　　　　　　　　　　　　　  4.5  1.5 12.5 40.0 18.4 18 16.3                           
011814050716102768セントセシリア　　　　　　　　　　　  9.2  2.4 10.5 14.3  8.4  8  0.0                           
011814050816100650ファンタスティック　　　　　　　　　 13.0  2.8 -2.6 -6.8 -3.3 -3  0.0  0                        
011814050916100857カッシーニ　　　　　　　　　　　　　  3.7  1.4 17.5 10.9  9.2  9 15.0                           
011814051016105870モンテアーサー　　　　　　　　　　　  2.6  1.3 16.4 19.1 11.9 12 13.8  5                        
011814051116100197マッシブアプローズ　　　　　　　　　 24.7  4.7-10.2-12.8 -7.8 -8  0.0                           
011814060113105795フォースリッチ　　　　　　　　　　　 17.2  3.9 -3.8 -5.0 -3.0 17  0.0                           
011814060213101126ウインランブル　　　　　　　　　　　 24.6  5.2 -5.8 -2.5 -2.7 17  0.0                           
011814060314103361スズカロング　　　　　　　　　　　　  3.8  1.5 17.3 40.0 19.9 40 16.3  1  428   45              
011814060413103707イルフォーコン　　　　　　　　　　　  6.9  2.1 12.5 20.0 11.1 31 17.5                           
011814060515102604ワイルドシング　　　　　　　　　　　 19.1  4.2 -0.3 -5.5 -2.1 18  0.0                           
011814060615102747フィールドドウサン　　　　　　　　　  3.5  1.4 14.1 11.3  8.4 28  0.0                           
011814060715100913ゴッドスパロウ　　　　　　　　　　　 19.5  4.3-11.0 -4.0 -4.8 15  0.0  0                        
011814060814102088ランドジュピター　　　　　　　　　　 32.1  6.5 -3.8-20.0 -8.5 12  0.0                           
011814060914105112トモジャプリマ　　　　　　　　　　　 23.3  4.9-11.0-10.7 -7.2 13  0.0                           
011814061014106148ヨシヒコ　　　　　　　　　　　　　　 22.5  4.8  6.9 -4.9  0.3 20  0.0                           
011814061114100647エンパイアカラー　　　　　　　　　　  3.5  1.4 12.6 15.6  9.5 30 15.0                           
011814061215102765ペイシャジャン　　　　　　　　　　　 19.8  4.3-10.2-17.4 -9.4 11  0.0                           
011814070115101404デルマシャンパン　　　　　　　　　　 15.2  3.1  6.1 10.2  5.6 26  0.0  5                        
011814070214100504タガノアニード　　　　　　　　　　　  3.3  1.4 14.3 30.0 15.3 35 15.0  2                        
011814070313100380ワンダーラスト　　　　　　　　　　　 23.0  4.3-10.2-10.4 -6.9 13  0.0                           
011814070415106059ボードウォーク　　　　　　　　　　　  2.7  1.3 18.6 22.4 13.8 34 13.8                           
011814070515100170レユシット　　　　　　　　　　　　　  7.9  2.1  8.5 12.0  6.9 27  0.0                           
011814070615104690ベルフロレゾン　　　　　　　　　　　 22.2  4.2 -2.3  5.4  1.3 21  0.0                           
011814070715101936クリノアスコット　　　　　　　　　　 15.7  3.2 -5.8 -1.7 -2.4 18 22.5                           
011814070813101996トラストマヴィア　　　　　　　　　　 40.7  7.1-10.2-20.0-10.4 10  0.0                           
011814070914104612ワタシノロザリオ　　　　　　　　　　 12.5  2.7 12.0-10.8 -0.4 20  0.0                           
011814071015101609ミュゼット　　　　　　　　　　　　　 13.2  2.8 -3.8  7.9  1.8 22  0.0                           
011814071114105720コンプリートベスト　　　　　　　　　  6.8  1.9  8.8  6.3  4.9 25  0.0                           
011814080115103314フェリーチェ　　　　　　　　　　　　  8.4  2.4 -3.5  3.1  0.1 20  0.0                           
011814080212103844ジェットコルサ　　　　　　　　　　　  5.6  1.8 12.8 12.1  8.3 28  0.0                           
011814080313105015スリーパスポート　　　　　　　　　　 38.4  7.5-10.2-16.2 -9.0 11  0.0  0                        
011814080415100635エントシャイデン　　　　　　　　　　  5.1  1.7 12.9 17.7 10.4 30 15.0                           
011814080514103757ニューミレニアム　　　　　　　　　　 94.1 17.0-10.2-17.4 -9.4 11  0.0                           
011814080615109059ソフトポジション　　　　　　　　　　 49.8  9.6-10.2-12.1 -7.5 13  0.0                           
011814080715101706ティーカラット　　　　　　　　　　　 29.9  6.0 -3.0-12.2 -5.4 15 23.8                           
011814080814103714ショウナンアエラ　　　　　　　　　　  2.5  1.3 17.9 17.8 11.9 32 13.8                           
011814080915110030デルマキセキ　　　　　　　　　　　　 31.9  6.4 -3.8  0.5 -1.0 19  0.0                           
011814081014104880モンテヴェルデ　　　　　　　　　　　 18.2  4.0 -3.0  5.5  1.1 21  0.0                           
011814081114103015パッションチカ　　　　　　　　　　　 17.1  3.8  5.0 -1.7  0.9 21  0.0                           
011814081212100233ウインベントゥーラ　　　　　　　　　 43.6  8.5-10.2 10.1  0.6 21  0.0                           
011814081313103941グリニッチヴィレジ　　　　　　　　　 31.1  6.2  0.6-16.9 -6.0 14  0.0                           
011814081414103847ブラディーリッパー　　　　　　　　　 32.0  6.4-10.2-10.7 -7.0 13  0.0                           
011814081514106117ステイオンザトップ　　　　　　　　　 14.1  3.2  0.9 15.0  5.8 26  0.0                           
011814081614105813コンピレーション　　　　　　　　　　 15.0  3.4 -3.5 14.5  4.3 24  0.0                           
011814090113106191ロゼリーナ　　　　　　　　　　　　　 58.0 11.9-10.2-10.5 -6.9 13  0.0                           
011814090214105441サトノシャーク　　　　　　　　　　　  8.3  2.5 10.3  4.0  4.6 25 17.5                           
011814090314105362マーヴェルズ　　　　　　　　　　　　 16.1  3.9 -7.0  3.6 -0.8 19  0.0                           
011814090414106058ラボーナ　　　　　　　　　　　　　　 10.7  2.8  2.5  7.2  3.4 23  0.0                           
011814090514104542ミヤビエメライン　　　　　　　　　　 46.9 10.0 -3.8-20.0 -8.5 12  0.0  0                        
011814090615104186ゼーゲン　　　　　　　　　　　　　　  3.0  1.5 13.9 29.2 14.9 35  0.0  1  139   69              
011814090715102242シャイニーロケット　　　　　　　　　 16.0  3.9-10.2  1.2 -2.6 17  0.0                           
011814090815104263ウォルビスベイ　　　　　　　　　　　 14.1  3.5 -0.6 -7.4 -2.9 17  0.0                           
011814090915103211ディバインブリーズ　　　　　　　　　  6.1  2.1 11.0 12.2  7.8 28 15.0                           
011814091015103906コマノジャスパ　　　　　　　　　　　 14.6  3.6  3.3 10.3  4.8 25  0.0                           
011814091113105912トロピカルストーム　　　　　　　　　 12.0  3.1 -0.6  8.3  2.9 23 20.0                           
011814091213100603アイスコールド　　　　　　　　　　　 22.9  5.2 -2.6-12.1 -5.2 15  0.0                           
011814091315104367ジャディード　　　　　　　　　　　　  7.0  2.2 11.7-20.0 -3.8 16  0.0  0                        
011814091415101185ダノンアポロン　　　　　　　　　　　 19.4  4.6 -3.8 -2.1 -1.9 18  0.0                           
011814100113102513リキサンダイオー　　　　　　　　　　  9.1  2.7  8.5 12.0  6.9 37  0.0  5                        
011814100215106405ダークリパルサー　　　　　　　　　　  3.9  1.6 11.2 18.4 10.1 40 13.8                           
011814100313110068マテラリードル　　　　　　　　　　　 14.2  3.6 -0.6  3.3  1.0 31  0.0                           
011814100415104024メイショウイサナ　　　　　　　　　　 25.9  5.9 -3.5-10.2 -4.8 25  0.0  0                        
011814100515101257エピックアン　　　　　　　　　　　　 12.1  3.1  6.1 20.0  9.2 39 20.0                           
011814100613101650レオイノセント　　　　　　　　　　　 22.1  5.1 -7.0-11.4 -6.3 24  0.0                           
011814100711105687ストロベリーキング　　　　　　　　　 55.1 11.5-10.2-10.5 -6.9 23  0.0                           
011814100812110059デブリン　　　　　　　　　　　　　　 24.6  5.6 -7.0-10.2 -5.8 24  0.0                           
011814100913105412カレンジラソーレ　　　　　　　　　　 51.5 11.0 -3.5-20.0 -8.4 22  0.0                           
011814101014101854スペリオルシチー　　　　　　　　　　  4.2  1.7 14.6  9.0  7.7 38 15.0                           
011814101113101729タガノジーニアス　　　　　　　　　　  5.2  1.9 17.3 14.0 10.3 40  0.0                           
011814101213110091ベラポーサ　　　　　　　　　　　　　  6.1  2.1 -5.8  4.5 -0.1 30  0.0  5                        
011814101313100522トーホウリーガル　　　　　　　　　　 25.4  5.8  0.0-10.7 -3.9 26  0.0                           
011814101413100655セイカエドミザカ　　　　　　　　　　 23.5  5.4 -7.0  3.6 -0.8 29  0.0                           
011814110113100389クリーンファンキー　　　　　　　　　  6.2  1.8 13.0  8.6  7.1 52  0.0                           
011814110212104602アドマイヤゴッド　　　　　　　　　　  6.3  1.8 12.3 16.7  9.8 55 17.5                           
011814110311103191アルマエルナト　　　　　　　　　　　 18.4  3.7 -0.3  4.9  1.7 47  0.0  3                        
011814110413104026ラズールリッキー　　　　　　　　　　 30.2  5.6-10.2-10.7 -7.0 38  0.0                           
011814110513103443オールインワン　　　　　　　　　　　 13.0  2.8 -1.3 11.3  3.8 49  0.0                           
011814110608100889ユキノアイオロス　　　　　　　　　　 14.6  3.1-10.2 -3.3 -4.3 41  0.0                           
011814110713106160クードラパン　　　　　　　　　　　　 23.8  4.5  2.6 -4.8 -1.0 44  0.0                           
011814110814105983タイセイスターリー　　　　　　　　　  9.3  2.4  4.5 12.3  5.9 51  0.0                           
011814110914105996デアレガーロ　　　　　　　　　　　　  2.1  1.2 20.4 30.1 17.2 62 13.8  1  181   67              
011814111012100075ライトフェアリー　　　　　　　　　　  5.9  1.8 10.5  3.8  4.5 50 15.0                           
011814120115103383ミッキーチャーム　　　　　　　　　　  2.4  1.2 18.7 18.3 12.3 42 13.8                           
011814120211106393マイネルボルソー　　　　　　　　　　 24.3  4.4-11.0-10.7 -7.2 23  0.0                           
011814120313100440ブレイクマイハート　　　　　　　　　 12.2  2.6  4.5  7.9  4.2 34  0.0  5                        
011814120413104025プレイヤーサムソン　　　　　　　　　  8.4  2.1  2.6-20.0 -6.6 23  0.0                           
011814120515110027アメリカンワールド　　　　　　　　　  6.3  1.8 12.3 14.0  8.8 39 17.5                           
011814120615104835ファストアプローチ　　　　　　　　　  3.7  1.4  8.5 17.4  8.9 39 15.0                           
011814120713100677ピッツバーグ　　　　　　　　　　　　 27.6  4.9-10.0-12.6 -7.6 22  0.0                           
011814120815104242アヴィオール　　　　　　　　　　　　  5.6  1.7 13.5 26.1 13.6 44  0.0  3                        
011814120913105305アルスフェルト　　　　　　　　　　　 16.6  3.3 -3.3  0.5 -0.8 29  0.0                           
041824010116103019シゲルシンジュ　　　　　　　　　　　 33.2  4.9-11.4-13.5 -8.4 -3  0.0                           
041824010216105093アトミックフォース　　　　　　　　　  2.6  1.2 17.1 14.2 10.3 15 14.0                           
041824010316100627アナスタシオ　　　　　　　　　　　　  8.9  1.9 10.1 10.8  7.0 12  0.0                           
041824010416102687シックガニアン　　　　　　　　　　　  8.6  1.9  6.0  6.1  4.0  9  6.3                           
041824010516105254ゲットリズム　　　　　　　　　　　　  8.8  1.9  6.0 10.0  5.5 10  0.0                           
041824010616100305セイカヤマノ　　　　　　　　　　　　 22.2  3.5  2.1  6.4  3.0  8 11.6A                          
041824010716102568ミカエラ　　　　　　　　　　　　　　 38.8  5.6-10.0-16.0 -8.9 -4  0.0  0                        
041824010816105510ソルパシオン　　　　　　　　　　　　 11.4  2.1  7.7  2.6  3.3  8 15.4                           
041824010916101725ウインリブレット　　　　　　　　　　 60.5  8.1-10.0-12.1 -7.4 -2  0.0                           
041824011016104624ハヤヤッコ　　　　　　　　　　　　　  2.3  1.2 22.8 18.3 13.6 19 18.1                           
041824020115103315ブルベアミブナ　　　　　　　　　　　 86.9 13.3-11.4-16.8 -9.6 -5  0.0                           
041824020215101173トーホウディアーナ　　　　　　　　　 66.6 10.4 -6.9 -9.0 -5.4  0  0.0                           
041824020315106451モモイロトイキ　　　　　　　　　　　 68.0 10.6-10.0-16.0 -8.9 -4  0.0                           
041824020415105875エリースコール　　　　　　　　　　　115.7 17.5-10.0-10.0 -6.7 -2  0.0                           
041824020515103295スリーミニオン　　　　　　　　　　　 11.1  2.4  8.0 11.7  6.7 12  0.0                           
041824020615105139シゲルアサツキ　　　　　　　　　　　 37.1  6.2 -9.5-12.9 -7.6 -3  0.0                           
041824020715104515ハシレウマザンマイ　　　　　　　　　113.5 17.2-10.4-14.3 -8.4 -3  0.0                           
041824020815103599クレバージェット　　　　　　　　　　  3.2  1.3 12.0 22.5 11.9 17 19.8  1  231   50              
041824020915103532パズルリンクス　　　　　　　　　　　 17.1  3.3 -0.1  6.6  2.4  7  0.0                           
041824021015101479オーネットタイガー　　　　　　　　　 35.2  5.9 -4.3 -3.9 -2.7  2  0.0                           
041824021115105300オグマンテ　　　　　　　　　　　　　 10.6  2.3  6.5 15.7  7.7 13  6.7  5                        
041824021215103294コトブキ　　　　　　　　　　　　　　 32.4  5.5 -0.4 10.4  3.7  9 11.6                           
041824021315101865セントオブウーマン　　　　　　　　　107.3 16.3-10.0-13.5 -7.9 -3  0.0                           
041824021415102198レッドアネラ　　　　　　　　　　　　  2.5  1.2 15.0 35.8 17.6 23 18.1  1  124   58              
041824021515103445アテンコール　　　　　　　　　　　　  4.3  1.4 14.3 14.2  9.5 14  6.3                           
041824030115101061スマートフレイ　　　　　　　　　　　  3.4  1.4 12.0 25.8 13.1 18 11.6                           
041824030215101834イクヨロブロイ　　　　　　　　　　　 14.0  2.9-10.0 10.4  0.8  6  0.0  5                        
041824030315101860アズマピアサー　　　　　　　　　　　 87.4 14.3-11.4-15.2 -9.0 -4  0.0                           
041824030415105822サンズエーガル　　　　　　　　　　　 32.5  5.9-10.0  6.1 -0.8  4  0.0                           
041824030515100289セイカメテオライト　　　　　　　　　 27.5  5.1 -7.1 -2.2 -2.9  2  0.0  0                        
041824030615104535ハリケーンズアイ　　　　　　　　　　105.9 17.1 -9.1-12.3 -7.2 -2  0.0                           
041824030715104156ヘッドスタート　　　　　　　　　　　  4.5  1.5  9.2 14.1  7.9 13 21.4                           
041824030815101127トーセンメテオ　　　　　　　　　　　217.2 34.5-10.0-12.9 -7.7 -3  0.0                           
041824030915101365スタンシア　　　　　　　　　　　　　 48.6  8.4-14.7 -6.4 -6.8 -2  0.0                           
041824031015102569パワフルテソーロ　　　　　　　　　　 57.6  9.6-11.4 -6.6 -5.8 -1  0.0                           
041824031115103419トキメキジュピター　　　　　　　　　 18.0  3.6  6.0 10.4  5.6 11  0.0                           
041824031215103370シゲノブ　　　　　　　　　　　　　　 22.9  4.3 -1.9 -5.4 -2.5  2 11.6                           
041824031315101217クリノバルテュス　　　　　　　　　　 37.7  6.7-11.3 -7.5 -6.1 -1  0.0                           
041824031415102658メルトポイント　　　　　　　　　　　  7.5  2.0  6.0  6.0  4.0  9  6.7                           
041824031515100098ラスティユース　　　　　　　　　　　  2.6  1.3 17.4  7.0  7.8 13 12.8                           
041824040115110105ワイルドリーク　　　　　　　　　　　 28.8  5.7 20.0 -1.9  5.3 10  0.0                           
041824040215103144トレジャード　　　　　　　　　　　　 53.5  9.9 -0.3-14.3 -5.3  0  0.0  0                        
041824040315101993ムーンリットエルフ　　　　　　　　　 76.0 13.5-10.0-10.0 -6.7 -2  0.0                           
041824040415110004ストレイライトラン　　　　　　　　　 93.6 16.4-11.3-11.0 -7.4 -2  0.0                           
041824040515103855ガンロック　　　　　　　　　　　　　 76.3 13.5-10.0 -6.5 -5.4  0  0.0  0                        
041824040615106081シャープスティーン　　　　　　　　　 13.3  3.0  1.2  5.6  2.4  7  0.0                           
041824040715104702リリーバレロ　　　　　　　　　　　　  3.0  1.4 20.6 22.5 14.4 19 18.1                           
041824040815104251オールモストゼア　　　　　　　　　　 14.8  3.3  2.7  6.5  3.2  8 19.8                           
041824040915104892エルディアマンテ　　　　　　　　　　  3.5  1.5 19.5 17.6 12.3 17 11.6                           
041824041015102728ホウオウシャロン　　　　　　　　　　 76.6 13.6-10.0-13.0 -7.8 -3  0.0  0                        
041824041115100846アビーム　　　　　　　　　　　　　　 11.7  2.7  0.5 10.7  4.1  9  0.0  5                        
041824041215103720ヴィヤンシーコ　　　　　　　　　　　 31.1  6.0 -6.9 -2.3 -2.9  2  0.0                           
041824041315100687マイネルカルム　　　　　　　　　　　 32.8  6.3 -6.9 -1.5 -2.6  2  0.0                           
041824041415104172アマイロ　　　　　　　　　　　　　　 24.8  4.9-11.4 -2.8 -4.4  1  0.0                           
041824041515104912シルフィウム　　　　　　　　　　　　 70.4 12.5 -9.1-10.7 -6.7 -2  0.0                           
041824041615104424ミラーマッチ　　　　　　　　　　　　 68.3 12.2-11.3-14.3 -8.6 -4  0.0  0                        
041824041715103206プリマドンナ　　　　　　　　　　　　 11.4  2.7  6.0  7.7  4.6 10  0.0                           
041824041815104983イルーシヴゴールド　　　　　　　　　  6.0  1.8 15.1 13.3  9.4 14 15.1                           
041824050116105994スマイルスター　　　　　　　　　　　  5.1  1.6 14.0  4.3  5.8  6 21.4                           
041824050216104612マイディアライフ　　　　　　　　　　  4.4  1.5 13.8 10.7  8.1  8  0.0                           
041824050316104808ドナアトラエンテ　　　　　　　　　　  2.2  1.2 24.1 17.4 13.6 14 18.1                           
041824050416106180サクセスファイター　　　　　　　　　  5.7  1.7 12.0 17.5 10.0 10 16.3                           
041824050516105176ブラックアイドタフ　　　　　　　　　  7.0  1.9  7.5  7.0  4.8  5  7.2                           
041824050616101479ウインゴライアス　　　　　　　　　　 20.6  3.9  6.0  9.5  5.3  5  0.0                           
041824050716105894ダークサンダー　　　　　　　　　　　 28.6  5.1-11.3 -9.0 -6.7 -7  0.0                           
041824050816101160ロードブルームーン　　　　　　　　　 11.6  2.5 -3.4 -1.9 -1.7 -2  0.0                           
041824060116109075ニンジンムスメ　　　　　　　　　　　 79.9 13.4-10.0-20.0-10.3-10  0.0  0                        
041824060216102222ロードスパイダー　　　　　　　　　　  5.4  1.7 13.8 10.1  7.8  8 21.4                           
041824060316101040マサノエリゼ　　　　　　　　　　　　 37.9  6.9-11.4-17.3 -9.8-10  0.0  0                        
041824060416105525ホウオウブリュレ　　　　　　　　　　 82.1 13.7-10.0-10.0 -6.7 -7  0.0                           
041824060516101176アルデエンブレム　　　　　　　　　　 12.1  2.7  7.5  8.2  5.3  5  9.6  5                        
041824060616106303フレッシュスマイル　　　　　　　　　 16.6  3.4 -7.5 -0.7 -2.5 -3  0.0  0                        
041824060716105555シーアイリス　　　　　　　　　　　　128.6 21.1 -9.5-15.5 -8.5 -9  0.0                           
041824060816109016ピンクペルレ　　　　　　　　　　　　 32.7  6.0 -2.2  0.7 -0.4  0  0.0                           
041824060916103680ヴァルス　　　　　　　　　　　　　　 55.3  9.5-10.0-12.9 -7.7 -8  0.0                           
041824061016103024シゲルアコヤガイ　　　　　　　　　　 90.6 15.1-11.4-13.5 -8.4 -8  0.0                           
041824061116105189ベルスール　　　　　　　　　　　　　  3.9  1.5 17.0 17.3 11.4 11 11.6                           
041824061216105215ベルポート　　　　　　　　　　　　　 33.4  6.1 -2.3 -2.3 -1.5 -2  0.0                           
041824061316103462ニシノドレッシー　　　　　　　　　　 23.3  4.5 -5.8 18.9  5.2  5  0.0                           
041824061416102996フランシス　　　　　　　　　　　　　 12.3  2.7-10.0  4.6 -1.3 -1  0.0                           
041824061516100680コスモビックラコグ　　　　　　　　　 20.9  4.1  2.2  5.9  2.8  3  0.0                           
041824061616105821プリマノキセキ　　　　　　　　　　　 31.1  5.7 -2.3 12.8  4.0  4  0.0                           
041824061716104830ユナカイト　　　　　　　　　　　　　  2.5  1.3 19.3 16.7 11.9 12 18.1                           
041824070115103256タツオウカランブ　　　　　　　　　　 40.8  7.4 -7.8  0.9 -2.0 18  0.0                           
041824070214103937ピアノイッチョウ　　　　　　　　　　  8.6  2.3 20.7 16.0 12.1 32  0.0                           
041824070315103377サイモンジルバ　　　　　　　　　　　 13.8  3.0 -6.3 10.4  1.9 22  0.0  5                        
041824070413101497テンノサクラコ　　　　　　　　　　　 51.2  9.1-10.0 -8.8 -6.2 14  0.0                           
041824070514104044ハートオブスワロー　　　　　　　　　 32.7  6.0 -6.9 -1.7 -2.7 17  0.0                           
041824070615104716エレガントクルーズ　　　　　　　　　 28.9  5.4 -2.2-12.2 -5.1 15  0.0                           
041824070714106238カーネリアン　　　　　　　　　　　　  3.0  1.4 16.5 35.8 18.1 38 18.1  1  124   58              
041824070815102983ミラクルブラッド　　　　　　　　　　 11.4  2.6  8.6  8.5  5.7 26 24.7  5                        
041824070912102119ハッピーサークル　　　　　　　　　　 15.7  3.3  8.7  7.1  5.2 25  8.2                           
041824071014105420アクアリオ　　　　　　　　　　　　　 16.2  3.4-10.0 -0.3 -3.1 17  0.0                           
041824071115104440オデュッセイア　　　　　　　　　　　 31.2  5.8-11.4-12.3 -7.9 12  0.0                           
041824071214106250プロディジャス　　　　　　　　　　　 40.7  7.4 -9.5  6.3 -0.5 19  0.0                           
041824071314101763ショーカノン　　　　　　　　　　　　  9.0  2.3  9.4 23.1 11.3 31  0.0                           
041824071415101849ディアビオラン　　　　　　　　　　　 76.4 12.9-10.0-13.9 -8.1 12  0.0                           
041824071514109007クリノヴィクトリア　　　　　　　　　  3.1  1.4  8.3 13.6  7.5 27 14.0C                          
041824080115110022オーロリンチェ　　　　　　　　　　　  3.9  1.4 18.3 24.3 14.4 34 21.4                           
041824080215106131キョウエイソフィア　　　　　　　　　 11.2  2.6 10.0  6.8  5.5 25  0.0                           
041824080315109075ピオレドール　　　　　　　　　　　　 25.5  5.0 -4.8  8.5  1.7 22  0.0                           
041824080415104423セレナライティア　　　　　　　　　　 13.7  3.0  9.7  7.3  5.6 26  0.0                           
041824080514104214ノーフィアー　　　　　　　　　　　　  2.9  1.3 17.3 26.0 14.7 35 18.1                           
041824080614104054レイテストバード　　　　　　　　　　 49.7  9.2 -6.3 -8.8 -5.1 15  0.0                           
041824080715110028アメリカンファクト　　　　　　　　　  3.6  1.4 15.8 10.6  8.6 29 19.8                           
041824080815104214ラインギャラント　　　　　　　　　　 15.9  3.4  0.2 26.9  9.9 30  0.0                           
041824080915102918マルブツインパルス　　　　　　　　　 52.0  9.6 -9.0-11.0 -6.7 13  0.0                           
041824081014105601トワードポラリス　　　　　　　　　　 34.0  6.5-11.4 -7.6 -6.2 14  0.0                           
041824081115103663フレンドアリス　　　　　　　　　　　 37.8  7.1-11.4-10.6 -7.3 13  0.0                           
041824081214103127クリノアスカ　　　　　　　　　　　　 68.1 12.0-10.4-11.8 -7.4 13  0.0                           
041824081314106398セラファン　　　　　　　　　　　　　 30.0  5.8 -9.1-14.2 -7.9 12  0.0  0                        
041824081414100065ケンユキノオー　　　　　　　　　　　 18.3  3.8 -5.0 -5.6 -3.6 16  0.0                           
041824090115104643ダブルフラット　　　　　　　　　　　  7.1  2.0  7.5 14.7  7.6 28  6.3                           
041824090214102390バリンジャー　　　　　　　　　　　　 19.7  4.0-10.0  6.9 -0.5 20  8.2                           
041824090314110085ビジューブランシュ　　　　　　　　　 57.3  9.8-10.0-14.0 -8.1 12  0.0  0                        
041824090415104079ウイングセクション　　　　　　　　　 20.6  4.1 -2.5 -1.1 -1.2 19  0.0                           
041824090511104222レッドグルック　　　　　　　　　　　 31.4  5.8-12.5 -8.3 -6.8 13 13.7                           
041824090615104076リビーリング　　　　　　　　　　　　  2.8  1.3 18.4 20.4 13.0 33 18.1  2                        
041824090714110074バスカヴィル　　　　　　　　　　　　 13.7  3.0  3.9 10.7  5.1 25  0.0  5                        
041824090814102038マスラオ　　　　　　　　　　　　　　 73.5 12.4-10.0-13.4 -7.9 12  0.0                           
041824090915103021ワタシヲマッテル　　　　　　　　　　 29.2  5.5  6.0 -1.7  1.2 21  0.0                           
041824091014105709インペリアルフィズ　　　　　　　　　  8.0  2.2 20.0  7.3  8.7 29  6.7                           
041824091113102727ラペルトワ　　　　　　　　　　　　　 31.9  5.9 -9.1-17.9 -9.3 11  0.0                           
041824091214103475コンフィデンス　　　　　　　　　　　  3.4  1.4 19.3 22.9 14.2 34 14.0                           
041824091314105102サンデームーティエ　　　　　　　　　  8.0  2.2 10.6 16.6  9.3 29  0.0  4                        
041824091413106315メイショウカクオビ　　　　　　　　　 68.1 11.6-12.5-10.1 -7.5 13  0.0                           
041824100113105841トップライセンス　　　　　　　　　　 21.1  4.6-10.0  6.3 -0.7 29  0.0                           
041824100213100782ファド　　　　　　　　　　　　　　　  6.4  2.0 12.0 23.0 12.0 42  6.2                           
041824100313106441ミキノドラマー　　　　　　　　　　　  5.5  1.8  9.2  6.4  5.1 35 19.8A                          
041824100411106163メイショウカイモン　　　　　　　　　 52.8 10.3-11.4-10.0 -7.1 23  0.0                           
041824100512101504ブラックバード　　　　　　　　　　　 11.0  2.7  6.0 10.8  5.8 36  0.0                           
041824100609100706リバティーホール　　　　　　　　　　101.2 18.6 -6.3-11.0 -5.9 24  0.0                           
041824100713103812ブロワ　　　　　　　　　　　　　　　 40.9  8.1 -2.1-14.1 -5.8 24  0.0                           
041824100812103628シルヴァーコード　　　　　　　　　　 18.8  4.1-10.0  8.2  0.0 30  0.0                           
041824100913105631レッドラウダ　　　　　　　　　　　　  2.6  1.3 25.1 19.5 14.7 45 12.8                           
041824101012104181キッズライトオン　　　　　　　　　　 18.4  4.1 -2.1 -6.1 -2.9 27  0.0                           
041824101111105974グランシェリー　　　　　　　　　　　 14.0  3.2 -2.1 10.1  3.1 33  7.7                           
041824101214103615ダイイチターミナル　　　　　　　　　 16.8  3.8 -4.5-13.6 -6.3 24  0.0                           
041824101312102832トロピカルガーデン　　　　　　　　　 77.8 14.4-10.0 -8.1 -6.0 24  0.0                           
041824101414102329クリノレオノール　　　　　　　　　　 86.3 15.9 -9.0-17.8 -9.2 21  0.0                           
041824101510103203レディーピンク　　　　　　　　　　　 49.2  9.6-10.4-14.0 -8.3 22  0.0  0                        
041824101615106372アーヒラ　　　　　　　　　　　　　　  7.2  2.1  1.0 22.5  8.6 39 16.3                           
041824110115104493バクハツ　　　　　　　　　　　　　　 64.3 12.3-11.7 -9.8 -7.1 43  0.0                           
041824110215100318アルクトス　　　　　　　　　　　　　 11.7  2.9 10.0  0.3  3.1 53  0.0                           
041824110315104741イダペガサス　　　　　　　　　　　　 20.0  4.4 -1.4 15.4  5.2 55  0.0                           
041824110415100995ドンフォルティス　　　　　　　　　　  5.1  1.8 15.0  8.7  7.7 58  8.8                           
041824110515104880アドマイヤビクター　　　　　　　　　  5.8  1.9 12.0 23.1 12.1 62  9.6                           
041824110615106089グリム　　　　　　　　　　　　　　　  7.2  2.2 10.0 10.5  6.8 57  0.0                           
041824110715104955オノリス　　　　　　　　　　　　　　 25.9  5.5-10.0 -3.7 -4.4 46 10.3                           
041824110815101632プロスパラスデイズ　　　　　　　　　 16.0  3.7 -4.1  0.9 -0.9 49  0.0                           
041824110915102491エングローサー　　　　　　　　　　　 20.9  4.6-10.0  7.3 -0.3 50  0.0                           
041824111015104555フロリアヌス　　　　　　　　　　　　128.7 23.9-11.4 -8.1 -6.4 44  0.0                           
041824111115104384ビッグスモーキー　　　　　　　　　　 11.2  2.8  2.4-12.1 -3.7 46 13.5                           
041824111215105627クレディブル　　　　　　　　　　　　 41.9  8.4-11.4-13.3 -8.3 42  0.0  0                        
041824111315105332ミックベンハー　　　　　　　　　　　 49.6  9.9-11.4 -7.9 -6.3 44  0.0                           
041824111415104571グレートタイム　　　　　　　　　　　  2.8  1.4 17.6 18.7 12.1 62 15.0                           
041824111515103221ヒラボクラターシュ　　　　　　　　　 29.2  6.1-10.0 -5.0 -4.8 45 18.9                           
041824120114101589ブライティアサイト　　　　　　　　　 73.3 15.0-11.4-12.4 -8.0 12  0.0                           
041824120215101059スピアーノ　　　　　　　　　　　　　 79.1 16.1-11.4 -6.4 -5.8 14  0.0                           
041824120314105391ハイアーグラウンド　　　　　　　　　 35.4  7.8-10.0  5.7 -0.9 19  0.0                           
041824120415103343アイアムヒメ　　　　　　　　　　　　 31.7  7.0 -4.6  8.4  1.7 22  0.0  5                        
041824120515102492メルムサール　　　　　　　　　　　　 48.0 10.3-11.4-12.2 -7.9 12  0.0                           
041824120615104281エトナ　　　　　　　　　　　　　　　 19.8  4.7-10.0-12.4 -7.5 12  0.0                           
041824120712102503サンタナブルー　　　　　　　　　　　 22.5  5.2-10.0  4.0 -1.5 18 13.0                           
041824120814104504チョコマウンテン　　　　　　　　　　161.4 32.3-11.3-11.0 -7.4 13  0.0                           
041824120915101483マイティーワークス　　　　　　　　　 11.5  3.0  7.0 12.4  6.6 27  0.0  5                        
041824121015104524グットクルサマー　　　　　　　　　　  5.7  2.0 10.0 21.2 10.8 31  6.2                           
041824121114105761レッドヴィクター　　　　　　　　　　112.2 22.6-10.0 -2.1 -3.8 16  0.0                           
041824121215103535ロフティフレーズ　　　　　　　　　　  3.5  1.6 11.3 20.3 10.8 31 18.1                           
041824121315105306シアトルトウショウ　　　　　　　　　 37.5  8.2 20.0-11.4  1.8 22  0.0                           
041824121415100854ニシノウララ　　　　　　　　　　　　  6.3  2.1  6.0 16.0  7.7 28  6.8                           
041824121514105814グラドゥアーレ　　　　　　　　　　　  4.8  1.8 15.0 21.0 12.2 32  8.2C                          
041824121615104166リビングマイライフ　　　　　　　　　 21.9  5.1 -0.3 11.2  4.0 24  0.0                           
041824121714102743ベストティアーズ　　　　　　　　　　  7.6  2.4 12.0 12.0  8.0 28 14.5                           
041824121811103555プロタゴニスト　　　　　　　　　　　 47.3 10.2-10.0 -7.6 -5.8 14  0.0                           
101824010116101619デンコウミシオン　　　　　　　　　　 16.5  2.7  0.7 10.7  3.5  8  0.0                           
101824010216104591アスカリ　　　　　　　　　　　　　　  3.3  1.3 14.7 12.3  9.1 14 19.6                           
101824010316104503ルチアーナミノル　　　　　　　　　　  1.9  1.2 21.9 20.6 14.2 19 18.0                           
101824010416109072ドストエフスキー　　　　　　　　　　 37.1  5.2 -9.7 -8.1 -6.0 -1  0.0                           
101824010516100800サルース　　　　　　　　　　　　　　 26.3  3.9  0.7  5.8  2.0  7  0.0                           
101824010616102463ジョートラジャ　　　　　　　　　　　 16.6  2.8  5.3 10.0  4.9 10  0.0                           
101824010716101093ダンツキャッスル　　　　　　　　　　  8.3  1.8 11.0 12.7  7.8 13 16.0                           
101824010816106121アイファープライス　　　　　　　　　 26.9  4.0-15.8 -8.6 -8.4 -3  0.0                           
101824010916100040カネコメアサヒ　　　　　　　　　　　 30.5  4.4 -5.9 -4.1 -3.4  2 17.1                           
101824011016103495ラミエル　　　　　　　　　　　　　　  8.1  1.8 10.0  9.8  6.6 12  9.6                           
101824011116101831メイショウペルム　　　　　　　　　　 37.2  5.3-11.4-10.3 -7.3 -2  0.0                           
101824020115102929アンティグラビティ　　　　　　　　　  6.5  2.2 15.0  6.0  7.3 12  0.0  0                        
101824020215103078バトードラムール　　　　　　　　　　  6.2  2.1  2.6  5.7  2.7  8  9.6                           
101824020315101921ノーボーダー　　　　　　　　　　　　 15.7  3.9  0.7  7.9  2.6  8 15.3                           
101824020415102013クリノカサット　　　　　　　　　　　  4.7  1.8 18.3 15.4 11.3 16 10.8                           
101824020515105870ナンクルナイサー　　　　　　　　　　 18.7  4.6 -4.7-10.9 -5.0  0  0.0                           
101824020615103429ウォーターシドモア　　　　　　　　　 26.5  6.1 -3.7  6.3  0.5  6  0.0                           
101824020715105460デスティニーレイ　　　　　　　　　　  3.8  1.6  8.0 16.7  7.9 13 15.0                           
101824020815106011クリノジョヴァンナ　　　　　　　　　 50.6 11.0-10.0-15.2 -8.2 -3  0.0                           
101824020915101219クリノカーロ　　　　　　　　　　　　 37.8  8.4-11.4-10.7 -7.4 -2  0.0                           
101824021015105384ユーデモニクス　　　　　　　　　　　  9.3  2.8  5.7  9.9  5.1 10  0.0                           
101824021115102996グラスジャンヌ　　　　　　　　　　　  7.9  2.5 10.3  5.5  5.4 10 24.5                           
101824021215105515ミキノトムトム　　　　　　　　　　　 22.4  5.2 -7.8 -3.7 -4.0  1  0.0                           
101824021315103362コンコルドコンドル　　　　　　　　　 16.1  4.0  0.7  6.2  2.1  7  9.3                           
101824021415105211サンライズアイドル　　　　　　　　　 30.2  6.9-10.0-11.7 -7.2 -2  0.0                           
101824030115102268フィアットルクス　　　　　　　　　　 43.2  8.1-11.4-10.3 -7.3 -2  0.0                           
101824030215106178エポドスミノル　　　　　　　　　　　 26.3  5.2-11.4-11.0 -7.5 -2  0.0                           
101824030315100833ランドヘルメース　　　　　　　　　　 33.8  6.5 -4.7 -2.0 -2.3  3  0.0                           
101824030415105015タイセイビスタ　　　　　　　　　　　  6.0  1.8  4.7 12.2  5.4 10  0.0                           
101824030515102973マエガミ　　　　　　　　　　　　　　 52.5  9.7-10.0-10.4 -6.8 -2  0.0                           
101824030615102281ガブリヨリ　　　　　　　　　　　　　 87.5 15.3-10.0-10.3 -6.8 -2  0.0                           
101824030715102779ジオパークミューズ　　　　　　　　　 55.1  9.9-10.0-10.3 -6.8 -2  0.0                           
101824030815105155タマモキンバリー　　　　　　　　　　 43.6  8.2-10.0-13.4 -7.7 -3  0.0                           
101824030915105639クロスチェック　　　　　　　　　　　 64.8 11.5 -8.7 -2.7 -4.0  1  0.0                           
101824031015100891ヒルノアルゲーロ　　　　　　　　　　 20.6  4.3  0.0-10.2 -3.1  2  0.0                           
101824031115106392エイシンレーザー　　　　　　　　　　  3.1  1.4 15.7 16.4 10.7 16 18.0                           
101824031215110101アメリカンエース　　　　　　　　　　 13.5  3.0  5.3  8.9  4.6 10 26.2                           
101824031315102081サンライズアミーゴ　　　　　　　　　  5.7  1.8  2.0 10.4  3.9  9 18.4                           
101824031415104154ゴールドホイッスル　　　　　　　　　 12.6  2.9  0.7 11.7  3.8  9 20.5                           
101824031515103011ペプチドセマム　　　　　　　　　　　112.1 19.4-10.0-10.3 -6.8 -2  0.0                           
101824031615106152ザクライングマシン　　　　　　　　　  3.3  1.4 17.3 12.4 10.1 15  0.0                           
101824040113100323ライブリシュナイト　　　　　　　　　 16.3  3.0 -4.7 -8.2 -4.2 -4  0.0                           
101824040213104030ホシルミエール　　　　　　　　　　　  3.9  1.3 14.4  8.0  7.7  8 17.0  5                        
101824040312100600ジャストドゥイング　　　　　　　　　 10.9  2.2 -0.4 11.8  3.4  3  0.0                           
101824040414105242シゲルアミメキリン　　　　　　　　　 17.8  3.2 -4.5-10.3 -4.7 -5  0.0                           
101824040513100637ラヴアンドポップ　　　　　　　　　　  2.0  1.2 21.9  9.0 10.7 11 18.0                           
101824040614103515メイショウタンヅツ　　　　　　　　　  7.5  1.9 13.5 -5.2  3.4  3 22.9                           
101824040714106503ティーティクイーン　　　　　　　　　 17.5  3.2 -5.4 -9.6 -4.9 -5  0.0                           
101824040813105036インテグリティー　　　　　　　　　　  4.7  1.4 13.8 12.6  8.8  9 17.8                           
101824050116101793ユンゲンハフト　　　　　　　　　　　 30.6  6.0-10.0-10.3 -6.8 -7  0.0                           
101824050216106119アイファーキャノン　　　　　　　　　 99.4 17.6-10.0 -8.6 -6.2 -6  0.0                           
101824050316100830ブルベアコローレ　　　　　　　　　　 60.5 11.0-11.4-15.7 -8.9 -9  0.0                           
101824050416101951ミラーグロ　　　　　　　　　　　　　 35.0  6.8-11.4-11.4 -7.6 -8  0.0                           
101824050516103095サトノバリオス　　　　　　　　　　　  5.0  1.7 11.7 12.6  8.1  8  8.8  5                        
101824050616100235ウインアライバル　　　　　　　　　　 26.4  5.3 -4.7-10.2 -4.8 -5 16.2                           
101824050716100510タガノカルーア　　　　　　　　　　　 25.3  5.1 -4.7  6.8  0.3  0  0.0                           
101824050816100714マイネルロッシュ　　　　　　　　　　 23.9  4.8 -4.7  8.7  0.9  1 10.1                           
101824050916104397タイセイモナーク　　　　　　　　　　 31.7  6.2-10.0 -1.8 -4.2 -4  0.0                           
101824051016104360イニティウム　　　　　　　　　　　　  5.6  1.8 11.7 11.6  7.8  8 11.7                           
101824051116104797リヴィエラ　　　　　　　　　　　　　 41.3  7.9-10.0-10.3 -6.8 -7 21.6                           
101824051216101169ベイコート　　　　　　　　　　　　　 30.3  6.0  0.7 -1.8 -0.3  0  0.0                           
101824051316100269ジョウショームード　　　　　　　　　 28.4  5.6 -3.3 -8.6 -3.8 -4  0.0                           
101824051416104745キラープレゼンス　　　　　　　　　　  6.1  1.9 12.7 14.7  9.1  9 10.3                           
101824051516104529ヴェロックス　　　　　　　　　　　　  2.5  1.3 18.7 30.4 16.0 16  8.1                           
101824051616106043プラネットアース　　　　　　　　　　 14.8  3.3  8.0 19.4  8.8  9  7.7                           
101824060116103892トシエ　　　　　　　　　　　　　　　 15.4  2.5-15.8-11.1 -9.1 -9  0.0                           
101824060216103531ラガーエタンセル　　　　　　　　　　  6.5  1.5 13.0 11.6  8.2  8 12.6                           
101824060316104141ヤエノアカリ　　　　　　　　　　　　 22.6  3.3-15.8 -8.1 -8.2 -8 10.1                           
101824060416106075ニホンピロアメリア　　　　　　　　　  6.0  1.5 10.7 10.3  7.0  7  9.6                           
101824060516103277アイロニー　　　　　　　　　　　　　 23.8  3.5 -4.7  5.8  0.0  0  0.0                           
101824060616100599ディーブラッド　　　　　　　　　　　  2.9  1.2 16.7 15.9 10.9 11 19.6                           
101824060716106122アイファーサクラ　　　　　　　　　　 25.5  3.7 -4.7 -8.6 -4.3 -4  0.0                           
101824060816101260グレーフィンソニア　　　　　　　　　  2.0  1.2 20.8 20.6 13.8 14 18.0                           
101824070115105936ココナッツスルー　　　　　　　　　　 11.5  2.8 -2.7 13.1  2.9  8 11.0                           
101824070215104781スパーダドーロ　　　　　　　　　　　  6.3  1.9 12.8 14.6  9.1 14 21.3                           
101824070315105679ムーンライトクーラ　　　　　　　　　 26.5  5.4-15.8-13.7 -9.9 -5 12.0                           
101824070415100175ローレルティーダ　　　　　　　　　　106.5 19.2-10.0-13.4 -7.7 -3  0.0                           
101824070515101863アンチェイン　　　　　　　　　　　　 43.7  8.5-10.0-11.7 -7.2 -2  0.0                           
101824070615103347メイショウマンカイ　　　　　　　　　 11.1  2.7 -3.3-10.3 -4.3  1  0.0                           
101824070715102134ウインドエトワール　　　　　　　　　 16.4  3.6  4.0  5.4  3.1  8 15.3                           
101824070815101927ネリチャギ　　　　　　　　　　　　　 76.2 13.9-10.0-10.7 -6.9 -2  0.0                           
101824070915104659ポートフィリップ　　　　　　　　　　 13.4  3.1  3.7  5.8  3.1  8  0.0                           
101824071015102067サンライズタキオン　　　　　　　　　103.7 18.7-10.0-14.3 -8.0 -3  0.0                           
101824071115105614アメージングハート　　　　　　　　　 44.7  8.7-10.0-10.6 -6.8 -2  0.0                           
101824071215106283ヒロノイッセイ　　　　　　　　　　　 34.5  6.8-11.4-12.4 -7.9 -3  0.0  0                        
101824071315104669マセラシオン　　　　　　　　　　　　 23.6  4.9  2.0  0.9  1.0  6  0.0                           
101824071415105309ヒルトップパレス　　　　　　　　　　 26.9  5.5-10.0  6.1 -1.8  3  0.0                           
101824071515101070プラチナアッシュ　　　　　　　　　　  3.2  1.4 17.8 18.0 11.9 17  5.7                           
101824071615100949サツマノクロジョカ　　　　　　　　　 66.2 12.2-10.0 -2.7 -4.5  1  0.0                           
101824071715104249エアハンコック　　　　　　　　　　　  3.6  1.5 10.0 13.5  7.7 13  8.8                           
101824071815103563ウェーブスピリッツ　　　　　　　　　 31.8  6.4 -6.8 -4.1 -3.7  1 18.9                           
101824080113102515エイシンミサイル　　　　　　　　　　  8.6  2.4 -8.7  6.0 -1.4 19  0.0                           
101824080213104135ダノンプレシャス　　　　　　　　　　  8.4  2.4 -4.7  5.2 -0.2 20  0.0                           
101824080314100544メトロポリス　　　　　　　　　　　　  3.2  1.5 14.7 19.7 11.3 31 18.0                           
101824080415100651テイエムヨハネス　　　　　　　　　　  8.6  2.4  5.3 20.9  8.2 28 11.8                           
101824080514100090アロマティカス　　　　　　　　　　　 32.3  6.6-11.4 -8.2 -6.6 13  0.0                           
101824080614103154マルカノカガヤキ　　　　　　　　　　 52.5 10.3-10.0-11.9 -7.2 13 21.6                           
101824080715103341デイジーブリランテ　　　　　　　　　 15.0  3.4 -6.1  6.5 -0.3 20  0.0                           
101824080814103870フォレストタウン　　　　　　　　　　 41.0  8.2 -8.3  2.8 -2.2 18 11.3                           
101824080915103646ハクサンペリー　　　　　　　　　　　  3.8  1.6 14.2 15.4  9.8 30 16.4                           
101824081014101062アウラマイスター　　　　　　　　　　 38.6  7.7-11.4-10.7 -7.4 13  0.0                           
101824081114106070ジェニシス　　　　　　　　　　　　　  7.1  2.1  3.7  6.8  3.4 23  0.0                           
101824081214101110ケンシュナウザー　　　　　　　　　　100.4 18.5-11.4-10.3 -7.3 13  0.0                           
101824081314105356アドラメレク　　　　　　　　　　　　 12.9  3.1  2.0 12.5  4.5 24 15.3                           
101824081413105554レッドヴェルサス　　　　　　　　　　 39.3  7.9 -8.1-10.3 -6.1 14  0.0                           
101824081515103048スズカフェスタ　　　　　　　　　　　 47.8  9.4-11.4-14.5 -8.5 11  0.0                           
101824090114102300ダイシンクイント　　　　　　　　　　 17.6  3.2  0.0-11.1 -3.3 17  0.0                           
101824090214105787ムーンザムーン　　　　　　　　　　　 16.3  3.0  6.0 10.7  5.4 25 10.7                           
101824090315100659キーフラッシュ　　　　　　　　　　　 24.1  4.1-10.0 -0.4 -3.8 16  0.0                           
101824090414105662トルネードアレイ　　　　　　　　　　  7.8  1.9  9.5 12.7  7.3 27 11.7A                          
101824090514104346アバルラータ　　　　　　　　　　　　  3.1  1.3 14.0 19.2 10.9 31 19.6                           
101824090612104246ナリタゴールド　　　　　　　　　　　 13.7  2.6  5.7 -2.1  1.5 21  8.2                           
101824090715104793サラキア　　　　　　　　　　　　　　  2.4  1.2 20.4 12.1 11.1 31 18.0                           
101824090815102163テイエムリボー　　　　　　　　　　　 11.9  2.4  1.2 11.8  4.0 24 11.0                           
101824090914103208バルベーラ　　　　　　　　　　　　　 21.0  3.7  0.0 -6.3 -1.9 18  0.0                           
101824091015103127スターリーウォリア　　　　　　　　　  9.1  2.1  2.7-13.2 -3.0 17  0.0                           
101824100114104962ナムラヘラクレス　　　　　　　　　　  3.6  1.5 14.4 24.8 12.7 43  8.8  1  172   38              
101824100212104167ショウナンハルカス　　　　　　　　　 22.8  4.6-10.0-11.7 -7.2 23  0.0                           
101824100312104780ディグニファイド　　　　　　　　　　 20.2  4.2  2.7 -5.8 -0.8 29  0.0                           
101824100413110071カバトット　　　　　　　　　　　　　 36.8  7.1-10.0-11.1 -7.0 23  0.0                           
101824100515103124テイエムディラン　　　　　　　　　　  6.3  1.9 12.1 21.1 10.8 41 19.8                           
101824100613103403マイネルラック　　　　　　　　　　　  7.8  2.2  2.0 15.6  5.4 35 14.4                           
101824100713100379レッドディオーサ　　　　　　　　　　  6.9  2.0  0.0 26.6  8.0 38 24.5  1  121   57              
101824100812103296ニホンピロサンダー　　　　　　　　　 29.6  5.8-10.0-10.4 -6.8 23  0.0                           
101824100913104814ドルチェリア　　　　　　　　　　　　  5.5  1.7 14.0 13.5  9.2 39  0.0                           
101824101015105688ニホンピロタイド　　　　　　　　　　  3.0  1.4  8.7 25.2 10.8 41 15.0                           
101824110114102698キョウヘイ　　　　　　　　　　　　　 16.7  3.7  2.0 15.9  5.5 56  0.0                           
101824110213103582レイホーロマンス　　　　　　　　　　 18.3  4.0 -4.7  6.4  0.2 50 16.2                           
101824110312110001ストーンウェア　　　　　　　　　　　 16.1  3.6 -5.4  2.2 -1.3 49  0.0                           
101824110413110001ストロングタイタン　　　　　　　　　  6.3  1.9 17.3 13.1 10.3 60  7.2  5                        
101824110513105358キンショーユキヒメ　　　　　　　　　 25.0  5.1-11.4-15.2 -8.7 41  0.0                           
101824110612103930マイネルサージュ　　　　　　　　　　 19.8  4.2-11.3  0.7 -3.9 46  0.0                           
101824110713105646マウントゴールド　　　　　　　　　　 13.9  3.1  7.8  8.0  5.3 55  0.0  5                        
101824110811103741メドウラーク　　　　　　　　　　　　 36.7  7.1 -4.7  6.4  0.2 50  0.0                           
101824110913102351エーティーサンダー　　　　　　　　　 32.9  6.5-10.0 -8.2 -6.1 44  0.0                           
101824111014106038サトノクロニクル　　　　　　　　　　  5.1  1.7 10.9 16.5  8.9 59 17.8  4                        
101824111114102897トリオンフ　　　　　　　　　　　　　  3.0  1.4 13.0 15.8  9.5 60 18.0                           
101824111212104723サンマルティン　　　　　　　　　　　  3.8  1.5 17.8 17.5 11.8 62 24.6                           
101824120115100556テイエムスグレモン　　　　　　　　　 62.2 10.7-10.0-10.0 -6.7 13  0.0                           
101824120214106021マンボスカイ　　　　　　　　　　　　 21.5  4.3-10.0  0.0 -3.7 16  0.0                           
101824120313103760サイモンゼーレ　　　　　　　　　　　  9.2  2.4  4.0 24.0  8.7 29 18.4                           
101824120412101890フェアラフィネ　　　　　　　　　　　 14.8  3.2  4.0  9.0  4.2 24  0.0                           
101824120514104508テイエムイキオイ　　　　　　　　　　 14.7  3.2  0.0  6.0  1.8 22  0.0                           
101824120614101919タイセイブレーク　　　　　　　　　　  3.1  1.4 16.7 30.2 15.2 35 15.0                           
101824120714103798メイショウソウビ　　　　　　　　　　 16.5  3.5  7.3 15.2  7.2 27 29.4                           
101824120814101924ハートフルタイム　　　　　　　　　　  9.4  2.4  5.3 -8.7 -0.7 19  0.0                           
101824120914100422ラニカイサンデー　　　　　　　　　　 14.3  3.1  4.1  7.0  3.6 24  0.0                           
101824121015100501タガノタイト　　　　　　　　　　　　 16.7  3.5 -4.7 10.6  1.5 21  0.0                           
101824121111101479メイショウラバンド　　　　　　　　　 41.3  7.6-10.0-12.9 -7.5 12  0.0                           
101824121215106375ブラウハーツ　　　　　　　　　　　　 36.1  6.7-10.0-11.8 -7.2 13  0.0                           
101824121314100598ホープフルスター　　　　　　　　　　 22.1  4.3 -4.7 -2.1 -2.4 18  0.0                           
101824121414102185ジョイフル　　　　　　　　　　　　　  3.2  1.4  5.7 24.6  9.5 29 19.6                           
