061814010115100044ポイズンピル　　　　　　　　　　　　 97.1 17.1-13.5  0.3 -3.9  1  0.0  5                        
061814010215100818ミストラル　　　　　　　　　　　　　 27.5  5.5 -2.6  2.9  0.3  5  0.0                           
061814010315104344グヴィアズダ　　　　　　　　　　　　  5.8  1.8  9.0 27.3 12.7 18 16.3                           
061814010415105195ココアスナイン　　　　　　　　　　　  4.4  1.5  6.0 23.0 10.2 15 12.5  3                        
061814010515105722オペラカイジン　　　　　　　　　　　  8.1  2.3 20.0  3.1  7.1 12  0.0  5                        
061814010615105712ミヤビチーター　　　　　　　　　　　  4.0  1.5 12.0 12.5  8.2 13  5.8                           
061814010715103705サンフレデリック　　　　　　　　　　 85.5 15.1-11.3-11.3 -7.5 -3  0.0                           
061814010815100136ダンディマジシャン　　　　　　　　　104.5 18.4-10.0-14.9 -8.5 -3  0.0                           
061814010915102949アテナリ　　　　　　　　　　　　　　 32.7  6.4-11.3 -7.6 -6.2 -1  0.0                           
061814011015109111ヤエノラピッド　　　　　　　　　　　102.7 18.0-10.0 -1.7 -3.6  1  0.0                           
061814011115102684タイセイレーベン　　　　　　　　　　 17.4  3.7  3.1-14.9 -4.5  0 10.9  0                        
061814011215105319ノボベイビー　　　　　　　　　　　　  2.8  1.3 15.0 15.5 10.2 15 18.1                           
061814011315101801ニシノシノブ　　　　　　　　　　　　 27.8  5.5 -1.4-14.2 -5.6 -1  0.0                           
061814011415100159ツキミザケ　　　　　　　　　　　　　 68.8 12.3-10.0  3.1 -1.9  3  0.0  3                        
061814011515100793ゴルゴンゾーラ　　　　　　　　　　　131.1 22.9-11.4-20.0-10.8 -6  0.0                           
061814011615105148キックオフ　　　　　　　　　　　　　131.1 22.9-11.4-14.9 -8.9 -4  0.0                           
061814020115101775セイウンキャンティ　　　　　　　　　 18.8  4.0  5.3 20.0  8.9 14  0.0  4                        
061814020215101823カグラヤルージュ　　　　　　　　　　 17.0  3.7  7.8 15.6  8.1 13  8.7                           
061814020315102169ノアダイヤモンド　　　　　　　　　　 15.2  3.3-10.0 32.0  8.7 14  0.0                           
061814020415104359ライトページェント　　　　　　　　　 38.5  7.3-10.0-20.0-10.3 -5  0.0                           
061814020515101782ニシノラヴコール　　　　　　　　　　 13.4  3.0 12.0  5.8  5.7 11  0.0                           
061814020615105514ティーキャッスル　　　　　　　　　　 61.0 10.9-11.4-10.3 -7.2 -2  0.0                           
061814020715106297ティアマリア　　　　　　　　　　　　 80.2 14.2-13.5 -5.1 -5.9 -1  0.0                           
061814020815102706ジョリプリュネル　　　　　　　　　　 64.4 11.5-10.0 -5.4 -5.0  0 15.7  0                        
061814020915105901シーズラック　　　　　　　　　　　　 10.7  2.5  6.0  1.6  2.4  7  0.0                           
061814021015105773カシノクリス　　　　　　　　　　　　 90.3 15.9-11.4-10.5 -7.3 -2  0.0                           
061814021115105591ディーズファクター　　　　　　　　　  8.3  2.3  5.9 14.6  7.1 12 16.3                           
061814021215100063グリズリダンス　　　　　　　　　　　  7.0  2.0 12.9 14.2  9.1 14  6.2                           
061814021315105532アリーヤベント　　　　　　　　　　　174.3 30.0-10.4-11.6 -7.4 -2  0.0                           
061814021415104762ラインアストリア　　　　　　　　　　  2.2  1.3 20.8 20.9 13.9 19 18.1                           
061814021515109030ベストミライ　　　　　　　　　　　　  6.2  1.9 20.0 11.0 10.0 15  5.8A                          
061814021615104370コニファー　　　　　　　　　　　　　 29.8  5.8 -9.5  8.9  0.4  5  0.0                           
061814030115101907デルマキール　　　　　　　　　　　　 36.9  6.7 -9.5-10.3 -6.6 -2  0.0                           
061814030215104904モンサルヴァート　　　　　　　　　　  7.0  2.0 10.0 16.7  9.1 14 23.1                           
061814030315104584ユメノイタダキ　　　　　　　　　　　  4.5  1.5 14.9 11.2  8.6 14 11.6                           
061814030415101255ハタノディアマンテ　　　　　　　　　106.3 17.6-10.0 -4.5 -4.7  0  0.0                           
061814030515101890カガスター　　　　　　　　　　　　　  4.8  1.6 13.5 20.8 11.7 17  8.9C                          
061814030615100030アルファルミナス　　　　　　　　　　 20.0  4.0-10.0 -9.1 -6.3 -1  0.0  0                        
061814030715105930サクラトップタイム　　　　　　　　　110.3 18.3-11.3-14.8 -8.8 -4  0.0                           
061814030815100903ブラックソーン　　　　　　　　　　　 67.8 11.5-10.0 -4.3 -4.6  0  0.0                           
061814030915106149マインクイーン　　　　　　　　　　　 75.4 12.7-10.4-11.6 -7.4 -2  0.0                           
061814031015101381タイセイカレッジ　　　　　　　　　　 34.1  6.2 -1.0  6.1  1.9  7  0.0                           
061814031115101102トーセンバーディー　　　　　　　　　 34.1  6.2  6.0  2.8  2.8  8  0.0                           
061814031215106482フォーマイセルフ　　　　　　　　　　  2.3  1.2 21.2 40.0 21.0 26 18.1  1  320   29              
061814031315101495ロマンレガシ　　　　　　　　　　　　 27.6  5.2-11.4-11.9 -7.8 -3  0.0                           
061814031415106102ネコマヒカ　　　　　　　　　　　　　 32.7  6.0 -6.7-20.0 -9.3 -4  0.0                           
061814031515106029マイネルリノセロス　　　　　　　　　 18.8  3.8  6.9 -5.0  0.2  5  0.0                           
061814031615105063サトノプレスト　　　　　　　　　　　 22.6  4.4 -2.4  3.1  0.4  5  0.0                           
061814040115105359ホワイトブレンド　　　　　　　　　　 78.0 15.2-11.4 -9.0 -6.7 -7  0.0                           
061814040215103088トウカイパシオン　　　　　　　　　　  7.3  2.3 20.0  8.9  9.3  9  0.0  5                        
061814040315106454アスールダリア　　　　　　　　　　　  6.8  2.1  5.6  5.5  3.7  4  6.7                           
061814040415101156コウキバイオ　　　　　　　　　　　　103.5 20.0-10.0-12.2 -7.5 -7  0.0                           
061814040515101922サンノーマン　　　　　　　　　　　　 49.5 10.1-10.0-13.7 -8.0 -8  0.0                           
061814040615106339グリッシーニ　　　　　　　　　　　　 75.5 14.7-11.4-10.3 -7.2 -7  0.0                           
061814040715103774アリソ　　　　　　　　　　　　　　　 52.5 10.7-10.0-13.9 -8.1 -8  0.0                           
061814040815101959エルフィ　　　　　　　　　　　　　　  7.9  2.4  6.0 -2.0  1.1  1  7.7                           
061814040915105878オモイデイロイロ　　　　　　　　　　 81.6 15.9-13.5 -9.5 -7.5 -8  0.0                           
061814041015102690トモジャオール　　　　　　　　　　　 11.6  2.9 12.0  2.2  4.4  4 11.6                           
061814041115100838プリームムロジンカ　　　　　　　　　 20.6  4.7 -4.8 -4.0 -2.9 -3  0.0  5                        
061814041215102776リグーリア　　　　　　　　　　　　　  6.1  2.0 10.1 18.9 10.0 10  6.2                           
061814041315104423セレナライティア　　　　　　　　　　  3.1  1.5 20.2 16.4 12.1 12 18.1                           
061814041415101695ヒザクリゲ　　　　　　　　　　　　　  4.8  1.8 16.6  7.4  7.7  8 14.0                           
061814041515101492サクラノハナビラ　　　　　　　　　　 87.3 16.9-10.0-20.0-10.3-10  0.0  0                        
061814041615106354ドナプリモ　　　　　　　　　　　　　 35.5  7.5 -0.5  3.7  1.2  1  0.0  6                        
061814050115104353ゲハイムヴァッフェ　　　　　　　　　  2.9  1.4 15.2 20.7 12.1 12 12.8                           
061814050215101499ラグビーガール　　　　　　　　　　　 82.2 15.2-11.3 -4.6 -5.1 -5  0.0  5                        
061814050315104102スターソフィア　　　　　　　　　　　 22.5  4.8  6.0  5.8  3.9  4 11.6                           
061814050415105238ジュビラント　　　　　　　　　　　　 60.8 11.4-10.0-15.1 -8.5 -9  0.0                           
061814050515105177プリンシパルシチー　　　　　　　　　  8.7  2.5-10.0  5.7 -0.9 -1  7.2                           
061814050615101262サンルイビル　　　　　　　　　　　　 63.5 11.9 -9.0-10.3 -6.5 -6  0.0                           
061814050715100728サンクエトワール　　　　　　　　　　 31.1  6.3-10.0-18.9 -9.9-10  0.0  0                        
061814050815102257レッドラフェスタ　　　　　　　　　　 49.9  9.8-10.4-14.8 -8.5 -9  0.0                           
061814050915102759チェリーアポロン　　　　　　　　　　 86.0 15.9-10.0-17.1 -9.3 -9  0.0  0                        
061814051015102164エピックスター　　　　　　　　　　　  6.0  1.9 12.0 16.1  9.5 10  0.0                           
061814051115102387ソルファ　　　　　　　　　　　　　　 14.1  3.3  2.1  6.2  2.9  3  0.0                           
061814051215110067トーセンロザリオ　　　　　　　　　　  4.3  1.6 20.0 14.0 11.1 11 19.8                           
061814051315105556パワーバンド　　　　　　　　　　　　 38.6  7.7-10.0-14.8 -8.4 -8  0.0                           
061814051415101517カレンアネーロ　　　　　　　　　　　 44.5  8.8-10.0 -4.4 -4.6 -5  0.0                           
061814051515105184ディーヴォ　　　　　　　　　　　　　115.3 21.1-10.0-12.5 -7.6 -8  0.0                           
061814051615104159パルクデラモール　　　　　　　　　　  4.4  1.6 16.6 12.7  9.6 10 12.5                           
061814060115101689ハッシュレート　　　　　　　　　　　 40.8  7.9 20.7-18.9 -0.7  4  0.0  0                        
061814060215105190ドゥマン　　　　　　　　　　　　　　  2.9  1.4 12.0 25.7 13.0 18 18.1                           
061814060315104318ブライトロージー　　　　　　　　　　 39.2  7.7 -6.9-14.9 -7.5 -3  0.0                           
061814060415101217クリノバルテュス　　　　　　　　　　110.7 19.9-11.4-10.3 -7.2 -2  0.0                           
061814060515100220ウインサジェス　　　　　　　　　　　 62.3 11.5-10.0-17.7 -9.5 -4  0.0  0                        
061814060615104935アモーレミオ　　　　　　　　　　　　  4.1  1.6 13.8 12.3  8.6 14 19.8  4                        
061814060715102832ロードジパング　　　　　　　　　　　 12.7  3.0  0.8 12.9  5.0 10  8.2  5                        
061814060815104851モンツァ　　　　　　　　　　　　　　 11.2  2.7  8.2 19.1  9.5 14 10.9                           
061814060915104424ミラーマッチ　　　　　　　　　　　　 21.0  4.5  3.8 -1.7  0.5  6  0.0  0                        
061814061015105003ムーンライトナイト　　　　　　　　　  7.3  2.1 20.0 12.0 10.4 15  6.2  2                        
061814061115104678ツインクルテソーロ　　　　　　　　　 26.0  5.3-11.4-15.1 -9.0 -4  0.0                           
061814061215106324ウインブロンクス　　　　　　　　　　 11.0  2.7  5.8 13.3  6.6 12  0.0                           
061814061315101568モンテグロッソ　　　　　　　　　　　  7.9  2.3  8.2 10.7  6.4 11  0.0                           
061814061415106464アースルナ　　　　　　　　　　　　　117.9 21.2-10.0-15.1 -8.5 -4  0.0                           
061814061515101920カシノデジール　　　　　　　　　　　 23.8  4.9 -3.7 -1.7 -1.7  3  0.0                           
061814061615102737ココリシャイン　　　　　　　　　　　 58.1 10.8-10.0 -9.5 -6.5 -1  0.0                           
061814070114104753シンコーマーチャン　　　　　　　　　  9.3  2.8 10.6  2.2  4.0 24  0.0                           
061814070212102865リーダーズ　　　　　　　　　　　　　 38.8  8.5 -6.9-13.7 -7.1 13  0.0                           
061814070314105862パルナッソス　　　　　　　　　　　　 13.3  3.4-10.0  3.8 -1.6 18  0.0                           
061814070413105448キングドラゴン　　　　　　　　　　　  8.8  2.7  6.0  8.1  4.8 25  9.6A                          
061814070514105774ポップアップスター　　　　　　　　　  3.6  1.6 15.0  6.7  7.0 27 10.6                           
061814070614104560ワイルドソング　　　　　　　　　　　 60.0 12.4-11.3 -8.9 -6.7 13  0.0                           
061814070714102390バリンジャー　　　　　　　　　　　　 28.5  6.4 20.0-10.2  2.3 22  0.0                           
061814070814105601トワードポラリス　　　　　　　　　　 47.3 10.2-11.4 10.2  0.3 20 11.1  5                        
061814070914102442ヒロノワカムシャ　　　　　　　　　　139.6 28.1-11.3-14.1 -8.6 11  0.0  0                        
061814071014104991マイネルツァイト　　　　　　　　　　  4.7  1.7  6.0 14.5  7.1 27 11.6                           
061814071112103648ダンガンコゾウ　　　　　　　　　　　118.1 23.9-11.3-13.7 -8.4 12  0.0                           
061814071214105917コットンボウル　　　　　　　　　　　 13.0  3.3  5.7  3.7  3.1 23 18.6  6                        
061814071313105842スピアザゴールド　　　　　　　　　　 14.5  3.6  1.7 -0.8  0.2 20  0.0  0                        
061814071414101578フラワープレミア　　　　　　　　　　 22.5  5.2 -9.5 -5.1 -4.7 15  0.0                           
061814071513102907ギンザマトリックス　　　　　　　　　 19.5  4.7 -1.9  8.4  2.5 23  0.0                           
061814071613106143リアリスト　　　　　　　　　　　　　  4.7  1.8 11.0 16.4  9.3 29  8.9                           
061814080112100624ブルームーン　　　　　　　　　　　　  7.0  2.2 18.6 20.6 13.1 43  0.0  3                        
061814080213101563メイプルキング　　　　　　　　　　　  4.5  1.7  9.0 15.3  8.3 38  8.2C                          
061814080312100671ツウローゼズ　　　　　　　　　　　　 31.2  6.7-10.0-13.9 -8.1 22  0.0                           
061814080414104206スビールアスール　　　　　　　　　　  8.0  2.4  0.3  9.0  3.4 33  7.2                           
061814080514105724ハットラブ　　　　　　　　　　　　　 35.2  7.5 -3.4 -1.7 -1.6 28  0.0                           
061814080611104856サウスキング　　　　　　　　　　　　182.1 35.2-10.0 -8.4 -6.1 24  0.0  0                        
061814080714101742シャインヴィットゥ　　　　　　　　　  3.4  1.5 10.0 15.7  8.8 39 10.6  5                        
061814080813105841トップライセンス　　　　　　　　　　 12.9  3.2  1.4 15.8  6.2 36  8.2                           
061814080909109113ヒカルランナー　　　　　　　　　　　211.8 40.8-11.3-17.7 -9.9 20  0.0                           
061814081013103294ララパルーザ　　　　　　　　　　　　 35.4  7.6 -6.3 -8.0 -4.8 25  0.0                           
061814081112101842バーサーカー　　　　　　　　　　　　106.9 20.9-13.5-10.4 -7.9 22  0.0                           
061814081214103607マンカストラップ　　　　　　　　　　 60.0 12.0-11.4-12.5 -8.0 22  0.0                           
061814081311106163メイショウカイモン　　　　　　　　　 17.9  4.2 -4.3  6.7  1.2 31  0.0                           
061814081413102798エビスリアン　　　　　　　　　　　　 19.5  4.5  0.7 10.2  4.0 34 13.0  5                        
061814081514104487トロピカルスパート　　　　　　　　　  6.4  2.1 20.0 12.5 10.6 41 12.5                           
061814081612102701ナムラヒューマン　　　　　　　　　　  9.1  2.7 12.9  6.4  6.2 36 10.9                           
061814090115109079ナスノカツラ　　　　　　　　　　　　  5.0  1.7 12.1 27.3 13.6 34  6.2                           
061814090215104456オハナ　　　　　　　　　　　　　　　  2.9  1.4 19.2 26.5 15.5 35 18.1                           
061814090315101465ミスマンマミーア　　　　　　　　　　 13.4  3.2 14.9 13.5  9.4 29  7.7                           
061814090415105081ラソワドール　　　　　　　　　　　　  5.1  1.7 12.7  5.6  5.9 26 13.5                           
061814090515102184トウカイベリンダ　　　　　　　　　　 18.7  4.2-10.0 -9.9 -6.6 13 12.3                           
061814090615104375ダンツクレイオー　　　　　　　　　　 13.3  3.2  7.5 -0.2  2.2 22  0.0                           
061814090715105501ハナザカリ　　　　　　　　　　　　　 30.9  6.4-10.0-15.1 -8.5 11  0.0                           
061814090815102083カガプラナス　　　　　　　　　　　　 43.4  8.7-10.0-11.6 -7.3 13  0.0                           
061814090915105352ジョブックコメン　　　　　　　　　　 16.5  3.8 -6.6 12.0  2.4 22  0.0  5                        
061814091015100128ロードライト　　　　　　　　　　　　 32.6  6.7 -5.0  3.4 -0.3 20  0.0                           
061814091115100713リープフラウミルヒ　　　　　　　　　 20.8  4.6 -6.6 -3.0 -3.1 17  0.0                           
061814091215104818レッドシャーロット　　　　　　　　　  4.7  1.7 18.8 11.2  9.7 30  8.2                           
061814100113101453ウインファビラス　　　　　　　　　　 12.6  2.9 -0.4  4.9  1.7 37 21.0                           
061814100214106026バルデス　　　　　　　　　　　　　　  2.2  1.3 17.0 21.8 13.1 48 18.1                           
061814100312103129コスモナインボール　　　　　　　　　 11.4  2.7 -9.1 10.5  1.1 36  0.0                           
061814100412104139ウイングチップ　　　　　　　　　　　 14.4  3.2 20.0 13.6 11.0 46  9.2                           
061814100513103687クラウンディバイダ　　　　　　　　　  6.9  2.1 15.2 10.3  8.3 43  5.8                           
061814100611104166タブレットピーシー　　　　　　　　　 22.9  4.7-10.0-12.4 -7.5 27  0.0                           
061814100713109027キャプテンペリー　　　　　　　　　　  7.9  2.2  6.1 12.7  6.5 41  0.0                           
061814100811104263サトノスティング　　　　　　　　　　  9.2  2.5 -1.7 22.7  7.8 43 10.9                           
061814100914105627ブラックスビーチ　　　　　　　　　　  7.3  2.1 11.1  9.9  7.0 42  6.2  5                        
061814101011104256カレンリスベット　　　　　　　　　　  8.9  2.4  8.1  2.6  3.4 38  0.0                           
061814110112102984ドラゴンゲート　　　　　　　　　　　  4.3  1.6 12.0 27.9 13.8 59 14.0  1  247   26              
061814110209103431ゴーイングパワー　　　　　　　　　　 45.5  9.4-12.5-10.1 -7.5 38  0.0                           
061814110312102649キタサンサジン　　　　　　　　　　　 27.4  6.0-12.5 -8.2 -6.8 38  0.0                           
061814110411101046ベック　　　　　　　　　　　　　　　 22.3  5.0 -6.0  0.3 -1.7 43  0.0                           
061814110511110074ナンチンノン　　　　　　　　　　　　 24.0  5.3 -2.1-10.6 -4.5 40  0.0                           
061814110614105801メイソンジュニア　　　　　　　　　　  5.1  1.8 11.1  6.5  5.7 51  6.3                           
061814110713110083ベストマッチョ　　　　　　　　　　　  3.4  1.5 15.9 21.0 12.5 57 12.8                           
061814110811104429アールプロセス　　　　　　　　　　　  7.7  2.4 15.7 17.6 11.2 56 13.5C                          
061814110911105967マッチレスヒーロー　　　　　　　　　 11.0  2.8 20.7  6.7  8.7 54  7.7                           
061814111012110070エイシンバランサー　　　　　　　　　 10.9  2.8 12.1 19.3 10.7 56 10.3                           
061814111111103097ヒカリブランデー　　　　　　　　　　 24.2  5.3 -2.7  9.2  2.6 48  0.0                           
061814111211101031ペイシャモンシェリ　　　　　　　　　 22.9  5.1-12.5-10.1 -7.5 38  0.0                           
061814111309103816カジキ　　　　　　　　　　　　　　　 43.8  9.1-12.5-10.1 -7.5 38  0.0                           
061814111414109148テイエムヒッタマゲ　　　　　　　　　 34.5  7.3-12.5-10.1 -7.5 38  0.0                           
061814111512105839キャプテンシップ　　　　　　　　　　 42.0  8.8-12.5-13.6 -8.7 36  0.0  0                        
061814120114106011アズールムーン　　　　　　　　　　　 20.9  4.9  1.7  2.0  1.2 31 23.3                           
061814120214102360ジェイケイオジョウ　　　　　　　　　 18.2  4.3-11.3  4.9 -1.6 28  0.0                           
061814120314103714ショウナンアエラ　　　　　　　　　　  3.3  1.5 15.0 20.4 12.0 42 12.8                           
061814120414109012ワイナルダム　　　　　　　　　　　　 11.8  3.0  5.6  8.4  4.8 35  7.2                           
061814120513100389クリーンファンキー　　　　　　　　　 34.8  7.5 -9.0  3.2 -1.5 28  0.0                           
061814120612100565ヤマニンマンドール　　　　　　　　　 26.8  5.9 -2.1 -5.0 -2.5 28  0.0                           
061814120712102808イキオイ　　　　　　　　　　　　　　  5.5  1.9  8.0 18.1  9.0 39  6.2                           
061814120812101157ダイトウキョウ　　　　　　　　　　　  4.7  1.8 14.8  5.6  6.5 36 14.0                           
061814120913105469ジョンブリアン　　　　　　　　　　　 16.5  4.0 -0.2  6.2  2.2 32  7.7                           
061814121012103628シルヴァーコード　　　　　　　　　　 16.6  4.0 -4.8 -3.5 -2.7 27  0.0                           
061814121113104491ミエノドリーマー　　　　　　　　　　 41.2  8.8  1.5-12.6 -4.2 26  0.0                           
061814121209104888レヴァンタール　　　　　　　　　　　146.2 28.7-10.0 -9.5 -6.5 24  0.0                           
061814121312102169ウィズアットレース　　　　　　　　　 57.4 11.7-10.0-10.1 -6.7 23  0.0                           
061814121411100628レインボーラヴラヴ　　　　　　　　　 51.5 10.8 -6.9 -4.9 -3.9 26  0.0                           
061814121514103453ファイブフォース　　　　　　　　　　 20.0  4.7-10.0 -9.9 -6.6 23  0.0                           
061814121614102695ロジベスト　　　　　　　　　　　　　  6.3  2.1 10.0 14.3  8.2 38  0.0                           
071811010115104490ピリカクル　　　　　　　　　　　　　  2.1  1.2 22.0 39.0 19.8 25 13.8  1  368   60              
071811010215105894ヌーヴェプレジール　　　　　　　　　 16.8  3.2-10.0  7.0 -1.6  3  0.0                           
071811010315105385ウエスタンマリーヤ　　　　　　　　　 71.1 10.9-13.0  7.3 -2.6  2  0.0                           
071811010415101327クロフネプリンセス　　　　　　　　　 28.2  4.8 -5.5-11.0 -5.3  0  0.0                           
071811010515103663フレンドアリス　　　　　　　　　　　 39.5  6.5-10.0 -1.8 -4.2  1  0.0                           
071811010615102288チャノカオリ　　　　　　　　　　　　 57.5  9.0-11.0-13.8 -8.2 -3  0.0                           
071811010715104374マルルー　　　　　　　　　　　　　　 19.6  3.6-11.0 11.0 -0.7  4  0.0                           
071811010815102448ミトノクイーン　　　　　　　　　　　 41.2  6.8-11.3-12.2 -7.8 -3  0.0                           
071811010915100311グランデミノル　　　　　　　　　　　  5.6  1.6 13.2 13.2  8.8 14 16.3                           
071811011015100868テイエムソレイユ　　　　　　　　　　 18.4  3.4 -0.1-20.0 -6.0 -1 14.0                           
071811011115104547エトワールドパリ　　　　　　　　　　  4.0  1.4 16.5 15.6 10.7 16 15.0                           
071811011215101543トーホウトリニティ　　　　　　　　　 34.8  5.8 -1.0-11.0 -3.7  1  0.0                           
071811011315103564シーダークィーン　　　　　　　　　　 42.6  7.0-11.3-10.8 -7.4 -2  0.0  0                        
071811011415106088ドゥエベリーニ　　　　　　　　　　　 16.0  3.1-11.3-11.0 -7.4 -2  0.0                           
071811011515102742ザリーティー　　　　　　　　　　　　 23.2  4.1  1.0  6.6  2.3  7  0.0                           
071811020115104876ロビンズソング　　　　　　　　　　　 14.7  2.7-10.0-11.8 -7.2 -2  0.0                           
071811020215103273アスタービアンコ　　　　　　　　　　 24.7  3.9  9.0  7.1  5.4 10  0.0                           
071811020315101894キタノペガサス　　　　　　　　　　　 38.9  5.8-10.0-11.8 -7.2 -2  0.0                           
071811020415101603ティランジア　　　　　　　　　　　　 33.3  5.1-10.0-11.8 -7.2 -2  0.0                           
071811020515104432レッドラギド　　　　　　　　　　　　 39.7  5.9-11.0-16.3 -8.9 -4  0.0                           
071811020615102496エレクシオン　　　　　　　　　　　　 32.3  5.0-10.0  7.1 -1.5  3  0.0                           
071811020715103355ネクストステップ　　　　　　　　　　  9.4  2.1  7.0 11.0  5.9 11 17.5                           
071811020815103226オウケンキング　　　　　　　　　　　  2.3  1.2 16.5 18.6 11.6 17 13.8                           
071811020915100734コスモターンブルー　　　　　　　　　 22.6  3.7 -2.0 11.8  2.8  8  0.0                           
071811021015101643タツノリソックリ　　　　　　　　　　 29.7  4.6-11.0 -1.8 -4.6  0  0.0                           
071811021115101581クリノカポネ　　　　　　　　　　　　  2.8  1.3 20.5 35.6 18.2 23 15.0  1  230   50              
071811021215103987ペコボーイ　　　　　　　　　　　　　 38.8  5.8-10.0-11.8 -7.2 -2  0.0                           
071811021315100655ショウナンバリウス　　　　　　　　　  7.5  1.8 12.0  7.0  6.5 11 11.4                           
071811030115105422ケルース　　　　　　　　　　　　　　 33.0  5.6-10.0-11.8 -7.2 -2  0.0                           
071811030215103912ダイメイライガー　　　　　　　　　　 81.9 12.5-10.0-11.8 -7.2 -2  0.0                           
071811030315100416ライオンボス　　　　　　　　　　　　 41.1  6.8-10.0-11.8 -7.2 -2  0.0                           
071811030415103826メイショウヴァルス　　　　　　　　　 43.1  7.1-11.0-11.0 -7.3 -2  0.0                           
071811030515109157パットサイテ　　　　　　　　　　　　 92.8 14.1-10.0-11.8 -7.2 -2  0.0                           
071811030615103661バーニングガール　　　　　　　　　　  9.4  2.2 -3.0  8.3  1.4  6  0.0                           
071811030715101753ダイシンクワトロ　　　　　　　　　　  6.0  1.7 11.0 19.1  9.8 15 16.3  3                        
071811030815100314ホットライン　　　　　　　　　　　　 45.1  7.4-10.0-11.8 -7.2 -2  0.0                           
071811030915106368ライクアスター　　　　　　　　　　　 44.0  7.2-10.0 -1.8 -4.2  1  0.0                           
071811031015100331ピンクソルト　　　　　　　　　　　　 50.3  8.1-10.0-13.3 -7.7 -3  0.0                           
071811031115105561ミルトシャトル　　　　　　　　　　　  4.5  1.5 11.1  6.6  6.1 11 15.0                           
071811031215110100ツブラナヒトミ　　　　　　　　　　　 24.3  4.3  0.0  2.0  0.6  6 14.9                           
071811031315102454パープルヒストリー　　　　　　　　　 15.2  3.0  4.0  7.7  3.8  9  0.0                           
071811031415100208キンショーウィーク　　　　　　　　　 45.1  7.4-10.0-11.8 -7.2 -2  0.0                           
071811031515110069ペルペトゥオ　　　　　　　　　　　　  2.0  1.2 22.7 22.0 14.9 20 13.8                           
071811031615104075ベイスン　　　　　　　　　　　　　　 16.0  3.1  6.0  2.0  2.8  8  0.0                           
071811040113104365シゲルロウニンアジ　　　　　　　　　 27.9  5.5-11.3-15.3 -8.7 -9  0.0  0                        
071811040213101238スマートガルーダ　　　　　　　　　　  4.3  1.5 15.0  7.1  7.6  8 16.3                           
071811040313105821クリミアタイガー　　　　　　　　　　  3.4  1.4 10.0 16.0  8.5  8 15.0                           
071811040411104343ヴァルコイネン　　　　　　　　　　　 20.9  4.4  6.0 -1.8  1.7  2  0.0                           
071811040512100600ジャストドゥイング　　　　　　　　　 14.2  3.2  8.3  5.0  4.5  5  0.0                           
071811040613105036インテグリティー　　　　　　　　　　 25.6  5.1-11.3  6.6 -2.2 -2  0.0                           
071811040714102239エンジェルナンバー　　　　　　　　　 48.2  9.1-10.0-11.8 -7.2 -7  0.0                           
071811040812103815ポルトボナール　　　　　　　　　　　 64.3 11.6-10.0-11.8 -7.2 -7  0.0                           
071811040914101228アットザトップ　　　　　　　　　　　  3.2  1.4 19.5 22.0 13.8 14 13.8                           
071811041014109044グラッチェ　　　　　　　　　　　　　 45.3  8.6-11.3 -0.5 -4.3 -4  0.0                           
071811041112104138ビーハグ　　　　　　　　　　　　　　 34.8  6.7-10.0-11.8 -7.2 -7  0.0                           
071811041212102265ブルーガーディアン　　　　　　　　　 13.8  3.1  6.0  9.6  5.1  5 13.1                           
071811041314106395ワイドコマンダー　　　　　　　　　　 19.1  4.0      -9.0 -2.7 -3  0.0                           
071811041412104072ブレイクザポケット　　　　　　　　　 10.6  2.6  6.0 18.0  7.6  8  0.0                           
071811050110102111メイショウライナー　　　　　　　　　  7.7  2.2 15.0  6.6  7.5 27 11.4                           
071811050213105989アドマイヤフォルム　　　　　　　　　  9.2  2.5 14.3  6.5  7.2 27  0.0  5                        
071811050310103686レッドヴィーヴォ　　　　　　　　　　 47.0  9.1-10.0-11.8 -7.2 13  0.0                           
071811050411104321サトノセレリティ　　　　　　　　　　  3.2  1.5 20.0 28.4 15.9 36 13.8  4                        
071811050512101215クラウンフレイム　　　　　　　　　　 13.1  3.1 10.7 12.0  7.5 28  0.0  5                        
071811050612106250コスモアルヘナ　　　　　　　　　　　 14.1  3.2-10.0 12.0 -0.1 20  0.0                           
071811050710104080レッドルーラー　　　　　　　　　　　 19.9  4.3      -5.3 -1.6 18  0.0                           
071811050812106290ブライアンキング　　　　　　　　　　 37.6  7.4-11.0-11.0 -7.3 13  0.0                           
071811050913104007ミュートエアー　　　　　　　　　　　 49.0  9.4-10.0-11.8 -7.2 13  0.0                           
071811051011104272キングズオブザサン　　　　　　　　　  8.8  2.5  5.7 23.0  9.0 29 17.5  2                        
071811051113105884ドーノデルソーレ　　　　　　　　　　 20.2  4.4-10.0 -1.8 -4.2 16  0.0                           
071811051209101968リバータイキ　　　　　　　　　　　　 43.0  8.4 -1.4-11.9 -4.1 16  0.0                           
071811051311109010カシノカーム　　　　　　　　　　　　 13.4  3.1 15.0-20.0 -0.5 20  0.0                           
071811051413100361アズマタックン　　　　　　　　　　　  3.6  1.5 16.0 -9.0  3.2 23 15.0                           
071811060113103245ラマレ　　　　　　　　　　　　　　　 71.7 12.7-10.0-11.8 -7.2 13  0.0                           
071811060210110015ツインプラネット　　　　　　　　　　  4.1  1.5  6.0 13.0  6.1 26 10.5                           
071811060312102907ダイメイコンドル　　　　　　　　　　 50.0  9.3-10.0 -1.8 -4.2 16  0.0                           
071811060413104386トモジャポルックス　　　　　　　　　 13.7  3.1 15.0 15.8 10.2 30  0.0                           
071811060513110126ボーサンシー　　　　　　　　　　　　  4.3  1.5 10.2 11.0  7.0 27 16.3                           
071811060613104766シゲルキツネダイ　　　　　　　　　　 69.8 12.3-10.5-11.0 -7.2 13  0.0                           
071811060714101575ビッフル　　　　　　　　　　　　　　132.6 22.9-10.0-11.8 -7.2 13  0.0                           
071811060813100391カイシュウキリシマ　　　　　　　　　 34.5  6.6-10.0 -1.8 -4.2 16  0.0                           
071811060914105178メリークン　　　　　　　　　　　　　 74.0 13.1-10.0-11.8 -7.2 13  0.0                           
071811061013103771メイショウアンカー　　　　　　　　　 43.1  8.1-10.0-11.8 -7.2 13  0.0                           
071811061114103409ワイルドフォックス　　　　　　　　　  8.4  2.3 11.4 11.5  7.6 28 17.5                           
071811061213110031マディディ　　　　　　　　　　　　　 20.6  4.3 -0.5-11.0 -3.5 17  0.0                           
071811061314110029マラードザレコード　　　　　　　　　 26.9  5.3-11.0  6.6 -2.1 18  0.0                           
071811061412105606レンズフルパワー　　　　　　　　　　 15.2  3.3  6.0  7.1  4.3 24  0.0                           
071811061513101817クライシス　　　　　　　　　　　　　  2.7  1.3 22.7 22.9 15.2 35 13.8                           
071811061613100996ショウサングランド　　　　　　　　　 29.9  5.8 -3.0-11.0 -4.4 16  0.0                           
071811070115105683クインズオライリー　　　　　　　　　 51.7 10.8-11.0-13.4 -8.1 -3  0.0                           
071811070215104729カイザーヴェッター　　　　　　　　　 24.0  5.3  6.0  7.0  4.3  9  0.0                           
071811070315105087レイエスプランドル　　　　　　　　　  4.1  1.6 22.7 15.3 12.9 18 15.0  2                        
071811070415100551キリンノツバサ　　　　　　　　　　　 65.2 13.0-10.0-11.8 -7.2 -2  0.0                           
071811070515100243ウインレーヴドール　　　　　　　　　 38.0  8.1-10.0-11.8 -7.2 -2  0.0                           
071811070615105821プロットツイスト　　　　　　　　　　 68.4 13.6-10.0 -1.8 -4.2  1  0.0                           
071811070715104058アベンチュリン　　　　　　　　　　　  7.0  2.2  3.7 22.0  8.0 13  0.0                           
071811070815102601ジャストザホマレ　　　　　　　　　　114.9 22.5-10.0-11.8 -7.2 -2  0.0                           
071811070915102790ドリームスピリット　　　　　　　　　 13.2  3.3 12.0 -2.9  3.5  9 21.3                           
071811071015103419トキメキジュピター　　　　　　　　　 83.8 16.6-10.0-11.8 -7.2 -2  0.0                           
071811071115104889ドレーク　　　　　　　　　　　　　　  6.2  2.0 11.5  8.8  6.9 12 11.4  5                        
071811071215102239シャイニードラード　　　　　　　　　 51.2 10.6-10.0-11.8 -7.2 -2  0.0                           
071811071315100164アルゴセイコウ　　　　　　　　　　　  8.1  2.4-11.0-11.0 -7.3 -2  0.0                           
071811071415100019ワイズワン　　　　　　　　　　　　　 34.5  7.4-11.3-11.0 -7.4 -2  0.0                           
071811071515100698コスモキリュウ　　　　　　　　　　　 65.2 13.0-10.0-11.8 -7.2 -2  0.0                           
071811071615100516タガノバルバドス　　　　　　　　　　  8.1  2.5  0.9  6.6  2.3  7  0.0                           
071811071715101245マリノフェリス　　　　　　　　　　　 59.8 12.0-10.0-20.0 -9.7 -5  0.0                           
071811071815104090サトノオンリーワン　　　　　　　　　  3.7  1.6 15.0 19.7 11.4 16 13.8 15                        
071811080114101226ハイクアウト　　　　　　　　　　　　 63.2 10.9-11.0-11.0 -7.3 13  0.0                           
071811080213105566ミラクルユニバンス　　　　　　　　　 28.8  5.5  1.2-10.1 -2.6 17  0.0                           
071811080314103690サンライズチャージ　　　　　　　　　 19.7  4.0-11.0-10.6 -7.2 13  0.0                           
071811080413102190レッドウィズダム　　　　　　　　　　 14.4  3.1  1.7 19.6  6.5 27  0.0                           
071811080514103981アルマシャール　　　　　　　　　　　 23.8  4.6  6.6 -2.5  1.7 22  0.0                           
071811080613102530フッカツノノロシ　　　　　　　　　　 10.7  2.5 12.0 13.0  8.3 28 12.3                           
071811080713102209プライズコレクター　　　　　　　　　 17.4  3.6-10.0  4.0 -2.5 18  0.0  4                        
071811080812103191エルメネジルド　　　　　　　　　　　 43.0  7.8-11.0-11.0 -7.3 13  0.0                           
071811080914100870ヒルノアトラーニ　　　　　　　　　　  6.9  2.0  4.5 25.8  9.4 29 16.3                           
071811081013101293ナポレオンズワード　　　　　　　　　 13.7  3.0 10.0  7.1  5.8 26  0.0                           
071811081114105365エジステンツァ　　　　　　　　　　　 49.2  8.9-10.0-11.8 -7.2 13  0.0                           
071811081213105693トウシンタイガー　　　　　　　　　　 72.5 12.4-11.3-13.4 -8.2 12  0.0                           
071811081314101563スズカフューラー　　　　　　　　　　  2.4  1.3 18.8 22.0 13.5 33 13.8                           
071811081413101718タガノインペーロ　　　　　　　　　　 32.1  6.0-11.3 -9.2 -6.9 13  0.0                           
071811081514106188アドマイヤプリヴ　　　　　　　　　　  4.4  1.6 14.7 20.2 11.4 31 15.0  3                        
071811081614102505テイルバック　　　　　　　　　　　　 45.4  8.2-11.3-11.0 -7.4 13  0.0                           
071811090113105986ゴールドエフォート　　　　　　　　　 82.1 16.2-10.0-11.8 -7.2 13  0.0                           
071811090213100731ピースマインド　　　　　　　　　　　  5.5  1.9-11.0 34.9  6.4 26 16.3                           
071811090314105933シェアザモーメント　　　　　　　　　 27.0  5.9-11.0-20.0-10.0 10  0.0                           
071811090414100584ライトオブピース　　　　　　　　　　  3.3  1.5 14.7  5.0  6.9 27 13.8                           
071811090513105965クラシカルチュチュ　　　　　　　　　 33.9  7.3-10.0-11.8 -7.2 13  0.0                           
071811090613101445ウインガーネット　　　　　　　　　　 26.4  5.8  9.2  6.6  5.4 25  0.0                           
071811090713105810ローズクランス　　　　　　　　　　　 22.2  5.0-10.0 10.8 -0.4 20  0.0                           
071811090811104013アドマイヤアロマ　　　　　　　　　　 23.6  5.3-11.3-10.8 -7.4 13  0.0  0                        
071811090914100214ウインシトリン　　　　　　　　　　　 23.5  5.2-10.0-11.8 -7.2 13  0.0                           
071811091013105521デルマオギン　　　　　　　　　　　　 11.5  2.9-11.0 15.7  0.7 21 13.1  4                        
071811091114101307モザイク　　　　　　　　　　　　　　 16.9  4.0 -4.7  6.6  0.3 20  0.0                           
071811091214100537ジャコマル　　　　　　　　　　　　　 35.4  7.6-11.0-17.8 -9.4 11  0.0                           
071811091312104246ナリタゴールド　　　　　　　　　　　  7.6  2.3  6.6  4.5  3.8 24  0.0                           
071811091414101371プレミアムゲーム　　　　　　　　　　101.2 19.9-10.0-11.8 -7.2 13  0.0                           
071811091513105334アルティマヒート　　　　　　　　　　 36.4  7.7-11.0-10.6 -7.2 13  0.0                           
071811091614102820コスモスピード　　　　　　　　　　　 49.3 10.3-10.0 -0.8 -3.9 16  0.0                           
071811091714105408ダノンロマン　　　　　　　　　　　　  4.7  1.7 13.7 15.1  9.6 30 15.0  5                        
071811091814102619シンデン　　　　　　　　　　　　　　 35.1  7.5-10.0-11.8 -7.2 13  0.0                           
071811100114102359コウエイダリア　　　　　　　　　　　 50.8  8.9-11.3 -0.7 -4.4 16  0.0                           
071811100213102681クリノヴェルサイユ　　　　　　　　　 64.7 10.9-10.0 -1.8 -4.2 16  0.0                           
071811100313103665アオイソラ　　　　　　　　　　　　　 93.2 15.4-10.0-11.8 -7.2 13  0.0                           
071811100413103497エイシンミノアカ　　　　　　　　　　 25.0  4.7-11.0-20.0-10.0 10  0.0  5                        
071811100513100511ゼーリムニル　　　　　　　　　　　　 70.6 11.8-11.0-11.4 -7.5 13  0.0                           
071811100612102028エスジープログレス　　　　　　　　　 14.7  3.1  7.0-12.1 -1.1 19  0.0                           
071811100713102770ショウナンタイザン　　　　　　　　　  5.4  1.7 14.7 15.4 10.0 30 16.3                           
071811100814101919タイセイブレーク　　　　　　　　　　  8.9  2.3 -3.0  6.6  0.9 21 17.5                           
071811100913106049プラトリーナ　　　　　　　　　　　　 20.9  4.1 10.0  7.1  5.8 26  0.0                           
071811101014100700コスモリョウゲツ　　　　　　　　　　130.3 21.3-10.0-11.8 -7.2 13  0.0                           
071811101114105797ナンヨービーナス　　　　　　　　　　 41.9  7.5-10.0-11.8 -7.2 13  0.0                           
071811101214101392キャスパリーグ　　　　　　　　　　　  3.0  1.3 13.6 18.0 10.4 30  9.6                           
071811101312101386ダノンブライト　　　　　　　　　　　  3.1  1.3 14.0 19.2 10.9 31 15.0                           
071811101413100877センターフォワード　　　　　　　　　 22.6  4.3 10.7-11.0  0.6 21  0.0                           
071811101512102624エイブルボス　　　　　　　　　　　　 40.7  7.3-10.0 -1.8 -4.2 16  0.0                           
071811101613106162ナタリーバローズ　　　　　　　　　　 58.9 10.0-11.0-11.0 -7.3 13  0.0                           
071811101713102479ウインクレド　　　　　　　　　　　　 72.1 12.1-11.0 -4.0 -5.2 15  0.0  0                        
071811101814105781インシュラー　　　　　　　　　　　　 24.2  4.6-10.0-11.8 -7.2 13  0.0                           
071811110113102323ゲッカコウ　　　　　　　　　　　　　 45.4 10.5-10.0 -1.8 -4.2 46  0.0                           
071811110213106018ギモーヴ　　　　　　　　　　　　　　 13.7  3.7-11.0-11.0 -7.3 43  0.0                           
071811110314101086メイズオブオナー　　　　　　　　　　  8.1  2.7 -3.3 -3.0 -2.1 48  0.0  0                        
071811110414105854リカビトス　　　　　　　　　　　　　  8.4  2.7 10.0 12.0  7.3 57  0.0                           
071811110513110057タニノアーバンシー　　　　　　　　　 11.4  3.2 -2.7  3.3  0.0 50  0.0                           
071811110614102424ブラックオニキス　　　　　　　　　　 28.6  6.9-10.0  7.1 -1.5 48  0.0                           
071811110712104407マキシマムドパリ　　　　　　　　　　  3.4  1.6 12.0 15.6  9.1 59 13.8                           
071811110813103582レイホーロマンス　　　　　　　　　　 18.0  4.6  1.0-17.8 -5.0 45 16.6                           
071811110913105358キンショーユキヒメ　　　　　　　　　  8.5  2.8 12.4 14.8  9.0 59 17.5                           
071811111013104783エテルナミノル　　　　　　　　　　　 20.3  5.1-11.3-11.0 -7.4 43  0.0                           
071811111112104065シャルール　　　　　　　　　　　　　 28.8  6.9-11.0-17.8 -9.4 41  0.0                           
071811111212105433クインズミラーグロ　　　　　　　　　 10.9  3.1 12.0 14.9  8.9 59  0.0                           
071811111313106398コパノマリーン　　　　　　　　　　　 90.4 19.8-10.0-11.8 -7.2 43  0.0                           
071811111412103980クィーンチャーム　　　　　　　　　　 49.8 11.5-11.3 -5.9 -5.9 44  0.0                           
071811111512104663ロッカフラベイビー　　　　　　　　　 47.8 11.0-10.0 -1.8 -4.2 46  0.0                           
071811111612104512ハッピーユニバンス　　　　　　　　　 30.6  7.3  4.0-10.6 -1.7 48  0.0                           
071811111712101989アンドリエッテ　　　　　　　　　　　 20.1  5.1  7.0-11.0 -0.7 49  0.0                           
071811111813105322ワンブレスアウェイ　　　　　　　　　 11.2  3.1 15.0 18.5 11.1 61 20.0                           
071811120112105263セングウ　　　　　　　　　　　　　　 19.5  3.5  1.0-13.8 -3.8 26  0.0                           
071811120212104581クラシコ　　　　　　　　　　　　　　  1.8  1.2 20.0 34.3 17.6 48 13.8  1  323  100              
071811120311106021カメット　　　　　　　　　　　　　　 23.6  4.0-11.0-20.0-10.0 20  0.0                           
071811120414105352ヴィーナスフローラ　　　　　　　　　 10.7  2.2 15.0  7.5  7.8 38 16.3                           
071811120512100744コスモピーコック　　　　　　　　　　 30.6  5.0-11.0-15.2 -8.6 21  0.0                           
071811120614103977ダンツゴウユウ　　　　　　　　　　　  5.3  1.6 12.2 26.7 12.5 42 15.0  2                        
071811120711104803エクスシア　　　　　　　　　　　　　 44.0  6.9-10.0 -1.8 -4.2 26  0.0                           
071811120813106011バシレウスライオン　　　　　　　　　 15.5  2.9 -1.4 13.6  3.6 34 14.0                           
071811120914100959メイショウラケーテ　　　　　　　　　 13.6  2.6 -4.0 -7.5 -3.7 26  0.0                           
071811121014101308テイエムグッドマン　　　　　　　　　 22.7  3.9 -1.4 -5.1 -2.0 28  0.0                           
071811121114103866ブルーミン　　　　　　　　　　　　　 17.4  3.2  0.0-10.4 -3.1 27  0.0                           
071811121213106262カネノイロ　　　　　　　　　　　　　 13.8  2.7  6.0 -1.8  1.7 32  0.0                           
071811121312102675グランアラミス　　　　　　　　　　　 41.9  6.6-10.0-11.8 -7.2 23  0.0                           
081814010115102039ビップベリンダ　　　　　　　　　　　  2.8  1.2 21.1 13.8 11.9 17 19.0                           
081814010215103697グランロックハート　　　　　　　　　  8.4  2.0  6.4 13.2  6.3 11  9.6                           
081814010315106488アスクハードスパン　　　　　　　　　  4.7  1.4  9.7 10.4  6.7 12  5.5                           
081814010415103265ナムラシシマル　　　　　　　　　　　 11.8  2.4 10.3 14.6  8.2 13  7.3                           
081814010515102150アリュールベルン　　　　　　　　　　 32.5  5.3-10.9 -6.3 -5.9 -1  0.0                           
081814010615100532タガノイチベエ　　　　　　　　　　　 32.9  5.4-14.0 -1.2 -5.5  0  0.0  5                        
081814010715105241マースゴールド　　　　　　　　　　　  2.5  1.2 15.8 10.0  8.8 14 17.4                           
081814010815103056ヴィズアルメンテ　　　　　　　　　　 46.3  7.3-11.7-10.4 -7.4 -2  0.0                           
081814010915100441ビーユアヒーロー　　　　　　　　　　 13.6  2.6  8.4 13.3  7.1 12 17.4                           
081814011015101482ショウナンバローロ　　　　　　　　　 25.0  4.2 -7.7-10.4 -5.9 -1  0.0                           
081814020115100251キングブラック　　　　　　　　　　　  2.2  1.2 17.6 20.6 12.6 18 17.4                           
081814020215109064ケンイーサリアム　　　　　　　　　　 38.0  5.9-10.9-11.8 -7.5 -3 11.4                           
081814020315103180クリノブショウサマ　　　　　　　　　 56.1  8.2 -6.9-10.3 -5.6 -1  0.0                           
081814020415102268フィアットルクス　　　　　　　　　　 21.8  3.7  4.7 -0.6  1.5  7  6.7                           
081814020515100505タガノアヴニール　　　　　　　　　　  5.2  1.5  9.5 21.9 10.1 15  0.0                           
081814020615101555アフオラカ　　　　　　　　　　　　　 39.4  6.1 -7.1 -8.5 -5.2  0  0.0                           
081814020715103592グログラン　　　　　　　　　　　　　 26.3  4.3  4.4  6.7  3.6  9  0.0                           
081814020815102140コクシネル　　　　　　　　　　　　　 16.5  3.0 -6.9  8.8  0.1  5 14.7                           
081814020915104132ルリジオン　　　　　　　　　　　　　  3.3  1.3 17.5 12.0 10.0 15 11.8                           
081814021015102269アヴィドウィナー　　　　　　　　　　 31.9  5.1 -7.7  0.9 -2.6  2  0.0                           
081814021115103520ロイジービヴ　　　　　　　　　　　　  7.6  1.9 12.2 23.4 11.5 16 18.0                           
081814021215103363メイショウミナモト　　　　　　　　　 41.1  6.4-10.9-11.7 -7.5 -3  0.0                           
081814030115106074エイシンエポカル　　　　　　　　　　 78.9 13.5 -9.2 -8.0 -5.8 -1  0.0                           
081814030215110065ニシノトランザム　　　　　　　　　　  4.2  1.5 16.9 10.4  9.3 14 14.2                           
081814030315102810メイショウバイタル　　　　　　　　　  9.3  2.4 12.3 11.5  8.0 13  7.3                           
081814030415105528カワチノシャモ　　　　　　　　　　　 58.0 10.1-10.9-10.2 -7.1 -2  0.0                           
081814030515104444ワイプティアーズ　　　　　　　　　　  8.3  2.2  6.4  5.1  3.9  9  0.0                           
081814030615106185ミンナノシャチョウ　　　　　　　　　  3.7  1.4 16.4 23.1 12.9 18 13.1                           
081814030715104288カノウムスビ　　　　　　　　　　　　 35.1  6.6 -7.7 -8.5 -5.4  0  0.0                           
081814030815100084ブルベアノザワナ　　　　　　　　　　117.5 19.8 -7.7 -4.6 -4.2  1  0.0                           
081814030915105589ナリタミニスター　　　　　　　　　　  2.7  1.3 18.6  6.6  8.8 14 15.4                           
081814031015105882サイモンバイタル　　　　　　　　　　 70.7 12.2-10.9 -3.0 -4.9  0  0.0                           
081814031115103772ジャックビーンズ　　　　　　　　　　 49.3  8.9-10.9 -9.2 -6.8 -2  0.0                           
081814031215102754ショウナンアンビル　　　　　　　　　 49.8  9.0-10.9-11.6 -7.5 -2 10.3                           
081814031315103111メイショウランマル　　　　　　　　　117.3 19.8-10.9-11.9 -7.6 -3  0.0                           
081814031415103519ブレークテーラー　　　　　　　　　　 22.2  4.4  2.5 11.9  4.5  9  5.8                           
081814031515101606ヘイデイ　　　　　　　　　　　　　　 16.1  3.4  3.4  4.5  2.6  8  0.0                           
081814031615102093ダイメイギンガ　　　　　　　　　　　 48.9  8.9-10.9-15.6 -8.7 -4 17.9                           
081814040115102012タカノコウイン　　　　　　　　　　　  4.4  1.6 16.8 22.0 12.8 13 19.0  2                        
081814040215100566リメンブランス　　　　　　　　　　　 43.6  8.6-10.9-10.2 -7.1 -7 10.3                           
081814040315102024シセイケナゲ　　　　　　　　　　　　 16.6  3.7  6.2-13.1 -1.7 -2  0.0                           
081814040415100134クリノヴィグラス　　　　　　　　　　 17.2  3.9 -6.9-15.9 -7.3 -7 10.8  0                        
081814040515104431オースミバレル　　　　　　　　　　　 40.8  8.1 -6.3 -0.6 -2.5 -2  0.0                           
081814040615103643マイウェイカイ　　　　　　　　　　　 44.3  8.7 -6.9 -7.4 -4.8 -5  0.0                           
081814040715105161ゲンキチチカラ　　　　　　　　　　　112.1 20.6-10.9-12.5 -7.7 -8  0.0                           
081814040815104500ウォーターレラ　　　　　　　　　　　  8.4  2.4  8.7 12.7  7.0  7  4.8                           
081814040915105650アンイールディング　　　　　　　　　 38.5  7.7 -9.7 -8.6 -6.1 -6  0.0                           
081814041015110011ソウルセイバー　　　　　　　　　　　  9.1  2.5  4.3  8.7  4.2  4 16.4                           
081814041115110103アポロテネシー　　　　　　　　　　　  2.9  1.4  9.7 21.4 10.0 10 10.8C                          
081814041215102110ナムラセンリョウ　　　　　　　　　　 62.9 11.8-10.9-14.7 -8.4 -8  0.0                           
081814041315102222トウカイボヌール　　　　　　　　　　100.0 18.4-10.9-10.4 -7.1 -7  0.0                           
081814041415103684メイショウコウソク　　　　　　　　　 68.3 12.8-11.7-15.9 -9.1 -9  0.0  0                        
081814041515104928レンブランサ　　　　　　　　　　　　 13.1  3.1  4.0 -4.2  0.2  0  6.7  5                        
081814041615104867タッチアコード　　　　　　　　　　　  4.6  1.6  5.2 14.6  6.3  6  4.5                           
081814050115106468アストルム　　　　　　　　　　　　　 58.4  9.8-14.0-13.2 -9.1 -4  0.0                           
081814050215104067ハルキスター　　　　　　　　　　　　 96.4 15.7-10.9-10.9 -7.3 -2  0.0                           
081814050315101735ザファーストバイオ　　　　　　　　　 63.6 10.6 -7.1 -9.0 -5.3  0  0.0                           
081814050415104074ターフェルムジーク　　　　　　　　　  8.3  2.2  8.5  3.4  4.1  9  9.0                           
081814050515104327アドベントサンデー　　　　　　　　　 19.2  3.8  1.6  5.5  2.2  7  0.0                           
081814050615110027アメリカンワールド　　　　　　　　　  6.3  1.8  9.0 10.0  6.3 11 10.8                           
081814050715102229ブルベアミョウガ　　　　　　　　　　 70.2 11.6-10.9-15.6 -8.7 -4  0.0                           
081814050815102565セイウンデルレイ　　　　　　　　　　 63.7 10.6-11.7-12.6 -8.1 -3  0.0  0                        
081814050915104676アンナベルガイト　　　　　　　　　　 94.9 15.5 -9.2-10.5 -6.5 -2  0.0                           
081814051015104819シンハラージャ　　　　　　　　　　　  6.9  1.9 13.9 20.0 11.1 16 11.7                           
081814051115106064ジャンケル　　　　　　　　　　　　　 87.7 14.3-10.9-10.2 -7.1 -2  0.0                           
081814051215101185ダノンアポロン　　　　　　　　　　　 41.9  7.4 -9.4 -6.2 -5.3  0  0.0  0                        
081814051315105098レーヴドリーブ　　　　　　　　　　　  3.0  1.3 19.9 18.1 12.7 18 17.4                           
081814051415106056ウスベニノキミ　　　　　　　　　　　  3.0  1.3 12.2 14.6  8.9 14 19.0                           
081814051515103303アイガー　　　　　　　　　　　　　　 13.5  2.9 -4.0-14.7 -5.9 -1  6.7  0                        
081814051615105573エクスパートラン　　　　　　　　　　 42.7  7.5-10.9-10.1 -7.0 -2  0.0                           
081814060115100862ハゼル　　　　　　　　　　　　　　　 20.8  3.9 -4.5 -1.7 -2.2 18 10.2                           
081814060215104688インディチャンプ　　　　　　　　　　  4.3  1.4 15.9  9.6  8.7 29  4.5                           
081814060315109141ニコルハイウェイ　　　　　　　　　　 45.9  7.7-10.9 -7.0 -6.1 14  0.0                           
081814060415104174クレバーバード　　　　　　　　　　　 23.9  4.3  0.2 -4.1 -1.2 19  0.0                           
081814060515104322サウンドキアラ　　　　　　　　　　　  2.5  1.2 15.8 14.0 10.0 30 12.0                           
081814060615101826キャッチミーアップ　　　　　　　　　 12.8  2.7  7.8  8.4  5.4 25  7.8                           
081814060715100501タガノタイト　　　　　　　　　　　　  7.9  2.0 10.6 14.1  8.1 28 12.7                           
081814060815104799ヴァルディノート　　　　　　　　　　 12.6  2.6 -3.0  9.1  1.6 22 12.5                           
081814060915104324レッドサクヤ　　　　　　　　　　　　  3.3  1.3 17.8 17.9 11.9 32 19.0                           
081814061015102800ナムラバンザイ　　　　　　　　　　　 35.5  6.1 -7.7-14.7 -7.2 13  0.0                           
081814070114103175スマートアムール　　　　　　　　　　  6.7  2.3  2.6 13.4  5.0 25  0.0                           
081814070214100907パルトネール　　　　　　　　　　　　  8.6  2.8  6.4 19.9  8.3 28 12.2                           
081814070314100098ピカロ　　　　　　　　　　　　　　　 12.3  3.4 -3.1  4.1  0.1 20 15.0                           
081814070414100580ハッピーマテリアル　　　　　　　　　 55.7 12.7 -6.9-11.5 -6.0 14  0.0                           
081814070514105031マーケットレイズン　　　　　　　　　 76.6 17.2-11.7 -4.6 -5.7 14  0.0                           
081814070613102002グランパルファン　　　　　　　　　　 32.5  7.9 -9.4 -8.8 -6.1 14  0.0  0                        
081814070714104314ファミーユボヌール　　　　　　　　　  6.3  2.3 18.2  0.0  6.7 27  7.2                           
081814070813102052プリティクイーン　　　　　　　　　　 12.9  3.6  6.5  6.8  4.4 24  0.0                           
081814070913105664ヴィクトリアマンボ　　　　　　　　　 27.3  6.7-10.9-10.1 -7.0 13  9.8                           
081814071014105598モンロー　　　　　　　　　　　　　　 11.0  3.1 -3.7  7.8  1.0 21  8.3                           
081814071113102430ブンブンブラウ　　　　　　　　　　　 65.9 14.9-10.9-12.5 -7.7 12  0.0                           
081814071214105372デロングスター　　　　　　　　　　　  4.2  1.8  9.6  8.9  6.2 26  5.4                           
081814071314103187フェリシアルチア　　　　　　　　　　  6.9  2.4  2.3 -5.3 -0.7 19  0.0                           
081814071413101996トラストマヴィア　　　　　　　　　　  7.1  2.4  1.1  7.0  2.5 23 16.3                           
081814071514104653サツキユニヴァース　　　　　　　　　 27.9  6.8 -7.7 -4.2 -4.1 16 22.9                           
081814071614104930アイファーショコラ　　　　　　　　　164.4 36.2-11.7-10.3 -7.4 13  0.0                           
081814080113104326カフジナイサー　　　　　　　　　　　 19.1  4.0 -4.6-13.1 -5.6 14  0.0                           
081814080214100120クリノキング　　　　　　　　　　　　  8.3  2.3 -0.7  9.6  2.6 23  9.0  5                        
081814080313106322グランノーブル　　　　　　　　　　　 25.8  5.1 -7.7  6.0 -1.0 19  0.0                           
081814080413106447ワンダーアビルマン　　　　　　　　　 28.1  5.5-10.9  8.8 -1.4 19 22.9                           
081814080512103352アイファーマグオー　　　　　　　　　119.0 20.5-11.7-15.5 -8.9 11  0.0  0                        
081814080613103033オリエンタルポリス　　　　　　　　　 64.3 11.4-10.9 -4.6 -5.4 15  0.0                           
081814080712102418タイユール　　　　　　　　　　　　　  7.1  2.1 13.1  7.9  7.2 27  6.4                           
081814080814103291スズカフリオーソ　　　　　　　　　　  2.9  1.4 16.0 25.0 13.4 33  9.2                           
081814080914103150ウイングフリオーソ　　　　　　　　　 64.0 11.3-10.9-14.7 -8.4 12  0.0                           
081814081014102522マルヨシャバーリー　　　　　　　　　 27.3  5.3  1.4 -5.3 -1.1 19  0.0                           
081814081114100165アサカディスタンス　　　　　　　　　 17.2  3.7  0.3 -7.0 -2.0 18  7.8                           
081814081212100308アースシンフォニー　　　　　　　　　  7.3  2.1  9.8 10.8  6.8 27  5.9                           
081814081314100535レッドクライム　　　　　　　　　　　 43.9  8.2-10.9 -2.4 -4.7 15  0.0                           
081814081414105356アドラメレク　　　　　　　　　　　　  3.6  1.5 12.8 20.0 10.7 31 19.0                           
081814081513102460スナークレッド　　　　　　　　　　　 77.1 13.5-10.9 -7.1 -6.1 14  0.0                           
081814081613102872エスシーレオーネ　　　　　　　　　　 24.5  4.9 -7.8-13.2 -6.8 13  6.2                           
081814090113101145トウカイシェーン　　　　　　　　　　 15.3  3.2 -7.1-13.1 -6.5 23  0.0                           
081814090213103386スマートルビー　　　　　　　　　　　 13.3  2.9 -9.7  6.2 -1.7 28  7.4                           
081814090313106181エールデュレーヴ　　　　　　　　　　  4.4  1.5 13.6 11.5  8.4 38  5.9                           
081814090414106076イストワールファム　　　　　　　　　  5.4  1.7 11.6 13.0  8.2 38 12.7                           
081814090514106206ブルークランズ　　　　　　　　　　　  2.3  1.2 20.6 22.2 14.2 44 17.4                           
081814090614100492タガノアスワド　　　　　　　　　　　 15.8  3.3  2.5  8.0  3.3 33  5.8                           
081814090714105277タンタグローリア　　　　　　　　　　  5.3  1.6 14.0 11.5  8.6 39 18.6                           
081814090811106267プリンセスアスク　　　　　　　　　　 32.7  6.0 -8.6 -7.0 -5.3 25  0.0                           
081814090912104152ジルダ　　　　　　　　　　　　　　　 28.1  5.2-10.8-15.4 -8.6 21  0.0  0                        
081814091014103524メイショウグロッケ　　　　　　　　　 17.5  3.6 10.2  6.7  5.8 36 10.8                           
081814100113105917ヒーズインラブ　　　　　　　　　　　  4.4  1.4  9.2 15.4  8.0 43 10.0                           
081814100214103580メイショウオワラ　　　　　　　　　　  8.3  2.0  4.2 13.4  5.6 41 20.1                           
081814100313105995ロジクライ　　　　　　　　　　　　　  4.6  1.4 18.9 14.0 11.1 46 18.2                           
081814100413105892ドラゴンシュバリエ　　　　　　　　　 22.6  3.9 -7.7-11.0 -6.1 29 10.8                           
081814100512104510ネオスターダム　　　　　　　　　　　 20.8  3.7 -4.5 10.0  1.4 36  0.0                           
081814100614105951ミリッサ　　　　　　　　　　　　　　  1.9  1.2 16.9 20.0 12.2 47 17.4                           
081814100713102317エンジェルフェイス　　　　　　　　　 40.9  6.5 -8.6-11.0 -6.5 29  0.0                           
081814100811101095マイネルメリエンダ　　　　　　　　　 11.9  2.4  9.7  3.6  4.6 40  0.0                           
081814100912103942レーヌドブリエ　　　　　　　　　　　 14.6  2.8  6.8  8.8  5.1 40  0.0                           
081814110112104760ベルディーヴァ　　　　　　　　　　　  8.8  2.4  6.9 -0.6  2.3 47 10.2                           
081814110211103175ホッコーサラスター　　　　　　　　　 46.1  8.8-11.7-12.9 -8.2 37  0.0                           
081814110312100582グレイトチャーター　　　　　　　　　  5.6  1.8 10.8 17.4  9.2 54 20.5                           
081814110414110043レヴァンテライオン　　　　　　　　　 36.7  7.1 -7.1-12.2 -6.3 39  0.0                           
081814110512104400ナリタスターワン　　　　　　　　　　  8.5  2.4  6.9  6.5  4.5 49  9.0                           
081814110611109160クラウンアイリス　　　　　　　　　　 44.6  8.5 -9.7-10.3 -6.6 38  0.0                           
081814110712101892スマートカルロス　　　　　　　　　　  8.5  2.4  9.8  6.6  5.6 51  0.0                           
081814110812103486アクティブミノル　　　　　　　　　　  2.7  1.3 17.8 22.8 13.4 58  9.2                           
081814110911101909ダイシンサンダー　　　　　　　　　　  4.2  1.6 19.4 -2.6  6.3 51 10.0 1                         
081814111011102579ラインスピリット　　　　　　　　　　  6.3  1.9  7.9 11.2  6.3 51 19.6                           
081814111111104950オウノミチ　　　　　　　　　　　　　 40.0  7.7-14.0-10.0 -8.1 37  0.0                           
081814120112100690ラッフォルツァート　　　　　　　　　 50.7  9.4-10.9-11.9 -7.6 22  0.0                           
081814120212100662ワキノハガクレ　　　　　　　　　　　 89.0 15.5-10.9 -9.2 -6.8 23  0.0                           
081814120313106298ミッキーグッドネス　　　　　　　　　  4.3  1.5  9.6  9.9  6.5 36 11.8                           
081814120411103445ロードヴォルケーノ　　　　　　　　　 15.7  3.4  4.6  0.9  2.0 32  0.0                           
081814120513106286シンゼンスタチュー　　　　　　　　　 25.1  5.0 -1.7  7.8  1.7 32 10.8                           
081814120613102840ケルティックソード　　　　　　　　　  7.1  2.0  2.9  7.6  3.3 33 11.7                           
081814120713103618ヴェンジェンス　　　　　　　　　　　  4.4  1.5 12.7 18.4 10.2 40 18.6                           
081814120812101528ノースウッド　　　　　　　　　　　　 44.2  8.2 -7.7-10.7 -6.0 24  0.0                           
081814120914101539レッドオーガー　　　　　　　　　　　 30.8  5.9 -9.7-14.9 -8.0 22  0.0                           
081814121011104575アバンサル　　　　　　　　　　　　　 23.0  4.6-10.8-11.7 -7.5 23  0.0                           
081814121114103422ショーウェイ　　　　　　　　　　　　 39.5  7.4-10.9 -4.2 -5.3 25  0.0                           
081814121210101326タッチシタイ　　　　　　　　　　　　 56.2 10.0-10.9-11.6 -7.5 23  0.0                           
081814121311104991タマモユウトウセイ　　　　　　　　　 45.1  8.4  0.6-13.4 -3.8 26  0.0                           
081814121412103348アイファーサンディ　　　　　　　　　208.6 35.4-10.9-13.4 -8.0 22  0.0                           
081814121511103159メイショウボンロク　　　　　　　　　 16.9  3.6  1.1  5.5  2.1 32  6.7                           
081814121614103547スマートダンディー　　　　　　　　　  2.6  1.3 16.2 29.0 14.6 45 17.4                           
