051958010117103722セイウンパワフル　　　　　　　　　　  3.1  1.5 18.2 17.4 11.8 17 12.8  2                        
051958010217103437タイキスウォード　　　　　　　　　　  8.5  2.5-10.0 17.2  3.3  8 10.3C                          
051958010317102789ペイシャフェアリー　　　　　　　　　 28.5  6.1 -6.5  8.1  1.0  6  0.0                           
051958010417105404シェーネメロディ　　　　　　　　　　  4.6  1.7 20.2 27.2 16.0 21 14.0                           
051958010517100230クラウンコジーン　　　　　　　　　　 59.6 11.6-10.4  6.0 -0.9  4  0.0                           
051958010617105351スリジエ　　　　　　　　　　　　　　 11.1  2.8  6.0 -2.4  0.9  6  7.7                           
051958010717104966サクラマス　　　　　　　　　　　　　 40.1  8.2-10.4-17.1 -9.4 -4  0.0  0                        
051958010817101979マイネルピカソ　　　　　　　　　　　 47.0  9.5-10.0-15.1 -8.5 -4  0.0  0                        
051958010917109075スノージュエリー　　　　　　　　　　 16.7  3.9 11.3-20.0 -3.9  1  8.6                           
051958011017105018プラットフォーマー　　　　　　　　　  7.6  2.3 12.0 15.0  9.1 14  0.0                           
051958011117103703ロングヘア　　　　　　　　　　　　　 99.6 19.0-10.0 -5.9 -5.2  0  0.0                           
051958011217109068ヨネンサンクミ　　　　　　　　　　　 69.8 13.5-10.0 -8.8 -6.2 -1  0.0                           
051958011317102771ヴォーグロックユー　　　　　　　　　 40.8  8.4-10.0-11.2 -7.1 -2  0.0                           
051958011417109012ヤエノロータス　　　　　　　　　　　162.2 30.5-11.4 -2.0 -4.2  1  0.0                           
051958011517101824メイクアウィッシュ　　　　　　　　　  6.5  2.1 20.0 17.8 12.5 18  6.3                           
051958011617101597ミツカネプリンス　　　　　　　　　　 67.7 13.1-11.4-11.5 -7.6 -3  0.0                           
051958011717105936サツキオーゴン　　　　　　　　　　　162.2 30.5-10.4-16.2 -9.1 -4  0.0  0                        
051958011817104740ダイワリチャード　　　　　　　　　　 12.3  3.0  6.0  7.8  4.7 10  8.2                           
051958020117100662ワンモアエフォート　　　　　　　　　 13.2  3.1  6.2 10.2  5.6 11 10.3  5                        
051958020217101827ウェリナ　　　　　　　　　　　　　　 38.8  7.6-10.0-12.6 -7.6 -3  0.0                           
051958020317104440トーセンマイベスト　　　　　　　　　 19.0  4.1 -4.6 -7.9 -4.3  1  0.0                           
051958020417100590ファイブリーフ　　　　　　　　　　　  3.1  1.4 15.0  9.4  7.9 13 18.1                           
051958020517103007リュウノチョッパー　　　　　　　　　 27.6  5.6 -0.8  1.4  0.3  5  0.0                           
051958020617110140ジュフォン　　　　　　　　　　　　　 13.3  3.1 14.9  8.4  7.6 13  7.7                           
051958020717106735センノベステス　　　　　　　　　　　 59.6 11.0 -6.5-16.0 -7.8 -3  0.0                           
051958020817102570アポロバレッタ　　　　　　　　　　　 27.9  5.6-10.4-10.0 -6.8 -2  0.0                           
051958020917105279アドマイヤルプス　　　　　　　　　　  3.7  1.5 12.9 28.2 14.2 19  5.8                           
051958021017103803バイシュラバナ　　　　　　　　　　　  5.8  1.8 18.1 21.4 13.3 18 12.5                           
051958021117102714イズジョールーラー　　　　　　　　　 45.5  8.8-10.0 -4.6 -4.7  0  0.0                           
051958021217105001ルナエクリプス　　　　　　　　　　　 29.0  5.8 20.0 -3.9  4.6 10  0.0                           
051958021317110111アウティスタ　　　　　　　　　　　　 38.5  7.5-11.4 -8.2 -6.4 -1  0.0                           
051958021417104422エンジョイ　　　　　　　　　　　　　 36.0  7.1  6.0  2.2  2.6  8  0.0                           
051958021517110125キンバリープロセス　　　　　　　　　  7.4  2.2  8.6  9.3  6.0 11  9.6                           
051958021617102909シゲルカメレオンザ　　　　　　　　　 50.7  9.7-11.4 -4.7 -5.1  0  0.0                           
051958030117101686ランサムトラップ　　　　　　　　　　 23.9  4.8-13.4-20.0-11.4 -6  0.0                           
051958030217103818ダイワストレート　　　　　　　　　　 14.6  3.2  1.9  6.6  3.0  8 18.7                           
051958030317100993エブリワンブラック　　　　　　　　　  3.4  1.4 21.8 14.5 11.9 17 14.0                           
051958030417103881ゲンパチヴィガ　　　　　　　　　　　 56.9 10.2-10.0-10.4 -6.8 -2  0.0                           
051958030517102391ロードオマージュ　　　　　　　　　　  3.0  1.4 16.4 12.0  9.3 14 12.8                           
051958030617101956マイネルミンドール　　　　　　　　　 16.4  3.5 -3.6  3.7  0.3  5  0.0  0                        
051958030717104392トーセンアーリー　　　　　　　　　　  4.8  1.6 12.3 19.9 11.0 16  6.2                           
051958030817105530ナンヨーユウヤク　　　　　　　　　　  5.1  1.7  9.4  8.3  5.9 11  6.7                           
051958030917103025ドリームメッセージ　　　　　　　　　  6.9  2.0 13.0 11.9  8.3 13  7.2  5                        
051958031017104153ワイルドブリット　　　　　　　　　　 64.3 11.4-11.4-20.0-10.8 -6  0.0                           
051958040116103481ニシノアメイズ　　　　　　　　　　　 12.5  3.4 -9.3  3.6 -1.5 19 16.4                           
051958040213102025アオテン　　　　　　　　　　　　　　 18.2  4.7-10.0  6.4 -0.7 19  0.0                           
051958040315106280リンガスビンゴ　　　　　　　　　　　  4.1  1.7 15.0 17.2 10.8 31  7.5C                          
051958040415104805ドーファン　　　　　　　　　　　　　 19.0  4.9  1.4 -5.0 -1.4 19 13.0  0                        
051958040516103729モリノカワセミ　　　　　　　　　　　  6.5  2.2 10.0 17.8  9.5 30  0.0                           
051958040616101305ゴー　　　　　　　　　　　　　　　　 25.0  6.1  5.6  1.4  2.2 22  0.0                           
051958040716100953スペロラルーチェ　　　　　　　　　　 33.3  7.9-11.4-15.1 -9.0 11  0.0  0                        
051958040816100696コスモハヤテ　　　　　　　　　　　　 50.8 11.7 -8.5-11.6 -6.8 13  0.0                           
051958040915106040エフォートラン　　　　　　　　　　　 29.4  7.0-10.0  1.3 -2.5 17  0.0                           
051958041016103347バスタキヤ　　　　　　　　　　　　　  5.6  2.0 15.2 17.0 10.8 31  5.8  2                        
051958041115104514バットオールソー　　　　　　　　　　 48.4 11.1 -6.2 -6.3 -4.2 16  0.0                           
051958041213104170ヨクエロマンボ　　　　　　　　　　　  8.8  2.8  3.4  6.5  3.4 23 10.3A                          
051958041316104941ホウオウクリスティ　　　　　　　　　  8.9  2.8  6.8  3.6  3.4 23  7.7  3                        
051958041416104243ロークアルルージュ　　　　　　　　　  5.6  2.0 15.6 15.7 10.4 30 12.5                           
051958041514102499アルチレイロ　　　　　　　　　　　　 52.4 12.0 -6.4-13.6 -6.9 13  0.0  0                        
051958041616100220ヤサカリベルテ　　　　　　　　　　　 38.1  8.9-11.4 -8.2 -6.4 14  0.0                           
051958050117102052ベルウッドアサヒ　　　　　　　　　　 58.3 10.8-11.4 -8.2 -6.4 -6  0.0                           
051958050217105955セイウンクルーズ　　　　　　　　　　 38.0  7.5-10.0  5.2 -1.1 -1  0.0                           
051958050317105033ルカ　　　　　　　　　　　　　　　　 20.4  4.4 -1.3 12.6  4.2  4  0.0                           
051958050417106612バルトリ　　　　　　　　　　　　　　  4.6  1.6 17.9 17.1 11.6 12  0.0                           
051958050517100626ゴールドゴールデン　　　　　　　　　106.2 19.2-11.4-10.8 -7.4 -7  0.0                           
051958050617102380ネオアマゾネス　　　　　　　　　　　 18.0  3.9 -3.1  1.0 -0.6 -1  0.0                           
051958050717105588モーソンピーク　　　　　　　　　　　  5.6  1.8 11.4 16.8  9.6 10 16.3                           
051958050817101556スカイテラス　　　　　　　　　　　　 45.3  8.8-11.4-14.0 -8.6 -9  0.0                           
051958050917106650スワーヴシールズ　　　　　　　　　　 11.3  2.7 12.9  5.2  5.8  6 17.5                           
051958051017105402ダノンセレスタ　　　　　　　　　　　  3.4  1.4 18.6  9.6  9.1  9 18.1                           
051958051117102703ネイチャーローズ　　　　　　　　　　 34.5  6.8 -8.7-20.0 -9.9-10  0.0                           
051958051217100010テンチシンメイ　　　　　　　　　　　 25.8  5.3  1.5 10.4  4.3  4  0.0                           
051958051317100551タマモイチバンボシ　　　　　　　　　 79.6 14.5-12.5-11.3 -7.9 -8  0.0                           
051958051417102985フレンドリースカイ　　　　　　　　　117.6 21.2-10.4-10.0 -6.8 -7  0.0                           
051958051517104621ソードライン　　　　　　　　　　　　  3.4  1.4 15.4 22.2 12.8 13 11.6  2                        
051958051617104446スリーハーバー　　　　　　　　　　　 96.2 17.4-10.0 -8.3 -6.0 -6  0.0                           
051958060116103911スズノウメ　　　　　　　　　　　　　 20.8  5.3 -3.9  0.0 -1.2 19  0.0                           
051958060216103451ニシノアマタ　　　　　　　　　　　　 61.5 13.8-11.4-20.0-10.8  9  0.0                           
051958060314106348マイネルレンカ　　　　　　　　　　　 11.1  3.1  5.6 24.3 10.6 31  8.6  5                        
051958060414104537ムーンロード　　　　　　　　　　　　 46.8 11.0-11.4-15.1 -9.0 11  0.0  0                        
051958060516104078ホウオウモントレー　　　　　　　　　 10.7  3.1  5.9 20.0  9.1 29  7.2                           
051958060616105644マーヴェラスクイン　　　　　　　　　 16.5  4.3 14.2-11.2  0.2 20  0.0                           
051958060716104408ラテリシウス　　　　　　　　　　　　 44.9 10.5-11.4 -8.6 -6.6 13  0.0                           
051958060815102565セイウンデルレイ　　　　　　　　　　 15.2  4.1  4.3  2.7  2.3 22 13.0                           
051958060916103647ジョガールボニート　　　　　　　　　 10.8  3.1 -2.6 -1.7 -1.4 19  8.2  0                        
051958061015102857ディナミーデン　　　　　　　　　　　  4.5  1.9 17.4 17.9 11.8 32 12.8                           
051958061115105958グラデュエイト　　　　　　　　　　　 10.7  3.0 -5.7 17.0  4.5 25  0.0                           
051958061216101091テンモントム　　　　　　　　　　　　 83.7 18.6-13.4 -5.9 -6.2 14  0.0                           
051958061315101348プタハ　　　　　　　　　　　　　　　  7.9  2.6  5.8  4.5  3.4 23  6.8  0                        
051958061416102368ヤンチャプリヒメ　　　　　　　　　　  6.4  2.3  7.5  3.7  3.6 24  6.3                           
051958061516104679ロジギムレット　　　　　　　　　　　  5.3  2.0  9.5  4.8  4.6 25  8.2                           
051958061615106201ジョーダンヒロイン　　　　　　　　　 39.8  9.4-11.4-10.0 -7.1 13  0.0                           
051958070117105396ジュンライトボルト　　　　　　　　　  5.0  2.3 18.6  5.9  7.7 28 16.3                           
051958070217100461ワンスカイ　　　　　　　　　　　　　  8.4  3.7  6.0 11.6  6.1 26  0.0  5                        
051958070317104851アオイクレアトール　　　　　　　　　  8.0  3.5  0.0-11.2 -4.1 16  0.0                           
051958070417105466タイムマシン　　　　　　　　　　　　 18.0  6.8-11.4-11.4 -7.6 12  0.0                           
051958070517101183レッドライデン　　　　　　　　　　　  3.7  1.8 14.5 12.7  9.0 29 19.8                           
051958070617105572ミアマンテ　　　　　　　　　　　　　  2.4  1.4 18.9 17.0 11.9 32 18.1  2                        
051958070717104849ラッシュアップ　　　　　　　　　　　  4.9  2.2 12.0 10.5  7.4 27  6.2  1  268   44              
051958080116103250ピースワンパラディ　　　　　　　　　  2.6  1.3 21.2 24.7 15.4 45 18.1  1  129   54              
051958080216104053ニシノカツナリ　　　　　　　　　　　  6.1  1.8 15.3  8.2  7.6 38 12.5                           
051958080314102449トミケンボハテル　　　　　　　　　　 15.3  3.3 -3.8  4.9  0.7 31  8.2                           
051958080414102190コーカス　　　　　　　　　　　　　　 11.7  2.7  7.5  6.1  4.5 34 10.9                           
051958080513104025プレイヤーサムソン　　　　　　　　　 24.3  4.8-11.4 -6.3 -5.7 24  0.0                           
051958080615105352ジョブックコメン　　　　　　　　　　 10.6  2.5 -3.8  6.0  1.1 31  0.0                           
051958080715104627アストラサンタン　　　　　　　　　　  4.2  1.5 13.7 10.9  8.1 38 14.0                           
051958080815106379コスモインザハート　　　　　　　　　 30.3  5.8 -6.0 -6.9 -4.3 26  0.0  0                        
051958080912100091シャインアロー　　　　　　　　　　　 31.4  6.0 -3.4-10.6 -4.9 25  0.0                           
051958081014103124ジュニエーブル　　　　　　　　　　　 87.8 15.1-11.4-16.0 -9.3 21  0.0                           
051958081116102225ランペドゥーザ　　　　　　　　　　　 32.9  6.2 -3.4-16.3 -7.0 23  0.0  0                        
051958081214106051アルミレーナ　　　　　　　　　　　　  6.1  1.8 10.9 10.0  6.9 37  0.0                           
051958090116110158フォッサマグナ　　　　　　　　　　　  2.3  1.3 18.0 23.6 14.1 44 18.1B                          
051958090215103967ニシノジャガーズ　　　　　　　　　　 31.8  6.1 20.7  6.3  8.5 39  0.0                           
051958090315104928レンブランサ　　　　　　　　　　　　 18.8  3.9 -2.1 -2.6 -1.6 28  0.0                           
051958090416102142アイアムハヤスギル　　　　　　　　　  5.6  1.8 15.0 11.5  8.7 39 21.4                           
051958090516105590ラディアント　　　　　　　　　　　　 16.5  3.5  6.0  7.0  4.4 34  0.0                           
051958090616106080ペイシャネガノ　　　　　　　　　　　  5.4  1.7  7.9 11.0  6.4 36  0.0                           
051958090716105716サーストンバーラム　　　　　　　　　 43.5  8.1 10.4 -7.2  0.5 30  0.0                           
051958090815103916マイネルキャドー　　　　　　　　　　 26.3  5.2 -8.7 10.0  1.1 31  0.0                           
051958090914104192オールウェイズゼア　　　　　　　　　128.0 22.0-11.4-16.3 -9.4 21  0.0  0                        
051958091015103893ミトノアミーゴ　　　　　　　　　　　 34.4  6.6-12.5-10.1 -7.5 23  0.0                           
051958091115110068カミノコ　　　　　　　　　　　　　　 23.5  4.7  3.6  7.7  3.9 34  8.7  5                        
051958091216103448ニシノコトダマ　　　　　　　　　　　 19.2  4.0  0.3  2.9  1.2 31  0.0                           
051958091316102081オルクリスト　　　　　　　　　　　　  6.2  1.9 12.0 15.6  9.3 39 16.3                           
051958091415103677モリトユウブ　　　　　　　　　　　　 32.9  6.3-11.4  2.9 -2.4 28  0.0  0                        
051958091512102542カゼノドリーム　　　　　　　　　　　 92.7 16.1-10.0-16.2 -8.9 21  0.0  0                        
051958091613101259ローレルジャック　　　　　　　　　　 86.5 15.1 -8.4 -1.8 -3.2 27  0.0                           
051958100115100831トラストケンシン　　　　　　　　　　  8.7  2.8 13.7 21.2 11.9 47  0.0                           
051958100215101645ソロフレーズ　　　　　　　　　　　　103.2 22.1-13.4-14.5 -9.3 26  0.0                           
051958100315104610リンディーホップ　　　　　　　　　　 10.6  3.0 -5.5 -9.5 -5.1 30  0.0  0                        
051958100412103376プレミオテーラー　　　　　　　　　　 40.0  9.2-12.5 -6.6 -6.2 29  0.0                           
051958100515100713リープフラウミルヒ　　　　　　　　　 57.1 12.5 -6.2 -7.2 -4.5 31  0.0  0                        
051958100611102899オウケンブラック　　　　　　　　　　 39.9  9.2-11.4 -8.8 -6.6 28  0.0                           
051958100714105846シャンティローザ　　　　　　　　　　 12.3  3.3  3.6 19.0  8.0 43  0.0                           
051958100816105067ヴァンドギャルド　　　　　　　　　　  4.2  1.8 20.2 20.5 13.6 49 18.1                           
051958100914110001バリングラ　　　　　　　　　　　　　  8.4  2.7 15.7 -0.5  4.5 40 17.5  0                        
051958101012103129コスモナインボール　　　　　　　　　 69.0 15.0-11.4 -6.7 -5.9 29  0.0                           
051958101115104935アモーレミオ　　　　　　　　　　　　 34.3  8.0-10.4-17.1 -9.4 26  0.0  0                        
051958101216104507アントリューズ　　　　　　　　　　　  6.3  2.2 10.5  6.4  5.5 40  0.0                           
051958101316104225アドマイヤスコール　　　　　　　　　  6.4  2.2 10.5 19.6 10.3 45 13.5                           
051958101416105093アトミックフォース　　　　　　　　　 12.9  3.5 -8.5 17.2  3.8 39  0.0                           
051958101516104415ウーリリ　　　　　　　　　　　　　　  5.0  1.9 12.9  5.9  6.0 41 14.0                           
051958110116105089カレンブーケドール　　　　　　　　　 10.9  3.0 10.8  7.5  6.0 66  0.0                           
051958110215105022ワグネリアン　　　　　　　　　　　　  6.1  2.1  9.4 19.4  9.9 70  0.0                           
051958110313101249ウインテンダネス　　　　　　　　　　 57.4 12.5-11.4-10.2 -7.2 53  0.0                           
051958110414106081ムイトオブリガード　　　　　　　　　 13.6  3.6 -2.7 12.0  3.6 64 11.3                           
051958110514106083スワーヴリチャード　　　　　　　　　  7.6  2.5 13.8 11.6  8.4 68 10.3                           
051958110615105032ユーキャンスマイル　　　　　　　　　  4.2  1.7 20.2 25.6 15.4 75 18.0                           
051958110714105589ダイワキャグニー　　　　　　　　　　 52.6 11.8 -8.4 -7.6 -5.3 55  0.0  0                        
051958110814106201レイデオロ　　　　　　　　　　　　　  4.9  1.9 11.5 17.2  9.8 70  0.0                           
051958110913105230ルックトゥワイス　　　　　　　　　　  8.9  2.8-11.4  0.8 -3.1 57  0.0                           
051958111014106010ダンビュライト　　　　　　　　　　　 43.6  9.9-11.4-12.6 -8.0 52  0.0                           
051958111112104759シュヴァルグラン　　　　　　　　　　 12.3  3.3  9.0  7.9  5.6 66  8.8                           
051958111215105008タイセイトレイル　　　　　　　　　　 22.4  5.4-11.4-12.6 -8.0 52  0.0                           
051958111315104995エタリオウ　　　　　　　　　　　　　 16.9  4.3-11.4 -5.0 -5.3 55 17.1                           
051958111413105788マカヒキ　　　　　　　　　　　　　　 31.4  7.3-11.4-13.5 -8.4 52  0.0                           
051958111515104665ジナンボー　　　　　　　　　　　　　 17.3  4.4 -6.5-11.3 -6.1 54  0.0  0                        
081958010117110099ダブリナーズ　　　　　　　　　　　　  5.9  1.9  9.9  9.8  6.6 12  7.6                           
081958010217110171カメキチ　　　　　　　　　　　　　　 13.6  3.1 -6.4-14.8 -6.8 -2  0.0  0                        
081958010317101426ウインカムトゥルー　　　　　　　　　 11.1  2.7  9.5 10.1  6.5 12  0.0                           
081958010417104615ピノタージュ　　　　　　　　　　　　 42.2  8.2-10.9-14.3 -8.3 -3  0.0                           
081958010517101028クリノヤタガラス　　　　　　　　　　 69.1 12.6-11.4-15.2 -8.7 -4  0.0  0                        
081958010617102429アスタービオラ　　　　　　　　　　　 51.3  9.8-10.9-20.0-10.0 -5 22.5  0                        
081958010717103160オーケーメジャー　　　　　　　　　　 24.1  4.9-11.4-13.4 -8.2 -3  0.0  0                        
081958010817105027エターナリー　　　　　　　　　　　　  2.4  1.3 17.2 16.1 11.1 16 18.0                           
081958010917110052ヘルシャフト　　　　　　　　　　　　  6.9  2.0 12.5  6.6  6.6 12  0.0                           
081958011017106055メイショウオイワキ　　　　　　　　　 43.2  8.3 -8.1  3.2 -2.0  3 11.8  0                        
081958011117101404マタギ　　　　　　　　　　　　　　　 23.4  4.8  3.1 10.2  4.2  9 32.7                           
081958011217100364サトノファラオ　　　　　　　　　　　 11.7  2.8 -2.6  0.8 -0.7  4  0.0                           
081958011317104997ベニトアイト　　　　　　　　　　　　 23.3  4.8 -2.0-16.5 -5.7 -1  0.0                           
081958011417103504スリーグランド　　　　　　　　　　　 21.7  4.5  3.8 13.9  5.6 11 13.2  5                        
081958011517105768メイショウアレス　　　　　　　　　　 44.6  8.6-10.9 -8.5 -6.5 -2  0.0                           
081958011617105316オウケンラブキセキ　　　　　　　　　 15.4  3.4 -0.2 11.5  3.4  8  0.0                           
081958020117106642メイショウカズサ　　　　　　　　　　  8.0  2.3  1.1  7.8  2.7  8  8.8                           
081958020217106407メイショウフルサト　　　　　　　　　 44.4  8.6-11.4-12.0 -7.8 -3  0.0                           
081958020317106380カズベナートル　　　　　　　　　　　  5.1  1.8 13.2 13.0  8.7 14  6.2                           
081958020417103595ヴィーヴォ　　　　　　　　　　　　　 68.4 12.6-10.8 -4.6 -5.3  0  0.0                           
081958020517102378ロードグリュック　　　　　　　　　　  2.6  1.3 17.0 25.4 13.9 19  9.9                           
081958020617104889マカオンブラン　　　　　　　　　　　 15.1  3.4  1.2  8.1  2.9  8 12.5                           
081958020717102701スギノミラクル　　　　　　　　　　　107.4 19.4-11.4 -2.5 -4.9  0  0.0                           
081958020817109161アストゥーリアス　　　　　　　　　　  6.6  2.0  9.7  4.0  4.8 10 21.3                           
081958020917102557シュアリーシーズ　　　　　　　　　　 36.3  7.2 -8.1 -6.8 -5.0  0  0.0                           
081958021017102962ジョーコレット　　　　　　　　　　　  8.4  2.4  7.2  8.3  5.1 10 11.8                           
081958021117100605チャンス　　　　　　　　　　　　　　 27.2  5.5-11.4-14.9 -8.6 -4  0.0                           
081958021217101815マブルーク　　　　　　　　　　　　　  8.0  2.3 10.5 15.4  8.5 13  0.0                           
081958021317100116リンダリンダリンダ　　　　　　　　　 28.5  5.8  1.1-20.0 -5.6 -1 17.1  0                        
081958021417106071ワイドレッジャドロ　　　　　　　　　 53.3 10.2-11.4-14.9 -8.6 -4  0.0                           
081958021517105903マルブツハーモニー　　　　　　　　　 32.0  6.4-10.3-14.9 -8.2 -3  0.0                           
081958030117101322ヒルノエドワード　　　　　　　　　　  4.2  1.7  5.9 26.3 10.1 15  8.8                           
081958030217100717ノブフランクリン　　　　　　　　　　 34.5  7.6-10.8-10.2 -7.0 -2  0.0                           
081958030317103808ディーププレザント　　　　　　　　　 82.4 16.8-10.9-11.9 -7.6 -3  0.0                           
081958030417102809ガリレイ　　　　　　　　　　　　　　  8.7  2.7  3.1  2.7  1.9  7  0.0                           
081958030517102135フィアレススマイル　　　　　　　　　 20.7  4.9-10.3-13.1 -7.7 -3  0.0                           
081958030617104093ワールドウインズ　　　　　　　　　　  3.9  1.6 14.7 21.4 11.8 17 15.0  4                        
081958030717104895ダノンカオス　　　　　　　　　　　　 26.6  6.0 -5.6 -7.6 -4.3  1  0.0                           
081958030817101593ブラウンボンバー　　　　　　　　　　 47.0 10.1-11.4-13.1 -8.1 -3  0.0                           
081958030917104484エーティーメジャー　　　　　　　　　  5.6  1.9 11.6  5.8  6.0 11 21.3                           
081958031017105425レッドマリアベール　　　　　　　　　 18.3  4.4  1.1  4.8  1.8  7  0.0                           
081958031117105483ゴールドティア　　　　　　　　　　　  6.4  2.1 -5.6 17.4  3.2  8  0.0                           
081958031217102146セイウンミレイア　　　　　　　　　　 33.6  7.4-10.9 -6.7 -6.0 -1  0.0                           
081958031317105723ルールオブサム　　　　　　　　　　　 36.5  8.0-10.9-11.4 -7.4 -2 20.7                           
081958031417102397ロードユリシス　　　　　　　　　　　 27.8  6.3  3.8-10.2 -1.7  3 18.0                           
081958031517106540シェノン　　　　　　　　　　　　　　  7.5  2.4  8.5 14.6  7.5 12  7.7                           
081958040115101212ヒロシゲセブン　　　　　　　　　　　  3.4  1.4 18.6 23.4 13.8 14 19.6  2                        
081958040216101728バトルアグレッシブ　　　　　　　　　 47.4  8.6 -5.0 -7.9 -4.2 -4  0.0                           
081958040316101130アキンド　　　　　　　　　　　　　　 12.1  2.7  5.8  5.9  3.9  4  0.0                           
081958040415101070プラチナアッシュ　　　　　　　　　　  4.2  1.5  9.1 17.3  8.5  9 17.8                           
081958040513101028ウォーターミリオン　　　　　　　　　 14.7  3.2  9.0 15.3  7.9  8  0.0                           
081958040615106178エポドスミノル　　　　　　　　　　　 28.4  5.4 -6.4 -0.2 -2.4 -2  0.0  5                        
081958040714102330メイショウモウコ　　　　　　　　　　  2.9  1.3 20.8 22.4 14.3 14 15.6                           
081958040816104335ザメイダン　　　　　　　　　　　　　 49.7  9.0 -9.7-10.5 -6.7 -7  0.0                           
081958040916106138ブルベアペスカ　　　　　　　　　　　 61.3 10.6-11.7 -2.7 -5.1 -5  0.0  5                        
081958041014103872オースミベリル　　　　　　　　　　　 26.7  5.1 -4.7  6.8  0.3  0 15.3                           
081958041115104868ネプチュナイト　　　　　　　　　　　  7.2  2.0 10.2 15.1  8.3  8 10.3                           
081958041216105045トップアスリート　　　　　　　　　　 31.1  5.9-11.4-10.8 -7.4 -7  0.0                           
081958041315103578スズカワークシップ　　　　　　　　　 36.0  6.7-11.7-10.5 -7.4 -7  0.0                           
081958050117103919ショウナンランチャ　　　　　　　　　 28.2  6.0 -5.6-15.8 -6.8 -7  0.0                           
081958050217105640レッドフラヴィア　　　　　　　　　　  3.4  1.5 12.5 16.1  9.4  9 18.0                           
081958050317100415ラブスピール　　　　　　　　　　　　 13.7  3.3 11.7  9.0  7.0  7  0.0  5                        
081958050417106319メイショウコジョウ　　　　　　　　　 12.8  3.1 -4.0-11.6 -4.9 -5  0.0                           
081958050517101438ウインラディアント　　　　　　　　　 32.4  6.8 -9.7 -4.9 -5.0 -5 11.3                           
081958050617104098シーシップ　　　　　　　　　　　　　 66.8 13.0 -5.6 -9.9 -5.0 -5  0.0                           
081958050717103000バビット　　　　　　　　　　　　　　 22.8  5.0-10.9-10.7 -7.2 -7  0.0  0                        
081958050817104950ミルフィリア　　　　　　　　　　　　  7.6  2.3  8.5  5.6  4.8  5  0.0                           
081958050917102878スピリトゥス　　　　　　　　　　　　 14.1  3.4  1.6 -1.8  0.0  0 11.3  5                        
081958051017105817ハルフェティ　　　　　　　　　　　　 89.1 17.2-10.9-16.8 -9.0 -9  0.0  0                        
081958051117105447ノルトシュライフェ　　　　　　　　　  7.5  2.3 10.2  8.4  6.3  6  9.6                           
081958051217103588イチジン　　　　　　　　　　　　　　 50.6 10.3-11.4-11.1 -7.5 -8  0.0                           
081958051317103359ヒロシゲダイヤ　　　　　　　　　　　  8.5  2.5  1.1 12.9  4.3  4 13.5  5                        
081958051417100130ダヨネ　　　　　　　　　　　　　　　 19.6  4.5-10.3 -7.0 -5.9 -6  0.0                           
081958051517103239アブレイズヒーロー　　　　　　　　　  4.0  1.7 18.4 25.1 14.3 14 19.6  1  170   42              
081958060116101167ベストチャーム　　　　　　　　　　　 83.2 14.2-10.9-13.8 -8.1 12  0.0                           
081958060216100214スナークスター　　　　　　　　　　　 56.9  9.9 -5.6 -3.0 -3.0 17  0.0                           
081958060315102217ビービーデフィ　　　　　　　　　　　 34.0  6.4 -4.1-14.3 -5.8 14  0.0                           
081958060416101561グーテンモルゲン　　　　　　　　　　 41.9  7.7-10.9-16.8 -9.0 11  0.0  0                        
081958060516105537オメガレインボー　　　　　　　　　　 17.2  3.6  1.8  3.7  1.8 22 15.3                           
081958060616105938コパノマーティン　　　　　　　　　　  5.8  1.8 14.3 12.2  8.9 29  7.6                           
081958060714102027ダノンコスモス　　　　　　　　　　　  9.0  2.4 15.0 11.9  9.1 29 24.5                           
081958060815105129シャテーヌ　　　　　　　　　　　　　 47.8  8.7-10.9 -3.3 -5.0 15  0.0                           
081958060915102168メイプルグレイト　　　　　　　　　　  8.5  2.3  1.2  6.0  2.2 22 10.3A                          
081958061016103884シャイニーロック　　　　　　　　　　 41.9  7.7 -5.6 15.3  2.5 23  0.0                           
081958061116104057ヒラソール　　　　　　　　　　　　　  2.2  1.2 20.7 25.8 15.3 35 18.0                           
081958061215100613エールショー　　　　　　　　　　　　 39.5  7.3-10.9-12.0 -7.6 12  0.0                           
081958061316102924ペプチドオリバー　　　　　　　　　　 15.2  3.2 -0.2  2.9  0.8 21  0.0                           
081958061415104177レゲンダアウレア　　　　　　　　　　 52.4  9.4-11.4 -8.5 -6.7 13  0.0                           
081958061516105952ドウドウキリシマ　　　　　　　　　　  6.0  1.8 12.2 24.3 11.8 32  6.7                           
081958061615102873エイシンネメシス　　　　　　　　　　 36.0  6.7-11.4-13.4 -8.2 12  0.0  0                        
081958070116104776モアナアネラ　　　　　　　　　　　　  2.2  1.2 19.7 17.9 12.6 43 18.0                           
081958070215103377サイモンジルバ　　　　　　　　　　　 21.6  4.2 -9.7-10.5 -6.7 23  0.0                           
081958070314105436エレクトロニカ　　　　　　　　　　　  5.7  1.7  9.1 11.1  6.7 37  7.2                           
081958070415102745クリノアリエル　　　　　　　　　　　  8.6  2.3  4.2  6.9  3.6 34  0.0                           
081958070513103160ハギノカエラ　　　　　　　　　　　　  6.3  1.8  9.9 17.1  8.8 39 24.5                           
081958070613101145トウカイシェーン　　　　　　　　　　 24.6  4.7-10.9-15.6 -8.7 21  0.0  0                        
081958070715106056ウスベニノキミ　　　　　　　　　　　  5.4  1.7 12.6 13.2  8.6 39 17.8                           
081958070815104823シーリア　　　　　　　　　　　　　　  4.7  1.6 14.8  5.5  7.1 37 10.8                           
081958080115100222ウインフォルティス　　　　　　　　　 31.0  5.5 -8.7 -2.4 -3.9 26  0.0                           
081958080212104761レントラー　　　　　　　　　　　　　 12.9  2.7  0.6-10.8 -3.0 27 11.0                           
081958080315105573エクスパートラン　　　　　　　　　　 33.4  5.8 -5.6-20.0 -8.1 22  0.0  0                        
081958080414102730ヴォカツィオーネ　　　　　　　　　　  8.0  2.1 14.1 10.4  8.3 38  7.2                           
081958080513105629スーパーライナー　　　　　　　　　　  5.1  1.6 11.5 16.1  9.0 39  0.0                           
081958080614105676メンターモード　　　　　　　　　　　 20.9  4.0 -8.3  9.9 -0.1 30  0.0                           
081958080715103646ハクサンペリー　　　　　　　　　　　 22.3  4.1 -5.9  7.6  0.1 30 16.2                           
081958080814105638クレスコブレイブ　　　　　　　　　　  4.0  1.4 13.2 23.3 11.8 42 19.6                           
081958080916104231ダノンスプレンダー　　　　　　　　　  2.3  1.2 19.7 15.0 11.7 42 18.0                           
081958081014102919メイショウイッポン　　　　　　　　　 49.0  8.2-11.0-15.1 -8.6 21  0.0                           
081958081116105320カフジロッソ　　　　　　　　　　　　 34.9  6.1 -5.6  1.5 -1.6 28 13.2                           
081958081215106170シンアンドケン　　　　　　　　　　　 17.2  3.4 -3.8  4.8  0.0 30  0.0                           
081958090117104089レディフォリア　　　　　　　　　　　  4.5  2.0 11.4 21.6 10.7 31  9.6                           
081958090217105348ショウリュウハル　　　　　　　　　　  2.6  1.3 17.9 11.4 10.0 30 19.6                           
081958090317102212ヒルノマリブ　　　　　　　　　　　　  2.1  1.2 19.7 26.3 15.1 35 18.0  2                        
081958090417102638ベッラヴォルタ　　　　　　　　　　　  8.0  3.3 11.2 29.8 13.0 33 16.0                           
081958090517104725エールヴィオレ　　　　　　　　　　　 15.3  5.5-11.4-10.2 -7.2 13  0.0                           
081958090617102873ヴィンチェーレ　　　　　　　　　　　 11.3  4.1  9.5-10.2  0.4 20 13.5                           
081958100116100423メリーメーキング　　　　　　　　　　  8.5  2.2 10.4  6.6  5.8 41 10.1                           
081958100215103317タイキサターン　　　　　　　　　　　  4.1  1.5 16.4  8.2  8.5 43 19.6                           
081958100313100756キアロスクーロ　　　　　　　　　　　  8.0  2.1  5.4 12.2  5.6 41 10.3                           
081958100415105784トライン　　　　　　　　　　　　　　  2.4  1.2 21.8 21.5 14.4 49 18.0  1  153   44              
081958100512101393スカイパッション　　　　　　　　　　 31.8  5.8-10.9-10.2 -7.1 28  0.0                           
081958100613100640ドルチャーリオ　　　　　　　　　　　 18.3  3.7 -2.4  4.9  0.6 36  0.0                           
081958100714105090ベルエスメラルダ　　　　　　　　　　 30.7  5.6-14.0-12.2 -8.8 26  0.0                           
081958100814103032グランドロワ　　　　　　　　　　　　  8.4  2.2  8.5 13.2  7.1 42  0.0                           
081958100914102036ボンセルヴィーソ　　　　　　　　　　  5.4  1.7 15.3  9.8  8.6 44 18.4                           
081958101015103335メイショウハニー　　　　　　　　　　 23.7  4.5-11.4  9.4 -1.4 34  0.0  1  219   31              
081958110115106226クイーンズテソーロ　　　　　　　　　 65.4 11.7 -9.7 -7.8 -5.9 39 20.7                           
081958110213106317エポック　　　　　　　　　　　　　　 25.5  5.1 -5.6-10.0 -5.1 40  0.0                           
081958110313102205ヒロブレイブ　　　　　　　　　　　　 32.4  6.3 -5.6-13.1 -6.0 39  0.0                           
081958110413102825ワンダーサジェス　　　　　　　　　　 36.7  7.0 -4.1-11.6 -5.0 40  0.0                           
081958110516102605ヴァニラアイス　　　　　　　　　　　  2.8  1.3 14.2 15.6  9.9 55 15.0                           
081958110614101742シャインヴィットゥ　　　　　　　　　 83.3 14.7 -9.7 -7.6 -5.8 39 22.5                           
081958110715100198バイラ　　　　　　　　　　　　　　　 13.2  3.0 12.5 -0.4  4.5 49  0.0                           
081958110814104410スズカコーズライン　　　　　　　　　  4.9  1.6 13.6 12.0  8.6 54 21.3  5                        
081958110914100668ハングリーベン　　　　　　　　　　　 12.2  2.8  5.8  5.8  3.9 49  0.0                           
081958111013104699コウエイエンブレム　　　　　　　　　 13.2  3.0  9.7-10.1  0.5 46  0.0                           
081958111115106500テーオージーニアス　　　　　　　　　  3.9  1.5 16.4 23.6 13.1 58  8.8                           
081958111213102856ブラックジョー　　　　　　　　　　　 46.1  8.6-10.9-13.0 -7.9 37  0.0                           
081958111315101858ヌーディーカラー　　　　　　　　　　 16.0  3.5  1.1 -3.3 -0.6 44  8.8                           
081958111412105337メイショウワダイコ　　　　　　　　　 19.8  4.2 -5.8 -8.2 -4.6 40  0.0                           
081958111511101046ベック　　　　　　　　　　　　　　　 90.9 16.0-10.9 -4.5 -5.3 40  0.0                           
081958111613100991モズワッショイ　　　　　　　　　　　 70.9 12.6-10.9 -4.5 -5.3 40  0.0                           
081958120115100978ラブカンプー　　　　　　　　　　　　 40.5  8.3-11.2-15.0 -8.6 41  0.0  0                        
081958120212101013アポロノシンザン　　　　　　　　　　 34.4  7.1-11.6-10.9 -7.5 42  0.0                           
081958120312110030パラダイスガーデン　　　　　　　　　 55.4 10.8-11.6-10.0 -7.3 43  0.0                           
081958120412105252フミノムーン　　　　　　　　　　　　 69.3 13.3-11.2-12.0 -7.7 42  0.0                           
081958120513106051ビップライブリー　　　　　　　　　　 59.0 11.4 -9.7-11.0 -6.9 43  0.0                           
081958120615101599ライトオンキュー　　　　　　　　　　 11.6  2.9  7.3 15.8  7.4 57  0.0                           
081958120714105621カラクレナイ　　　　　　　　　　　　 13.7  3.3 -0.7 13.9  3.9 54  0.0                           
081958120814102625ダイメイフジ　　　　　　　　　　　　 22.5  4.9 -7.2 -0.7 -2.8 47  0.0  5                        
081958120912105238エメラルエナジー　　　　　　　　　　207.7 38.5-11.6-18.0 -9.7 40  0.0  0                        
081958121014100687エントリーチケット　　　　　　　　　 77.5 14.8-11.2-14.8 -8.5 41  0.0                           
081958121116104721アウィルアウェイ　　　　　　　　　　 13.2  3.2  5.5  9.2  4.8 55  0.0                           
081958121216102044アイラブテーラー　　　　　　　　　　  6.0  1.9  8.2  5.9  4.8 55 21.3                           
081958121314106168リナーテ　　　　　　　　　　　　　　  9.0  2.6 11.2  7.9  6.5 56  7.2                           
081958121415110017モズスーパーフレア　　　　　　　　　  3.0  1.4 19.6 21.0 13.5 63 15.0                           
081958121515100772エイシンデネブ　　　　　　　　　　　  4.5  1.7  8.0 10.7  6.1 56 19.6                           
081958121612101704ニシノラッシュ　　　　　　　　　　　 45.5  9.2 -6.4 -3.3 -3.3 47  0.0                           
081958121716103137ファンタジスト　　　　　　　　　　　 17.1  3.9 -5.1  9.5  1.0 51  0.0                           
081958121812100518ダイシンバルカン　　　　　　　　　　 34.0  7.0 -6.4-10.2 -5.4 45  0.0                           
