041913010114105365エジステンツァ　　　　　　　　　　　 34.0  6.7  6.0 -2.0  1.1  1 10.9                           
041913010214104092テンザワールド　　　　　　　　　　　  5.3  1.7  8.7 11.0  6.6  7  8.1                           
041913010311100715ベストドリーム　　　　　　　　　　　  3.2  1.4 10.0  2.9  4.1  4 13.0                           
041913010415101539カイトチャン　　　　　　　　　　　　 44.3  8.5-12.5 -9.5 -7.2 -7  0.0                           
041913010515110020ホリデーモード　　　　　　　　　　　 23.2  4.8  3.0 10.0  4.6  5  0.0                           
041913010613102941ランドハイパワー　　　　　　　　　　 15.6  3.5 -4.7  0.6 -1.2 -1  0.0                           
041913010715102163テイエムリボー　　　　　　　　　　　 51.3  9.7-10.8-10.8 -7.2 -7  0.0                           
041913010813100214クリノサンスーシ　　　　　　　　　　  4.4  1.6 15.9 13.4  9.7 10  7.9                           
041913010915101851クリノペーテルス　　　　　　　　　　 51.4  9.7-10.8-10.8 -7.2 -7  0.0                           
041913011015102052シゲルタケノコ　　　　　　　　　　　 50.5  9.6-10.0-17.3 -9.3 -9  0.0  0                        
041913011115100655ショウナンバリウス　　　　　　　　　 14.1  3.2-12.5  6.0 -1.5 -2  0.0                           
041913011215103291ファイアプルーフ　　　　　　　　　　 45.6  8.7-12.5 11.2  0.4  0  0.0                           
041913011315104716エレガントクルーズ　　　　　　　　　 30.0  6.0  6.0  4.1  3.3  3  0.0                           
041913011413104776リングオブハピネス　　　　　　　　　  3.4  1.4 16.3 20.0 12.2 12  7.3                           
041913020116102776クリノグレイト　　　　　　　　　　　 13.6  3.3  9.9 -2.5  2.1  7  0.0                           
041913020216106547エコロドリーム　　　　　　　　　　　  5.7  1.9 20.0 15.3 11.6 17  0.0  4                        
041913020316106396アールパシオン　　　　　　　　　　　 20.3  4.6 -5.5 -4.7 -3.4  2  0.0                           
041913020416102872ダンツスピリット　　　　　　　　　　  8.4  2.5  0.6 16.8  6.3 11  0.0  5                        
041913020516100614トゥルボー　　　　　　　　　　　　　  7.0  2.2 15.0  1.0  4.9 10  8.1                           
041913020616102095サンライズエール　　　　　　　　　　 23.8  5.2 -7.0 -7.5 -4.8  0  0.0                           
041913020716101417シンボリサージュ　　　　　　　　　　 35.6  7.5-10.8-10.8 -7.2 -2  0.0                           
041913020816103938トウカイマーレ　　　　　　　　　　　 50.3 10.3  6.0 -6.4 -0.5  4  0.0                           
041913020916102895ヴェイパライズ　　　　　　　　　　　 12.6  3.1  5.6  1.2  2.1  7 18.9                           
041913021016102711クリムトゥ　　　　　　　　　　　　　 43.0  8.9-10.0-12.9 -7.7 -3  0.0                           
041913021116101497ベルウッドヒビキ　　　　　　　　　　  4.0  1.6 18.8  9.0  8.9 14 14.2                           
041913021216105985ナナカマドカ　　　　　　　　　　　　 23.2  5.1 -4.7 -5.5 -3.4  2  0.0                           
041913021316104215エスコーバタハト　　　　　　　　　　  3.5  1.5 25.0 25.9 17.0 22  6.7                           
041913021416101830パーティーアニマル　　　　　　　　　 36.7  7.7-10.0 -8.7 -6.2 -1  0.0                           
041913030116106492エイシンオーディン　　　　　　　　　 10.6  2.7  2.7  2.0  1.5  7  0.0                           
041913030216103031ノボガンコ　　　　　　　　　　　　　 88.1 16.9-10.0-20.0-10.3 -5  0.0                           
041913030316105829スマートマウアー　　　　　　　　　　  3.9  1.5 13.5 12.5  8.6 14  7.3                           
041913030416101923トウケイクレナイ　　　　　　　　　　 24.0  5.2  0.4 -5.0 -1.7  3 10.4                           
041913030516102414カズマッケンリー　　　　　　　　　　 35.4  7.4-10.8-10.8 -7.2 -2  0.0                           
041913030616105970ケイツーテソーロ　　　　　　　　　　 15.7  3.7 25.0  6.0  9.7 15  0.0                           
041913030716103711モズクロス　　　　　　　　　　　　　 36.7  7.6 -7.0 -7.5 -4.8  0  0.0                           
041913030816105226グラウクス　　　　　　　　　　　　　 14.1  3.4  0.4  1.2  0.6  6  0.0                           
041913030916102973サンハンツビル　　　　　　　　　　　 45.2  9.2-10.0 -5.7 -5.1  0  0.0                           
041913031016106415アールウォーケン　　　　　　　　　　  4.5  1.6 17.2 21.7 13.1 18  7.5  5                        
041913031116102949マリノリヴィエール　　　　　　　　　  6.9  2.1 15.0  9.0  7.8 13  8.5                           
041913031216106611ジュンユウコー　　　　　　　　　　　 27.6  5.9-11.3-10.8 -7.3 -2  0.0                           
041913031316100950ホワイトハッカー　　　　　　　　　　 99.2 18.9-12.5-10.1 -7.5 -2  0.0                           
041913031416100884ヒラヒラ　　　　　　　　　　　　　　 34.9  7.3-12.5-12.9 -8.5 -3  0.0                           
041913031516105510ソルパシオン　　　　　　　　　　　　  3.5  1.5  7.5 15.0  7.8 13 13.0                           
041913040115101505シゲルサツマイモ　　　　　　　　　　 23.2  4.1  6.8  0.4  2.2 22  0.0                           
041913040214109137コウユーヌレエフ　　　　　　　　　　 10.8  2.3 12.2 11.0  7.7 28  0.0                           
041913040310104370カレンバッドボーイ　　　　　　　　　 22.4  4.0 -1.1 -1.4 -0.8 19 10.4                           
041913040411105541クリノキングムーン　　　　　　　　　 48.6  8.0-10.8 -4.7 -5.0 15  0.0                           
041913040513104365シゲルロウニンアジ　　　　　　　　　  6.8  1.8  0.6  4.1  1.7 22  7.9                           
041913040612103532マイネルレオーネ　　　　　　　　　　 21.8  3.9  9.8  7.0  5.5 26  0.0                           
041913040710100880ドリームハヤテ　　　　　　　　　　　 58.6  9.2-10.0-18.5 -9.8 10  0.0                           
041913040811101038エアカーディナル　　　　　　　　　　 25.8  4.5-10.8-10.8 -7.2 13 11.5                           
041913040914100649シングンマイケル　　　　　　　　　　  2.4  1.2 20.0 26.4 15.7 36 13.0                           
041913041009100957ビットアレグロ　　　　　　　　　　　 17.5  3.3-12.5  4.0 -2.3 18  0.0                           
041913041107100107マックスドリーム　　　　　　　　　　 57.8  9.1-10.8-10.8 -7.2 13  0.0                           
041913041212103680トラキアンコード　　　　　　　　　　  3.3  1.4 18.8 14.2 10.8 31  7.3                           
041913041312101892スマートカルロス　　　　　　　　　　 33.9  5.8-10.8  1.3 -2.8 17  0.0                           
041913041414104260クリュティエ　　　　　　　　　　　　 14.3  2.9  7.5  1.3  2.7 23  0.0                           
041913050116100155ニシノゴウウン　　　　　　　　　　　 58.3 10.6-12.5 24.0  5.1 10  0.0                           
041913050216105055ローゼンオルデン　　　　　　　　　　 17.0  3.7 10.0  6.0  5.2 10  0.0                           
041913050316105187フレンチチェリー　　　　　　　　　　 22.9  4.7 -1.7 -7.5 -3.3  2  0.0                           
041913050416106510トミケンルーア　　　　　　　　　　　  5.5  1.8 20.0 13.5 10.9 16  7.9                           
041913050516101687ブラックミーティア　　　　　　　　　  3.8  1.5 15.0  6.7  7.0 12 14.2                           
041913050616106040レストンベ　　　　　　　　　　　　　 55.9 10.2-10.0-10.0 -6.7 -2  0.0                           
041913050716101329アイアンユウキャン　　　　　　　　　  8.5  2.4  6.0 -9.4 -1.6  3  0.0                           
041913050816100993ペイシャドリーム　　　　　　　　　　  8.5  2.4-10.0 13.0  1.8  7  0.0                           
041913050916105081サユルリトリンカ　　　　　　　　　　 33.9  6.6-10.0-10.0 -6.7 -2  0.0                           
041913051016110118キュウドウクン　　　　　　　　　　　 26.6  5.3 -5.0-10.8 -5.5  0  0.0                           
041913051116105854コンソラトゥール　　　　　　　　　　138.3 24.3-10.8-10.8 -7.2 -2  0.0                           
041913051216105666ケイティグレース　　　　　　　　　　 18.4  3.9  4.2  6.0  3.5  8  9.8                           
041913051316105532ファルネーゼブルー　　　　　　　　　 34.8  6.8-10.8-10.8 -7.2 -2  0.0                           
041913051416103569メイクアンシー　　　　　　　　　　　  2.9  1.4 12.0 26.4 13.3 18 13.0                           
041913051516100804サプライズレター　　　　　　　　　　 36.0  7.0-12.5-13.9 -8.8 -4  0.0                           
041913051616101491エンジェルハート　　　　　　　　　　 72.8 13.1-12.5 -2.2 -4.6  0  0.0                           
041913060116106237フラッフィーベア　　　　　　　　　　149.2 27.8-10.0-18.2 -9.7 -5  0.0                           
041913060216105045トップアスリート　　　　　　　　　　 22.2  4.8-10.8 -4.7 -5.0  0  0.0                           
041913060316105373テイルオブゴールド　　　　　　　　　 27.3  5.8 -4.7 -5.5 -3.4  2  0.0                           
041913060416105025アレクサンドレッタ　　　　　　　　　 55.9 10.8-12.5 -1.7 -4.4  1  0.0                           
041913060516104782サトノボヌール　　　　　　　　　　　  4.7  1.7 14.4  9.5  7.8 13 15.3                           
041913060616104358スタックオンユー　　　　　　　　　　 36.3  7.4-12.5 -5.2 -5.7 -1  0.0  0                        
041913060716105631エクスポーネント　　　　　　　　　　 73.9 14.1-10.0 -4.4 -4.6  0  0.0                           
041913060816103916ベルキューティ　　　　　　　　　　　  4.1  1.6 20.0  8.2  9.0 14  7.3                           
041913060916101457シャイニングデイズ　　　　　　　　　  3.2  1.4 18.7 19.8 12.9 18 13.0                           
041913061016104440エレヴァージュ　　　　　　　　　　　 13.9  3.3 25.0-11.0  3.5  8  9.2  0                        
041913061116100070マイネルセリオン　　　　　　　　　　  6.3  2.0  7.5 10.2  6.0 11  0.0                           
041913061216101275ニシノコントラバス　　　　　　　　　 23.8  5.1-10.8-10.8 -7.2 -2  0.0                           
041913061316106295ローズギフト　　　　　　　　　　　　 22.1  4.8-10.0 -2.0 -3.7  1  0.0                           
041913061416104707アメリカンウェイク　　　　　　　　　 12.4  3.0  2.4  5.7  2.8  8  0.0                           
041913061516103449ニシノモエ　　　　　　　　　　　　　 44.8  9.1-10.0-14.6 -8.4 -3  0.0                           
041913061616106028スチームパンク　　　　　　　　　　　 66.9 12.8-10.0-18.9 -9.9 -5  0.0  0                        
041913070115100145エースロッカー　　　　　　　　　　　  3.2  1.4 20.0 17.5 12.4 32 14.2                           
041913070214105145ランボシ　　　　　　　　　　　　　　 22.7  4.2  7.5 -2.0  1.5 22  0.0                           
041913070315105117プローシブル　　　　　　　　　　　　 35.4  6.2-12.5 -2.0 -4.5 16  0.0                           
041913070414103417ウィズアウィッシュ　　　　　　　　　 20.0  3.8-10.0 -2.0 -3.7 16  0.0                           
041913070515100349ケイアイテディ　　　　　　　　　　　 18.6  3.6-12.5 -2.0 -4.5 16  0.0                           
041913070614102499アルチレイロ　　　　　　　　　　　　 12.9  2.7 25.0  7.1 10.1 30  0.0                           
041913070715104004アシャカデッシュ　　　　　　　　　　  2.7  1.3 15.0 17.8 11.0 31 13.0                           
041913070814105116プリティマックス　　　　　　　　　　 10.7  2.4 12.0  7.8  6.5 26  0.0                           
041913070914101006タケデンサンダー　　　　　　　　　　 12.9  2.7-12.5 -9.5 -7.2 13  9.1                           
041913071015102908ミサコ　　　　　　　　　　　　　　　 28.6  5.1-10.0-10.0 -6.7 13  0.0                           
041913071114100256バナナボート　　　　　　　　　　　　 84.8 13.5-10.0 -8.7 -6.2 14  0.0                           
041913071214101206ブルベアジュラフ　　　　　　　　　　 44.1  7.5-10.8-10.8 -7.2 13  0.0                           
041913071315106502カズミドリーム　　　　　　　　　　　 29.2  5.2-10.0 -0.1 -3.0 17  0.0                           
041913071415100777トラストノブナガ　　　　　　　　　　 29.3  5.2-10.8-10.8 -7.2 13  0.0                           
041913071515104053マッスルマサムネ　　　　　　　　　　 14.1  2.9  8.7  8.0  5.5 26  9.2                           
041913080113102530フッカツノノロシ　　　　　　　　　　 14.7  2.8  6.0  1.5  2.3 22  0.0                           
041913080214101226ハイクアウト　　　　　　　　　　　　 22.2  3.9-10.8-18.9-10.2 10  0.0  0                        
041913080315102375ロードザナドゥ　　　　　　　　　　　 13.3  2.6  1.8 -2.3 -0.3 20  0.0  0                        
041913080414103710シゲルポインター　　　　　　　　　　  7.5  1.9  6.0  9.0  5.1 25  0.0                           
041913080515105834レオステップアップ　　　　　　　　　  5.1  1.5 25.0 11.4 11.7 32 15.3                           
041913080614103501キクノフェリックス　　　　　　　　　  2.4  1.2 16.3 20.0 12.2 32 13.0                           
041913080715102370ダノンテアトロ　　　　　　　　　　　 22.3  3.9 -4.7 -5.5 -3.4 17  0.0                           
041913080815106095ユキノアンビシャス　　　　　　　　　 15.6  3.0 12.5  3.3  5.0 25  0.0                           
041913080913102631ジョースターライト　　　　　　　　　  3.2  1.3 21.7 17.9 13.1 33 14.2                           
041913090115104293カーロバンビーナ　　　　　　　　　　  4.4  1.5 10.0  5.2  4.9 25 15.3                           
041913090215104946ルナステラ　　　　　　　　　　　　　  3.9  1.4 16.3 19.8 12.1 32 14.2                           
041913090315104794アドマイヤクィーン　　　　　　　　　 16.1  3.3  1.2  6.5  2.7 23  0.0                           
041913090415104669マセラシオン　　　　　　　　　　　　 41.3  7.3-10.8-10.8 -7.2 13  0.0                           
041913090514101505ナルハヤ　　　　　　　　　　　　　　  8.7  2.3  8.7  8.0  5.5 26  0.0                           
041913090614102673シンボリブーケ　　　　　　　　　　　 33.6  6.1-10.0-13.5 -7.9 12  0.0                           
041913090713104960アオイプリンセス　　　　　　　　　　  2.4  1.2 19.8 17.1 12.2 32 13.0                           
041913090815104642デサフィアンテ　　　　　　　　　　　 19.4  3.8-10.0 -2.0 -3.7 16  0.0                           
041913090914105605プロキシマ　　　　　　　　　　　　　 12.1  2.7  9.4  8.4  5.9 26  0.0                           
041913091015105112ロックザボート　　　　　　　　　　　 25.9  4.8-10.8-10.8 -7.2 13  0.0                           
041913091114105271クライベイビー　　　　　　　　　　　 17.6  3.6-10.0 -0.8 -3.3 17  0.0                           
041913100116103774グトルフォス　　　　　　　　　　　　  3.6  1.5 17.8 12.7 10.0 30 14.2                           
041913100216106169ミヤケ　　　　　　　　　　　　　　　 14.3  3.3  6.0  6.0  4.0 24  0.0                           
041913100316104903プレステッツァ　　　　　　　　　　　 17.8  3.9-12.5  5.0 -1.9 18  0.0                           
041913100416105823グラスミルキー　　　　　　　　　　　 12.2  2.9 12.5  9.8  7.3 27  0.0                           
041913100516104640スターオブオナー　　　　　　　　　　 23.9  5.0-10.0 -4.4 -4.6 15  0.0                           
041913100616109096フクノワイルド　　　　　　　　　　　 48.5  9.4-10.8-10.8 -7.2 13  0.0                           
041913100716101847モーニングサン　　　　　　　　　　　 22.3  4.7-10.8-10.8 -7.2 13  0.0                           
041913100816105069スペースクラフト　　　　　　　　　　  4.9  1.7 16.1 14.2 10.0 30 15.3                           
041913100916101745ゲンパチルシファー　　　　　　　　　  3.3  1.4 16.3 18.2 11.6 32  6.7                           
041913101016104642マノアフォールズ　　　　　　　　　　  7.0  2.1  7.5  9.0  5.6 26  8.1                           
041913101116102777ナガレボシトリキシ　　　　　　　　　 49.0  9.5-10.0 -0.3 -3.1 17  0.0                           
041913101216101704セイウンオフロード　　　　　　　　　 27.0  5.5-12.5  5.0 -1.9 18  0.0                           
041913101316106181ユキノヴェルデ　　　　　　　　　　　 21.5  4.5-12.5 11.6  0.5 21  0.0                           
041913110115103656ジュリーハーツ　　　　　　　　　　　  7.1  2.4 15.0  6.0  6.7 37  8.1                           
041913110215105411ホウオウスクラム　　　　　　　　　　  5.8  2.1 15.0  6.0  6.7 37  0.0                           
041913110314103596ウイナーズロード　　　　　　　　　　 27.5  6.6-10.0-20.0-10.3 20  0.0                           
041913110415105902アンインジュリー　　　　　　　　　　 17.5  4.5  7.5 18.0  8.9 39  0.0                           
041913110515100416ライオンボス　　　　　　　　　　　　 28.7  6.9-10.0-19.4-10.1 20  0.0                           
041913110614100080シゲルベンガルトラ　　　　　　　　　  5.8  2.1 12.0 12.5  8.2 38  7.9                           
041913110712100777ラブローレル　　　　　　　　　　　　 69.1 15.2-10.8-10.8 -7.2 23  0.0                           
041913110815102376エトワールブリエ　　　　　　　　　　 28.4  6.8-10.0 -2.0 -3.7 26 12.6                           
041913110915106372アーヒラ　　　　　　　　　　　　　　  7.2  2.4-12.5 11.1  0.3 30  0.0                           
041913111015105287リンシャンカイホウ　　　　　　　　　  4.0  1.7-12.5 11.5  0.5 30 13.0                           
041913111114102332スノードーナツ　　　　　　　　　　　 44.0 10.2-10.0-18.5 -9.8 20  0.0                           
041913111212105571サウンドドゥイット　　　　　　　　　 17.1  4.4 -4.2-10.8 -5.2 25  0.0                           
041913111315105673サラドリーム　　　　　　　　　　　　  8.4  2.7 10.0  4.9  4.8 35  0.0                           
041913111413102841プッシュアゲン　　　　　　　　　　　 51.8 11.9-10.0 -1.0 -3.4 27  0.0                           
041913111515105870ナンクルナイサー　　　　　　　　　　 23.4  5.7 -7.0 -7.5 -4.8 25  0.0                           
041913111614101803ポップシンガー　　　　　　　　　　　 23.4  5.7-12.5  7.1 -1.1 29 12.1                           
041913120115104901モートゥス　　　　　　　　　　　　　 73.4 13.8-10.8-10.8 -7.2 13  0.0                           
041913120215105058ランスマン　　　　　　　　　　　　　  7.2  2.2  7.5  7.7  5.1 25  0.0                           
041913120315100846アビーム　　　　　　　　　　　　　　  7.7  2.3 12.5 20.0 11.1 31  0.0                           
041913120413105418ストロングハピネス　　　　　　　　　 44.8  8.9-12.5-13.4 -8.7 11  0.0                           
041913120513102770ショウナンタイザン　　　　　　　　　  6.1  1.9 12.8 11.3  8.0 28  7.9                           
041913120614100625ポンポン　　　　　　　　　　　　　　 51.0 10.0-10.0-18.2 -9.7 10  0.0                           
041913120714105389ドロウアカード　　　　　　　　　　　  4.2  1.6 12.3 18.1 10.3 30 14.2  4                        
041913120814105682ベストアクター　　　　　　　　　　　  9.1  2.6 25.0 13.8 12.6 33  9.2                           
041913120914106182ロジムーン　　　　　　　　　　　　　 45.8  9.1-12.5 -9.0 -7.1 13  0.0                           
041913121015103128イルルーメ　　　　　　　　　　　　　 47.0  9.3-12.5  0.8 -3.5 17  0.0                           
041913121114100140ルックアットミー　　　　　　　　　　 24.9  5.2-10.0-10.0 -6.7 13  0.0                           
041913121213100704エスペランサリュウ　　　　　　　　　 66.7 12.6-10.8-10.8 -7.2 13  0.0                           
041913121314101935サンライズマジック　　　　　　　　　 20.2  4.4  5.5 -7.5 -1.1 19  0.0                           
041913121415103340メイショウキョウジ　　　　　　　　　  3.0  1.4 21.7 18.6 13.3 33 13.0                           
041913121515104949ステラローザ　　　　　　　　　　　　 66.7 12.6 -7.0 -7.5 -4.8 15  0.0                           
041913121615106063リーゼントアイリス　　　　　　　　　 24.3  5.1 -5.0 -2.9 -2.6 17  0.0                           
051925010116106110ファンシーラン　　　　　　　　　　　 18.5  3.3  5.4  4.7  3.3  8  0.0                           
051925010216100694アドアステラ　　　　　　　　　　　　  4.5  1.4 16.6  8.3  8.0 13 21.4                           
051925010316105503パドクロア　　　　　　　　　　　　　 56.4  8.4-13.1-10.1 -7.6 -3  0.0                           
051925010416106579スイーツビュッフェ　　　　　　　　　  3.1  1.3 21.1 16.0 12.2 17 11.6                           
051925010516102180コーヴ　　　　　　　　　　　　　　　 95.9 13.9-11.4-13.5 -8.4 -3  0.0                           
051925010616106241フォーアネーム　　　　　　　　　　　 27.1  4.5-10.0  3.9 -1.6  3 11.6                           
051925010716105214ランドスケープ　　　　　　　　　　　  9.3  2.2 10.0  7.5  5.8 11  0.0                           
051925010816105221ピチカートポルカ　　　　　　　　　　  2.3  1.2 15.7 28.6 15.2 20 18.1                           
051925010916101224ココリジャスミン　　　　　　　　　　174.5 24.7-10.0-10.6 -6.9 -2  0.0                           
051925011016104297サイモンセレナーデ　　　　　　　　　 59.8  8.9-13.4-16.6-10.1 -5  0.0  0                        
051925011116109025アミフジアギシャン　　　　　　　　　221.3 31.1-10.0 -6.1 -5.2  0  0.0                           
051925011216104800プラムストーン　　　　　　　　　　　 45.1  7.0 -3.9 -7.4 -3.9  1  0.0                           
051925011316100736フロラシオン　　　　　　　　　　　　 42.1  6.6-10.0 -4.7 -4.7  0  0.0                           
051925011416103029オルオル　　　　　　　　　　　　　　 60.0  8.9-11.4 -9.0 -6.7 -2  0.0                           
051925011516103656シゲルカイヤナイト　　　　　　　　　109.8 15.8-10.0 -8.5 -6.1 -1  0.0  0                        
051925011616103313トーセンコハク　　　　　　　　　　　 18.4  3.3  5.3 -9.2 -1.8  3  0.0                           
051925020116102342クリアセーリング　　　　　　　　　　 39.6  6.8-11.4-12.2 -7.9 -3  0.0                           
051925020216103409ジェイエルフラッグ　　　　　　　　　  8.4  2.1  6.0 13.5  6.8 12  9.6C 5                        
051925020316106013ホームチーム　　　　　　　　　　　　  3.7  1.5 20.0 12.9 10.7 16 19.8                           
051925020416110117モントカイザー　　　　　　　　　　　 21.7  4.0  6.0  3.4  3.0  8  0.0                           
051925020516101481ハクサンメイゲツ　　　　　　　　　　167.2 26.0-10.0 -6.1 -5.2  0  0.0                           
051925020616106548キンショーヘイロー　　　　　　　　　  8.3  2.1-10.0  9.6  0.5  6  6.3                           
051925020716101710アイムソーグレイト　　　　　　　　　 17.3  3.4-10.0 10.3  0.8  6  7.7A                          
051925020816101950サプライズフェスタ　　　　　　　　　206.1 31.9-11.4-10.6 -7.3 -2  0.0                           
051925020916100146ユイノコッペパン　　　　　　　　　　 26.4  4.8-10.4 -7.0 -5.7 -1  0.0                           
051925021016101864テクノドリーム　　　　　　　　　　　  8.6  2.2  9.3  8.0  5.7 11  0.0                           
051925021116110090マキ　　　　　　　　　　　　　　　　  2.4  1.3 21.1 16.9 12.5 18 18.1                           
051925021216109095ベストデイエヴァー　　　　　　　　　 38.5  6.7 -7.2-10.0 -5.8 -1  0.0                           
051925021316104105アーチンガイ　　　　　　　　　　　　 35.4  6.2-10.0-12.3 -7.5 -3  0.0  0                        
051925021416110033ゼルター　　　　　　　　　　　　　　 27.7  5.0-10.0 -2.4 -3.9  1  0.0                           
051925021516101702ウィンズオブゴッド　　　　　　　　　 28.9  5.2 12.0  9.4  7.0 12  0.0  5                        
051925021616105409マイネルロングラン　　　　　　　　　117.2 18.4-10.0-17.5 -9.4 -4  0.0  0                        
051925030116100583ヤマニンラファーガ　　　　　　　　　 14.3  3.2 -0.8  0.7  0.0  5 18.7                           
051925030216103920グランディール　　　　　　　　　　　 16.2  3.5  0.5 -2.0 -0.6  4  0.0                           
051925030316104280オスティリオ　　　　　　　　　　　　  7.1  2.1 11.7  4.8  5.3 10  0.0                           
051925030416101370マイネルオニキス　　　　　　　　　　 23.4  4.7  1.8 -4.7 -1.2  4  0.0                           
051925030516101170ロードオヒア　　　　　　　　　　　　 24.5  4.9-12.5 -7.4 -6.5 -1  0.0                           
051925030616104939ピカレスクスマイル　　　　　　　　　170.6 29.2-11.4-10.6 -7.3 -2  0.0                           
051925030716106512ドゥーワンズベスト　　　　　　　　　 43.9  8.2 -6.0-15.1 -7.3 -2  0.0  0                        
051925030816103487エストレラブランコ　　　　　　　　　  5.8  1.8 13.6 10.5  7.9 13 15.1                           
051925030916104535ダイスアキャスト　　　　　　　　　　  2.4  1.3 15.0 28.6 15.0 20 10.6                           
051925031016105141ドンウォリマミー　　　　　　　　　　  4.8  1.6 16.8  8.3  8.1 13 14.0                           
051925031116101860アララトテソーロ　　　　　　　　　　 70.0 12.4-11.4 -4.9 -5.2  0  0.0                           
051925031216100007プラピルーン　　　　　　　　　　　　170.6 29.2-13.1 -6.1 -6.2 -1  0.0                           
051925031316105679ヴェンセールシチー　　　　　　　　　 39.6  7.5-13.4 -7.3 -6.7 -2  0.0  0                        
051925031416106441ヒヤク　　　　　　　　　　　　　　　114.0 19.7-13.1-10.6 -7.8 -3  0.0                           
051925031516106144タイキリヴェール　　　　　　　　　　  7.6  2.2 10.4 12.4  7.7 13  7.2  5                        
051925040116101848コスモリミックス　　　　　　　　　　 11.7  2.9 14.3 18.2 11.0 16  7.7                           
051925040216100061ケイズデイジー　　　　　　　　　　　 79.3 15.2-13.4-20.0-11.4 -6  0.0                           
051925040316101226ミツカネラブ　　　　　　　　　　　　 84.2 16.1-11.4 -6.1 -5.7 -1  0.0                           
051925040416104237ショウナンサジン　　　　　　　　　　 27.0  5.7 -1.9  5.5  1.4  6  0.0                           
051925040516103547ナイトオブゴールド　　　　　　　　　 55.7 10.9-10.0-20.0-10.3 -5  0.0  0                        
051925040616105625タイガーストライプ　　　　　　　　　 68.6 13.3-10.0-11.4 -7.2 -2  0.0                           
051925040716104391ユアーズトゥルーリ　　　　　　　　　  8.0  2.4  6.0  9.5  5.3 10  7.2                           
051925040816100165クリノカリビアン　　　　　　　　　　 80.0 15.4-10.0-18.9 -9.9 -5  0.0  0                        
051925040916103099カンパーニャ　　　　　　　　　　　　  6.9  2.1  9.7  8.7  6.1 11  9.6                           
051925041016101049モズレジーナ　　　　　　　　　　　　  3.3  1.4 15.8 22.7 13.1 18 12.8                           
051925041116100811フガク　　　　　　　　　　　　　　　162.0 30.4-11.4-10.6 -7.3 -2  0.0                           
051925041216104136ショウナンランジュ　　　　　　　　　 22.2  4.8-10.0-13.4 -7.9 -3  0.0  0                        
051925041316102829パドゥバスク　　　　　　　　　　　　 38.6  7.9-10.4 -5.7 -5.2  0  0.0                           
051925041416105269アーミングエリア　　　　　　　　　　 40.5  8.3-10.0 -7.9 -5.9 -1  0.0                           
051925041516101166ロードストライク　　　　　　　　　　  4.7  1.7 10.4 11.4  7.3 12 15.2                           
051925041616104886フェルシュテルケン　　　　　　　　　  4.1  1.6 16.2 19.4 12.0 17 11.6                           
051925041716100590ファイティングマン　　　　　　　　　 28.5  6.0 -0.2  5.8  2.1  7  0.0                           
051925050115105048ジンゴイスト　　　　　　　　　　　　  5.1  2.2 15.0 11.3  8.6 29 16.3                           
051925050215104109タンタフエルサ　　　　　　　　　　　  3.5  1.6 14.3 19.0 11.3 31 15.1                           
051925050315102868スズヨブラック　　　　　　　　　　　 40.2 13.7-13.1 -4.9 -5.7 14  0.0                           
051925050414106228ヴァンクールシルク　　　　　　　　　  3.3  1.5 14.9 15.9 10.3 30 11.6                           
051925050515100246タイプムーン　　　　　　　　　　　　 26.3  9.0-13.4-10.0 -7.7 12  0.0                           
051925050614105551レッドボヌール　　　　　　　　　　　 22.5  7.8-10.0-12.1 -7.4 13  0.0                           
051925050715104408ワセダインブルー　　　　　　　　　　  2.1  1.2 20.2 31.6 17.6 38 18.1  1  252   47              
051925060116104808ドナアトラエンテ　　　　　　　　　　  2.1  1.2 20.0 23.6 14.7 35 18.1                           
051925060216102645ボンドロール　　　　　　　　　　　　 23.6  3.8-13.1-11.2 -8.0 12  0.0                           
051925060316104608プロスペリティ　　　　　　　　　　　 14.9  2.7 11.6 10.9  7.5 27  0.0                           
051925060416104477グレイスアン　　　　　　　　　　　　  3.6  1.2 12.7 16.1  9.7 30 15.2  2                        
051925060516101157スカイシアター　　　　　　　　　　　  9.2  2.0 -0.4  8.1  2.8 23  0.0                           
051925060616105673トーセンリスト　　　　　　　　　　　 32.8  5.0  6.0 -1.0  1.4 21  8.6  0                        
051925060716104894アイワナビリーヴ　　　　　　　　　　  3.1  1.2 21.9 21.3 14.4 34 19.8                           
051925060816100695ミチビキ　　　　　　　　　　　　　　 23.2  3.7-10.4 13.6  1.9 22  0.0                           
051925070116103768ケイアイビリジアン　　　　　　　　　 14.5  3.7 20.0  4.8  7.8 28  0.0                           
051925070216103467サンウェーコ　　　　　　　　　　　　157.1 32.1 -3.9-20.0 -8.5 11  0.0                           
051925070316101956オルダージュ　　　　　　　　　　　　  4.7  1.8-10.0 12.7  1.7 22  6.3                           
051925070416103341パイロジェン　　　　　　　　　　　　 11.7  3.1-10.0 -0.5 -3.2 17  0.0  0                        
051925070516103505オールミラージュ　　　　　　　　　　 71.6 15.0-13.1-10.0 -7.6 12  0.0                           
051925070616102081オルクリスト　　　　　　　　　　　　 16.0  4.0 -6.5 -9.2 -5.3 15  0.0                           
051925070716102412ヨンク　　　　　　　　　　　　　　　 58.5 12.4-11.4 -9.7 -7.0 13  0.0                           
051925070816106080ペイシャネガノ　　　　　　　　　　　  5.1  1.9 21.2 10.3 10.1 30 16.3                           
051925070916100051ブラックアウト　　　　　　　　　　　 22.7  5.3 -8.7  6.1 -0.4 20  0.0                           
051925071016101346アンビル　　　　　　　　　　　　　　 59.0 12.5-10.0 -7.0 -5.6 14  0.0                           
051925071116101139シゲルスピネル　　　　　　　　　　　 55.1 11.7-10.0 -4.7 -4.7 15  0.0                           
051925071216106501アミュリオン　　　　　　　　　　　　 35.2  7.9 -9.0  0.3 -2.6 17  0.0                           
051925071316110048スポーカンテソーロ　　　　　　　　　  4.4  1.7 13.7 25.1 13.3 33 14.0                           
051925071416104243ロークアルルージュ　　　　　　　　　  4.1  1.6 12.2 15.0  9.2 29 18.1                           
051925071516101560ペイシャリルキス　　　　　　　　　　 18.5  4.5  4.2  8.6  4.4 24  8.7  5                        
051925071616103402プロトイチバンボシ　　　　　　　　　 19.7  4.8-10.0  3.7 -1.6 18  0.0                           
051925080115102478ディアジラソル　　　　　　　　　　　 22.9  4.8 -8.4-11.5 -6.7 23  0.0                           
051925080214100786ドウディ　　　　　　　　　　　　　　 23.8  4.9 12.0 -1.3  3.1 33  0.0                           
051925080315104950アプルーヴァル　　　　　　　　　　　  4.0  1.5 25.1 11.5 11.7 42 15.1                           
051925080415104752クリッパー　　　　　　　　　　　　　  3.0  1.3 15.0 17.8 11.0 41  5.3                           
051925080514104249アリンナ　　　　　　　　　　　　　　 13.6  3.2 -8.7  6.8 -0.1 30  0.0                           
051925080614104831スイーズドリームス　　　　　　　　　  3.9  1.5 15.8 14.7 10.1 40 19.8                           
051925080715101483マイティーワークス　　　　　　　　　 20.4  4.4  5.9  6.2  4.0 34  0.0                           
051925080814104265ツヅク　　　　　　　　　　　　　　　 13.9  3.2  5.9  1.5  2.3 32  7.7  0                        
051925080913105140ピナクルズ　　　　　　　　　　　　　 46.0  8.9-10.0-13.6 -8.0 22  0.0  0                        
051925081014105338オールザゴー　　　　　　　　　　　　  4.5  1.6 13.7 17.8 10.6 41 16.3                           
051925090115104741イダペガサス　　　　　　　　　　　　 12.5  3.2 -0.9  8.1  2.7 38  0.0                           
051925090214105506バレッティ　　　　　　　　　　　　　 21.8  5.0-11.4-11.8 -7.7 27  0.0                           
051925090312104115レッドオルバース　　　　　　　　　　 17.0  4.1-10.0  2.8 -2.0 33  0.0                           
051925090414103291スズカフリオーソ　　　　　　　　　　 40.1  8.7-12.5 -6.4 -6.1 29  0.0                           
051925090514104230グッドラックサマー　　　　　　　　　 70.2 14.4-10.0 -5.7 -5.1 30  0.0                           
051925090615110102シヴァージ　　　　　　　　　　　　　  3.7  1.6 20.2 23.4 14.6 50 12.8  2                        
051925090714101995フォーハンドレッド　　　　　　　　　 23.1  5.3  6.5 -3.3  0.7 36  9.6                           
051925090814106118マジカルスペル　　　　　　　　　　　  4.4  1.7 16.8 11.4  9.2 44 14.0                           
051925090915100348ショーム　　　　　　　　　　　　　　  6.1  2.0 14.5 18.9 11.3 46  6.8                           
051925091013105415シュナウザー　　　　　　　　　　　　 69.7 14.3-10.0-11.8 -7.3 28  0.0                           
051925091115100639バーンフライ　　　　　　　　　　　　 66.6 13.7-12.5-11.3 -7.9 27  0.0                           
051925091213105898クレマンダルザス　　　　　　　　　　  5.5  1.9 21.8 -9.9  2.9 38 21.4                           
051925091315104625トワイライトタイム　　　　　　　　　 13.3  3.4  7.5  5.0  4.1 39  0.0                           
051925091414104735フィールドセンス　　　　　　　　　　 26.0  5.9-12.5 -8.3 -6.8 28  0.0                           
051925091515110035スウィングビート　　　　　　　　　　 10.7  2.8-10.0 21.8  5.0 40  0.0                           
081935010116106394ワイオリ　　　　　　　　　　　　　　 50.2 10.0-10.9-10.2 -7.1 -2  0.0                           
081935010216103710レイトブルーミング　　　　　　　　　 59.3 11.4-10.9-15.0 -8.5 -3  0.0                           
081935010316110003グレイトアプローズ　　　　　　　　　 27.4  5.7 -5.6 -9.0 -4.8  0  0.0                           
081935010416102487メイショウバーバラ　　　　　　　　　158.0 29.2-11.4-11.3 -7.6 -3  0.0                           
081935010516102331マティス　　　　　　　　　　　　　　  7.6  2.3 11.2  6.3  6.0 11  0.0                           
081935010616100033レイナブローニュ　　　　　　　　　　  4.1  1.5 12.5  4.3  5.9 11 17.8                           
081935010716106075ニホンピロアメリア　　　　　　　　　 34.0  7.0-11.4-15.3 -8.8 -4  0.0  0                        
081935010816101686エイシントロイ　　　　　　　　　　　 14.5  3.4  2.7  2.1  1.6  7 14.4  0                        
081935010916100376ラブグラー　　　　　　　　　　　　　 49.5  9.8 -5.6-18.4 -7.6 -3  0.0  0                        
081935011016106351メイショウサザナミ　　　　　　　　　 85.6 16.1-10.9 -3.1 -4.9  0  0.0                           
081935011116100309トーセンアミ　　　　　　　　　　　　  3.4  1.4 15.1 15.7 10.2 15  8.1                           
081935011216100939ゴッドバンブルビー　　　　　　　　　 20.4  4.5  1.2 -0.5  0.3  5 27.8  5                        
081935011316102152メイショウヤワラギ　　　　　　　　　  8.8  2.5 -3.6  9.0  1.4  6  7.7                           
081935011416102889サンバパレード　　　　　　　　　　　 24.5  5.2  5.0-13.6 -2.2  3  0.0  0                        
081935011516101236ゴールデンラン　　　　　　　　　　　105.5 19.7-10.9-10.5 -7.1 -2  0.0                           
081935011616100882ショウナンマンカイ　　　　　　　　　  3.8  1.5  3.1 10.5  4.3  9 10.8  0                        
081935020116100125ディーズマヌーバー　　　　　　　　　 36.5  7.5-10.3 -1.8 -4.3  1  0.0                           
081935020216104438カフジローズ　　　　　　　　　　　　  5.0  1.7 10.9 15.0  8.5 13  6.7  4                        
081935020316104566ジーガスリッド　　　　　　　　　　　  3.9  1.6 15.1 16.0 10.3 15 19.6                           
081935020416102553ダンツベスト　　　　　　　　　　　　 33.1  6.9 -2.0-11.7 -4.2  1 10.7                           
081935020516106308テイエムファイター　　　　　　　　　  5.4  1.8 10.9 30.7 13.2 18 12.6                           
081935020616101922モズナリマツ　　　　　　　　　　　　 51.3 10.3-14.0-20.0-11.1 -6  0.0                           
081935020716104848ツールドフォース　　　　　　　　　　  7.2  2.2 11.2 12.3  7.8 13 11.8                           
081935020816105412ブルベアテラコッタ　　　　　　　　　 41.5  8.5-10.9-10.7 -7.2 -2  0.0                           
081935020916100472ザプリオレス　　　　　　　　　　　　  6.7  2.1 10.2 24.0 10.9 16  0.0  3                        
081935021016105876マーティンシャップ　　　　　　　　　 33.3  6.9 -5.6 -3.8 -3.2  2  0.0                           
081935021116105016キャラメルムーン　　　　　　　　　　 37.6  7.7-10.9-12.9 -7.9 -3  0.0                           
081935021216100191シンゼンストロング　　　　　　　　　  3.4  1.5 17.9 27.1 14.7 20 18.0  1  145   64              
081935030116104944ロナ　　　　　　　　　　　　　　　　  6.2  1.9 12.5 13.3  8.6 14 18.4  5                        
081935030216101260グレーフィンソニア　　　　　　　　　  9.0  2.4  1.8  7.0  2.8  8  0.0                           
081935030316102763コスモスターリング　　　　　　　　　 40.8  7.7 -5.6-12.6 -5.8 -1  0.0                           
081935030416100818オーミハルカゼ　　　　　　　　　　　142.8 24.6-11.4-20.0-10.2 -5  0.0  0                        
081935030516101784グランツシチー　　　　　　　　　　　 34.1  6.5 -4.1-15.6 -6.2 -1  0.0  0                        
081935030616100810ルナール　　　　　　　　　　　　　　 50.9  9.4 -7.4-10.6 -5.9 -1 20.7                           
081935030716106250マイマーベラスワン　　　　　　　　　 48.3  9.0-10.9 -4.7 -5.4  0 13.9                           
081935030816103720ショウサンワンラヤ　　　　　　　　　 39.9  7.5-10.9-15.0 -8.5 -3  0.0                           
081935030916104837スマートユニバンス　　　　　　　　　 11.2  2.6  2.8 10.1  4.1  9  0.0                           
081935031016104983トップオブメジャー　　　　　　　　　  3.1  1.4 17.3 26.9 14.4 19 18.0                           
081935031116100960タガノハンマー　　　　　　　　　　　 64.5 11.5-11.4-10.2 -7.2 -2  0.0                           
081935031216103248フェニアンサイクル　　　　　　　　　 28.6  5.6 -5.6 -9.0 -4.8  0  0.0                           
081935031316100845ベストマティーニ　　　　　　　　　　 51.3  9.5-10.8-10.2 -7.0 -2  0.0                           
081935031416105171ピノクル　　　　　　　　　　　　　　 13.7  3.1 -5.6 -0.6 -2.2  3 12.5                           
081935031516105364マーガレットリバー　　　　　　　　　 12.9  2.9  6.0  9.8  5.1 10  0.0                           
081935031616101965モズハチキン　　　　　　　　　　　　  3.4  1.5 18.4 17.2 11.9 17  8.8                           
081935031716101722ケアレスラヴ　　　　　　　　　　　　 51.3  9.5-10.9-14.0 -8.2 -3  0.0                           
081935040116101400アサケボス　　　　　　　　　　　　　 44.6  8.1-11.4-20.0-10.2 -5  0.0  0                        
081935040216105168モズアンジェラ　　　　　　　　　　　 44.4  8.1-10.9-17.2 -9.2 -4  0.0  0                        
081935040316105098ゴットフルール　　　　　　　　　　　  2.9  1.4 14.2 14.7  9.6 15 15.0                           
081935040416102021ドンキースタイル　　　　　　　　　　 13.7  3.0 -0.2  8.3  2.4  7 14.4                           
081935040516103607ポベーダテソーロ　　　　　　　　　　  9.0  2.4  1.3 13.9  4.6 10 13.5  1  204   46              
081935040616103088アッフェルマーレ　　　　　　　　　　 56.7  9.8-10.8-12.5 -7.7 -3  0.0                           
081935040716104606ダブルクラッチ　　　　　　　　　　　 15.5  3.3-10.9 -4.7 -5.4  0  0.0                           
081935040816104263サイモンノツバサ　　　　　　　　　　 47.9  8.6-14.0-13.8 -9.3 -4  0.0                           
081935040916102863エイシンロード　　　　　　　　　　　  3.3  1.4 16.1 28.6 14.5 19  8.8  2                        
081935041016102113ケルンキングダム　　　　　　　　　　 26.9  5.1 -5.6 -5.1 -3.6  1  0.0                           
081935041116104552スピンク　　　　　　　　　　　　　　  7.1  2.0  4.5 -5.5  0.0  5 21.3                           
081935041216102045ツーエムアロンソ　　　　　　　　　　 15.8  3.3  0.7-11.7 -3.3  2  0.0                           
081935041316101088スターオブバラード　　　　　　　　　  7.1  2.0 12.4 15.1  9.1 14  7.2                           
081935050116104603パールデュー　　　　　　　　　　　　 17.0  4.2 -9.7  3.8 -2.4 18 13.2                           
081935050216101143プレミアムギフト　　　　　　　　　　  5.6  2.0 12.5 15.2  9.1 29  9.6                           
081935050316106255アッシェンプッテル　　　　　　　　　  8.7  2.7  0.3 11.4  3.5 24 13.5  5                        
081935050416101792ペプチドフシチョウ　　　　　　　　　 37.5  8.3-10.9 -2.6 -4.8 15  0.0                           
081935050516103084ローザノワール　　　　　　　　　　　  7.0  2.3  1.8  3.7  1.8 22  0.0                           
081935050616110015チャチャチャ　　　　　　　　　　　　 19.2  4.6  6.5  4.9  3.9 24  0.0                           
081935050716103732エリーキャナル　　　　　　　　　　　 67.4 14.1 -9.7-10.5 -6.7 13  0.0                           
081935050816105250エターナルディーバ　　　　　　　　　 37.2  8.3-10.9-10.6 -7.2 13  0.0                           
081935050916101169ベイコート　　　　　　　　　　　　　  9.1  2.8-10.9 -1.8 -4.5 15 14.4  0                        
081935051016104838ブロードハースト　　　　　　　　　　 16.9  4.2-10.9 -5.2 -5.6 14  0.0                           
081935051116102336テオレーマ　　　　　　　　　　　　　  3.5  1.6 13.8 18.1 10.5 30 15.0                           
081935051216100466オイシイナア　　　　　　　　　　　　 73.8 15.3 -9.7 -7.8 -5.9 14  0.0                           
081935051316100846サルサレイア　　　　　　　　　　　　 27.2  6.2-10.9 -8.0 -6.4 14  0.0                           
081935051416102181ノーチラス　　　　　　　　　　　　　  5.2  1.9  7.0  7.8  4.9 25 10.8                           
081935051516100908ベルキューズ　　　　　　　　　　　　 34.2  7.6 -9.7 -7.6 -5.8 14  0.0                           
081935051616103755オーパスメーカー　　　　　　　　　　 46.2 10.1-10.8 -8.0 -6.4 14  0.0                           
081935060116105551ジゴロ　　　　　　　　　　　　　　　 17.3  3.3-10.3  7.7 -1.5 19  0.0                           
081935060216104807ドナウデルタ　　　　　　　　　　　　  2.1  1.2 21.8 22.1 14.6 35 18.0                           
081935060316110062エルズリー　　　　　　　　　　　　　 14.3  2.9  3.8  9.5  4.2 24  0.0                           
081935060416101424トモジャチャーリー　　　　　　　　　 16.6  3.2 -4.4 -1.5 -2.1 18  0.0                           
081935060516100559ミトノマルーン　　　　　　　　　　　  4.9  1.5 14.4 12.2  8.9 29  9.6                           
081935060616101615ウォーターファラオ　　　　　　　　　 29.0  5.1-10.9 -9.0 -6.7 13  0.0                           
081935060716101750メイショウクライム　　　　　　　　　  8.2  2.1  9.2  5.0  4.9 25 12.6  5                        
081935060816101155ケプラー　　　　　　　　　　　　　　 14.3  2.9 -2.8 -0.9 -1.3 19 21.8                           
081935060916104691セグレドスペリオル　　　　　　　　　  4.6  1.5 12.5 18.7 10.2 30 17.0                           
081935061016100530タガノバレッティ　　　　　　　　　　 30.4  5.3-10.9-10.2 -7.1 13  0.0                           
081935070115100217ウインネプチューン　　　　　　　　　  4.0  1.4 13.9 30.7 14.3 34 16.4                           
081935070214106054タスクフォース　　　　　　　　　　　  7.5  1.9  7.8  8.0  5.3 25  7.2                           
081935070315106325ブルベアジネンジョ　　　　　　　　　 26.3  4.5 -5.6-10.1 -5.1 15 29.4                           
081935070415102454パープルヒストリー　　　　　　　　　 34.1  5.6-11.4-10.2 -7.2 13  0.0                           
081935070515110014イグレット　　　　　　　　　　　　　 13.8  2.7  1.5-13.1 -3.4 17 13.5                           
081935070614106028イージーマネー　　　　　　　　　　　  5.8  1.6 11.8  6.9  6.4 26  0.0                           
081935070713104237ネクストムーブ　　　　　　　　　　　  2.1  1.2 21.8 16.6 13.0 33 18.0                           
081935070815100873スズカハイライト　　　　　　　　　　 18.9  3.5 -0.2 12.5  3.7 24  0.0                           
081935070915110101アメリカンエース　　　　　　　　　　 31.1  5.2-10.9-11.8 -7.5 12  0.0                           
081935071014104401サウンドテーブル　　　　　　　　　　 27.1  4.6 -8.5-12.6 -6.9 13  0.0                           
081935071115103983メイショウカクウン　　　　　　　　　 18.9  3.5  1.2 -4.7 -1.0 19  0.0                           
081935080115103193ペガッソ　　　　　　　　　　　　　　 85.4 13.4-10.9-10.7 -7.2 13  0.0                           
081935080215106298センティフォリア　　　　　　　　　　 51.0  8.5-11.4-12.6 -8.0 12  0.0                           
081935080315101341ロイヤルバローズ　　　　　　　　　　  2.6  1.3 17.0 21.5 12.7 33  6.9                           
081935080414106272ホノルア　　　　　　　　　　　　　　 37.2  6.4-10.9 -0.5 -4.1 16  0.0                           
081935080514106436メイクグローリー　　　　　　　　　　 20.3  3.8  7.9  7.9  5.3 25 15.3                           
081935080614105187ダノンスターズ　　　　　　　　　　　 55.1  8.9-10.9-16.4 -8.9 11  0.0  0                        
081935080714105660メイショウオオヅツ　　　　　　　　　 30.7  5.4 -5.6-12.9 -5.9 14 13.2                           
081935080815100613エールショー　　　　　　　　　　　　 49.0  8.2-10.9  1.1 -3.7 16  0.0                           
081935080914102477アシャカリアン　　　　　　　　　　　  3.2  1.4 17.5 16.3 11.3 31 19.6                           
081935081015102873エイシンネメシス　　　　　　　　　　  7.7  2.0  2.5-19.1 -4.8 15  6.7  0                        
081935081114100905イイデファイナル　　　　　　　　　　 12.2  2.6  7.9-13.8 -1.2 19  0.0                           
081935081215103355ネクストステップ　　　　　　　　　　 45.7  7.7-10.9 -8.5 -6.5 13  0.0                           
081935081315102815メイショウテツワン　　　　　　　　　  7.8  2.0  8.2  5.6  4.7 25  0.0  5                        
081935081414100482トウカイシュテルン　　　　　　　　　 16.2  3.2 -5.6  5.8 -0.3 20 11.8                           
081935081515105432ナイトジュレップ　　　　　　　　　　 49.4  8.3-10.9-10.2 -7.1 13  0.0                           
081935081615102923ピラミッドファラオ　　　　　　　　　 35.3  6.1-10.8-10.5 -7.1 13 17.1                           
081935090114101915レッドストーリア　　　　　　　　　　 43.0  7.4-10.9 -7.0 -6.1 24  0.0                           
081935090215104227バレーノロッソ　　　　　　　　　　　  9.3  2.3  9.6  6.9  5.6 36 13.5                           
081935090315104658イダエンペラー　　　　　　　　　　　  6.4  1.8 12.7  8.7  7.3 37 16.0                           
081935090413104780フォーラウェイ　　　　　　　　　　　 25.5  4.7 -5.6 -1.1 -2.4 28  0.0                           
081935090514105788アドマイヤアゼリ　　　　　　　　　　  4.8  1.5 16.2 13.2  9.9 40  8.8                           
081935090615102214リュヌルージュ　　　　　　　　　　　  2.1  1.2 17.5  7.5  8.7 39 18.0                           
081935090714101563スズカフューラー　　　　　　　　　　 25.7  4.7 -5.6 -3.1 -3.0 27  0.0                           
081935090813100900ビービーブレスユー　　　　　　　　　 31.4  5.6-10.9  6.2 -2.1 28  0.0                           
081935090911103862レッドカイザー　　　　　　　　　　　 15.9  3.2  8.5 14.4  7.4 37  0.0                           
081935091011101513ケージーキンカメ　　　　　　　　　　 41.0  7.1-11.4-15.3 -8.8 21  0.0                           
081935091114104328リリーモントルー　　　　　　　　　　  5.0  1.6 14.3  8.1  7.7 38 21.3                           
081935100114105627ブラックスビーチ　　　　　　　　　　 19.6  4.6 10.2 -7.9  1.4 36 18.0                           
081935100214102607テーオービクトリー　　　　　　　　　 10.9  2.8  5.0  5.4  3.5 38  0.0                           
081935100314105053チカノワール　　　　　　　　　　　　 16.4  4.0-10.9-11.2 -7.4 28  0.0                           
081935100411100941クリノハッチャン　　　　　　　　　　 41.8  8.9 -9.7-10.5 -6.7 28  0.0                           
081935100515104779フィニフティ　　　　　　　　　　　　  3.6  1.6  8.4 17.8  8.4 43  8.1                           
081935100615104352ゴージャスランチ　　　　　　　　　　  4.3  1.7 19.3  8.3  9.6 45  8.8                           
081935100714105249アルメリアブルーム　　　　　　　　　 15.8  3.8  1.2 -6.1 -1.4 34 16.2                           
081935100815104597サラス　　　　　　　　　　　　　　　 20.8  4.8-10.9-17.2 -9.2 26  0.0  0                        
081935100915104921アロハリリー　　　　　　　　　　　　  5.2  1.8 17.2 20.3 12.4 47 17.8                           
081935101014105837レイズアベール　　　　　　　　　　　 14.5  3.6 -5.6 -1.7 -2.6 32  0.0                           
081935101113106130クィーンズベスト　　　　　　　　　　  6.4  2.1 15.8 14.7 10.2 45 19.8                           
081935101215100600スカーレットカラー　　　　　　　　　 12.1  3.1 -5.1  6.2  0.0 35  0.0  0                        
081935110116106292オールイズウェル　　　　　　　　　　  4.9  1.9 13.7 12.2  8.7 64 16.4                           
081935110216100272ヴァンケドミンゴ　　　　　　　　　　 24.0  5.8 -5.9  8.1  0.3 55 29.7                           
081935110316106065ロジャーバローズ　　　　　　　　　　  6.2  2.2 15.0 12.0  9.1 64  0.0                           
081935110416102396ブレイキングドーン　　　　　　　　　  6.2  2.2  9.3 14.1  7.6 63  0.0                           
081935110516103387ナイママ　　　　　　　　　　　　　　 28.0  6.7 -7.0 -6.3 -4.5 51  0.0                           
081935110616104413サトノソロモン　　　　　　　　　　　 14.0  3.7 -8.7 19.3  2.6 58  0.0  2                        
081935110716100527タガノディアマンテ　　　　　　　　　  4.4  1.8 17.3 12.8 10.2 65 18.0                           
081935110816104268ハバナウインド　　　　　　　　　　　 20.1  5.1-10.9-10.6 -7.2 48  0.0                           
081935110916104682フランクリン　　　　　　　　　　　　  9.4  3.0  8.1  6.0  4.8 60 11.0                           
081935111016105582ヤマカツシシマル　　　　　　　　　　 40.8  9.5-10.9-10.7 -7.2 48  0.0                           
081935111116104222トーセンスカイ　　　　　　　　　　　 11.7  3.2-10.3  5.3 -2.2 53  0.0                           
081935111216105292レッドジェニアル　　　　　　　　　　 24.0  5.8 -5.6-17.1 -7.2 48  0.0  0                        
081935111316110024ヒーリングマインド　　　　　　　　　 10.8  3.0  4.4 13.4  5.6 61  0.0                           
081935111416100915モズベッロ　　　　　　　　　　　　　 21.6  5.3-10.9  4.2 -2.7 52  0.0  4                        
081935120114104612ワタシノロザリオ　　　　　　　　　　 22.8  5.3 -0.3 15.1  4.4 34 10.3                           
081935120213105180マッカートニー　　　　　　　　　　　 52.3 11.3-10.9-13.8 -8.1 22  0.0                           
081935120315104047ドゥリトル　　　　　　　　　　　　　 49.3 10.7-11.4 -0.4 -4.3 26  0.0  5                        
081935120415110103アポロテネシー　　　　　　　　　　　  6.8  2.2 -0.9 31.5  9.1 39 22.9A                          
081935120513105538カフジキング　　　　　　　　　　　　  3.9  1.7  6.8 18.8  8.1 38  8.1                           
081935120613104135ダノンプレシャス　　　　　　　　　　 35.2  7.8 -5.6-15.8 -6.8 23  0.0  0                        
081935120715101074ナムラキヌ　　　　　　　　　　　　　 92.6 19.0 -5.9 -2.0 -2.8 27 23.4  5                        
081935120815104266クルスデルスール　　　　　　　　　　 34.9  7.7-11.4-11.8 -7.7 22  0.0                           
081935120914104962ナムラヘラクレス　　　　　　　　　　  9.4  2.8  8.6  4.0  4.4 34 14.4  3                        
081935121015103949パキュートハート　　　　　　　　　　 22.0  5.1 -0.2  5.0  1.4 31  0.0                           
081935121114106091ダンサクドゥーロ　　　　　　　　　　 17.7  4.3 -4.1  6.1  0.3 30  0.0                           
081935121214105425ヘヴントゥナイト　　　　　　　　　　  4.4  1.8  2.8 11.3  4.4 34  7.6                           
081935121314106104オクラホマ　　　　　　　　　　　　　 12.1  3.2  2.6 -3.1  0.0 30  0.0                           
081935121415105941サトノグリッター　　　　　　　　　　  8.2  2.6 10.5  7.7  6.2 36  0.0                           
081935121515105583イベリア　　　　　　　　　　　　　　  6.7  2.2 12.5 16.7  9.6 40  9.6                           
081935121612106039テイエムテツジン　　　　　　　　　　 56.9 11.9 -7.7-15.3 -7.4 23  0.0                           
