041618010113101771オヒアレフア　　　　　　　　　　　　 20.0  4.6  6.0-15.6 -3.9  1  0.0                           
041618010213103737メイショウレオネス　　　　　　　　　 11.2  2.9 -4.7  0.6 -1.2  4  9.7                           
041618010313104147ミディ　　　　　　　　　　　　　　　 17.5  4.1 -3.3  4.3  0.6  6  0.0                           
041618010413100961ダズリングベリー　　　　　　　　　　 34.2  7.2-11.3-10.0 -7.1 -2  0.0                           
041618010513100518セトノチーター　　　　　　　　　　　  7.6  2.3 14.4 15.1  9.9 15  7.5                           
041618010613104145ハヤブサレディゴー　　　　　　　　　  2.6  1.4 16.0 35.8 17.9 23 13.0  1  385   50              
041618010713105171マイエクトミューズ　　　　　　　　　 20.2  4.6-11.3  5.1 -1.5  3  0.0  0                        
041618010813104714フェアリーレディ　　　　　　　　　　125.8 24.2-10.0-10.8 -7.0 -2  0.0                           
041618010913104017マーブルフレンテ　　　　　　　　　　  7.7  2.3  8.6  3.8  4.0  9  0.0                           
041618011013102652ワンダープニヒール　　　　　　　　　 11.1  2.8  1.2 -5.5 -1.7  3  0.0                           
041618011113100120コドウ　　　　　　　　　　　　　　　104.9 20.3-11.3-10.0 -7.1 -2  0.0                           
041618011213103793コマユ　　　　　　　　　　　　　　　 14.2  3.4  6.5  9.9  5.6 11  0.0                           
041618011313102858アデレードヒル　　　　　　　　　　　 18.5  4.3  3.8 -2.0  0.4  5  0.0                           
041618011413102693リバティークイーン　　　　　　　　　  7.2  2.2 15.0  9.0  7.8 13  7.3                           
041618011513100781イエロースター　　　　　　　　　　　 23.8  5.2  7.5  5.1  4.1  9 12.6                           
041618020113106173レイジングハート　　　　　　　　　　 42.9  8.3-10.8-10.8 -7.2 -2  0.0                           
041618020213101867ファミリーソング　　　　　　　　　　 51.1  9.7  5.0-10.0 -2.2  3  0.0                           
041618020313100041マリエラ　　　　　　　　　　　　　　  2.6  1.3 19.8 21.7 13.9 19  6.7                           
041618020413100941フレンドリトル　　　　　　　　　　　 38.8  7.5-11.3 -4.2 -4.9  0  0.0                           
041618020513101341クラウンムーン　　　　　　　　　　　101.3 18.1-11.3-13.4 -8.3 -3  0.0  0                        
041618020613101320パステルモーブ　　　　　　　　　　　 22.5  4.6-10.0 -5.3 -4.9  0  0.0                           
041618020713103626ベルウッドレオーネ　　　　　　　　　 38.1  7.4-10.8-10.8 -7.2 -2  0.0                           
041618020813101541ジャマイカムーン　　　　　　　　　　 20.7  4.4-11.3  2.3 -2.5  2 10.3  5                        
041618020913103665アオイソラ　　　　　　　　　　　　　  6.5  2.0-10.0  9.0  0.3  5  0.0                           
041618021013100058ナムラバイオレット　　　　　　　　　  5.6  1.8  8.8 10.0  6.3 11  7.5                           
041618021113102303トウケイドライヴ　　　　　　　　　　 38.8  7.5-10.8-15.4 -8.9 -4  0.0  0                        
041618021213101658ショウナンアーリー　　　　　　　　　 18.9  4.1 -4.7 -5.5 -3.4  2  0.0                           
041618021313101509ミライヘノサイン　　　　　　　　　　  9.1  2.5  6.8  6.0  4.2  9  8.6                           
041618021413105178ルミノール　　　　　　　　　　　　　 33.6  6.6  0.4 -4.7 -1.6  3  0.0                           
041618021513102598アイアンマン　　　　　　　　　　　　  4.7  1.7 15.1 12.3  9.0 14 14.2  4                        
041618021613104218アレグロイモン　　　　　　　　　　　 70.9 12.9-10.0-10.0 -6.7 -2  0.0                           
041618030113101800フラワーオブライフ　　　　　　　　　 23.3  4.7 -1.3  1.6  0.2  5  0.0                           
041618030213100962スマートメダリオン　　　　　　　　　 16.2  3.5  7.8  6.5  4.7 10  0.0                           
041618030313101380ビレッジエンペラー　　　　　　　　　 50.5  9.4-10.0-10.0 -6.7 -2  0.0                           
041618030413103980ホワイトホイール　　　　　　　　　　 39.1  7.4-11.3 -1.8 -4.1  1  0.0                           
041618030513110068マテラリードル　　　　　　　　　　　  5.1  1.7  8.0 10.1  6.1 11  0.0                           
041618030613102240ツクバキセキ　　　　　　　　　　　　 97.4 17.0-10.0-11.9 -7.4 -2  0.0                           
041618030713101788ヤマニンバビルサ　　　　　　　　　　 73.4 13.0-10.8-10.8 -7.2 -2  0.0                           
041618030813100491カブキモノ　　　　　　　　　　　　　 57.2 10.3-11.3-20.0-10.7 -6  0.0                           
041618030913102515エイシンミサイル　　　　　　　　　　  8.1  2.3 13.4 12.5  8.6 14  0.0                           
041618031013103774メイショウミツタダ　　　　　　　　　  2.5  1.3 21.7 20.7 14.1 19 13.0  1  186   73              
041618031113101822ハギノグランコート　　　　　　　　　  4.6  1.6 12.8 19.5 11.0 16 14.2  4                        
041618031213101329ウィンチケット　　　　　　　　　　　 96.4 16.9-11.3-14.4 -8.7 -4  0.0  0                        
041618031313110050ゴールドエーカー　　　　　　　　　　 19.3  4.0  6.8 11.9  6.4 11  9.8  1  410   17              
041618031413102472ウエヲムイテアルコ　　　　　　　　　  6.3  1.9 -1.3  9.0  2.9  8  8.5                           
041618031513102432サンドルトン　　　　　　　　　　　　 73.0 12.9-11.3-14.8 -8.8 -4  0.0                           
041618040112106003シゲルヒノクニ　　　　　　　　　　　  4.6  1.6 17.5  8.1  8.2  8  0.0                           
041618040209102026ボーイフレンド　　　　　　　　　　　 39.0  7.7 -7.0 -7.5 -4.8 -5  0.0                           
041618040310103833マクベスバローズ　　　　　　　　　　 63.3 11.9-11.5-10.8 -7.4 -7  0.0                           
041618040410102488ポールシッター　　　　　　　　　　　  5.9  1.9  8.8  9.4  6.1  6  8.5                           
041618040512100360チョウゴキゲン　　　　　　　　　　　 30.0  6.1 -1.1 -7.5 -3.1 -3  0.0                           
041618040611106181プレスリー　　　　　　　　　　　　　  8.7  2.5  9.0 11.2  6.8  7  0.0                           
041618040712106269テイエムソラトブ　　　　　　　　　　 73.5 13.7-10.0-10.0 -6.7 -7  0.0                           
041618040811102962クリノイザナミ　　　　　　　　　　　 74.0 13.8-10.0-10.0 -6.7 -7  0.0                           
041618040910104551リスヴェリアート　　　　　　　　　　  2.8  1.3 19.8 19.8 13.2 13 13.0                           
041618041008102707ネオザウイナー　　　　　　　　　　　 11.3  2.8  8.7  1.8  3.3  3  9.2                           
041618041111105272ウインイルソーレ　　　　　　　　　　  4.8  1.6  1.3 15.8  6.2  6  7.9  5                        
041618041210100532アビスコ　　　　　　　　　　　　　　 23.3  4.9 -0.3  6.0  2.1  2  9.8                           
041618041310103430アースミッション　　　　　　　　　　 34.7  7.0-11.5-18.8-10.3-10  0.0                           
041618041412105721ダイゴサクラ　　　　　　　　　　　　 35.4  7.1 -5.5 -4.7 -3.4 -3  0.0                           
041618050113100627ブラックハウス　　　　　　　　　　　 19.7  3.7 -3.3 20.0  6.3 11  9.2                           
041618050213102392キングスナップ　　　　　　　　　　　141.0 21.5-10.0 -6.8 -5.5  0  0.0                           
041618050313102287コスモロングソード　　　　　　　　　 36.3  6.2-11.3 -7.1 -6.0 -1  0.0                           
041618050413105308ログライン　　　　　　　　　　　　　141.0 21.5-11.3-13.5 -8.3 -3  0.0                           
041618050513105329レネレイド　　　　　　　　　　　　　 35.1  6.0-11.3-11.5 -7.6 -3  0.0                           
041618050613103908ウエスタンボルト　　　　　　　　　　 12.4  2.6  6.0 22.9 10.2 15  0.0                           
041618050713105065シゲルコブダイ　　　　　　　　　　　 38.9  6.6-10.0  8.1  0.0  5  0.0                           
041618050813105497アンジェリカス　　　　　　　　　　　 58.1  9.3-10.0-18.7 -9.9 -5  0.0  0                        
041618050913103989マイガーディアン　　　　　　　　　　 41.6  7.0 -2.0 -4.4 -2.2  3  0.0                           
041618051013103938トウシンスパーク　　　　　　　　　　  3.8  1.4 15.1 26.6 14.3 19 14.2  2                        
041618051113104453トウシンゼファー　　　　　　　　　　 11.2  2.4 13.3 14.2  9.2 14  0.0                           
041618051213102534ステファンバローズ　　　　　　　　　  2.3  1.2 18.1 18.1 12.1 17 13.0                           
041618051313102847ミッレミリア　　　　　　　　　　　　  4.8  1.5      10.9  4.0  9  7.9                           
041618051413103486メイショウカネミツ　　　　　　　　　 52.2  8.6-10.8-12.2 -7.7 -3  0.0  0                        
041618051513103558シゲルサメイワシ　　　　　　　　　　 67.1 10.6-11.3-10.0 -7.1 -2  0.0                           
041618051613101953マイネルサングリア　　　　　　　　　 28.2  4.9  7.5 -8.6 -0.9  4  0.0                           
041618060112106110キースカーフ　　　　　　　　　　　　 98.1 17.6-11.3-13.3 -8.3 12  0.0                           
041618060212105326ゴマスリオトコ　　　　　　　　　　　 26.6  5.4-10.8-11.5 -7.5 13  0.0  0                        
041618060310110098エーシンサミット　　　　　　　　　　 99.4 17.9-11.3-20.0-10.7  9  0.0                           
041618060412105123エイシンカーニバル　　　　　　　　　  2.9  1.4 19.8 21.7 13.9 34 13.0                           
041618060512102179トミケンキルカス　　　　　　　　　　  5.2  1.7 20.0 21.7 14.0 34  7.5                           
041618060611101776ビリーヴザワン　　　　　　　　　　　 30.9  6.2  6.0 11.0  5.8 26  0.0  5                        
041618060712103772アスターペニー　　　　　　　　　　　 70.3 12.8-10.8-10.8 -7.2 13  0.0                           
041618060812105677サンビショップ　　　　　　　　　　　 14.4  3.3  6.5  2.2  2.8 23  0.0                           
041618060910103512ライブリヘイロー　　　　　　　　　　 46.2  8.9     -10.8 -4.0 16  0.0                           
041618061012110068エナジータウン　　　　　　　　　　　  8.3  2.3 12.8  9.5  7.3 27  8.1                           
041618061112104454メガミチャン　　　　　　　　　　　　 20.2  4.3-11.3-15.1 -8.9 11  0.0                           
041618061212100401オーロラッシュ　　　　　　　　　　　  9.3  2.5       5.8  2.1 22  9.1                           
041618061312105606レンズフルパワー　　　　　　　　　　 16.7  3.7 -1.7  7.8  2.3 22  0.0                           
041618061411104560アラマサクロフネ　　　　　　　　　　  4.0  1.5 12.5 17.5 10.2 30  7.3                           
041618061512102830ポントス　　　　　　　　　　　　　　 26.1  5.3-10.0-10.0 -6.7 13  0.0                           
041618070112106200ウインブルーローズ　　　　　　　　　  6.8  2.3 -0.3 13.6  4.9 25  0.0  4                        
041618070212101536チャパラ　　　　　　　　　　　　　　 19.3  4.9 -2.4 -3.5 -2.0 18 11.5                           
041618070312104110アグネスマクシム　　　　　　　　　　  5.4  2.0  7.5  8.0  5.2 25  0.0                           
041618070412105358ヘイムダル　　　　　　　　　　　　　 50.7 11.5-10.8-10.8 -7.2 13  0.0                           
041618070509102750ノーブルガイア　　　　　　　　　　　 98.9 21.2-10.0 -9.6 -6.5 13  0.0                           
041618070612104575デバイスドライバー　　　　　　　　　  6.2  2.2 16.9  5.9  7.2 27  7.9                           
041618070712103076シップーコウライ　　　　　　　　　　 10.6  3.0 -0.3 -7.5 -2.8 17  9.1                           
041618070809103736スリーヴェローチェ　　　　　　　　　 12.6  3.4  0.2 -3.5 -1.2 19  0.0                           
041618070912102939ナンヨーテンプル　　　　　　　　　　 27.2  6.4 15.5  0.6  4.9 25  0.0                           
041618071011104725マイネルプレッジ　　　　　　　　　　 10.8  3.0  5.0 -4.7 -0.2 20  9.2                           
041618071112104549カレンラストショー　　　　　　　　　 14.2  3.7  9.0  5.3  4.6 25  0.0                           
041618071212104898ブランダルジャン　　　　　　　　　　 59.3 13.0-10.0-18.7 -9.9 10  0.0  0                        
041618071312104081エバーハーモニー　　　　　　　　　　 30.1  7.1-10.8-10.8 -7.2 13  0.0                           
041618071412103641マスタープラマー　　　　　　　　　　 71.9 15.6-11.3-11.2 -7.5 13  0.0                           
041618071511104713マイネルフレスコ　　　　　　　　　　  3.9  1.7 10.0 18.3  9.7 30  6.7                           
041618071612104711ジャングルスコール　　　　　　　　　 14.0  3.7-11.3  2.2 -2.6 17 10.4                           
041618080110101709ヤマガール　　　　　　　　　　　　　 40.5  8.2-10.0-18.3 -9.7 10  0.0  0                        
041618080211104195サトノスーペリア　　　　　　　　　　 18.8  4.2 -5.5-10.8 -5.6 14  0.0                           
041618080311105337ゼンノスサノヲ　　　　　　　　　　　 30.9  6.4-10.8-10.8 -7.2 13  0.0                           
041618080412100461キータイプ　　　　　　　　　　　　　  6.7  2.1 15.5  5.1  6.5 27  0.0                           
041618080509106046アサクサニッポン　　　　　　　　　　 88.3 16.7-11.3-15.1 -8.9 11  0.0                           
041618080610100627オアフライダー　　　　　　　　　　　 40.7  8.3-11.3 -2.0 -4.1 16  0.0                           
041618080712104832レレオーネ　　　　　　　　　　　　　  3.5  1.5 15.7 15.2 10.3 30 13.0                           
041618080812103508ウイングアクティブ　　　　　　　　　 14.1  3.3  0.4  3.5  1.4 21  9.2                           
041618080912104829シーサイドジャズ　　　　　　　　　　  3.8  1.6 10.0  2.2  3.8 24  7.3                           
041618081010102642ジャズダンサー　　　　　　　　　　　 31.7  6.6-10.0-15.1 -8.5 11  0.0                           
041618081110104400セプテントリオ　　　　　　　　　　　 33.9  7.0-11.3-10.0 -7.1 13  0.0                           
041618081211104441シャドウシティー　　　　　　　　　　 47.0  9.5-10.0 -1.8 -3.7 16  0.0                           
041618081312101593ディマンズ　　　　　　　　　　　　　 14.4  3.4 -2.0-10.0 -4.3 16  9.8                           
041618081412102942コスモバーダン　　　　　　　　　　　  7.8  2.3 -0.3  1.0  0.3 20  9.1                           
041618081510102288バイタルフォルム　　　　　　　　　　  6.4  2.0 15.0  6.6  6.9 27  0.0                           
041618090112104232アサクサリーダー　　　　　　　　　　 96.3 16.1-11.3-12.7 -8.0 12  0.0                           
041618090212104724ディアエナ　　　　　　　　　　　　　  9.0  2.3  8.5  2.9  3.6 24  0.0                           
041618090311100047タカミツスズラン　　　　　　　　　　 14.2  3.0  6.8  6.0  4.2 24  9.1                           
041618090412104112アグネスユーリヤ　　　　　　　　　　 13.5  2.9 -5.5-10.8 -5.6 14  0.0                           
041618090511105730コスモマイルール　　　　　　　　　　 34.8  6.4-11.3-20.0-10.7  9  0.0                           
041618090612101355スペチアーレ　　　　　　　　　　　　 14.9  3.2      -4.5 -1.6 18  0.0                           
041618090712104831ポップオーヴァー　　　　　　　　　　  3.5  1.5 16.3 19.8 12.1 32  7.3                           
041618090812105211マジックベル　　　　　　　　　　　　 89.6 15.0-11.3-10.0 -7.1 13  0.0                           
041618090912105510タイキラトナンジュ　　　　　　　　　 19.8  4.0      -3.5 -1.3 19  0.0                           
041618091012102967アルマクレヨン　　　　　　　　　　　 14.4  3.1-10.0 -8.6 -6.2 14  9.2                           
041618091112103069コウユーココロザシ　　　　　　　　　 41.2  7.5     -12.5 -4.6 15  0.0                           
041618091212103219デビュタント　　　　　　　　　　　　 17.8  3.7  2.2 -4.2 -0.9 19 10.9                           
041618091311102559ユキノサンブライト　　　　　　　　　103.3 17.2-11.3-14.4 -8.7 11  0.0  0                        
041618091412102200トキワ　　　　　　　　　　　　　　　 16.5  3.4 -2.4  2.6  0.2 20  0.0                           
041618091511102350コスモイノセント　　　　　　　　　　  2.8  1.4 15.0 28.4 14.9 35  6.7  1  185   75              
041618091612104172オメガタックスマン　　　　　　　　　 25.3  4.8  4.2  0.2  1.3 21 12.1                           
041618100112106040ミスズダンディー　　　　　　　　　　 17.5  4.1  8.5  2.9  3.6 24  0.0                           
041618100211104185エアピザレー　　　　　　　　　　　　  4.1  1.6 16.9 17.5 11.5 31 14.2                           
041618100312103704スターリーウインド　　　　　　　　　  4.7  1.7  6.0 14.9  7.3 27 15.3                           
041618100411103974ミッキーデータ　　　　　　　　　　　 57.2 11.3-10.8-10.8 -7.2 13  0.0                           
041618100512103189カリテスグレース　　　　　　　　　　 43.6  9.0-10.8-10.8 -7.2 13  0.0                           
041618100612106250コスモアルヘナ　　　　　　　　　　　 77.4 15.1-11.3 12.0  1.0 21  0.0                           
041618100712104773ピンクブーケ　　　　　　　　　　　　  3.4  1.5  6.0  9.4  5.2 25  0.0                           
041618100811104110レッドソレイユ　　　　　　　　　　　 15.3  3.6 -3.3  5.2  0.9 21  0.0                           
041618100912104263スカーレットデビル　　　　　　　　　 88.3 17.1-11.3-15.5 -9.1 11  0.0  0                        
041618101012110064ストリートオベロン　　　　　　　　　 47.3  9.7-11.3  0.1 -3.4 17  0.0                           
041618101111102450サウンドメモリー　　　　　　　　　　  6.7  2.1 20.0-20.0 -1.3 19 16.5  0                        
041618101212104351サウスポールツアー　　　　　　　　　 48.3  9.9-10.0-10.0 -6.7 13  0.0                           
041618101311104013アドマイヤアロマ　　　　　　　　　　  9.4  2.7 11.0  9.9  6.9 27  0.0                           
041618101412104062アンドトゥモロー　　　　　　　　　　 20.4  4.6  5.0-10.0 -2.2 18  0.0                           
041618101512104336アイノカケハシ　　　　　　　　　　　 16.6  3.9 -2.0 -8.0 -3.5 16  0.0  5                        
041618101612105161コスモアルドラ　　　　　　　　　　　 59.6 11.7-11.3-10.0 -7.1 13  0.0                           
041618110111100693ホウライアキコ　　　　　　　　　　　 15.1  3.4 -4.7 -0.1 -1.4 44  9.2  0                        
041618110209101079メイショウハガクレ　　　　　　　　　 47.2  9.2-10.8-10.8 -7.2 38  0.0                           
041618110311103439レッドキャンティー　　　　　　　　　 20.6  4.4 20.0-20.0 -1.3 44  0.0                           
041618110408110097ヘニーハウンド　　　　　　　　　　　 33.0  6.6 -1.1 -7.5 -3.1 42  0.0                           
041618110507103968セイコーライコウ　　　　　　　　　　 10.8  2.6-10.0  2.5 -2.1 43  0.0                           
041618110612104626モルジアナ　　　　　　　　　　　　　  4.5  1.6 22.5  7.6  9.5 55 15.3                           
041618110708101952フレイムヘイロー　　　　　　　　　　 17.3  3.9  6.0 -2.0  1.1 46  0.0                           
041618110810104048ローズミラクル　　　　　　　　　　　 12.7  3.0  8.0  2.0  3.1 48  0.0                           
041618110909104505ヤサカオディール　　　　　　　　　　127.7 23.2-10.0-10.0 -6.7 38  0.0                           
041618111008106025オースミイージー　　　　　　　　　　 88.9 16.3-10.8-10.8 -7.2 38  0.0                           
041618111111106070ミラクルアイドル　　　　　　　　　　 37.4  7.4-11.3-13.4 -8.3 37  0.0  0                        
041618111210101696スカイキューティー　　　　　　　　　 20.3  4.4-11.3 12.2  1.1 46  0.0                           
041618111311103722ネロ　　　　　　　　　　　　　　　　  2.9  1.3 17.2 21.7 13.1 58  6.7                           
041618111411110074ナンチンノン　　　　　　　　　　　　 32.3  6.5 -5.5 -5.0 -3.5 42  0.0                           
041618111508101140シャトルアップ　　　　　　　　　　　 70.6 13.1-10.0-11.7 -7.3 38  0.0                           
041618111610105140プリンセスムーン　　　　　　　　　　  4.3  1.6 19.8 16.3 11.9 57 14.2                           
041618120110106032ディアグリスター　　　　　　　　　　 49.9 10.2 -3.3-10.0 -4.7 25  0.0                           
041618120209102331メイスンキャプテン　　　　　　　　　 41.4  8.6-10.0 -6.7 -5.5 25  0.0                           
041618120311105548オウケンゴールド　　　　　　　　　　 33.4  7.1-10.8-10.8 -7.2 23  0.0                           
041618120410106400エルドリッジ　　　　　　　　　　　　 18.9  4.3-11.3 15.4  2.3 32  0.0                           
041618120509105877ロジテール　　　　　　　　　　　　　  6.0  2.0  8.8  7.9  5.5 36  8.1                           
041618120612101265コティニャック　　　　　　　　　　　  4.8  1.7-10.0  7.5 -0.3 30 15.3                           
041618120712104192ワイドリーザワン　　　　　　　　　　 29.2  6.3  3.8-10.0 -2.5 27  0.0                           
041618120809102591キーブランド　　　　　　　　　　　　115.0 22.1-10.8-10.8 -7.2 23  0.0                           
041618120911100368ワイルドコットン　　　　　　　　　　  4.2  1.6 15.5 16.0 10.5 41  6.9                           
041618121012101132トミケンシェルフ　　　　　　　　　　  7.6  2.3 20.0  6.0  8.2 38  9.1                           
041618121111102567アスカクイン　　　　　　　　　　　　 12.9  3.2  1.0  2.6  1.3 31  0.0                           
041618121211103627ビートゴーズオン　　　　　　　　　　 35.2  7.4-10.8-10.8 -7.2 23  0.0                           
041618121312102883パパラヴズマンボ　　　　　　　　　　 34.2  7.2-11.3-15.1 -8.9 21  0.0                           
041618121411103400コスモラヴモア　　　　　　　　　　　 53.2 10.9  1.3  7.7  3.2 33  0.0                           
041618121512105747ソルプレーサ　　　　　　　　　　　　  3.4  1.5 16.9 14.5 10.4 40  6.7                           
05162a010113101203ブライティアベル　　　　　　　　　　 37.1  7.6 -9.4-10.2 -6.6 -2  0.0                           
05162a010213103106ラブリーラブラブ　　　　　　　　　　154.3 28.9-11.5-11.8 -7.8 -3  0.0                           
05162a010313101156ノアレジェンド　　　　　　　　　　　 62.4 12.1-10.0 -6.8 -5.5  0  0.0                           
05162a010413102922ティアップゼファー　　　　　　　　　  4.7  1.7 15.0 12.3  9.0 14 12.5                           
05162a010513101955リュイールスター　　　　　　　　　　 11.2  2.8  9.3 14.9  8.3 13  0.0                           
05162a010613100406ピコット　　　　　　　　　　　　　　 47.3  9.5-10.0-20.0-10.3 -5  0.0                           
05162a010713101022コパノミリアン　　　　　　　　　　　  3.7  1.5 10.0 24.3 11.9 17 14.0A                          
05162a010813103887サンナシュア　　　　　　　　　　　　120.6 22.7-11.5-17.6 -9.9 -5  0.0  0                        
05162a010913104183ディーズフリート　　　　　　　　　　 58.5 11.4-10.4-13.7 -8.1 -3  0.0  0                        
05162a011013103722ピントゥリッキオ　　　　　　　　　　  3.6  1.5 17.1 19.3 12.2 17  5.3  2                        
05162a011113105108トーアノタメニ　　　　　　　　　　　 52.2 10.5-11.5-12.4 -8.0 -3  0.0                           
05162a011213105558ソットヴォーチェ　　　　　　　　　　 15.9  3.7 -7.7  5.2 -0.4  5 12.3                           
05162a011313100413トキメキアイナ　　　　　　　　　　　115.6 21.8-11.5-11.1 -7.5 -3  0.0  0                        
05162a011413105682レッドフレンジー　　　　　　　　　　 14.6  3.5  5.7 10.9  5.7 11  0.0                           
05162a011513101244アルファジェイド　　　　　　　　　　  5.7  1.9 11.5 17.3  9.8 15 16.3                           
05162a011613105569レアファインド　　　　　　　　　　　 14.6  3.4  2.6 -6.3 -1.5  3  8.2                           
05162a020113102020ハルノアシオト　　　　　　　　　　　132.5 23.3-11.5-13.9 -8.5 -4  0.0                           
05162a020213104107タネホカホカ　　　　　　　　　　　　  5.7  1.8-10.4 40.0 11.5 17 14.0                           
05162a020313104451ミヤコノアバランチ　　　　　　　　　 35.1  6.8-10.4 -2.5 -4.0  1  0.0                           
05162a020413105378アカデミア　　　　　　　　　　　　　 10.6  2.6  6.2  3.6  3.2  8  6.8                           
05162a020513103245ラマレ　　　　　　　　　　　　　　　 41.9  8.0-10.0 -4.5 -4.7  0  0.0  0                        
05162a020613104438イチオクノユメ　　　　　　　　　　　 29.7  5.9  6.0  3.6  3.1  8  0.0                           
05162a020713103788ラブロイ　　　　　　　　　　　　　　 10.7  2.6  8.7 14.3  7.9 13  0.0                           
05162a020813102474セイユウボーイ　　　　　　　　　　　 29.9  5.9 -9.3-12.0 -7.2 -2  0.0  0                        
05162a020913101083トータルビクトリー　　　　　　　　　 23.8  4.8-10.5 -7.1 -5.8 -1  9.2                           
05162a021013103360マオウ　　　　　　　　　　　　　　　 23.2  4.7  6.0  5.4  3.8  9  0.0                           
05162a021113109002ネオビッグバン　　　　　　　　　　　  6.1  1.9 14.1 23.3 12.8 18  6.2                           
05162a021213101322ハコダテキミコ　　　　　　　　　　　 15.4  3.4  2.9  8.6  4.0  9  0.0                           
05162a021313102702ビトク　　　　　　　　　　　　　　　106.2 18.8-10.0-20.0-10.3 -5  0.0  0                        
05162a021413101602ロマンコスモ　　　　　　　　　　　　  2.3  1.3 17.3 23.5 13.8 19 18.1                           
05162a021513105524ソーアメージング　　　　　　　　　　 13.2  3.0  4.7  6.9  3.9  9 10.9                           
05162a021613102703ヴィリープ　　　　　　　　　　　　　 67.4 12.2-10.0-15.3 -8.6 -4  0.0                           
05162a030113104524サトノオマージュ　　　　　　　　　　 13.3  2.7  5.6  7.0  4.2  9  0.0                           
05162a030213101913サクセスボーイ　　　　　　　　　　　 58.4  9.3-11.5 -7.0 -6.0 -1  0.0                           
05162a030313109112テンエイロータス　　　　　　　　　　132.6 20.3-11.5-12.0 -7.8 -3  0.0                           
05162a030413101182ダイメイキング　　　　　　　　　　　 33.4  5.7-10.0 12.0  1.4  6  0.0                           
05162a030513100742ニシノライト　　　　　　　　　　　　 16.2  3.2  7.6  3.8  3.7  9 11.6  3                        
05162a030613103577ブライトフューチャ　　　　　　　　　 68.4 10.8-11.5-20.0-10.8 -6  0.0                           
05162a030713105342アイアムヒラケゴマ　　　　　　　　　 41.6  7.0-10.0-10.1 -6.7 -2  0.0                           
05162a030813103312トウカイビヨンド　　　　　　　　　　 11.2  2.4 -7.3 -2.1 -3.0  2  0.0                           
05162a030913104515アルティジャーノ　　　　　　　　　　  8.1  2.1 10.1 10.8  7.0 12  9.6                           
05162a031013103898カマタ　　　　　　　　　　　　　　　 80.1 12.5-11.5-10.0 -7.1 -2  0.0                           
05162a031113100922アメンボ　　　　　　　　　　　　　　 36.3  6.2-10.4 -4.0 -4.6  0  0.0  5                        
05162a031213102633キタノカミカゼ　　　　　　　　　　　 55.3  8.8 -9.4-17.3 -9.2 -4  0.0  0                        
05162a031313103068ウィーバービル　　　　　　　　　　　  2.8  1.3 19.6 21.1 13.6 19 10.6  3                        
05162a031413105933ケイブルグラム　　　　　　　　　　　  7.0  1.9 10.8 12.7  7.9 13 12.5                           
05162a031513101566ゴーストノート　　　　　　　　　　　  2.8  1.3 18.3 30.8 16.8 22 19.8                           
05162a040113100528トーホウデサント　　　　　　　　　　  6.7  2.0 20.0 14.7 11.4 16  0.0  5                        
05162a040213100793ユキノハーモニー　　　　　　　　　　 25.8  5.1 -9.5 -9.6 -6.4 -1  0.0                           
05162a040313103348スターアリュール　　　　　　　　　　 99.5 17.2-13.2-20.0-11.3 -6  0.0                           
05162a040413105291サイモンキンバリー　　　　　　　　　 52.3  9.6-13.2 -8.5 -7.1 -2  0.0                           
05162a040513103964アップトゥイレヴン　　　　　　　　　 28.9  5.6 -1.0 -7.0 -2.9  2  0.0                           
05162a040613106200カシノライセンス　　　　　　　　　　148.2 25.3-13.2 -5.5 -6.0 -1  0.0                           
05162a040713101900マイネルビッグバン　　　　　　　　　 10.7  2.5  7.5  7.5  5.0 10 24.7                           
05162a040813100913アツコ　　　　　　　　　　　　　　　 47.6  8.8-11.5-13.9 -8.5 -4  0.0                           
05162a040913102925ニシノソレイユ　　　　　　　　　　　 16.8  3.6 -4.3 22.9  7.1 12  0.0                           
05162a041013105947メープルフレイバー　　　　　　　　　 88.8 15.4-13.2 -7.8 -6.8 -2  0.0                           
05162a041113103947シュティルヴァルト　　　　　　　　　  5.5  1.8 12.1 13.6  8.6 14  8.2                           
05162a041213105928レジェ　　　　　　　　　　　　　　　  2.3  1.3 18.6 18.8 12.5 17 18.1                           
05162a041313106338トモジャカストル　　　　　　　　　　138.2 23.6-10.0-15.8 -8.8 -4  0.0                           
05162a041413103635サンバーナル　　　　　　　　　　　　 76.2 13.3-11.5-13.2 -8.3 -3  0.0                           
05162a041513105717デルマセンヒメ　　　　　　　　　　　 30.6  5.9-10.0 12.0  1.4  6  0.0  5                        
05162a041613103067グラシアール　　　　　　　　　　　　 18.0  3.8  9.1  7.9  5.6 11  0.0                           
05162a041713102179カシノナイト　　　　　　　　　　　　 87.6 15.2-14.1 -5.5 -6.2 -1  0.0                           
05162a041813104256マイネルカラット　　　　　　　　　　  6.3  1.9 14.3 13.9  9.4 14 12.5  2                        
05162a050113100513シゲルヒラマサ　　　　　　　　　　　 47.1  8.5-13.2-11.7 -8.3 12  0.0                           
05162a050213103523タイセイラルーナ　　　　　　　　　　 20.5  4.1  6.0  2.3  2.6 23  0.0                           
05162a050313101241サンセットトウホク　　　　　　　　　 16.6  3.5  5.2 10.8  5.5 26  8.2  5                        
05162a050413101310シゲルテングダイ　　　　　　　　　　 38.4  7.1-11.5-13.7 -8.5 12  0.0  0                        
05162a050513105382シアーライン　　　　　　　　　　　　  2.8  1.3 19.4 24.3 14.7 35 18.1                           
05162a050613105455ファイナルコール　　　　　　　　　　 11.2  2.6 10.1 10.8  7.0 27  0.0  5                        
05162a050713100499カレンコマンドール　　　　　　　　　 15.8  3.3 -2.1-16.9 -6.8 13  0.0  0                        
05162a050813103738メイショウノボサン　　　　　　　　　 18.8  3.9  7.5  6.9  4.8 25  0.0                           
05162a050913102344リネンソング　　　　　　　　　　　　 98.1 16.6-13.2-15.4 -9.6 10  0.0                           
05162a051013104882ラブゴーギャン　　　　　　　　　　　 38.9  7.1 -8.9 -9.0 -6.0 14  0.0                           
05162a051113106479メイスンスパート　　　　　　　　　　 31.3  5.9 -5.3 12.9  3.1 23  0.0                           
05162a051213104087マリナーズシチー　　　　　　　　　　 14.2  3.1-10.0 11.8  1.3 21 10.3  5                        
05162a051313105363ブレネンデリーベ　　　　　　　　　　 41.3  7.5-10.0-11.6 -7.3 13  0.0                           
05162a051413101848ケンコンイッテキ　　　　　　　　　　  5.9  1.8  8.0 17.0  8.6 29  6.3                           
05162a051513105554レッドヴェルサス　　　　　　　　　　  3.5  1.4 15.8 12.2  9.2 29 19.8                           
05162a060113103809カタオモイ　　　　　　　　　　　　　 65.5 11.6-13.2 -8.8 -7.2 13  0.0                           
05162a060213101965オンザロックス　　　　　　　　　　　  8.0  2.2 10.1  9.3  6.4 26  9.6  5                        
05162a060313102271カワキタピリカ　　　　　　　　　　　 31.5  6.1 -9.5-16.6 -8.9 11  0.0                           
05162a060413110124サバンナロード　　　　　　　　　　　 11.1  2.6  5.7 -0.9  1.4 21  7.2  5                        
05162a060513110104ネオヴェルザンディ　　　　　　　　　 12.1  2.8  9.6 11.1  6.9 27  0.0                           
05162a060613105532ダイワチャーチル　　　　　　　　　　 21.8  4.4 -7.3-12.1 -6.6 13  0.0                           
05162a060713100175ブラウンアニマート　　　　　　　　　 35.8  6.8-13.6-11.5 -8.3 12  9.7                           
05162a060813100040サンブレナード　　　　　　　　　　　 55.2  9.9-11.5-13.9 -8.5 11  0.0                           
05162a060913103933ヴィータファン　　　　　　　　　　　 31.9  6.1  6.0 -3.9  0.4 20  0.0                           
05162a061013100131グランリゲル　　　　　　　　　　　　 50.6  9.4-11.5-12.4 -8.0 12  0.0                           
05162a061113105281アムネスティ　　　　　　　　　　　　  4.3  1.5 26.3 15.3 13.5 34 15.1                           
05162a061213106148ムーンクエイク　　　　　　　　　　　  2.9  1.3 18.1 19.0 12.4 32  5.3A                          
05162a061313104834キンノツル　　　　　　　　　　　　　 85.3 15.0-13.2-20.0-11.3  9  0.0                           
05162a061413106052アドマイヤロマン　　　　　　　　　　  3.6  1.4 22.0 15.0 12.1 32 19.8                           
05162a070112105379レッドサヴァージ　　　　　　　　　　 12.4  2.7 -5.6 12.1  2.8 23  0.0                           
05162a070212104332ルレイヴ　　　　　　　　　　　　　　 14.8  3.1  7.7  6.8  4.8 25  0.0                           
05162a070311100822デルマサリーチャン　　　　　　　　　 62.3 10.4-11.5 -2.2 -4.3 16  0.0                           
05162a070411109108シンボリネルソン　　　　　　　　　　 61.7 10.3-10.0-20.0-10.3 10  0.0                           
05162a070512104471エッケザックス　　　　　　　　　　　 16.5  3.4 -6.8 18.5  4.7 25  8.2                           
05162a070612103784プラトンイミシャン　　　　　　　　　 13.3  2.8 -3.0 20.0  6.4 26  0.0                           
05162a070712104680アドマイヤピンク　　　　　　　　　　 18.1  3.6  1.6-11.8 -3.8 16  0.0                           
05162a070811106046アートフェスタ　　　　　　　　　　　 24.1  4.5 -2.8 -5.1 -2.7 17 10.1                           
05162a070911103583キュリオスティー　　　　　　　　　　 21.0  4.1  2.5 -6.3 -1.6 18  9.2                           
05162a071012106162シュンクルーズ　　　　　　　　　　　 79.3 13.1-10.4-20.0-10.5 10  0.0                           
05162a071112104723サンマルティン　　　　　　　　　　　 10.8  2.4  0.9 -6.3 -2.0 18  8.9                           
05162a071211104271プレミアステイタス　　　　　　　　　 34.8  6.3 -7.3  5.4 -0.2 20  0.0                           
05162a071312102024マコトギンスバーグ　　　　　　　　　  4.3  1.6-10.4 18.3  3.6 24 19.8                           
05162a071412102840カカドゥ　　　　　　　　　　　　　　  2.3  1.3 20.0 14.4 11.3 31 12.8                           
05162a071512104289キーフォーサクセス　　　　　　　　　 21.8  4.2  0.3 -1.5 -0.5 20  0.0                           
05162a071612103029ナポレオン　　　　　　　　　　　　　 68.1 11.3-11.5-13.9 -8.5 11  0.0                           
05162a080111105905スズカプリオール　　　　　　　　　　 19.3  4.6-11.5-20.0-10.8 19  0.0                           
05162a080211105971ヴァーノン　　　　　　　　　　　　　 13.4  3.4 -4.8 14.4  3.8 34  7.7                           
05162a080312103540タイセイプレシャス　　　　　　　　　 23.6  5.4  0.7 -2.1 -0.6 29  0.0  0                        
05162a080411100553スノーレパード　　　　　　　　　　　 29.9  6.6-13.6-17.0-10.3 20  0.0                           
05162a080511106163メイショウカイモン　　　　　　　　　 61.2 12.5 -5.5 -9.0 -4.9 25  0.0                           
05162a080612110070エイシンバランサー　　　　　　　　　  4.8  1.8 21.8 20.8 14.2 44 14.0  2                        
05162a080710103927ワイルドドラゴン　　　　　　　　　　 38.0  8.3-10.0-10.9 -7.0 23 15.7                           
05162a080811103152ペリーホワイト　　　　　　　　　　　 57.4 11.8-10.0-15.9 -8.8 21  0.0  0                        
05162a080911102027ラブユー　　　　　　　　　　　　　　 20.2  4.8 -9.5  1.6 -2.3 28  0.0                           
05162a081011103777マレーナ　　　　　　　　　　　　　　 22.0  5.1 -3.4  2.9  0.0 30  0.0  0                        
05162a081111105075ダウトレス　　　　　　　　　　　　　 13.2  3.3 20.0 12.0 10.4 40 10.3C                          
05162a081212104853コロマンデル　　　　　　　　　　　　  3.4  1.5 19.0 24.9 14.8 45 10.6  1  305   44              
05162a081312103379ラインシュナイダー　　　　　　　　　  4.9  1.8 16.8 13.8 10.1 40  6.3                           
05162a081411100080ドリームカイザー　　　　　　　　　　 48.2 10.3-12.5 -8.1 -6.7 23  0.0                           
05162a081510104353クロムレック　　　　　　　　　　　　  7.8  2.4  6.5  7.1  4.6 35  0.0                           
05162a081612102727ノースヒーロー　　　　　　　　　　　 16.9  4.1  1.4  7.1  3.0 33  8.2A                          
05162a090110103881エスオンマイチェス　　　　　　　　　 13.9  2.9  6.0 12.0  6.2 36  0.0                           
05162a090211102512サーストンコラルド　　　　　　　　　  6.7  1.8 10.9  7.1  5.9 36 10.3                           
05162a090310106459スマートルピナス　　　　　　　　　　 35.7  6.2-13.2 -4.4 -5.6 24  0.0                           
05162a090411102899オウケンブラック　　　　　　　　　　  6.1  1.7 10.6 24.1 12.0 42  6.8                           
05162a090512104675レッドアルティスタ　　　　　　　　　 16.4  3.3  7.5 -0.1  2.2 32  0.0                           
05162a090609110028アメリカンダイナー　　　　　　　　　 56.9  9.3-10.0-11.2 -7.1 23  0.0                           
05162a090712104284サトノメサイア　　　　　　　　　　　  3.9  1.4 17.8 22.8 13.7 44 11.6  5                        
05162a090809104863アイアイエンデバー　　　　　　　　　 50.4  8.5-10.0 -5.0 -4.8 25  0.0                           
05162a090912104938バンゴール　　　　　　　　　　　　　  2.3  1.2 17.5 27.9 15.5 45 18.1                           
05162a091010104412サダムロードショー　　　　　　　　　  5.9  1.7  9.9 11.9  7.3 37 15.1                           
05162a100107104687タガノザイオン　　　　　　　　　　　117.1 24.6-12.5 -8.1 -6.7 28  0.0                           
05162a100211101002クリノコマチ　　　　　　　　　　　　 84.6 17.9-11.5 -4.6 -5.1 30  0.0                           
05162a100312104098ダノンシーザー　　　　　　　　　　　  4.7  1.8 15.5 16.5 10.7 46 15.1  4                        
05162a100408101496ファントムロード　　　　　　　　　　 15.2  3.9 -1.2 12.0  4.0 39  0.0  5                        
05162a100509104366マカハ　　　　　　　　　　　　　　　  4.3  1.7 25.1 16.4 13.5 49 12.8                           
05162a100611104950オウノミチ　　　　　　　　　　　　　 12.8  3.4  7.5 -1.9  1.6 37 10.3                           
05162a100711109191テイエムゲッタドン　　　　　　　　　 28.5  6.6-12.5 -8.1 -6.7 28  0.0                           
05162a100810102252クリノタカラチャン　　　　　　　　　 72.6 15.5-11.5-10.5 -7.3 28  0.0                           
05162a100910104441マンボネフュー　　　　　　　　　　　  5.3  1.9  9.7 12.9  7.6 43  6.8                           
05162a101011101693ウエスタンメルシー　　　　　　　　　 21.7  5.2-10.0 19.2  4.0 39  0.0                           
05162a101111105200コスモドーム　　　　　　　　　　　　 15.8  4.0 20.0 15.5 11.7 47  8.2                           
05162a101210105716カシノワルツ　　　　　　　　　　　　 96.8 20.4-14.1 -5.5 -6.2 29  0.0                           
05162a101310103876サトノキングリー　　　　　　　　　　 28.7  6.7-12.5 -5.2 -5.7 29  0.0  0                        
05162a101410100328ホッコーアムール　　　　　　　　　　 18.9  4.7 11.4  5.4  5.4 40  0.0                           
05162a101512103937ロジダーリング　　　　　　　　　　　 28.2  6.6 -5.5 -3.2 -2.8 32  0.0                           
05162a101610102500ライブリシュネル　　　　　　　　　　 64.6 13.9-12.5 -5.4 -5.7 29  0.0                           
05162a101710100483トーキングドラム　　　　　　　　　　  4.5  1.7  9.8 15.3  8.6 44 11.6 11  112   80              
05162a101810104401インプロヴァイズ　　　　　　　　　　 61.4 13.2 -3.8 -2.4 -2.0 33  0.0  1  153   55              
05162a110113101938フロムマイハート　　　　　　　　　　 93.8 15.8-11.4  2.9 -2.4 58  0.0                           
05162a110213105820アウェイク　　　　　　　　　　　　　 47.7  8.6 -5.5 -4.3 -3.2 57  0.0  0                        
05162a110313105906シンハライト　　　　　　　　　　　　  2.4  1.3 19.7 20.0 13.2 73 10.8                           
05162a110413105721アットザシーサイド　　　　　　　　　 11.8  2.7 -3.7  9.7  2.4 62  9.0                           
05162a110513103390ペプチドサプル　　　　　　　　　　　 33.0  6.1 -2.8  8.4  2.2 62 12.6                           
05162a110613106072アドマイヤリード　　　　　　　　　　 20.2  4.1  3.5-11.8 -3.3 57  0.0                           
05162a110713102323ゲッカコウ　　　　　　　　　　　　　 90.1 15.2 -7.7-15.3 -7.9 52  0.0                           
05162a110813106329デンコウアンジュ　　　　　　　　　　  8.7  2.3  4.5 28.5 11.8 72  6.4                           
05162a110913101453ウインファビラス　　　　　　　　　　 66.5 11.4-11.5-12.3 -8.0 52  0.0  0                        
05162a111013103528ダンツペンダント　　　　　　　　　　288.4 47.3-11.7-11.9 -7.9 52  0.0                           
05162a111113102317エンジェルフェイス　　　　　　　　　  9.0  2.4  3.8  1.2  1.6 62  0.0                           
05162a111213103682フロンテアクイーン　　　　　　　　　 21.8  4.3 -6.6  6.9  0.6 61  9.1                           
05162a111313106005チェッキーノ　　　　　　　　　　　　  4.5  1.6 15.6 16.6 10.8 71 14.0C                          
05162a111413106013ビッシュ　　　　　　　　　　　　　　 16.0  3.4  5.5 27.7 11.8 72  7.7                           
05162a111513105811レッドアヴァンセ　　　　　　　　　　 47.9  8.6 -5.4 -7.6 -4.4 56  9.7                           
05162a111613105864ジェラシー　　　　　　　　　　　　　 22.5  4.4 -2.2  1.7  0.0 60  0.0                           
05162a111713105783ロッテンマイヤー　　　　　　　　　　 17.2  3.6  8.9 21.2 10.4 70  0.0  3                        
05162a111813105715ダイワドレッサー　　　　　　　　　　 70.2 12.0-13.6 11.1  0.0 60  0.0                           
05162a120112100591コンセギール　　　　　　　　　　　　 48.4 10.5-12.5 -5.9 -5.9 29  0.0                           
05162a120210103013タイセイドリーム　　　　　　　　　　 58.9 12.3-12.5-16.4 -9.8 25  0.0  0                        
05162a120311100329ダノンバトゥーラ　　　　　　　　　　 16.4  4.0-12.5-15.4 -9.4 26  0.0  0                        
05162a120411103958エアカミュゼ　　　　　　　　　　　　  8.2  2.5  7.5 15.0  7.8 43  6.8  4                        
05162a120510100246トーセンハルカゼ　　　　　　　　　　 35.7  7.9 -8.4 -3.6 -3.8 31  0.0                           
05162a120610104208エルマンボ　　　　　　　　　　　　　  3.9  1.6 16.7 26.2 14.6 50 10.6  1  153   55              
05162a120712104337オーサムレジェンド　　　　　　　　　 11.3  3.0 13.8 -7.2  1.5 37  0.0  0                        
05162a120811103567ジャッカスバーク　　　　　　　　　　 15.7  3.9 -1.0  7.0  2.3 37  0.0                           
05162a120908101058セイカフォルテ　　　　　　　　　　　 46.1 10.0-10.0 -6.2 -5.3 30  0.0                           
05162a121009103929トウショウギフト　　　　　　　　　　 52.6 11.3-10.4 -7.9 -6.0 29  0.0  0                        
05162a121111104114アカノジュウハチ　　　　　　　　　　 19.6  4.7  2.1  8.4  3.7 39 13.7                           
05162a121211102290ティーポイズン　　　　　　　　　　　  5.1  1.8 22.0 14.1 11.8 47  6.2                           
05162a121311100603エンキンドル　　　　　　　　　　　　 30.4  6.8-12.5-14.9 -9.2 26  0.0  0                        
05162a121411102736フェスティヴイェル　　　　　　　　　 12.9  3.3 20.0  3.7  7.4 42 10.9  2                        
05162a121511103670ファドーグ　　　　　　　　　　　　　  4.5  1.7 15.4 13.6  9.6 45 14.0                           
05162a121611104321サトノセレリティ　　　　　　　　　　 16.7  4.1 -0.8 -7.2 -2.9 32  9.1                           
08163a010113102978ローデルバーン　　　　　　　　　　　 13.2  2.5 -1.4  7.0  1.6  7  0.0                           
08163a010213101989マジメ　　　　　　　　　　　　　　　 22.8  3.7  3.0 -3.3  0.1  5 10.2                           
08163a010313100522トーホウリーガル　　　　　　　　　　 43.2  6.5 -6.6 -5.0 -3.9  1  0.0                           
08163a010413102291アイアンドーム　　　　　　　　　　　110.1 15.1-11.1-11.8 -7.6 -3  0.0                           
08163a010513102213コウザンベル　　　　　　　　　　　　 32.2  5.0 -2.1 -9.3 -3.6  1  8.0                           
08163a010613106071トウシンダイヤ　　　　　　　　　　　  1.7  1.2 20.4 32.5 17.2 22 17.4                           
08163a010713102490ワキノボンド　　　　　　　　　　　　 43.6  6.5-11.7-13.9 -8.5 -3  0.0                           
08163a010813104366スリーアリアン　　　　　　　　　　　 52.8  7.8-11.6 -5.8 -6.0 -1  0.0                           
08163a010913103476ジーパワー　　　　　　　　　　　　　 13.8  2.6  4.0 15.7  6.2 11  7.3                           
08163a011013100570マエストロ　　　　　　　　　　　　　 15.5  2.8 -3.3 -2.0 -1.8  3  7.8                           
08163a011113104090ニホンピロマーク　　　　　　　　　　 38.5  5.9 -8.5-14.7 -7.5 -3  0.0                           
08163a011213100430クリノプラハ　　　　　　　　　　　　 11.0  2.2 12.3 13.5  8.6 14 12.3                           
08163a011313105216アンジュレーション　　　　　　　　　 60.3  8.6-11.1-10.6 -7.3 -2  0.0                           
08163a011413105946イリデッセンス　　　　　　　　　　　  5.3  1.6 11.6 12.2  7.9 13 11.8                           
08163a011513100194ホッコースイセイ　　　　　　　　　　 26.0  4.2 -7.9-10.6 -6.1 -1  6.2                           
08163a011613104367スリーロベリア　　　　　　　　　　　 83.1 11.6-11.7-12.1 -7.9 -3  0.0                           
08163a020113101078スズカコメット　　　　　　　　　　　 82.9 12.9-11.7-14.7 -8.7 -4  0.0                           
08163a020213110075エイシンイクサボシ　　　　　　　　　 12.6  2.6  7.1 10.7  5.8 11  4.8                           
08163a020313102148メイショウサイジン　　　　　　　　　 25.2  4.5 -6.6 -1.0 -2.7  2  9.3  0                        
08163a020413103346エイシンニバリキ　　　　　　　　　　 15.7  3.1  4.7  9.2  4.5  9  0.0                           
08163a020513105779ベストワークス　　　　　　　　　　　 13.7  2.8  7.9 12.3  6.6 12 17.4                           
08163a020613102033ゼンノリボーン　　　　　　　　　　　 51.1  8.4-10.8-10.6 -7.1 -2  0.0                           
08163a020713110121クワッドアーチ　　　　　　　　　　　  9.0  2.3  1.6 16.2  5.4 10 10.9                           
08163a020813110026アメリカントップ　　　　　　　　　　  1.7  1.2 20.6 22.1 14.2 19 17.4                           
08163a020913105084ハトマークレディ　　　　　　　　　　 42.0  7.0-11.1 -2.3 -4.8  0 10.8                           
08163a021013102433エーティーチャンプ　　　　　　　　　 12.9  2.7  3.1 12.6  4.9 10  0.0                           
08163a021113104436ライトフォーミー　　　　　　　　　　 12.5  2.6  6.2 -8.9 -0.4  5  0.0                           
08163a021213103034オリエンタルローズ　　　　　　　　　 15.3  3.0  7.1  6.7  4.6 10 16.0                           
08163a021313102913ティアップアラシ　　　　　　　　　　113.5 17.5-11.1-13.2 -8.0 -3  0.0                           
08163a021413104875イザナイ　　　　　　　　　　　　　　 68.1 10.7-11.1 -8.9 -6.7 -2  0.0                           
08163a021513102149カネトシフェイト　　　　　　　　　　 30.4  5.3 -8.6-14.7 -7.6 -3  0.0                           
08163a021613104037タマモペンライト　　　　　　　　　　 37.0  6.3-11.1-11.1 -7.4 -2  0.0                           
08163a030113102164ティーソフィア　　　　　　　　　　　 23.7  4.3-11.1 15.3  0.5  6 10.2                           
08163a030213100462ビービーアーカイヴ　　　　　　　　　 47.1  7.9 -4.5-12.5 -5.4  0  0.0                           
08163a030313102776シゲルクルマダイ　　　　　　　　　　 11.5  2.5  8.5 19.6  9.0 14  6.9                           
08163a030413105352アグネスザルーツ　　　　　　　　　　 55.3  8.9 -9.4-11.9 -7.0 -2  0.0                           
08163a030513103260エイシンミキサー　　　　　　　　　　 23.4  4.3 -6.3 20.0  3.7  9  7.8                           
08163a030613103916タイバーカット　　　　　　　　　　　 40.7  6.9-11.7-11.1 -7.6 -3  0.0                           
08163a030713101918コスモスコルピウス　　　　　　　　　  3.2  1.3 15.4 20.9 11.9 17 16.8                           
08163a030813100511ゼーリムニル　　　　　　　　　　　　 61.6  9.9-11.7-10.7 -7.5 -3  0.0                           
08163a030913104212トウケイイダテン　　　　　　　　　　 57.3  9.2-11.7-10.3 -7.4 -2  0.0                           
08163a031013103492メイショウティグレ　　　　　　　　　  5.5  1.6 17.1 20.9 12.5 18 10.8                           
08163a031113102977シゲルシーラカンス　　　　　　　　　 36.9  6.4 -8.9-20.0 -9.3 -4  0.0                           
08163a031213100620ラップランド　　　　　　　　　　　　 14.6  3.0  3.9  7.5  3.7  9  0.0  3                        
08163a031313104958マーシブリヤント　　　　　　　　　　 87.2 13.7-11.1-12.0 -7.7 -3  0.0  0                        
08163a031413102331オタカラハッケン　　　　　　　　　　 91.9 14.4-11.1-10.6 -7.3 -2  0.0                           
08163a031513102021ルドルフィーナ　　　　　　　　　　　 49.1  8.2-10.3-11.4 -7.2 -2  7.9                           
08163a031613103952プレシャスタイム　　　　　　　　　　 41.8  7.1 -4.4-12.1 -5.2  0 12.6                           
08163a031713104807マッジョテンペスタ　　　　　　　　　  2.6  1.3 18.7 13.0 10.8 16 12.0                           
08163a031813106336ゲンパチヨシツネ　　　　　　　　　　 35.6  6.1 -8.6 12.3  0.5  6  0.0                           
08163a040113101875アンジーゴールド　　　　　　　　　　 90.4 16.0-11.1-12.6 -7.8 -3  0.0                           
08163a040213105978ミッキーディナシー　　　　　　　　　  5.6  1.8 11.6  8.5  6.8 12 18.6                           
08163a040313102810ブルベアバラクーダ　　　　　　　　　 70.7 12.7-11.1-13.1 -8.0 -3  0.0                           
08163a040413102054アビス　　　　　　　　　　　　　　　 28.9  5.7 -5.2-10.1 -4.9  0  0.0                           
08163a040513101387ブボナ　　　　　　　　　　　　　　　 87.6 15.5-11.1 -7.1 -6.2 -1 15.0                           
08163a040613109128ヨウエン　　　　　　　　　　　　　　101.6 17.9-10.8 -2.4 -4.7  0  0.0                           
08163a040713105318ジュールポレール　　　　　　　　　　  3.2  1.4 18.1  5.7  8.3 13  5.4                           
08163a040813103743ダーリンラブラ　　　　　　　　　　　 49.0  9.2-11.1-12.5 -7.8 -3  0.0                           
08163a040913106020リュラ　　　　　　　　　　　　　　　  9.0  2.4  0.1 35.3 10.6 16  5.5  1  155   56              
08163a041013101803フィエスタオーレ　　　　　　　　　　 37.6  7.2 -0.6  7.5  2.0  7  0.0                           
08163a041113101831リーゼントフォルテ　　　　　　　　　 57.8 10.5-11.1-12.6 -7.8 -3  0.0                           
08163a041213102882サダムノンノ　　　　　　　　　　　　 41.4  7.9 -8.0  8.6 -0.4  5  0.0  5                        
08163a041313104510フローレススカイ　　　　　　　　　　 81.2 14.4-11.7 -6.6 -6.3 -1  0.0  0                        
08163a041413105940プラチナメモリー　　　　　　　　　　 38.0  7.3-11.7 -9.6 -7.2 -2  0.0                           
08163a041513105954パローマ　　　　　　　　　　　　　　  3.3  1.4 17.2 21.7 12.8 18 19.0                           
08163a041613105331ラーダー　　　　　　　　　　　　　　  8.2  2.3 11.1 12.1  7.7 13  6.3                           
08163a041713104570サルサトウショウ　　　　　　　　　　106.0 18.7-11.7-11.1 -7.6 -3  0.0                           
08163a041813105627ラグナグ　　　　　　　　　　　　　　  7.7  2.2  8.8  4.3  4.5 10 13.7                           
08163a050113110116エイシンヒマワリ　　　　　　　　　　  2.3  1.2 22.1 22.4 14.8 35 17.4  1  168   45              
08163a050213104003ダンツエンペラー　　　　　　　　　　  8.3  2.0  9.3 10.7  6.6 27  4.5                           
08163a050313102666エキドナ　　　　　　　　　　　　　　  3.3  1.4 14.1 18.8 10.8 31 19.0C                          
08163a050413104291トニーブロンディ　　　　　　　　　　 14.3  2.8 -1.5  4.2  0.7 21  0.0                           
08163a050513105566ミラクルユニバンス　　　　　　　　　 14.7  2.8 -5.2 -8.1 -4.3 16  8.3                           
08163a050613104481クリスタルキャノン　　　　　　　　　 13.1  2.6  8.5  9.0  5.8 26 13.2                           
08163a050713101873ビームオブホープ　　　　　　　　　　 26.5  4.5 -7.7-12.0 -6.4 14  0.0                           
08163a050813100602ベルリンガー　　　　　　　　　　　　 22.6  3.9 -6.9-13.2 -6.5 14  0.0                           
08163a050913104079プログレスシチー　　　　　　　　　　 13.6  2.7  0.4-11.0 -3.2 17 13.7                           
08163a051013102588キングズキャニオン　　　　　　　　　 33.4  5.5-11.7-14.1 -8.5 11  0.0                           
08163a051113103232サンライズウィズ　　　　　　　　　　 29.2  4.9 -8.5  0.2 -3.1 17  0.0                           
08163a051213100687トウケイダンディ　　　　　　　　　　 22.8  4.0 -7.8-13.9 -7.0 13  0.0                           
08163a060113100612ファインニードル　　　　　　　　　　  2.4  1.2 19.3 18.6 12.7 33 17.4                           
08163a060213104155グッドフォーユー　　　　　　　　　　163.4 22.7-17.9-10.3 -9.7 10  0.0                           
08163a060313105140ピナクルズ　　　　　　　　　　　　　 19.4  3.4 -0.2  6.8  2.0 22  0.0                           
08163a060413102061グリーンバシリスク　　　　　　　　　 95.0 13.5-14.0 -8.6 -7.7 12  0.0                           
08163a060513102547クリノシャンボール　　　　　　　　　 86.2 12.3 -8.5 -2.0 -3.7 16  0.0                           
08163a060613101023ショウナンマシェリ　　　　　　　　　 38.0  5.9 -5.1-16.9 -6.9 13  0.0  0                        
08163a060713104881スナークスカイ　　　　　　　　　　　 14.4  2.7 -1.9 13.4  3.3 23 13.6                           
08163a060813103410オフクヒメ　　　　　　　　　　　　　108.5 15.3-11.1 -8.9 -6.7 13  0.0                           
08163a060913105670サクレメジャー　　　　　　　　　　　 27.9  4.5  1.3 16.2  5.3 25  0.0                           
08163a061013110066エイシンピカソ　　　　　　　　　　　 14.3  2.7  4.5 -2.0  1.0 21  0.0                           
08163a061113103488メイショウベニフジ　　　　　　　　　  7.1  1.8 12.1 12.2  8.1 28 16.7                           
08163a061213102430ブンブンブラウ　　　　　　　　　　　 43.8  6.7 -8.5 -6.8 -5.2 15  0.0                           
08163a061313100007ブレイズガール　　　　　　　　　　　 22.9  3.8 -5.2  4.5 -0.6 19  8.8  0                        
08163a061413104088サイタスリーレッド　　　　　　　　　  2.9  1.3 17.0 22.2 12.9 33 19.0                           
08163a061513100704エスペランサリュウ　　　　　　　　　 16.7  3.0  7.1  8.1  5.0 25  0.0  5                        
08163a061613104166タイセイパルサー　　　　　　　　　　 55.3  8.1 -8.6 -6.7 -5.2 15  0.0                           
08163a070112104858グリューヴァイン　　　　　　　　　　  2.7  1.3 19.6 13.6 11.3 31 12.0                           
08163a070212105360ヴァローア　　　　　　　　　　　　　 42.6  8.3-11.1  1.4 -3.7 16  0.0                           
08163a070312104922レモンイエロー　　　　　　　　　　　  9.2  2.5  0.8 24.6  7.7 28  7.3                           
08163a070412104481ロットリー　　　　　　　　　　　　　 17.3  3.8 -2.1-11.1 -4.1 16 10.2                           
08163a070511100647オートクレール　　　　　　　　　　　 24.2  5.0  5.8  2.3  2.8 23  0.0                           
08163a070611100679マチルダ　　　　　　　　　　　　　　 45.5  8.9 -5.2-12.1 -5.5 14  0.0                           
08163a070712104158オールオブユー　　　　　　　　　　　 14.2  3.3  1.2  5.1  2.0 22  9.6                           
08163a070811101936スリーチアサウス　　　　　　　　　　 74.6 13.7-11.6-14.7 -8.7 11  0.0                           
08163a070912106225インシグニスブルー　　　　　　　　　 60.4 11.2-11.7-12.1 -7.9 12  0.0                           
08163a071012106365アイファーハート　　　　　　　　　　150.6 27.0-11.1 -5.1 -5.6 14  0.0                           
08163a071112102915ウォーターメアヌイ　　　　　　　　　 68.6 12.7-11.1  4.6 -2.7 17  0.0                           
08163a071211102569エンプレスペスカ　　　　　　　　　　  5.0  1.7 12.1 13.6  8.5 29  9.9                           
08163a071310105167ボストンビリーヴ　　　　　　　　　　 30.4  6.1 -2.4  0.1 -0.9 19  9.8  5                        
08163a071412103633ラックアサイン　　　　　　　　　　　  8.6  2.4  2.6 17.3  6.1 26  4.8                           
08163a071511103484ダラニ　　　　　　　　　　　　　　　  4.7  1.6 16.2 12.4  9.7 30 11.8                           
08163a071611105998メイショウルナ　　　　　　　　　　　 21.5  4.5 -3.2  1.2 -0.8 19  8.8                           
08163a080112104657クローディオ　　　　　　　　　　　　 12.8  2.9  8.6  6.6  5.1 25 10.2                           
08163a080212103493ビクトリーミノル　　　　　　　　　　 62.1 11.1-11.1-11.2 -7.4 13  0.0                           
08163a080312106426タツゴウゲキ　　　　　　　　　　　　 11.3  2.6 -7.1  6.4 -0.7 19  0.0                           
08163a080411100402エリタージュゲラン　　　　　　　　　 14.1  3.1 -1.0 -7.1 -2.5 18  8.0                           
08163a080511104761クリノクレオパトラ　　　　　　　　　 38.9  7.4-10.8-13.1 -7.9 12  0.0                           
08163a080612104350クロイツェル　　　　　　　　　　　　  8.8  2.4 -7.4 14.1  1.5 22  4.8                           
08163a080712103532マイネルレオーネ　　　　　　　　　　  2.5  1.3 20.2 16.7 12.4 32 17.4                           
08163a080812104661アドマイヤロワ　　　　　　　　　　　 11.4  2.6  7.3  8.5  5.2 25  5.5                           
08163a080912104771ミコラソン　　　　　　　　　　　　　  4.6  1.7 12.7 17.3  9.8 30  5.9                           
08163a081012104067リッチガール　　　　　　　　　　　　 13.8  3.1  3.6 10.1  4.3 24 19.6                           
08163a081112100620オルロフ　　　　　　　　　　　　　　 18.1  3.8 -3.2 -1.9 -1.7 18  9.8                           
08163a081212103211ドラゴンマジック　　　　　　　　　　  8.6  2.3  0.6 10.7  3.4 23  6.4  1  163   40              
08163a090111104643ハツガツオ　　　　　　　　　　　　　 13.2  2.4  5.8  4.9  3.6 34  5.1                           
08163a090211103993ガルデルスリール　　　　　　　　　　  7.8  1.8 10.1 20.3  9.8 40 13.2  3                        
08163a090311109234キズナエンドレス　　　　　　　　　　 25.2  4.0  5.8 -1.9  1.6 32  0.0                           
08163a090412102699ランウェイ　　　　　　　　　　　　　 29.5  4.5 -4.5  1.7 -1.1 29 16.4                           
08163a090510101172ヤマトダイアンサス　　　　　　　　　  7.2  1.8  9.7  9.2  6.3 36 14.2                           
08163a090612104086ワーキングプライド　　　　　　　　　  1.7  1.2 21.4 31.3 17.2 47 17.4  1  112   75              
08163a090711106404セレッソレアル　　　　　　　　　　　 51.4  7.4-15.0-11.6 -9.0 21  0.0                           
08163a090812101533シンダーズ　　　　　　　　　　　　　 15.2  2.7  5.7 10.3  5.2 35  7.8                           
08163a090911103884アドマイヤシーマ　　　　　　　　　　  5.2  1.5 13.5 13.3  8.9 39  5.9  3                        
08163a091012100229ウインアキレア　　　　　　　　　　　 36.9  5.5-11.7-10.3 -7.4 23  0.0                           
08163a091111103781フェイトカラー　　　　　　　　　　　 29.6  4.6-14.0-13.4 -9.2 21  0.0                           
08163a100113104374スズカミラージュ　　　　　　　　　　 21.8  4.1-14.0-11.8 -8.7 36  0.0                           
08163a100213101861マイネルバサラ　　　　　　　　　　　 20.1  3.8  5.8 -8.4 -0.4 45  0.0                           
08163a100313109168キョウエイギア　　　　　　　　　　　  6.7  1.9 15.0 15.8 10.2 55  6.9                           
08163a100413105172コクスイセン　　　　　　　　　　　　 19.4  3.7 -7.8-13.1 -6.8 38  0.0                           
08163a100513105388ポッドクヒオ　　　　　　　　　　　　  5.8  1.7  7.7 12.5  6.6 52 14.2                           
08163a100613104825サハラファイター　　　　　　　　　　  8.1  2.1  9.4 12.6  7.2 52 10.3C                          
08163a100713101292ラテールプロミーズ　　　　　　　　　 22.5  4.2 -9.7 -4.8 -5.0 40 11.4                           
08163a100813100057ナムラアラシ　　　　　　　　　　　　 25.2  4.6 -5.2 -3.4 -2.9 42  0.0  0                        
08163a100913100904クリノリトミシュル　　　　　　　　　  3.8  1.4 16.8 13.7 10.3 55 16.8                           
08163a101013105467マインシャッツ　　　　　　　　　　　  2.3  1.2 16.8 26.5 14.1 59 17.4                           
08163a110110103543エーティータラント　　　　　　　　　  9.0  2.8  6.9  5.0  4.0 39  8.3                           
08163a110212101673タイセイアプローズ　　　　　　　　　  4.1  1.7  6.5 12.0  6.0 41  9.2                           
08163a110309102912カナロア　　　　　　　　　　　　　　 21.5  5.2  4.7 -0.5  1.6 37 21.8                           
08163a110412101173ウインスペクトル　　　　　　　　　　 22.2  5.4 -9.7 -5.6 -5.2 30  0.0                           
08163a110509106738カンタベリーナイト　　　　　　　　　107.5 22.8 -9.7-10.3 -6.6 28  0.0                           
08163a110611103739プロレタリアト　　　　　　　　　　　  7.6  2.5  5.8  6.9  4.2 39  8.4                           
08163a110712104926グランアルマダ　　　　　　　　　　　 13.8  3.6 -0.6  5.7  1.5 36  0.0                           
08163a110808101638アドマイヤケルソ　　　　　　　　　　 18.6  4.7 -8.5 -1.6 -3.6 31  9.3                           
08163a110910104159アドマイヤオウジャ　　　　　　　　　  8.2  2.6  6.6  6.3  4.3 39  0.0                           
08163a111012104882ウェスタールンド　　　　　　　　　　  4.9  1.9  5.0 18.3  7.3 42 13.1                           
08163a111110106226ゴッドフロアー　　　　　　　　　　　102.4 21.7-11.1-12.6 -7.8 27  0.0                           
08163a111207106369トウカイオーロラ　　　　　　　　　　 52.2 11.7-10.8 -7.7 -6.3 29  0.0                           
08163a111308102719マイティースコール　　　　　　　　　 50.0 11.2-11.1-11.5 -7.5 27  0.0                           
08163a111410106549サンライズタイセイ　　　　　　　　　  8.5  2.7  7.0 20.0  8.6 44  5.5                           
08163a111510101221ヤマイチパートナー　　　　　　　　　  6.0  2.1  9.8 15.2  8.2 43 11.8  5                        
08163a120110104253ナンヨーカノン　　　　　　　　　　　  7.7  2.3 11.6 12.2  7.9 38 11.7                           
08163a120210104180アドマイヤイバマ　　　　　　　　　　 29.2  6.1-11.1-13.2 -8.0 22  0.0  0                        
08163a120312102849メイショウナゴミ　　　　　　　　　　 18.6  4.1 -8.5 -2.5 -3.9 26  8.3                           
08163a120412103583メイショウタラチネ　　　　　　　　　  4.0  1.6  9.8 13.6  7.7 38 13.1 1                         
08163a120510103915ウォーシップマーチ　　　　　　　　　 28.9  6.0 -5.1 -6.7 -3.9 26  0.0                           
08163a120611104991タマモユウトウセイ　　　　　　　　　  8.2  2.4 12.2 13.8  8.6 39 14.1                           
08163a120711100964イクラトロ　　　　　　　　　　　　　  5.6  1.8 12.0 15.5  9.1 39  6.4                           
08163a120810105837レガリテート　　　　　　　　　　　　 33.7  6.9 -7.9-12.8 -6.7 23  0.0                           
08163a120911101915ルイカズマ　　　　　　　　　　　　　 41.7  8.4 -5.2-13.2 -5.9 24  0.0                           
08163a121010105781ジョディーズロマン　　　　　　　　　 70.4 13.3-11.1 -1.5 -4.5 25  0.0  0                        
08163a121110106482プラネットスコア　　　　　　　　　　 83.7 15.7-11.1-13.5 -8.1 22  0.0  0                        
08163a121210104620ゴールドブラザー　　　　　　　　　　 42.2  8.4 -7.5  7.7 -0.4 30  0.0                           
08163a121311104139アイアムナチュラル　　　　　　　　　 11.0  2.7  7.7  7.1  5.0 35 17.4                           
08163a121407102397ライブリシーラ　　　　　　　　　　　105.6 19.6-11.1 -2.8 -4.9 25  0.0                           
08163a121511102617トウケイアロー　　　　　　　　　　　  3.2  1.4 15.0 17.9 10.9 41 10.0                           
08163a121612102701ナムラヒューマン　　　　　　　　　　 28.6  5.9  0.3 26.7  8.1 38  0.0                           
