021921010117103903アドラブルリリー　　　　　　　　　　 10.6  1.9  2.2 -4.7 -1.1  4  0.0                           
021921010217102045ハートフルシーン　　　　　　　　　　 25.3  3.6-10.2-10.5 -6.9 -2  0.0                           
021921010317103323ミーハディビーナ　　　　　　　　　　 13.0  2.2  0.5-10.6 -3.7  1  0.0                           
021921010417103472ディーズギャラント　　　　　　　　　 23.9  3.5 -3.8 11.2  3.0  8  0.0                           
021921010517103092ダンツシルビア　　　　　　　　　　　  3.1  1.2 15.3 30.0 15.6 21 15.0                           
021921010617106247エクスチェンジ　　　　　　　　　　　  9.1  1.9  2.2  4.2  2.2  7  0.0                           
021921010717104260オニンギョウサン　　　　　　　　　　  7.1  1.6  7.0 16.6  8.2 13 16.3                           
021921010817106595ケープコッド　　　　　　　　　　　　  1.9  1.2 20.4 40.0 20.8 26 13.8                           
021921020116102015オウケンスターマン　　　　　　　　　 13.7  2.8  5.4 -2.5  0.7  6  0.0                           
021921020216105881エルデリュミエール　　　　　　　　　 36.1  6.1-10.2  5.4 -1.1  4  0.0                           
021921020316101843ゴールドエンプレス　　　　　　　　　 17.4  3.3 -3.8  9.5  2.3  7  0.0                           
021921020416101134トキノミドリ　　　　　　　　　　　　 28.6  5.0 -3.5-10.4 -4.9  0  0.0  0                        
021921020516100039アルファムーン　　　　　　　　　　　  7.6  2.0 12.5  6.8  6.2 11 17.5                           
021921020616103872ジューンバラード　　　　　　　　　　  6.6  1.8 10.9  9.9  6.9 12  0.0                           
021921020716101331カシノヴィオレ　　　　　　　　　　　 13.9  2.8  7.0  1.0  2.5  7  0.0                           
021921020816104081ディアマキニスタ　　　　　　　　　　  2.5  1.3 16.6 28.0 15.2 20 13.8                           
021921020916101481ハクサンメイゲツ　　　　　　　　　　 17.6  3.4-10.0  3.3 -1.8  3  0.0                           
021921021016100588シャンタンエドゥー　　　　　　　　　  3.2  1.4 14.4 19.2 11.4 16 15.0  3                        
021921021116105558シュリュッセル　　　　　　　　　　　 25.8  4.6-10.2 -3.1 -4.2  1  0.0                           
021921030116106037メイプルランド　　　　　　　　　　　 19.3  4.3 -1.4 -2.5 -1.3  4  0.0                           
021921030216100257ウインドルチェ　　　　　　　　　　　 23.2  5.0-10.2 -8.7 -6.3 -1  0.0                           
021921030316104267エスキシータ　　　　　　　　　　　　 16.2  3.7  8.1 21.1 10.2 15  0.0                           
021921030416105184アルマンド　　　　　　　　　　　　　 18.1  4.1-10.2 -5.7 -5.2  0  0.0                           
021921030516104723ミラーミラー　　　　　　　　　　　　  5.5  1.8 11.8 16.6  9.6 15  0.0                           
021921030616101128リヴォルバー　　　　　　　　　　　　 11.8  2.9 -0.3  8.5  3.0  8 18.8                           
021921030716104220ホウオウヒミコ　　　　　　　　　　　  2.7  1.4 16.4 26.5 14.6 20 13.8  2                        
021921030816104945ベルファーリング　　　　　　　　　　  8.8  2.5 -3.0  5.3  1.0  6 17.5  5                        
021921030916103275モイ　　　　　　　　　　　　　　　　 21.8  4.7  4.0 -5.5 -0.8  4  0.0                           
021921031016103134レンジャーガール　　　　　　　　　　 12.1  3.0  6.1  7.0  4.4  9  0.0                           
021921031116101241アキノコマチ　　　　　　　　　　　　  5.4  1.8 12.6 18.0 10.4 15  0.0                           
021921031216103922ノアキセキ　　　　　　　　　　　　　 13.7  3.3  0.6  8.9  3.4  8  0.0                           
021921040116103321レルシュタープ　　　　　　　　　　　 19.6  4.0 -4.7  5.2  0.5  5  0.0                           
021921040216102477ヤマトフェニックス　　　　　　　　　 16.7  3.5 -1.0 -8.8 -3.5  1  0.0                           
021921040316106154モッズストーン　　　　　　　　　　　  2.8  1.3 16.4 19.5 12.1 17 13.8                           
021921040416101182クリノドドンパ　　　　　　　　　　　 19.6  4.1-10.0-19.8-10.3 -5  0.0                           
021921040516105194ジェイコブ　　　　　　　　　　　　　  3.6  1.4 17.3 11.0  9.2 14  0.0                           
021921040616103197シックザール　　　　　　　　　　　　  9.5  2.5  6.9 20.0  9.4 14  0.0  4                        
021921040716103206トモジャマサムネ　　　　　　　　　　 24.7  4.9-10.2 12.0  1.3  6  0.0                           
021921040816106226エストリル　　　　　　　　　　　　　 16.4  3.5  7.0 -2.5  1.2  6  0.0                           
021921040916102307ビーマイステディ　　　　　　　　　　  4.4  1.5  9.0 16.6  8.8 14 16.3                           
021921041016105979キャリー　　　　　　　　　　　　　　  7.0  2.0 10.9 13.2  8.1 13 17.5  5                        
021921050117104258セイラブミー　　　　　　　　　　　　  5.7  1.6 11.0 15.6  9.0  9 16.3                           
021921050217106555エターナルダイヤ　　　　　　　　　　 13.4  2.6 -6.0  1.5 -1.3 -1  0.0                           
021921050317100661プリンスリターン　　　　　　　　　　  7.1  1.8 10.1  8.3  6.1  6  0.0                           
021921050417102163アメージングサン　　　　　　　　　　  2.0  1.2 20.4 18.7 13.0 13 13.8                           
021921050517103009クインズラプソディ　　　　　　　　　 19.1  3.4 -7.0-20.0 -9.4 -9  0.0                           
021921050617110082プリムヴェール　　　　　　　　　　　 14.3  2.7  6.1 12.0  6.2  6  0.0  5                        
021921050717100292ショウイモン　　　　　　　　　　　　 17.3  3.2-10.2-10.4 -6.9 -7  0.0                           
021921050817100522ヴィクトワールボス　　　　　　　　　 26.4  4.4-10.0 -2.0 -3.7 -4  0.0                           
021921050917105441ダブルーン　　　　　　　　　　　　　  3.9  1.4 15.0 14.1  9.7 10 15.0                           
021921060117103358ワイルドキャット　　　　　　　　　　  8.4  2.4  6.3  1.3  2.4  2  0.0                           
021921060217103489ディーエスプルーフ　　　　　　　　　  5.2  1.8 10.8 15.3  8.9  9 15.0                           
021921060317104659ラフリッグフェル　　　　　　　　　　  5.4  1.8 13.3  9.6  7.5  8 16.3                           
021921060417103989キラットダイヤ　　　　　　　　　　　 12.9  3.1  2.9  1.7  1.5  1  0.0                           
021921060517104601ウインマーシャル　　　　　　　　　　 12.2  2.9  5.4  4.1  3.1  3  0.0                           
021921060617102211ゾールシカ　　　　　　　　　　　　　  8.4  2.4 -3.3 20.9  6.7  7  0.0  1  106   73              
021921060717103718ウルトラマリン　　　　　　　　　　　  2.6  1.3  6.2 10.8  5.8  6 13.8                           
021921060817105814リュウノゲキリン　　　　　　　　　　  5.9  1.9 12.2  6.6  6.1  6  0.0                           
021921060917102704ジャッジ　　　　　　　　　　　　　　 20.8  4.5-10.0-10.7 -6.9 -7  0.0                           
021921070116100318スキンズマッチ　　　　　　　　　　　 28.4  6.7 -7.2-20.0 -9.5 -4 26.3                           
021921070216104902トモノヘイヘイ　　　　　　　　　　　 29.7  7.0-10.2 -5.5 -5.1  0  0.0                           
021921070316101070レイナアブソルータ　　　　　　　　　 26.5  6.3-10.2  1.0 -2.7  2  0.0                           
021921070416103438セイウンシェリー　　　　　　　　　　 24.0  5.8 -7.0-14.0 -7.2 -2  0.0  0                        
021921070516104865ブールバール　　　　　　　　　　　　  4.2  1.7  9.3 18.4  9.5 15 13.8                           
021921070616104958レッドルーナ　　　　　　　　　　　　 17.2  4.4-10.0  9.3  0.4  5  0.0  5                        
021921070716100165クリノカリビアン　　　　　　　　　　 35.4  8.2-10.2-10.7 -7.0 -2  0.0                           
021921070816101234トウケイココノエ　　　　　　　　　　 30.2  7.1-10.2-10.5 -6.9 -2  0.0                           
021921070916102978フクノナルボンヌ　　　　　　　　　　  5.0  1.9 12.9 16.7 10.0 15  0.0                           
021921071016102572クリノショウグン　　　　　　　　　　 20.5  5.1  0.7  6.3  2.5  8 22.5                           
021921071116103248フェニアンサイクル　　　　　　　　　  9.4  2.9  8.1  8.2  5.4 10  0.0                           
021921071216105164ビッケ　　　　　　　　　　　　　　　  4.9  1.9 16.2 16.6 10.9 16  0.0                           
021921071316106317ヒルド　　　　　　　　　　　　　　　 70.3 15.3-10.2 -6.9 -5.6 -1  0.0                           
021921071416102681パルセイティング　　　　　　　　　　 32.3  7.5 -3.3-20.0 -8.3 -3  0.0                           
021921071516104328ツクバハナコ　　　　　　　　　　　　  5.4  2.0 15.0 15.8 10.3 15  0.0                           
021921071616106026ラインアポロン　　　　　　　　　　　 16.1  4.2  6.0 -5.9 -0.4  5  0.0                           
021921080115101449ミッキーマンドリン　　　　　　　　　 29.1  6.4-10.4-11.6 -7.4 13  0.0                           
021921080215102595シャドウアイランド　　　　　　　　　  3.3  1.5 11.7 17.1  9.8 30 13.8                           
021921080315103538ラドルクス　　　　　　　　　　　　　 23.6  5.3-10.2 -4.7 -4.8 15  0.0                           
021921080416102269ワンダーエカルテ　　　　　　　　　　 20.3  4.7  2.9 -5.5 -1.1 19 23.8                           
021921080516102227ティボリドライヴ　　　　　　　　　　 29.9  6.5-10.2-10.5 -6.9 13  0.0                           
021921080616103256オーシャンズルーラ　　　　　　　　　  4.7  1.7 17.2 15.5 10.8 31 15.0                           
021921080711104568コウセイマユヒメ　　　　　　　　　　 25.8  5.7-10.4-15.9 -8.9 11  0.0                           
021921080815101404デルマシャンパン　　　　　　　　　　  5.5  1.9  8.5  9.5  6.0 26  0.0  5                        
021921080915106190カリブメーカー　　　　　　　　　　　  9.3  2.7  1.0-11.8 -4.0 16  0.0                           
021921081016101941ヘイセイラスト　　　　　　　　　　　  8.2  2.5 12.1 30.0 14.6 35  0.0                           
021921081113105383チビノヴァルタン　　　　　　　　　　 11.3  2.9  7.3  9.7  5.7 26  0.0  5                        
021921081215102995ノボリソング　　　　　　　　　　　　 32.2  7.0-10.4-10.5 -7.0 13  0.0                           
021921081316103481ニシノアメイズ　　　　　　　　　　　 18.4  4.3  5.0-10.4 -2.3 18  0.0                           
021921081416100359ペイシャキュウ　　　　　　　　　　　 17.6  4.2 -3.0 -4.8 -2.7 17  0.0                           
021921090116103788ダイメイサツキ　　　　　　　　　　　  7.0  2.0  9.8  3.3  4.2 24  0.0                           
021921090214102483サノノショウグン　　　　　　　　　　  9.0  2.4  3.1 -5.4 -1.0 19  0.0                           
021921090315105581セグレートシチー　　　　　　　　　　 20.5  4.3 -0.1 -2.1 -0.8 19  0.0                           
021921090415104496カレンエクスカリバ　　　　　　　　　 23.0  4.6-10.2-10.5 -6.9 13  0.0                           
021921090516102431ノボシュンシュン　　　　　　　　　　  2.7  1.4 18.3 28.4 15.9 36 13.8                           
021921090613103299コスモコレクション　　　　　　　　　 20.7  4.3 -7.0 -8.0 -5.0 15  0.0                           
021921090716104454アカネサス　　　　　　　　　　　　　  4.0  1.6 13.0 15.0  9.4 29 15.0                           
021921090816102275ピュアドリーマー　　　　　　　　　　  8.1  2.3  9.2  9.6  6.3 26  0.0                           
021921090916101961ランネシアーナ　　　　　　　　　　　 28.3  5.5 -1.0-12.8 -5.0 15  0.0                           
021921091012103265トウショウデュエル　　　　　　　　　 14.1  3.1  7.7  8.9  5.6 26 21.3                           
021921091115102013クリノカサット　　　　　　　　　　　 28.3  5.5 -1.0-10.3 -4.1 16  0.0                           
021921091216103071サトノアイビス　　　　　　　　　　　 12.5  2.8 -1.2-10.5 -4.2 16  0.0                           
021921100116100543メガディスカバリー　　　　　　　　　 19.1  4.3 -7.0 -5.3 -4.0 16  0.0                           
021921100216106228アナザーラブソング　　　　　　　　　 12.5  3.0 -2.6 40.0 13.9 34  0.0                           
021921100314105436エレクトロニカ　　　　　　　　　　　  6.8  2.1  9.0 16.0  8.6 29 17.5                           
021921100415104602ヴィーヴルサヴィ　　　　　　　　　　 34.6  7.1-10.2-10.7 -7.0 13  0.0                           
021921100516105200ブランクエンド　　　　　　　　　　　  8.1  2.4  9.0 17.3  9.0 29  0.0                           
021921100616110103ユニコーンライオン　　　　　　　　　  3.1  1.4 18.4 25.8 15.0 35 13.8  1  351   37              
021921100714106196サトノマックス　　　　　　　　　　　  5.4  1.8 11.5 21.3 11.3 31 16.3  1  135   71              
021921100814104326ラストプライドワン　　　　　　　　　 11.8  2.9 -0.3 -5.3 -2.0 18  0.0                           
021921100916104473キングテセウス　　　　　　　　　　　  4.1  1.6 13.4 11.9  8.4 28  0.0                           
021921101016102167メイショウイフウ　　　　　　　　　　 31.1  6.4-10.2 -4.6 -4.7 15  0.0                           
021921101115102431ファストライフ　　　　　　　　　　　 15.5  3.6  1.5  6.4  2.8 23  0.0                           
021921110114100208ウインイクシード　　　　　　　　　　  8.3  2.8 10.2  7.9  6.0 41 18.8                           
021921110213103740ドゥーカ　　　　　　　　　　　　　　 28.6  7.2 -6.2-10.5 -5.7 29  0.0                           
021921110316106071ニホンピロヘンソン　　　　　　　　　 64.8 15.1-10.0-20.0-10.3 25  0.0                           
021921110415104779フィニフティ　　　　　　　　　　　　  5.5  2.1  8.5  8.4  5.6 41  0.0                           
021921110513105677ロライマ　　　　　　　　　　　　　　 10.9  3.2  9.9 22.4 11.2 46 20.0  1  152   75              
021921110614105713ペイドメルヴェイユ　　　　　　　　　 11.2  3.3 -7.0  6.2  0.2 35  0.0                           
021921110712104772ジャズファンク　　　　　　　　　　　 38.9  9.5 -5.8 -3.7 -3.1 32  0.0  5                        
021921110811106405ギブアンドテイク　　　　　　　　　　 16.4  4.5-10.2-15.9 -8.9 26  0.0  0                        
021921110915103930バイオレントブロー　　　　　　　　　 23.1  5.9-10.2-20.0-10.4 25  0.0  0                        
021921111015104899マイハートビート　　　　　　　　　　  5.9  2.2 10.1 11.6  7.3 42 16.3                           
021921111115104126サトノガーネット　　　　　　　　　　  5.3  2.1 12.6 12.0  8.2 43  0.0  5                        
021921111214105945ヘリファルテ　　　　　　　　　　　　 16.8  4.6 -0.3  5.7  2.0 37  0.0  3                        
021921111313103324ハナズレジェンド　　　　　　　　　　 31.2  7.8 -3.8-10.0 -4.8 30  0.0  0                        
021921111414102161カリビアンゴールド　　　　　　　　　  6.3  2.3  9.0 24.0 11.5 47  0.0                           
021921111513101932ペルソナリテ　　　　　　　　　　　　 28.9  7.3-10.2 -5.2 -5.0 30  0.0                           
021921111613103573オブリゲーション　　　　　　　　　　 25.9  6.6 -7.0-10.5 -5.9 29  0.0                           
021921120114104261シュエットヌーベル　　　　　　　　　 12.9  4.7  4.1 20.0  8.6 39  0.0                           
021921120214100555ヤマニンペダラーダ　　　　　　　　　  3.8  1.8 12.8 11.2  7.9 38 15.0                           
021921120313103410オフクヒメ　　　　　　　　　　　　　  3.8  1.7 13.0 11.6  8.2 38  0.0                           
021921120414104161ラニカイシチー　　　　　　　　　　　 18.7  6.8-10.2-15.9 -8.9 21  0.0                           
021921120516104855ダノンジャスティス　　　　　　　　　  2.2  1.3 19.4 26.8 15.6 46 13.8  1  142   75              
021921120615105742トニーファイブ　　　　　　　　　　　 17.0  6.2-10.0 -8.7 -6.2 24  0.0                           
021921120715102528タイセイソニック　　　　　　　　　　  5.1  2.3 11.4 12.9  8.1 38 17.5  3                        
031923010115105010ハーツフェルト　　　　　　　　　　　 15.5  3.0 -2.1  0.7 -0.4  0 10.3                           
031923010215103494ジョーカーワイルド　　　　　　　　　 24.7  4.4-10.4 -6.5 -5.5 -6  0.0                           
031923010315103900ソウラセブン　　　　　　　　　　　　 41.9  7.0-10.0  6.0 -0.8 -1  0.0                           
031923010415104000ニコラオス　　　　　　　　　　　　　 72.8 11.3-10.4-15.2 -8.7 -9  0.0  0                        
031923010512102178ウインバローラス　　　　　　　　　　 24.9  4.4-10.0 -8.8 -6.2 -6  0.0                           
031923010614105062ユキノエルドール　　　　　　　　　　  4.9  1.5  6.0 19.9  9.1  9 12.5                           
031923010714103092ディライトラッシュ　　　　　　　　　 23.8  4.2-10.4 11.0  0.9  1  0.0                           
031923010811104172アンヴェイルド　　　　　　　　　　　 39.4  6.6-13.4-10.2 -7.8 -8  0.0                           
031923010912102281マイネルエスパス　　　　　　　　　　 10.8  2.3 10.4  6.9  5.7  6  0.0                           
031923011015101539カイトチャン　　　　　　　　　　　　 16.4  3.2  9.5  3.6  4.2  4  0.0                           
031923011114103872オースミベリル　　　　　　　　　　　  3.1  1.3 22.0 18.4 13.3 13 19.8                           
031923011213102687トゥルーハート　　　　　　　　　　　  2.6  1.2 21.8 15.9 12.4 12 18.1                           
031923011313102275メジャーリーガー　　　　　　　　　　 47.7  7.8-10.4  5.9 -1.0 -1  0.0                           
031923020116104388レイバーリフォーム　　　　　　　　　 12.1  3.0-10.0  7.0 -0.4  5  7.7                           
031923020216100803シュンラン　　　　　　　　　　　　　 10.9  2.8 -3.5  6.5  1.3  6  7.2                           
031923020316100544コーラル　　　　　　　　　　　　　　 48.0  9.8 -5.6-10.2 -5.4  0  0.0                           
031923020416102210ルージュフォンセ　　　　　　　　　　 64.2 12.5-12.5-10.1 -7.5 -2  0.0                           
031923020516106241フォーアネーム　　　　　　　　　　　  4.8  1.7  6.0 14.1  7.0 12 15.1                           
031923020616105351ダイユウドナテラ　　　　　　　　　　  6.9  2.2  6.0  5.7  3.9  9  6.7                           
031923020716100274タマブラックパール　　　　　　　　　 22.0  4.8 -9.7  2.6 -2.0  3  0.0  5                        
031923020816104978リンラン　　　　　　　　　　　　　　 13.2  3.2 10.0  9.2  6.4 11  0.0                           
031923020916106099キモンカラー　　　　　　　　　　　　  3.2  1.4 15.0 21.6 12.4 17 12.8  2                        
031923021016103629サノノティアラ　　　　　　　　　　　164.3 31.1-10.0 -9.0 -6.3 -1  0.0  0                        
031923021116104092アガパンサス　　　　　　　　　　　　 64.8 12.7-10.4-15.0 -8.6 -4  0.0  0                        
031923021216103359クィーンズウェイ　　　　　　　　　　  4.4  1.6 20.0  3.6  7.3 12  5.8                           
031923021316105828シントークロヒメ　　　　　　　　　　 39.1  8.1-10.0-14.3 -8.2 -3  0.0                           
031923021416104261アクトオネストリー　　　　　　　　　 28.0  6.0-10.0-13.5 -7.9 -3 13.7                           
031923021516102238ラフレシアレディ　　　　　　　　　　 26.3  5.7 -3.9  0.7 -0.9  4  0.0                           
031923030116106485ガルラバン　　　　　　　　　　　　　106.4 19.4-10.0-17.5 -9.4 -4  0.0  0                        
031923030216105920サクラパルジファル　　　　　　　　　  8.3  2.4 15.0 -4.3  2.9  8  0.0  0                        
031923030316103927イデアエルピス　　　　　　　　　　　 39.4  7.8-13.4-17.3-10.4 -5  0.0  0                        
031923030416106431バイプレーヤー　　　　　　　　　　　 28.1  5.8-10.0 -2.4 -3.9  1 13.7                           
031923030516105059ショウナンタイヨウ　　　　　　　　　  6.0  1.9 12.0  9.3  7.0 12  5.8                           
031923030616105032メジャーセブンス　　　　　　　　　　 13.9  3.2  6.0  5.1  3.7  9  0.0                           
031923030716100552ローレルジェイド　　　　　　　　　　 16.8  3.8-10.0  1.3 -2.5  2 16.4  0                        
031923030816105253フォースキャリア　　　　　　　　　　 31.9  6.4 -7.9 -7.5 -5.1  0  0.0  0                        
031923030916106003ミエノカムカム　　　　　　　　　　　 18.4  4.0 -5.5  7.9  1.2  6  0.0                           
031923031016104370ダイレクトフライト　　　　　　　　　 57.6 10.8-10.0-10.9 -7.0 -2  0.0                           
031923031116101924タイセイフレイム　　　　　　　　　　 23.3  4.9-13.4 12.7  0.6  6  0.0                           
031923031216104312シゲルグリンダイヤ　　　　　　　　　  2.4  1.3 15.0 23.5 13.1 18 18.1  2                        
031923031316105464ブルーミングブーケ　　　　　　　　　 41.5  8.2-13.4  0.7 -3.8  1  0.0                           
031923031416100291ワークアンドリッチ　　　　　　　　　  6.7  2.0 13.2 11.6  8.2 13 15.1                           
031923031516101895ノブベック　　　　　　　　　　　　　  7.4  2.2 10.0 11.7  7.3 12  0.0                           
031923040113104365シゲルロウニンアジ　　　　　　　　　  3.2  1.5 19.9 15.3 11.6 32 12.5                           
031923040213103179マストワン　　　　　　　　　　　　　 13.7  5.2 10.0  1.2  3.4 23  0.0                           
031923040311101038エアカーディナル　　　　　　　　　　  2.3  1.2 17.0 15.4 10.7 31 12.8                           
031923040415105417ホウオウカーニバル　　　　　　　　　 13.6  5.1 10.4  2.0  3.9 24  6.8                           
031923040512101321ユアーザワン　　　　　　　　　　　　 33.3 12.0-10.0-10.5 -6.8 13  0.0                           
031923040613100461シンボリダルク　　　　　　　　　　　 20.5  7.6-10.4 -6.5 -5.5 14 10.9                           
031923040713105106トーアディラン　　　　　　　　　　　  2.6  1.3 12.4 20.3 11.2 31 19.8C                          
031923050117104937ペルシャンジュエル　　　　　　　　　 58.2 11.4  4.4-16.2 -4.6 -5  0.0  0                        
031923050217102881シエルヴァ　　　　　　　　　　　　　  7.6  2.3 12.8 13.5  8.8  9  6.3                           
031923050317106385クリップルクリーク　　　　　　　　　 56.1 11.0-10.0-15.6 -8.7 -9  0.0                           
031923050417106567オムニプレゼンス　　　　　　　　　　 15.6  3.7 -9.7 -6.6 -5.3 -5  0.0                           
031923050517105940ジェラペッシュ　　　　　　　　　　　  4.6  1.8 12.0 21.4 11.4 11 14.0                           
031923050617101946バトーブラン　　　　　　　　　　　　 30.1  6.4-10.0-15.7 -8.8 -9  0.0                           
031923050717104626フジマサリアル　　　　　　　　　　　  3.1  1.5 20.0 23.0 14.4 14 10.6                           
031923050817100666ムービーヒロイン　　　　　　　　　　 17.8  4.1 -9.7-15.1 -8.4 -8  0.0                           
031923050917105125トゥインクルウェイ　　　　　　　　　 34.3  7.2-10.0-19.6-10.2-10  0.0  0                        
031923051017102083キララ　　　　　　　　　　　　　　　 23.0  5.0-10.0  6.1 -0.8 -1  0.0                           
031923051117105003デュアルネイチャー　　　　　　　　　  7.6  2.3 13.6 15.6  9.8 10 16.3                           
031923051217103129カシノアジュライト　　　　　　　　　 17.4  4.0-10.0 -4.7 -4.7 -5  0.0                           
031923051317105157ラルナジェナ　　　　　　　　　　　　 15.4  3.6 10.0 14.2  8.2  8 10.9  3                        
031923051417100251マリノソフィア　　　　　　　　　　　 18.2  4.2-10.0 -8.8 -6.2 -6  0.0                           
031923051517109021ルナランス　　　　　　　　　　　　　 41.3  8.5-13.4  6.1 -1.8 -2  0.0                           
031923051617103622ミルキーハート　　　　　　　　　　　 13.1  3.2-10.0  3.1 -1.9 -2  7.2                           
031923060116100507ヒロノトウリョウ　　　　　　　　　　  2.8  1.4 10.0 19.0 10.0 15 12.8                           
031923060216100141ロジベーカ　　　　　　　　　　　　　 13.2  3.0-10.0-11.2 -7.1 -2 18.6                           
031923060316102342クリアセーリング　　　　　　　　　　128.0 22.3-18.3-11.9 -9.9 -5  0.0                           
031923060416101329アイアンユウキャン　　　　　　　　　  8.6  2.4 20.7  2.6  7.2 12  7.2                           
031923060516102385ニシノアレグロ　　　　　　　　　　　207.1 35.8-10.0-10.0 -6.7 -2  0.0                           
031923060616110143ソーシック　　　　　　　　　　　　　  5.9  1.8 20.0 17.6 12.5 17  6.2                           
031923060716102949マリノリヴィエール　　　　　　　　　 42.6  8.1-13.1-20.0-11.3 -6  0.0  0                        
031923060816102407ルンルンバニラ　　　　　　　　　　　  4.0  1.5 15.0 14.0  9.6 15  8.2                           
031923060916101324アイアンゾーン　　　　　　　　　　　 26.7  5.3-10.0 -0.5 -3.2  2  0.0                           
031923061016103458カシノラウト　　　　　　　　　　　　 30.7  6.0 -0.2  3.6  1.3  6  0.0                           
031923061116102427ランランコハク　　　　　　　　　　　 76.5 13.6-10.0-15.6 -8.7 -4  0.0                           
031923061216106310カメリアテソーロ　　　　　　　　　　  7.4  2.1 12.0  8.7  6.8 12  6.8                           
031923061316106607ゼネラルヴィント　　　　　　　　　　 27.0  5.4-10.4  1.4 -2.6  2  0.0                           
031923061416104342ロサデラルス　　　　　　　　　　　　 16.9  3.7 -9.4 -1.5 -3.4  2  8.2                           
031923061516103753グレートリープ　　　　　　　　　　　 69.8 12.5-10.0-10.2 -6.7 -2  0.0                           
031923061616105434センジュエース　　　　　　　　　　　 50.7  9.5-13.4  5.6 -2.0  3  0.0                           
031923070116101098リュウグウヒメ　　　　　　　　　　　  7.7  2.2  8.5 13.5  7.5 13  7.2                           
031923070216101687ブラックミーティア　　　　　　　　　  4.7  1.6 15.0 16.9 10.7 16  8.9C                          
031923070316101186ヴェルサイユコート　　　　　　　　　177.4 31.2-10.0 -2.4 -3.9  1  0.0                           
031923070416102006ヒラボクグレイス　　　　　　　　　　 89.6 16.1-10.0 -7.6 -5.8 -1  0.0                           
031923070516102735イルヴェントデーア　　　　　　　　　  3.5  1.4 19.4 15.3 11.4 16  5.8  2                        
031923070616104154トーアマーブル　　　　　　　　　　　 75.3 13.6-10.0 -5.3 -4.9  0  0.0                           
031923070716102703バームクーヘン　　　　　　　　　　　 73.9 13.4 -9.1  8.6  0.4  5  0.0                           
031923070816101537ウラカン　　　　　　　　　　　　　　 14.7  3.3-10.0  8.8  0.2  5  7.7                           
031923070916102706マメシボリ　　　　　　　　　　　　　 40.5  7.8-10.0  5.3 -1.1  4  0.0                           
031923071016106182リブパッション　　　　　　　　　　　 17.7  3.8  6.0  0.7  2.1  7  0.0                           
031923071116106324ガビーズドリーム　　　　　　　　　　 22.6  4.7  2.9 11.0  4.9 10  8.6  5                        
031923071216101421ヘルメットネエサン　　　　　　　　　171.4 30.1-13.4-16.2-10.0 -5  0.0                           
031923071316102375ニシノテンカラット　　　　　　　　　  7.2  2.1 20.0  8.9  9.3 14 16.3                           
031923071416101601アブシンス　　　　　　　　　　　　　 75.7 13.7-10.0 -8.9 -6.3 -1  0.0                           
031923071516102557リネンビスケット　　　　　　　　　　 36.4  7.1-10.4 -8.4 -6.2 -1  0.0                           
031923071616103217スマートレジーナ　　　　　　　　　　  3.2  1.4  6.0  8.1  4.8 10 12.8                           
031923080115106354ドナプリモ　　　　　　　　　　　　　 39.4  8.0-10.0-17.2 -9.3 11  0.0  0                        
031923080216104408ラテリシウス　　　　　　　　　　　　 19.9  4.4  6.0  6.9  4.3 24  0.0                           
031923080315101609ミュゼット　　　　　　　　　　　　　 21.5  4.7-10.0 -0.1 -3.0 17  0.0                           
031923080415104626パリスハート　　　　　　　　　　　　135.8 25.2-10.0 -8.5 -6.1 14  0.0                           
031923080515102504ラプターゲイル　　　　　　　　　　　 15.3  3.6-10.0 -3.3 -4.2 16  8.2                           
031923080616104029トゥーフラッシー　　　　　　　　　　  3.6  1.4 10.4 19.4 10.2 30 12.8C 3                        
031923080716100908ベルキューズ　　　　　　　　　　　　  3.6  1.4 18.3 27.0 15.4 35 19.8                           
031923080815106441フジノシャイン　　　　　　　　　　　 87.1 16.4-13.4  3.6 -2.7 17  0.0                           
031923080914102959ペイシャリサ　　　　　　　　　　　　 38.9  7.9  4.8-10.2 -2.3 18  0.0  0                        
031923081016103953アイアムピッカピカ　　　　　　　　　  8.3  2.4  6.0  5.3  3.7 24  0.0                           
031923081115104683ナラトゥリス　　　　　　　　　　　　 13.1  3.1 -2.1 12.0  3.8 24  0.0                           
031923081216101909ネオファルコン　　　　　　　　　　　 38.5  7.8-13.4-11.9 -8.4 12  0.0                           
031923081313100654レーヌミラクル　　　　　　　　　　　 82.5 15.6-10.0-12.1 -7.4 13  0.0  0                        
031923081416100605エフルラージュ　　　　　　　　　　　  3.9  1.5 15.0 15.9 10.3 30 15.1                           
031923081515104277デルマカシャーサ　　　　　　　　　　 15.1  3.5-10.0  5.3 -1.1 19  7.7                           
031923090116105482アイルチャーム　　　　　　　　　　　  7.1  2.1 10.0  8.1  6.0 26  0.0                           
031923090215101054バルトフォンテン　　　　　　　　　　  9.0  2.5 11.6  8.4  6.6 27  0.0                           
031923090314101419フクノクオリア　　　　　　　　　　　 55.6 10.3-13.4 -8.5 -7.1 13  0.0                           
031923090415103361ベルペスカ　　　　　　　　　　　　　 29.1  5.8-10.0-11.5 -7.2 13  9.1                           
031923090516102670マイネルアルケミー　　　　　　　　　  3.6  1.5 18.5 27.9 15.8 36 14.0  2                        
031923090613105548シェヴェルニー　　　　　　　　　　　131.5 23.4-10.0-14.0 -8.1 12  0.0  0                        
031923090714105700シャインサンデー　　　　　　　　　　  3.2  1.4 14.0 15.2  9.8 30 18.1                           
031923090814105853アーザムブルー　　　　　　　　　　　 12.5  2.9 12.9  6.1  6.1 26  0.0                           
031923090915103884ケンブリッジビット　　　　　　　　　 60.2 11.1-13.4-18.5-10.8  9  0.0  0                        
031923091015103550プリンシアブラスカ　　　　　　　　　 27.6  5.6-10.0-10.5 -6.8 13  0.0                           
031923091116105005コールザチューン　　　　　　　　　　  5.5  1.8 18.7  9.7  9.2 29  6.3                           
031923091214105922レッドルチア　　　　　　　　　　　　 12.5  2.9  6.0  8.1  4.8 25 19.8                           
031923091314100625ポンポン　　　　　　　　　　　　　　 62.3 11.5-10.0-12.0 -7.4 13  0.0                           
031923091415101487キャンディソング　　　　　　　　　　 52.7 10.0-10.0-14.0 -8.1 12  0.0                           
031923091515100670ドリームジャンボ　　　　　　　　　　 84.2 15.3-10.0-13.2 -7.8 12  0.0                           
031923091614104267ブラックギムレット　　　　　　　　　 86.0 15.6-10.0 -4.7 -4.7 15  0.0                           
031923100114101302ヴァンベールシチー　　　　　　　　　 10.8  2.8-10.4-14.2 -8.3 22  7.7  0                        
031923100215104952コンダクトレス　　　　　　　　　　　  4.6  1.7 21.3 13.9 11.5 41 15.1                           
031923100315106344アシェット　　　　　　　　　　　　　 15.8  3.8 20.0-10.5  2.2 32 11.6                           
031923100413106214フィールドシャルム　　　　　　　　　 36.8  8.0-10.4-10.4 -6.9 23  0.0                           
031923100513103589イチダイ　　　　　　　　　　　　　　  4.8  1.7 12.0  6.0  5.8 36  0.0                           
031923100614105348ジャーミネイト　　　　　　　　　　　  7.0  2.2  6.0  8.4  4.9 35  0.0                           
031923100715100747マイネルキラメキ　　　　　　　　　　  4.4  1.7 10.6 12.1  7.6 38 11.6                           
031923100815104190マハヴィル　　　　　　　　　　　　　  3.6  1.5 20.2 13.3 10.9 41 18.1                           
031923100914103416ディアシューター　　　　　　　　　　 23.4  5.3-10.0  4.8 -1.2 29  0.0  3                        
031923101013101145トウカイシェーン　　　　　　　　　　 57.1 11.7-12.5-10.1 -7.5 23  0.0                           
031923101111104859ボールドジャパン　　　　　　　　　　 20.4  4.8-10.0-12.7 -7.7 22  0.0                           
031923110115105352ジョブックコメン　　　　　　　　　　  7.9  2.1  6.0 10.9  5.8 41  0.0                           
031923110213105535サトノキングダム　　　　　　　　　　  2.4  1.2 20.7 20.7 13.8 49 18.1                           
031923110312103376プレミオテーラー　　　　　　　　　　 16.6  3.4-12.5 -1.2 -4.2 31  0.0                           
031923110414105792ラベルヴィー　　　　　　　　　　　　 46.7  8.2-13.1-10.9 -7.9 27  0.0                           
031923110514105053チカノワール　　　　　　　　　　　　  5.6  1.7 10.1  4.6  4.7 40 16.3                           
031923110614103795ワンダープチュック　　　　　　　　　  4.7  1.5 18.8 15.1 11.2 46 15.1                           
031923110715104513トーセンブレス　　　　　　　　　　　  4.3  1.5 16.2 24.4 13.8 49  5.8                           
031923110813106133ティソーナ　　　　　　　　　　　　　  8.2  2.2 10.0  9.0  6.3 41  7.7                           
031923120116103414ノーベルプライズ　　　　　　　　　　  3.3  1.4 12.4 16.2  9.7 30 19.8A                          
031923120214102135サンマルライバル　　　　　　　　　　182.5 30.5-10.0-12.0 -7.4 13  0.0                           
031923120314103459スリーミネルバ　　　　　　　　　　　 91.5 15.6-10.0-10.0 -6.7 13  0.0                           
031923120414104512アイヅヒリュウ　　　　　　　　　　　 55.5  9.7-10.4 -8.5 -6.2 14  0.0                           
031923120514103377オウケンスターダム　　　　　　　　　 12.0  2.7-10.0 -2.8 -4.0 16  0.0                           
031923120615101381タイセイカレッジ　　　　　　　　　　 87.5 15.0-13.4-11.9 -8.4 12  0.0  0                        
031923120714106436メイクグローリー　　　　　　　　　　121.9 20.6-10.0-12.7 -7.7 12  0.0                           
031923120814100916クリップスプリンガ　　　　　　　　　  4.9  1.6 13.0  8.6  7.1 27  6.3                           
031923120914105251プレゼンス　　　　　　　　　　　　　 20.1  4.1-10.0  2.7 -2.0 18  0.0                           
031923121015104567レヴァンテ　　　　　　　　　　　　　 12.2  2.7  6.2  3.9  3.3 23  7.7A 5                        
031923121113102005ケルベロス　　　　　　　　　　　　　 74.0 12.8-10.0  7.6 -0.2 20  0.0                           
031923121215101387トミケンエンデレア　　　　　　　　　  3.0  1.3 10.0 23.7 11.7 32 18.1  2                        
031923121314104240フラッグアドミラル　　　　　　　　　 15.5  3.3-10.0-14.0 -8.1 12  0.0                           
031923121416102372ブリッツェンシチー　　　　　　　　　 15.2  3.3  6.0  6.7  4.3 24 11.6                           
031923121515100093ユイノチョッパー　　　　　　　　　　 11.8  2.7 20.0  7.6  8.8 29  0.0                           
071933010117102624イッツマイビジネス　　　　　　　　　 14.2  2.7 10.2 -3.7  2.6  8  9.4                           
071933010217102158グートエーデル　　　　　　　　　　　 24.5  4.2 -9.7 -3.3 -4.5  0  0.0                           
071933010317106128リインフォース　　　　　　　　　　　  2.5  1.2 14.3 18.3 10.7 16 18.0                           
071933010417105550ネクサスアルカナム　　　　　　　　　 15.3  2.9 -1.7  4.9  0.8  6  0.0                           
071933010517104206シゲルミズガメザ　　　　　　　　　　 14.1  2.7 -6.7  6.7 -0.4  5 12.6                           
071933010617106278オウサマプリン　　　　　　　　　　　 43.3  6.8-14.0-10.4 -8.3 -3  0.0                           
071933010717105419ミーアシャム　　　　　　　　　　　　  3.3  1.2 17.8 19.3 12.3 17 21.3                           
071933010817104215プリティユニバンス　　　　　　　　　 27.7  4.6 -6.8  8.0 -0.1  5  9.3                           
071933010917103895テーオーマルクス　　　　　　　　　　  2.8  1.2 17.6 21.4 12.9 18  8.8                           
071933020116100538タガノファジョーロ　　　　　　　　　  6.4  2.0  4.6  7.1  3.8  9 21.3                           
071933020216106138ブルベアペスカ　　　　　　　　　　　 26.4  5.3 -8.7-13.8 -7.3 -2  0.0                           
071933020316106469エイシンボールディ　　　　　　　　　  6.7  2.0 13.3 28.2 13.3 18 22.9  1  191   46              
071933020416101315ブルベアカーキ　　　　　　　　　　　 56.4 10.3-10.7-20.0 -9.9 -5  0.0  0                        
071933020516110093フィアボルグ　　　　　　　　　　　　 56.4 10.3-10.7-12.6 -7.7 -3  0.0  0                        
071933020616101610メイショウドウダン　　　　　　　　　 44.0  8.4-11.4-12.0 -7.8 -3  0.0                           
071933020716104987コバルトブルー　　　　　　　　　　　 25.1  5.1 -8.7 -8.7 -5.8 -1  0.0  0                        
071933020816105662アイタイ　　　　　　　　　　　　　　  5.2  1.8 10.9  9.5  6.8 12  0.0                           
071933020916104379アヴァターラ　　　　　　　　　　　　 23.4  4.8 -6.7 -7.1 -4.6  0  0.0  5                        
071933021016110150シブヤクロッシング　　　　　　　　　  7.1  2.1 12.5 16.2  9.4 14 20.5  4                        
071933021116106283キモンボーイ　　　　　　　　　　　　 27.5  5.5 -4.9 -3.6 -2.9  2  0.0                           
071933021216100164エイユーミッション　　　　　　　　　127.9 22.6-11.4-14.0 -8.4 -3  0.0  0                        
071933021316110127ベイズンストリート　　　　　　　　　  2.5  1.3 19.4 23.8 14.3 19 15.6  2                        
071933021416102651ワンダータジャム　　　　　　　　　　 25.4  5.1 -6.7-11.9 -6.0 -1  0.0                           
071933021516101946ブルベアヴェルデ　　　　　　　　　　 63.0 11.5-10.7-14.7 -8.3 -3  0.0                           
071933021616110052スマートネフィリム　　　　　　　　　 28.1  5.6 -8.3-10.0 -6.0 -1  0.0                           
071933030116106063ノーブルクロノス　　　　　　　　　　  7.4  2.3 -1.7 -5.5 -2.3  3  0.0                           
071933030216101448キンショービコー　　　　　　　　　　  8.0  2.5 10.1 11.8  7.2 12 26.2                           
071933030316103258クリー　　　　　　　　　　　　　　　  3.6  1.6 13.4 23.8 12.1 17  9.9                           
071933030416101170ロードオヒア　　　　　　　　　　　　 23.8  5.4-11.4-10.3 -7.3 -2  0.0                           
071933030516105829スマートマウアー　　　　　　　　　　  6.3  2.1  7.9 16.0  7.7 13 11.7                           
071933030616101561グーテンモルゲン　　　　　　　　　　 37.8  8.1-10.7 -1.0 -4.2  1  0.0  5                        
071933030716105946デンコウブレイブ　　　　　　　　　　  7.0  2.2  4.7  9.1  4.5  9 19.1                           
071933030816109066クリノビッグサージ　　　　　　　　　  4.4  1.7 15.9 11.9  9.4 14  8.8                           
071933030916104341テキーラ　　　　　　　　　　　　　　 46.3  9.8-10.7-10.3 -7.0 -2  0.0                           
071933031016101551ダイシンリカール　　　　　　　　　　 30.7  6.7 -0.9-14.1 -4.6  0 10.3                           
071933031116109083スズカモンド　　　　　　　　　　　　 43.9  9.3-11.4-13.8 -8.3 -3  0.0                           
071933031216100963タガノビーダッシュ　　　　　　　　　 89.8 17.9-11.4-12.9 -8.1 -3  0.0  0                        
071933031316101880メイショウカササギ　　　　　　　　　 12.0  3.1  5.3 30.0 10.9 16  0.0  2                        
071933031416100187エーティーキンセイ　　　　　　　　　 60.7 12.3 -5.7-14.8 -6.5 -2  0.0                           
071933031516105155ピエナキャプテン　　　　　　　　　　 30.4  6.7-10.7-10.3 -7.0 -2  0.0                           
071933031616103388メイショウベリー　　　　　　　　　　132.6 26.1-10.7-12.0 -7.5 -3  0.0                           
071933040116105286スパークルガール　　　　　　　　　　 17.9  3.2 -4.3 -5.5 -3.2  2  0.0                           
071933040216103309サドキンザン　　　　　　　　　　　　 20.0  3.5  0.3 13.0  4.0  9 15.3                           
071933040316106250マイマーベラスワン　　　　　　　　　 56.8  8.4 -1.6-11.3 -4.0  1  0.0                           
071933040416102451スズカルージュ　　　　　　　　　　　 30.8  5.0 -2.5-17.8 -6.3 -1  0.0  0                        
071933040516100834モズコールズ　　　　　　　　　　　　  9.3  2.1  3.8 12.8  5.2 10  6.7  4                        
071933040616105369ストラトスフィア　　　　　　　　　　 24.3  4.0  0.9 -8.8 -2.3  3 17.1                           
071933040716106041キャルグリーン　　　　　　　　　　　 81.7 11.7-11.4-12.1 -7.8 -3  0.0                           
071933040816104274トラピッチェ　　　　　　　　　　　　  2.5  1.2 16.5 15.4 10.7 16 15.0                           
071933040916106417セラールネイジュ　　　　　　　　　　 23.2  3.9 -1.5-17.8 -5.9 -1  0.0  0                        
071933041016104843ユキエチャン　　　　　　　　　　　　 13.8  2.6  3.0 -3.0  0.2  5  0.0                           
071933041116102907ルージュオブグレイ　　　　　　　　　 36.6  5.8 -6.7-12.3 -6.1 -1  0.0                           
071933041216104657スノーユニバンス　　　　　　　　　　  2.8  1.3 18.5 17.8 12.1 17 19.6                           
071933041316105615レディポワソン　　　　　　　　　　　 68.3  9.9-10.3-14.0 -8.0 -3  0.0  0                        
071933041416104032ワンダータビアット　　　　　　　　　 63.5  9.3-15.0-11.6 -9.0 -4  0.0                           
071933041516100818オーミハルカゼ　　　　　　　　　　　 13.5  2.6  1.0 10.7  3.6  9 10.3  5                        
071933041616102930ウォーターベルバラ　　　　　　　　　 90.9 13.0-10.8-12.7 -7.8 -3  0.0                           
071933050117106437ベアトリーチェ　　　　　　　　　　　 36.5  6.6-10.7-10.3 -7.0 -7  0.0                           
071933050217103165デンコウリジエール　　　　　　　　　 36.4  6.6-10.8-12.3 -7.7 -8  0.0                           
071933050317105465ラフマニノフ　　　　　　　　　　　　  9.2  2.4  7.4  1.1  3.0  3 22.9                           
071933050417105096シゲルカセイ　　　　　　　　　　　　 26.5  5.0 -2.6  8.3  1.5  2  0.0                           
071933050517105232シャレード　　　　　　　　　　　　　  2.1  1.2 20.6 21.7 14.1 14 18.0                           
071933050617106394サウンドサンビーム　　　　　　　　　 10.9  2.5 13.8-11.9  1.5  1  0.0                           
071933050717105297ナオミラフィネ　　　　　　　　　　　 12.3  2.7  9.2  7.0  5.5  5 10.1                           
071933050817101439ウインサンフラワー　　　　　　　　　 23.8  4.5 -1.6 11.0  2.7  3  0.0                           
071933050917103937アイファーパープル　　　　　　　　　 26.3  5.0-10.7-17.8 -9.3 -9  0.0  0                        
071933051017102854プロークルサートル　　　　　　　　　 12.4  2.7 -1.8  5.2  0.9  1  0.0                           
071933051117105083ホウオウエインセル　　　　　　　　　  5.9  1.8  4.8  3.8  2.9  3 19.6  0                        
071933051217104604ロックアビリティ　　　　　　　　　　 43.0  7.7 -0.3-17.8 -5.4 -5  0.0  0                        
071933051317102421セイウンジュリア　　　　　　　　　　  7.7  2.1 -1.6 13.6  3.5  3  6.7                           
071933060117105414シーハーハー　　　　　　　　　　　　  6.6  2.0  4.4  3.0  2.5  3  8.8                           
071933060217104121コパノライダー　　　　　　　　　　　 34.2  7.0 -9.7 -7.9 -5.9 -6  0.0                           
071933060317103688リリーミニスター　　　　　　　　　　 31.2  6.4 -8.7 -8.6 -5.8 -6  0.0                           
071933060417103650タマモゼーゼマン　　　　　　　　　　 66.7 12.7 -8.5-10.3 -6.2 -6  0.0                           
071933060517106558ホットミスト　　　　　　　　　　　　  3.5  1.5 18.4 19.2 12.5 13 18.0                           
071933060617101017テーオープライム　　　　　　　　　　  8.1  2.4  9.3  4.9  4.9  5  7.7                           
071933060717101362アイファーブルー　　　　　　　　　　 30.7  6.3-10.7 -3.4 -4.9 -5  0.0                           
071933060817106402エルファルコン　　　　　　　　　　　 22.9  4.9 -6.7 -2.4 -3.2 -3  0.0                           
071933060917104113アポロファントム　　　　　　　　　　 13.6  3.2  5.8  5.7  3.8  4  0.0                           
071933061017105827サマーソルト　　　　　　　　　　　　 49.7  9.9-11.4  6.9 -2.1 -2  0.0                           
071933061117105829マーキュリーセブン　　　　　　　　　 43.0  8.6-10.7-17.3 -9.1 -9  0.0  0                        
071933061217105502ファシネートゼット　　　　　　　　　  3.6  1.5 18.8 13.4 10.9 11 19.6                           
071933061317100339プルルス　　　　　　　　　　　　　　 96.5 18.0 -9.7-10.4 -6.7 -7  0.0                           
071933061417100617セイカアーナンダイ　　　　　　　　　 46.6  9.3 -9.7-10.4 -6.7 -7  0.0                           
071933061517100539スマートラビリンス　　　　　　　　　  5.1  1.7 12.9  7.0  6.8  7 21.3                           
071933061617103117ラブリーエンジェル　　　　　　　　　 43.3  8.7 -9.7 -3.1 -4.5 -4  0.0                           
071933070116105176ブラックアイドタフ　　　　　　　　　 25.8  4.8 -0.3  8.2  2.3  7 14.0                           
071933070216102551ルッチョーラ　　　　　　　　　　　　 15.5  3.2  5.6  6.5  4.0  9  0.0                           
071933070316104412ビスタストリカ　　　　　　　　　　　 12.2  2.7  8.6 10.5  6.3 11  0.0  5                        
071933070416105130ジュベルハフィート　　　　　　　　　  9.4  2.4 -2.7 16.1  3.8  9 12.6                           
071933070516100899パワーロワ　　　　　　　　　　　　　 65.2 10.8-10.7-17.8 -9.3 -4  0.0  0                        
071933070616104401アドマイヤジョイ　　　　　　　　　　 16.7  3.4 -2.6  0.6 -0.8  4  8.8                           
071933070716102107スズカコンパス　　　　　　　　　　　118.8 19.2-10.7-20.0 -9.9 -5  0.0  0                        
071933070816102175ダンディズム　　　　　　　　　　　　  3.3  1.4 17.4 15.9 11.1 16 10.8                           
071933070916102184オノーレペスカ　　　　　　　　　　　 52.5  9.1-11.4-11.8 -7.7 -3  0.0                           
071933071016100028ホウサク　　　　　　　　　　　　　　 25.1  4.7 -3.3 -0.8 -1.5  4 16.2  0                        
071933071116101236ゴールデンラン　　　　　　　　　　　 66.1 11.0-10.7-11.9 -7.5 -2  0.0                           
071933071216100356ダイシンラッシュ　　　　　　　　　　197.2 31.4-10.7 -8.2 -6.4 -1  0.0                           
071933071316110031プリンシパル　　　　　　　　　　　　 53.2  9.2 -6.7-12.6 -6.2 -1  0.0  0                        
071933071416106239マッテオ　　　　　　　　　　　　　　 82.4 13.5 -8.0-12.7 -6.7 -2  0.0                           
071933071516104390キャスノワゼット　　　　　　　　　　 62.3 10.4-11.4-12.1 -7.8 -3  0.0                           
071933071616103499グレートベースン　　　　　　　　　　  2.7  1.3 16.8 20.9 12.4 17 15.0  3                        
071933071716102453アビトレイタ　　　　　　　　　　　　110.1 17.8-11.4-14.0 -8.4 -3  0.0  0                        
071933071816103323ブルーエクセレンス　　　　　　　　　  6.1  1.8 14.8 19.2 11.2 16  9.6  2                        
071933080115104972ブルーメンクローネ　　　　　　　　　  4.1  1.6 14.3 15.3  9.8 30  0.0                           
071933080214102151キャンディストーム　　　　　　　　　  9.3  2.8 -2.0 -5.1 -2.3 18  0.0                           
071933080316104755リャスナ　　　　　　　　　　　　　　  7.5  2.4  3.3 12.7  5.0 25  8.8                           
071933080415104712ハナソメイ　　　　　　　　　　　　　 46.4  9.9-10.7-16.7 -8.9 11  0.0  0                        
071933080516110010メトロポール　　　　　　　　　　　　  5.0  1.8 12.5 14.9  9.1 29 21.3                           
071933080616104885ジュンサロベツ　　　　　　　　　　　 19.5  4.6 -1.5  4.6  0.8 21 12.5                           
071933080716104410マイエンフェルト　　　　　　　　　　  7.7  2.4  8.4 -1.9  2.5 23 21.2                           
071933080815101367プリヴェット　　　　　　　　　　　　 77.9 15.7-10.8 -8.3 -6.4 14  0.0                           
071933080915102873エイシンネメシス　　　　　　　　　　 24.8  5.6 -5.2  3.3 -0.9 19  0.0  5                        
071933081016104839ブランノワール　　　　　　　　　　　  3.8  1.6 14.7 21.9 12.0 32 18.0                           
071933081115100195アルマアノン　　　　　　　　　　　　 37.0  8.0-10.7 -8.6 -6.5 13  0.0                           
071933081215104333コスタネラ　　　　　　　　　　　　　 20.8  4.9-10.7 13.0  0.0 20  0.0                           
071933081314103864プリンセスルーラー　　　　　　　　　 31.2  6.9-11.4  1.3 -3.8 16  0.0                           
071933081415105911ピッパ　　　　　　　　　　　　　　　 46.9 10.0-10.7-10.3 -7.0 13  0.0                           
071933081516104321ミッドナイトラヴ　　　　　　　　　　 27.3  6.1 -6.7-13.7 -6.6 13  0.0                           
071933081615104375ダンツクレイオー　　　　　　　　　　152.5 30.2-11.4-10.2 -7.2 13  0.0                           
071933090114103806メイショウバンカラ　　　　　　　　　 31.0  5.1 -6.7-14.1 -6.7 13  0.0  0                        
071933090216102056レオビヨンド　　　　　　　　　　　　 28.3  4.7-14.0-10.3 -8.2 12 10.7                           
071933090314105817ジュンテオドーラ　　　　　　　　　　 25.8  4.4 -8.1 -6.3 -4.9 15  0.0                           
071933090416104413サトノソロモン　　　　　　　　　　　  2.7  1.2 19.8 26.3 15.1 35 18.0  1  137   50              
071933090514106447アドマイヤジョラス　　　　　　　　　  5.3  1.5 14.9  8.4  8.0 28  0.0                           
071933090614102159タガノシャルドネ　　　　　　　　　　 17.0  3.1-10.0-12.3 -7.4 13  0.0                           
071933090716104242ブラックバッジ　　　　　　　　　　　  3.7  1.3 12.8 22.3 11.4 31 18.4  2                        
071933090816104611カセドラルベル　　　　　　　　　　　  2.7  1.2 16.6 30.2 15.1 35 19.6  2                        
071933100114109151テイエムチューハイ　　　　　　　　　  6.6  2.3  5.1 22.4  8.6 39  7.7                           
071933100214104192オールウェイズゼア　　　　　　　　　 61.1 13.8 -9.7-10.4 -6.7 23  0.0                           
071933100314105275マンハッタンロック　　　　　　　　　 14.5  3.9 -8.1 -8.3 -5.5 25  0.0                           
071933100414101854スペリオルシチー　　　　　　　　　　 20.4  5.3 -9.7 -5.4 -5.2 25 14.7                           
071933100514103402ライデンバローズ　　　　　　　　　　  6.4  2.3 -6.8 -7.7 -4.8 25 12.6                           
071933100614103361スズカロング　　　　　　　　　　　　 36.7  8.8 -2.7  6.2  0.9 31  0.0                           
071933100714103434アスターストーリー　　　　　　　　　 34.4  8.3-10.7-14.8 -8.4 22 16.2                           
071933100815105868サクラアリュール　　　　　　　　　　  4.5  1.9 13.8 26.8 13.1 43 15.0                           
071933100915110083ベストマイウェイ　　　　　　　　　　 45.3 10.7-10.7-11.1 -7.3 23  0.0                           
071933101014105512タガノアンピール　　　　　　　　　　 17.8  4.7  7.4 -0.7  2.5 33  0.0                           
071933101115105399ギガバッケン　　　　　　　　　　　　 58.7 13.3  5.8 -6.1  0.3 30  0.0                           
071933101214101156ワンダーウマス　　　　　　　　　　　  8.2  2.7 -1.7 10.9  2.6 33  0.0                           
071933101315104271オーケストラ　　　　　　　　　　　　 33.6  8.1 -9.7 -7.9 -5.9 24 18.9                           
071933101415100659キーフラッシュ　　　　　　　　　　　  5.5  2.1  7.8 15.2  7.4 37  0.0                           
071933101512104761レントラー　　　　　　　　　　　　　  6.2  2.2 11.4-12.0  0.6 31  0.0                           
071933101616100955キコクイーン　　　　　　　　　　　　 18.5  4.8  1.3-11.4 -2.9 27 17.1                           
071933110115104387トロワゼトワル　　　　　　　　　　　  2.5  1.2 18.5 20.1 12.8 48 19.6                           
071933110214106144ディーパワンサ　　　　　　　　　　　  4.8  1.4 13.3 19.7 10.8 46  9.6  2                        
071933110312100936ブラッククローバー　　　　　　　　　 24.2  3.7-14.0-12.3 -8.8 26  0.0                           
071933110414104968アダムバローズ　　　　　　　　　　　  2.4  1.2 16.9 23.6 13.3 48 18.0                           
071933110514102185ジョイフル　　　　　　　　　　　　　 11.9  2.2 10.2 10.7  6.9 42 21.2                           
071933110612100560テルメディカラカラ　　　　　　　　　 20.3  3.3 -5.6-12.7 -5.9 29  0.0                           
071933110713101575カネトシブレス　　　　　　　　　　　 28.9  4.3-14.0-14.7 -9.5 25  0.0                           
071933110813100756キアロスクーロ　　　　　　　　　　　  8.0  1.8 11.3 14.3  8.4 43  8.8                           
071933120114102116ウインクルチェリー　　　　　　　　　 66.5 11.8 -4.3-16.0 -6.4 14  0.0  0                        
071933120215103554ノーブルレゼル　　　　　　　　　　　 69.4 12.3-11.4-14.1 -8.4 12  0.0                           
071933120316102194メイショウヤシャ　　　　　　　　　　  7.7  2.2  8.4 19.8  9.0 29 22.9                           
071933120415110100ツブラナヒトミ　　　　　　　　　　　 31.7  6.1-10.7 -9.6 -6.8 13  0.0                           
071933120515101687モアイ　　　　　　　　　　　　　　　 40.2  7.6-10.7-11.9 -7.5 13  0.0                           
071933120614104669ヒロシゲグローリー　　　　　　　　　 37.8  7.2 -5.5-13.6 -6.1 14  0.0                           
071933120716106400テイエムストーン　　　　　　　　　　 43.5  8.2-10.7 11.0 -0.6 19  0.0                           
071933120816106486メディクス　　　　　　　　　　　　　  7.1  2.1  3.1 15.8  5.9 26 19.6 14                        
071933120914103031メイショウアワジ　　　　　　　　　　 28.4  5.5 -1.2 -3.4 -1.5 19  0.0                           
071933121015105129シャテーヌ　　　　　　　　　　　　　 16.9  3.6  3.9  6.3  3.3 23  0.0                           
071933121115101712トウケイゴコウ　　　　　　　　　　　 83.8 14.7-10.8-14.1 -8.2 12  0.0  0                        
071933121216104058レサイヤ　　　　　　　　　　　　　　 28.9  5.6 -6.7-11.9 -6.0 14  0.0                           
071933121314110029マラードザレコード　　　　　　　　　  2.1  1.3 17.8 18.1 12.0 32 15.0                           
071933121415105681クインズカトレア　　　　　　　　　　  7.3  2.1 11.9  7.6  6.6 27  0.0                           
071933121515103922ルクスムンディー　　　　　　　　　　  7.8  2.2 12.6 13.3  8.6 29 21.2                           
071933121616102144メイショウアマギ　　　　　　　　　　 14.7  3.2  1.8 10.7  3.9 24  0.0  5                        
