011723010115106304クローバーレッド　　　　　　　　　　 25.8  4.6 -2.5 34.4 11.9 17  0.0                           
011723010215101796レベルスリー　　　　　　　　　　　　  7.0  1.9  5.8-11.7 -2.5  2  0.0                           
011723010315102253グランエクシト　　　　　　　　　　　  7.0  1.9 10.5 -3.3  1.9  7 17.5                           
011723010415102529クオーレカルド　　　　　　　　　　　  8.1  2.1 12.7 11.2  7.9 13  0.0                           
011723010515100153クリノモリゾ　　　　　　　　　　　　 36.7  6.3-10.8 -4.8 -5.0  0  0.0                           
011723010615103879パスポート　　　　　　　　　　　　　 18.9  3.6-10.8 -4.8 -5.0  0  0.0                           
011723010715100543ドナキンバリー　　　　　　　　　　　 18.1  3.5-10.8  6.2 -1.0  4  0.0  5                        
011723010815103085ディアバビアナ　　　　　　　　　　　  2.2  1.2 21.6 12.5 11.1 16 13.8                           
011723010915102010ダンツコンフォート　　　　　　　　　  4.2  1.5  9.0 30.1 13.7 19 15.0                           
011723011015100249ラヴバインド　　　　　　　　　　　　 12.1  2.6  0.0 -6.5 -2.4  3  0.0                           
011723020115101094トーセンアスター　　　　　　　　　　 39.0  7.3-10.8 -5.3 -5.2  0  0.0                           
011723020215100127レディオブザレイク　　　　　　　　　 33.0  6.3-10.8-10.7 -7.2 -2  0.0                           
011723020315105014シホノキラメキ　　　　　　　　　　　 41.3  7.7  6.0-10.3 -2.0  3 28.8                           
011723020415101920カシノデジール　　　　　　　　　　　 32.9  6.3-10.8 -9.0 -6.5 -2  0.0                           
011723020515103793ココロストライク　　　　　　　　　　 26.3  5.2-10.8  6.8 -0.7  4 23.8  5                        
011723020615101556マイラティーシャ　　　　　　　　　　 15.9  3.4  2.5 -7.6 -2.0  3  0.0                           
011723020715100571ヤマニンヌヌース　　　　　　　　　　 14.1  3.1 -4.2 31.3 10.2 15  0.0                           
011723020815104720レッドレグナント　　　　　　　　　　  2.6  1.3 18.1 22.1 13.5 19 13.8  1  145   50              
011723020915105512リズロン　　　　　　　　　　　　　　 14.3  3.1-10.7 -4.9 -5.0  0  0.0                           
011723021015102118ペイシェンス　　　　　　　　　　　　 59.6 10.6-10.8-19.5-10.4 -5  0.0  0                        
011723021115105843サヤカチャン　　　　　　　　　　　　  4.1  1.5 18.3 40.0 20.2 25  0.0  1  210   60              
011723021215102635ミスルーア　　　　　　　　　　　　　  5.4  1.7 14.2  8.2  7.3 12  0.0                           
011723021315100919ネオヴォイス　　　　　　　　　　　　 24.8  4.9 -0.2 -9.4 -3.5  1  0.0                           
011723021415103325エムケイフローラル　　　　　　　　　  7.7  2.2  8.2  8.2  5.5 10  0.0                           
011723030114101335ユメノカガヤキ　　　　　　　　　　　 36.2  6.0 -0.2 -5.3 -2.0  3  0.0                           
011723030214101990レッドアランダ　　　　　　　　　　　 11.4  2.4 10.8 14.3  8.5 13 20.0                           
011723030314101014リネンスカッシュ　　　　　　　　　　  8.4  2.1 14.2 11.9  8.6 14  0.0                           
011723030414100995ヒルノコートドール　　　　　　　　　 40.9  6.7-10.8-12.6 -7.9 -3  0.0                           
011723030514106261メイクミーハッピー　　　　　　　　　 10.9  2.3  6.5  6.2  4.2  9  0.0                           
011723030614103786ディアヴイーバル　　　　　　　　　　 40.0  6.5-10.8 -5.5 -5.3  0  0.0                           
011723030714102358スマイルプリティ　　　　　　　　　　 37.1  6.1-10.8-19.1-10.2 -5  0.0  0                        
011723030814102613メイショウラクエン　　　　　　　　　 31.5  5.3-10.8-17.0 -9.5 -4  0.0                           
011723030914105523リープスプラウト　　　　　　　　　　 26.7  4.6-10.8 12.0  1.2  6  0.0                           
011723031014103905テイエムキャラバン　　　　　　　　　 56.1  8.7-10.8 -7.7 -6.1 -1  0.0                           
011723031114105274ガクチカキッズ　　　　　　　　　　　  4.9  1.6 15.0  7.5  7.3 12 15.0                           
011723031214103878ブラックシンデレラ　　　　　　　　　  8.9  2.1 -0.2  5.9  2.1  7  0.0                           
011723031314103286ワールドヴィジョン　　　　　　　　　  1.9  1.2 21.6  6.0  8.7 14 13.8                           
011723031414104540テイエムセイント　　　　　　　　　　 52.6  8.4-10.8-10.7 -7.2 -2  0.0                           
011723040114101933ピンギット　　　　　　　　　　　　　 55.1 10.7-10.8-15.1 -8.8 -4  0.0                           
011723040214106111オーロラエンブレム　　　　　　　　　  5.5  1.8 10.0 25.0 12.2 17 16.3  2                        
011723040314103087ピエナトビーズ　　　　　　　　　　　 51.9 10.4-10.8-10.3 -7.0 -2  0.0                           
011723040414103537ファヴォーラ　　　　　　　　　　　　 12.4  3.0  2.6  0.6  1.0  6  0.0                           
011723040514101416サツキチャン　　　　　　　　　　　　 66.9 12.9-10.8 -8.9 -6.5 -2  0.0                           
011723040614106039ヴェリタブル　　　　　　　　　　　　  4.2  1.6 12.8 28.3 14.2 19 15.0  2                        
011723040714101284ブラウンローズ　　　　　　　　　　　  7.2  2.2  6.0  5.6  3.9  9  0.0                           
011723040814102177アカイバラ　　　　　　　　　　　　　 37.0  7.6-10.8-17.6 -9.7 -5  0.0  0                        
011723040914106128ラーゴブルー　　　　　　　　　　　　  9.1  2.6  6.5  7.8  4.8 10  0.0                           
011723041014105490サウンドラブリー　　　　　　　　　　 10.7  2.7  8.2 -9.4 -1.0  4  0.0                           
011723041114110006スカイフ　　　　　　　　　　　　　　 11.5  2.9-10.7-10.3 -7.0 -2  0.0                           
011723041214104801ミラドール　　　　　　　　　　　　　 28.5  6.0-10.8-13.0 -8.0 -3 23.8  0                        
011723041314101538アイアムビューティ　　　　　　　　　  3.2  1.5 21.6 15.8 12.3 17  0.0                           
011723050115104952コンダクトレス　　　　　　　　　　　  3.9  1.5 11.3 24.7 12.4 12 15.0  2                        
011723050215102704イザベルローズ　　　　　　　　　　　  3.6  1.5  7.1 19.6  9.3  9 13.8                           
011723050315105591ディーズファクター　　　　　　　　　  6.2  2.0 11.8  8.7  6.7  7  0.0                           
011723050415105094ドロテーア　　　　　　　　　　　　　  6.7  2.1  9.1 12.5  7.3  7  0.0                           
011723050515102804ペイシャレイズ　　　　　　　　　　　 41.8  8.6 -6.6-19.1 -9.0 -9  0.0  0                        
011723050615104569デルママンハッタン　　　　　　　　　  7.7  2.3 13.8  6.4  6.5  6  0.0                           
011723050715100846アビーム　　　　　　　　　　　　　　  4.3  1.6 12.1 14.9  9.1  9 16.3  2                        
011723050815106434アーススターリング　　　　　　　　　 20.4  4.6-10.8-18.8-10.1-10  0.0  0                        
011723050915109058ハッピーテーラー　　　　　　　　　　  8.8  2.6-10.2-10.7 -7.0 -7  0.0                           
011723060114103473ロキ　　　　　　　　　　　　　　　　 13.6  3.3 -4.2  6.2  1.0  6 20.0                           
011723060214102299ショウナンタロット　　　　　　　　　 41.0  8.4  2.5-13.1 -4.1  1  0.0                           
011723060314106364ハクシュカッサイ　　　　　　　　　　 50.0 10.1-10.8 -6.7 -5.7 -1  0.0                           
011723060414105839ノルナゲスト　　　　　　　　　　　　 31.9  6.7  0.0  1.1  0.4  5  0.0  0                        
011723060514104326ラストプライドワン　　　　　　　　　 20.8  4.6-10.8 17.0  3.0  8  0.0                           
011723060614106162ミナミ　　　　　　　　　　　　　　　  8.7  2.5 -0.2-11.5 -4.3  1  0.0                           
011723060714105584ブリシンガメン　　　　　　　　　　　  6.4  2.0 14.2  9.2  7.6 13  0.0                           
011723060814102000サトノジーガー　　　　　　　　　　　 24.0  5.2-10.8 -1.9 -3.9  1 22.5                           
011723060914106192ビートフォーセール　　　　　　　　　 58.0 11.3-10.8-13.0 -8.0 -3  0.0                           
011723061014105397ロイヤルアイザック　　　　　　　　　 66.8 12.9-10.7-10.7 -7.1 -2  0.0                           
011723061114101958フェアリーパウダー　　　　　　　　　 44.8  9.1-10.8 -4.2 -4.8  0  0.0                           
011723061214105260オーロファイン　　　　　　　　　　　  4.2  1.6  8.0 16.7  8.5 14  0.0  4                        
011723061314101981ラリュール　　　　　　　　　　　　　100.2 19.0-10.8-10.7 -7.2 -2  0.0                           
011723061414104071オーシャンセブン　　　　　　　　　　  5.0  1.7 21.4 12.2 10.9 16  0.0                           
011723061514101517メイプルストロング　　　　　　　　　 27.3  5.8-10.8  0.5 -3.1  2  0.0                           
011723061614101956モダンハート　　　　　　　　　　　　  3.3  1.4 14.8 25.3 13.7 19 13.8  1  146   63              
011723070113100195ホッコーモモタン　　　　　　　　　　 58.7 12.0-10.9-11.7 -7.6 12  0.0                           
011723070214102019コロラトゥーレ　　　　　　　　　　　  3.3  1.5 20.3 22.5 14.3 34 13.8  2                        
011723070314104314ファミーユボヌール　　　　　　　　　 12.6  3.2 -3.9 -4.6 -2.9 17 21.3                           
011723070414105352ヴィーナスフローラ　　　　　　　　　 23.8  5.4  5.7 16.1  7.6 28  0.0                           
011723070513104098ゼロカラノキセキ　　　　　　　　　　  6.2  2.1 -1.6  8.6  2.7 23  0.0                           
011723070613104604ペイシャマリヤ　　　　　　　　　　　  5.0  1.8 11.3  7.0  6.0 26  0.0                           
011723070714102705ニシノヒナマツリ　　　　　　　　　　 12.0  3.1 12.9  1.3  4.3 24  0.0                           
011723070812102554ミンナノプリンセス　　　　　　　　　 11.7  3.0-10.8-13.8 -8.3 12  0.0                           
011723070911102144サクラヴィオーラ　　　　　　　　　　 28.0  6.2-10.8-15.0 -8.7 11  0.0                           
011723071014102688ジャスティンラヴ　　　　　　　　　　 22.6  5.1-10.8  1.8 -2.6 17  0.0                           
011723071114102360ジェイケイオジョウ　　　　　　　　　 47.9 10.2-10.9  2.7 -2.3 18  0.0                           
011723071212104802クローソー　　　　　　　　　　　　　  6.2  2.1 10.9 16.2  9.2 29 17.5                           
011723071313106192マカレア　　　　　　　　　　　　　　 20.2  4.8-10.9-10.3 -7.0 13  0.0                           
011723071414103514パワフルヒロコ　　　　　　　　　　　 63.3 12.9-10.8 -6.5 -5.6 14  0.0                           
011723071513106245アマルティア　　　　　　　　　　　　 85.4 17.2 -2.8-20.0 -8.2 12  0.0                           
011723071613103950リルティングインク　　　　　　　　　 32.5  7.1 -2.9-10.7 -4.8 15  0.0  0                        
011723080112102766グレートブレス　　　　　　　　　　　  3.8  1.6 14.2 40.0 18.9 39  0.0  1  404   40              
011723080213105548シェヴェルニー　　　　　　　　　　　 45.1  9.1-10.9-20.0-10.6  9  0.0                           
011723080313105908ビップフウマ　　　　　　　　　　　　 27.7  5.8 -6.4 -7.0 -4.5 16  0.0                           
011723080414101697サクセスライン　　　　　　　　　　　 37.3  7.6-10.2-13.0 -7.8 12  0.0  0                        
011723080513102098テンプルツリー　　　　　　　　　　　  6.5  2.0  4.9 11.5  5.7 26 16.3                           
011723080612104594タイセイラビッシュ　　　　　　　　　 12.2  3.0 10.8  0.5  3.4 23  0.0                           
011723080714100654エピューレ　　　　　　　　　　　　　  3.4  1.5 16.4 16.3 10.9 31 13.8                           
011723080813104869キセキノケイフ　　　　　　　　　　　  9.3  2.6  2.7 -3.7 -0.5 19  0.0                           
011723080913104777ゼットフーリ　　　　　　　　　　　　 14.7  3.5 -6.4 -4.1 -3.4 17  0.0                           
011723081014105059ダブルミステリー　　　　　　　　　　 18.6  4.2 -5.9-13.6 -6.8 13  0.0                           
011723081112100999セイウンアワード　　　　　　　　　　  8.6  2.5-10.8  1.5 -2.7 17  0.0  5                        
011723081214102329クリノレオノール　　　　　　　　　　  6.8  2.1 11.0 12.1  7.7 28 17.5                           
011723090113103395ドルフィンマーク　　　　　　　　　　 12.6  3.1 -1.5  9.5  3.0 23  0.0                           
011723090212102939ナンヨーテンプル　　　　　　　　　　 35.5  7.3-10.9-12.4 -7.8 12  0.0                           
011723090314102898ホウオウドリーム　　　　　　　　　　  3.3  1.4 12.2 13.9  8.8 29 13.8  5                        
011723090413101946マイネルクラフト　　　　　　　　　　  4.2  1.6 12.5 40.0 18.4 38 16.3  1  602   50              
011723090513103690サンホッブズ　　　　　　　　　　　　 16.1  3.7 -4.8  6.4  0.9 21 22.5                           
011723090613105976ピッツィカート　　　　　　　　　　　 10.7  2.7  6.4 -7.6 -0.9 19  0.0                           
011723090713106184ハイドロフォイル　　　　　　　　　　 20.3  4.5-10.8-10.2 -7.0 13  0.0                           
011723090813105031エクセレントミスズ　　　　　　　　　  7.2  2.2  5.3  4.7  3.3 23  0.0                           
011723090913100555ラッシュアワー　　　　　　　　　　　  3.9  1.5 15.4 13.2  9.5 29  0.0                           
011723091014100590エール　　　　　　　　　　　　　　　 24.3  5.2 -5.3 -1.0 -2.0 18  0.0  0                        
011723091113104780フォーラウェイ　　　　　　　　　　　 15.3  3.6  1.6-12.6 -4.1 16  0.0                           
011723100111106102ヴァッフシュテルケ　　　　　　　　　 29.2  6.7-10.9  1.1 -2.9 27  0.0                           
011723100213106129サルドナ　　　　　　　　　　　　　　  4.8  1.8 10.3 12.7  7.7 38  0.0                           
011723100309104888レヴァンタール　　　　　　　　　　　 21.9  5.2-10.2-10.7 -7.0 23  0.0                           
011723100412110030パラダイスガーデン　　　　　　　　　  7.2  2.3 14.5 27.6 14.5 44  0.0  4                        
011723100514106523ドゥモワゼル　　　　　　　　　　　　 51.3 11.2-10.8-18.8-10.1 20  0.0  0                        
011723100611106567テーオーソルジャー　　　　　　　　　 46.9 10.3 -6.6 -4.1 -3.5 27  0.0                           
011723100712106382クリノスイートピー　　　　　　　　　 47.2 10.4  1.6-10.7 -3.4 27  0.0                           
011723100811109160クラウンアイリス　　　　　　　　　　  3.8  1.6 15.7 10.6  8.6 39 13.8                           
011723100913103606キャンディバローズ　　　　　　　　　  4.9  1.8  6.1 15.2  7.4 37 16.3  2                        
011723101012103499ラホーヤビーチ　　　　　　　　　　　  7.6  2.4  5.3 30.0 12.6 43 18.8                           
011723101114100814マイネルパラディ　　　　　　　　　　  8.3  2.6 -2.9 40.0 13.8 44  0.0  1  210   60              
011723101212104181キッズライトオン　　　　　　　　　　 14.3  3.7  1.5-20.0 -6.9 23  0.0  0                        
011723101311106571マユキ　　　　　　　　　　　　　　　 13.6  3.5 -5.9-19.3 -8.8 21  0.0                           
011723101413103971ジェイラー　　　　　　　　　　　　　 77.2 16.1-10.8-10.2 -7.0 23  0.0                           
011723110112104930レインボーソング　　　　　　　　　　 35.1  7.2-10.0-10.3 -6.8 28  0.0                           
011723110213102323ゲッカコウ　　　　　　　　　　　　　 15.7  3.6 -0.9  6.4  2.1 37  0.0                           
011723110314102087エトルディーニュ　　　　　　　　　　  4.1  1.7 17.9  8.0  8.3 43 15.0                           
011723110411102076メイクアップ　　　　　　　　　　　　  7.5  2.2  0.4-10.1 -3.6 31  0.0                           
011723110509106679ダイヤモンドダンス　　　　　　　　　 12.3  3.0-10.9-10.7 -7.2 28  0.0                           
011723110613106474ケンホファヴァルト　　　　　　　　　 17.6  4.0  2.7 28.9 11.4 46  0.0                           
011723110711104263サトノスティング　　　　　　　　　　 18.8  4.2-10.0 -3.4 -4.2 31 23.8  4                        
011723110811103696ショウナンマルシェ　　　　　　　　　 23.6  5.0  6.5 28.3 12.3 47  0.0                           
011723110911104643ハツガツオ　　　　　　　　　　　　　 23.1  5.0 -6.4-20.0 -9.3 26  0.0                           
011723111011101149ウインフェニックス　　　　　　　　　  8.9  2.5  6.2 11.7  6.2 41 17.5                           
011723111111100822デルマサリーチャン　　　　　　　　　  9.0  2.6  3.3 -3.3 -0.2 35  0.0                           
011723111213102955クロコスミア　　　　　　　　　　　　  3.2  1.5 20.3 19.2 13.1 48  0.0                           
011723111309102640ベルニーニ　　　　　　　　　　　　　 25.8  5.5-10.9-20.0-10.6 24  0.0  0                        
011723111410106229トミケンスラーヴァ　　　　　　　　　 33.8  7.0-10.9 -3.3 -4.5 31  0.0                           
011723120111104121オトコギマサムネ　　　　　　　　　　 53.1  9.0-10.9-10.3 -7.0 13  0.0                           
011723120214105257レイダー　　　　　　　　　　　　　　  3.2  1.3 16.0 18.0 11.4 31 15.0  4                        
011723120314109075リヴァイアサン　　　　　　　　　　　  2.7  1.2 17.7  5.6  7.4 27 13.8                           
011723120413103739モルゲンロート　　　　　　　　　　　  3.7  1.3 17.1 14.9 10.6 31  0.0                           
011723120514102666アシャカリブラ　　　　　　　　　　　 23.6  4.4 -0.3  1.7  0.5 21  0.0                           
011723120613104802グロリアスメーカー　　　　　　　　　 26.6  4.8  3.6 -9.2 -2.3 18 22.5                           
011723120713103712ラブオールミー　　　　　　　　　　　 46.1  7.9-11.4-10.7 -7.3 13  0.0                           
011723120813100184バークレアヴィガ　　　　　　　　　　 12.3  2.6-10.6-14.3 -8.4 12  0.0                           
011723120914100237エレクトリイオネ　　　　　　　　　　 27.2  4.9 -2.9  0.9 -0.5 19  0.0                           
011723121013102907ギンザマトリックス　　　　　　　　　 22.8  4.2  1.6 -5.3 -1.5 19  0.0                           
011723121113101748キングラディウス　　　　　　　　　　 12.7  2.7 -0.2  4.3  1.5 22  0.0                           
011723121214102919メイショウイッポン　　　　　　　　　 31.4  5.6-10.9  2.3 -2.4 18  0.0                           
041729010115100701コスモハーキュリー　　　　　　　　　 53.4  9.8-14.7 -9.1 -7.7 -3  0.0                           
041729010215102948マイネルソラニテ　　　　　　　　　　 37.1  7.0-11.3-11.7 -7.7 -3  0.0                           
041729010315103322マイネルシクザール　　　　　　　　　 24.7  4.9  8.0  1.6  3.0  8  0.0  3                        
041729010415104142ミッキーチャイルド　　　　　　　　　  5.6  1.8 13.1 11.8  8.3 13  6.3                           
041729010515101080デルマサイドカー　　　　　　　　　　 34.2  6.5-10.0 -8.5 -6.1 -1  0.0                           
041729010615103654ハクサンフエロ　　　　　　　　　　　  5.9  1.8 20.7 22.9 14.6 20  6.7  5                        
041729010715100712マイネルセッカ　　　　　　　　　　　 15.3  3.3  6.0  6.3  4.1  9  8.2                           
041729010815105933ウーマンレジェンド　　　　　　　　　  3.4  1.4 15.0 19.6 11.7 17 19.8                           
041729010915100735クインチ　　　　　　　　　　　　　　 10.9  2.6-10.0  6.6 -0.6  4  0.0                           
041729011015110065ニシノトランザム　　　　　　　　　　 14.4  3.2 -2.1  3.9  0.8  6 10.9  5                        
041729011115100115キーポジション　　　　　　　　　　　 23.1  4.6 20.0-15.1  0.5  5  0.0                           
041729011215105084スターフィールド　　　　　　　　　　  3.0  1.4 17.5 25.6 14.6 20 12.8                           
041729020114110069パルトゥー　　　　　　　　　　　　　  6.9  2.3 15.0 10.4  8.3 13  6.8                           
041729020214102357ファシル　　　　　　　　　　　　　　 64.8 14.2-11.3-10.6 -7.3 -2  0.0                           
041729020314100299グローリアスイリス　　　　　　　　　 34.2  8.0-10.0 -1.9 -3.7  1  0.0  5                        
041729020414105282ハイヤーアプシス　　　　　　　　　　  5.4  2.0  9.7 36.7 16.4 21  5.8                           
041729020514102825フィールザサンダー　　　　　　　　　  4.0  1.7 11.3 21.1 11.1 16 12.8                           
041729020614101839クラウンジョイア　　　　　　　　　　 51.5 11.7-13.6 -9.8 -7.7 -3  0.0                           
041729020714104773カラーアゲン　　　　　　　　　　　　  5.8  2.1 10.3  7.8  5.9 11  8.9                           
041729020814102605グラスハーモニー　　　　　　　　　　 14.1  3.7  2.0  7.1  3.2  8  0.0                           
041729020914101959ウィズネイチャー　　　　　　　　　　 14.4  3.8 20.0 -0.2  5.9 11 19.8  0                        
041729021014110042ジュンアイルランド　　　　　　　　　139.9 29.9-13.6-11.0 -8.1 -3  0.0                           
041729021114103259エレノアカフェ　　　　　　　　　　　 24.9  6.0-10.0 14.8  2.4  7  9.7                           
041729021214103647ジェイケイマヤヒメ　　　　　　　　　 87.5 18.9-11.3 -7.6 -6.2 -1  0.0                           
041729021314105339アルーリングデイズ　　　　　　　　　 25.8  6.2-11.3-11.7 -7.7 -3  0.0                           
041729021414105457ヴェルデミーティア　　　　　　　　　  7.1  2.4 11.5-12.0 -0.9  4  7.2                           
041729021514100730ダイバージェント　　　　　　　　　　 17.8  4.5 -2.9-10.6 -4.8  0  0.0                           
041729021614105516ディーワンプリモ　　　　　　　　　　113.6 24.4-10.0-10.4 -6.8 -2  0.0                           
041729021714102280ペイシャブルー　　　　　　　　　　　 14.8  3.9  0.8  7.8  3.1  8  0.0  3                        
041729021814109076ソードヴァルキリー　　　　　　　　　 42.3  9.7-11.3-13.6 -8.4 -3  0.0                           
041729030114103451アロエ　　　　　　　　　　　　　　　  6.9  2.1  6.0  9.2  5.2 10 15.2                           
041729030214105657タイセイロブスト　　　　　　　　　　 41.5  8.4-11.3-12.4 -7.9 -3  0.0  0                        
041729030314100741コスモノーズプレス　　　　　　　　　  7.6  2.3 -0.5 18.2  6.5 12  7.2                           
041729030414109116アキブレイブ　　　　　　　　　　　　 60.1 11.6-10.0 -9.8 -6.6 -2  0.0                           
041729030514104409ラッキーアドバンス　　　　　　　　　  5.4  1.9 12.0 18.9 10.5 16  0.0 1                         
041729030614100234ウインラヴィベル　　　　　　　　　　 45.2  9.1-10.0-12.2 -7.5 -2  0.0                           
041729030714103346トーホウウノ　　　　　　　　　　　　 57.8 11.2-10.0 -2.6 -4.0  1  0.0  0                        
041729030814102632ローレルモナルカ　　　　　　　　　　 31.0  6.5-10.4 -2.7 -4.1  1  0.0                           
041729030914100200カジノシップ　　　　　　　　　　　　 14.3  3.4  6.0  6.2  4.1  9  0.0                           
041729031014100634ピペラ　　　　　　　　　　　　　　　 32.6  6.8-10.0-11.3 -7.1 -2  0.0                           
041729031114104910サクラレガーロ　　　　　　　　　　　  7.0  2.1  1.7 18.1  7.1 12  6.7                           
041729031214105468オメガジェルベーラ　　　　　　　　　  2.7  1.4 17.1 16.7 11.3 16 18.1  2                        
041729031314105987ミステキサス　　　　　　　　　　　　 37.7  7.7-10.0  5.4 -1.0  4  0.0                           
041729031414102657ゴールドアドミラル　　　　　　　　　 18.1  4.1 20.0 -4.7  4.3  9 12.3  0                        
041729031514106043ホーセズネック　　　　　　　　　　　 11.3  2.8-10.0 11.4  1.2  6  7.7  5                        
041729040111101775ヴィンセンツイヤー　　　　　　　　　  5.3  1.6 10.4  2.0  3.9  4  6.3  0                        
041729040213105125サムライフォンテン　　　　　　　　　  3.1  1.3 15.0  2.9  5.6  6 14.0A                          
041729040314109052ビップディオス　　　　　　　　　　　 29.5  5.3 -2.9 -6.3 -3.2 -3  0.0  5                        
041729040410100458ボブキャット　　　　　　　　　　　　  2.7  1.3 18.7 18.9 12.5 13 18.1                           
041729040514105572アサクサチャンス　　　　　　　　　　 23.4  4.3 -6.5 -1.6 -2.5 -3  0.0                           
041729040612102265ブルーガーディアン　　　　　　　　　 27.3  4.9-10.4  6.9 -0.6 -1 14.4                           
041729040712100922カゼノトビラ　　　　　　　　　　　　 22.6  4.2  6.2  6.8  4.4  4  8.2                           
041729040814104657ショウナンアリスト　　　　　　　　　 12.5  2.6  6.2 16.2  7.8  8  0.0                           
041729040910102449パトロクロス　　　　　　　　　　　　 15.1  3.1 12.0 14.0  8.7  9  0.0                           
041729041013102806ニシノファルコン　　　　　　　　　　 12.6  2.7  6.0  6.1  4.0  4  7.2                           
041729041111102576シップウ　　　　　　　　　　　　　　 26.9  4.9-10.4 -6.7 -5.6 -6  0.0  0                        
041729041214109001ホーガンブリッジ　　　　　　　　　　 23.1  4.3-10.4 10.6  0.8  1  0.0                           
041729050115101779ニシノオクタゴン　　　　　　　　　　 43.3  8.5-10.0-11.3 -7.1 -7  0.0                           
041729050215100476ウインスラーヴァ　　　　　　　　　　 26.9  5.5-10.0  3.4 -1.8 -2  0.0                           
041729050315101240クラウンクラシック　　　　　　　　　 45.2  8.9 -0.9 -7.6 -3.1 -3  0.0  0                        
041729050415103537アウデンティア　　　　　　　　　　　  9.2  2.6  9.7 11.0  6.9  7  7.2                           
041729050515102205スイートフラッシュ　　　　　　　　　 34.7  6.9-11.3-10.4 -7.2 -7  0.0                           
041729050615100679ゲームチェンジャー　　　　　　　　　 62.5 11.7-10.0-11.8 -7.3 -7  0.0                           
041729050715104815ラストプリマドンナ　　　　　　　　　 15.5  3.5 -6.0-13.7 -6.8 -7  0.0                           
041729050815109066フューチャフラッグ　　　　　　　　　110.1 20.1 -8.5-10.2 -6.3 -6  0.0                           
041729050915110076ケンデスティニー　　　　　　　　　　 29.2  6.0 -6.0  6.6  0.6  1  0.0  4                        
041729051015104927グランサム　　　　　　　　　　　　　  6.8  2.1  9.3  5.7  4.9  5  9.6                           
041729051115109007カシノソルジャー　　　　　　　　　　 71.5 13.3 -7.3 -7.7 -5.0 -5  0.0                           
041729051215110028アメリカンファクト　　　　　　　　　  6.4  2.0 13.3  7.2  6.6  7  6.3                           
041729051315100635エントシャイデン　　　　　　　　　　  4.7  1.7 18.8 18.1 12.3 12 11.6  4                        
041729051415100156グランカナーレ　　　　　　　　　　　194.1 34.9 -6.2-14.8 -7.3 -7  0.0                           
041729051515106164ラヴシーフ　　　　　　　　　　　　　 25.6  5.3 -2.9  0.6 -0.6 -1 12.3                           
041729051615102392シグナライズ　　　　　　　　　　　　  2.7  1.4 25.1 20.4 15.0 15 18.1  3                        
041729051715103144トレジャード　　　　　　　　　　　　 18.5  4.1-11.0-12.8 -8.0 -8  0.0                           
041729051815110004ストレイライトラン　　　　　　　　　 60.1 11.3-11.3 -1.2 -3.8 -4  0.0  5                        
041729060114106437ナンヨーウラヌス　　　　　　　　　　 15.5  3.5 -5.8 -6.2 -4.0  1  0.0                           
041729060214100059スズレジーム　　　　　　　　　　　　 24.3  5.1 -2.1 -1.8 -1.3  4  0.0  0                        
041729060314105988クインズゴールド　　　　　　　　　　 29.7  6.0-10.0-13.2 -7.8 -3  0.0                           
041729060414104387サラノア　　　　　　　　　　　　　　 50.6  9.8-10.0-12.1 -7.4 -2  0.0                           
041729060514102193コアニードル　　　　　　　　　　　　 51.9 10.1-11.3-12.4 -7.9 -3  0.0  0                        
041729060614103792ティアップポケット　　　　　　　　　 46.2  9.0-10.0-12.7 -7.7 -3  0.0  0                        
041729060714100385ジンダイ　　　　　　　　　　　　　　230.3 41.3-11.3-12.2 -7.9 -3  0.0                           
041729060814102826ファンシーアモン　　　　　　　　　　 85.8 15.8-11.3-12.2 -7.9 -3  0.0  0                        
041729060914106030フェアリーフォート　　　　　　　　　 12.0  2.9  6.0  7.1  4.4  9 17.5                           
041729061014104799マロンクリスタル　　　　　　　　　　224.4 40.2-11.3-10.4 -7.2 -2  0.0                           
041729061114105992スパイラルダイブ　　　　　　　　　　  3.1  1.4 12.0 21.3 11.4 16 18.1                           
041729061214100685ベントデアモーレ　　　　　　　　　　 40.8  8.1-10.0-17.8 -9.5 -5  0.0  0                        
041729061314102234ホーププラウド　　　　　　　　　　　 23.0  4.8-11.0 -1.8 -4.0  1  0.0                           
041729061414106062サルダーナ　　　　　　　　　　　　　 11.2  2.7 13.3 12.5  8.6 14  6.8                           
041729061514105425ヘヴントゥナイト　　　　　　　　　　  5.7  1.8 10.7  7.2  5.8 11  8.9                           
041729061614105330ロイヤルシーロード　　　　　　　　　 24.0  5.0 10.0-11.8 -1.3  4  0.0                           
041729061714105409オーランガバード　　　　　　　　　　  3.9  1.6 18.1 28.1 15.7 21 11.6  1  157   51              
041729061814105269パーリオ　　　　　　　　　　　　　　 13.2  3.1 15.0 -2.5  3.6  9  0.0                           
041729070114101431ガッティナーラ　　　　　　　　　　　 46.6  9.6-11.3-13.6 -8.4 12  0.0                           
041729070213104515アルティジャーノ　　　　　　　　　　104.3 20.1-11.3-11.8 -7.7 12  0.0                           
041729070313102276カムイ　　　　　　　　　　　　　　　 45.5  9.4-10.0  6.3 -0.7 19  0.0                           
041729070413110091ベラポーサ　　　　　　　　　　　　　  4.2  1.6 15.9 21.8 12.8 33 19.8  2                        
041729070513106316アンビリーバボー　　　　　　　　　　124.9 23.9-11.3-10.4 -7.2 13  0.0                           
041729070613100786パルトネルラーフ　　　　　　　　　　  7.9  2.4-10.0 13.7  2.0 22 14.5  4                        
041729070714106522セガールモチンモク　　　　　　　　　 15.8  3.7  0.9 20.6  7.8 28  0.0                           
041729070813106095ゴールデンブレイヴ　　　　　　　　　  5.0  1.7 14.6 11.4  8.6 29  8.9                           
041729070913110095リアリゾンルレーヴ　　　　　　　　　 28.8  6.2 -8.6-10.2 -6.3 14  0.0                           
041729071012106148ダッシングブルー　　　　　　　　　　 23.0  5.1 -4.4  3.8  0.1 20  0.0                           
041729071113105842スピアザゴールド　　　　　　　　　　  6.8  2.1  2.0  6.7  3.1 23  0.0                           
041729071213100522トーホウリーガル　　　　　　　　　　 18.8  4.3  2.7  5.9  3.0 23  0.0                           
041729071314105032シルバーストーン　　　　　　　　　　 69.7 13.6-10.0-16.4 -9.0 11  0.0  0                        
041729071413105679マツリダバッハ　　　　　　　　　　　 12.5  3.1  1.7 -7.4 -2.2 18  0.0                           
041729071512101317ラインフェルス　　　　　　　　　　　  3.4  1.5 13.3 13.2  8.8 29 18.1 12                        
041729080113105103トーアヒミコ　　　　　　　　　　　　 42.8  7.9-10.0-11.5 -7.2 18  0.0                           
041729080211105995メイショウアラワシ　　　　　　　　　 12.5  2.8  7.5  4.3  3.8 29 10.3                           
041729080313106062グッドスカイ　　　　　　　　　　　　  3.9  1.4 17.0 13.7 10.1 35 15.1                           
041729080412103115マイネルポルトゥス　　　　　　　　　 38.8  7.3-10.4 -6.3 -5.4 20  0.0                           
041729080508105524タナトス　　　　　　　　　　　　　　 37.9  7.1-12.5 -6.6 -6.2 19  0.0  5                        
041729080611106242ラステラ　　　　　　　　　　　　　　 22.0  4.4  6.0  7.1  4.4 29  0.0                           
041729080712103615ツジスーパーサクラ　　　　　　　　　 17.7  3.7  9.9  4.7  4.7 30  0.0                           
041729080810104551リスヴェリアート　　　　　　　　　　  6.5  1.9 11.4 11.1  7.5 32 23.1                           
041729080909106388ホーカーテンペスト　　　　　　　　　  2.8  1.3 18.6 18.8 12.5 37  5.3                           
041729081010103339タマモプラネット　　　　　　　　　　 25.5  5.0-12.5 -6.6 -6.2 19  0.0                           
041729081112104966ハギノパトリオット　　　　　　　　　  3.6  1.4 18.6 14.7 11.0 36 11.6                           
041729081212100680マイネルレハイム　　　　　　　　　　 43.3  8.0-11.3 -9.1 -6.7 18  0.0                           
041729090114103425スペルマロン　　　　　　　　　　　　  6.2  2.0 10.3  5.9  5.3 35  5.8 1                         
041729090211104308レインオーバー　　　　　　　　　　　 11.7  2.9  7.8  7.9  5.2 35 10.9  5                        
041729090312105906ノワールギャルソン　　　　　　　　　 34.1  7.1 -8.7-11.3 -6.8 23  0.0                           
041729090410102288バイタルフォルム　　　　　　　　　　115.2 21.8-11.3-11.8 -7.7 22  0.0                           
041729090512106019ワンダーアツレッタ　　　　　　　　　 45.4  9.2-12.5  0.1 -3.7 26  0.0                           
041729090611102102サクラルコール　　　　　　　　　　　  8.5  2.5  8.3 13.4  7.4 37  0.0                           
041729090711104543アルファアリエス　　　　　　　　　　 28.0  5.9-10.0  7.1 -0.4 30  0.0                           
041729090812105747ソルプレーサ　　　　　　　　　　　　 11.7  2.9 -5.0 21.2  6.3 36  8.2                           
041729090912110112ラテラス　　　　　　　　　　　　　　  7.0  2.2  9.0 15.5  8.4 38 16.3                           
041729091012105645スケロク　　　　　　　　　　　　　　 31.6  6.6-11.3-16.0 -9.3 21  0.0  0                        
041729091112101132トミケンシェルフ　　　　　　　　　　 53.4 10.7-10.0-11.7 -7.3 23  0.0                           
041729091211106130サンライズレーヴ　　　　　　　　　　 27.2  5.8-12.5 -4.8 -5.5 24  0.0                           
041729091312100601バイタルフォース　　　　　　　　　　  2.6  1.4 20.4 21.0 13.8 44 18.1                           
041729091411105264ゴールドリーガル　　　　　　　　　　 23.1  5.0  1.3 -4.8 -1.4 29  0.0                           
041729091511104098カレンマタドール　　　　　　　　　　  6.7  2.1  7.5 12.7  6.9 37  6.3  5                        
041729100108100889ユキノアイオロス　　　　　　　　　　 13.9  3.4  5.0 -1.2  1.1 36  0.0  5                        
041729100212102404エリーティアラ　　　　　　　　　　　 29.4  6.4 -5.0-11.7 -5.8 29  0.0                           
041729100312104264ダンシングワンダー　　　　　　　　　 10.6  2.8 11.4  9.4  6.9 42 10.9                           
041729100410106163ブライトチェリー　　　　　　　　　　 11.0  2.8  6.0  7.2  4.4 39  8.2                           
041729100512101504ブラックバード　　　　　　　　　　　 52.3 10.9-10.0-11.7 -7.3 28  0.0                           
041729100612101355スペチアーレ　　　　　　　　　　　　  8.8  2.6 -1.4 14.0  4.7 40  7.2                           
041729100711101727イオラニ　　　　　　　　　　　　　　  6.3  2.1 20.0 16.0 11.9 47 12.5                           
041729100811101774アペルトゥーラ　　　　　　　　　　　  5.1  1.8 11.7 14.7  8.9 44 14.0                           
041729100914103615ダイイチターミナル　　　　　　　　　 26.0  5.7 -7.3 -4.8 -4.0 31  0.0                           
041729101012102852アースエンジェル　　　　　　　　　　  3.1  1.5 15.0 20.0 11.8 47 12.8                           
041729101113104408コパノチャンス　　　　　　　　　　　 18.2  4.3 -5.9  8.7  1.4 36  0.0                           
041729101213103993プレシャスエース　　　　　　　　　　  8.2  2.5-10.0 17.3  3.3 38  0.0                           
041729101311101698ウエスタンユーノー　　　　　　　　　 27.2  6.0-10.0-10.3 -6.8 28  0.0                           
041729110112100781トップディーヴォ　　　　　　　　　　 11.5  2.9 -2.1  5.0  1.2 46  0.0                           
041729110212101974モズライジン　　　　　　　　　　　　 10.7  2.8  9.9 10.0  6.6 52 10.9  5                        
041729110311101638ヨヨギマック　　　　　　　　　　　　 29.6  6.4-13.9 -8.3 -7.2 38  0.0                           
041729110411105350トラキチシャチョウ　　　　　　　　　 44.8  9.4-12.5 -6.6 -6.2 39  0.0                           
041729110512101018アルタイル　　　　　　　　　　　　　  5.9  2.0 13.7 15.3  9.7 55  6.3                           
041729110611103956ラインハート　　　　　　　　　　　　 50.5 10.5-10.0-12.2 -7.5 38  0.0                           
041729110712104019センチュリオン　　　　　　　　　　　  3.1  1.5 21.0 20.8 13.9 59 18.1                           
041729110811104189ストロングサウザー　　　　　　　　　 44.2  9.3 -6.4 -6.2 -4.2 41  0.0                           
041729110909102606サンマルデューク　　　　　　　　　　 66.1 13.2-10.0-11.3 -7.1 38  0.0                           
041729111011105439メイショウイチオシ　　　　　　　　　 46.6  9.7-12.5-10.1 -7.5 38  0.0                           
041729111111104995タガノゴールド　　　　　　　　　　　 12.2  3.1 10.1  3.9  4.5 49  8.6                           
041729111212102897スズカリバー　　　　　　　　　　　　  7.9  2.4  6.2 10.6  5.7 51  0.0  3                        
041729111311110069マスクゾロ　　　　　　　　　　　　　  5.2  1.8 18.8 15.6 11.4 56 14.0                           
041729111409103516スリータイタン　　　　　　　　　　　  8.8  2.6  3.6  7.2  3.7 49  7.2                           
041729111511105806メイショウヒコボシ　　　　　　　　　 35.7  7.6-12.5-10.1 -7.5 38  0.0                           
041729120114101613ノリノリコユキ　　　　　　　　　　　 42.1  8.6-11.0-12.8 -8.0 12  0.0                           
041729120214103714ショウナンアエラ　　　　　　　　　　  3.3  1.5 15.7 15.6 10.4 30  5.3                           
041729120313106078プルメリアブーケ　　　　　　　　　　 22.9  5.0 -7.3-12.5 -6.8 13  0.0  0                        
041729120413105860ネバーリグレット　　　　　　　　　　 19.9  4.5 -0.7 -6.3 -2.5 17 12.3                           
041729120514105700シャインサンデー　　　　　　　　　　  8.6  2.5  7.7 11.4  6.5 26 15.1  5                        
041729120614102154シゲルタイガー　　　　　　　　　　　 28.0  5.9  3.6  0.6  1.3 21  0.0  5                        
041729120714109012ワイナルダム　　　　　　　　　　　　 24.3  5.2 -8.7 -1.7 -3.2 17  0.0                           
041729120813104464サトノアイリ　　　　　　　　　　　　 33.7  7.0-10.0-10.7 -6.9 13 11.6                           
041729120913106293フリームーヴメント　　　　　　　　　 73.2 14.0-10.0-10.7 -6.9 13  0.0                           
041729121014103847ブラディーリッパー　　　　　　　　　 11.1  2.8 -3.2  9.9  2.7 23  0.0                           
041729121112104828ハイレベルバイオ　　　　　　　　　　 15.9  3.7-10.0-17.9 -9.6 10  7.7  0                        
041729121213102424プレイヤード　　　　　　　　　　　　  8.9  2.6  6.5 10.0  5.6 26  9.6                           
041729121313102827コリーナ　　　　　　　　　　　　　　 31.1  6.5 -0.8-11.8 -4.6 15  0.0                           
041729121414110035マイネルアムニス　　　　　　　　　　  4.0  1.7 14.9 14.6  9.8 30  0.0                           
041729121513100404ポンテファブリチオ　　　　　　　　　 20.7  4.6-11.3 11.0  0.6 21  0.0                           
041729121612106189クラウンノキミ　　　　　　　　　　　137.6 25.8-11.3 -6.3 -5.7 14  0.0                           
041729121713101702ポートレイト　　　　　　　　　　　　 46.9  9.5 -6.2-11.7 -6.2 14 12.5                           
041729121813100058ナムラバイオレット　　　　　　　　　 16.9  3.9  1.7  9.4  4.0 24  8.2                           
101729010115100545チャームリング　　　　　　　　　　　  6.0  1.8  4.8  9.0  4.5  9  0.0                           
101729010215104636アイランドクイーン　　　　　　　　　 24.2  4.7-10.5 -6.3 -5.7 -1  0.0                           
101729010315101836スノーガーデン　　　　　　　　　　　 48.7  8.8-12.9-10.7 -7.9 -3  0.0                           
101729010415106538ピーナツ　　　　　　　　　　　　　　  7.3  2.0  9.5  8.7  6.1 11  4.8                           
101729010515101549ディアボレット　　　　　　　　　　　  4.6  1.6 22.2 21.0 14.4 19 15.0                           
101729010615102980ペイシャルアス　　　　　　　　　　　  2.4  1.3 17.2 26.2 14.2 19 17.4  1  129   54              
101729010715103515ヤエノメイク　　　　　　　　　　　　 33.8  6.3-14.5-10.3 -8.4 -3  0.0                           
101729010815103731シゲルカボチャ　　　　　　　　　　　 39.6  7.2-10.5-20.0 -9.9 -5  0.0  0                        
101729010915101285クリノウィルディス　　　　　　　　　 44.5  8.1-12.9-11.6 -8.2 -3  0.0                           
101729011015105396ロンス　　　　　　　　　　　　　　　 14.4  3.1  8.1 11.1  6.3 11 10.2                           
101729011115101569ヤマニンルネッタ　　　　　　　　　　 13.8  3.0  8.8 18.7  8.8 14  7.8                           
101729011215103004アオラニ　　　　　　　　　　　　　　  7.4  2.1 12.0 12.1  8.0 13 23.7                           
101729020115102163テイエムリボー　　　　　　　　　　　  3.0  1.2 16.0 16.7 10.9 16 16.8                           
101729020215105107ベティバローズ　　　　　　　　　　　 11.8  2.5  5.1  5.7  3.6  9  0.0                           
101729020315103190ブルベアアオジソ　　　　　　　　　　 22.8  4.1-10.5 -6.8 -5.9 -1  0.0                           
101729020415102742ザリーティー　　　　　　　　　　　　 20.4  3.8-10.5-10.3 -6.9 -2  0.0                           
101729020515103079ウォーターパルフェ　　　　　　　　　  3.1  1.2 17.0 17.4 11.5 16 20.5                           
101729020615105278キタサンタイドー　　　　　　　　　　  2.6  1.2 15.5 27.9 14.1 19 17.4                           
101729020715101863アンチェイン　　　　　　　　　　　　  9.4  2.3  3.3  9.8  4.2  9  4.8                           
101729020815103661バーニングガール　　　　　　　　　　 22.1  4.0 -1.5 -3.2 -1.5  3 10.2  0                        
101729030114106021マンボスカイ　　　　　　　　　　　　 10.6  2.6 10.3  9.9  6.7 12 14.7                           
101729030214106014カレンラヴニール　　　　　　　　　　 86.9 15.6-10.5-12.9 -7.7 -3  0.0                           
101729030314102229リアリスティック　　　　　　　　　　 52.1  9.9-10.7-12.2 -7.6 -3  0.0                           
101729030414100915トーシンキング　　　　　　　　　　　 12.7  2.9 11.8  7.0  6.4 11 18.5                           
101729030514105335アレススピアー　　　　　　　　　　　  2.5  1.3 29.1 20.4 16.8 22 15.8                           
101729030614100230ウインプルミエ　　　　　　　　　　　 35.0  6.8-15.8-13.0 -9.7 -5  0.0  0                        
101729030714103474ラフィンナ　　　　　　　　　　　　　 18.7  4.0-11.7-10.3 -7.4 -2  0.0                           
101729030814102261スマートシグルズ　　　　　　　　　　  5.1  1.8 15.5 15.2 10.2 15  5.0                           
101729030914102132タイセイバロン　　　　　　　　　　　 25.6  5.2-15.8 -2.3 -6.5 -1  9.3                           
101729031014101197モズアトラクション　　　　　　　　　 11.2  2.7 -3.3 14.0  3.0  8  7.8                           
101729031114104256ラピュルテ　　　　　　　　　　　　　 46.2  8.8-11.7-15.1 -8.8 -4  0.0                           
101729031214106443タルトリンツァー　　　　　　　　　　 55.8 10.2-11.7-16.6 -9.3 -4  0.0  0                        
101729031314110008エイシンクリッパー　　　　　　　　　  8.7  2.4 19.0 11.9 10.5 16  4.5                           
101729031414103356メイショウキリマ　　　　　　　　　　 32.1  6.3 -9.4 -4.3 -4.7  0  0.0  5                        
101729031514105055ベリンダジーク　　　　　　　　　　　 36.4  7.1-11.7-14.2 -8.6 -4  0.0                           
101729031614102254スプリングボックス　　　　　　　　　  8.9  2.4  4.7-10.3 -1.4  4  8.4                           
101729040114100070シゲルシャチ　　　　　　　　　　　　 26.2  4.9 -1.7 -1.8 -1.2  4  0.0                           
101729040214103519メタルソース　　　　　　　　　　　　 15.0  3.1  7.3  5.4  4.3  9  0.0                           
101729040314100490タガノラガッツォ　　　　　　　　　　 31.0  5.6 -6.5 15.0  2.1  7  6.5                           
101729040414104048メイショウヒボタン　　　　　　　　　  2.5  1.3 25.7 23.2 16.4 21 17.4                           
101729040514101011クールデイズ　　　　　　　　　　　　 18.2  3.6  2.3  8.5  3.4  8  0.0                           
101729040614102998メイショウセトギリ　　　　　　　　　 55.2  9.3-10.5 -7.7 -6.2 -1  0.0                           
101729040714103429アイアンブルー　　　　　　　　　　　 62.0 10.3-10.5-10.3 -6.9 -2  0.0                           
101729040814110041クーファディーヴァ　　　　　　　　　 18.0  3.6 -6.5 -9.9 -5.4  0  0.0                           
101729040914105082ラインジェット　　　　　　　　　　　 33.9  6.1-10.5-12.0 -7.4 -2  0.0                           
101729041014103464プルメリアミコ　　　　　　　　　　　  3.6  1.4 17.2 16.6 11.3 16 13.1  4                        
101729041114105092グッドアビリティ　　　　　　　　　　 37.9  6.7-10.5 -3.5 -4.9  0  0.0                           
101729041214101064アスターワイルド　　　　　　　　　　 39.9  7.1-10.5-16.8 -8.9 -4  0.0  0                        
101729041314102027ダノンコスモス　　　　　　　　　　　  7.9  2.1 19.0 16.9 12.0 17 19.6                           
101729041414106159ウニオミュスティカ　　　　　　　　　  5.2  1.6 16.1 -9.5  3.1  8 18.6                           
101729050115105913オルニス　　　　　　　　　　　　　　  3.1  1.4 17.7 17.8 11.8 12 17.4                           
101729050215101719キングリーフィスト　　　　　　　　　 40.5  7.8 -9.1-14.0 -7.5 -8  0.0                           
101729050315103385アプローズ　　　　　　　　　　　　　  3.5  1.4 12.8 15.2  9.3  9 19.0                           
101729050415106419カシノアプローズ　　　　　　　　　　 42.2  8.0 -6.5-10.5 -5.5 -6  0.0                           
101729050515103539ワンウイン　　　　　　　　　　　　　 16.0  3.5  2.9  6.7  3.1  3 15.1                           
101729050615102843ラクシュミー　　　　　　　　　　　　  9.1  2.5 14.5-11.6  1.8  2  5.1                           
101729050715100909スズカヒューズ　　　　　　　　　　　 52.3  9.8-10.5-16.8 -8.9 -9  0.0  0                        
101729050815103106メイショウトラマツ　　　　　　　　　  4.5  1.6 11.2 18.9  9.8 10 11.8                           
101729050915103708ジツリキダッシュ　　　　　　　　　　 59.9 10.9-10.5 -8.6 -6.4 -6  0.0                           
101729051015106375ブラウハーツ　　　　　　　　　　　　  8.3  2.3  3.3 19.9  7.2  7  6.9  3                        
101729051115101423コウエイスーシェフ　　　　　　　　　 85.5 15.2-11.7-11.1 -7.6 -8  0.0                           
101729051215100620ラペールノアール　　　　　　　　　　 19.3  4.1 -5.0  8.8  0.8  1  0.0                           
101729051315102566セパヌイール　　　　　　　　　　　　 30.3  6.0 -9.4  7.1 -1.3 -1  0.0                           
101729051415102865エイシンヘリオス　　　　　　　　　　 25.7  5.2 -7.3-12.2 -6.3 -6  0.0                           
101729051515102652ディストワルビー　　　　　　　　　　 49.6  9.3-11.7-11.1 -7.6 -8  0.0                           
101729060114104563アイファーイチオー　　　　　　　　　  6.9  2.0  7.1  3.2  3.6  9  4.5                           
101729060214105165メイショウシエロ　　　　　　　　　　 13.4  3.0 -1.5 -4.0 -1.8  3  0.0                           
101729060314103088オールージュ　　　　　　　　　　　　 98.0 17.1-10.5-10.5 -7.0 -2  0.0                           
101729060414105316ヴェストリス　　　　　　　　　　　　 62.2 11.1-10.5 -7.5 -6.1 -1  0.0  0                        
101729060514102524グリニカ　　　　　　　　　　　　　　 74.5 13.1-10.5-11.8 -7.4 -2  0.0                           
101729060614106215アレラーモ　　　　　　　　　　　　　  2.3  1.3 19.5 24.2 14.4 19 17.4  1  137   57              
101729060714104958ブルベアバイソン　　　　　　　　　　 23.0  4.6 -6.5  7.9  0.0  5 11.4  5                        
101729060814103201テイエムアルドーレ　　　　　　　　　 52.1  9.6-10.5-13.0 -7.8 -3  0.0  0                        
101729060914103348スズカマイゲスト　　　　　　　　　　 17.1  3.7 -2.5 -1.6 -1.4  4 19.6                           
101729061014104437ハニーゴールド　　　　　　　　　　　  9.4  2.5 11.2 16.8  9.1 14 13.7                           
101729061114101122ブルベアバック　　　　　　　　　　　 12.6  2.9  6.7  9.0  5.2 10 14.6  5                        
101729061214103737コールアングレ　　　　　　　　　　　  5.6  1.8  6.0  9.5  5.1 10  4.1                           
101729061314105691サーワシントン　　　　　　　　　　　 11.1  2.6 18.3  6.5  8.7 14  0.0                           
101729061414104024アスタークライ　　　　　　　　　　　 32.8  6.3-10.5-17.3 -9.0 -4  0.0  0                        
101729061514103261メイショウツムギ　　　　　　　　　　 84.3 14.8-10.5-10.3 -6.9 -2  0.0                           
101729061614100587レジスタンス　　　　　　　　　　　　 40.1  7.6 -6.5 -9.9 -5.4  0  0.0                           
101729070114102676アオイスカーレット　　　　　　　　　  3.6  1.5 15.7 21.2 12.1 17 17.2                           
101729070214101511オーリャセブン　　　　　　　　　　　 47.3  9.1 -6.5 -8.2 -4.8  0  0.0  0                        
101729070314104874ニホンピロレイカー　　　　　　　　　 31.8  6.4 -1.7  7.0  1.5  6  0.0                           
101729070414106245レーヴルシード　　　　　　　　　　　 30.2  6.1 -5.7-11.1 -5.4  0  0.0                           
101729070514103965カテナチオ　　　　　　　　　　　　　 39.2  7.7-10.5-11.3 -7.2 -2  0.0                           
101729070614104762ナッシングエルス　　　　　　　　　　 65.1 12.0 -5.5 -9.9 -5.0  0  0.0  0                        
101729070714100068アダージェット　　　　　　　　　　　 70.2 12.9-10.5-14.7 -8.3 -3  0.0                           
101729070814103166サダムドミニック　　　　　　　　　　 70.7 13.0 -5.7 -7.1 -4.2  1  0.0                           
101729070914100964ダニエリカズマ　　　　　　　　　　　 51.2  9.8-10.5-11.2 -7.2 -2  0.0                           
101729071014100584ライトオブピース　　　　　　　　　　  4.6  1.6 13.7 20.3 11.1 16 14.2  2                        
101729071114102096メイショウナンプウ　　　　　　　　　 43.1  8.4 -6.5 -2.9 -3.3  2 12.0                           
101729071214105168ファイトプラス　　　　　　　　　　　 63.7 11.8-11.7-13.2 -8.3 -3  0.0                           
101729071314100678コスモトゥイーク　　　　　　　　　　 17.3  3.8 13.8  0.9  5.3 10 13.6                           
101729071414100075ローレルヴィクター　　　　　　　　　 43.3  8.4-10.5-10.8 -7.1 -2  0.0                           
101729071514103715ショウナンサリュー　　　　　　　　　  4.7  1.6 10.7 14.9  8.4 13 13.7  5                        
101729071614100094レックス　　　　　　　　　　　　　　 58.2 10.8-10.5-17.3 -9.0 -4  0.0                           
101729071714105538バーボネラ　　　　　　　　　　　　　 40.4  7.9-10.7-14.0 -8.1 -3  0.0                           
101729071814105769プライヤビスタ　　　　　　　　　　　  3.2  1.4 26.2 13.4 13.6 19  9.2                           
101729080113105800オーパ　　　　　　　　　　　　　　　 48.1  9.7 -6.5 -2.8 -3.2 17 14.4                           
101729080213101023ショウナンマシェリ　　　　　　　　　 27.1  5.8  1.4 10.1  3.5 24  0.0  5                        
101729080313102362シゲルキハダマグロ　　　　　　　　　  7.4  2.2  2.5  2.1  1.5 22  9.9                           
101729080414104052インティ　　　　　　　　　　　　　　  3.6  1.6 10.0  5.0  5.2 25 10.8                           
101729080513103668ブリーズスズカ　　　　　　　　　　　 11.2  2.8  5.1 -0.1  1.8 22 25.3                           
101729080612102758タマモアタック　　　　　　　　　　　  8.5  2.5  1.8 -8.6 -1.9 18 16.3                           
101729080713103024マテラアリオン　　　　　　　　　　　 16.3  3.8  3.3  8.5  3.8 24  0.0                           
101729080812104426ミスティーフリップ　　　　　　　　　  8.2  2.4  7.8 12.3  6.6 27  0.0                           
101729080912102418タイユール　　　　　　　　　　　　　 19.4  4.4 -3.0  6.3  0.8 21  0.0                           
101729081014102293ナムラスパルタクス　　　　　　　　　  3.6  1.6  8.2 23.9 10.2 30 10.0                           
101729081112101483イェドプリオル　　　　　　　　　　　 23.9  5.2  3.5  6.8  3.3 23  0.0                           
101729081213105015スリーパスポート　　　　　　　　　　 38.9  8.0-11.7-13.8 -8.4 12  0.0                           
101729081312105273サンマルアリュール　　　　　　　　　 55.2 10.8-11.7-14.7 -8.7 11  0.0                           
101729081413104980オンザフロウ　　　　　　　　　　　　 22.6  4.9 -2.0 -3.0 -1.6 18  0.0                           
101729081514100190スナークライデン　　　　　　　　　　 27.6  5.8 -5.0  9.0  0.9 21  0.0                           
101729090115109107カシノパンプアップ　　　　　　　　　129.5 18.3-15.8-10.3 -8.9 36  0.0                           
101729090215109130ズッチーナ　　　　　　　　　　　　　 46.4  7.2-10.5-15.2 -8.4 37  0.0  0                        
101729090315109121キリシマアオゾラ　　　　　　　　　　 68.5 10.0-15.8-10.3 -8.9 36  0.0                           
101729090415109102オレンジホープ　　　　　　　　　　　 50.0  7.7-17.9-10.3 -9.7 35  0.0                           
101729090515105231レグルドール　　　　　　　　　　　　  1.9  1.2 31.6 19.3 17.4 62 17.4                           
101729090615109123キリシマアスカ　　　　　　　　　　　  7.1  1.8 12.0  9.4  7.2 52  0.0                           
101729090715109114ショウナンタクト　　　　　　　　　　  5.6  1.6 19.0 16.8 12.0 57 20.5  4                        
101729090815109117ヒトモジノグルグル　　　　　　　　　 26.3  4.4  9.5-10.5  0.3 45  0.0                           
101729090915109141ニコルハイウェイ　　　　　　　　　　 18.3  3.3  3.3 -1.3  0.8 46 16.6                           
101729091015109128カシノランペイジ　　　　　　　　　　 58.9  8.7-15.8-14.5-10.1 35  0.0                           
101729091115109131コウエイユキチャン　　　　　　　　　  4.4  1.4 14.1 16.6 10.1 55 11.8C                          
101729091215109105カラシレンコン　　　　　　　　　　　 72.0 10.5-10.7-11.2 -7.3 38  0.0                           
101729091315109132テイエムオジャッタ　　　　　　　　　 85.6 12.4-15.8  5.4 -4.2 41  0.0                           
101729091415109138テイエムミズホゴー　　　　　　　　　 77.1 11.2-10.5-14.8 -8.3 37  0.0  0                        
101729091515109104シェナキラキラ　　　　　　　　　　　214.8 30.0-17.9-10.3 -9.7 35  0.0                           
101729091615109109プリンセスブーケ　　　　　　　　　　 21.8  3.7 -1.7 -1.3 -1.0 44  0.0                           
101729091715109135テイエムヒットンダ　　　　　　　　　 63.3  9.3 -6.5-16.6 -7.4 38 12.6  0                        
101729100114105249アルメリアブルーム　　　　　　　　　  4.8  1.6 10.7 13.5  8.0 38 19.6                           
101729100212104781ヴァフラーム　　　　　　　　　　　　  2.4  1.2 21.1 30.0 16.7 47 17.4                           
101729100311103348ヤマニンエルフィン　　　　　　　　　 14.8  3.2  3.3  4.2  2.5 32  0.0                           
101729100413105747ナリタピクシー　　　　　　　　　　　 13.1  2.9  3.3  0.6  1.4 31 19.3                           
101729100514106185モーヴサファイア　　　　　　　　　　  4.5  1.5 13.2 29.4 13.7 44  0.0                           
101729100613106141エッジースタイル　　　　　　　　　　  4.4  1.5 12.9 23.7 11.8 42 19.0                           
101729100712104152ジルダ　　　　　　　　　　　　　　　 23.3  4.5 -2.8-10.9 -4.3 26  0.0  0                        
101729100813101145トウカイシェーン　　　　　　　　　　 27.6  5.2 -3.5 -4.9 -2.8 27  0.0                           
101729100912103986サマーローズ　　　　　　　　　　　　 17.2  3.6 -3.3 -7.3 -3.4 27  0.0                           
101729110111102008メイショウワコン　　　　　　　　　　 72.1 13.8-10.5-12.2 -7.5 27  0.0  0                        
101729110210100517サンライズネオ　　　　　　　　　　　 62.9 12.1 -6.5 -7.7 -4.7 30  0.0                           
101729110313103900コパノアラジン　　　　　　　　　　　  6.0  2.0  5.7  7.0  4.2 39 13.1                           
101729110413100057ナムラアラシ　　　　　　　　　　　　  6.7  2.1  8.7 14.5  7.5 43 14.2                           
101729110511104176キングストーン　　　　　　　　　　　  9.2  2.6  4.5 16.7  6.7 42  5.1                           
101729110611103443ロードフォワード　　　　　　　　　　 24.2  5.2 -9.4 -5.8 -5.2 30  0.0  0                        
101729110711103858アドマイヤランディ　　　　　　　　　 14.7  3.5  2.0  0.8  1.0 36  7.8                           
101729110812101723クリノリーソクツモ　　　　　　　　　 53.2 10.6 -6.5-17.3 -7.6 27 14.4                           
101729110913103671ヨシオ　　　　　　　　　　　　　　　  8.2  2.4  2.5  5.9  2.7 38  4.8                           
101729111014101318メイプルブラザー　　　　　　　　　　  2.6  1.4 17.3 22.2 13.0 48 15.4C                          
101729111111101180ウエスタンパレード　　　　　　　　　 33.8  7.0-10.5 -9.5 -6.7 28  0.0                           
101729111211106559ミキノグランプリ　　　　　　　　　　 14.9  3.5 -5.5-13.8 -6.2 29  8.3                           
101729111312104493ロイヤルパンプ　　　　　　　　　　　 14.9  3.5  0.1  4.0  1.2 36  0.0  4                        
101729111411105107クールオープニング　　　　　　　　　 40.4  8.2-11.7-10.3 -7.4 28  0.0                           
101729111511101830ミキノハルモニー　　　　　　　　　　 39.9  8.1-10.5 -6.4 -5.8 29  0.0                           
101729111612102956マッシヴランナー　　　　　　　　　　 20.8  4.6 -1.0-14.7 -4.8 30  0.0                           
101729120112105406スズカファイン　　　　　　　　　　　 48.7 10.4 -6.5 -9.1 -5.1 15  0.0                           
101729120213104350ヒワラニ　　　　　　　　　　　　　　 52.6 11.2 -5.7-14.8 -6.5 13  0.0  0                        
101729120310105445サチノリーダース　　　　　　　　　　 31.7  7.0-11.7-11.6 -7.8 12  0.0                           
101729120413103823メイショウシャチ　　　　　　　　　　  5.1  1.8  4.3 25.6  9.3 29  6.4                           
101729120512105319メイショウワカアユ　　　　　　　　　 24.8  5.6 -5.0-11.3 -5.2 15  0.0                           
101729120612104943プレシャスロード　　　　　　　　　　 31.3  6.9-10.5-13.5 -7.9 12  0.0  0                        
101729120713110066エイシンピカソ　　　　　　　　　　　  7.1  2.3 11.8  6.7  6.3 26  9.0                           
101729120813103349テイエムダグラス　　　　　　　　　　 48.1 10.3-11.7-10.7 -7.5 12  0.0                           
101729120912104657クローディオ　　　　　　　　　　　　  5.7  2.0  7.0 17.4  7.8 28 13.7                           
101729121014101960ブレイヴバローズ　　　　　　　　　　  3.6  1.6 17.7 11.3  9.9 30 12.0                           
101729121113104881スナークスカイ　　　　　　　　　　　 31.6  7.0-15.8 10.5 -2.6 17  6.9                           
101729121214103245ビップソルダー　　　　　　　　　　　 44.2  9.5 -6.5-14.0 -6.6 13  0.0                           
101729121314104193オヤジノハナミチ　　　　　　　　　　194.4 38.6-10.5-10.5 -7.0 13  0.0                           
101729121412102277トウカイクローネ　　　　　　　　　　 15.8  3.9 -2.5 -0.6 -1.1 19  0.0  0                        
101729121513101575カネトシブレス　　　　　　　　　　　 29.5  6.6-10.5 -1.8 -4.4 16 17.0                           
101729121613102959ジェスロ　　　　　　　　　　　　　　  4.7  1.7 15.2 12.6  9.4 29 16.8                           
101729121712102028エスジープログレス　　　　　　　　　 58.4 12.1-10.5-11.2 -7.2 13  0.0                           
101729121813101753ハルク　　　　　　　　　　　　　　　 81.0 16.5-10.5-15.1 -8.4 12  0.0                           
