061822010115103560ニシノハイブリッジ　　　　　　　　　 49.6  8.4-11.4-11.8 -7.7 -3  0.0                           
061822010215104336マイントラウム　　　　　　　　　　　  2.6  1.3 21.1 23.7 15.0 20 10.6                           
061822010315104203ショコラトリー　　　　　　　　　　　  9.3  2.3  4.1  7.1  3.8  9  0.0                           
061822010415104640ジャンティエス　　　　　　　　　　　100.8 16.0 -6.6-11.4 -6.2 -1  0.0                           
061822010515104572ピンクダイキリ　　　　　　　　　　　 12.3  2.6 -4.8  8.7  1.8  7  0.0                           
061822010615101213サンバッファロー　　　　　　　　　　 82.2 13.2-10.0-17.1 -9.3 -4  0.0  0                        
061822010715101823カグラヤルージュ　　　　　　　　　　  3.3  1.4 15.9 21.0 12.5 17 19.8                           
061822010815101533ファーマフローラ　　　　　　　　　　 64.8 10.5-11.4-13.5 -8.4 -3  0.0  0                        
061822010915103369ベラマレーナ　　　　　　　　　　　　 58.5  9.6 -9.1-11.4 -6.9 -2  0.0                           
061822011015109031ハンドリー　　　　　　　　　　　　　  9.1  2.3 12.0  9.3  7.0 12  8.9                           
061822011115101280スウィンザブルース　　　　　　　　　148.5 23.3-11.4 -8.6 -6.6 -2  0.0                           
061822011215103423ツォルニッヒ　　　　　　　　　　　　 23.0  4.3-10.0-14.6 -8.4 -3  0.0                           
061822011315105672アイリッシュハート　　　　　　　　　 30.0  5.4 -4.8  8.9  1.8  7  0.0  5                        
061822011415104424ミラーマッチ　　　　　　　　　　　　 12.1  2.6 -0.3 -6.5 -2.5  3 17.5  0                        
061822011515100844ジェイケイバスター　　　　　　　　　 12.5  2.7  8.3 11.9  6.9 12  8.2                           
061822011615101081ヴォーグショコラ　　　　　　　　　　 26.0  4.7  2.1-12.3 -3.9  1  0.0                           
061822020115103867ウメタロウ　　　　　　　　　　　　　  4.2  1.5 15.0 19.5 11.6 17 19.8                           
061822020215103898ディアフェルスパー　　　　　　　　　 16.4  3.7  2.1 11.5  4.8 10  0.0  5                        
061822020315104221メロス　　　　　　　　　　　　　　　 49.5  9.6-10.0-11.4 -7.2 -2  0.0                           
061822020415109030ベストミライ　　　　　　　　　　　　  4.5  1.6 15.6 14.6 10.0 15  6.2A                          
061822020515103921イデアブルーム　　　　　　　　　　　 37.6  7.5-10.0-11.2 -7.1 -2  0.0                           
061822020615102168メイプルグレイト　　　　　　　　　　  6.6  2.0  7.4  9.4  5.7 11  6.8                           
061822020715104253ロックアイランド　　　　　　　　　　 20.4  4.4 -6.9-13.5 -7.0 -2 11.6                           
061822020815100331ピンクソルト　　　　　　　　　　　　123.2 22.4-11.4-14.9 -8.9 -4  0.0  0                        
061822020915102388ロードハナブサ　　　　　　　　　　　  3.0  1.4 20.0 13.7 11.0 16 12.8                           
061822021015102275タイセイゴーディー　　　　　　　　　  6.9  2.1 13.8  6.0  6.3 11  7.2                           
061822021115100847ブラックコニャック　　　　　　　　　 31.7  6.4-11.3-11.9 -7.8 -3  0.0                           
061822021215102052シゲルタケノコ　　　　　　　　　　　 27.9  5.7 -9.1-13.6 -7.7 -3  0.0  0                        
061822021315102008フクノヴァランス　　　　　　　　　　 69.0 12.8-10.0 -1.7 -3.6  1  0.0                           
061822021415102791スワンレイクカフェ　　　　　　　　　 84.1 15.5-10.0-11.2 -7.1 -2  0.0                           
061822021515105122ヤンキーイズム　　　　　　　　　　　 92.5 17.0-10.0-12.0 -7.4 -2  0.0                           
061822030115103614ハッピーハッピー　　　　　　　　　　 89.3 15.9-11.3 -6.9 -5.9 -1  0.0                           
061822030215101025アポロレイア　　　　　　　　　　　　 18.3  3.9  2.1  6.3  2.9  8  0.0                           
061822030315104538ポルカシュネル　　　　　　　　　　　  5.7  1.8 13.0  8.7  7.1 12 13.5                           
061822030415103040ヒナイチカグラヤ　　　　　　　　　　 52.8  9.9-11.4 -6.5 -5.8 -1  0.0                           
061822030515109084ノノレタ　　　　　　　　　　　　　　165.4 28.9-11.3-15.2 -9.0 -4  0.0  0                        
061822030615101244クラウンミリオン　　　　　　　　　　 24.2  4.9-10.0 15.4  2.6  8  8.6                           
061822030715102260ドリームライザー　　　　　　　　　　 13.6  3.1  5.9  8.8  5.0 10 10.3                           
061822030815104630ロイヤルバースデー　　　　　　　　　  5.0  1.7 12.8 17.6 10.3 15  0.0                           
061822030915110004ストレイライトラン　　　　　　　　　 27.9  5.6-10.0-16.9 -9.2 -4  0.0  0                        
061822031015101890カガスター　　　　　　　　　　　　　  2.5  1.3 16.1 13.8  9.9 15 18.1                           
061822031115101524ライクアロケット　　　　　　　　　　 18.8  4.0-10.0 -5.0 -4.8  0  0.0                           
061822031215106449ヤンソンノユウワク　　　　　　　　　122.3 21.5-11.3-17.1 -9.7 -5  0.0  0                        
061822031315101031アロングショット　　　　　　　　　　  4.8  1.6 17.6 13.1 10.1 15 14.0                           
061822031415103107エスポワールカフェ　　　　　　　　　 66.0 11.9-10.0-11.2 -7.1 -2  0.0                           
061822031515100694コスモラフェット　　　　　　　　　　 32.9  6.4 -9.1 -1.6 -3.3  2  0.0                           
061822031615110021ステラストラータ　　　　　　　　　　 39.7  7.6  6.0-12.3 -2.7  2  0.0                           
061822040115101649ウェディングフォト　　　　　　　　　  5.1  1.9-10.0 19.1  4.0  4 12.5                           
061822040215106014ドラヤキ　　　　　　　　　　　　　　194.5 41.3-10.0-11.1 -7.1 -7  0.0                           
061822040315100137タイセイシュラーク　　　　　　　　　  5.4  2.0 11.5 12.0  7.8  8 16.3                           
061822040415101438ダノンユニヴァース　　　　　　　　　170.6 36.4-11.4-10.4 -7.2 -7  0.0                           
061822040515105609サトノユニゾン　　　　　　　　　　　  6.9  2.3 16.6 10.1  8.7  9  0.0                           
061822040615102143ムーンフォース　　　　　　　　　　　 25.8  6.2 -5.0-11.2 -5.6 -6  0.0                           
061822040715104267オフザロック　　　　　　　　　　　　  4.6  1.8 11.3 28.2 13.7 14 12.8                           
061822040815104311イディナローク　　　　　　　　　　　 22.0  5.4-11.3-10.1 -7.1 -7  0.0                           
061822040915101286エンゲージリング　　　　　　　　　　  7.2  2.4-10.0 32.5  8.9  9  7.7  1  302   22              
061822041015101684マグナムオプス　　　　　　　　　　　 87.3 18.9-11.4-11.6 -7.7 -8  0.0                           
061822041115100544ポワンセティ　　　　　　　　　　　　 31.0  7.3 -9.1 -4.7 -4.5 -4  0.0                           
061822041215101435オーラフォ　　　　　　　　　　　　　112.9 24.3 -9.1-20.0-10.1-10  0.0  0                        
061822041315101234マリノエチュード　　　　　　　　　　179.8 38.3-11.3-10.1 -7.1 -7  0.0                           
061822041415101071ナムラファルネーゼ　　　　　　　　　 13.9  3.7  6.0 13.4  6.7  7  0.0                           
061822041515103856カラフルワールド　　　　　　　　　　 21.7  5.3 10.0 -1.9  2.3  2 12.3                           
061822041615105358ヘニーマックス　　　　　　　　　　　  4.6  1.8  9.9 12.6  7.6  8  5.8                           
061822050115104576モンドグロッソ　　　　　　　　　　　207.6 40.5-13.5-12.4 -8.6 -4  0.0                           
061822050215100855ピュアココロ　　　　　　　　　　　　 74.4 14.9-10.0-10.0 -6.7 -2  0.0                           
061822050315100244ウインリベロ　　　　　　　　　　　　 77.0 15.4 -7.5-13.5 -7.2 -2  0.0                           
061822050415102084タオルデスカーフ　　　　　　　　　　 36.2  7.8 -9.1  6.2 -0.5  5  0.0                           
061822050515104226エピキュリアン　　　　　　　　　　　  4.5  1.7 13.2 17.6 10.4 15  6.2  4                        
061822050615104539セルゲイ　　　　　　　　　　　　　　  3.6  1.5 17.7 13.5 10.3 15 10.6                           
061822050715104268オメガハートビート　　　　　　　　　  4.3  1.6 16.5 18.7 11.8 17 14.0                           
061822050815101939サノサン　　　　　　　　　　　　　　 12.7  3.2  7.0 18.5  8.9 14  0.0                           
061822050915102023アーバンブラック　　　　　　　　　　148.7 29.2-11.4 -6.5 -5.8 -1  0.0                           
061822051015104633ナリノレーヴドール　　　　　　　　　 20.2  4.7  4.5  7.1  4.0  9  8.7                           
061822051115101126トーセンエクラ　　　　　　　　　　　 70.3 14.1-11.4-12.4 -8.0 -3  0.0                           
061822051215110039ボンナキュイ　　　　　　　　　　　　 24.6  5.5 -6.9 -6.2 -4.3  1 13.0                           
061822051315104645ヘッドストリーム　　　　　　　　　　 14.2  3.5  6.1  9.4  5.3 10  0.0                           
061822051415101685ヘヴンアースマン　　　　　　　　　　  9.0  2.7 12.0  8.5  6.7 12  7.2                           
061822051515105293コログレッツォ　　　　　　　　　　　 51.0 10.7-11.3 -8.0 -6.3 -1  0.0                           
061822051615102832ロードジパング　　　　　　　　　　　  5.6  1.9 11.6 21.7 11.4 16  9.6  2                        
061822060115103404バケットリスト　　　　　　　　　　　  7.8  2.5  8.3  3.9  3.9 24 14.5                           
061822060215104260ガールズバンド　　　　　　　　　　　 14.9  3.8  6.0  4.6  3.5 23  8.7                           
061822060315106249パワースピネル　　　　　　　　　　　111.1 23.2-10.0-17.0 -9.2 11  0.0                           
061822060415104947メサルティム　　　　　　　　　　　　 13.4  3.5-12.5 -1.4 -4.3 16 11.6                           
061822060515105501ハナザカリ　　　　　　　　　　　　　 35.9  8.1-10.0-13.8 -8.1 12  0.0  0                        
061822060615104711エフティアテナ　　　　　　　　　　　  5.2  1.9 10.4 29.3 13.9 34  6.2                           
061822060715103210スズカフェラリー　　　　　　　　　　  7.9  2.5 13.7  7.8  7.0 27  0.0                           
061822060815104012サンダベンポート　　　　　　　　　　 98.3 20.6-10.0-14.8 -8.4 12  0.0                           
061822060915102595シャドウアイランド　　　　　　　　　  4.6  1.8  8.1 18.0  9.0 29 19.8B                          
061822061015101130トーセンウィナー　　　　　　　　　　 42.2  9.4-11.4-13.6 -8.4 12  0.0                           
061822061115105986ノーブルアース　　　　　　　　　　　 26.7  6.2 -6.0-10.1 -5.5 14  0.0                           
061822061215101059スピアーノ　　　　　　　　　　　　　 45.5 10.1-11.4 -6.7 -5.9 14  0.0                           
061822061315104246エアシンフォニー　　　　　　　　　　  4.1  1.7 16.8 10.1  8.7 29  7.5                           
061822061415105023ミカリーニョ　　　　　　　　　　　　  5.3  1.9 16.2 12.7  9.5 30  0.0                           
061822070114105501レッドアーサー　　　　　　　　　　　  8.6  2.5 14.8  5.4  6.4 26  7.7                           
061822070214101344ショウナンハドル　　　　　　　　　　 22.5  5.0-11.3 -5.3 -5.3 15  0.0  5                        
061822070314106119ドラゴンホマレ　　　　　　　　　　　 40.2  8.4 -9.5 -2.7 -3.8 16  0.0                           
061822070412106435カシノランド　　　　　　　　　　　　 90.7 17.6-10.0 -1.7 -3.6 16  0.0                           
061822070514104720シチテンハッキ　　　　　　　　　　　 47.6  9.8-10.0-12.3 -7.5 12  0.0                           
061822070614105630ビーチマリカ　　　　　　　　　　　　  5.7  1.9  8.5 14.9  8.0 28  0.0                           
061822070714102250ディアチャイブ　　　　　　　　　　　 37.8  7.9-11.4-14.5 -8.7 11  0.0  0                        
061822070814105534プリエンプト　　　　　　　　　　　　 35.3  7.4-10.0 -4.7 -4.7 15  0.0                           
061822070914105863ロジブリランテ　　　　　　　　　　　  7.5  2.3 11.0 16.2  9.2 29  6.8                           
061822071013105608ポルトドレーヴ　　　　　　　　　　　 18.9  4.3 -4.2-10.1 -5.0 15 12.3                           
061822071114105838シルバーコンパス　　　　　　　　　　 70.6 13.8-10.0-17.8 -9.5 10  0.0                           
061822071214104230グッドラックサマー　　　　　　　　　  2.8  1.4 12.0 24.7 12.7 33 18.1                           
061822071314105586グレイスニコ　　　　　　　　　　　　  6.3  2.0 10.6 15.3  8.8 29 15.2  2                        
061822071414106398セラファン　　　　　　　　　　　　　 67.4 13.2-11.4-12.7 -8.1 12  0.0                           
061822071514105171リンガスネオ　　　　　　　　　　　　 16.4  3.9 -5.0  0.8 -1.2 19  8.2                           
061822071614103937ピアノイッチョウ　　　　　　　　　　  8.1  2.4 11.5 10.3  7.2 27  0.0                           
061822080112104281エクストラファイン　　　　　　　　　 22.5  5.1 -6.3  8.5  1.2 21  9.2                           
061822080214105470レーヌジャルダン　　　　　　　　　　 15.7  3.8  6.9  6.9  4.6 25  0.0                           
061822080312104133ロンバルディア　　　　　　　　　　　 35.5  7.7 -5.5-12.4 -6.2 14  0.0                           
061822080414110079トリリオネア　　　　　　　　　　　　  7.9  2.4-10.0  6.7 -0.5 19  0.0                           
061822080514104265ツヅク　　　　　　　　　　　　　　　 49.8 10.6-11.4 -7.8 -6.3 14  0.0                           
061822080612105510タイキラトナンジュ　　　　　　　　　 28.8  6.4-11.4 -6.7 -5.9 14  0.0                           
061822080714101029スーパーブレイク　　　　　　　　　　 32.2  7.0  2.3  5.4  2.7 23  0.0                           
061822080814102499アルチレイロ　　　　　　　　　　　　 22.2  5.1 -7.1-12.7 -6.8 13  0.0                           
061822080914105324アルトリウス　　　　　　　　　　　　  4.2  1.7 10.0 17.6  9.5 29 14.0A                          
061822081014105922レッドルチア　　　　　　　　　　　　  3.7  1.6 15.3 16.7 10.7 31 12.8                           
061822081113103646クインズサン　　　　　　　　　　　　  7.1  2.3  1.0 28.7 10.8 31 13.5A 2                        
061822081213103933ヴィータファン　　　　　　　　　　　 28.6  6.3-10.0-10.7 -6.9 13 13.7                           
061822081314101801サンアンカレッジ　　　　　　　　　　 20.6  4.8 -9.0-11.2 -6.8 13  0.0                           
061822081412106162シュンクルーズ　　　　　　　　　　　108.3 21.6-11.4-18.0-10.0 10  0.0                           
061822081514102315ニシノストーリー　　　　　　　　　　 44.8  9.6-10.0 -8.6 -6.2 14  0.0                           
061822081614106062サルダーナ　　　　　　　　　　　　　  4.9  1.8 16.1 14.5 10.1 30  6.2  5                        
061822090115106266オータムヘイロー　　　　　　　　　　 19.9  3.6 -2.3 -8.0 -3.6 16  0.0                           
061822090215103195キングキングキング　　　　　　　　　  4.0  1.4 14.4 20.2 11.7 32 14.0                           
061822090315101854イランカラプテ　　　　　　　　　　　 44.4  7.1 -6.9  6.7  0.4 20  0.0                           
061822090415101498ジスモンダ　　　　　　　　　　　　　 60.1  9.1-11.4-13.5 -8.4 12  0.0  0                        
061822090515105203セイウンミツコ　　　　　　　　　　　 11.8  2.4  9.2  7.0  5.3 25  7.7                           
061822090615106372アーヒラ　　　　　　　　　　　　　　 46.7  7.4 -8.5-17.0 -8.8 11  0.0                           
061822090715101483マイティーワークス　　　　　　　　　 10.9  2.3 11.3 13.2  8.2 28  7.2  3                        
061822090815106066キラキラオーラ　　　　　　　　　　　 61.7  9.4-10.0-13.5 -7.9 12  0.0  0                        
061822090915105850カイザーメランジェ　　　　　　　　　  6.6  1.8 12.0 19.5 10.8 31 15.2                           
061822091015104815ラストプリマドンナ　　　　　　　　　  2.1  1.2 20.0 29.8 16.9 37 18.1  1  135   72              
061822091115101772ニシノアスカ　　　　　　　　　　　　 18.0  3.3-10.0 11.3  1.1 21  0.0                           
061822091215100547ケイアイマリブ　　　　　　　　　　　 10.6  2.2  1.1 21.9  8.4 28  0.0  2                        
061822100114106239アシャカダイキ　　　　　　　　　　　  6.6  2.0 12.5 10.5  7.6 43  9.6                           
061822100212101567クワドループル　　　　　　　　　　　 13.6  3.1-10.0-11.2 -7.1 28  0.0                           
061822100312104538レレマーマ　　　　　　　　　　　　　  3.4  1.4 12.0 17.8 10.1 45 18.1                           
061822100408110132インディーズゲーム　　　　　　　　　 17.3  3.8-10.0 -2.9 -4.1 31  0.0                           
061822100513103901コパノリスボン　　　　　　　　　　　  5.3  1.7 12.6 10.6  7.7 43 12.5                           
061822100614105724ハットラブ　　　　　　　　　　　　　  3.4  1.4 17.7 25.9 14.8 50 19.8  2                        
061822100714104418スズカグラーテ　　　　　　　　　　　  6.8  2.0 20.0 27.3 16.0 51  0.0                           
061822100813106138スミレ　　　　　　　　　　　　　　　 15.4  3.4  5.5 10.6  5.5 41  0.0  5                        
061822100913100991モズワッショイ　　　　　　　　　　　 18.5  4.0 -3.4 -4.8 -2.8 32  0.0                           
061822101010102007ヒカリマサムネ　　　　　　　　　　　 28.1  5.7-11.4 -6.7 -5.9 29  0.0                           
061822110112103930マイネルサージュ　　　　　　　　　　 28.5  5.9-11.4-11.1 -7.5 48  0.0                           
061822110211102151サクラアンプルール　　　　　　　　　  4.9  1.7 15.9 29.3 15.5 71  5.8                           
061822110313106007ヴィブロス　　　　　　　　　　　　　  6.4  2.0 16.4 18.8 11.8 67 19.6                           
061822110414105258ペルシアンナイト　　　　　　　　　　  2.7  1.4 20.4 23.0 14.6 70 10.8  2                        
061822110514100222ウインブライト　　　　　　　　　　　  5.3  1.8 16.5 12.9  9.7 65  6.3                           
061822110613102938マイネルハニー　　　　　　　　　　　 14.5  3.4 -2.7  3.9  0.6 56  0.0                           
061822110709102678ディサイファ　　　　　　　　　　　　 19.2  4.2-10.0-11.2 -7.1 48  0.0                           
061822110812100939マルターズアポジー　　　　　　　　　 14.3  3.3  0.2 20.8  7.7 63  8.2                           
061822110911106394ショウナンバッハ　　　　　　　　　　 13.5  3.2 20.0  7.1  8.6 64 10.9A                          
061822111014105785アエロリット　　　　　　　　　　　　  6.6  2.0 11.4 10.3  7.2 62 17.5  3                        
061822120112102147タケルラグーン　　　　　　　　　　　  6.7  2.2  8.4  9.8  6.1 36  0.0                           
061822120211106163メイショウカイモン　　　　　　　　　 27.1  6.0 -9.1 22.4  5.5 35  9.6                           
061822120314105032シルバーストーン　　　　　　　　　　  8.7  2.6 20.7  9.4  9.7 40  0.0                           
061822120412101842バーサーカー　　　　　　　　　　　　 80.2 16.1-11.4-10.2 -7.2 23  0.0                           
061822120514101960ブレイヴバローズ　　　　　　　　　　  2.9  1.5 25.1 12.7 12.2 42 18.1                           
061822120614104589タマモコーラス　　　　　　　　　　　  6.9  2.2 13.4 12.5  8.6 39  6.8                           
061822120712100671ツウローゼズ　　　　　　　　　　　　 37.0  8.0 20.0-12.3  1.5 31  0.0                           
061822120811104402パッシングブリーズ　　　　　　　　　 24.5  5.5  3.6 -2.2  0.3 30  0.0                           
061822120911101958セクシーボーイ　　　　　　　　　　　 17.0  4.1 -3.8  8.2  1.9 32 11.6  5                        
061822121013103144タイセイラナキラ　　　　　　　　　　 17.8  4.2-12.5 -3.2 -4.9 25  0.0                           
061822121111105976トップアドバンス　　　　　　　　　　 70.6 14.2-10.0-15.2 -8.6 21  0.0  0                        
061822121213103691メイショウオルソ　　　　　　　　　　  7.0  2.2  9.9  7.5  5.7 36 24.7                           
061822121314102483サノノショウグン　　　　　　　　　　 49.1 10.3-11.4 -4.6 -5.1 25  0.0  5                        
061822121411104420ダブルコーク　　　　　　　　　　　　  6.1  2.1 15.2  6.7  7.0 37  0.0                           
061822121512101232フクノグリュック　　　　　　　　　　 37.1  8.0 -5.8-11.7 -6.0 24  0.0                           
061822121612102736ウサギノカケアシ　　　　　　　　　　 88.3 17.6-10.0-15.5 -8.7 21  0.0                           
091812010115103841スリーゴーディー　　　　　　　　　　 85.0 12.1-14.0-13.2 -9.1 -4  0.0                           
091812010215104564ディエルベ　　　　　　　　　　　　　 14.3  2.7 -6.3  0.8 -2.1  3  0.0                           
091812010315102742ザリーティー　　　　　　　　　　　　 27.7  4.5 -9.4  0.5 -3.3  2  6.5                           
091812010415100872カネコメハナコヨ　　　　　　　　　　 85.0 12.1-10.9 -5.1 -5.5 -1  0.0                           
091812010515103274ロイヤルシャイン　　　　　　　　　　 50.0  7.6-10.9-10.6 -7.2 -2  0.0                           
091812010615103139ナムラルビー　　　　　　　　　　　　 24.4  4.0 -3.7  9.6  1.5  7 26.9                           
091812010715106192アスカリアン　　　　　　　　　　　　  2.6  1.3 19.6 24.7 14.6 20 17.4                           
091812010815103035ナガラリバー　　　　　　　　　　　　 47.6  7.2-14.0-10.7 -8.3 -3  0.0                           
091812010915105480アイスミディ　　　　　　　　　　　　 11.9  2.3 11.0  9.9  7.0 12  8.4                           
091812011015101401ジョインフォース　　　　　　　　　　 64.3  9.3-11.7-11.2 -7.7 -3  0.0                           
091812011115106079ナムラユメ　　　　　　　　　　　　　132.8 18.5-10.9-10.7 -7.2 -2  0.0                           
091812011215100868テイエムソレイユ　　　　　　　　　　  2.6  1.3 18.3 17.3 11.9 17 15.0                           
091812011315100927タマモオテンバ　　　　　　　　　　　 26.9  4.4-10.9  0.3 -3.9  1  0.0                           
091812011415106306ユニコーンレディ　　　　　　　　　　 61.8  9.0 -9.7 -8.4 -6.1 -1  0.0                           
091812011515105433ハイエストクイーン　　　　　　　　　  8.0  1.9  8.8 11.1  6.6 12  6.4                           
091812011615105553シーザライト　　　　　　　　　　　　 13.3  2.5 11.6  2.7  5.1 10  0.0                           
091812020115100084ブルベアノザワナ　　　　　　　　　　 51.7 11.8-10.9 -3.7 -5.1  0  0.0                           
091812020215103393コラード　　　　　　　　　　　　　　  4.7  1.9 13.7 17.3 10.2 15 11.8                           
091812020315103084メイショウツヅラ　　　　　　　　　　 38.7  9.0-10.9-11.1 -7.3 -2  0.0                           
091812020415100373エールエクスピレ　　　　　　　　　　 12.3  3.3 10.9 -7.4  1.8  7  7.1                           
091812020515105295セドゥラマジー　　　　　　　　　　　 18.9  4.8 -4.9  5.1 -0.3  5  6.5                           
091812020615100505タガノアヴニール　　　　　　　　　　 27.0  6.5-10.9-13.6 -8.1 -3  0.0                           
091812020715105899テイエムカナロア　　　　　　　　　　 79.9 17.4-11.7-10.9 -7.6 -3  0.0                           
091812020815102110ナムラセンリョウ　　　　　　　　　　187.2 39.9-10.9-13.2 -8.0 -3  0.0                           
091812020915104500ウォーターレラ　　　　　　　　　　　 11.1  3.1 -0.7  8.1  2.2  7 25.3                           
091812021015103048スズカフェスタ　　　　　　　　　　　 31.0  7.3 -8.8 -5.7 -4.9  0  0.0                           
091812021115103760アトス　　　　　　　　　　　　　　　  6.1  2.2  8.6  6.7  5.2 10 14.2                           
091812021215100166カフジユニコーン　　　　　　　　　　 15.4  4.0 -7.7 -2.3 -3.5  1  0.0                           
091812021315103116キクノエスペルト　　　　　　　　　　  4.6  1.8 11.6 29.8 13.2 18 10.4                           
091812021415104928レンブランサ　　　　　　　　　　　　 31.2  7.4 -7.7  1.6 -2.3  3  0.0                           
091812021515105439ダンツタイヨウ　　　　　　　　　　　  7.0  2.4  8.7 12.2  6.8 12  0.0                           
091812021615101375サンライズルーク　　　　　　　　　　  6.2  2.2  7.4 11.1  6.0 11  6.9  3                        
091812030115102081サンライズアミーゴ　　　　　　　　　 31.5  5.8-10.9-13.7 -8.1 -3  0.0                           
091812030215100858ムーンアンドスター　　　　　　　　　 30.1  5.6 -1.3-12.5 -4.2  1  0.0                           
091812030315103785ジューンシェイカー　　　　　　　　　123.1 20.2-11.6-13.3 -8.2 -3  0.0                           
091812030415106152ザクライングマシン　　　　　　　　　  2.5  1.3 19.0 18.5 12.5 18 15.4                           
091812030515103983メイショウカクウン　　　　　　　　　 46.4  8.2 -6.0  8.2  0.3  5  7.2                           
091812030615104269パクスディオラム　　　　　　　　　　  6.3  1.8 13.7 20.4 11.1 16 20.5                           
091812030715104696キープシークレット　　　　　　　　　 36.1  6.6-10.9 -5.0 -5.5  0  0.0                           
091812030815103265ナムラシシマル　　　　　　　　　　　 69.4 11.7 -7.7-13.2 -6.8 -2  0.0                           
091812030915102258アカネコントレイル　　　　　　　　　 21.8  4.2 -2.7  8.9  1.7  7  5.8                           
091812031015106257グラスコマチ　　　　　　　　　　　　  7.8  2.1 -9.7  5.6 -1.9  3  9.0                           
091812031115103757プラチナバローズ　　　　　　　　　　 20.4  4.1 -7.7  8.5 -0.3  5  0.0                           
091812031215102454パープルヒストリー　　　　　　　　　 69.3 11.7-10.9-10.7 -7.2 -2 13.2                           
091812031315110101アメリカンエース　　　　　　　　　　  4.0  1.5 20.7 19.8 13.5 19 11.8                           
091812031415105579テイエムホマレボシ　　　　　　　　　 77.3 13.0-11.7-10.9 -7.6 -3  0.0                           
091812031515105362ゴッドミラクル　　　　　　　　　　　  6.8  1.9  9.4 10.8  6.7 12  0.0                           
091812031615106313ヴィグランドユウキ　　　　　　　　　 83.1 13.9-11.7 -3.7 -5.4  0  0.0                           
091812040112106071ゲネラルプローベ　　　　　　　　　　 24.6  4.1 -9.4 -6.7 -5.5 -5  7.8                           
091812040213106258アドマイヤデライト　　　　　　　　　 14.8  2.7  8.6  7.7  5.5  5  0.0                           
091812040314103265メイショウヒカル　　　　　　　　　　  5.3  1.5 18.0 12.5 10.4 10 10.8                           
091812040411101041スズカグランデ　　　　　　　　　　　  3.3  1.3 18.4 14.7 11.2 11 19.0                           
091812040514105340ウルラーレ　　　　　　　　　　　　　 34.9  5.5 -9.7 -6.6 -5.5 -6  0.0                           
091812040614102321ニシノキャプテン　　　　　　　　　　 26.2  4.3  0.1  0.1  0.1  0  0.0                           
091812040713104475ダンツプリウス　　　　　　　　　　　  2.2  1.2 19.4 21.9 13.7 14 15.4C                          
091812040811105897スズカプリティー　　　　　　　　　　 32.8  5.2 -9.7 -6.3 -5.4 -5  0.0                           
091812040913104310スフバータル　　　　　　　　　　　　 43.1  6.6 -9.7 -8.6 -6.1 -6  0.0                           
091812041014104404フォルテメンテ　　　　　　　　　　　 27.2  4.4 -9.7 -4.8 -5.0 -5 10.8                           
091812041114105068レディーフランソワ　　　　　　　　　 60.1  8.7 -9.7-10.3 -6.6 -7  0.0                           
091812041212101359サトノアッシュ　　　　　　　　　　　 17.4  3.1  1.1  4.9  1.9  2  9.0                           
091812041314103515メイショウタンヅツ　　　　　　　　　 32.6  5.2-11.7 -3.4 -5.3 -5  6.5  0                        
091812041411102559ユキノサンブライト　　　　　　　　　 58.8  8.5 -9.7-10.3 -6.6 -7  0.0                           
091812050115109086ケイティノーブル　　　　　　　　　　 41.8  6.9-15.0 -7.1 -7.6 -3  0.0                           
091812050215110049リョーケン　　　　　　　　　　　　　 20.8  3.8 -3.9 -7.2 -3.6  1  0.0                           
091812050315104589マサハヤニース　　　　　　　　　　　  2.0  1.2 19.9 22.5 14.0 19 17.4                           
091812050415104314ラストクルセイド　　　　　　　　　　  4.9  1.5 17.2 10.5  9.5 14 13.1                           
091812050515100088フォーアシュトース　　　　　　　　　 31.7  5.4-11.7 -7.0 -6.4 -1  0.0                           
091812050615100819オーミスマイル　　　　　　　　　　　 28.4  4.9-11.7-15.5 -8.9 -4  0.0                           
091812050715104629ミコデイジーラブ　　　　　　　　　　 35.4  5.9-14.0-10.2 -8.2 -3  0.0                           
091812050815103007ウォーターエルピス　　　　　　　　　 14.8  2.9 -0.7 11.3  3.1  8  7.4                           
091812050915100852セイウンフォーカス　　　　　　　　　  5.3  1.6 10.0 14.2  7.9 13 18.6                           
091812051015100728サンクエトワール　　　　　　　　　　 23.0  4.1 -9.7 -6.6 -5.5 -1  7.1                           
091812051115101749ピースラヴィング　　　　　　　　　　  5.8  1.7 11.9  5.9  6.1 11 11.7  2                        
091812060115104900レーガノミクス　　　　　　　　　　　  5.5  1.8 12.9  5.1  6.3  6 12.7                           
091812060215104656センテリュオ　　　　　　　　　　　　  2.9  1.4 17.8 19.5 12.4 12 17.4                           
091812060315100906モデルスター　　　　　　　　　　　　 38.6  7.6-11.7-15.0 -8.8 -9  0.0  0                        
091812060415100596ポールウィン　　　　　　　　　　　　 41.0  8.0 -8.8 -2.6 -4.0 -4  0.0                           
091812060515100526タガノラヴリー　　　　　　　　　　　 31.0  6.2 -4.7 -5.5 -3.4 -3 10.8  0                        
091812060615100357オンワードマリー　　　　　　　　　　 73.8 13.5-11.7-15.3 -8.9 -9  0.0  0                        
091812060715105431ヴァイスブリッツ　　　　　　　　　　  4.2  1.6 13.0  8.5  7.3  7  5.0                           
091812060815102069テーオーアモーレ　　　　　　　　　　 38.8  7.6-11.7-15.5 -8.9 -9  0.0  0                        
091812060915105487ナリタカピリナ　　　　　　　　　　　 74.2 13.6-10.9  5.1 -2.5 -2  0.0                           
091812061015103998トーアプリンセス　　　　　　　　　　 37.5  7.4 -6.9 -4.4 -3.8 -4  0.0                           
091812061115102887エイシンエンデバー　　　　　　　　　 63.7 11.7 -6.2-11.9 -5.8 -6  0.0                           
091812061215104960アドマイヤデジタル　　　　　　　　　  6.1  1.9  6.1 11.9  5.8  6 20.1                           
091812061315101446カズフィンテック　　　　　　　　　　 40.5  7.9-10.9 -8.8 -6.6 -7  0.0                           
091812061415103517ボアヴィスタ　　　　　　　　　　　　  7.7  2.2 -2.0 -1.9 -1.3 -1  5.1                           
091812061515102390ロードレガリス　　　　　　　　　　　 17.1  3.8  1.4  3.2  1.5  1  7.8                           
091812061615104831エストゥディオ　　　　　　　　　　　 26.9  5.5 -7.7 -6.0 -4.6 -5  0.0                           
091812070114106411タテヤマ　　　　　　　　　　　　　　  3.9  1.5 10.0  9.0  6.4 26 11.8                           
091812070213105629スーパーライナー　　　　　　　　　　  2.6  1.3 16.7 19.7 12.0 32 15.8                           
091812070314102618ダブルスプリット　　　　　　　　　　 28.9  5.5  6.6 -3.1  1.5 21  0.0                           
091812070414109041フィールドステイ　　　　　　　　　　  6.3  1.9  9.0 11.9  6.9 27  0.0                           
091812070514101924ハートフルタイム　　　　　　　　　　  5.8  1.8 11.8-13.7  0.2 20  6.4                           
091812070614103150ウイングフリオーソ　　　　　　　　　 67.8 11.7-14.0-13.2 -9.1 11  0.0                           
091812070714105031マーケットレイズン　　　　　　　　　 68.1 11.7-11.7 -3.7 -5.4 15  0.0                           
091812070814104038ガールズブランド　　　　　　　　　　 67.8 11.7-10.9-13.2 -8.0 12  0.0                           
091812070914100158ゼセル　　　　　　　　　　　　　　　 18.1  3.7 -6.5 -9.6 -5.3 15 14.6                           
091812071010105167ボストンビリーヴ　　　　　　　　　　 64.1 11.1-11.6-11.3 -7.6 12  0.0                           
091812071113102403フィールブリーズ　　　　　　　　　　 26.7  5.1  1.4 11.8  4.1 24  8.8                           
091812071214103585グランドガール　　　　　　　　　　　 19.9  4.0  3.1  0.2  1.2 21  5.8                           
091812071314103245ビップソルダー　　　　　　　　　　　 11.3  2.6 -3.7 -3.8 -2.5 18  0.0                           
091812071414101349エイシンルカーノ　　　　　　　　　　 39.9  7.3 -7.1  9.1  0.1 20 12.6                           
091812071513103656メイショウカネサダ　　　　　　　　　 35.0  6.5 -4.7-15.0 -6.2 14 12.0  0                        
091812080111103632ヴィッセン　　　　　　　　　　　　　  9.4  2.3 -3.7 -0.2 -1.4 29  5.5                           
091812080212105696ウェーブキング　　　　　　　　　　　 43.2  7.2-11.7 -5.1 -5.8 24  0.0                           
091812080312103296ニホンピロサンダー　　　　　　　　　 40.2  6.8-10.9-11.6 -7.5 23  0.0                           
091812080414104612ワタシノロザリオ　　　　　　　　　　 12.9  2.7  6.0-15.4 -2.4 28  8.3  0                        
091812080513105481ドラゴンカップ　　　　　　　　　　　  9.3  2.3 -2.7 10.6  2.2 32  5.1                           
091812080612100413エンクエントロス　　　　　　　　　　 37.8  6.4 -9.7 -8.4 -6.1 24  0.0                           
091812080711106130サンライズレーヴ　　　　　　　　　　 35.2  6.0-11.7-13.3 -8.3 22  0.0                           
091812080814101193キクノルア　　　　　　　　　　　　　  2.3  1.2 19.9 22.4 14.0 44 15.4                           
091812080913104602ニホンピロヘーゼル　　　　　　　　　  7.8  2.0 10.1 17.8  9.0 39 20.5                           
091812081014106084デイズ　　　　　　　　　　　　　　　 42.9  7.2-10.9-12.3 -7.7 22  0.0                           
091812081114104962ナムラヘラクレス　　　　　　　　　　  8.5  2.1 10.2 -0.1  3.7 34  8.4                           
091812081214105850エルデュクラージュ　　　　　　　　　  3.7  1.4 18.5 10.2  9.8 40 13.1                           
091812090115105598スズカテイオー　　　　　　　　　　　  7.9  1.9  8.0 20.0  8.9 54  9.6                           
091812090215105021コズミックフォース　　　　　　　　　  2.0  1.2 19.3 15.7 11.8 57 17.4                           
091812090315104384ビッグスモーキー　　　　　　　　　　 14.7  2.7  3.0 -3.8  0.0 45  0.0                           
091812090415101701シスターフラッグ　　　　　　　　　　 14.0  2.6  0.5  8.9  2.9 48  9.6                           
091812090515104582ケイティクレバー　　　　　　　　　　  3.5  1.3 16.0 22.2 12.5 58 19.0                           
091812090615100509タガノスカイハイ　　　　　　　　　　 27.4  4.4 -7.7 -9.9 -5.8 39  0.0                           
091812090715104987キタノコマンドール　　　　　　　　　  5.2  1.5 14.5 12.9  9.2 54 18.2  4                        
091812090815105026シエラネバダ　　　　　　　　　　　　 11.6  2.3  3.3 11.5  4.7 50  0.0                           
091812100112105830オルナ　　　　　　　　　　　　　　　 15.2  3.2  4.3  6.8  3.6 39  5.5                           
091812100213100904クリノリトミシュル　　　　　　　　　  2.4  1.3 19.9 18.4 12.8 48 17.4                           
091812100314100511タガノヴェローナ　　　　　　　　　　 44.1  7.9 -7.7-13.8 -7.0 28  0.0                           
091812100413103232サンライズウィズ　　　　　　　　　　 48.6  8.7 -7.7  0.1 -2.8 32  0.0                           
091812100511102290ティーポイズン　　　　　　　　　　　 32.3  6.0-10.9-13.9 -8.2 27  0.0                           
091812100612105979パワーポケット　　　　　　　　　　　 47.8  8.5 -9.7 -4.6 -4.9 30  0.0                           
091812100711106544メガオパールカフェ　　　　　　　　　 20.2  4.1 -9.7-10.3 -6.6 28  0.0                           
091812100814104332ホーリーブレイズ　　　　　　　　　　 12.3  2.7  8.4 19.6  9.0 44 12.7                           
091812100910100307ベルウッドテラス　　　　　　　　　　 73.0 12.4-14.0-10.3 -8.2 27  0.0                           
091812101014105514フォギーナイト　　　　　　　　　　　  5.2  1.6 14.5 20.7 11.5 47  7.8                           
091812101112105360ヴァローア　　　　　　　　　　　　　 15.2  3.2 -1.1  6.7  1.6 37  0.0                           
091812101212100555ウインユニファイド　　　　　　　　　 34.1  6.3 -7.7  9.3  0.0 35 12.0                           
091812101312104648ザイディックメア　　　　　　　　　　 14.5  3.1 -0.6 13.5  3.8 39 12.5  4                        
091812101411106559ミキノグランプリ　　　　　　　　　　 70.4 12.0-10.9-14.2 -8.3 27  0.0                           
091812101512104792ジュンスパーヒカル　　　　　　　　　  4.3  1.5 14.6 17.1 10.5 45 11.8                           
091812101612103730ジュエルメーカー　　　　　　　　　　 70.1 11.9-11.7-10.3 -7.4 28  0.0                           
091812110112101704ニシノラッシュ　　　　　　　　　　　 47.1  8.3-10.9-12.4 -7.7 42  0.0                           
091812110213100783シュウジ　　　　　　　　　　　　　　 15.0  3.1  4.6-11.3 -1.7 48  0.0                           
091812110311104231ミッキーラブソング　　　　　　　　　 64.7 10.9-10.9-10.2 -7.1 43  0.0                           
091812110413104606ペイシャフェリシタ　　　　　　　　　 41.5  7.4-10.0 16.7  1.3 51  0.0                           
091812110511105200コスモドーム　　　　　　　　　　　　 75.9 12.7-10.0-10.0 -6.7 43  0.0                           
091812110611104416レッドファルクス　　　　　　　　　　  4.1  1.5 16.6 15.0 10.6 61 24.6                           
091812110712105582ムーンクレスト　　　　　　　　　　　 34.3  6.2 -9.4  8.5 -0.9 49  0.0                           
091812110811104627ヒルノデイバロー　　　　　　　　　　 14.5  3.1 -3.3 -2.7 -2.0 48  0.0                           
091812110914105018マイネルバールマン　　　　　　　　　 51.8  9.1-11.3-12.8 -8.0 42  0.0                           
091812111008100889ユキノアイオロス　　　　　　　　　　 72.6 12.2-11.3-20.0-10.1 40  0.0  0                        
091812111112104853コロマンデル　　　　　　　　　　　　 66.7 11.2-10.9 -6.7 -6.0 44  0.0                           
091812111214104286ディバインコード　　　　　　　　　　 11.6  2.6 10.1  9.8  6.6 57  0.0                           
091812111313103292ダイアナヘイロー　　　　　　　　　　 21.6  4.2 -6.9-10.7 -5.7 44  0.0                           
091812111412110091モーニン　　　　　　　　　　　　　　 17.7  3.6 -1.3 10.8  2.8 53  8.3                           
091812111514105621カラクレナイ　　　　　　　　　　　　  7.7  2.1  5.7 16.9  7.2 57  4.5                           
091812111612101013アポロノシンザン　　　　　　　　　　 17.9  3.6  8.0  6.3  4.8 55  0.0                           
091812111714110031モズアスコット　　　　　　　　　　　  2.4  1.3 21.9 22.0 14.6 65 17.4                           
091812111814103009タイムトリップ　　　　　　　　　　　 88.4 14.6-11.3-15.1 -8.7 41  0.0  0                        
091812120114105676メンターモード　　　　　　　　　　　  6.9  2.2 -0.3 10.6  3.1 33  4.5                           
091812120212105587リリーヴィクトリー　　　　　　　　　 49.4 10.2-11.7-10.6 -7.5 23  0.0                           
091812120313102626ミスズスター　　　　　　　　　　　　 25.2  5.5 -2.0 -5.3 -2.3 28  0.0                           
091812120413102825ワンダーサジェス　　　　　　　　　　  4.9  1.8 18.8 27.2 15.1 45 19.0                           
091812120512105108ハーツジュニア　　　　　　　　　　　 45.0  9.4-10.9-11.3 -7.4 23 11.8                           
091812120613104161ブライスガウ　　　　　　　　　　　　  7.7  2.4  0.2 11.3  3.5 33  0.0                           
091812120713105651ウォーターピオニー　　　　　　　　　 46.4  9.6 -4.7 -5.3 -3.3 27 10.5                           
091812120812100406シゲルゴホウサイ　　　　　　　　　　 38.3  8.1-10.9-14.9 -8.5 22  0.0                           
091812120914102844メイショウテンセイ　　　　　　　　　 40.3  8.5 -4.9 -6.2 -3.7 26 20.7                           
091812121010101326タッチシタイ　　　　　　　　　　　　 43.4  9.1-10.9-12.3 -7.7 22  0.0                           
091812121112103583メイショウタラチネ　　　　　　　　　 14.3  3.5 -1.8 -6.5 -2.6 27  0.0                           
091812121214102973メイショウギガース　　　　　　　　　  7.6  2.3  8.4  6.8  5.1 35  0.0                           
091812121312105677サンビショップ　　　　　　　　　　　 20.2  4.6 -1.8  9.7  2.3 32  0.0                           
091812121411106567テーオーソルジャー　　　　　　　　　 13.3  3.3  9.5  1.2  3.8 34  0.0  5                        
091812121514106114ヴィルデローゼ　　　　　　　　　　　  3.1  1.5 15.8 20.7 12.0 42 17.4                           
091812121612103425リアルプロジェクト　　　　　　　　　 19.8  4.6 -0.7  9.6  2.6 33  8.8                           
101816010115103719ビヨンド　　　　　　　　　　　　　　 63.1 10.2-10.0 -6.5 -5.6 -1  0.0                           
101816010215105646カシノサクラッコ　　　　　　　　　　108.1 17.0-10.0-11.8 -7.2 -2  0.0                           
101816010315101994ドリームバンバン　　　　　　　　　　 11.7  2.5-11.0  4.7 -2.6  2  0.0                           
101816010415103367ベイブリッジ　　　　　　　　　　　　 22.0  4.1-11.3-20.0-10.1 -5  0.0                           
101816010515103568アイコンタクト　　　　　　　　　　　 19.0  3.7 -2.0-10.9 -4.0  1  0.0  0                        
101816010615102481ベルウッドスワロー　　　　　　　　　 50.8  8.5-10.0-11.8 -7.2 -2  0.0                           
101816010715101217クリノバルテュス　　　　　　　　　　 14.3  2.9 -2.0  7.0  1.4  6  0.0                           
101816010815102686ブケパロス　　　　　　　　　　　　　 40.4  6.9-11.0 -8.9 -6.7 -2  0.0                           
101816010915103251カシノアイガー　　　　　　　　　　　 57.6  9.3-11.3-20.0-10.1 -5  0.0  0                        
101816011015102246サンライズナイト　　　　　　　　　　  2.8  1.3 16.5 15.2 10.6 16 13.8                           
101816011115101402サンライズフルメン　　　　　　　　　  2.9  1.4 17.0 30.8 15.5 20 15.0  1  207   62              
101816011215100186キョウワスピネル　　　　　　　　　　 24.3  4.4  8.0 -1.8  2.4  7  0.0                           
101816011315102038スピリットワンベル　　　　　　　　　 10.7  2.4  6.6 11.0  5.7 11 11.4                           
101816011415106427タラニス　　　　　　　　　　　　　　 18.6  3.6 -3.0-11.0 -4.4  1  0.0                           
101816011515101779ニシノオクタゴン　　　　　　　　　　 21.5  4.0 10.5-11.8  0.3  5  0.0                           
101816011615105473メイドインヘヴン　　　　　　　　　　 18.2  3.5 -3.0 -1.2 -1.5  4 20.0  5                        
101816020114104313ルア　　　　　　　　　　　　　　　　 52.2 10.5-10.0 -1.8 -4.2 16  0.0                           
101816020212102753ブレーヴブラッド　　　　　　　　　　  6.7  2.1  6.6 11.0  5.7 26 12.3                           
101816020313106186スーセントマリー　　　　　　　　　　  8.5  2.5 12.0 -7.4  2.2 22  0.0                           
101816020413103138セイシュプリーム　　　　　　　　　　 22.8  5.0 -4.4 -3.4 -2.6 17  0.0                           
101816020513103699タイキラメール　　　　　　　　　　　 40.6  8.3-11.0  0.8 -3.8 16  0.0  4                        
101816020609105485スカイアクセス　　　　　　　　　　　 38.4  7.9-10.0-11.8 -7.2 13  0.0                           
101816020714106453スカイソング　　　　　　　　　　　　 40.9  8.4-10.0-11.8 -7.2 13  0.0                           
101816020814101150フィネス　　　　　　　　　　　　　　  4.8  1.8 13.5 18.9 10.6 31 15.0  2                        
101816020914101645リガス　　　　　　　　　　　　　　　  2.9  1.4 20.5  6.8  9.6 30 13.8                           
101816021014104782ミラクルローカス　　　　　　　　　　 32.6  6.8-10.0-11.8 -7.2 13  0.0                           
101816021114104081キタノユーリン　　　　　　　　　　　 13.1  3.2-11.0  6.6 -2.1 18 21.3                           
101816021214100428カズマペッピーノ　　　　　　　　　　  6.2  2.0  6.6 16.5  7.4 27  0.0                           
101816021314105006キタサンシーザー　　　　　　　　　　 28.5  6.0-11.0  3.0 -3.1 17  0.0                           
101816021414101753サノラブ　　　　　　　　　　　　　　  9.0  2.6  9.0  9.3  6.1 26  0.0                           
101816030115104613ピエナフラッシュ　　　　　　　　　　 24.3  4.3 -1.4  6.6  1.5  6  0.0                           
101816030215104857フィナリザール　　　　　　　　　　　 41.0  6.8-11.0-10.4 -7.2 -2  0.0                           
101816030315106173レオコックブルー　　　　　　　　　　 11.4  2.4  0.0-11.0 -3.3  2  0.0                           
101816030415101920カシノデジール　　　　　　　　　　　 39.8  6.6 -2.0 -1.8 -1.3  4  0.0                           
101816030515103462アクアレーヌ　　　　　　　　　　　　 51.8  8.4-11.0-11.0 -7.3 -2  0.0                           
101816030615103634ジョーマキアート　　　　　　　　　　  9.2  2.2 -5.5 13.2  1.9  7  0.0                           
101816030715105098レーヴドリーブ　　　　　　　　　　　  2.2  1.2 22.0 12.6 11.8 17 13.8                           
101816030815105373ショウナンラヴィ　　　　　　　　　　 45.0  7.4-11.0 -7.4 -6.3 -1  0.0                           
101816030915105464ウインドピトレスク　　　　　　　　　 46.6  7.6-11.0 -1.5 -4.5  1  0.0                           
101816031015104184アレグレメンテ　　　　　　　　　　　  8.0  2.0 11.0 13.7  8.1 13 16.3  4                        
101816031115103383ミッキーチャーム　　　　　　　　　　  3.8  1.4 18.7 16.5 11.8 17 15.0                           
101816031215103734エコロプリンセス　　　　　　　　　　 96.9 14.7-10.0-11.8 -7.2 -2  0.0                           
101816031315100686リベラシオン　　　　　　　　　　　　 49.6  8.0 -2.0-11.8 -4.3  1  0.0                           
101816031415106328オンディーヌ　　　　　　　　　　　　 53.5  8.6-10.0-11.8 -7.2 -2  0.0                           
101816031515100591ドレサージュ　　　　　　　　　　　　 11.7  2.4 11.0 13.7  8.1 13 14.0                           
101816031615105735アーバンベスト　　　　　　　　　　　 58.2  9.1-11.0-15.1 -8.6 -4  0.0  0                        
101816040115102272ベラソヴラーノ　　　　　　　　　　　 73.8 15.5-11.3 -5.6 -5.8 -1  0.0                           
101816040215102865エイシンヘリオス　　　　　　　　　　 72.2 15.2-11.3-14.9 -8.6 -4  0.0                           
101816040315105667センターフィールド　　　　　　　　　 24.3  5.7-11.3  6.2 -2.3  3  0.0                           
101816040415104777バレンタインジェム　　　　　　　　　  6.2  2.1 12.0 -9.0  1.7  7  0.0                           
101816040515106538ピーナツ　　　　　　　　　　　　　　 39.3  8.8-11.3-13.7 -8.3 -3  0.0                           
101816040615103509レディライク　　　　　　　　　　　　 26.4  6.1  8.0  7.1  5.1 10  0.0                           
101816040715102850グランドフサイチ　　　　　　　　　　 78.0 16.4-13.0 -7.1 -6.9 -2  0.0                           
101816040815102488ノーモアサイレンス　　　　　　　　　 22.9  5.4-11.0-11.8 -7.6 -3  0.0                           
101816040915105148キックオフ　　　　　　　　　　　　　 24.7  5.8-10.0-11.8 -7.2 -2  0.0                           
101816041015104965マイティスピリット　　　　　　　　　  4.3  1.7  1.5-11.0 -2.8  2 13.8                           
101816041115103524リリカルドリーム　　　　　　　　　　  4.3  1.7 13.6 17.2 10.1 15 15.0  2                        
101816041215100440コントラスト　　　　　　　　　　　　 98.1 20.4-10.0-11.8 -7.2 -2  0.0                           
101816041315104195ノーフェイク　　　　　　　　　　　　 10.7  2.9 15.0 -7.4  3.3  8  0.0                           
101816041415100189トーセンフレール　　　　　　　　　　 45.8 10.1-11.0-10.4 -7.2 -2  0.0                           
101816041515106402ゴールデンテソーロ　　　　　　　　　 18.2  4.5 12.0 -1.8  3.9  9  0.0                           
101816041615106194センショウユウト　　　　　　　　　　 11.8  3.1 -1.4  5.7  1.2  6 20.0                           
101816041715100673コーラルリーフ　　　　　　　　　　　  5.7  2.0  8.6  1.0  3.5  8 11.4                           
101816041815103081ビーチキャンドル　　　　　　　　　　 25.4  5.9-11.3-11.0 -7.4 -2  0.0                           
101816050115103900ソウラセブン　　　　　　　　　　　　 80.1 12.2-10.0-11.8 -7.2 -2  0.0                           
101816050215102372ロードマドリード　　　　　　　　　　  2.2  1.2 20.8 17.0 12.7 18 13.8                           
101816050315105354ロジピエナ　　　　　　　　　　　　　 50.5  8.2-11.0-11.8 -7.6 -3  0.0                           
101816050415110015アニエーゼ　　　　　　　　　　　　　 45.9  7.5-11.3-11.0 -7.4 -2  0.0                           
101816050515100428ナンゴクアイネット　　　　　　　　　  5.2  1.5 14.0  5.6  6.8 12 16.3                           
101816050615101927ネリチャギ　　　　　　　　　　　　　 28.8  4.9 -1.4 -4.7 -1.9  3  0.0                           
101816050715110059モトカ　　　　　　　　　　　　　　　 30.7  5.2 -4.4-11.0 -4.9  0  0.0                           
101816050815103196アドマイヤセレブ　　　　　　　　　　 14.6  2.9-11.3 -5.9 -5.9 -1  0.0                           
101816050915103118モーニングヒカル　　　　　　　　　　 59.8  9.3 -2.0-11.8 -4.3  1  0.0                           
101816051015100577ヤマニンキアラ　　　　　　　　　　　 38.9  6.4-10.0-11.8 -7.2 -2  0.0                           
101816051115100725マイネルビーラヴド　　　　　　　　　 15.9  3.1  6.0 -1.8  1.7  7  0.0                           
101816051215100614フラワーパターン　　　　　　　　　　 56.0  8.8-10.0-11.8 -7.2 -2  0.0                           
101816051315102470ジョウトウ　　　　　　　　　　　　　 48.2  7.8 -2.0-11.8 -4.3  1  0.0                           
101816051415100721マイネルルティレ　　　　　　　　　　 19.7  3.7  6.6 11.0  5.7 11 14.0                           
101816051515104651アリストライン　　　　　　　　　　　  3.8  1.4 14.7  9.4  8.2 13 15.0                           
101816051615102730オモウツボ　　　　　　　　　　　　　 22.5  4.0-10.0 -1.8 -4.2  1  0.0                           
101816060112101809バイオレットフィズ　　　　　　　　　 19.1  3.8  5.6  6.6  4.0 24  0.0                           
101816060213104759メイショウバーズ　　　　　　　　　　 31.5  5.8-10.5-14.4 -8.2 12  0.0  0                        
101816060314102280ペイシャブルー　　　　　　　　　　　 43.2  7.7-11.0-11.0 -7.3 13  0.0                           
101816060413101571ポロス　　　　　　　　　　　　　　　 66.8 11.3-11.0-11.8 -7.6 12  0.0                           
101816060513105305アルスフェルト　　　　　　　　　　　  3.5  1.4 11.0 15.5  8.7 29 15.0                           
101816060614103600ジュブリーユ　　　　　　　　　　　　 17.8  3.6  6.0  9.3  5.0 25  0.0                           
101816060714100198プリンシアステラ　　　　　　　　　　 65.2 11.0-10.0-11.8 -7.2 13  0.0                           
101816060814106173ミンネザング　　　　　　　　　　　　 32.5  6.0 -2.0-11.8 -4.3 16  0.0                           
101816060913101632サムシングフレア　　　　　　　　　　 42.5  7.6-11.0-11.8 -7.6 12  0.0                           
101816061014105336リュミエールドール　　　　　　　　　  5.6  1.7 12.2 11.0  7.8 28 12.3                           
101816061113102666エキドナ　　　　　　　　　　　　　　  5.5  1.7 16.5 29.6 14.9 35 16.3                           
101816061213104802グロリアスメーカー　　　　　　　　　 35.4  6.4-11.3-14.9 -8.6 11  0.0                           
101816061314103848スズカスマート　　　　　　　　　　　  2.7  1.3 22.0 22.0 14.7 35 13.8                           
101816061414103686ゴールデンターキン　　　　　　　　　 35.6  6.5-10.0-11.8 -7.2 13  0.0                           
101816061512103633ラックアサイン　　　　　　　　　　　 44.9  8.0-11.0 -1.8 -4.6 15  0.0                           
101816061614105472ロマンチックワーク　　　　　　　　　 83.5 13.9-11.0-20.0-10.0 10  0.0                           
101816070113101893マリネリス　　　　　　　　　　　　　 64.9 12.1-10.0-11.8 -7.2 13  0.0                           
101816070213100555ラッシュアワー　　　　　　　　　　　 12.8  3.0  9.0 -0.8  3.1 23  0.0                           
101816070312106281エヴァンジル　　　　　　　　　　　　 43.4  8.5-11.0-11.8 -7.6 12  0.0                           
101816070413100215ヴィレッジダンサー　　　　　　　　　 62.5 11.6-11.0 -1.8 -4.6 15  0.0                           
101816070514105265マスターコード　　　　　　　　　　　  3.5  1.4 14.0 22.0 11.7 32 15.0                           
101816070613106140シャインブライト　　　　　　　　　　 12.0  2.9  6.0 14.1  6.4 26 12.3                           
101816070714105574ベストダンス　　　　　　　　　　　　 23.3  4.9-10.0-11.8 -7.2 13  0.0                           
101816070814103124ジュニエーブル　　　　　　　　　　　 16.2  3.6 -2.0  7.1  1.4 21  0.0                           
101816070913101946マイネルクラフト　　　　　　　　　　 20.3  4.4  8.0 -1.8  2.4 22  0.0                           
101816071014106081ムイトオブリガード　　　　　　　　　  3.4  1.4 13.6 16.5  9.9 30 13.8                           
101816071113105352アグネスザルーツ　　　　　　　　　　 60.9 11.4-11.0-11.0 -7.3 13  0.0                           
101816071214106251ローズシュクレ　　　　　　　　　　　  4.0  1.5 15.0 27.9 13.9 34 16.3  1  219   50              
101816071314110023リードザフィールド　　　　　　　　　 76.6 14.1-11.0-11.8 -7.6 12  0.0                           
101816071414101079アイアンエフケイ　　　　　　　　　　 45.9  8.9-10.5-20.0 -9.9 10  0.0                           
101816071512104832レレオーネ　　　　　　　　　　　　　 19.8  4.3-11.3 -8.9 -6.8 13  0.0                           
101816071613105931デューズワイルズ　　　　　　　　　　 29.2  5.9 -5.5-11.0 -5.3 15  0.0                           
101816080111106329サチノクイーン　　　　　　　　　　　 18.4  4.0 -0.5-11.0 -3.5 17  0.0                           
101816080212100777ラブローレル　　　　　　　　　　　　 22.7  4.8-11.0 15.5  0.6 21  0.0  4                        
101816080314100557ヤマニンシーベリー　　　　　　　　　 78.2 14.4-10.0-11.8 -7.2 13  0.0                           
101816080414103212トーホウビスカヤ　　　　　　　　　　 11.2  2.7  9.0  7.9  5.7 26 13.1                           
101816080513102827コリーナ　　　　　　　　　　　　　　 33.3  6.7 -2.0-17.7 -6.0 14  0.0  0                        
101816080613100394ロックオン　　　　　　　　　　　　　 15.5  3.5 -1.7-14.9 -5.1 15  0.0                           
101816080714106535ミルトドリーム　　　　　　　　　　　  9.5  2.6-11.0  2.1 -3.4 17 17.5                           
101816080814101434ハクユウロゼ　　　　　　　　　　　　 86.3 15.8-11.0-20.0-10.0 10  0.0                           
101816080912100233ウインベントゥーラ　　　　　　　　　  7.7  2.2  4.0  8.4  4.0 24  0.0                           
101816081014101660ファンタジーボール　　　　　　　　　 44.8  8.7-10.0-11.8 -7.2 13  0.0                           
101816081112100620オルロフ　　　　　　　　　　　　　　 35.2  7.0 -4.4 -4.7 -3.0 17  0.0                           
101816081213105765ブレッシングテレサ　　　　　　　　　 28.4  5.8-10.0-11.0 -7.0 13  0.0                           
101816081312105113ティーエスバラ　　　　　　　　　　　 88.7 16.2-11.3 -7.1 -6.3 14  0.0                           
101816081414104675キットダイジョウブ　　　　　　　　　 13.3  3.1  6.0  6.7  4.2 24  0.0                           
101816081514102154シゲルタイガー　　　　　　　　　　　  7.3  2.2 10.5 10.8  7.1 27 15.0                           
101816081614100688コスモプラシデス　　　　　　　　　　 46.7  9.1-10.0-11.8 -7.2 13  0.0                           
101816081714106179キラーコンテンツ　　　　　　　　　　  2.3  1.3 22.0 33.7 18.2 38 13.8                           
101816081814100470ミルトプリンス　　　　　　　　　　　 47.4  9.2-11.0-11.0 -7.3 13  0.0                           
101816090113100566レッドリッジ　　　　　　　　　　　　 30.6  6.1-11.3-11.0 -7.4 13  0.0                           
101816090214100120クリノキング　　　　　　　　　　　　  8.0  2.3 -1.4  1.7  0.0 20  0.0                           
101816090313102378グラスアクト　　　　　　　　　　　　 86.1 15.6-11.0 -1.8 -4.6 15  0.0                           
101816090414103402ライデンバローズ　　　　　　　　　　  2.8  1.4 14.3  9.0  7.9 28 13.8                           
101816090513100175ブラウンアニマート　　　　　　　　　 19.9  4.3-10.0  7.1 -1.5 18 15.8                           
101816090613109076アイルーロス　　　　　　　　　　　　 94.7 17.1-10.0-11.8 -7.2 13  0.0                           
101816090713104814ドルチェリア　　　　　　　　　　　　  4.1  1.6 22.0 14.2 12.3 32 15.0                           
101816090814104001セヴィルロアー　　　　　　　　　　　  6.6  2.0 -1.4 14.3  3.8 24 16.3  5                        
101816090912106377ワンダープレジール　　　　　　　　　 18.1  3.9  9.0 -1.5  2.8 23  0.0                           
101816091013101663クラウンホイール　　　　　　　　　　 94.1 16.9-11.0-11.8 -7.6 12  0.0                           
101816091114103790アイアムノーブル　　　　　　　　　　 23.6  4.9-10.0 -9.0 -6.4 14  0.0                           
101816091214102919メイショウイッポン　　　　　　　　　 43.3  8.4-11.0-12.8 -7.9 12  0.0  0                        
101816091313104933マイネルツィール　　　　　　　　　　 11.9  2.8-11.0  2.0 -3.4 17  0.0                           
101816091413105595ロードキング　　　　　　　　　　　　  9.4  2.6  5.4  6.6  4.0 24  0.0                           
101816091514109137コウユーヌレエフ　　　　　　　　　　 37.3  7.3-11.3-11.0 -7.4 13  0.0                           
101816091614103590シルヴァーメテオ　　　　　　　　　　 32.1  6.4 -2.0-11.8 -4.3 16  0.0                           
101816100113105521デルマオギン　　　　　　　　　　　　  6.0  2.0 10.2 15.4  8.4 28 13.1  2                        
101816100210101660キープトライン　　　　　　　　　　　 41.2  9.0-11.0-11.8 -7.6 12  0.0                           
101816100313106447ワンダーアビルマン　　　　　　　　　 26.0  5.9-11.0 -1.5 -4.5 16  0.0                           
101816100411103862レッドカイザー　　　　　　　　　　　  8.1  2.5  8.1 11.0  6.3 26  0.0                           
101816100514102061ハウエバー　　　　　　　　　　　　　 18.5  4.5 -2.0-14.2 -5.0 15  0.0                           
101816100614105663レイトブルーマー　　　　　　　　　　  5.7  2.0 10.5  7.1  6.0 26  0.0                           
101816100711104725マイネルプレッジ　　　　　　　　　　  3.6  1.6 13.5 10.0  7.9 28 13.8                           
101816100814102243ドリームソルジャー　　　　　　　　　  4.7  1.8 12.9-11.0  1.4 21 15.0                           
101816100913100929アシュワガンダ　　　　　　　　　　　 17.8  4.3-10.0-11.8 -7.2 13  0.0                           
101816101012101073メルドオール　　　　　　　　　　　　 41.2  9.0-10.0-11.8 -7.2 13  0.0                           
101816101113105928レジェ　　　　　　　　　　　　　　　  5.0  1.8 13.5 14.5  9.3 29 16.3                           
101816101214100728クイントゥープル　　　　　　　　　　 41.8  9.1-11.0-11.8 -7.6 12  0.0                           
101816110113110057タニノアーバンシー　　　　　　　　　  5.5  1.8 15.0 10.1  8.5 44  0.0                           
101816110212104825メイショウフェイク　　　　　　　　　 10.7  2.6  6.0 -9.0 -0.5 35 18.8                           
101816110314106049ナイトバナレット　　　　　　　　　　 12.5  3.0 11.0  1.4  4.5 39 14.0  5                        
101816110413100214クリノサンスーシ　　　　　　　　　　 31.1  6.3 -6.0  1.2 -1.8 33  0.0                           
101816110512104772ジャズファンク　　　　　　　　　　　 17.8  3.9 -6.0-11.0 -5.5 29  0.0                           
101816110613103573オブリゲーション　　　　　　　　　　 13.1  3.1 -3.0-11.0 -4.4 31  0.0                           
101816110710106549サンライズタイセイ　　　　　　　　　 26.2  5.4  1.5  6.6  2.5 38  0.0                           
101816110810101884デンコウリキ　　　　　　　　　　　　 27.8  5.7 -1.4-11.0 -3.8 31  0.0                           
101816110912101801レトロロック　　　　　　　　　　　　  5.0  1.7 16.0  7.9  8.2 43 15.0                           
101816111012104142ブランドベルグ　　　　　　　　　　　  5.7  1.8  6.5 16.5  7.3 42  0.0                           
101816111113105930プロフェット　　　　　　　　　　　　  2.6  1.3 19.3 19.8 13.0 48 13.8                           
101816120111105062ヤマニンアタシャン　　　　　　　　　 47.9  9.8-11.0-16.7 -9.0 21  0.0  0                        
101816120209105512キングクリチャン　　　　　　　　　　 72.2 14.1-10.0 -1.8 -4.2 26  0.0                           
101816120309104888レヴァンタール　　　　　　　　　　　115.7 22.2-10.0-11.8 -7.2 23  0.0                           
101816120414105116プリティマックス　　　　　　　　　　 24.2  5.3  9.0-11.8 -0.2 30  0.0                           
101816120514102733ロイヤルメジャー　　　　　　　　　　  3.2  1.4 20.0 29.6 16.2 46 13.8                           
101816120611105069ヤマニンマルキーザ　　　　　　　　　 48.8 10.0-11.0-17.7 -9.3 21  0.0  0                        
101816120714105641シエルブラン　　　　　　　　　　　　 14.4  3.5 -1.4  6.6  1.5 31  0.0                           
101816120812102169ウィズアットレース　　　　　　　　　 96.5 18.7-10.0-11.8 -7.2 23  0.0                           
101816120912103929ウォーターラボ　　　　　　　　　　　  6.1  2.0 -3.0 14.1  3.1 33 17.5                           
101816121012104831ポップオーヴァー　　　　　　　　　　  4.5  1.6  7.0 13.2  6.5 37 10.5                           
101816121112100936ブラッククローバー　　　　　　　　　  4.7  1.7  6.6  9.4  5.2 35 16.3                           
101816121211105849ナムラアッパー　　　　　　　　　　　 75.6 14.8-11.0 -1.7 -4.5 25  0.0                           
101816121312101643イサチルホープ　　　　　　　　　　　 24.5  5.4  2.9  8.9  3.7 34  0.0                           
101816121414104911コパノミザール　　　　　　　　　　　 26.7  5.8-11.3 -5.3 -5.7 24  0.0                           
101816121512100690ラッフォルツァート　　　　　　　　　 31.7  6.7 -1.4  3.4  0.5 31  0.0  0                        
101816121612101504ブラックバード　　　　　　　　　　　 21.9  4.8-10.0-11.8 -7.2 23  0.0                           
101816121713103410オフクヒメ　　　　　　　　　　　　　 21.5  4.8 -1.0  6.6  1.6 32  0.0                           
101816121812100608ティルナノーグ　　　　　　　　　　　 28.8  6.2-11.0  1.7 -3.5 26  0.0  4                        
