031731010115106349サロルンカムイ　　　　　　　　　　　 29.5  5.4     -20.0 -7.3 -2  0.0                           
031731010215101543トーホウトリニティ　　　　　　　　　 21.8  4.1 -5.0 -5.0 -3.3  2  0.0                           
031731010315105649デックテープ　　　　　　　　　　　　 38.4  6.8-11.3-10.0 -7.1 -2  0.0                           
031731010415102351フライングサーカス　　　　　　　　　 70.8 11.7-10.0 -7.5 -5.8 -1  0.0                           
031731010515105613ディーズフェイク　　　　　　　　　　  2.5  1.3 19.4 15.1 11.4 16 13.0                           
031731010615105764ゴールデンパレス　　　　　　　　　　 51.6  8.9     -10.8 -4.0  1  0.0                           
031731010715101823カグラヤルージュ　　　　　　　　　　  8.4  2.2  9.3  1.7  3.4  8  0.0                           
031731010815101855ゴムマリ　　　　　　　　　　　　　　 16.7  3.4  6.0  6.4  4.1  9  0.0                           
031731010915103427ウォーターリバース　　　　　　　　　 12.9  2.8  1.2  0.6  0.6  6  0.0                           
031731011015102123スズカアーチスト　　　　　　　　　　  6.3  1.8 20.0 20.2 13.4 18  7.9  3                        
031731011115104450デルマラム　　　　　　　　　　　　　 18.5  3.7-11.3  4.3 -1.8  3  0.0                           
031731011215102578カレイドスコープ　　　　　　　　　　 14.6  3.0-11.3  3.3 -2.2  3  9.2                           
031731011315105094ドロテーア　　　　　　　　　　　　　  3.6  1.4 18.5 16.0 11.4 16 14.2                           
031731020115100127レディオブザレイク　　　　　　　　　 45.5  8.9-11.3-10.0 -7.1 -2  0.0                           
031731020215103515ヤエノメイク　　　　　　　　　　　　 58.5 11.0-11.3-10.0 -7.1 -2  0.0                           
031731020315100807パレハ　　　　　　　　　　　　　　　 45.1  8.9-11.3 -2.7 -4.4  1  0.0                           
031731020415105647キサラギコマチ　　　　　　　　　　　 45.8  9.0-10.0 11.0  1.0  6  0.0  5                        
031731020515100253ビッグジュジュ　　　　　　　　　　　 70.3 13.1-10.0-12.5 -7.6 -3  0.0                           
031731020615102558トウカイオルデン　　　　　　　　　　  5.4  1.8  9.3  6.0  5.0 10  0.0                           
031731020715103910ハッピーリフレイン　　　　　　　　　175.4 31.7-10.0-16.1 -8.9 -4  0.0                           
031731020815106226クイーンズテソーロ　　　　　　　　　  2.8  1.3 12.0 23.1 12.1 17  6.7                           
031731020915101241クラウンチャンプ　　　　　　　　　　 26.9  5.5  4.2 -1.6  0.7  6 10.4                           
031731021015109048カシノクオーレ　　　　　　　　　　　 14.3  3.3  6.8 24.0 10.8 16  0.0                           
031731021115100295フォレストガーデン　　　　　　　　　 12.5  3.0 -2.0  6.0  1.6  7  0.0                           
031731021215102431ファストライフ　　　　　　　　　　　  4.7  1.6 12.3  9.0  7.0 12  7.9                           
031731021315103118モーニングヒカル　　　　　　　　　　 24.4  5.1 -3.3  6.4  1.4  6  0.0                           
031731021415101194カハラレインボー　　　　　　　　　　 46.3  9.1-11.3-18.3-10.1 -5 13.2  0                        
031731021515101569ヤマニンルネッタ　　　　　　　　　　  4.6  1.6 17.9 19.0 12.3 17 14.2  1  235   50              
031731021615105541クイーンディアス　　　　　　　　　　 41.6  8.2 -1.3-10.6 -4.3  1  0.0                           
031731030113101546ビッグランチ　　　　　　　　　　　　 38.3  7.3-11.3-14.4 -8.7 11  0.0  0                        
031731030214102395ペイシャボム　　　　　　　　　　　　  4.5  1.6 15.0  2.6  5.5 25  0.0                           
031731030314105261データヴァリュー　　　　　　　　　　  5.6  1.8 20.0 17.9 12.6 33 15.3                           
031731030414100583プエルタデルソル　　　　　　　　　　 27.2  5.3-10.8-10.0 -6.9 13  0.0  0                        
031731030513109076アイルーロス　　　　　　　　　　　　 32.6  6.3-10.0  4.0 -1.5 18 10.9                           
031731030613100522トーホウリーガル　　　　　　　　　　  6.6  2.0 15.5  7.4  7.4 27  8.5  5                        
031731030714105170ヒカリダイヤグラム　　　　　　　　　 67.6 12.0-11.3 -8.6 -6.5 13  0.0                           
031731030814105509アルーフクライ　　　　　　　　　　　  2.5  1.3 15.0  9.9  8.1 28 13.0                           
031731030912100005マイネルネッツ　　　　　　　　　　　  7.5  2.1 15.0 -0.5  4.3 24  0.0  0                        
031731031013103653ライトブリンガー　　　　　　　　　　 12.2  2.8  7.8  0.6  2.6 23  0.0                           
031731031113100706ロケットバイオ　　　　　　　　　　　 35.4  6.8  0.6 -5.5 -1.8 18  0.0                           
031731031212102583ステラルーチェ　　　　　　　　　　　 30.8  6.0-10.0 -2.0 -3.7 16  0.0                           
031731031312103191エルメネジルド　　　　　　　　　　　 33.4  6.4  0.4 -4.7 -1.6 18  0.0                           
031731040113104481クリスタルキャノン　　　　　　　　　 14.3  3.8 -1.7 -6.0 -2.7 17  0.0  5                        
031731040211100420クリノダイコクテン　　　　　　　　　 12.2  3.3  5.7 10.0  5.4 25  9.8                           
031731040309105122マイネルアイザック　　　　　　　　　 45.5 10.4-10.8-10.8 -7.2 13  0.0                           
031731040413101398カタヨクノテンシ　　　　　　　　　　 17.8  4.5-10.8-10.8 -7.2 13  0.0                           
031731040511106573クラシックマーク　　　　　　　　　　  7.1  2.4  6.8 -4.4  0.4 20 15.3                           
031731040613105989アドマイヤフォルム　　　　　　　　　 19.0  4.8-10.8-10.8 -7.2 13  0.0                           
031731040710104559クロスボウ　　　　　　　　　　　　　  4.0  1.7 20.0  3.6  7.3 27  0.0                           
031731040808104413アイティテイオー　　　　　　　　　　  7.4  2.4 10.5  1.0  3.5 24  0.0                           
031731040914103739トーキングポイント　　　　　　　　　 15.8  4.1 -5.0 -7.4 -4.2 16 11.5  0                        
031731041011101189マイネルゼーラフ　　　　　　　　　　  5.4  2.0 15.0  5.7  6.6 27  7.3                           
031731041109100957ビットアレグロ　　　　　　　　　　　  7.7  2.5 15.0 15.0 10.0 30  8.6                           
031731041213104031スプレーモゲレイロ　　　　　　　　　 37.6  8.7  0.6 -5.5 -1.8 18  0.0                           
031731041313105884ドーノデルソーレ　　　　　　　　　　 11.9  3.2  6.0 -4.7  0.1 20  0.0                           
031731041412102747サウンドギャツビー　　　　　　　　　 19.9  5.0 -3.2 -4.2 -2.5 18  0.0                           
031731050113104743シゲルクロカジキ　　　　　　　　　　  8.5  2.3  9.8  8.0  5.9  6  0.0                           
031731050212102265ブルーガーディアン　　　　　　　　　  3.4  1.4  9.0  4.1  4.2  4 14.2                           
031731050313104744コンゴウリキ　　　　　　　　　　　　 38.0  7.0-10.0-15.1 -8.5 -9  0.0                           
031731050414105572アサクサチャンス　　　　　　　　　　 25.0  4.8     -10.0 -3.7 -4  0.0                           
031731050511109010カシノカーム　　　　　　　　　　　　  8.3  2.2 15.0 -2.0  3.8  4  0.0                           
031731050613100747ニシノリュウセイ　　　　　　　　　　  4.2  1.5 13.5  7.1  6.7  7 15.3                           
031731050714104337ティナカヌメ　　　　　　　　　　　　  2.9  1.3 17.5 12.6  9.9 10 13.0                           
031731050813102806ニシノファルコン　　　　　　　　　　 14.7  3.2  6.8  4.5  3.7  4  0.0                           
031731050913103085バンダムザブラッド　　　　　　　　　 11.0  2.5-10.0 10.4  0.8  1  0.0                           
031731051013104379イナフイズイナフ　　　　　　　　　　 43.2  7.9-11.3-15.6 -9.1 -9  0.0                           
031731060113103507アテンフェスタ　　　　　　　　　　　  7.6  2.6  9.3  8.8  6.0 26  9.1                           
031731060213103133ウォーターバオバブ　　　　　　　　　 11.9  3.4 13.2  5.0  5.8 26  0.0                           
031731060313105554レッドヴェルサス　　　　　　　　　　  8.0  2.7  0.4 -3.2 -1.1 19  0.0                           
031731060414102002レコンキスタ　　　　　　　　　　　　  7.5  2.6  2.5  6.7  3.2 23 16.5                           
031731060512104898ブランダルジャン　　　　　　　　　　 17.5  4.7  0.0-18.7 -6.9 13  0.0  0                        
031731060613104374スズカミラージュ　　　　　　　　　　 35.2  8.5-10.0  0.0 -3.0 17  0.0                           
031731060712103681テイア　　　　　　　　　　　　　　　 96.5 21.7-11.3-10.0 -7.1 13  0.0                           
031731060813106187キャニオンロード　　　　　　　　　　 32.8  8.0-11.3 -4.3 -5.0 15  0.0                           
031731060913102549ミュゼリバイアサン　　　　　　　　　 38.5  9.3-10.0-10.6 -6.9 13  0.0                           
031731061013105645ジオラマ　　　　　　　　　　　　　　  9.2  3.0  2.6 -5.0 -1.1 19  9.8                           
031731061113102489ワキノアタリ　　　　　　　　　　　　  4.4  1.9  4.9  8.0  4.4 24  6.7                           
031731061214104074リパーカッション　　　　　　　　　　 49.4 11.7  6.0 -5.0  0.0 20  0.0                           
031731061314103179ショウブニデル　　　　　　　　　　　  6.1  2.2-10.0  1.6 -2.4 18  6.9  0                        
031731061413106142スプリングキャロル　　　　　　　　　 13.0  3.6  6.0-13.5 -3.2 17  0.0                           
031731061514105654フィルムフランセ　　　　　　　　　　  6.9  2.4  1.3 23.0  8.8 29  0.0  2                        
031731070114102703ニシノエアレス　　　　　　　　　　　 49.7  9.0-10.8-12.0 -7.6 12  0.0  5                        
031731070213102061グリーンバシリスク　　　　　　　　　 59.6 10.4  2.5 -2.0  0.0 20  0.0                           
031731070313100520ウインクルスーパー　　　　　　　　　 64.2 11.2-10.8-10.8 -7.2 13  0.0                           
031731070413102012ラインスラッガー　　　　　　　　　　 92.6 15.8-10.0-10.0 -6.7 13  0.0                           
031731070513104464サトノアイリ　　　　　　　　　　　　 59.7 10.4-10.0  3.0 -1.9 18  0.0                           
031731070613101753ハルク　　　　　　　　　　　　　　　 11.3  2.6  8.7 17.7  9.1 29  9.2  4                        
031731070714102205アプト　　　　　　　　　　　　　　　  7.0  2.0  6.0  6.0  4.0 24  7.5                           
031731070813102309ロードサンダー　　　　　　　　　　　 30.2  5.7-10.0-15.1 -8.5 11  0.0                           
031731070911101411グレンデール　　　　　　　　　　　　 29.2  5.6-10.0 -9.6 -6.5 13  0.0                           
031731071014103245ビップソルダー　　　　　　　　　　　 26.8  5.2 -1.1 -9.4 -3.8 16  0.0                           
031731071114105641シエルブラン　　　　　　　　　　　　  8.6  2.3 11.6  1.8  4.1 24  0.0                           
031731071214103601ゲンパチケンシン　　　　　　　　　　  3.3  1.4 13.5 14.2  9.3 29  7.3                           
031731071311101117ムーンドロップ　　　　　　　　　　　 25.5  5.0 -3.3-14.8 -6.4 14  0.0                           
031731071412102169ウィズアットレース　　　　　　　　　  7.9  2.2 12.0  5.1  5.5 25  8.5                           
031731071514100598ホープフルスター　　　　　　　　　　  3.0  1.4 16.3 20.0 12.2 32 13.0                           
031731071613103929ナッツスター　　　　　　　　　　　　 43.6  8.0-10.0-10.0 -6.7 13  0.0                           
031731080112105304ピアレスピンク　　　　　　　　　　　 21.9  4.0  6.5  8.9  5.2 25  0.0  5                        
031731080213100991モズワッショイ　　　　　　　　　　　  5.1  1.6 12.3 14.0  8.8 29  0.0  5                        
031731080314106285ファステストネオ　　　　　　　　　　 36.3  6.3-10.0 -9.4 -6.4 14  0.0                           
031731080413103679オルノス　　　　　　　　　　　　　　 26.4  4.7  6.5  0.6  2.2 22  0.0                           
031731080513102680クリノセゴビア　　　　　　　　　　　 62.8 10.1-11.3 -4.7 -5.1 15  0.0                           
031731080614101121フジマサクイーン　　　　　　　　　　 43.3  7.4     -13.4 -4.9 15  0.0  0                        
031731080712105027プラントアゲン　　　　　　　　　　　 32.5  5.7-10.0 -4.2 -4.5 15  0.0                           
031731080813104708ヒカリトップメモリ　　　　　　　　　  4.7  1.5 13.8 17.1 10.4 30 14.2                           
031731080914101937サトノレーヌ　　　　　　　　　　　　 20.5  3.9  0.4  1.2  0.6 21  0.0                           
031731081014100172キョウワヒラリー　　　　　　　　　　  6.1  1.7 13.4 11.0  8.1 28 16.5                           
031731081113100664ゼラルダ　　　　　　　　　　　　　　 37.7  6.5     -10.8 -4.0 16  0.0                           
031731081214102828カラーラ　　　　　　　　　　　　　　 34.3  6.0-11.3  6.0 -1.2 19  0.0                           
031731081314104418スズカグラーテ　　　　　　　　　　　  2.1  1.2 15.0 16.0 10.4 30 13.0                           
031731081414104096スカーレットジェム　　　　　　　　　 65.5 10.5 -1.3-11.2 -4.5 16  0.0                           
031731090112102939ナンヨーテンプル　　　　　　　　　　 24.8  4.4-11.3 -0.2 -3.5 17  0.0                           
031731090214105484レッドジェノヴァ　　　　　　　　　　  2.2  1.2 20.0 27.1 15.9 36 13.0                           
031731090313100083セシルクラウン　　　　　　　　　　　 19.0  3.6 15.0  3.0  5.6 26  0.0                           
031731090413105912トロピカルストーム　　　　　　　　　  7.9  2.0 10.5  8.3  6.2 26  0.0                           
031731090512105389ミスズメサイア　　　　　　　　　　　 46.1  7.6-10.8-10.8 -7.2 13  0.0                           
031731090613103139サムワンライクユー　　　　　　　　　 22.9  4.1-11.3  8.1 -0.4 20  0.0                           
031731090713106043アインザッツ　　　　　　　　　　　　  5.7  1.6 13.0 13.6  8.9 29  7.9                           
031731090813101248タマモベルガモ　　　　　　　　　　　 17.4  3.4 -1.6  0.6 -0.3 20  0.0                           
031731090913101893マリネリス　　　　　　　　　　　　　 26.5  4.7-11.3 -6.8 -5.9 14  0.0                           
031731091012105793ヴァーサトル　　　　　　　　　　　　 11.2  2.4  9.5  1.7  3.5 23  8.6                           
031731091114106248ブライトクォーツ　　　　　　　　　　  3.9  1.4 13.2 16.8 10.1 30 14.2                           
031731100114105787ムーンザムーン　　　　　　　　　　　  5.4  1.9 15.0 10.7  8.4 28  0.0  5                        
031731100213100032マルターズゲイル　　　　　　　　　　 56.1 11.9 -1.3 -2.5 -1.3 19  0.0                           
031731100314110117フィアーノロマーノ　　　　　　　　　 13.0  3.4 -4.2  5.3  0.7 21  0.0  5                        
031731100412100793クラウンジーニアス　　　　　　　　　 97.9 20.3-10.0-10.0 -6.7 13  0.0                           
031731100513101667キラージョー　　　　　　　　　　　　  5.2  1.9 10.0 12.3  7.5 28 15.3                           
031731100614101733マッシュクール　　　　　　　　　　　 33.9  7.7-11.3 -4.4 -5.0 15  0.0                           
031731100713102880イマジンザット　　　　　　　　　　　 67.7 14.3-10.0-11.1 -7.1 13  0.0                           
031731100811103862レッドカイザー　　　　　　　　　　　 22.1  5.2  0.4  1.2  0.6 21  0.0                           
031731100914102390バリンジャー　　　　　　　　　　　　  6.3  2.1  6.0  9.0  5.1 25  8.6                           
031731101013110014ジークイーン　　　　　　　　　　　　 87.6 18.2-11.3-15.3 -9.0 11  0.0  0                        
031731101114105802モクレレ　　　　　　　　　　　　　　  3.9  1.6 12.0  4.5  5.3 25  6.7                           
031731101210104213ヒカルエリントン　　　　　　　　　　 75.3 15.8-11.3-10.0 -7.1 13  0.0                           
031731101314103524メイショウグロッケ　　　　　　　　　 21.1  5.1  0.6 -5.5 -1.8 18  0.0                           
031731101412104277スクエアゴールド　　　　　　　　　　 26.5  6.1-11.3 -2.8 -4.4 16  0.0                           
031731101514100701マイネルパンドーロ　　　　　　　　　 18.9  4.6-10.0 12.0  1.4 21  0.0  5                        
031731101614105926シンギュラリティ　　　　　　　　　　  4.7  1.8 18.7 19.8 12.9 33 14.2                           
031731110112103499ラホーヤビーチ　　　　　　　　　　　 17.9  3.6  6.0  9.0  5.1 35  0.0                           
031731110214102594エムオービーナス　　　　　　　　　　 68.9 11.6-11.3-10.9 -7.4 23  0.0                           
031731110310102202ゼンノコリオリ　　　　　　　　　　　 96.8 16.0-10.8-10.8 -7.2 23  0.0                           
031731110413100782ファド　　　　　　　　　　　　　　　 15.1  3.2-11.3  2.7 -2.4 28  0.0                           
031731110514103404タケショウベスト　　　　　　　　　　  2.2  1.2 20.0 20.0 13.3 43 13.0  4                        
031731110612101504ブラックバード　　　　　　　　　　　 13.1  2.8-10.0 12.0  1.4 31  0.0                           
031731110712103033ハッピーノリチャン　　　　　　　　　  5.7  1.7 17.5 13.2 10.1 40 15.3                           
031731110813101392キョウワゼノビア　　　　　　　　　　  5.2  1.6 16.0 11.6  9.1 39 14.2                           
031731110912102808イキオイ　　　　　　　　　　　　　　 32.5  6.0-11.3-10.0 -7.1 23  0.0                           
031731111012100231ウインソワレ　　　　　　　　　　　　 14.3  3.0 -5.0 -4.7 -3.2 27  0.0                           
031731111111106326マンハッタンヘンジ　　　　　　　　　109.2 18.0-10.0 -9.0 -6.3 24  0.0                           
031731111213103812ブロワ　　　　　　　　　　　　　　　 82.5 13.7 -1.3  4.5  1.3 31  0.0                           
031731111312104712サフィロス　　　　　　　　　　　　　 15.5  3.2 15.5 10.6  8.5 39  0.0                           
031731111411102041ショウナンワダチ　　　　　　　　　　 36.4  6.6-10.0-11.5 -7.2 23  0.0                           
031731111512104802クローソー　　　　　　　　　　　　　 23.9  4.6 -5.5-10.8 -5.6 24  0.0                           
031731111614106337ウーマッハ　　　　　　　　　　　　　 39.7  7.1-11.3-12.4 -7.9 22  0.0  0                        
031731120113103101マイティジャック　　　　　　　　　　 34.9  7.4-11.3-10.0 -7.1 13  0.0                           
031731120213101817クライシス　　　　　　　　　　　　　  3.6  1.5 14.3 11.3  8.4 28  6.7                           
031731120314104079リープリッヒターゲ　　　　　　　　　 79.1 15.5      -9.6 -3.5 16  0.0                           
031731120413100398ラピッドライズ　　　　　　　　　　　 24.9  5.5-11.3-11.1 -7.5 13  0.0                           
031731120514103617ハシルキセキ　　　　　　　　　　　　 23.5  5.2     -11.7 -4.3 16  0.0                           
031731120614104228シゲルヒョウ　　　　　　　　　　　　 15.9  3.8 -1.3 13.5  4.6 25  0.0  5                        
031731120714105032シルバーストーン　　　　　　　　　　  3.9  1.5 13.5 25.0 13.2 33  7.3                           
031731120813103963ラタンドレス　　　　　　　　　　　　  6.5  2.1  4.3 14.8  6.7 27  8.1  5                        
031731120914102329クリノレオノール　　　　　　　　　　 11.9  3.0  6.8  1.7  2.7 23  0.0                           
031731121014103514パワフルヒロコ　　　　　　　　　　　 11.0  2.8 17.0 12.6  9.7 30  8.6                           
031731121112104594タイセイラビッシュ　　　　　　　　　  4.1  1.6 12.5 10.5  7.6 28 15.3                           
031731121213105660ジュンゲル　　　　　　　　　　　　　 24.5  5.4-11.3  6.0 -1.2 19  0.0                           
031731121314100264アントレーン　　　　　　　　　　　　 44.9  9.3-10.0-10.7 -6.9 13  0.0                           
081751010115103904リーガルリリー　　　　　　　　　　　  3.0  1.3 19.9 14.0 11.5 16  9.2                           
081751010215105397イリオン　　　　　　　　　　　　　　 31.1  5.8 -7.7  9.3  0.0  5  0.0                           
081751010315103261アイファーフォルテ　　　　　　　　　 78.5 13.3-10.9-14.7 -8.4 -3  0.0                           
081751010415103807ハルキストン　　　　　　　　　　　　  3.2  1.3 13.5 21.9 11.5 17 19.0                           
081751010515103109メイショウミライ　　　　　　　　　　  7.8  2.1  3.8 25.6  9.1 14  5.9                           
081751010615105384ユーデモニクス　　　　　　　　　　　 31.7  5.9  0.2 -1.6 -0.4  5  0.0                           
081751010715105732アイファージュリア　　　　　　　　　 84.5 14.2 -7.7 -9.6 -5.7 -1  0.0                           
081751010815102288チャノカオリ　　　　　　　　　　　　 34.9  6.4 -6.9 -7.5 -4.8  0  0.0                           
081751010915105365コパノマーボー　　　　　　　　　　　  4.1  1.4 12.3 15.4  9.1 14 14.2                           
081751011015101759ブルベアルッコラ　　　　　　　　　　 42.5  7.7-10.9 -7.0 -6.1 -1  0.0                           
081751011115109115マエムキ　　　　　　　　　　　　　　 39.9  7.2 -7.1-10.3 -5.7 -1  0.0                           
081751011215102961ヒロノエイタツ　　　　　　　　　　　 39.1  7.1-10.9-13.1 -7.9 -3  0.0                           
081751011315103187ベルウッドホーク　　　　　　　　　　 16.0  3.4 10.4  8.0  6.2 11 22.9                           
081751011415103536テルプシコレ　　　　　　　　　　　　 13.1  2.9 -2.3  5.3  0.7  6  7.4                           
081751020115103308エーティーマゼラン　　　　　　　　　 11.4  2.4 -2.6 15.9  3.8  9  5.1  4                        
081751020215100618ヴィンテージパール　　　　　　　　　 17.3  3.3 -1.3-10.2 -3.5  1  0.0                           
081751020315103613トミケンバディリ　　　　　　　　　　 25.2  4.4 -8.3-11.9 -6.6 -2 10.8                           
081751020415100748マイネルカイノン　　　　　　　　　　  3.6  1.3  9.4 15.1  8.0 13 20.5                           
081751020515102811リベリュール　　　　　　　　　　　　 16.7  3.2  2.3  0.3  0.9  6  5.5                           
081751020615102604ワイルドシング　　　　　　　　　　　  2.4  1.2 19.9 15.5 11.9 17 15.4                           
081751020715106183ヤマカツケンザン　　　　　　　　　　  3.4  1.3 14.5 10.0  8.3 13 19.0                           
081751020815103591ワンダーハスラット　　　　　　　　　  8.2  2.1  4.9 15.2  6.4 11  0.0                           
081751030115102094ダイメイスズ　　　　　　　　　　　　 34.7  6.6-10.9-15.6 -8.7 -4  0.0                           
081751030215104777バレンタインジェム　　　　　　　　　  3.5  1.4 12.7 12.1  8.3 13 19.0                           
081751030315102754ショウナンアンビル　　　　　　　　　 10.7  2.5  9.8  7.0  5.7 11 14.1                           
081751030415103497シェルセリーヌ　　　　　　　　　　　 41.6  7.8-10.9-10.2 -7.1 -2  0.0                           
081751030515110064ラジオタイソウ　　　　　　　　　　　 29.9  5.8 -6.4  1.2 -2.0  3  0.0                           
081751030615105736アウトバーン　　　　　　　　　　　　 37.0  7.0-10.9-14.7 -8.4 -3  0.0                           
081751030715102883エイシンテースティ　　　　　　　　　  3.6  1.4 11.8 14.4  8.6 14 12.3                           
081751030815103081ビーチキャンドル　　　　　　　　　　 15.3  3.3  7.0 13.1  6.5 11  7.8  5                        
081751030915110054プリンセステソーロ　　　　　　　　　  2.9  1.3 18.6 30.0 15.8 21 15.4                           
081751031015109117ヒトモジノグルグル　　　　　　　　　 30.7  5.9 -7.1-10.5 -5.8 -1  0.0                           
081751031115100057グランディスカーペ　　　　　　　　　 29.1  5.6 -8.0  7.0 -0.8  4  0.0                           
081751031215105565ミトノレインボー　　　　　　　　　　  8.6  2.3 10.9 11.3  7.4 12  6.9                           
081751040115104260ガールズバンド　　　　　　　　　　　  2.0  1.2 19.9 19.1 13.0 18 15.8                           
081751040215104490ピリカクル　　　　　　　　　　　　　  6.0  2.5 13.8 12.9  8.9 14 12.7                           
081751040315103007ウォーターエルピス　　　　　　　　　  6.1  2.5 12.9 11.2  8.1 13 20.1                           
081751040415105743アイファーフライト　　　　　　　　　 39.5 13.1-14.0 -9.6 -8.0 -3  0.0                           
081751040515105921トーヨーキング　　　　　　　　　　　 19.4  6.7-10.9  7.5 -1.7  3  6.3                           
081751040615104830ジェシー　　　　　　　　　　　　　　  2.2  1.2 19.7 21.5 13.7 19 19.0                           
081751050115103056ヴィズアルメンテ　　　　　　　　　　 41.8  8.6-11.7-10.4 -7.4 -7  0.0                           
081751050215101826キャッチミーアップ　　　　　　　　　 18.7  4.3 -2.8  2.1 -0.4  0  0.0                           
081751050315100700ベルノート　　　　　　　　　　　　　 13.1  3.2 -4.5  7.1  0.5  0  9.6                           
081751050415103074クールメアリー　　　　　　　　　　　 79.9 15.4-10.9-14.7 -8.4 -8  0.0                           
081751050515104420カッチャウカモネ　　　　　　　　　　 62.2 12.1-10.9 -6.7 -6.0 -6  0.0                           
081751050615104911スイートレモネード　　　　　　　　　 14.8  3.5 -4.3 -0.1 -1.6 -2  7.1                           
081751050715105142ダンツカホウ　　　　　　　　　　　　  5.6  1.9 12.1  9.9  7.4  7 11.7C                          
081751050815106284ダンスドリーマー　　　　　　　　　　 29.6  6.3-11.7-10.4 -7.4 -7  0.0                           
081751050915100504タガノデネブ　　　　　　　　　　　　 61.8 12.0-11.7-11.9 -7.9 -8  0.0                           
081751051015104651アリストライン　　　　　　　　　　　  9.1  2.6 -0.6  8.8  2.4  2  7.4                           
081751051115100561カーティバル　　　　　　　　　　　　  5.5  1.9 13.7  0.5  5.2  5 12.3                           
081751051215104985カラレイア　　　　　　　　　　　　　  3.4  1.5 17.3 26.5 14.3 14 17.4  1  144   46              
081751051315105667センターフィールド　　　　　　　　　 20.8  4.7 -7.7-13.1 -6.8 -7  0.0                           
081751051415101439マリアバローズ　　　　　　　　　　　  4.0  1.6 13.0 15.0  9.3  9 11.8                           
081751060115100867アサケルビー　　　　　　　　　　　　 26.6  4.8 -3.0 -8.1 -3.5 -4  5.8                           
081751060215106053ナムラガッツ　　　　　　　　　　　　 36.0  6.2 -0.7-14.7 -4.7 -5  0.0                           
081751060315100783ダンツヒロイン　　　　　　　　　　　 34.8  6.0-10.9 -9.8 -6.9 -7  0.0                           
081751060415102810メイショウバイタル　　　　　　　　　  4.1  1.4 14.8 11.5  8.9  9 19.0                           
081751060515106050タマモカトレア　　　　　　　　　　　  2.2  1.2 20.9 22.4 14.4 14 17.4                           
081751060615103249ノーウェイ　　　　　　　　　　　　　  8.2  2.1  4.8  7.8  4.1  4  6.9                           
081751060715106064ジャンケル　　　　　　　　　　　　　 28.9  5.1-10.9 -3.5 -5.0 -5  0.0                           
081751060815103075ミカ　　　　　　　　　　　　　　　　 59.4  9.6-11.7 -7.4 -6.5 -7  0.0                           
081751060915101813ヴィヴィアナガール　　　　　　　　　 11.1  2.4  2.9  2.3  1.8  2  0.0                           
081751061015109032アポロロッキー　　　　　　　　　　　  4.8  1.5 11.5 11.9  7.8  8 16.3C                          
081751061115105589ナリタミニスター　　　　　　　　　　 20.0  3.8 10.4-10.9  0.5  1  9.6                           
081751061215103251カシノアイガー　　　　　　　　　　　 51.6  8.6 -7.7-15.1 -7.4 -7  0.0                           
081751061315101754ダイシンソルス　　　　　　　　　　　 39.4  6.8-11.7-10.1 -7.3 -7  0.0                           
081751070115100371テイエムギフテッド　　　　　　　　　 46.6  9.0-10.9-13.4 -8.0 -8  0.0                           
081751070215100997ノーウォー　　　　　　　　　　　　　 37.0  7.3 -6.5 -7.8 -4.7 -5  0.0                           
081751070315103247ドラグーンシチー　　　　　　　　　　  2.9  1.4 15.6 -0.7  5.5  6 17.4 1                         
081751070415104364トゥラヴェスーラ　　　　　　　　　　  4.5  1.6 14.6  8.0  7.8  8 11.8                           
081751070515104706ルベライト　　　　　　　　　　　　　  9.2  2.5  9.4 12.0  7.0  7  0.0                           
081751070615100230ウインラナキラ　　　　　　　　　　　 28.6  5.8 -2.6-12.6 -4.7 -5  0.0                           
081751070715101580インターセクション　　　　　　　　　 28.6  5.8 -3.7 -3.1 -2.3 -2  0.0                           
081751070815102499メラナイト　　　　　　　　　　　　　  4.0  1.5 19.9  7.3  9.5  9  4.1  5                        
081751070915101537セトノシャトル　　　　　　　　　　　 15.6  3.5 -7.1 10.8  0.6  1 16.0                           
081751071015104840ミルコメダ　　　　　　　　　　　　　  6.3  2.0  7.0 20.0  8.6  9 13.7                           
081751071115103161ヒルノオークランド　　　　　　　　　 23.5  4.9 -5.4-14.7 -6.4 -6 10.8  0                        
081751071215103501ホクトスズラン　　　　　　　　　　　 15.5  3.5 -4.1  6.9  0.6  1  7.8                           
081751080114106448アンデスクイーン　　　　　　　　　　  6.2  1.9  4.6 23.8  8.8 39  5.9                           
081751080214103584メイショウササユリ　　　　　　　　　  8.2  2.3  3.5 11.7  4.8 35  7.4                           
081751080311101806エヴォリューション　　　　　　　　　 58.9 11.0-11.7-14.6 -8.7 21  0.0                           
081751080412104717ティンバレス　　　　　　　　　　　　 20.5  4.4 -8.9-10.1 -6.3 24  6.2                           
081751080513105927オージャイト　　　　　　　　　　　　  7.4  2.2  9.7 28.8 12.2 42 15.3  1  222   40              
081751080613103464ルーレットクイーン　　　　　　　　　 51.5  9.9 -9.7-10.3 -6.6 23  0.0                           
081751080711106065メイショウブーケ　　　　　　　　　　 50.2  9.7 -7.7 -9.0 -5.5 24  0.0                           
081751080814104395ショウナンナナイロ　　　　　　　　　 36.3  7.2 -7.7-10.6 -6.0 24  0.0                           
081751080912102824エンパイアブルー　　　　　　　　　　  6.2  1.9 15.3  9.8  8.6 39  5.5                           
081751081013103599アルティマウェポン　　　　　　　　　 29.5  6.0 -4.4-11.6 -5.1 25 11.4                           
081751081113104602ニホンピロヘーゼル　　　　　　　　　 17.8  3.9 -6.9  7.0 -0.4 30  0.0                           
081751081213106446ワンダーピルエット　　　　　　　　　  2.4  1.3 14.7 17.7 10.7 41 17.4                           
081751081312100801テイエムジョウネツ　　　　　　　　　 30.8  6.2 -7.7 -4.1 -4.1 26  0.0                           
081751081412103663ビスカリア　　　　　　　　　　　　　  8.9  2.5  8.9 17.5  8.5 39 13.3C                          
081751090113103343ユウチェンジ　　　　　　　　　　　　 23.3  4.8  1.1 -2.0 -0.2 30  0.0                           
081751090214102897トリオンフ　　　　　　　　　　　　　  5.2  1.7 16.9 15.9 11.0 41 18.0                           
081751090311103780モンドシャルナ　　　　　　　　　　　 30.7  6.1-10.3-12.2 -7.4 23  0.0                           
081751090410104503ディープウェーブ　　　　　　　　　　 15.4  3.5  4.0  6.6  3.4 33 16.4                           
081751090513105510ナリタエイト　　　　　　　　　　　　  4.3  1.5  9.4 12.9  7.3 37  7.8                           
081751090612104061アッシュゴールド　　　　　　　　　　 26.2  5.3-11.7 -7.2 -6.4 24  0.0  0                        
081751090709103736スリーヴェローチェ　　　　　　　　　 90.9 16.4-10.9-14.5 -8.3 22  0.0                           
081751090812106040ミスズダンディー　　　　　　　　　　 22.9  4.7-10.9  5.2 -2.4 28  0.0                           
081751090913106021ジークカイザー　　　　　　　　　　　  3.0  1.4 19.4 21.1 13.4 43 15.4  2                        
081751091012105425ブライトボイス　　　　　　　　　　　 22.7  4.7 -0.7  5.1  1.3 31  7.8                           
081751091111104148アグネスミニッツ　　　　　　　　　　 42.4  8.2-10.9-14.1 -8.2 22  0.0                           
081751091212104142ブランドベルグ　　　　　　　　　　　  3.9  1.5 18.5 16.3 11.7 42 11.8                           
081751091312105498メイショウミツボシ　　　　　　　　　 25.6  5.2 -9.4 -1.7 -4.0 26  0.0                           
081751100111100625ガンジー　　　　　　　　　　　　　　 14.4  3.2 -3.0 -1.5 -1.5 33 22.9  0                        
081751100211102545スリーアロー　　　　　　　　　　　　 62.3 11.4-10.9-15.6 -8.7 26  0.0                           
081751100311101390カバーストーリー　　　　　　　　　　 27.8  5.6 -3.3-14.2 -5.5 30 11.4                           
081751100411103410カネトシビバーチェ　　　　　　　　　  3.4  1.4 12.9 15.2  9.3 44 16.8                           
081751100514103776スマートレイチェル　　　　　　　　　  6.9  2.0 11.1 11.9  7.6 43  0.0                           
081751100612100912タマモイレブン　　　　　　　　　　　 71.8 13.0-10.9 -7.7 -6.3 29  0.0                           
081751100710101958ワンダーヴィーヴァ　　　　　　　　　 27.2  5.5 -7.7-14.1 -7.1 28  0.0                           
081751100814102137ファッショニスタ　　　　　　　　　　  3.2  1.4 16.7  4.0  7.3 42 17.4                           
081751100913103671ヨシオ　　　　　　　　　　　　　　　 39.2  7.6 -7.7 -2.0 -3.4 32  0.0                           
081751101012101064ナムラケイト　　　　　　　　　　　　 25.2  5.1-10.9-13.4 -8.0 27  0.0                           
081751101110103248メイショウアイアン　　　　　　　　　 30.5  6.0 -7.7 -6.1 -4.7 30  0.0                           
081751101213102037ドライヴナイト　　　　　　　　　　　 10.8  2.6  6.5  5.1  3.9 39  0.0                           
081751101312105205ノボリクリーン　　　　　　　　　　　 65.9 12.0 -1.8  8.7  2.0 37  0.0                           
081751101411102515カネコメオスター　　　　　　　　　　 45.2  8.6-11.7 -4.6 -5.7 29  0.0                           
081751101513104893プレスティージオ　　　　　　　　　　  5.5  1.8 12.4 17.6  9.8 45 10.8                           
081751101612102708ウエスタンラムール　　　　　　　　　 49.4  9.4 -8.6-15.5 -7.8 27  0.0  0                        
081751110115102980ペイシャルアス　　　　　　　　　　　  8.5  2.5 -3.9  3.7 -0.3 50  9.0                           
081751110215105231レグルドール　　　　　　　　　　　　 49.1 10.1 -4.5-10.2 -4.7 45  0.0                           
081751110315110017モズスーパーフレア　　　　　　　　　 18.4  4.3  3.0 -0.3  1.0 51  9.3                           
081751110415101836スノーガーデン　　　　　　　　　　　 70.6 13.9-11.7-10.1 -7.3 43  0.0                           
081751110515104667アルモニカ　　　　　　　　　　　　　 13.7  3.4 -1.8  6.2  1.2 51 15.0                           
081751110615103210スズカフェラリー　　　　　　　　　　  4.9  1.8 16.2 20.2 12.0 62 10.9                           
081751110715103673トンボイ　　　　　　　　　　　　　　 43.8  9.1-10.9-11.9 -7.6 42  0.0                           
081751110815104875コーディエライト　　　　　　　　　　  5.9  2.0  6.6 14.7  6.8 57 12.7  4                        
081751110915104663ベルーガ　　　　　　　　　　　　　　  6.8  2.2 12.7 14.6  9.0 59 11.7                           
081751111015104361アマルフィコースト　　　　　　　　　  3.1  1.5 14.9 15.8 10.2 60  6.6                           
081751111115104679アーデルワイゼ　　　　　　　　　　　 11.5  2.9  3.4  6.0  3.0 53  0.0                           
081751111215100531ダイシンステルラ　　　　　　　　　　 33.2  7.1-10.9-10.5 -7.1 43  0.0                           
081751111315104205ボウルズ　　　　　　　　　　　　　　  9.5  2.7 -6.9  7.9 -0.2 50  9.6                           
081751120113105347キセキノツヅキ　　　　　　　　　　　 11.8  2.7 -3.0  7.8  1.2 21  0.0                           
081751120213105341キングジュエリー　　　　　　　　　　 29.8  5.6 -7.7 -1.8 -3.4 17  0.0                           
081751120314102120トーホウシーマ　　　　　　　　　　　 25.3  4.9 -4.7-10.8 -5.0 15 10.8                           
081751120413105192アドマイヤムテキ　　　　　　　　　　  2.3  1.3 17.6 19.5 12.3 32 17.4                           
081751120513104800ヤマカツリーダー　　　　　　　　　　 48.2  8.7 -3.7  0.4 -1.2 19 10.8                           
081751120614102164アストロノーティカ　　　　　　　　　  4.7  1.6 15.7 16.6 10.7 31  5.9                           
081751120714100120クリノキング　　　　　　　　　　　　 32.4  6.0-10.9-15.9 -8.8 11  0.0  0                        
081751120814105676メンターモード　　　　　　　　　　　 12.5  2.8  4.5 19.0  7.3 27  0.0                           
081751120914105658レッドルドラ　　　　　　　　　　　　 36.9  6.8-10.9-11.7 -7.5 12  7.2                           
081751121012105606レンズフルパワー　　　　　　　　　　  6.1  1.8 12.4  5.1  6.1 26  5.5                           
081751121114102477アシャカリアン　　　　　　　　　　　 19.0  3.9  0.4  9.2  2.9 23  0.0                           
081751121213104702サンキュー　　　　　　　　　　　　　 74.4 12.7-11.7-11.7 -7.8 12  8.9                           
081751121314103994ララメダイユドール　　　　　　　　　 56.5  9.8 -7.7 -2.4 -3.5 16  0.0                           
081751121412102486コンクエストシチー　　　　　　　　　 64.7 11.1-10.9-13.4 -8.0 12  0.0  0                        
081751121514103402ライデンバローズ　　　　　　　　　　 49.8  8.9-11.7-11.6 -7.8 12  0.0                           
081751121612105108ハーツジュニア　　　　　　　　　　　 11.2  2.6 11.4 13.6  8.3 28 22.1  3                        
