051858010116101700ムスティッカ　　　　　　　　　　　　 57.0  9.8-10.0-14.4 -8.3 -3  0.0  0                        
051858010216105755タナロット　　　　　　　　　　　　　 69.3 11.8-10.0 -9.5 -6.5 -1  0.0                           
051858010316100737シオンコタン　　　　　　　　　　　　119.3 19.8-10.0-13.0 -7.8 -3  0.0                           
051858010416102709チクリ　　　　　　　　　　　　　　　 49.3  8.8-10.0 -8.8 -6.2 -1  0.0                           
051858010516103853トーセンアーチ　　　　　　　　　　　 40.5  7.4 -4.2  2.8 -0.2  5  0.0                           
051858010616105510ソルパシオン　　　　　　　　　　　　 11.1  2.5  0.5 11.5  4.4  9  7.2                           
051858010716103865ヴェネレ　　　　　　　　　　　　　　 38.6  7.0 -9.1 -6.3 -5.0  0  0.0                           
051858010816102270エンプレスアロー　　　　　　　　　　 61.3 10.5 20.0  9.2  9.4 14  0.0                           
051858010916104090ラインコマンダー　　　　　　　　　　  6.9  2.0 10.1 30.0 14.0 19  6.8                           
051858011016105122スターアイランド　　　　　　　　　　 13.1  2.9  8.5  6.3  4.9 10 10.9                           
051858011116102312ネリッサ　　　　　　　　　　　　　　  4.4  1.6 16.3 13.4  9.8 15  8.2  5                        
051858011216105346ホロポノ　　　　　　　　　　　　　　 56.8  9.8-11.4-12.2 -7.9 -3  0.0                           
051858011316106068ユラニュス　　　　　　　　　　　　　 90.0 15.1-10.0-12.6 -7.6 -3  0.0                           
051858011416105628ギュウホ　　　　　　　　　　　　　　315.3 51.3-10.0-12.0 -7.4 -2  0.0                           
051858011516105983イッツザファースト　　　　　　　　　 15.7  3.3  6.0 13.1  6.6 12  0.0  3                        
051858011616100745スペキュラース　　　　　　　　　　　  6.4  1.9 15.0 13.7  9.5 15 12.5                           
051858011716106541ゴールデンゾーン　　　　　　　　　　  2.4  1.3 19.4 24.7 14.9 20 18.1  2                        
051858011816105055ローゼンオルデン　　　　　　　　　　131.6 21.8-11.4 -4.7 -5.1  0  0.0                           
051858020116106069フーズサイド　　　　　　　　　　　　 15.3  3.6 12.3  7.9  6.6 12  0.0                           
051858020216110133イッツリット　　　　　　　　　　　　  3.4  1.5 12.6 15.8  9.6 15 10.6                           
051858020316105614ラストクローザー　　　　　　　　　　  4.2  1.6 13.2 13.1  8.8 14 14.0                           
051858020416104473キングテセウス　　　　　　　　　　　  4.8  1.7 16.2 19.5 12.0 17 21.4                           
051858020516104576ドンヒューズ　　　　　　　　　　　　 20.4  4.6  1.6  7.4  3.2  8  0.0                           
051858020616110084グーガルラヴィ　　　　　　　　　　　 11.6  2.9  4.1 12.7  5.9 11  7.2                           
051858020716101313ポルタメント　　　　　　　　　　　　 16.7  3.9-11.4 -1.9 -4.1  1 12.3                           
051858020816100422ロンリーウェイ　　　　　　　　　　　 37.2  7.8-10.0 -7.6 -5.8 -1  0.0                           
051858020916104991サトノプロミネント　　　　　　　　　  9.0  2.6  4.6 21.4  9.2 14  0.0                           
051858021016100650ファンタスティック　　　　　　　　　 27.0  5.8 -9.0 -7.7 -5.5 -1  0.0                           
051858021116105538マイネルファイヤー　　　　　　　　　 36.4  7.6 -9.1-12.2 -7.2 -2  0.0                           
051858021216105802ロザムール　　　　　　　　　　　　　105.2 20.2-11.4-10.3 -7.2 -2  0.0                           
051858021316102789オレノソラ　　　　　　　　　　　　　 49.9 10.2-10.0-10.8 -7.0 -2  0.0                           
051858021416105770ビッグスコール　　　　　　　　　　　 55.1 10.9-10.0 -6.3 -5.3  0  0.0                           
051858021516105547アシャカトブ　　　　　　　　　　　　 16.5  3.9  3.8  8.6  4.3  9  0.0                           
051858021616102875ニシノライリー　　　　　　　　　　　 32.8  6.9-11.4-13.2 -8.3 -3  0.0                           
051858030116106438マリアルージュ　　　　　　　　　　　 51.4  9.3-10.0-15.0 -8.5 -3  0.0                           
051858030216104215エスコーバタハト　　　　　　　　　　  9.1  2.4  2.4 18.3  7.4 12  7.2  5                        
051858030316101379コンシード　　　　　　　　　　　　　 31.1  5.9-11.4-10.1 -7.1 -2  0.0                           
051858030416106456アースドラゴン　　　　　　　　　　　 18.6  3.8 -2.3  9.2  2.7  8 11.6                           
051858030516100706レオンドーロ　　　　　　　　　　　　  3.2  1.3  6.0 21.3  9.6 15 19.8                           
051858030616100742ナミブ　　　　　　　　　　　　　　　 50.0  9.1-11.4-20.0-10.8 -6  0.0                           
051858030716100404オンマイオウン　　　　　　　　　　　 59.1 10.4-10.0 -7.7 -5.8 -1  0.0                           
051858030816104563ヴァンランディ　　　　　　　　　　　  4.0  1.4 15.0 17.2 10.8 16 15.1A                          
051858030916100026フロントランナー　　　　　　　　　　 38.5  7.2  0.2 -5.2 -1.8  3  9.2                           
051858031016104238ヤップヤップヤップ　　　　　　　　　  7.1  2.0 15.0 19.7 11.7 17  0.0                           
051858031116101485ナムラブル　　　　　　　　　　　　　 18.0  3.8 -0.1 -3.1 -1.2  4  0.0                           
051858031216100225ショウチクバイ　　　　　　　　　　　 87.2 15.0-11.4-11.9 -7.8 -3  0.0                           
051858031316105285セントレオナード　　　　　　　　　　  3.1  1.3 20.0 21.2 13.8 19  5.3                           
051858040116100590ファイティングマン　　　　　　　　　  8.8  2.3  6.0 -1.3  1.3  1  0.0                           
051858040216105239ラストドラフト　　　　　　　　　　　  2.7  1.3 16.0 18.8 11.7 12 18.1                           
051858040316102155ココリガストン　　　　　　　　　　　 30.0  5.7-13.5-10.5 -7.9 -8  0.0                           
051858040416104965エフェクトオン　　　　　　　　　　　 14.5  3.1 -4.6 -2.2 -2.2 -2 12.3                           
051858040516100168バシクンレッツゴー　　　　　　　　　 36.0  6.6-10.0-19.5-10.1-10  0.0  0                        
051858040616100180クーファピーカブー　　　　　　　　　 12.9  2.9 -0.5 -1.1 -0.6 -1  0.0                           
051858040716104877ヒシイグアス　　　　　　　　　　　　  3.7  1.5 16.2 21.2 12.6 13 19.8                           
051858040816105477プレシャスメール　　　　　　　　　　 11.7  2.6 -6.7  0.7 -1.8 -2  0.0                           
051858040916103298エデリー　　　　　　　　　　　　　　  7.3  2.1 13.4 12.9  8.8  9  0.0                           
051858041016104474スイートウィスパー　　　　　　　　　 15.6  3.3  2.9  6.0  3.1  3  9.2                           
051858041116104220ホウオウヒミコ　　　　　　　　　　　  9.4  2.4 11.4 10.2  7.2  7  7.2                           
051858050115102740ハーモニーライズ　　　　　　　　　　  4.6  1.7 12.4 15.7  9.5 29  5.8                           
051858050212105273サンマルアリュール　　　　　　　　　 62.5 12.3-11.4-12.2 -7.9 12  0.0                           
051858050315106328オンディーヌ　　　　　　　　　　　　162.7 31.1-11.4-12.2 -7.9 12  0.0                           
051858050412105606レンズフルパワー　　　　　　　　　　  7.7  2.3 15.6 24.0 13.5 33 10.3A                          
051858050514100333スマートサクソン　　　　　　　　　　 52.1 10.7 -9.5  5.5 -0.8 19  0.0                           
051858050614103191オールデン　　　　　　　　　　　　　  3.2  1.5 20.0 19.5 13.1 33 12.8  3                        
051858050713105128ブレヴェスト　　　　　　　　　　　　 36.9  7.8-10.0-12.9 -7.7 12  0.0  0                        
051858050815100942ゴールドクロス　　　　　　　　　　　  8.5  2.5  6.0 17.4  8.2 28 18.7  1  213   30              
051858050915105605フレッシビレ　　　　　　　　　　　　 11.8  3.0 10.0  6.5  5.4 25  0.0                           
051858051015101054バルトフォンテン　　　　　　　　　　  5.3  1.8 18.6 21.6 13.5 34 12.5  1  151   45              
051858051114100370グッドヒューマー　　　　　　　　　　 29.7  6.4 -7.2-15.4 -7.8 12  0.0  0                        
051858051215102492メルムサール　　　　　　　　　　　　 47.6  9.8-11.4 -9.0 -6.7 13  0.0                           
051858051315103735プロミネンス　　　　　　　　　　　　 26.2  5.7-10.0 -1.1 -3.4 17  0.0                           
051858051414106482ロックンルージュ　　　　　　　　　　184.9 35.2-11.4-10.9 -7.4 13  0.0                           
051858051515102219ジェッシージェニー　　　　　　　　　 62.9 12.4-13.5-12.5 -8.6 11  0.0                           
051858051614105342ラレータ　　　　　　　　　　　　　　  7.6  2.3  6.0 11.0  5.8 26  6.8                           
051858060114102358スマイルプリティ　　　　　　　　　　174.6 28.5-11.3-16.7 -9.5 10  0.0                           
051858060215103663フレンドアリス　　　　　　　　　　　 47.6  8.5 -9.1-20.0-10.1 10  0.0                           
051858060315103377サイモンジルバ　　　　　　　　　　　  6.4  1.9 10.1 23.2 11.5 32 15.2                           
051858060415106280リンガスビンゴ　　　　　　　　　　　 16.5  3.4 12.0 -3.1  2.5 22  0.0                           
051858060515100093ユイノチョッパー　　　　　　　　　　  2.3  1.3 15.0 15.1 10.0 30 12.8                           
051858060615101744ジェイエルノブレス　　　　　　　　　 72.4 12.2-10.0-14.7 -8.4 12  0.0  0                        
051858060715103677モリトユウブ　　　　　　　　　　　　  6.7  1.9 17.6 14.5 10.6 31  0.0                           
051858060815104358フラワーストリーム　　　　　　　　　 20.5  4.1 -9.1 -8.2 -5.7 14  0.0                           
051858060915102146アメノムラクモ　　　　　　　　　　　 36.0  6.6-11.4 -6.3 -5.7 14  0.0                           
051858061014103124ジュニエーブル　　　　　　　　　　　 19.8  4.0 -2.1-20.0 -8.0 12  8.2A                          
051858061115106310スターリバー　　　　　　　　　　　　147.6 24.2-11.4 -5.5 -5.4 15  0.0                           
051858061213102025アオテン　　　　　　　　　　　　　　  9.3  2.4  6.0 12.8  6.5 26 10.3                           
051858061315105109ミッキーボニータ　　　　　　　　　　  4.4  1.6 13.7 18.6 10.9 31 11.6C                          
051858061414102171メジャーロール　　　　　　　　　　　 70.4 11.9 -5.0-14.2 -6.7 13  0.0                           
051858061515102342ブラウローゼット　　　　　　　　　　128.6 21.2-10.0-11.7 -7.3 13  0.0                           
051858061614105271クライベイビー　　　　　　　　　　　 26.4  5.0 -4.6  6.8  1.1 21  9.1                           
051858070116104486ルガールカルム　　　　　　　　　　　  2.1  1.2 20.0 30.4 17.1 37 18.1                           
051858070216105199ココフィーユ　　　　　　　　　　　　  6.7  1.9  6.0  0.7  2.1 22  0.0                           
051858070316104507アントリューズ　　　　　　　　　　　  5.1  1.6 12.2 12.0  8.1 28 21.4                           
051858070416100030レディードリー　　　　　　　　　　　 14.1  2.9-10.0 10.5  0.9 21  8.2                           
051858070516101153ダノンシティ　　　　　　　　　　　　  5.9  1.7 13.7  7.5  6.9 27 16.3                           
051858070616105087マードレヴォイス　　　　　　　　　　 13.8  2.9 -3.3 -8.3 -4.0 16  0.0                           
051858070716104982リバーシブルレーン　　　　　　　　　  5.0  1.6 10.0 23.8 11.7 32  0.0                           
051858070816102020ガトン　　　　　　　　　　　　　　　 28.6  5.2 -4.4 -0.6 -1.5 18  0.0  0                        
051858080112101971ラウレアブルーム　　　　　　　　　　104.2 18.7-10.0-11.0 -7.0 23  0.0                           
051858080214101769サーレンブラント　　　　　　　　　　 32.2  6.4 -2.2  6.4  1.7 32  0.0                           
051858080314105810ヒストリア　　　　　　　　　　　　　 14.0  3.2  6.0 13.1  6.6 37  7.7                           
051858080415104060ロジスカーレット　　　　　　　　　　 15.7  3.5 -2.3  6.9  1.8 32  0.0                           
051858080515104937ヴェルテアシャフト　　　　　　　　　  8.0  2.3  9.9  6.1  5.2 35  6.7                           
051858080614106117ステイオンザトップ　　　　　　　　　 31.7  6.3-12.5 -6.6 -6.2 24  0.0                           
051858080713103386スマートルビー　　　　　　　　　　　 17.8  3.9 -8.5 -3.1 -3.7 26  8.7                           
051858080813106060オールドクラシック　　　　　　　　　 24.3  5.0-12.5-12.3 -8.3 22  0.0                           
051858080913104025プレイヤーサムソン　　　　　　　　　 23.7  4.9 -9.1 -4.9 -4.5 25  0.0                           
051858081013105535サトノキングダム　　　　　　　　　　  4.0  1.6 13.0 11.1  8.0 38 14.0                           
051858081114102190コーカス　　　　　　　　　　　　　　 11.0  2.6 10.1 11.0  7.1 37 17.5                           
051858081215103452ゴールドギア　　　　　　　　　　　　  2.9  1.4 18.6 19.8 12.8 43 12.8  2                        
051858081313101938フロムマイハート　　　　　　　　　　 38.2  7.5-11.3-15.0 -8.9 21  0.0                           
051858081414100485クラークキー　　　　　　　　　　　　  6.1  1.9  8.5 -8.2 -0.5 30  0.0                           
051858090111104171スマートダイバー　　　　　　　　　　200.8 42.5-11.4 -9.2 -6.8 23  0.0                           
051858090214100484ハルクンノテソーロ　　　　　　　　　  5.3  2.0  8.2 21.2 10.2 40  0.0                           
051858090314103967フォーカード　　　　　　　　　　　　  8.3  2.7 11.1  8.2  6.3 36 19.8                           
051858090412100997クリノダイスーシー　　　　　　　　　 59.9 13.1-10.0-19.5-10.1 20  0.0  0                        
051858090511105976トップアドバンス　　　　　　　　　　235.9 49.8-10.0-13.3 -7.9 22  0.0  0                        
051858090615110028アメリカンファクト　　　　　　　　　  7.4  2.5  7.8  6.4  4.7 35  7.2                           
051858090715105332ミックベンハー　　　　　　　　　　　 45.5 10.4-10.0-15.0 -8.5 22  0.0                           
051858090814101462スズカゴーディー　　　　　　　　　　 17.5  4.5  0.7  3.2  1.4 31  0.0  5                        
051858090913101259ローレルジャック　　　　　　　　　　 57.2 12.6 -7.8-15.4 -8.0 22  0.0  0                        
051858091015105066レピアーウィット　　　　　　　　　　  4.0  1.7 17.4 17.3 11.6 42 10.6                           
051858091113101296スズカプリズム　　　　　　　　　　　 27.4  6.5-12.5-10.1 -7.5 23  0.0                           
051858091214110074バスカヴィル　　　　　　　　　　　　 14.3  3.8  2.4  1.8  1.4 31 21.0                           
051858091315100894ダンケシェーン　　　　　　　　　　　  8.2  2.6  3.6 -0.6  0.9 31  0.0                           
051858091412100406シゲルゴホウサイ　　　　　　　　　　 76.2 16.5-12.5 -8.3 -6.8 23  0.0                           
051858091514104144スカルバン　　　　　　　　　　　　　  6.6  2.3  7.9 16.0  8.2 38  6.7                           
051858091614102562アーバンイェーガー　　　　　　　　　  5.9  2.1 10.0 17.1  9.3 39  8.9                           
051858100115100744マイネルファンロン　　　　　　　　　  9.4  2.6 10.8 12.4  7.8 43  0.0                           
051858100213106021ジークカイザー　　　　　　　　　　　  5.8  1.9  3.6 13.7  6.1 41 13.5                           
051858100314106076イストワールファム　　　　　　　　　  5.9  1.9 14.0-10.5  0.3 35 10.3                           
051858100414101558レッドローゼス　　　　　　　　　　　  3.1  1.4 16.9 17.8 11.6 47 10.6                           
051858100511103696ショウナンマルシェ　　　　　　　　　 25.4  5.3-11.4 -4.7 -5.1 30  0.0                           
051858100611105107クールオープニング　　　　　　　　　 23.1  4.9-12.5-10.1 -7.5 28  0.0                           
051858100713106041アップクォーク　　　　　　　　　　　  4.0  1.6 17.1  9.0  8.4 43 19.8                           
051858100814105053チカノワール　　　　　　　　　　　　 13.5  3.2 -2.9 -4.1 -2.4 33  0.0                           
051858100912101006ペガサスボス　　　　　　　　　　　　 40.0  8.0-12.5-12.3 -8.3 27  0.0                           
051858101013105832エンヴァール　　　　　　　　　　　　  5.5  1.8 10.1 19.5 10.2 45  8.9                           
051858110115104961アーモンドアイ　　　　　　　　　　　  2.3  1.3 21.5 20.5 14.0 74 18.1                           
051858110215104624ハッピーグリン　　　　　　　　　　　 81.6 13.7 -9.5-10.0 -6.5 53  0.0                           
051858110313106101サトノダイヤモンド　　　　　　　　　  4.8  1.6  8.9 16.8  8.8 69  6.2  1  151   54              
051858110412104668サトノクラウン　　　　　　　　　　　 32.4  6.0 -9.1 -5.0 -4.6 55  0.0                           
051858110514106160ミッキースワロー　　　　　　　　　　 21.5  4.2  6.8 12.3  6.6 67  0.0                           
051858110613190003サンダリングブルー　　　　　　　　　 25.9  4.9-14.7-10.0 -8.1 52  8.7                           
051858110711104377サウンズオブアース　　　　　　　　　 36.0  6.6-11.4  5.2 -1.5 58  0.0                           
051858110814101976キセキ　　　　　　　　　　　　　　　  7.2  2.0  7.5 11.0  6.3 66  0.0  3                        
051858110912104759シュヴァルグラン　　　　　　　　　　  8.5  2.3  1.8 18.8  7.4 67 24.5                           
051858111013104849ガンコ　　　　　　　　　　　　　　　 38.5  7.0-10.9 -7.0 -5.8 54  0.0                           
051858111114106083スワーヴリチャード　　　　　　　　　  6.5  1.9 13.0 17.8 10.4 70 21.3  3                        
051858111214190001カプリ　　　　　　　　　　　　　　　 15.1  3.2  0.8 -2.0 -0.5 60  7.7                           
051858111313102360ノーブルマーズ　　　　　　　　　　　 72.8 12.3 -4.2-12.3 -5.8 54  0.0                           
051858111413101249ウインテンダネス　　　　　　　　　　 29.4  5.5-11.4-10.2 -7.2 53  0.0                           
081858010116104058レサイヤ　　　　　　　　　　　　　　  9.1  2.4  0.1  2.6  0.8  6  0.0                           
081858010216102048アイファーメンバー　　　　　　　　　 13.7  3.0 -1.7  3.7  0.5  5 14.4                           
081858010316101923トウケイクレナイ　　　　　　　　　　  7.5  2.1  4.8  7.1  3.9  9 12.6  5                        
081858010416109083スズカモンド　　　　　　　　　　　　 25.0  4.8  7.8  9.3  5.7 11  0.0  5                        
081858010516101610メイショウドウダン　　　　　　　　　 31.4  5.8-10.7-10.2 -7.0 -2  0.0                           
081858010616101793ユンゲンハフト　　　　　　　　　　　 18.1  3.7 -1.7 23.5  6.4 11 12.5                           
081858010716105965ビップデーア　　　　　　　　　　　　 58.1 10.0-14.0 -8.7 -7.7 -3  0.0                           
081858010816103464メイショウタンテツ　　　　　　　　　 50.4  9.0-10.7-10.4 -7.0 -2  0.0                           
081858010916105523エールジョリー　　　　　　　　　　　 72.7 12.3-11.0-18.1 -9.5 -4  0.0                           
081858011016105588スペースコロニー　　　　　　　　　　 56.0  9.6 -8.7  9.4 -0.4  5  0.0                           
081858011116100173アイファーリリー　　　　　　　　　　 58.1 10.0-11.4-17.3 -9.4 -4  0.0  0                        
081858011216110156ユニキャラ　　　　　　　　　　　　　  3.0  1.4 13.7 25.7 12.7 18 18.0  1  140   50              
081858011316103713モズベイビー　　　　　　　　　　　　  3.2  1.4 13.1  8.2  7.3 12  6.2                           
081858011416104455スカーヴァティ　　　　　　　　　　　  6.7  1.9 11.8 12.5  8.1 13 17.8                           
081858011516106377ヤマイチエルサ　　　　　　　　　　　 96.9 16.2-11.0-10.5 -7.2 -2  0.0                           
081858011616101920メモリーハイル　　　　　　　　　　　 57.1  9.8-10.7-10.7 -7.1 -2  0.0                           
081858020116104298トロイメント　　　　　　　　　　　　 12.3  3.0 -1.6 13.5  3.5  8  0.0                           
081858020216102866ハーゲンフレイヤ　　　　　　　　　　 52.3 10.6-10.7-11.7 -7.4 -2  0.0                           
081858020316106064ノーワン　　　　　　　　　　　　　　 14.6  3.5 -1.7  7.1  1.5  7  0.0                           
081858020416101239ピサノアマゾン　　　　　　　　　　　 59.4 11.7-10.8-13.8 -8.1 -3  0.0                           
081858020516104229テンノイセヒメ　　　　　　　　　　　133.9 25.5-10.7-10.2 -7.0 -2  0.0                           
081858020616104865ブールバール　　　　　　　　　　　　 30.0  6.4 -0.3 -1.2 -0.5  5 17.1                           
081858020716101593メイショウイヤサカ　　　　　　　　　 92.8 17.9-10.8-13.0 -7.9 -3  0.0                           
081858020816102863エイシンロード　　　　　　　　　　　  7.5  2.3 -2.0 11.2  2.6  8  7.7                           
081858020916100372ユウナブランシェ　　　　　　　　　　 46.5  9.5-11.4-13.7 -8.3 -3  0.0                           
081858021016100819ハナイロコマチ　　　　　　　　　　　  3.3  1.5  7.3 36.3 13.6 19 15.0                           
081858021116104345ベルヴォワ　　　　　　　　　　　　　  6.6  2.1  2.3 -3.0 -0.1  5  9.6                           
081858021216100634ベストクィーン　　　　　　　　　　　 34.7  7.3 -6.7  7.3 -0.3  5  0.0                           
081858021316101342ジョースイーツ　　　　　　　　　　　 37.4  7.8 -5.6  6.3 -0.2  5  0.0                           
081858021416103248フェニアンサイクル　　　　　　　　　 17.8  4.1 -5.7  6.5 -0.1  5  0.0                           
081858021516104613テルモードーサ　　　　　　　　　　　  7.3  2.2  5.1 13.3  5.9 11 12.6                           
081858021616103785クリノオンリーワン　　　　　　　　　 95.8 18.4-10.7-15.5 -8.6 -4  0.0  0                        
081858021716101187バレエシューズ　　　　　　　　　　　 74.5 14.5-10.8-13.8 -8.1 -3  0.0                           
081858021816105289プロム　　　　　　　　　　　　　　　  4.3  1.7 13.8 17.6 10.3 15 19.6                           
081858030116100897ロフティネス　　　　　　　　　　　　 20.1  4.0 -6.7 -3.0 -3.4  2  0.0                           
081858030216104291ディバインフォース　　　　　　　　　 32.4  6.0 -8.1-10.2 -6.0 -1  0.0                           
081858030316101941ヘイセイラスト　　　　　　　　　　　 12.5  2.8  7.4 -6.9  0.6  6  0.0                           
081858030416101286ダイダロス　　　　　　　　　　　　　 15.0  3.2  2.4 12.3  4.6 10 14.4                           
081858030516105526メロディーレーン　　　　　　　　　　 48.5  8.7-10.7-15.2 -8.5 -3  0.0                           
081858030616104399アドマイヤコースト　　　　　　　　　  6.7  1.9  8.4 12.3  6.8 12  7.2                           
081858030716101156ロードゼウス　　　　　　　　　　　　  3.0  1.3 18.4 29.1 15.5 20 18.0  1  136   57              
081858030816100550ヒルノダカール　　　　　　　　　　　  3.2  1.4 16.2 20.9 12.2 17 16.4                           
081858030916102269ワンダーエカルテ　　　　　　　　　　 41.4  7.5-11.4 -9.4 -7.0 -2  0.0                           
081858031016104380モンドヌーヴォー　　　　　　　　　　  4.9  1.6 14.9 10.4  8.6 14 21.3                           
081858031116105258サウンドバレット　　　　　　　　　　 20.5  4.1-14.0  4.0 -3.9  1  0.0                           
081858031216104397タイセイモナーク　　　　　　　　　　 30.1  5.6 -2.7  9.4  1.8  7  0.0                           
081858040113103690サンホッブズ　　　　　　　　　　　　 10.9  2.7 11.6  8.4  6.8 27  7.7                           
081858040212104466バイオンディップス　　　　　　　　　  4.8  1.7 19.3  6.2  8.9 29 22.9                           
081858040313106345ユウキビバワンダー　　　　　　　　　  3.1  1.4 18.2 20.8 12.9 33 18.0                           
081858040411104402パッシングブリーズ　　　　　　　　　 26.4  5.5-10.7  5.7 -2.2 18  0.0                           
081858040511101041スズカグランデ　　　　　　　　　　　 24.7  5.1-11.4 -7.0 -6.3 14  0.0                           
081858040612103591マイネルヴォーダン　　　　　　　　　 27.9  5.7 -9.7 -3.3 -4.5 15  0.0                           
081858040711106314ウインレーベン　　　　　　　　　　　  4.0  1.5 14.1 20.0 11.2 31 19.6  4                        
081858040810104370カレンバッドボーイ　　　　　　　　　 19.8  4.3-11.4-10.2 -7.2 13  0.0                           
081858040912101108トーセンメリッサ　　　　　　　　　　 37.8  7.5 -9.7-10.4 -6.7 13  0.0                           
081858041009100502メイショウオトコギ　　　　　　　　　 19.6  4.3  1.2 11.4  3.9 24  0.0  3                        
081858041113104138メイショウダッサイ　　　　　　　　　  4.2  1.5 10.6 18.9  9.6 30  8.2  1  126   58              
081858050116103389アワジ　　　　　　　　　　　　　　　 45.1  8.3 -6.7  9.1  0.3  0  0.0                           
081858050216105662アイタイ　　　　　　　　　　　　　　  5.1  1.7 11.0 13.3  8.0  8 13.7  5                        
081858050316104898ビザンティン　　　　　　　　　　　　 24.6  4.8 -5.1-11.0 -5.2 -5  0.0                           
081858050416101545ナリタフローライト　　　　　　　　　 24.7  4.8-10.7 -6.2 -5.8 -6  0.0                           
081858050516104657スノーユニバンス　　　　　　　　　　  6.8  2.0 12.8 13.1  8.6  9 22.9                           
081858050616101684サンピラーアイ　　　　　　　　　　　 47.1  8.6 -6.7-15.7 -7.2 -7  0.0                           
081858050716104701ロッカーモーション　　　　　　　　　 21.0  4.3  8.7  5.6  4.9  5 15.3                           
081858050816106106タニノシェクハンド　　　　　　　　　 69.3 12.1-11.4-15.2 -8.7 -9  0.0  0                        
081858050916102925ショウナンアリババ　　　　　　　　　 20.0  4.1 -4.3  9.3  1.2  1 11.8                           
081858051016103330サブゼロ　　　　　　　　　　　　　　 38.3  7.1 -8.1-13.7 -7.1 -7  0.0                           
081858051116104435ミッキーブリランテ　　　　　　　　　  6.0  1.8 -5.2 -3.0 -2.8 -3  0.0                           
081858051216104415ウーリリ　　　　　　　　　　　　　　  2.3  1.3 20.6 28.4 16.1 16 18.0                           
081858051316101409ケープリーガル　　　　　　　　　　　 71.0 12.4-11.4  3.7 -3.1 -3  0.0                           
081858051416101128リヴォルバー　　　　　　　　　　　　 29.2  5.6 -8.7 -9.4 -6.0 -6  0.0                           
081858051516110018ウルバーノ　　　　　　　　　　　　　 15.6  3.3 -1.6-10.9 -3.9 -4  0.0                           
081858051616103270ナツバ　　　　　　　　　　　　　　　 33.0  6.3 -6.7  1.7 -1.9 -2  0.0                           
081858060114104573スズカチャレンジ　　　　　　　　　　 76.1 14.3 -8.1-12.4 -6.7 13  0.0                           
081858060214100352ケアリイカイ　　　　　　　　　　　　 31.0  6.4-11.4-20.0-10.2 10  0.0                           
081858060314103215サザンブリーズ　　　　　　　　　　　  5.2  1.8  6.8  5.0  4.0 24  0.0                           
081858060415101703スマートヴォルフ　　　　　　　　　　 74.8 14.1 -6.7 -9.4 -5.3 15  0.0                           
081858060515104310カリンカ　　　　　　　　　　　　　　 12.0  2.9-10.7-11.6 -7.4 13  0.0                           
081858060615105052ボナヴィーゴ　　　　　　　　　　　　  8.5  2.4 13.2  4.5  6.2 26  0.0                           
081858060713104759メイショウバーズ　　　　　　　　　　 25.5  5.4-10.8-10.9 -7.2 13 17.1                           
081858060815101936クリノアスコット　　　　　　　　　　 27.6  5.8 -6.7  3.4 -1.4 19  0.0                           
081858060914105828バニーテール　　　　　　　　　　　　  2.8  1.4 21.0 29.1 16.4 36 18.0  1  136   57              
081858061015104673ナイルデルタ　　　　　　　　　　　　 22.9  4.9 -7.7 10.5  0.3 20 20.6                           
081858061115106454アスールダリア　　　　　　　　　　　 27.9  5.8 -6.7-15.7 -7.2 13  0.0                           
081858061215101281ロイヤルパールス　　　　　　　　　　 43.5  8.7 -8.7-15.7 -7.9 12  0.0                           
081858061315105893ハギノフロンティア　　　　　　　　　 12.3  3.0 -8.3 -3.7 -4.2 16 11.8  0                        
081858061415101339ダノンロイヤル　　　　　　　　　　　 14.5  3.4  3.1  1.0  1.4 21  0.0                           
081858061514105748グレンマクナス　　　　　　　　　　　  4.9  1.7  7.6  5.2  4.3 24 19.6                           
081858070113101400キョウワエステル　　　　　　　　　　 79.8 15.1-11.4-13.7 -8.3 22  0.0                           
081858070215100589ヤマニンレジスタ　　　　　　　　　　 19.7  4.4 -5.6  5.6 -0.4 30  0.0                           
081858070312110080アヴェーヌモン　　　　　　　　　　　 88.2 16.6-11.4-14.5 -8.5 21  0.0  0                        
081858070414103732ロングベスト　　　　　　　　　　　　 10.6  2.7  3.9  7.0  3.5 34 20.5                           
081858070514100529クインズマラクータ　　　　　　　　　 34.3  7.0 -0.3 -9.3 -2.9 27  0.0                           
081858070614104716アッティーヴォ　　　　　　　　　　　 16.3  3.7 -3.6 12.8  2.5 33 15.3                           
081858070712102766グレートブレス　　　　　　　　　　　 97.0 18.2-10.7-10.2 -7.0 23  0.0                           
081858070814101645リガス　　　　　　　　　　　　　　　 28.9  6.0 -8.1  4.8 -1.5 28  0.0                           
081858070913101839ドウカンヤマ　　　　　　　　　　　　 62.5 11.9 -9.7 -7.9 -5.9 24  0.0                           
081858071011106193メイショウカフウ　　　　　　　　　　 43.2  8.7-10.7-13.0 -7.8 22  0.0                           
081858071113102488ゼットマックイーン　　　　　　　　　 39.8  8.0-11.4 -8.2 -6.6 23  0.0                           
081858071215106500テーオージーニアス　　　　　　　　　 11.0  2.7  3.8 12.1  5.0 35  0.0                           
081858071315103374バーニングペスカ　　　　　　　　　　  3.5  1.5 20.1 12.8 11.2 41  8.1                           
081858071415105225ロードエース　　　　　　　　　　　　  3.7  1.5  3.5 17.5  6.5 37 17.0                           
081858071514110104スーパーモリオン　　　　　　　　　　  5.1  1.7  1.1 19.0  6.1 36 11.7                           
081858071613103471エネルムサシ　　　　　　　　　　　　  7.7  2.3  0.3 -6.6 -1.9 28 10.3                           
081858080114101827クリノライメイ　　　　　　　　　　　 71.2 12.3-10.7  5.4 -2.3 28  0.0                           
081858080213104817ラインフィール　　　　　　　　　　　 56.4  9.8 -8.7 -1.6 -3.7 26  0.0                           
081858080315100748マイネルカイノン　　　　　　　　　　 17.5  3.7  2.7 -2.4  0.3 30 15.3                           
081858080414100584ライトオブピース　　　　　　　　　　 14.7  3.2  5.2  6.9  4.0 34  0.0                           
081858080515103145ナムラムツゴロー　　　　　　　　　　 40.1  7.4-10.7 12.0 -0.3 30  0.0  5                        
081858080614105073スペクター　　　　　　　　　　　　　  4.9  1.6  7.4  7.1  4.8 35 21.3                           
081858080712102418タイユール　　　　　　　　　　　　　 75.3 12.9 -6.7  6.4 -0.5 29  0.0                           
081858080813104902サウンドスタジオ　　　　　　　　　　 46.9  8.5-10.7 -8.2 -6.4 24  0.0                           
081858080914105892ダノンロッソ　　　　　　　　　　　　 16.6  3.5  3.5 11.1  4.6 35 11.8  5                        
081858081014101156ワンダーウマス　　　　　　　　　　　  6.4  1.9 10.2 10.8  7.0 37  8.8                           
081858081114105217シュンノカミ　　　　　　　　　　　　 89.1 15.2-10.7-15.7 -8.6 21  0.0                           
081858081215104739ダノンフォワード　　　　　　　　　　  2.5  1.3 15.7 18.5 11.3 41  8.1                           
081858081311103797スワーヴカイザー　　　　　　　　　　 31.5  5.9-11.4-14.8 -8.6 21  0.0  0                        
081858081413105963トリプライト　　　　　　　　　　　　 29.6  5.6-10.7 -7.1 -6.1 24  0.0                           
081858081514100900メイショウテムズ　　　　　　　　　　  4.2  1.5 12.5 14.8  9.0 39 17.0  4                        
081858090116104503ルチアーナミノル　　　　　　　　　　 10.8  2.5  3.0  6.5  3.0 23 14.4                           
081858090216105198ランブリングアレー　　　　　　　　　  3.8  1.4 12.9 15.9  9.5 30  8.8                           
081858090316103138ビックピクチャー　　　　　　　　　　  5.9  1.8 11.2  9.3  6.9 27 12.6                           
081858090416102564ハクサンフラワー　　　　　　　　　　 33.6  6.4-15.0-10.5 -8.6 11  0.0                           
081858090516110010メトロポール　　　　　　　　　　　　  3.9  1.4 15.4 21.1 12.0 32 17.8                           
081858090616106483エイシンゾーン　　　　　　　　　　　  8.7  2.4 12.0 15.7  9.1 29 21.2                           
081858090716104648ラヴズオンリーユー　　　　　　　　　  2.8  1.3 12.6 20.6 10.8 31  8.1                           
081858090816100599ディーブラッド　　　　　　　　　　　 18.7  3.9  3.7-12.4 -2.4 18  0.0                           
081858090916100105ケイゴールド　　　　　　　　　　　　 30.2  5.8 -9.7-10.4 -6.7 13  0.0                           
081858100113105537カイザーバル　　　　　　　　　　　　  6.3  2.1 10.8  4.1  5.2 40 11.7  0                        
081858100215104361アマルフィコースト　　　　　　　　　  3.1  1.5 16.4 23.7 13.1 48 18.0  3                        
081858100313103324ハナズレジェンド　　　　　　　　　　  7.0  2.2  8.7 11.9  6.8 42  0.0                           
081858100413100756キアロスクーロ　　　　　　　　　　　 14.1  3.5 -1.6  0.7 -0.4 35 12.5                           
081858100514104351ヤマカツグレース　　　　　　　　　　 22.9  5.1 -5.9  4.8 -0.7 34 26.9                           
081858100612102404エリーティアラ　　　　　　　　　　　 40.1  8.5 -9.7-10.4 -6.7 28  0.0                           
081858100713104774パーリオミノル　　　　　　　　　　　 35.1  7.5 -6.7-10.5 -5.6 29  0.0                           
081858100814104304デスティニーソング　　　　　　　　　 21.8  4.9 -5.7 -8.7 -4.7 30  0.0                           
081858100915101786ニシノキントウン　　　　　　　　　　 28.1  6.1-10.7 -2.6 -4.7 30  0.0                           
081858101012100560テルメディカラカラ　　　　　　　　　  8.1  2.5  1.3  9.4  3.3 38  0.0                           
081858101114103009タイムトリップ　　　　　　　　　　　 29.0  6.3  5.8 -7.9 -0.2 35  0.0                           
081858101214110117フィアーノロマーノ　　　　　　　　　  5.1  1.8 18.2 13.9 10.8 46  8.8                           
081858101313105480サプルマインド　　　　　　　　　　　 11.2  2.9 10.4  5.7  5.5 41 10.1                           
081858101412104510ネオスターダム　　　　　　　　　　　 24.6  5.5 -6.7  3.8 -1.3 34  0.0                           
081858110113104754タイセイエクレール　　　　　　　　　 57.2  9.9 -6.7  9.1  0.3 45  0.0                           
081858110213102815ワンダーリーデル　　　　　　　　　　 23.4  4.6  5.9  6.3  4.1 49  0.0                           
081858110311101046ベック　　　　　　　　　　　　　　　 15.8  3.3  2.3 -8.2 -1.6 43  8.2                           
081858110412102856スマートアヴァロン　　　　　　　　　  5.9  1.8  3.8 13.3  5.4 50 17.8                           
081858110513100991モズワッショイ　　　　　　　　　　　 26.9  5.2 -5.6 -8.2 -4.5 40  0.0                           
081858110615103140タイセイプライド　　　　　　　　　　 37.8  7.0-10.7-15.7 -8.6 36  0.0                           
081858110714106231ジューヌエコール　　　　　　　　　　 15.6  3.3  1.3 -6.3 -1.4 44  0.0  0                        
081858110815110036モルトアレグロ　　　　　　　　　　　  8.2  2.2  5.8  9.0  4.8 50  0.0                           
081858110911103097ヒカリブランデー　　　　　　　　　　 59.2 10.3 -9.7-10.4 -6.7 38  0.0                           
081858111015110078コパノキッキング　　　　　　　　　　  2.4  1.3 21.0 30.3 16.8 62 18.0  1  175   42              
081858111115102846ゴールドクイーン　　　　　　　　　　 19.3  3.9 -1.7-10.0 -3.6 41  0.0                           
081858111212105337メイショウワダイコ　　　　　　　　　 29.9  5.6 -8.7 -7.9 -5.6 39  0.0                           
081858111312101489ドリームドルチェ　　　　　　　　　　 36.6  6.8 -9.7 -7.9 -5.9 39 18.9                           
081858111411110074ナンチンノン　　　　　　　　　　　　 44.8  8.1-10.7 -9.7 -6.8 38  0.0  0                        
081858111512110058テーオーヘリオス　　　　　　　　　　  4.6  1.6 11.4 21.3 10.6 56  8.8                           
081858111615103379メイショウヒサカタ　　　　　　　　　 86.9 14.8-10.7 -9.5 -6.8 38 23.4                           
081858120113105321エスティタート　　　　　　　　　　　 28.0  6.6 -0.2  7.5  2.2 52  0.0                           
081858120212105252フミノムーン　　　　　　　　　　　　 57.1 12.4-10.7  1.7 -3.4 47  0.0                           
081858120315102377ダノンスマッシュ　　　　　　　　　　  4.6  1.8 12.2 24.7 11.9 62  8.8  1  116   69              
081858120412102017アレスバローズ　　　　　　　　　　　  6.3  2.2 17.9-10.7  3.4 53  8.8                           
081858120511101542コウエイタケル　　　　　　　　　　　 27.9  6.6 -8.7 -9.3 -6.0 44  0.0                           
081858120611103412ナインテイルズ　　　　　　　　　　　 27.4  6.5-10.7-20.0 -9.9 40  0.0  0                        
081858120712100582グレイトチャーター　　　　　　　　　  5.9  2.1  7.4 15.3  7.3 57 18.4                           
081858120813103292ダイアナヘイロー　　　　　　　　　　 55.6 12.1-10.7 -2.2 -4.6 45  0.0                           
081858120915110032アサクサゲンキ　　　　　　　　　　　 46.3 10.5-10.7 -3.1 -4.9 45 18.4                           
081858121013103934カルヴァリオ　　　　　　　　　　　　 29.3  6.9  5.8 -3.3  1.1 51 20.7                           
081858121114102625ダイメイフジ　　　　　　　　　　　　 17.5  4.4 -0.4-15.2 -4.7 45  0.0                           
081858121214105960オールポッシブル　　　　　　　　　　 53.0 11.9-10.7-13.8 -8.1 42  0.0                           
081858121312103405ベステンダンク　　　　　　　　　　　 23.0  5.5 -6.7  1.7 -1.9 48  0.0                           
081858121413101315キングハート　　　　　　　　　　　　 26.6  6.3 -9.7-10.4 -6.7 43  0.0                           
081858121513106051ビップライブリー　　　　　　　　　　 23.2  5.6-11.4-12.3 -7.9 42  0.0                           
081858121613103973ワンスインナムーン　　　　　　　　　  4.4  1.8 19.3  7.8  9.4 59  8.1                           
081858121715104165アンヴァル　　　　　　　　　　　　　  6.6  2.3 10.8 13.1  7.9 58  0.0                           
081858121812105774ナガラフラワー　　　　　　　　　　　 32.8  7.6 -6.8-13.8 -6.6 43 21.6                           
