021914010116104865ブールバール　　　　　　　　　　　　  3.1  1.5 17.5 32.6 17.2 22 13.8                           
021914010216105081サユルリトリンカ　　　　　　　　　　 31.8  7.0-10.0-10.7 -6.9 -2  0.0                           
021914010316100318スキンズマッチ　　　　　　　　　　　 50.5 10.8-10.0-20.0-10.3 -5  0.0                           
021914010416104328ツクバハナコ　　　　　　　　　　　　 25.0  5.7 -4.5-10.5 -5.2  0  0.0                           
021914010516105187フレンチチェリー　　　　　　　　　　 17.3  4.2 -2.5 -3.3 -2.0  3  0.0                           
021914010616105236マルカノーベル　　　　　　　　　　　 24.8  5.6 -2.5 -7.2 -3.4  2  0.0                           
021914010716103569メイクアンシー　　　　　　　　　　　  6.2  2.1  8.0 12.7  7.1 12  0.0                           
021914010816110107ブライトンテソーロ　　　　　　　　　 11.0  2.9 10.5  5.1  5.0 10  0.0                           
021914010916110064マノラム　　　　　　　　　　　　　　 12.8  3.3 -2.0  0.5 -0.4  5  0.0                           
021914011016104870エスプランデル　　　　　　　　　　　  5.9  2.0  8.0 11.2  6.5 12 15.0                           
021914011116106272ストレイトスタイル　　　　　　　　　 64.9 13.3-10.0-10.7 -6.9 -2  0.0                           
021914011216105861セレーネワルツ　　　　　　　　　　　 56.4 11.6-10.0 -7.1 -5.6 -1  0.0                           
021914011316100808ヘアピンローズ　　　　　　　　　　　 11.9  3.1 10.5 -4.8  1.4  6 20.0                           
021914011416105043キャビテーション　　　　　　　　　　 24.6  5.6 -2.0-10.7 -4.5  0  0.0                           
021914011516105224カフェドラペ　　　　　　　　　　　　 17.6  4.2 -6.0  5.2  0.1  5  0.0                           
021914011616100251ウインバラーディア　　　　　　　　　 10.7  2.8  2.0  6.3  2.9  8  0.0                           
021914020116102627ヤマニンヒラソル　　　　　　　　　　 26.2  5.6-10.0 -0.7 -3.3  2  0.0                           
021914020216105328トゥービーシック　　　　　　　　　　  7.0  2.2 11.3  3.3  4.6 10 16.3                           
021914020316102780フジミ　　　　　　　　　　　　　　　 26.5  5.6-10.0-10.5 -6.8 -2  0.0                           
021914020416106226エストリル　　　　　　　　　　　　　 15.6  3.6  7.0  6.3  4.4  9  0.0                           
021914020516105881エルデリュミエール　　　　　　　　　 26.4  5.6-10.0 -9.0 -6.3 -1  0.0                           
021914020616101843ゴールドエンプレス　　　　　　　　　 18.2  4.1  2.0-15.8 -5.2  0  0.0                           
021914020716100325ビケット　　　　　　　　　　　　　　  7.5  2.3  9.0  9.6  6.2 11  0.0                           
021914020816103313トーセンコハク　　　　　　　　　　　  3.5  1.5 18.8 22.1 13.7 19 13.8                           
021914020916102778アポロノワキザシ　　　　　　　　　　 18.6  4.2 -6.0 -8.5 -4.9  0  0.0                           
021914021016103158ピースアンドカーム　　　　　　　　　 24.2  5.2 -6.0-14.9 -7.3 -2  0.0  0                        
021914021116101608メイショウミヤラビ　　　　　　　　　 25.6  5.5-10.0-11.0 -7.0 -2  0.0                           
021914021216106166ノーブルテラ　　　　　　　　　　　　 23.7  5.1 -6.0 -4.8 -3.6  1  0.0                           
021914021316102402ジューンハルジオン　　　　　　　　　  8.3  2.4  7.5 13.3  7.1 12  0.0                           
021914021416103162ミルメルシー　　　　　　　　　　　　  3.7  1.6 15.5 30.0 15.6 21 15.0                           
021914030116104734フラッグインハート　　　　　　　　　 35.3  6.9-10.0-10.5 -6.8 -2  0.0                           
021914030216104317ベルロスセレソス　　　　　　　　　　 51.8  9.8-10.0 -5.0 -4.8  0  0.0  0                        
021914030316103128ナックゼウス　　　　　　　　　　　　 39.8  7.7 -2.0  2.1  0.2  5  0.0                           
021914030416102307ビーマイステディ　　　　　　　　　　  3.6  1.5 16.8 13.0  9.8 15 15.0                           
021914030516105360イッツマイウェイ　　　　　　　　　　 36.2  7.0-10.0-10.5 -6.8 -2  0.0                           
021914030616106242ゼットレオ　　　　　　　　　　　　　  3.1  1.4 16.3 22.0 13.0 18 13.8                           
021914030716103197シックザール　　　　　　　　　　　　 11.7  2.7  6.0 20.0  9.1 14  0.0  4                        
021914030816104407コパカティ　　　　　　　　　　　　　  6.4  1.9 12.5 12.0  8.1 13 16.3  5                        
021914030916100744コンステレーション　　　　　　　　　 22.5  4.6 -6.0  0.0 -1.8  3  0.0                           
021914031016103904ラキエストバイオ　　　　　　　　　　 36.0  7.0-10.0-10.5 -6.8 -2  0.0                           
021914031116105228ナリノヴェール　　　　　　　　　　　 22.1  4.5-10.0 -2.8 -4.0  1  0.0                           
021914031216106021サトノダイナスティ　　　　　　　　　 26.7  5.4 -2.0  5.7  1.5  6  0.0                           
021914031316105210ノーチカルチャート　　　　　　　　　 15.2  3.4  5.0 -2.5  0.6  6  0.0                           
021914031416104652コルネット　　　　　　　　　　　　　 12.7  2.9 -2.0-20.0 -7.9 -3  0.0                           
021914031516104724アドマイヤビーナス　　　　　　　　　 15.5  3.4  0.5 -3.5 -1.1  4  0.0                           
021914031616100788クロスビーム　　　　　　　　　　　　 43.8  8.3-10.0-10.5 -6.8 -2  0.0                           
021914040116105144ハッシュゴーゴー　　　　　　　　　　  7.9  2.6 10.0  2.8  4.0  9  0.0                           
021914040216105465ブラックテキーラ　　　　　　　　　　 24.8  5.9-10.0 -8.0 -5.9 -1  0.0                           
021914040316102187メイショウクダン　　　　　　　　　　  5.6  2.0 13.0  8.5  7.0 12 15.0                           
021914040416103997リュウノイカリ　　　　　　　　　　　  6.5  2.2  6.0  5.6  3.9  9 17.5                           
021914040516104644ブラックモリオン　　　　　　　　　　  7.9  2.6 11.8 13.0  8.3 13  0.0                           
021914040616102678ウインググランダー　　　　　　　　　 35.4  8.2-10.0-10.3 -6.8 -2  0.0                           
021914040716100039アルファムーン　　　　　　　　　　　 21.8  5.3  6.0  6.2  4.1  9  0.0                           
021914040816101038マカルーテソーロ　　　　　　　　　　 13.9  3.7-10.0-18.5 -9.8 -5  0.0                           
021914040916106154モッズストーン　　　　　　　　　　　  5.8  2.1 13.5  6.4  6.4 11 16.3                           
021914041016104784ビップセーラ　　　　　　　　　　　　 29.9  7.0-10.0-10.5 -6.8 -2  0.0                           
021914041116101134トキノミドリ　　　　　　　　　　　　 31.1  7.3-10.0-11.9 -7.4 -2  0.0  0                        
021914041216103206トモジャマサムネ　　　　　　　　　　 17.1  4.4-10.0 24.0  5.8 11  0.0                           
021914041316101331カシノヴィオレ　　　　　　　　　　　 32.2  7.5-10.0 -1.7 -3.6  1  0.0                           
021914041416102219グランデラムジー　　　　　　　　　　  3.8  1.7 15.0 21.0 12.2 17  0.0                           
021914050117102105ニシノストーム　　　　　　　　　　　 14.1  3.4  7.0  7.4  4.8  5  0.0                           
021914050217106595ケープコッド　　　　　　　　　　　　  4.3  1.6 16.3 30.0 15.9 16 15.0                           
021914050317100300イッツオーライト　　　　　　　　　　 19.9  4.5 -3.8  0.5 -1.0 -1  0.0                           
021914050417103808ディーププレザント　　　　　　　　　 23.6  5.2-10.0 -6.5 -5.4 -5  0.0  5                        
021914050517110048フィールフォーユー　　　　　　　　　  8.3  2.4  8.0 16.7  8.5  9  0.0                           
021914050617102901メイショウナパワン　　　　　　　　　  5.2  1.8 15.9 11.3  8.9  9  0.0                           
021914050717105332ヴェスターヴァルト　　　　　　　　　  4.8  1.7  6.0  9.0  5.1  5 16.3                           
021914050817105632レッドヴェイパー　　　　　　　　　　  3.3  1.5 14.2 32.2 16.1 16 13.8                           
021914050917102097キタノコマチ　　　　　　　　　　　　 33.8  7.1-10.2-10.7 -7.0 -7  0.0                           
021914051017102061ゴラッソゴール　　　　　　　　　　　 23.4  5.1 -6.7-20.0 -9.3 -9  0.0                           
021914051117104440トーセンマイベスト　　　　　　　　　 15.0  3.6 -0.5  1.7  0.5  0  0.0                           
021914060116105558シュリュッセル　　　　　　　　　　　 22.0  4.4-10.0 -3.1 -4.1  1  0.0                           
021914060216102241ケンブリッジウルス　　　　　　　　　 16.8  3.5  4.0 12.0  5.6 11  0.0                           
021914060316100742ナミブ　　　　　　　　　　　　　　　 10.8  2.5-10.0 -2.6 -4.0  1  0.0                           
021914060416101543ウラカワノオト　　　　　　　　　　　 18.8  3.9-10.0 -4.5 -4.7  0  0.0                           
021914060516104267エスキシータ　　　　　　　　　　　　 14.3  3.1  6.0  4.0  3.3  8  0.0                           
021914060616101046グランジェット　　　　　　　　　　　 11.4  2.6 -1.0 12.0  4.1  9  0.0  5                        
021914060716103134レンジャーガール　　　　　　　　　　 10.7  2.5  2.0 14.1  5.8 11  0.0                           
021914060816105979キャリー　　　　　　　　　　　　　　  5.0  1.6 15.0 18.3 11.2 16 16.3  5                        
021914060916103842トーセンオリンピア　　　　　　　　　  2.4  1.3 20.0 19.5 13.1 18 13.8                           
021914061016106228アナザーラブソング　　　　　　　　　  4.5  1.5 10.5 24.0 11.9 17 15.0                           
021914070112103265トウショウデュエル　　　　　　　　　 17.2  4.3-10.2 -4.5 -4.7 15  0.0                           
021914070215100147ペイシャディア　　　　　　　　　　　 20.8  5.0 -7.2 11.9  2.2 22  0.0  4                        
021914070314100779サンジレット　　　　　　　　　　　　  5.9  2.0 14.0 11.9  8.6 29  0.0                           
021914070416102970パークス　　　　　　　　　　　　　　 34.2  7.7 -2.7-10.7 -4.7 15  0.0                           
021914070516101250マイネルバトゥータ　　　　　　　　　  3.6  1.6  8.7 30.0 13.6 34 13.8                           
021914070614109041フィールドステイ　　　　　　　　　　  5.2  1.9  8.5 14.1  7.7 28 15.0                           
021914070716100532タガノコルソ　　　　　　　　　　　　  6.5  2.2 12.0 13.3  8.5 28  0.0                           
021914070815102995ノボリソング　　　　　　　　　　　　 16.3  4.1  1.6-10.5 -3.4 17  0.0                           
021914070915104674ポップスフラッシュ　　　　　　　　　 19.5  4.7-10.2 -2.0 -3.8 16  0.0                           
021914071014102204スリーランディア　　　　　　　　　　  7.4  2.4  9.9 12.0  7.4 27 18.8  5                        
021914071115101629キンゲショウ　　　　　　　　　　　　  8.6  2.7  0.6  9.7  3.7 24  0.0                           
021914071214102639ラガーユミリン　　　　　　　　　　　 13.9  3.6 -1.4-11.0 -4.5 16  0.0                           
021914080115106190カリブメーカー　　　　　　　　　　　 12.1  3.0 -4.0-11.8 -5.5 14 18.8                           
021914080215103256タツオウカランブ　　　　　　　　　　 24.2  5.3  6.1-10.7 -2.1 18  0.0                           
021914080316102227ティボリドライヴ　　　　　　　　　　 22.7  5.0 -3.8-10.5 -5.0 15  0.0                           
021914080416103684キタノオドリコ　　　　　　　　　　　 13.1  3.2  6.6  3.1  3.1 23  0.0                           
021914080516101941ヘイセイラスト　　　　　　　　　　　 32.6  6.9-10.2-20.0-10.4 10  0.0                           
021914080616100917サピアウォーフ　　　　　　　　　　　  7.9  2.4 -2.2 18.9  6.3 26  0.0                           
021914080715104762ラインアストリア　　　　　　　　　　 39.2  8.2-10.2-10.7 -7.0 13  0.0                           
021914080815104928レンブランサ　　　　　　　　　　　　  3.3  1.5 16.1  0.6  5.1 25 13.8                           
021914080916103481ニシノアメイズ　　　　　　　　　　　 16.3  3.8  6.1-15.6 -3.9 16  0.0                           
021914081016102269ワンダーエカルテ　　　　　　　　　　 19.6  4.5 -6.7 -1.7 -2.6 17  0.0                           
021914081115101615プリディカメント　　　　　　　　　　  5.6  1.9 11.2  4.3  4.9 25 16.3                           
021914081215101449ミッキーマンドリン　　　　　　　　　 22.2  4.9 -3.3-11.6 -5.2 15  0.0                           
021914081316106313ビオレイメル　　　　　　　　　　　　 21.6  4.8 -3.8-10.5 -5.0 15  0.0                           
021914081415101936クリノアスコット　　　　　　　　　　  4.3  1.7 14.6 18.3 11.1 31  0.0                           
021914090115110030デルマキセキ　　　　　　　　　　　　 15.0  3.8 -0.6 13.3  4.7 25 22.5                           
021914090216101014ワンネス　　　　　　　　　　　　　　 31.2  7.1-10.2-14.6 -8.4 12  0.0  0                        
021914090315104546エイカイマドンナ　　　　　　　　　　 34.3  7.7-10.0-14.1 -8.2 12  0.0                           
021914090416103885アマデウス　　　　　　　　　　　　　  6.1  2.1  3.2 15.0  6.5 26 16.3                           
021914090515100400イッツマイターン　　　　　　　　　　 26.9  6.2-10.0 -1.7 -3.6 16  0.0                           
021914090615105498ヘーザ　　　　　　　　　　　　　　　 25.4  5.9  5.3  1.6  2.2 22  0.0                           
021914090716103713モズベイビー　　　　　　　　　　　　  8.6  2.7  7.4 11.3  6.4 26 17.5                           
021914090814106182ロジムーン　　　　　　　　　　　　　 12.3  3.2 -1.2  7.0  2.2 22  0.0                           
021914090915105953レジェンドソウル　　　　　　　　　　 24.8  5.8-10.0 -2.6 -4.0 16  0.0                           
021914091015105318ヒロノオウカン　　　　　　　　　　　 41.8  9.3-10.0-10.7 -6.9 13  0.0                           
021914091114100569ヤマニンベルベーヌ　　　　　　　　　 41.5  9.2 -4.7-15.8 -7.2 13  0.0                           
021914091214103990モハー　　　　　　　　　　　　　　　  4.8  1.8  6.0  8.3  4.8 25  0.0                           
021914091316110041ショウナンアリアナ　　　　　　　　　 13.5  3.5 -5.8-10.5 -5.6 14  0.0                           
021914091415100428ナンゴクアイネット　　　　　　　　　  9.2  2.8  5.8 12.0  6.1 26  0.0  5                        
021914091516101340アスタールビー　　　　　　　　　　　  3.8  1.7 20.4  8.0  9.1 29  0.0 10                        
021914091615102435スリーマグナム　　　　　　　　　　　 24.7  5.8 -7.0 -4.8 -3.9 16  0.0                           
021914100114100977ディープスピリッツ　　　　　　　　　 16.7  4.1  2.2 12.0  5.1 25  0.0                           
021914100215104941プリメラビスタ　　　　　　　　　　　 13.9  3.5 -3.8 -5.3 -3.1 17  0.0                           
021914100316103211スマートセラヴィー　　　　　　　　　 12.9  3.3  0.4  9.6  3.6 24  0.0  1  370   39              
021914100414106196サトノマックス　　　　　　　　　　　  5.1  1.8 12.9 22.7 12.2 32 16.3  1  154   60              
021914100515104198ギャンブラー　　　　　　　　　　　　  6.5  2.2 15.3 21.4 12.4 32  0.0                           
021914100616102102クリノオウジャ　　　　　　　　　　　  4.3  1.7 11.3 10.8  7.3 27 15.0                           
021914100715104900レーガノミクス　　　　　　　　　　　  4.0  1.6 14.0 18.3 10.9 31 13.8                           
021914100814103590シルヴァーメテオ　　　　　　　　　　 26.8  6.1-10.2-10.7 -7.0 13  0.0                           
021914100915102383ロードダヴィンチ　　　　　　　　　　  8.9  2.7  4.2-14.1 -3.9 16  0.0                           
021914101014104326ラストプライドワン　　　　　　　　　 16.0  4.0-10.2-10.7 -7.0 13  0.0                           
021914101116105490ラブリロンリロンス　　　　　　　　　 17.5  4.3 -0.3 -5.9 -2.3 18  0.0                           
021914101215104074ターフェルムジーク　　　　　　　　　 22.2  5.2-10.0-10.5 -6.8 13  0.0                           
021914110114105781インシュラー　　　　　　　　　　　　  6.3  2.0  3.0  3.0  2.0 32  0.0                           
021914110215106194センショウユウト　　　　　　　　　　  9.5  2.7 -1.2  9.6  3.2 33 20.0                           
021914110312102808イキオイ　　　　　　　　　　　　　　 18.2  4.1 -2.6 -6.1 -3.0 27  0.0                           
021914110415100423ライリー　　　　　　　　　　　　　　 39.5  8.0-10.0 -8.7 -6.2 24  0.0                           
021914110516104289ショウナンタイガ　　　　　　　　　　  3.0  1.4 16.0 19.5 11.9 42 13.8                           
021914110615102043シンデレラメイク　　　　　　　　　　  4.4  1.7 13.3 30.0 15.0 45 15.0  2                        
021914110712103844ジェットコルサ　　　　　　　　　　　 20.3  4.5  5.8 -4.8  0.0 30  0.0                           
021914110815102528タイセイソニック　　　　　　　　　　  9.0  2.6  8.0  9.1  5.7 36  0.0                           
021914110915102660モンファロン　　　　　　　　　　　　 39.9  8.1 -4.7  5.4  0.6 31  0.0                           
021914111012100777ラブローレル　　　　　　　　　　　　 38.2  7.8-10.2-10.5 -6.9 23  0.0                           
021914111114104261シュエットヌーベル　　　　　　　　　 35.4  7.3  2.9-20.0 -6.5 24  0.0                           
021914111215103195キングキングキング　　　　　　　　　 16.4  3.8 -7.0 -6.6 -4.5 25  0.0  0                        
021914111316103017ルマーカーブル　　　　　　　　　　　  7.4  2.2  6.0  7.7  4.6 35  0.0                           
021914111414104161ラニカイシチー　　　　　　　　　　　 43.8  8.8-10.2 -4.7 -4.8 25  0.0                           
021914111511105905スズカプリオール　　　　　　　　　　101.1 19.0-10.2-10.7 -7.0 23  0.0                           
021914120114102919メイショウイッポン　　　　　　　　　 17.7  3.8-10.2 -5.5 -5.1 25  0.0                           
021914120213105412カレンジラソーレ　　　　　　　　　　 23.0  4.6 -3.8-20.0 -8.5 22  0.0                           
021914120315100222ウインフォルティス　　　　　　　　　 12.2  2.8  7.0  6.9  4.6 35  0.0                           
021914120415105278キタサンタイドー　　　　　　　　　　  6.4  1.9  4.6 -9.1 -2.0 28  0.0                           
021914120515106059ボードウォーク　　　　　　　　　　　 11.8  2.7 -3.0 -2.0 -1.6 28  0.0  5                        
021914120615104811シュバルツボンバー　　　　　　　　　 14.3  3.2  0.5 11.3  4.3 34 22.5                           
021914120713105538カフジキング　　　　　　　　　　　　  3.1  1.4 18.4 36.7 19.0 49 13.8  2                        
021914120815110063フォルツァエフ　　　　　　　　　　　 18.2  3.9-10.0 -8.7 -6.2 24  0.0                           
021914120912102848パイロキネシスト　　　　　　　　　　 11.0  2.6 10.7 -7.9  0.3 30  0.0                           
021914121014102002レコンキスタ　　　　　　　　　　　　 12.3  2.8  1.7 13.1  5.3 35  0.0                           
021914121114101308テイエムグッドマン　　　　　　　　　  3.4  1.5 13.4 18.3 10.7 41 15.0                           
051938010116103460ドナホーク　　　　　　　　　　　　　119.3 20.3-13.1-10.1 -7.6 -3  0.0                           
051938010216104897クリアスカイライン　　　　　　　　　 49.6  9.0-10.4-16.6 -9.2 -4  0.0  0                        
051938010316101895ノブベック　　　　　　　　　　　　　 12.0  2.7 12.6  8.7  7.0 12  0.0                           
051938010416100182オーバーディリバー　　　　　　　　　  4.1  1.5 20.2  8.0  9.0 14 19.8  5                        
051938010516102313トーセンアトランタ　　　　　　　　　  6.0  1.8  9.9 21.0 10.7 16  6.2  4                        
051938010616101305ゴー　　　　　　　　　　　　　　　　 27.1  5.2  5.4  1.4  2.1  7  0.0                           
051938010716100648コヨキチボンバー　　　　　　　　　　173.5 29.2-11.4 -9.2 -6.8 -2  0.0                           
051938010816104370ダイレクトフライト　　　　　　　　　 46.7  8.5 -5.9-11.8 -6.1 -1  0.0                           
051938010916100692ゲハイムローゼ　　　　　　　　　　　 61.5 10.8-11.4-10.0 -7.1 -2  0.0                           
051938011016103545モリトシュン　　　　　　　　　　　　 14.5  3.2 -2.1 17.9  5.9 11  0.0                           
051938011116106505コパノジョウオー　　　　　　　　　　 11.8  2.7 16.0  3.6  6.1 11  0.0                           
051938011216102230ゼヒニオヨバズ　　　　　　　　　　　  7.4  2.1  7.1  8.7  5.3 10 16.3                           
051938011316105337ブラーミスト　　　　　　　　　　　　109.0 18.6-10.4-10.6 -7.0 -2  0.0                           
051938011416106015サクラトップダンク　　　　　　　　　101.0 17.2-10.0 -5.3 -4.9  0  0.0                           
051938011516105500アイルビーザスター　　　　　　　　　 20.3  4.2-10.0 -7.3 -5.7 -1  0.0                           
051938011616104312シゲルグリンダイヤ　　　　　　　　　  2.6  1.3 16.6 21.7 12.9 18 18.1  2                        
051938020116104354メルキュール　　　　　　　　　　　　  7.1  2.0  8.1  6.4  4.8 10  0.0                           
051938020216106298ガンチャン　　　　　　　　　　　　　193.9 30.9-10.4 -8.3 -6.2 -1  0.0                           
051938020316103101ジョイナイト　　　　　　　　　　　　  3.1  1.3 20.0  6.3  8.3 13 19.8                           
051938020416102791シャドーバンキング　　　　　　　　　 40.7  7.2 -6.2 10.6  2.0  7  0.0                           
051938020516100576ヤマニンマニューバ　　　　　　　　　 68.3 11.3-11.4-12.9 -8.1 -3  0.0  0                        
051938020616105798グレートイソエイ　　　　　　　　　　103.4 16.8-11.4 -4.9 -5.2  0  0.0                           
051938020716100835ハルノツカイ　　　　　　　　　　　　 57.6  9.7-10.0-20.0-10.3 -5  0.0                           
051938020816101324アイアンゾーン　　　　　　　　　　　 22.3  4.2-11.4 -4.0 -4.9  0  0.0                           
051938020916104027メンディ　　　　　　　　　　　　　　  3.5  1.3 17.2 18.4 11.9 17 21.4                           
051938021016110005アメリアヴォーグ　　　　　　　　　　187.3 29.9-11.4-13.7 -8.4 -3  0.0  0                        
051938021116100552ローレルジェイド　　　　　　　　　　 27.4  5.1 -3.8 -3.3 -2.3  3  0.0  0                        
051938021216101573タイムファクター　　　　　　　　　　 51.3  8.9-13.1-10.9 -7.9 -3  0.0                           
051938021316104559ノワールムーティエ　　　　　　　　　  2.9  1.2 10.0 38.5 17.1 22 18.1                           
051938021416103328アニマート　　　　　　　　　　　　　 23.0  4.4 10.7  8.2  6.2 11  0.0  5                        
051938021516100297カシノブレンド　　　　　　　　　　　 27.4  5.1  6.0 11.3  5.9 11  0.0                           
051938021616101823ファーマパール　　　　　　　　　　　154.3 24.8-10.0 -5.7 -5.1  0  0.0                           
051938030116103912ハートハーツ　　　　　　　　　　　　 40.8  7.7-10.0-15.1 -8.5 -4  0.0                           
051938030216105065ダイワエターナル　　　　　　　　　　 23.4  4.7  7.1  6.1  4.4  9  7.7  5                        
051938030316100137アイドルズアイ　　　　　　　　　　　111.6 19.4-10.0 -4.9 -4.8  0  0.0                           
051938030416106364オーキッドテソーロ　　　　　　　　　 24.5  4.9-11.4-14.5 -8.7 -4  0.0                           
051938030516104861パロネラ　　　　　　　　　　　　　　  3.1  1.3 14.1 20.3 11.7 17 18.1                           
051938030616105101サトノダムゼル　　　　　　　　　　　  3.7  1.4 21.4 20.2 13.8 19 21.4  3                        
051938030716104542カラミンサ　　　　　　　　　　　　　 24.3  4.8  0.5 -5.1 -1.7  3  0.0                           
051938030816103656シゲルカイヤナイト　　　　　　　　　106.0 18.4-10.0-15.6 -8.7 -4  0.0  0                        
051938030916104815オルピメント　　　　　　　　　　　　 27.5  5.4  6.0 -6.9 -0.7  4  0.0  0                        
051938031016100942ショウナンハルラ　　　　　　　　　　 26.8  5.3-10.0  4.8 -1.2  4  0.0                           
051938031116109007メイオール　　　　　　　　　　　　　  3.4  1.3 14.8 20.4 11.9 17  8.2                           
051938031216100761ビジュティエ　　　　　　　　　　　　 18.1  3.8 -9.2  9.6  0.8  6  0.0                           
051938031316105758レジーナスミス　　　　　　　　　　　 45.0  8.4-11.4 -0.1 -3.5  2  0.0                           
051938031416106009ボニーソックス　　　　　　　　　　　 29.9  5.8 -0.5 11.2  4.0  9 10.1                           
051938031516102773マヤノハルモニア　　　　　　　　　　 33.9  6.5 -7.6  6.8  0.2  5  0.0                           
051938031616103984ノアクリスティン　　　　　　　　　　 14.7  3.2 -3.8  4.8  0.6  6  0.0                           
051938040116102720ブラックハーデス　　　　　　　　　　  7.2  1.9 13.8  7.1  6.7 12  6.2                           
051938040216100786プリマコロン　　　　　　　　　　　　116.8 18.3-11.4 -6.1 -5.7 -1  0.0                           
051938040316106217グレイジャックマン　　　　　　　　　 12.1  2.6  8.6 11.6  6.8 12 15.4                           
051938040416103764ネクストスクワッド　　　　　　　　　 39.3  6.8-10.0 -3.3 -4.2  1  0.0                           
051938040516102989ロネガン　　　　　　　　　　　　　　 11.9  2.5  2.6  9.8  4.4  9 17.5                           
051938040616100493ピエタフィリアーレ　　　　　　　　　 23.9  4.4 -6.5  6.2  0.3  5  0.0                           
051938040716100849ジェイケイブラック　　　　　　　　　 44.3  7.5-11.4 -4.9 -5.2  0  0.0                           
051938040816104460クルミネイト　　　　　　　　　　　　 24.2  4.4  0.1 -4.4 -1.6  3 13.0  0                        
051938040916101362シュテルンシチー　　　　　　　　　　 11.1  2.4 10.1 12.5  7.6 13  0.0  5                        
051938041016102128タイキウォレス　　　　　　　　　　　 12.2  2.6  2.4  7.9  3.6  9  0.0                           
051938041116105639ミサトテスコ　　　　　　　　　　　　183.0 28.3-14.3-10.6 -8.2 -3  0.0                           
051938041216101794クライストチャーチ　　　　　　　　　107.3 16.9-12.5-15.1 -9.3 -4  0.0  0                        
051938041316104890ラヴィアンレーヴ　　　　　　　　　　  2.6  1.3 18.5 28.1 15.9 21  0.0                           
051938041416105013デュアライズ　　　　　　　　　　　　  3.3  1.4 19.3 14.6 11.1 16 19.8                           
051938041516105467ブラザーサン　　　　　　　　　　　　 86.9 13.8-10.0-18.9 -9.9 -5  0.0  0                        
051938050117102558クルワールデジール　　　　　　　　　 35.4  7.2-11.4-12.6 -8.0 -8  0.0                           
051938050217105620レインカルナティオ　　　　　　　　　  4.3  1.6 20.0 16.6 12.1 12 21.4  5                        
051938050317103064サナチャン　　　　　　　　　　　　　 71.6 13.5 -6.2-10.9 -5.9 -6  0.0                           
051938050417110017レイクマッジョーレ　　　　　　　　　 31.1  6.4-10.0  9.1  0.3  0  0.0                           
051938050517100244クラウンデフィート　　　　　　　　　170.1 31.1-13.4 -5.3 -6.0 -6  0.0                           
051938050617105898ベアジェット　　　　　　　　　　　　102.1 18.9 -8.7 -9.2 -6.0 -6  0.0                           
051938050717100556ユラ　　　　　　　　　　　　　　　　166.8 30.5-11.4  6.3 -1.1 -1  0.0                           
051938050817104634ラヴアンドゲーム　　　　　　　　　　 22.4  4.8 -1.8  0.9 -0.2  0  0.0                           
051938050917104735ニシノカリウド　　　　　　　　　　　  3.1  1.4 15.9 20.0 12.1 12 10.6  4                        
051938051017105874ヒナノコバン　　　　　　　　　　　　 24.4  5.1 -9.3 -5.7 -4.9 -5  0.0                           
051938051117103823ベストユエンモン　　　　　　　　　　 19.1  4.2 -1.4-12.6 -5.0 -5  0.0                           
051938051217105561クローストゥミー　　　　　　　　　　  4.7  1.6 11.8 11.8  7.9  8  9.6                           
051938051317101525ネオストーリー　　　　　　　　　　　 26.4  5.5  6.0 -3.3  0.6  1  0.0                           
051938051417100817デルマプラチナ　　　　　　　　　　　179.0 32.6-11.4 -9.1 -6.8 -7  0.0                           
051938051517101423ウイングレイテスト　　　　　　　　　  4.0  1.5 15.1 16.7 10.7 11 19.8                           
051938051617110074オーロラテソーロ　　　　　　　　　　 15.8  3.6  4.8  7.5  4.2  4  0.0                           
051938060116102311ワンダーコノシュア　　　　　　　　　  3.5  1.5 17.8 17.2 11.6 17 18.1  1  149   53              
051938060216102135サバイバルルージュ　　　　　　　　　 30.2  6.6-11.4 -4.9 -5.2  0  0.0                           
051938060316105723ボヘミアラプソディ　　　　　　　　　  7.3  2.3 20.7  9.4  9.7 15  7.7  5                        
051938060416104188バンプファイア　　　　　　　　　　　  6.6  2.1  3.6  5.2  3.0  8 10.3                           
051938060516100365ドラード　　　　　　　　　　　　　　 51.9 10.9-11.4-12.2 -7.9 -3  0.0                           
051938060616102898ハーモニーロータス　　　　　　　　　 37.5  8.0-10.0-11.7 -7.3 -2  0.0                           
051938060716105028レッドグラティアス　　　　　　　　　  5.1  1.8 17.8 22.5 13.6 19 13.5                           
051938060816106211アケル　　　　　　　　　　　　　　　 16.6  4.0  6.0 12.0  6.2 11  0.0                           
051938060916100195ポインデクスター　　　　　　　　　　 40.5  8.6-12.5 -7.9 -6.6 -2  0.0                           
051938061016106358リンガスビャクヤ　　　　　　　　　　  4.5  1.7 12.6  7.3  6.5 11 15.1                           
051938061116103524トランスポーター　　　　　　　　　　  4.4  1.7  1.6 21.3  8.3 13  0.0                           
051938070114105787ムーンザムーン　　　　　　　　　　　 23.6  5.4 -2.1 -0.1 -0.7 19  0.0                           
051938070216104596フォークテイル　　　　　　　　　　　  4.3  1.7 16.4  6.6  7.3 27  0.0                           
051938070316106031ミリオンドリームズ　　　　　　　　　  6.2  2.1 15.0 19.1 11.5 32  6.7A                          
051938070415100061シルヴェーヌ　　　　　　　　　　　　 24.5  5.6-11.4 -2.4 -4.3 16  0.0                           
051938070516104676レーヴドカナロア　　　　　　　　　　 25.5  5.8  3.6 -5.0 -0.8 19 24.5                           
051938070616104262アップライトスピン　　　　　　　　　  3.8  1.6 16.7 15.5 10.7 31 18.1  4                        
051938070716101607リゼブルー　　　　　　　　　　　　　 28.7  6.4-10.0 -8.7 -6.2 14  0.0                           
051938070816104641シーオブザムーン　　　　　　　　　　 24.0  5.5  0.1 -6.8 -2.5 18  0.0  5                        
051938070915104890ジーナスイート　　　　　　　　　　　  6.1  2.1  1.5 12.7  5.1 25  0.0                           
051938071016100695ミチビキ　　　　　　　　　　　　　　 17.3  4.2 20.7-11.3  2.1 22  0.0                           
051938071113101630クィーンビー　　　　　　　　　　　　 94.4 19.1-13.4-12.4 -8.6 11  0.0                           
051938071216104929エンドーツダ　　　　　　　　　　　　 24.1  5.5 -1.7 -2.2 -1.3 19  0.0                           
051938071314104653サツキユニヴァース　　　　　　　　　 32.2  7.1 -3.1-11.3 -5.1 15  0.0                           
051938071415101702ウィナーポイント　　　　　　　　　　 56.2 11.6 -8.7 -4.7 -4.3 16  0.0                           
051938071516104977エレベル　　　　　　　　　　　　　　  6.5  2.1 10.4  7.3  5.8 26 24.7                           
051938071615105140サンマルミヤビ　　　　　　　　　　　 46.1  9.9-11.4-10.6 -7.3 13  0.0                           
051938080114105709インペリアルフィズ　　　　　　　　　 22.1  4.1-10.0  2.0 -2.3 18  0.0                           
051938080215100929マクルーバ　　　　　　　　　　　　　 37.3  6.4-13.4 13.6  1.0 21  0.0                           
051938080316104149ツクバソヴァール　　　　　　　　　　 11.9  2.5 -0.4  5.5  1.9 22  7.2                           
051938080415102629ビレッジキング　　　　　　　　　　　 20.3  3.9-10.4 -2.3 -4.0 16  0.0                           
051938080516104868ライル　　　　　　　　　　　　　　　  2.7  1.3 17.8 18.6 12.2 32 18.1                           
051938080615103024イイコトズクシ　　　　　　　　　　　 27.1  4.8-10.0  3.4 -1.8 18  0.0                           
051938080716103346サマーセント　　　　　　　　　　　　  7.0  1.9 10.1  4.7  4.8 25  9.6                           
051938080816104387グルファクシー　　　　　　　　　　　  3.1  1.3 20.2 26.4 15.7 36 19.8  3                        
051938080916102362エターナルヴィテス　　　　　　　　　 15.9  3.2  8.6  8.7  5.8 26  0.0                           
051938081014102254スプリングボックス　　　　　　　　　 40.5  6.9-12.5-10.1 -7.5 13  0.0                           
051938081115104293カーロバンビーナ　　　　　　　　　　  5.3  1.6 20.0 10.7  9.9 30  6.2                           
051938090115104554トークフレンドリー　　　　　　　　　 38.0  7.7-10.0  5.7 -0.9 29  0.0                           
051938090215103802コスモビスティー　　　　　　　　　　 26.8  5.7-13.4 -8.7 -7.2 23  0.0                           
051938090314102262ミスパイロ　　　　　　　　　　　　　 15.0  3.5  5.4 15.0  7.1 37  7.7  3                        
051938090413103590ヒルノサルバドール　　　　　　　　　  5.8  1.9 18.8 13.5 10.6 41  0.0                           
051938090516110045デンバーテソーロ　　　　　　　　　　 15.9  3.7 -6.0 -3.1 -2.9 27  0.0                           
051938090616103768ケイアイビリジアン　　　　　　　　　 18.3  4.1 20.0 -8.1  3.0 33  0.0                           
051938090712104814ブリクスト　　　　　　　　　　　　　111.6 20.9-10.0 -6.1 -5.2 25  0.0                           
051938090815100918トラストロン　　　　　　　　　　　　 28.0  5.9-10.0  5.3 -1.1 29  0.0                           
051938090915102491エングローサー　　　　　　　　　　　  4.1  1.6 12.5 13.4  8.7 39 14.0  4                        
051938091015101034ミフトゥーロ　　　　　　　　　　　　111.6 20.9-11.4-13.4 -8.3 22  0.0                           
051938091115101402サンライズフルメン　　　　　　　　　 45.2  9.1-12.5 -7.0 -6.3 24 11.0                           
051938091216103448ニシノコトダマ　　　　　　　　　　　 49.2  9.8 -6.3  3.6 -0.6 29  0.0                           
051938091315101257エピックアン　　　　　　　　　　　　 11.9  2.9 10.0  8.2  6.0 36  7.2                           
051938091413105961アルーアキャロル　　　　　　　　　　  7.3  2.2  6.0 -3.6  0.5 30  9.6                           
051938091513105547アオイサンシャイン　　　　　　　　　 19.4  4.3-11.4-10.6 -7.3 23  0.0                           
051938091616103065サトノギャロス　　　　　　　　　　　  3.2  1.5 25.1 21.6 15.4 45 18.1  1  165   62              
051938100114105090ベルエスメラルダ　　　　　　　　　　 59.5 11.2-12.5 -8.1 -6.7 28  0.0                           
051938100212105988クラウンシャイン　　　　　　　　　　 48.8  9.6-10.0-11.3 -7.1 28  0.0                           
051938100314100959メイショウラケーテ　　　　　　　　　  5.9  1.9 11.1 11.9  7.7 43  6.3                           
051938100414105416マルカソレイユ　　　　　　　　　　　  6.8  2.1 11.4  2.5  4.3 39  9.6                           
051938100515103124テイエムディラン　　　　　　　　　　 32.7  6.6-12.5-10.1 -7.5 28  0.0                           
051938100615110035スウィングビート　　　　　　　　　　  2.5  1.3 17.0 25.2 14.3 49 18.1                           
051938100714105506バレッティ　　　　　　　　　　　　　  9.5  2.6  1.8  1.7  1.2 36  0.0                           
051938100814102153ブライトンロック　　　　　　　　　　 26.2  5.4 -6.2  3.9 -0.4 35  8.7A                          
051938100915100355ネコワシ　　　　　　　　　　　　　　 70.9 13.3-11.4  5.4 -1.4 34  0.0                           
051938101014100285アポロユッキー　　　　　　　　　　　 37.2  7.5-13.4-12.0 -8.4 27  0.0                           
051938101114105342ラレータ　　　　　　　　　　　　　　  5.7  1.9 20.0 19.9 13.3 48  5.8                           
051938101215105502グローリーグローリ　　　　　　　　　 11.9  2.9  7.5 10.4  6.1 41  8.2                           
051938101314106529ビックリシタナモー　　　　　　　　　 29.2  6.0 -2.1 -7.9 -3.5 31  0.0                           
051938101415101191サザンヴィグラス　　　　　　　　　　  9.3  2.6 14.0 40.0 18.9 54 10.3                           
051938110115105073テトラドラクマ　　　　　　　　　　　  4.3  1.6 15.0 25.9 14.0 59 11.6  1  200   33              
051938110213104550トウショウドラフタ　　　　　　　　　 30.4  6.6 -8.7 -3.9 -4.0 41  0.0                           
051938110313103817ストーミーシー　　　　　　　　　　　  7.1  2.3  5.4 10.4  5.4 50  0.0  5                        
051938110412105538ツーエムマイスター　　　　　　　　　 53.3 11.2-12.5 -4.4 -5.4 40  0.0                           
051938110515110091リョーノテソーロ　　　　　　　　　　 10.6  2.8 11.5  7.5  6.2 51 10.3                           
051938110613100332ショウナンライズ　　　　　　　　　　 12.9  3.2  5.4  6.8  4.1 49  0.0                           
051938110715104438リバティハイツ　　　　　　　　　　　  3.6  1.5 18.8 21.6 13.6 59 18.1                           
051938110811101542コウエイタケル　　　　　　　　　　　 51.0 10.7-12.5-10.1 -7.5 38  0.0                           
051938110912102179トミケンキルカス　　　　　　　　　　 16.3  3.9  3.2  4.1  2.5 47  0.0                           
051938111013101392キョウワゼノビア　　　　　　　　　　 11.4  3.0  7.5  5.0  4.1 49 15.4                           
051938111109105407シベリアンスパーブ　　　　　　　　　 70.5 14.2-11.4-13.4 -8.3 37  0.0                           
051938111213105948ロワアブソリュー　　　　　　　　　　  4.7  1.7 20.2 13.4 11.0 56  0.0                           
051938111313109027キャプテンペリー　　　　　　　　　　 12.8  3.2 -4.3 20.4  6.2 51 11.6                           
051938120116101377アテンフェアリー　　　　　　　　　　 36.7  7.1  0.4 -3.9 -1.3 19  0.0                           
051938120216110088リトルモンスター　　　　　　　　　　  7.9  2.2 20.0-12.6  1.4 21 16.3                           
051938120315105191クワトロダッシュ　　　　　　　　　　 20.4  4.3-10.0  2.4 -2.1 18  0.0                           
051938120416103341パイロジェン　　　　　　　　　　　　  2.8  1.4 12.0 20.1 11.0 31 18.1  2                        
051938120515101667ウィンターパレス　　　　　　　　　　 60.1 10.9-10.0-13.7 -8.0 12  0.0  0                        
051938120614103444ガチコ　　　　　　　　　　　　　　　 18.7  4.0 15.6 17.8 11.2 31  0.0                           
051938120716106288アポロチーター　　　　　　　　　　　 20.1  4.3  6.0  6.1  4.0 24  0.0                           
051938120816103518アポロビビ　　　　　　　　　　　　　 11.3  2.7  6.0 18.2  8.5 28  0.0                           
051938120916100885フローラルパーク　　　　　　　　　　  4.0  1.6 15.0 28.6 15.0 35 11.6                           
051938121014100050スズノフブキ　　　　　　　　　　　　 36.0  7.0 -5.6 -0.1 -1.7 18  0.0                           
051938121116102081オルクリスト　　　　　　　　　　　　  7.6  2.2 12.7 -9.2  0.4 20 15.2                           
051938121216105590ラディアント　　　　　　　　　　　　 24.2  4.9-10.0-13.7 -8.0 12  0.0  0                        
051938121316110084グーガルラヴィ　　　　　　　　　　　110.7 19.6-11.4 -6.5 -5.8 14  0.0                           
051938121416103493マサノビジョン　　　　　　　　　　　 61.9 11.2-13.4-11.3 -8.2 12  0.0                           
051938121515102956ホーカスポーカス　　　　　　　　　　 23.6  4.8-13.4 12.0  0.4 20  0.0                           
051938121616103657セイヴァリアント　　　　　　　　　　 16.5  3.6  4.2-11.0 -2.8 17  0.0                           
091938010116103897イチザベガ　　　　　　　　　　　　　 91.3 17.4-10.7 -3.1 -4.9  0  0.0                           
091938010216102039メイショウセンテ　　　　　　　　　　 44.7  9.1-11.0-11.1 -7.4 -2  0.0                           
091938010316102525リンクスリン　　　　　　　　　　　　 17.6  4.0  0.3 -5.8 -1.6  3 16.2                           
091938010416109066クリノビッグサージ　　　　　　　　　  4.2  1.6 10.3 20.0  9.8 15 16.4                           
091938010516104742アルポルト　　　　　　　　　　　　　 15.7  3.7  6.5  7.0  4.5  9  0.0                           
091938010616105586ケイティマドンナ　　　　　　　　　　 26.6  5.7 -5.2-10.3 -5.0  0  0.0                           
091938010716105479ルミエールソレイユ　　　　　　　　　  3.2  1.5 17.6 18.7 12.1 17 18.0                           
091938010816100612カリッサ　　　　　　　　　　　　　　  6.8  2.1  7.3 10.4  5.8 11 22.9                           
091938010916102305メイショウミチノク　　　　　　　　　 11.8  2.9  2.4 15.2  5.4 10  0.0  5                        
091938011016102331マティス　　　　　　　　　　　　　　 21.7  4.7 -6.7  6.3 -0.6  4  0.0                           
091938011116102071スノーベリー　　　　　　　　　　　　 77.1 14.8-10.8-16.0 -8.8 -4  0.0                           
091938011216101236ゴールデンラン　　　　　　　　　　　 44.7  9.1-10.7-10.5 -7.1 -2  0.0                           
091938011316102236ププッピドゥ　　　　　　　　　　　　 42.9  8.8 -6.7 -4.5 -3.8  1  0.0                           
091938011416103710レイトブルーミング　　　　　　　　　 13.8  3.3  3.7 -1.6  0.9  6  0.0                           
091938011516102024クインズジャスミン　　　　　　　　　  6.0  2.0  5.8 16.6  7.1 12  6.7                           
091938011616103785クリノオンリーワン　　　　　　　　　 32.2  6.7-10.7-11.2 -7.3 -2  0.0                           
091938020116104849ルバクオーリ　　　　　　　　　　　　 12.5  3.1 -6.7  7.6 -0.2  5 15.3                           
091938020216102499クリノソルアステカ　　　　　　　　　 45.3  9.2-10.7-13.9 -8.1 -3  0.0                           
091938020316105006スワンレーク　　　　　　　　　　　　 49.5 10.0-10.7 -8.6 -6.5 -2  0.0                           
091938020416100875シゲルアマゾナイト　　　　　　　　　 33.9  7.1-10.7-14.3 -8.2 -3  0.0                           
091938020516103535クリノクルミチャン　　　　　　　　　 70.0 13.6-10.7 -3.4 -4.9  0  0.0                           
091938020616102048アイファーメンバー　　　　　　　　　  6.5  2.1 10.6  1.9  4.5  9 21.3                           
091938020716105886ヒロシゲウェーブ　　　　　　　　　　  4.0  1.6 17.6  1.4  6.9 12 16.4                           
091938020816106580テーオーパラダイス　　　　　　　　　 38.1  7.9-10.7 -9.0 -6.6 -2  0.0                           
091938020916101630ミキノモンテカルロ　　　　　　　　　  8.1  2.4  7.4 12.0  6.3 11 12.6                           
091938021016102152メイショウヤワラギ　　　　　　　　　  3.4  1.5  8.2 19.0  8.7 14  5.7                           
091938021116103258クリー　　　　　　　　　　　　　　　 17.8  4.1  5.2  6.3  3.8  9  0.0                           
091938021216101628パワープラント　　　　　　　　　　　  9.5  2.7  6.8  8.9  5.2 10  0.0                           
091938021316103715モズファヴォリート　　　　　　　　　 24.0  5.2 -6.7 -1.8 -3.0  2  0.0                           
091938021416101413ウインガナッシュ　　　　　　　　　　 69.6 13.5-10.7 -6.2 -5.8 -1  0.0                           
091938021516106063ノーブルクロノス　　　　　　　　　　 30.2  6.4 -6.7 -6.8 -4.5  1  0.0                           
091938021616100780ヘニーオーザ　　　　　　　　　　　　 11.4  2.8 -1.7  8.4  1.9  7 11.8                           
091938030116100817オーミサルーテ　　　　　　　　　　　111.5 18.6-10.7-10.3 -7.0 -2  0.0                           
091938030216101938テイエムクロムシャ　　　　　　　　　  4.0  1.4 20.0 22.9 14.2 19 21.3                           
091938030316105782ニホンピロハビアー　　　　　　　　　  3.4  1.3 13.1 40.0 16.8 22 17.0  1  182   54              
091938030416102490モンタナドライブ　　　　　　　　　　 81.4 13.7-10.7-11.7 -7.4 -2  0.0                           
091938030516100538タガノファジョーロ　　　　　　　　　 83.0 14.0-10.7-10.5 -7.1 -2  0.0                           
091938030616103291レシプロケイト　　　　　　　　　　　  2.8  1.3 21.0 17.1 12.8 18 18.0                           
091938030716103411スズノチェルシー　　　　　　　　　　  9.0  2.3  2.4 30.1  9.9 15  0.0                           
091938030816102523ルモーン　　　　　　　　　　　　　　111.5 18.6-11.4-16.0 -9.0 -4  0.0                           
091938030916104848ツールドフォース　　　　　　　　　　 36.8  6.7-10.7 -6.2 -5.8 -1  0.0                           
091938031016104153トーアコルレオーネ　　　　　　　　　 74.2 12.6-11.7-15.6 -9.0 -4  0.0  0                        
091938031116102474ナリタムソウ　　　　　　　　　　　　 10.8  2.5  4.2 -0.2  1.5  6 11.0                           
091938031216104909デルマシャンティ　　　　　　　　　　 18.3  3.7  7.4  9.4  5.5 11  0.0  5                        
091938031316105359バロー　　　　　　　　　　　　　　　 55.7  9.6-10.7-13.4 -7.9 -3  0.0                           
091938031416106489エイシンヨッシー　　　　　　　　　　 23.0  4.5 -6.7 -0.5 -2.6  2  0.0                           
091938031516103054ソルジャーバローズ　　　　　　　　　 44.7  8.0-11.4-10.6 -7.4 -2  0.0                           
091938031616105563ルノワール　　　　　　　　　　　　　 34.3  6.3 -7.7  6.2 -1.0  4 11.3                           
091938040116101717ノーリミッツ　　　　　　　　　　　　 28.3  5.5 -8.7-20.0 -9.2 -4  0.0                           
091938040216104707アメリカンウェイク　　　　　　　　　  4.3  1.5 12.9 10.7  7.9 13  9.6                           
091938040316105534オメガダヴィンチ　　　　　　　　　　 11.1  2.6 -2.5 -2.3 -1.6  3  0.0                           
091938040416103322ジュディシャス　　　　　　　　　　　 38.4  7.3 -1.2  3.7  0.7  6  0.0                           
091938040516101951ミラーグロ　　　　　　　　　　　　　 36.2  6.9-11.4-14.3 -8.5 -3  0.0                           
091938040616102348クロノスコープ　　　　　　　　　　　 62.2 11.1-10.7 -9.9 -6.9 -2  0.0                           
091938040716102017メイショウビジュー　　　　　　　　　 18.0  3.8 12.0-11.6  0.9  6 22.6                           
091938040816100107ミヤビパーフェクト　　　　　　　　　  3.8  1.4 15.3  6.7  7.6 13 16.4                           
091938040916100686ヘヴンリーウインド　　　　　　　　　 28.3  5.5-10.7  3.7 -2.8  2  0.0                           
091938041016103752アドアパルス　　　　　　　　　　　　111.8 19.4-10.7 -9.9 -6.9 -2  0.0                           
091938041116104274トラピッチェ　　　　　　　　　　　　  2.8  1.3 17.1 16.3 11.2 16 18.0                           
091938041216104361トレミエール　　　　　　　　　　　　 41.3  7.8-10.7  3.7 -2.8  2  0.0                           
091938041316110124ラコンコルド　　　　　　　　　　　　 34.8  6.6-11.4 -8.6 -6.8 -2  0.0                           
091938041416101728バトルアグレッシブ　　　　　　　　　 30.9  6.0-11.4-11.7 -7.7 -3  0.0                           
091938041516106114リッカローズ　　　　　　　　　　　　 79.2 13.9 -6.7 -8.6 -5.0  0  0.0                           
091938041616110122サトノソレイユ　　　　　　　　　　　 16.5  3.6  7.5 10.0  5.8 11  0.0  5                        
091938041716101275ニシノコントラバス　　　　　　　　　 49.0  9.1-11.4-16.4 -9.1 -4  0.0  0                        
091938041816100818オーミハルカゼ　　　　　　　　　　　 84.6 14.8 -5.9-20.0 -8.2 -3 24.3  0                        
091938050117101866レッドシャドー　　　　　　　　　　　 12.7  2.6  1.6 11.4  4.0  4 13.5  5                        
091938050217106125メイショウボサツ　　　　　　　　　　 16.2  3.1  4.9  5.7  3.5  4  0.0                           
091938050317103669ブレイヴサウンド　　　　　　　　　　 13.9  2.7 -8.5  8.6 -0.5 -1  0.0                           
091938050417105350シルヴェリオ　　　　　　　　　　　　  2.6  1.2 18.5 18.8 12.4 12 18.0                           
091938050517104888リメンバーメモリー　　　　　　　　　  4.8  1.5 13.4 10.4  8.0  8 14.9                           
091938050617101430ウインオリヴィア　　　　　　　　　　 23.1  4.1  1.3 -3.1 -0.5  0  0.0                           
091938050717110004トロイカ　　　　　　　　　　　　　　  8.9  2.1  7.9 10.8  6.1  6 10.3                           
091938050817102880ハギノエスペラント　　　　　　　　　 18.8  3.5 -5.8  6.2 -0.3  0  0.0                           
091938050917105638レッドベルジュール　　　　　　　　　  2.9  1.3 17.8 18.7 12.1 12 19.6                           
091938060115103558エルティグレ　　　　　　　　　　　　  5.7  2.1  6.3 12.9  6.2 26  8.8                           
091938060215100597センスオブワンダー　　　　　　　　　101.2 22.0-10.7-12.6 -7.7 12  0.0                           
091938060316105096ショウナンパンサー　　　　　　　　　  7.6  2.5 -0.4 10.9  3.1 23 13.5                           
091938060416103884シャイニーロック　　　　　　　　　　  7.0  2.4 13.4 17.3 10.1 30 12.6                           
091938060515106325ブルベアジネンジョ　　　　　　　　　 79.9 17.5-10.7-15.0 -8.4 12  0.0                           
091938060615104681ゴールドパッキャオ　　　　　　　　　  8.9  2.8  9.4 11.9  7.0 27  8.2                           
091938060715106162サトノプライド　　　　　　　　　　　  5.9  2.1 -1.2 20.0  5.6 26  8.2                           
091938060816106203アルームスクレト　　　　　　　　　　 97.7 21.3-10.7-15.2 -8.5 12  0.0                           
091938060916105095ベストタッチダウン　　　　　　　　　  4.0  1.7 20.1 11.3 10.8 31  8.1  4                        
091938061015100833ランドヘルメース　　　　　　　　　　 41.3  9.6-11.0-10.5 -7.2 13  0.0                           
091938061116100897ロフティネス　　　　　　　　　　　　 11.6  3.2  4.3 -3.9  0.4 20 13.2                           
091938061214105933シェアザモーメント　　　　　　　　　 15.6  4.1-11.4-10.3 -7.3 13  0.0                           
091938061313105693トウシンタイガー　　　　　　　　　　 67.2 14.8-11.4-15.8 -8.9 11  0.0                           
091938061415104901モートゥス　　　　　　　　　　　　　 30.9  7.4-11.4-16.6 -9.2 11  0.0  0                        
091938061514102694ダノンケンリュウ　　　　　　　　　　 27.6  6.6 -6.7-10.3 -5.5 14 18.0                           
091938061615106170シンアンドケン　　　　　　　　　　　 11.1  3.1 -4.9  7.0  0.3 20  0.0                           
091938070114100169キョウワベルナルド　　　　　　　　　 28.4  5.1-10.7 -8.6 -6.5 13  0.0                           
091938070215100969アールスター　　　　　　　　　　　　  2.2  1.2 17.6 18.5 12.0 32 15.0                           
091938070314106079クリデュクール　　　　　　　　　　　  4.7  1.5 14.5 17.3 10.5 31 11.7                           
091938070416101699サンライズヴュー　　　　　　　　　　 27.2  4.9 -6.7 -3.1 -3.4 17  0.0                           
091938070515103175レッドアルジーヌ　　　　　　　　　　 33.0  5.9-10.7  6.7 -1.9 18  0.0                           
091938070615103079ウォーターパルフェ　　　　　　　　　  8.5  2.2  3.5 11.0  4.6 25 10.3                           
091938070715104209デクレアラー　　　　　　　　　　　　  9.2  2.3  7.4  9.4  5.5 26  0.0                           
091938070816106054ローゼンリッター　　　　　　　　　　 15.4  3.1  0.8 -1.6 -0.2 20  0.0                           
091938070915100230ウインラナキラ　　　　　　　　　　　 13.1  2.8  3.4  8.1  3.7 24 22.6                           
091938071015104960アドマイヤデジタル　　　　　　　　　  4.3  1.5 17.6 18.7 12.1 32 19.6                           
091938080116101679イルヴェントドーロ　　　　　　　　　 10.7  2.3 -1.6  7.1  1.5 22  8.2                           
091938080215106174シャフトオブライト　　　　　　　　　 65.6 10.5-10.7 -4.5 -5.3 15  0.0                           
091938080316104691セグレドスペリオル　　　　　　　　　 15.9  3.2 11.3 13.3  8.1 28  0.0                           
091938080415103654ハクサンフエロ　　　　　　　　　　　 17.2  3.4 -1.7  3.7  0.5 20  0.0                           
091938080515104257エリンズロマーネ　　　　　　　　　　 16.3  3.2 -2.7-11.2 -4.3 16  0.0                           
091938080616101927クードメイトル　　　　　　　　　　　  2.4  1.3 18.9 15.6 11.6 32  8.1                           
091938080716100915モズベッロ　　　　　　　　　　　　　  3.5  1.4 10.9 25.2 11.6 32 19.6  1  134   61              
091938080815102743クリノクーニング　　　　　　　　　　 22.4  4.1 -1.7-11.6 -4.1 16 31.1                           
091938080915104651アリストライン　　　　　　　　　　　 39.7  6.8-10.7-10.5 -7.1 13  0.0                           
091938081015104983イルーシヴゴールド　　　　　　　　　 11.1  2.4  4.8 -8.1 -0.7 19  0.0  0                        
091938081113105109トーアライジン　　　　　　　　　　　 28.0  5.0-10.7-12.2 -7.6 12  0.0  0                        
091938081216102863エイシンロード　　　　　　　　　　　 23.3  4.3  3.6-19.1 -4.4 16 18.0  0                        
091938081315100164アルゴセイコウ　　　　　　　　　　　 34.5  6.0-11.4  6.3 -2.3 18  0.0                           
091938081416103757コパノケネディー　　　　　　　　　　 14.8  3.0  9.9 16.9  8.7 29  7.7                           
091938090112105305ミカエルシチー　　　　　　　　　　　 11.2  2.9 -1.1-16.4 -5.3 25  0.0  0                        
091938090213103801ニシノラディアント　　　　　　　　　 20.4  4.8  6.4 -1.1  2.0 32  0.0                           
091938090315102810メイショウバイタル　　　　　　　　　 32.8  7.3 -2.6  6.1  0.9 31 12.6                           
091938090416104662セプタリアン　　　　　　　　　　　　  4.1  1.6 15.7 15.0 10.3 40  8.8                           
091938090515105843サヤカチャン　　　　　　　　　　　　 18.9  4.5-10.7 -3.3 -4.9 25  0.0                           
091938090615102657リュニヴェール　　　　　　　　　　　 34.0  7.5-10.7-10.6 -7.1 23  0.0                           
091938090715100964ウィズ　　　　　　　　　　　　　　　  8.4  2.6 -2.7  6.4  0.9 31  0.0                           
091938090815102479レジーナファースト　　　　　　　　　  4.3  1.6 11.8 29.9 13.3 43 21.3  1  134   61              
091938090915101549ディアボレット　　　　　　　　　　　 21.1  5.0 -6.7-10.3 -5.5 24 26.9                           
091938091015104749ブルヴェルソン　　　　　　　　　　　 46.8 10.1-10.7-10.5 -7.1 23  0.0                           
091938091115101571コンパウンダー　　　　　　　　　　　  5.0  1.8 14.4 17.9 10.6 41 22.9                           
091938091216106339シャンデリアムーン　　　　　　　　　  4.0  1.6 19.3 13.7 11.2 41  0.0                           
091938100115100589ヤマニンレジスタ　　　　　　　　　　 20.3  4.5 -1.7-19.1 -6.4 29  0.0  0                        
091938100213102849ベルクリア　　　　　　　　　　　　　  5.3  1.8 15.1 16.2 10.4 45  9.6                           
091938100315102824メイショウコゴミ　　　　　　　　　　  4.8  1.7 -1.2  8.1  2.0 37 19.6  5                        
091938100411102525ディープミタカ　　　　　　　　　　　 25.5  5.4 -8.0 -8.1 -5.4 30  0.0                           
091938100515110069ペルペトゥオ　　　　　　　　　　　　 19.3  4.3 11.8  5.7  6.0 41  0.0  3                        
091938100614101903ライジングリーズン　　　　　　　　　104.7 19.5 -9.7-10.4 -6.7 28  0.0                           
091938100714104731ブラックランナー　　　　　　　　　　 39.4  7.9-10.7 -3.7 -5.0 30  0.0                           
091938100815105225ロードエース　　　　　　　　　　　　 17.6  4.0  4.7 10.1  4.8 40  0.0                           
091938100914103971クリノケンリュウ　　　　　　　　　　 14.7  3.4  5.9  0.9  2.4 37  0.0                           
091938101014104427ヴォーガ　　　　　　　　　　　　　　 36.5  7.4-10.7-11.4 -7.3 28  0.0                           
091938101114105431ストロベリームーン　　　　　　　　　  2.8  1.4 17.4  8.4  8.9 44 15.0                           
091938101212104783プレシャスルージュ　　　　　　　　　 32.1  6.6 -2.7-10.3 -4.1 31  0.0                           
091938101313101737タガノヴィッター　　　　　　　　　　 30.5  6.3 -1.6 -6.8 -2.6 32  0.0                           
091938101415100512タガノアム　　　　　　　　　　　　　 36.5  7.4-10.7-10.6 -7.1 28  0.0                           
091938101514100668ハングリーベン　　　　　　　　　　　 83.3 15.6 -9.7 -8.1 -6.0 29 22.5                           
091938101614102562アーバンイェーガー　　　　　　　　　  6.1  1.9  9.7  4.6  4.9 40 19.8                           
091938110114101976キセキ　　　　　　　　　　　　　　　  3.2  1.4 19.2 24.3 14.3 74  8.1                           
091938110214106201レイデオロ　　　　　　　　　　　　　  3.5  1.5 12.5 17.9 10.0 70  0.0                           
091938110315104995エタリオウ　　　　　　　　　　　　　  8.5  2.4  8.9 10.2  6.3 66 24.5                           
091938110414106046アルアイン　　　　　　　　　　　　　 12.4  2.9  5.2 10.7  5.1 65 15.3  4                        
091938110512106426タツゴウゲキ　　　　　　　　　　　　 33.0  6.5-10.7 -8.6 -6.5 53  0.0                           
091938110614105517スティッフェリオ　　　　　　　　　　 26.5  5.3-10.7 -7.6 -6.2 54  0.0                           
091938110713105788マカヒキ　　　　　　　　　　　　　　 11.3  2.7 -6.7 14.9  2.0 62 10.1                           
091938110811106394ショウナンバッハ　　　　　　　　　　 38.6  7.5 -6.2 -8.4 -4.8 55  0.0                           
091938110914100656クリンチャー　　　　　　　　　　　　 24.7  5.0 -2.7 -3.1 -1.9 58  0.0                           
091938111013102360ノーブルマーズ　　　　　　　　　　　 43.7  8.4-10.7-10.9 -7.2 53 19.8                           
091938111114106083スワーヴリチャード　　　　　　　　　  7.5  2.2 11.4  8.4  6.7 67  0.0                           
091938111214106220リスグラシュー　　　　　　　　　　　  5.5  1.8 13.3 14.4  9.2 69  6.7                           
091938120116101707メスキータ　　　　　　　　　　　　　 21.9  4.5  3.5-15.8 -3.5 27  0.0                           
091938120215105050リシュブール　　　　　　　　　　　　 26.3  5.3 -3.0 -6.0 -2.9 27  0.0                           
091938120315101512キャベンディッシュ　　　　　　　　　 39.5  7.6 -9.7 -7.9 -5.9 24  0.0                           
091938120415104047ドゥリトル　　　　　　　　　　　　　 51.4  9.7 -2.6 -0.4 -1.1 29 31.1  5                        
091938120515104819シンハラージャ　　　　　　　　　　　  6.1  1.9 12.9 13.6  8.8 39 10.8                           
091938120612106039テイエムテツジン　　　　　　　　　　 60.6 11.0-11.0-15.3 -8.6 21  0.0                           
091938120714105044カリーニョミノル　　　　　　　　　　 46.3  8.8-11.4-13.8 -8.3 22  0.0                           
091938120815101377サンライズセナ　　　　　　　　　　　 12.3  2.9  2.3 12.9  4.7 35 11.8                           
091938120914103170レッドゼノン　　　　　　　　　　　　 11.7  2.8  2.9  8.6  3.6 34  0.0                           
091938121016101154ロードグラディオ　　　　　　　　　　  6.1  1.9 13.1 11.4  8.2 38  0.0                           
091938121114100090アロマティカス　　　　　　　　　　　 95.2 16.9-11.4-15.0 -8.7 21  0.0                           
091938121213101965オンザロックス　　　　　　　　　　　  2.3  1.3 18.5 20.1 12.8 43 15.0                           
091938121315100217ウインネプチューン　　　　　　　　　  7.3  2.1 15.1 30.7 14.7 45 22.9                           
091938121413105036インテグリティー　　　　　　　　　　 55.2 10.1-11.4-17.1 -9.3 21  0.0  0                        
091938121514102088ランドジュピター　　　　　　　　　　 12.8  2.9 -0.1  6.3  1.9 32  0.0                           
