011923010117103385ヤマカツマーメイド　　　　　　　　　  3.7  1.4 13.4 23.5 12.6 18 15.0                           
011923010217100680テーオークイーン　　　　　　　　　　 22.9  4.9-10.2-17.1 -9.3 -4  0.0                           
011923010317104260オニンギョウサン　　　　　　　　　　 14.2  3.3 10.5-13.9 -1.9  3  0.0                           
011923010417105289ロジアイリッシュ　　　　　　　　　　  3.4  1.4 11.1 14.2  8.5 14 13.8  5                        
011923010517101227シェクロエ　　　　　　　　　　　　　  3.7  1.4 16.4 17.1 11.2 16  0.0                           
011923010617102638ベッラヴォルタ　　　　　　　　　　　  4.3  1.6 12.8 13.8  8.9 14  0.0                           
011923010717102918サイモンベラーノ　　　　　　　　　　 11.5  2.8 -3.5  8.0  1.9  7 20.0                           
011923010817103833フェレッティ　　　　　　　　　　　　 10.8  2.7 -3.8 -8.8 -4.4  1  0.0                           
011923020117100525ハヤブサセクーシー　　　　　　　　　 25.5  4.9-10.0 -4.9 -4.8  0  0.0                           
011923020217103882ジェッティー　　　　　　　　　　　　 23.4  4.6-10.0 -9.0 -6.3 -1  0.0                           
011923020317104204スピーニディローザ　　　　　　　　　  3.9  1.4 14.7 22.2 12.6 18 16.3                           
011923020417102344ヨシノパナギア　　　　　　　　　　　  8.6  2.3 -0.3 -2.5 -1.0  4  0.0                           
011923020517102913パンザーアタック　　　　　　　　　　 11.2  2.6  4.5 -2.5  0.4  5  0.0                           
011923020617101475ストレガ　　　　　　　　　　　　　　  2.8  1.3 16.3  8.2  7.9 13 13.8                           
011923020717105441ダブルーン　　　　　　　　　　　　　  3.5  1.4 17.1 15.8 10.9 16 15.0                           
011923020817109078シンデレラサイズ　　　　　　　　　　 19.6  4.0-10.0 -4.8 -4.8  0  0.0                           
011923020917103987ハヤブサピアーノ　　　　　　　　　　  7.5  2.1  7.8 10.3  6.1 11  0.0                           
011923030116104832マイサンシャイン　　　　　　　　　　  4.6  1.8 14.1 16.6 10.3 15  0.0                           
011923030216105055ローゼンオルデン　　　　　　　　　　 18.6  4.5 -7.0 -5.3 -4.0  1  0.0                           
011923030316105866ミスジャスミン　　　　　　　　　　　 32.2  7.2-10.2 -8.9 -6.3 -1  0.0                           
011923030416102737チェンマイルージュ　　　　　　　　　 12.6  3.3 -0.6  5.3  1.8  7  0.0                           
011923030516104180スズカシニック　　　　　　　　　　　 29.4  6.7-10.2 12.3  1.5  6  0.0                           
011923030616103770サンライズギガ　　　　　　　　　　　  6.6  2.2  6.1 40.0 16.5 21  0.0                           
011923030716106110ファンシーラン　　　　　　　　　　　 30.2  6.8-10.2-10.6 -6.9 -2  0.0                           
011923030816105032メジャーセブンス　　　　　　　　　　 18.6  4.5-10.2-20.0-10.4 -5  0.0                           
011923030916101501アマゾニカ　　　　　　　　　　　　　 13.6  3.5  1.2  1.6  0.9  6  0.0                           
011923031016105205プランタンヴェール　　　　　　　　　 13.5  3.5  4.9  6.4  3.8  9 21.3                           
011923031116103487エストレラブランコ　　　　　　　　　 11.9  3.1  9.4  6.2  5.1 10  0.0                           
011923031216104388レイバーリフォーム　　　　　　　　　  3.8  1.7 15.0 13.3  9.4 14 13.8  4                        
011923031316105194ジェイコブ　　　　　　　　　　　　　 22.8  5.3  1.5-10.7 -3.5  2  0.0                           
011923031416104201カガストロング　　　　　　　　　　　  6.7  2.2 13.1 13.9  9.0 14 17.5                           
011923040116101161ロードアブソルート　　　　　　　　　  7.3  2.2  6.1  8.4  4.9 10 16.3                           
011923040216106426ボナセーラ　　　　　　　　　　　　　  7.5  2.3 10.3  3.2  4.3  9  0.0                           
011923040316104098ベストオンアース　　　　　　　　　　 35.5  7.3 -7.0 -5.9 -4.3  1  0.0                           
011923040416110031プリンシパル　　　　　　　　　　　　 38.8  8.0-10.2-14.4 -8.3 -3  0.0  0                        
011923040516104480レッドクレオス　　　　　　　　　　　  3.5  1.5 13.1 19.4 11.0 16 13.8                           
011923040616105580ティーフルムーン　　　　　　　　　　 13.7  3.3 13.3  8.3  7.0 12  0.0                           
011923040716100555レッドヴィータ　　　　　　　　　　　  3.7  1.6 14.3  5.4  6.3 11 15.0                           
011923040816100018フォーエロ　　　　　　　　　　　　　 34.2  7.1-10.2-10.7 -7.0 -2  0.0                           
011923040916102157ダンサリーノ　　　　　　　　　　　　  8.3  2.4 14.9 14.8  9.9 15  0.0  5                        
011923041016105872クリノイヴァンカ　　　　　　　　　　 28.7  6.0 -7.0  1.0 -1.7  3  0.0                           
011923041116102706マメシボリ　　　　　　　　　　　　　 28.2  6.0 -6.7-13.9 -7.1 -2  0.0                           
011923041216103438セイウンシェリー　　　　　　　　　　 27.0  5.7 -7.0-14.0 -7.2 -2  0.0  0                        
011923041316104837スマートユニバンス　　　　　　　　　 12.8  3.1-10.2-10.5 -6.9 -2  0.0                           
011923041416110120クロスオブヴァロー　　　　　　　　　 14.1  3.3  0.6  6.3  2.5  7  0.0                           
011923050117103357グラッツィエディオ　　　　　　　　　 11.4  2.7 -3.8  2.0 -0.4  0  0.0                           
011923050217103570ヴォルスト　　　　　　　　　　　　　  2.9  1.4 16.7  9.7  8.6  9 13.8                           
011923050317103663エコロファントム　　　　　　　　　　 22.9  4.7 -5.8-12.9 -6.5 -6  0.0                           
011923050417102528フィーバス　　　　　　　　　　　　　  7.1  2.1 14.1 16.7 10.4 10  0.0                           
011923050517101537デクスター　　　　　　　　　　　　　 19.2  4.1  2.9 -4.8 -0.9 -1  0.0                           
011923050617104139ゴリン　　　　　　　　　　　　　　　 13.5  3.1 -0.6 11.6  4.1  4  0.0                           
011923050717100605チャンス　　　　　　　　　　　　　　  7.5  2.2 12.5  4.2  5.3  5 17.5                           
011923050817105340ロンギングフレンド　　　　　　　　　 11.2  2.7  7.3 12.7  6.8  7 18.8  5                        
011923050917101403バカラ　　　　　　　　　　　　　　　  3.9  1.6 12.9 11.0  7.9  8  0.0                           
011923051017104400シュプレムラン　　　　　　　　　　　 26.0  5.2-10.2-10.7 -7.0 -7  0.0                           
011923051117106539ブロンテビーチ　　　　　　　　　　　 12.1  2.8 -3.8-14.4 -6.4 -6  0.0                           
011923060116101846ベレーザ　　　　　　　　　　　　　　 74.9 16.2-10.2-10.7 -7.0 -2  0.0                           
011923060216103134レンジャーガール　　　　　　　　　　 11.0  3.0 10.3 17.6  9.5 15  0.0                           
011923060316103815トーセングラン　　　　　　　　　　　  5.4  2.0 11.1 10.5  7.2 12  0.0                           
011923060416104625バイキングクラップ　　　　　　　　　  4.0  1.7  2.9 20.0  8.2 13 13.8  2                        
011923060516104969ミケランジェロ　　　　　　　　　　　  5.2  1.9  6.5 -5.2  0.0  5  0.0  0                        
011923060616104438カフジローズ　　　　　　　　　　　　 73.0 15.8-10.2-10.5 -6.9 -2  0.0                           
011923060716104377コウソクラッシュ　　　　　　　　　　 26.0  6.2-10.2-10.7 -7.0 -2  0.0                           
011923060816100545ケイアイネイビー　　　　　　　　　　 30.9  7.3 -3.8-20.0 -8.5 -3  0.0                           
011923060916100233ウインエルカミーノ　　　　　　　　　 39.0  9.0-10.2-10.7 -7.0 -2  0.0                           
011923061016104804レッドアクトレス　　　　　　　　　　 11.3  3.1  4.7  8.4  4.5  9 21.3                           
011923061116104524ストームリッパー　　　　　　　　　　 13.2  3.5  3.3  9.5  4.5  9  0.0  5                        
011923061216104968アークロイヤル　　　　　　　　　　　  9.0  2.8  0.7 -7.2 -2.4  3  0.0                           
011923061316105682アイアムレジェンド　　　　　　　　　 21.0  5.2 -2.6-20.0 -8.1 -3  0.0  0                        
011923061416106272ストレイトスタイル　　　　　　　　　 68.1 14.8-10.2-10.7 -7.0 -2 28.8                           
011923061516104511シークレットアイズ　　　　　　　　　  6.2  2.2 14.9  7.4  7.2 12  0.0                           
011923061616105166ヴィオラピューロ　　　　　　　　　　 76.8 16.6-10.2-10.5 -6.9 -2  0.0                           
011923070115104803アングレーム　　　　　　　　　　　　 12.3  2.9  2.9 -2.6 -0.1 20  0.0                           
011923070214105352ヴィーナスフローラ　　　　　　　　　  2.5  1.3 15.0 20.8 12.1 32 13.8                           
011923070316104865ブールバール　　　　　　　　　　　　 30.9  6.2  6.2-15.3 -3.8 16  0.0                           
011923070414105814グラドゥアーレ　　　　　　　　　　　 28.4  5.7 -4.2  6.8  1.2 21  0.0                           
011923070515105318ヒロノオウカン　　　　　　　　　　　 50.2  9.6-10.0-10.7 -6.9 13  0.0                           
011923070615103277トップギア　　　　　　　　　　　　　128.7 23.1-10.0 -4.9 -4.8 15  0.0                           
011923070714101284ブラウンローズ　　　　　　　　　　　 23.5  4.9-10.0 -4.7 -4.7 15  0.0                           
011923070816100452ロシアンブルー　　　　　　　　　　　 86.0 15.6-10.2-20.0-10.4 10  0.0                           
011923070916102670マイネルアルケミー　　　　　　　　　  5.3  1.8 12.5  9.6  7.3 27 15.0                           
011923071016102534イーサンパンサー　　　　　　　　　　  6.7  2.0 10.2 -8.9 -0.2 20  0.0                           
011923071112105510タイキラトナンジュ　　　　　　　　　 16.0  3.6 -0.3  5.6  2.0 22  0.0                           
011923071216101832メイショウワキザシ　　　　　　　　　122.0 21.9-10.2-11.8 -7.4 13  0.0                           
011923071315104753クルークヴァール　　　　　　　　　　 11.4  2.7  7.8  4.5  4.0 24  0.0                           
011923071414106492ペイシャゲラン　　　　　　　　　　　 36.8  7.2 -3.8-10.7 -5.1 15  0.0                           
011923071514110035マイネルアムニス　　　　　　　　　　 39.0  7.6-10.2-12.8 -7.8 12  0.0                           
011923071615103210スズカフェラリー　　　　　　　　　　  6.0  1.9  2.5 12.0  5.2 25 16.3  5                        
011923080116104167ティーブルーム　　　　　　　　　　　 27.2  5.6 -7.0-11.8 -6.4 14  0.0                           
011923080215103558エルティグレ　　　　　　　　　　　　  3.9  1.6 15.5 23.0 13.1 33 15.0                           
011923080316104538ルメッサージュ　　　　　　　　　　　 29.8  6.1-10.2-20.0-10.4 10  0.0                           
011923080415104547エトワールドパリ　　　　　　　　　　 28.4  5.8-10.2-10.7 -7.0 13  0.0                           
011923080516103983サンレイファイト　　　　　　　　　　  6.2  2.0  7.7  1.3  2.8 23  0.0                           
011923080615110014イグレット　　　　　　　　　　　　　  9.2  2.5 11.4  3.4  4.7 25  0.0                           
011923080716104697スタンサンセイ　　　　　　　　　　　 11.0  2.7 -2.1  6.4  1.7 22 20.0                           
011923080816103327エンダウメント　　　　　　　　　　　  3.1  1.4 15.9 39.4 19.2 39  0.0  1  132   78              
011923080916101339プレイングラン　　　　　　　　　　　 11.6  2.8  6.5  6.8  4.4 24  0.0                           
011923081016104797リヴィエラ　　　　　　　　　　　　　  6.8  2.1  8.9 11.6  6.9 27 17.5                           
011923081115104782ロイヤルアフェア　　　　　　　　　　 33.4  6.7-10.2-10.7 -7.0 13  0.0                           
011923081214105112トモジャプリマ　　　　　　　　　　　 19.1  4.2 -7.0-10.7 -6.0 14  0.0                           
011923090114106068アドマイヤアルパマ　　　　　　　　　  3.1  1.3 17.6 17.2 11.6 32  0.0                           
011923090216104533フィブロライト　　　　　　　　　　　 13.1  3.0  0.9  9.6  3.8 24  0.0                           
011923090314104310マイネルザウバア　　　　　　　　　　  7.5  2.1  8.5 24.0 11.4 31 17.5                           
011923090414103590シルヴァーメテオ　　　　　　　　　　 31.6  6.1-10.2-10.7 -7.0 13  0.0                           
011923090515106192アスカリアン　　　　　　　　　　　　 26.2  5.2-10.2-20.0-10.4 10  0.0                           
011923090616104894アイワナビリーヴ　　　　　　　　　　 10.9  2.6 -2.6  0.5 -0.6 19  0.0                           
011923090716100472ザプリオレス　　　　　　　　　　　　 19.5  4.1 -4.7-10.5 -5.3 15  0.0                           
011923090816100752マイネルウィルトス　　　　　　　　　  3.5  1.4 14.3 34.2 16.8 37 16.3                           
011923090913101028ウォーターミリオン　　　　　　　　　 30.0  5.8-10.2  4.5 -1.4 19  0.0                           
011923091016104670レッドアステル　　　　　　　　　　　  3.4  1.3 15.7 19.8 12.0 32 15.0  1  198   40              
011923100115103195キングキングキング　　　　　　　　　 33.2  8.2 -7.0 -3.3 -3.3 27  0.0                           
011923100215102528タイセイソニック　　　　　　　　　　  7.6  2.6 10.1  8.4  6.1 36 20.0  5                        
011923100313110119ベリースコール　　　　　　　　　　　 28.0  7.0 -3.8  3.3  0.1 30  0.0                           
011923100416100952ヴァリアント　　　　　　　　　　　　  6.2  2.2 11.9 14.1  8.7 39  0.0                           
011923100513103133ウォーターバオバブ　　　　　　　　　 49.7 11.9-10.2-13.7 -8.1 22  0.0                           
011923100615102391ロードラズライト　　　　　　　　　　 12.7  3.6 -4.2 -7.5 -4.0 26  0.0                           
011923100714102016クーリュ　　　　　　　　　　　　　　 15.4  4.2 -4.7 -4.8 -3.2 27  0.0                           
011923100814102733ロイヤルメジャー　　　　　　　　　　 39.2  9.5 -7.0 -4.1 -3.6 26  0.0                           
011923100916103261マーマレードガール　　　　　　　　　  6.6  2.3 11.7  9.6  7.0 37  0.0                           
011923101016100321ウォーターエデン　　　　　　　　　　 17.2  4.6 -3.8-13.7 -6.2 24  0.0                           
011923101114103015パッションチカ　　　　　　　　　　　 20.6  5.4-10.2 -7.5 -5.8 24  0.0                           
011923101214104249アリンナ　　　　　　　　　　　　　　  5.4  2.1 12.1  3.3  4.8 35 15.0                           
011923101313103410オフクヒメ　　　　　　　　　　　　　  5.1  2.0  9.6 21.0 10.6 41 13.8                           
011923101416110041ショウナンアリアナ　　　　　　　　　  5.7  2.1 12.3  6.3  6.0 36  0.0                           
011923110113103740ドゥーカ　　　　　　　　　　　　　　 25.0  5.7 -7.0-10.5 -5.9 29  0.0                           
011923110215104988カレンシリエージョ　　　　　　　　　  9.1  2.7 -6.2 -6.9 -4.4 31  0.0                           
011923110315101700ゴールドフラッグ　　　　　　　　　　 23.2  5.4-10.2-11.8 -7.4 28  0.0                           
011923110414105713ペイドメルヴェイユ　　　　　　　　　 15.1  3.8-10.0 -8.3 -6.0 29  0.0                           
011923110512104440サウンドバーニング　　　　　　　　　 34.9  7.8-10.2-20.0-10.4 25  0.0                           
011923110614102161カリビアンゴールド　　　　　　　　　  3.2  1.5 17.3 40.0 19.9 55 13.8                           
011923110715104899マイハートビート　　　　　　　　　　  5.9  2.1  9.3 14.5  8.1 43 15.0                           
011923110814105265マスターコード　　　　　　　　　　　  9.1  2.8  8.5 -7.1 -0.1 35  0.0                           
011923110913105930プロフェット　　　　　　　　　　　　 19.3  4.6  5.5-10.2 -2.1 33  0.0  0                        
011923111014102146リリックドラマ　　　　　　　　　　　 11.3  3.0 -0.3-13.7 -5.1 30  0.0                           
011923111114100208ウインイクシード　　　　　　　　　　  7.8  2.5 13.2 13.2  8.8 44  0.0                           
011923111213103324ハナズレジェンド　　　　　　　　　　  7.7  2.4  9.7  9.3  6.3 41  0.0  4                        
011923111313103573オブリゲーション　　　　　　　　　　 34.1  7.6 -4.2-10.5 -5.1 30 28.8                           
011923111413105677ロライマ　　　　　　　　　　　　　　 19.8  4.8  6.1 -5.0  0.0 35  0.0  0                        
011923120114106286デストロイ　　　　　　　　　　　　　 27.0  5.7-10.2 -4.7 -4.8 15  0.0                           
011923120216104743ホウオウライジン　　　　　　　　　　 13.7  3.2  9.5  8.6  6.0 26  0.0  5                        
011923120315101328マイティバローズ　　　　　　　　　　 21.7  4.7-10.2-10.5 -6.9 13 23.8                           
011923120413100206ウインドオブホープ　　　　　　　　　 11.8  2.9  4.6 -3.3  0.2 20  0.0                           
011923120516105472ホウオウトゥルース　　　　　　　　　  8.5  2.4 -7.0  4.1 -0.6 19  0.0                           
011923120616102380ハギノオムイデアル　　　　　　　　　 14.8  3.5 -3.5  4.1  0.5 20  0.0  3                        
011923120716101416ロダルキラー　　　　　　　　　　　　  5.6  1.8 10.9  2.8  4.3 24  0.0                           
011923120816106585テーオーポシブル　　　　　　　　　　  6.6  2.1 10.9  3.8  4.7 25  0.0                           
011923120915101834イクヨロブロイ　　　　　　　　　　　 23.6  5.0-10.2 -5.5 -5.1 15  0.0                           
011923121014100407ブラックカード　　　　　　　　　　　  4.1  1.6 13.6  4.2  5.6 26 15.0                           
011923121116100996ロマンティコ　　　　　　　　　　　　  3.2  1.4 17.7 15.7 11.1 31 13.8                           
041929010115103900ソウラセブン　　　　　　　　　　　　 33.8  6.6-10.0  6.0 -0.8 -1  0.0                           
041929010212102265ブルーガーディアン　　　　　　　　　  5.7  1.8 12.0  5.4  5.6  6  6.3                           
041929010315105010ハーツフェルト　　　　　　　　　　　  7.3  2.1  7.5 10.3  6.0  6  7.2                           
041929010415100195アルマアノン　　　　　　　　　　　　 38.7  7.4 -2.9 -6.1 -3.1 -3  0.0                           
041929010515101703スマートヴォルフ　　　　　　　　　　 46.4  8.8-10.0 -8.1 -6.0 -6  0.0                           
041929010614110077ストロボスコープ　　　　　　　　　　 24.3  4.9-10.0  4.0 -1.5 -2  0.0                           
041929010714106522セガールモチンモク　　　　　　　　　  5.7  1.8 15.3 13.5  9.5 10  6.8                           
041929010813105933ケイブルグラム　　　　　　　　　　　  5.3  1.7 20.7 15.7 12.0 12  8.2                           
041929010914104238リセンティート　　　　　　　　　　　 55.6 10.1-10.0 -5.7 -5.1 -5  0.0                           
041929011016103133クーザ　　　　　　　　　　　　　　　 78.5 14.0-10.4-16.2 -9.1 -9  0.0                           
041929011111100643テイエムコンドル　　　　　　　　　　  2.4  1.3 15.6 19.8 11.9 12 18.1  2                        
041929011212103491ダイワスキャンプ　　　　　　　　　　  9.0  2.5-10.0  8.1  0.0  0 18.6                           
041929011313102344リネンソング　　　　　　　　　　　　 47.0  8.9-10.0 -8.4 -6.1 -6  0.0                           
041929020116105049アルジェンタータ　　　　　　　　　　  3.5  1.5 16.8 17.8 11.6 17 12.8  2                        
041929020216102344サイファリス　　　　　　　　　　　　 12.8  3.2-10.0  3.6 -1.7  3 10.3                           
041929020316103018クイックステップ　　　　　　　　　　 30.3  6.4 -6.4-17.2 -8.2 -3  8.6  0                        
041929020416100767ゴールドアクション　　　　　　　　　 14.6  3.5  6.0  8.0  4.7 10 15.4                           
041929020516105828シントークロヒメ　　　　　　　　　　210.7 39.8-10.0-14.3 -8.2 -3  0.0                           
041929020616104261アクトオネストリー　　　　　　　　　 41.7  8.6-10.0-13.5 -7.9 -3  0.0                           
041929020716100803シュンラン　　　　　　　　　　　　　 32.7  6.9-14.3-10.9 -8.3 -3  0.0                           
041929020816104474スイートウィスパー　　　　　　　　　 53.0 10.8-10.4 -7.0 -5.7 -1  0.0  5                        
041929020916103305コズミックレイズ　　　　　　　　　　 40.0  8.3-13.4-15.6 -9.7 -5  0.0                           
041929021016101257スコッチフラワー　　　　　　　　　　  5.5  1.9 20.7  6.2  8.5 13  9.6A                          
041929021116105196シビックテック　　　　　　　　　　　 18.6  4.3  5.4 -1.6  1.0  6  0.0  5                        
041929021216102607カフェアリアドネ　　　　　　　　　　 59.7 11.7-10.0 -6.1 -5.2  0  0.0                           
041929021316100751マジックブルーム　　　　　　　　　　 30.7  6.5  6.2  1.2  2.3  7  0.0                           
041929021416104610グロリアーナ　　　　　　　　　　　　  4.0  1.5 20.6 15.8 12.0 17  5.8                           
041929021516105221ピチカートポルカ　　　　　　　　　　  4.0  1.5 10.0 22.5 11.3 16  6.3                           
041929030117104164グラスデスティーノ　　　　　　　　　  9.3  2.5 12.0 11.1  7.7 13  9.6                           
041929030217105031ゴールデンレシオ　　　　　　　　　　  2.6  1.3 33.7 15.5 15.8 21 18.1                           
041929030317105371スタインウェイ　　　　　　　　　　　  5.4  1.8  6.0  6.7  4.3  9  8.9                           
041929030417101978コスモボンバルダ　　　　　　　　　　128.4 22.8-10.0-10.0 -6.7 -2  0.0                           
041929030517101466ヴァルトグリーン　　　　　　　　　　 13.6  3.1  4.2 10.3  5.0 10  0.0  1  209   34              
041929030617102361マイネルキアロ　　　　　　　　　　　 24.6  5.0-10.4-15.7 -8.9 -4  0.0                           
041929030717101605ゲームアルアル　　　　　　　　　　　  4.8  1.7  6.0 13.6  6.8 12  5.8                           
041929030817103238ウインルモンド　　　　　　　　　　　203.3 35.7-10.0-20.0-10.3 -5  0.0  0                        
041929030917103005ロードベイリーフ　　　　　　　　　　 12.5  2.9 10.1  4.8  4.8 10  8.2                           
041929031017110111アウティスタ　　　　　　　　　　　　 52.5 10.0-13.4-20.0-11.4 -6  0.0  0                        
041929031117102030キョウエイゴー　　　　　　　　　　　 11.9  2.8-10.0  6.0 -0.8  4  7.7                           
041929031217104233コスモスピリット　　　　　　　　　　 99.1 17.8-10.0-15.2 -8.6 -4  0.0  0                        
041929031317103525スキルショット　　　　　　　　　　　 36.5  7.1-13.4-10.0 -7.7 -3  0.0                           
041929031417102424ワスカランテソーロ　　　　　　　　　  9.4  2.5 15.0 19.5 11.6 17  7.2                           
041929031517101409イルシオン　　　　　　　　　　　　　 73.5 13.3-13.4 -2.4 -4.9  0  0.0                           
041929040116102532エコロトム　　　　　　　　　　　　　 12.6  3.0 10.1 16.2  9.0 14 10.9                           
041929040216105461エンシャントロア　　　　　　　　　　  3.1  1.4  6.0 18.9  8.7 14 12.8                           
041929040316100127ボルンタード　　　　　　　　　　　　 19.8  4.3-10.0  0.4 -2.9  2  8.7  5                        
041929040416110037パリテソーロ　　　　　　　　　　　　  4.0  1.6 15.0 27.6 14.6 20 14.0  1  229   39              
041929040516104911ホウオウソルジャー　　　　　　　　　  5.6  1.8 10.0 18.9  9.9 15  6.2  3                        
041929040616104955フィンガーポップ　　　　　　　　　　  7.8  2.3 12.0 12.9  8.3 13  6.7                           
041929040716101329アイアンユウキャン　　　　　　　　　 39.9  8.0-10.0 -4.4 -4.6  0  0.0                           
041929040816100141ロジベーカ　　　　　　　　　　　　　 21.7  4.6-10.0-11.2 -7.1 -2  0.0                           
041929040916103359クィーンズウェイ　　　　　　　　　　 12.9  3.0 20.0  3.6  7.3 12  8.2                           
041929041016105027マスティフ　　　　　　　　　　　　　 43.5  8.6-10.0 -5.5 -5.0  0  0.0                           
041929041116103591デルマヴェルサイユ　　　　　　　　　  9.0  2.5 13.2  9.7  7.5 13  0.0                           
041929041216100137アイドルズアイ　　　　　　　　　　　 28.0  5.8-10.0 -3.8 -4.4  1  0.0                           
041929041316102217スズカキッド　　　　　　　　　　　　106.8 19.6-10.0-10.0 -6.7 -2  0.0                           
041929041416103507エリーアワード　　　　　　　　　　　149.4 27.2-10.0-10.0 -6.7 -2  0.0                           
041929041516102006ヒラボクグレイス　　　　　　　　　　 98.3 18.1-10.0 -7.6 -5.8 -1  0.0                           
041929050117102027ミアキヒルゼファー　　　　　　　　　 69.9 10.1-10.0-16.2 -8.9 -9  0.0                           
041929050217102749エコロシャンティ　　　　　　　　　　 26.2  4.3-10.0-10.2 -6.7 -7  0.0                           
041929050317100461ワンスカイ　　　　　　　　　　　　　  2.2  1.2 15.0 24.4 13.4 13 18.1  2                        
041929050417101082エクメディクイーン　　　　　　　　　 18.2  3.2-13.4 -4.7 -5.7 -6  0.0                           
041929050517101691サンダーボマー　　　　　　　　　　　 22.9  3.8-10.0  6.2 -0.7 -1  0.0                           
041929050617102095セルレア　　　　　　　　　　　　　　  9.0  2.1 13.7  9.2  7.5  7  7.2  5                        
041929050717103295チェアリングソング　　　　　　　　　  6.4  1.7 20.0 10.0  9.7 10 15.1                           
041929050817110152サイモンハロルド　　　　　　　　　　  3.2  1.3 18.8 17.3 12.0 12 14.0  2                        
041929050917102405ファイナルアフェア　　　　　　　　　 70.5 10.2-13.4-10.0 -7.7 -8  0.0                           
041929051017106434リュウノブルック　　　　　　　　　　 50.6  7.7-10.0-12.1 -7.4 -7  0.0  0                        
041929051117101078エコロキングダム　　　　　　　　　　  7.7  1.9  4.3 12.5  5.9  6  6.8                           
041929051217103760キリシマダイオウ　　　　　　　　　　 55.4  8.1-10.0 -5.9 -5.2 -5  0.0                           
041929060116100491フルクトゥス　　　　　　　　　　　　 39.4  6.9-13.1 -9.9 -7.6 12  0.0                           
041929060215100243ウインレーヴドール　　　　　　　　　 26.3  4.9-10.0 -1.6 -3.6 16  0.0                           
041929060315105027タイセイグランツ　　　　　　　　　　 23.7  4.4 -2.9-11.2 -5.0 15  0.0                           
041929060415105273エンドゾーンダンス　　　　　　　　　 71.9 11.8-14.3-15.2 -9.9 10  0.0  0                        
041929060514106164アウステルリッツ　　　　　　　　　　  6.7  1.9 10.1 18.5  9.8 30  9.6                           
041929060614101550アピールバイオ　　　　　　　　　　　 27.6  5.1  6.0 -8.0 -1.1 19  0.0                           
041929060716102769ファイトフラッシュ　　　　　　　　　 81.9 13.4 15.6 -8.1  1.7 22  0.0                           
041929060816104982リバーシブルレーン　　　　　　　　　  3.5  1.4 18.2 30.8 16.8 37 11.6  1  233   43              
041929060916105986ラギッド　　　　　　　　　　　　　　 45.6  7.9 -4.0  5.6  0.9 21  0.0                           
041929061016105101サトノダムゼル　　　　　　　　　　　  2.6  1.3 15.0 22.5 12.8 33 18.1  2                        
041929061114105860モレッキ　　　　　　　　　　　　　　  9.0  2.3 20.0 11.0 10.0 30  0.0  5                        
041929061216100748ルシェルドール　　　　　　　　　　　 29.5  5.4-10.0  0.7 -2.7 17  0.0                           
041929061316104868ライル　　　　　　　　　　　　　　　  5.6  1.7 12.0 17.2  9.9 30 21.4                           
041929061416103474シンボリビーノ　　　　　　　　　　　 39.2  6.9-10.4-14.3 -8.4 12  0.0                           
041929070116100920ロジポルカ　　　　　　　　　　　　　  4.7  1.6 20.0 20.2 13.4 18  6.2  5                        
041929070216105141ドンウォリマミー　　　　　　　　　　 36.9  7.3-10.0-13.5 -7.9 -3  0.0                           
041929070316101204タッチングムービー　　　　　　　　　 27.8  5.7 -8.7  7.1  0.0  5  0.0  5                        
041929070416104928スポーティブ　　　　　　　　　　　　 71.5 13.1-10.0-11.8 -7.3 -2  0.0                           
041929070516100757マイネルイヴィンス　　　　　　　　　  4.0  1.5 12.0 11.2  7.7 13 14.0                           
041929070616102230ゼヒニオヨバズ　　　　　　　　　　　  7.4  2.2  6.0  5.9  4.0  9  0.0                           
041929070716101210イフユーワナ　　　　　　　　　　　　 17.0  3.8 10.0  9.1  6.3 11 18.6                           
041929070816103753グレートリープ　　　　　　　　　　　 71.2 13.1-10.0-10.2 -6.7 -2  0.0                           
041929070916101021ヤマニンスパツィオ　　　　　　　　　106.4 19.2-10.0-15.6 -8.7 -4  0.0                           
041929071016100626ラスヴェート　　　　　　　　　　　　 29.3  5.9-10.0 -9.7 -6.6 -2  0.0                           
041929071116105317グリームロータス　　　　　　　　　　 99.3 18.0-13.4-16.2-10.0 -5  0.0                           
041929071216106358リンガスビャクヤ　　　　　　　　　　 24.5  5.1-13.4-11.9 -8.4 -3  8.2                           
041929071316106599ホワイトストーム　　　　　　　　　　  6.5  2.0-10.0 18.3  3.7  9  6.8  5                        
041929071416104788コットンスノー　　　　　　　　　　　  3.0  1.4 19.8 26.5 15.7 21 12.8  3                        
041929071516100154イニシアティブ　　　　　　　　　　　 35.4  7.0-10.0 -1.7 -3.6  1  0.0                           
041929080113101904マイネルヴァッサー　　　　　　　　　 17.0  3.6 11.6 -2.3  2.6 28  0.0                           
041929080211103741メドウラーク　　　　　　　　　　　　  3.0  1.3 25.1 16.1 13.4 38 12.8                           
041929080311102177マイネルピクトル　　　　　　　　　　 12.9  2.9 10.0  2.0  3.7 29  0.0                           
041929080413100361アズマタックン　　　　　　　　　　　 18.1  3.7 -6.0 -0.8 -2.1 23  0.0                           
041929080512104098ダノンシーザー　　　　　　　　　　　 30.2  5.7 -2.9 -4.8 -2.6 22  0.0                           
041929080614101874マイブルーヘブン　　　　　　　　　　  3.3  1.3 15.0 15.8 10.3 35 11.6                           
041929080714104771トーヨーピース　　　　　　　　　　　 13.7  3.0-10.4  0.3 -3.0 22  7.2                           
041929080814109137コウユーヌレエフ　　　　　　　　　　  3.7  1.4 18.8 14.3 10.9 36 21.4                           
041929080912106003シゲルヒノクニ　　　　　　　　　　　 19.6  4.0  6.0  5.4  3.8 29 13.0                           
041929081012106162シュンクルーズ　　　　　　　　　　　 33.4  6.2-10.0-10.0 -6.7 18  0.0                           
041929081112104730デュアルメジャー　　　　　　　　　　 18.2  3.8-10.0 -1.6 -3.6 21  0.0                           
041929090116100360トイガー　　　　　　　　　　　　　　  2.6  1.3 22.7 29.5 17.6 48 18.1  1  201   46              
041929090215105399ギガバッケン　　　　　　　　　　　　 11.9  2.8 11.0  8.0  6.2 36  0.0                           
041929090316103463マテリアルワールド　　　　　　　　　  5.4  1.8 36.7 16.1 16.9 47  6.3                           
041929090415102983ミラクルブラッド　　　　　　　　　　  5.1  1.7 16.5 13.4  9.9 40 11.6  5                        
041929090515100098ラスティユース　　　　　　　　　　　 22.0  4.6-10.0  2.3 -2.2 28  0.0                           
041929090614102200アフターバーナー　　　　　　　　　　 12.0  2.9-10.0  9.0  0.3 30  0.0  5                        
041929090714109007クリノヴィクトリア　　　　　　　　　 15.1  3.4 -9.3 -5.7 -4.9 25  0.0  0                        
041929090814101093メヌエット　　　　　　　　　　　　　 11.9  2.8  7.5  2.0  3.0 33 10.9C                          
041929090915104554トークフレンドリー　　　　　　　　　 17.1  3.8-10.0 -0.5 -3.2 27  0.0                           
041929091013109095ハシカミ　　　　　　　　　　　　　　 52.5 10.1-10.0-10.9 -7.0 23  0.0                           
041929091115100130ケイツーリラ　　　　　　　　　　　　  9.0  2.5 12.4 16.6  9.8 40 16.3                           
041929091215103377サイモンジルバ　　　　　　　　　　　 45.2  8.8 20.0-16.2  0.1 30  0.0                           
041929100115101239マリノディアナ　　　　　　　　　　　 22.1  4.9 -9.7-20.0-10.2 25 23.3  0                        
041929100211101727イオラニ　　　　　　　　　　　　　　 18.5  4.3 -2.1  2.3  0.2 35  0.0                           
041929100315103656ジュリーハーツ　　　　　　　　　　　 34.3  7.2-10.0 -4.1 -4.5 30  0.0  0                        
041929100414103373サウンドマジック　　　　　　　　　　 20.2  4.6  0.3 -5.0 -1.7 33  0.0                           
041929100514102332スノードーナツ　　　　　　　　　　　 67.1 13.2-10.0  8.6  0.2 35  0.0                           
041929100612109217スティンライクビー　　　　　　　　　 32.9  7.0  3.7 -7.6 -1.7 33  0.0                           
041929100715103764サニーダンサー　　　　　　　　　　　 12.1  3.0  9.3 21.5 10.7 46  0.0                           
041929100811100215クラウンルシフェル　　　　　　　　　 42.8  8.9-10.4  1.2 -2.7 32  0.0                           
041929100915105673サラドリーム　　　　　　　　　　　　  3.1  1.5 15.0 19.5 11.6 47 18.1                           
041929101016101080クールティアラ　　　　　　　　　　　  7.5  2.3 12.0  9.3  7.0 42  0.0                           
041929101112100936ブラッククローバー　　　　　　　　　 42.4  8.8 -6.0  1.0 -1.4 34  0.0                           
041929101212104538レレマーマ　　　　　　　　　　　　　 21.6  4.8 10.0 -7.8  0.1 35  9.2                           
041929101312104259ストロングトリトン　　　　　　　　　129.9 24.9-13.4-13.5 -9.0 26  0.0                           
041929101412101282ゲンキチハヤブサ　　　　　　　　　　 16.4  3.9  3.6 -2.2  0.3 35  0.0                           
041929101515104875コーディエライト　　　　　　　　　　 39.2  8.2 -0.5 -4.8 -1.9 33  0.0                           
041929101615100494エスターテ　　　　　　　　　　　　　  5.4  1.8  6.0  2.9  2.9 38 12.5                           
041929101713105631レッドラウダ　　　　　　　　　　　　  4.7  1.7 13.4 16.5 10.1 45  8.2                           
041929110113106079グレンツェント　　　　　　　　　　　  4.3  1.7 11.6 21.2 11.3 56  0.0                           
041929110213106317エポック　　　　　　　　　　　　　　 24.4  5.5-12.5 -1.4 -4.3 41  0.0                           
041929110311103833ピオネロ　　　　　　　　　　　　　　  5.6  1.9 16.8 12.7  9.7 55 23.1                           
041929110414102862ローズプリンスダム　　　　　　　　　  3.7  1.6 19.3 19.5 12.9 58  7.5                           
041929110512106358コパノチャーリー　　　　　　　　　　 22.9  5.2 -2.9 -4.6 -2.6 42  0.0                           
041929110612101359サトノアッシュ　　　　　　　　　　　 13.7  3.4  7.5  6.7  4.7 50  0.0                           
041929110713100711ナムラミラクル　　　　　　　　　　　  4.9  1.8 16.6  8.3  8.0 53 21.4                           
041929110812105474ニットウスバル　　　　　　　　　　　 29.1  6.5-13.1-10.5 -7.8 37  0.0                           
041929110914104332ホーリーブレイズ　　　　　　　　　　 13.1  3.3 -6.0 -1.2 -2.2 43  0.0                           
041929111013105467マインシャッツ　　　　　　　　　　　 40.4  8.7-12.5-10.1 -7.5 38  0.0                           
041929111114104563アイファーイチオー　　　　　　　　　 27.7  6.2-12.5 -6.4 -6.1 39  0.0                           
041929111214109171サルサディオーネ　　　　　　　　　　  6.6  2.2 13.7  9.6  7.6 53 14.5                           
041929120116102707シャウエン　　　　　　　　　　　　　 15.6  3.2  0.4-14.3 -5.1 15 10.9A                          
041929120214105725ムーンシュトラール　　　　　　　　　  4.3  1.5-10.0  6.1 -0.8 19 21.4                           
041929120315101059スピアーノ　　　　　　　　　　　　　  2.7  1.3 12.0 24.4 12.5 33 18.1  2                        
041929120416102970パークス　　　　　　　　　　　　　　 70.3 11.7-10.4 -8.1 -6.1 14  0.0                           
041929120516100165クリノカリビアン　　　　　　　　　　 36.6  6.6-10.0-18.5 -9.8 10  0.0  0                        
041929120616103204イエローナイフ　　　　　　　　　　　 76.4 12.7-13.1-13.2 -8.8 11  0.0                           
041929120713105548シェヴェルニー　　　　　　　　　　　 14.9  3.1 20.0  2.7  7.0 27  0.0  2                        
041929120815103663フレンドアリス　　　　　　　　　　　 25.4  4.8-10.4-13.2 -8.0 12  0.0                           
041929120916110055スマートアクシス　　　　　　　　　　 24.5  4.6  0.5 10.5  4.0 24  0.0  5                        
041929121016106030ナタラディーヴァ　　　　　　　　　　  3.4  1.4  6.0 20.4  9.3 29  5.8                           
041929121116100824ヴィクトリアポデル　　　　　　　　　 18.5  3.7  9.0  5.1  4.6 25  0.0                           
041929121215105454レガ　　　　　　　　　　　　　　　　 22.2  4.3-10.0-12.0 -7.4 13  0.0                           
041929121313106078プルメリアブーケ　　　　　　　　　　 11.9  2.6 10.4 -1.7  2.5 22  6.8                           
101929010117106468カンゼオン　　　　　　　　　　　　　 22.6  4.5-14.5-17.8-10.7 -6  0.0  0                        
101929010217102014メイショウユリシス　　　　　　　　　  8.0  2.2  5.3 12.1  5.6 11  0.0  5                        
101929010317106170ハルハアケボノ　　　　　　　　　　　 13.9  3.1  8.7  3.3  4.2  9  0.0                           
101929010417100717ノブフランクリン　　　　　　　　　　 39.0  7.3-15.8-10.3 -8.9 -4  0.0                           
101929010517106341オークレイコート　　　　　　　　　　  4.9  1.6 13.7 23.8 12.2 17 17.8                           
101929010617103149アマノエリザベート　　　　　　　　　 15.3  3.3 -4.7  9.7  1.2  6 16.2                           
101929010717104120フシミパオラー　　　　　　　　　　　 30.3  5.8-14.5-12.7 -9.1 -4  0.0                           
101929010817104781グレースオブナイル　　　　　　　　　 11.6  2.7  2.0  3.2  1.7  7 13.5                           
101929010917104573ミヤコシスター　　　　　　　　　　　 14.1  3.1  0.7-11.4 -3.2  2 12.5                           
101929011017104729マイレリーフ　　　　　　　　　　　　  4.7  1.6 13.0 24.7 12.2 17  6.2                           
101929011117105419ミーアシャム　　　　　　　　　　　　  2.4  1.3 20.1 23.8 14.5 20 18.0                           
101929020117100353メイショウカミング　　　　　　　　　 16.7  3.3  0.7  4.9  1.7  7  0.0                           
101929020217105077ヴァイスリヒト　　　　　　　　　　　  6.4  1.8  9.3 40.0 15.4 20  8.8  1  213   33              
101929020317102822クリスティ　　　　　　　　　　　　　  2.4  1.2 18.3 15.9 11.5 16 18.0                           
101929020417101750ヴァーユ　　　　　　　　　　　　　　 24.2  4.5-10.0-12.0 -7.3 -2  0.0                           
101929020517100925アポロアベリア　　　　　　　　　　　 37.4  6.6-11.4-15.5 -8.8 -4  0.0                           
101929020617106230スズカデレヤ　　　　　　　　　　　　  4.8  1.5 16.7 21.3 12.5 18 18.4  3                        
101929020717102977サウンドロマン　　　　　　　　　　　  3.8  1.4 16.0 32.0 15.5 20  8.8                           
101929020817105493ルヴァン　　　　　　　　　　　　　　  7.8  2.1 10.0 14.3  8.0 13 11.0                           
101929020917104974ヴィサルガ　　　　　　　　　　　　　 14.5  3.0 -4.7 15.0  2.8  8 14.4                           
101929030116102082ストームガスト　　　　　　　　　　　  4.4  1.6 15.3 29.4 14.4 19  8.8                           
101929030216105384テーオースパーク　　　　　　　　　　 33.4  6.9-10.0 -8.3 -6.2 -1  0.0                           
101929030316104230イニシエーター　　　　　　　　　　　  3.0  1.4 16.7 19.5 12.0 17 15.6  4                        
101929030416100180クーファピーカブー　　　　　　　　　  4.6  1.6 11.7 17.1  9.4 14 21.3                           
101929030516103254オールマイト　　　　　　　　　　　　 23.5  5.0-10.0-17.8 -9.0 -4  0.0  0                        
101929030616106307ラテントパワーズ　　　　　　　　　　 40.1  8.1 -7.8-10.0 -5.9 -1  0.0                           
101929030716103715モズファヴォリート　　　　　　　　　 35.2  7.2 -8.7 -1.5 -3.6  1  0.0                           
101929030816103119メモリーバリケード　　　　　　　　　 24.1  5.1-14.5  1.3 -4.9  0  0.0  0                        
101929030916104889ガールズロック　　　　　　　　　　　 13.5  3.2  0.7 16.4  5.2 10 14.4                           
101929031016110160ストームハート　　　　　　　　　　　  7.7  2.3 10.0 14.9  8.1 13  0.0                           
101929031116102031メイショウワカタケ　　　　　　　　　 34.0  7.0-10.0-16.0 -8.5 -3  0.0  0                        
101929031216109020グローバルステップ　　　　　　　　　 47.6  9.5-10.0-16.7 -8.7 -4  0.0  0                        
101929031316101686エイシントロイ　　　　　　　　　　　 28.6  6.0 -4.7 -8.1 -4.2  1  0.0  5                        
101929031416103258クリー　　　　　　　　　　　　　　　  7.8  2.3 12.0 11.9  8.0 13 20.5                           
101929040116102917クリノオオクニヌシ　　　　　　　　　 37.4  8.6-12.9-12.3 -8.4 -3 21.6                           
101929040216104452ゴースト　　　　　　　　　　　　　　  6.0  2.1  8.3 22.9  9.9 15 13.7  2                        
101929040316105781ニホンピロターナー　　　　　　　　　 25.1  6.0 -3.3-17.8 -6.6 -2  0.0  0                        
101929040416102001ローザンヌ　　　　　　　　　　　　　 23.9  5.7 -2.7  7.3  1.2  6  0.0                           
101929040516104606ダブルクラッチ　　　　　　　　　　　 13.4  3.5  1.3  3.8  1.6  7  0.0                           
101929040616105289プロム　　　　　　　　　　　　　　　  7.9  2.6  3.7 -1.0  1.1  6 10.3                           
101929040716106257ヤマカツマッハ　　　　　　　　　　　 17.7  4.5  4.0 -8.6 -1.1  4  0.0                           
101929040816103459ランドリュウオー　　　　　　　　　　 17.5  4.4  0.7-11.9 -3.3  2  0.0                           
101929040916104821ルデュック　　　　　　　　　　　　　  3.6  1.6  4.9 13.9  6.0 11  8.1  5                        
101929041016102184オノーレペスカ　　　　　　　　　　　 12.0  3.2-10.0 -8.1 -6.1 -1  0.0                           
101929041116105154シャドウアロング　　　　　　　　　　  6.5  2.2 -3.2  5.1  0.4  5 21.3                           
101929041216104497リスト　　　　　　　　　　　　　　　 19.3  4.8  2.5 -8.7 -1.7  3  0.0  0                        
101929041316105604タマモパスクワ　　　　　　　　　　　 75.4 16.2-15.8-10.3 -8.9 -4  0.0                           
101929041416102107スズカコンパス　　　　　　　　　　　 59.0 12.8-11.4-20.0-10.2 -5  0.0  0                        
101929041516102113ケルンキングダム　　　　　　　　　　 20.5  5.1 -1.0 -2.1 -1.0  4 18.9A                          
101929041616101610メイショウドウダン　　　　　　　　　106.0 22.5-11.0 -8.7 -6.6 -2  0.0                           
101929041716106247サトノライジン　　　　　　　　　　　 15.5  4.0  2.0 11.9  4.3  9  0.0                           
101929041816101168ナチュラルスタイル　　　　　　　　　 41.0  9.3-10.0-12.1 -7.3 -2  0.0                           
101929050117100224ライジングペガサス　　　　　　　　　  7.8  2.1  2.8 10.4  4.1  4  9.6                           
101929050217102129アウトラウド　　　　　　　　　　　　 26.3  5.0  2.7  6.0  2.8  3 13.2                           
101929050317103624スマートクリオス　　　　　　　　　　  8.6  2.3-10.3 16.2  1.1  1  0.0                           
101929050417103709ステーションワン　　　　　　　　　　 22.6  4.4-10.0 -2.6 -4.4 -4  0.0  0                        
101929050517106593ネクストエピソード　　　　　　　　　 10.6  2.4  6.0 11.3  5.6  6 26.2  5                        
101929050617101295テイエムワールド　　　　　　　　　　 25.8  4.9-11.4-20.0-10.2-10  0.0  0                        
101929050717101982マイネルヘルト　　　　　　　　　　　 14.1  3.0  4.0 -5.1 -0.1  0  0.0                           
101929050817102834ペイダート　　　　　　　　　　　　　  7.9  2.1  2.7-10.0 -2.0 -2  7.2                           
101929050917104873エグレムニ　　　　　　　　　　　　　  2.4  1.3 18.3 22.9 13.6 14 18.0                           
101929051017105806メイショウケアラシ　　　　　　　　　  4.4  1.6 13.7 11.8  8.6  9 10.8  5                        
101929051117102884ウェーブモンスター　　　　　　　　　 18.8  3.8-10.0 -0.7 -3.9 -4  0.0                           
101929060116103758オーサムラン　　　　　　　　　　　　 13.6  3.3  3.7  8.5  3.9  9  0.0                           
101929060216103098アカマ　　　　　　　　　　　　　　　 69.3 13.3-10.0-13.8 -7.8 -3  0.0                           
101929060316102024クインズジャスミン　　　　　　　　　 18.6  4.2-11.4  2.2 -3.5  1  0.0                           
101929060416105212ビュブリス　　　　　　　　　　　　　 41.2  8.4-10.0 -4.6 -5.0  0  0.0                           
101929060516101022ヤマニンポンペルモ　　　　　　　　　 55.5 10.8-10.0 -8.1 -6.1 -1  0.0                           
101929060616105586ケイティマドンナ　　　　　　　　　　  4.3  1.6 15.9 13.8 10.0 15  9.6                           
101929060716102331マティス　　　　　　　　　　　　　　 26.3  5.6 -1.7-11.9 -4.2  1 14.7                           
101929060816104375ラバーズケープ　　　　　　　　　　　 12.9  3.1  9.5  1.9  4.1  9  0.0                           
101929060916102305メイショウミチノク　　　　　　　　　 12.4  3.0 11.3 24.1 11.4 16 22.9  1  184   40              
101929061016104552スピンク　　　　　　　　　　　　　　 23.2  5.0  1.4 -6.4 -1.4  4  9.3  5                        
101929061116101513ワンダールウェス　　　　　　　　　　 25.3  5.4 -4.7-12.4 -5.4  0  0.0                           
101929061216101712メイショウローザ　　　　　　　　　　 30.8  6.4-10.0-11.9 -7.2 -2  0.0                           
101929061316104499レッドシルヴァーナ　　　　　　　　　  3.2  1.4 19.7 14.4 11.5 17  9.9A1                         
101929061416106041キャルグリーン　　　　　　　　　　　 51.7 10.3-11.4-13.4 -8.2 -3  0.0  0                        
101929061516103083カーディストリー　　　　　　　　　　  4.2  1.6  4.9 13.0  5.7 11  7.6                           
101929061616104306バブリーダンス　　　　　　　　　　　 27.0  5.7 -0.8 -4.0 -1.5  4 18.9                           
101929070116102045ツーエムアロンソ　　　　　　　　　　 60.8 10.0-11.0-10.2 -7.1 13  0.0                           
101929070216103138ビックピクチャー　　　　　　　　　　  2.3  1.2 25.2 19.4 15.1 35 18.0                           
101929070316110162マジカルプリンセス　　　　　　　　　121.3 19.2-11.4 -8.8 -6.8 13  0.0                           
101929070416101871タマモケトル　　　　　　　　　　　　 61.1 10.0-10.0-19.8 -9.6 10  0.0                           
101929070515104999パンコミード　　　　　　　　　　　　  4.0  1.5 18.3 14.1 10.9 31 19.6                           
101929070616104676レーヴドカナロア　　　　　　　　　　 16.1  3.2  1.4  9.5  3.4 23  0.0  5                        
101929070713101819キャノンストーム　　　　　　　　　　 29.8  5.3-10.0-11.9 -7.2 13  0.0                           
101929070812105695エスペランサルル　　　　　　　　　　 53.2  9.0 -4.7 -3.4 -2.7 17  0.0                           
101929070913105353アグネススターダム　　　　　　　　　 13.6  2.8  0.7  4.9  1.7 22 11.0                           
101929071014106289フィップル　　　　　　　　　　　　　 40.9  7.1 -4.7-10.2 -4.8 15  0.0                           
101929071116103612ソルトホープ　　　　　　　　　　　　 16.6  3.3  6.0  2.2  2.9 23  0.0                           
101929071214105350ルエヴェルロール　　　　　　　　　　  6.1  1.8 10.7 11.0  7.2 27 14.9                           
101929071315102558トウカイオルデン　　　　　　　　　　  7.4  2.0 17.9  4.8  8.0 28 12.6                           
101929071415104245レディーキティ　　　　　　　　　　　 25.4  4.6-14.5-15.3 -9.9 10  0.0                           
101929071514103545メイショウワンモア　　　　　　　　　 69.4 11.3 -8.5 -5.1 -4.6 15  0.0                           
101929080113105566ミラクルユニバンス　　　　　　　　　 68.2 13.2-15.8-13.4 -9.8 10 23.4                           
101929080215100367トモノコテツ　　　　　　　　　　　　 21.0  4.7 10.1  7.1  5.8 26  0.0                           
101929080316110059ウインプラウド　　　　　　　　　　　 22.4  4.9-10.0 -5.1 -5.2 15  0.0                           
101929080416110061モズエロイコ　　　　　　　　　　　　  9.4  2.7  2.0  0.5  0.9 21  0.0  6                        
101929080515104914アドマイヤカラット　　　　　　　　　 15.6  3.7-15.8 -3.6 -6.9 13  0.0  5                        
101929080615103779ベー　　　　　　　　　　　　　　　　 46.4  9.5-11.4-10.3 -7.3 13  0.0                           
101929080716101938テイエムクロムシャ　　　　　　　　　  5.1  1.8  3.1  0.4  1.3 21  0.0                           
101929080816110096ピースプレイヤー　　　　　　　　　　 28.2  6.0-10.0 -9.6 -6.5 13  0.0                           
101929080916106450タイサイ　　　　　　　　　　　　　　  3.2  1.4 17.3 25.4 14.0 34 18.0                           
101929081016105316サンライズハイアー　　　　　　　　　 52.2 10.6 -4.7  4.6 -0.3 20  0.0                           
101929081113104326カフジナイサー　　　　　　　　　　　  4.4  1.7  9.3 20.0  9.4 29 13.7  4                        
101929081216106203アルームスクレト　　　　　　　　　　 39.4  8.1-10.0-16.0 -8.5 12  0.0                           
101929081316100421モサ　　　　　　　　　　　　　　　　 38.1  7.9 -8.3 -8.1 -5.5 15 16.2                           
101929081415100018ドラセナ　　　　　　　　　　　　　　 30.0  6.3 -5.9-13.9 -6.3 14 18.9  0                        
101929081516104822ボンディマンシュ　　　　　　　　　　  6.9  2.1 15.0 18.5 11.1 31 10.3  3                        
101929081616102353マイネルプリサイス　　　　　　　　　 28.3  6.0 -8.7-10.0 -6.2 14  0.0                           
101929090117109127ラトルメンタ　　　　　　　　　　　　164.0 24.2-10.0-13.7 -7.8 37  0.0                           
101929090217109122ハクアイトップ　　　　　　　　　　　 33.9  5.7-15.8  8.0 -3.4 42  0.0                           
101929090317109132ブンキンタカシマダ　　　　　　　　　 49.3  7.9-15.8-11.0 -9.1 36  0.0                           
101929090417109142キリシマブリッジ　　　　　　　　　　 16.4  3.1  9.5  4.5  4.8 50  0.0                           
101929090517109159ヘイセイロード　　　　　　　　　　　204.3 30.0-15.8-10.4 -8.9 36  0.0                           
101929090617109149テイエムヤマカゼ　　　　　　　　　　  3.9  1.4 15.0 23.2 12.5 57  8.8A                          
101929090717109148テイエムワッゼハエ　　　　　　　　　 48.9  7.9 -4.7-18.4 -7.2 38  0.0                           
101929090817109144カシノピアレス　　　　　　　　　　　 82.5 12.5-15.8 -8.1 -8.2 37  0.0                           
101929090917109130ローランダー　　　　　　　　　　　　  2.1  1.2 20.5 22.3 14.2 59 18.0                           
101929091017109131ヤエノガロ　　　　　　　　　　　　　 98.9 14.8-15.8-10.4 -8.9 36  0.0                           
101929091117109125ベルウッドコチョウ　　　　　　　　　 18.9  3.5  9.5  4.6  4.9 50 10.7                           
101929091217109124チョゴリザテソーロ　　　　　　　　　 17.1  3.2-15.8  3.7 -4.7 40  0.0                           
101929091317109134クレナイ　　　　　　　　　　　　　　 27.6  4.7  9.7-10.4  0.4 45  0.0                           
101929091417109123イロゴトシ　　　　　　　　　　　　　  5.1  1.5 11.3 20.2 10.2 55 21.3  3                        
101929091517109111アーモンドカラー　　　　　　　　　　 11.6  2.4  9.5  8.3  6.0 51 19.8                           
101929091617106043カミノメグミ　　　　　　　　　　　　 98.1 14.7-15.8-10.5 -8.9 36  0.0                           
101929091717109156ヒノカミ　　　　　　　　　　　　　　 75.7 11.5-15.8-10.4 -8.9 36  0.0                           
101929100115105990スマートアエロ　　　　　　　　　　　 20.9  4.3 -4.7 -2.4 -2.4 28  0.0                           
101929100215105193オスカールビー　　　　　　　　　　　 13.7  3.0  2.0  9.1  3.5 33 11.8  5                        
101929100315100225ウインルチル　　　　　　　　　　　　 24.6  4.8 -4.7 -7.0 -3.8 26  0.0  0                        
101929100416103263ルタンブル　　　　　　　　　　　　　  5.6  1.7 10.5 18.9  9.5 40  8.8                           
101929100516104233アルファライズ　　　　　　　　　　　 13.4  3.0  9.5  8.5  6.0 36 13.5                           
101929100616105010ゴットパシオン　　　　　　　　　　　 48.0  8.8-15.8-10.3 -8.9 21  0.0                           
101929100714100597スパイクナード　　　　　　　　　　　 41.0  7.6-10.0 -8.6 -6.2 24  0.0                           
101929100814105970アロマドゥルセ　　　　　　　　　　　  4.3  1.5 13.0 15.0  9.3 39 21.3                           
101929100915104163アドラータ　　　　　　　　　　　　　  3.8  1.4 13.7 16.0  9.8 40  6.2                           
101929101016101897ライブリーハピネス　　　　　　　　　 32.9  6.2-10.0-14.8 -8.1 22  0.0                           
101929101114100616ブライトムーン　　　　　　　　　　　  2.7  1.3 17.3 17.6 11.6 42 18.0                           
101929110114100464キーグラウンド　　　　　　　　　　　 22.0  4.2 -4.7-13.6 -5.8 29  0.0                           
101929110214100285アポロユッキー　　　　　　　　　　　 18.5  3.7 -9.7 -0.8 -3.8 31 16.2                           
101929110314105833クルークハイト　　　　　　　　　　　  9.2  2.3  3.0 -7.7 -1.2 34  0.0                           
101929110413101526エネスク　　　　　　　　　　　　　　 11.0  2.5  7.3  9.3  5.5 40 11.8A                          
101929110515106059ボードウォーク　　　　　　　　　　　  4.5  1.6 15.7 15.8 10.5 45 19.6  5                        
101929110614106529ビックリシタナモー　　　　　　　　　  7.4  2.0  4.0 13.6  5.5 41 14.9                           
101929110715103419トキメキジュピター　　　　　　　　　 36.9  6.6-15.8-10.4 -8.9 26  0.0                           
101929110814106361クリノフウジン　　　　　　　　　　　 16.6  3.4 -4.7 10.4  1.4 36  0.0  5                        
101929110916104491ナンヨーイザヨイ　　　　　　　　　　  2.2  1.3 18.3 27.3 14.9 50  8.1                           
101929111014105685ベディヴィア　　　　　　　　　　　　 24.3  4.5-11.4-15.4 -8.8 26  0.0                           
101929111112104510ネオスターダム　　　　　　　　　　　  8.1  2.1  5.0 10.0  4.8 40 12.6                           
101929120114105609パールズベスト　　　　　　　　　　　 13.6  3.2  1.3 15.5  5.1 25  7.7  3                        
101929120214101118レディギャング　　　　　　　　　　　 28.4  5.8 -4.7  1.4 -1.3 19  0.0  5                        
101929120316101775ヒロノアンビシャス　　　　　　　　　 48.5  9.4-15.8-13.6 -9.9 10  0.0                           
101929120413105109トーアライジン　　　　　　　　　　　 37.3  7.4-15.8  8.0 -3.4 17 18.9                           
101929120514103212トーホウビスカヤ　　　　　　　　　　 20.5  4.4 -4.7 12.3  2.0 22  0.0                           
101929120616105937イズジョークラウン　　　　　　　　　 37.6  7.4-11.4-15.7 -8.9 11  0.0                           
101929120713110135ボスキャットグレイ　　　　　　　　　 12.7  3.0  0.7  3.4  1.3 21  0.0  5                        
101929120815103932トモジャクアルト　　　　　　　　　　 19.0  4.1  5.7  6.6  4.1 24 13.2                           
101929120916105938コパノマーティン　　　　　　　　　　  5.0  1.7 17.9  8.0  9.0 29 21.3                           
101929121016106327コンボルブルス　　　　　　　　　　　 90.6 16.5-10.0  6.1 -1.8 18  0.0                           
101929121115104053マッスルマサムネ　　　　　　　　　　 15.6  3.5-15.8-11.9 -9.4 11  0.0                           
101929121216104227ジョニーズララバイ　　　　　　　　　  3.6  1.5 16.7 19.5 12.0 32  0.0                           
101929121315103446アテンフラワー　　　　　　　　　　　 51.0  9.8-14.5 -5.5 -7.0 13  0.0                           
101929121415106233マナマカニ　　　　　　　　　　　　　100.6 18.3-10.0-10.3 -6.8 13  0.0                           
101929121515110056クーファウェヌス　　　　　　　　　　  3.3  1.4 14.7 24.7 12.8 33 18.0  3                        
101929121615102813メイショウイライザ　　　　　　　　　100.6 18.3-10.0-12.0 -7.3 13  0.0                           
101929121713102959ジェスロ　　　　　　　　　　　　　　 15.2  3.4 -3.6 -2.3 -2.0 18 10.1                           
101929121816102203エナジーラピス　　　　　　　　　　　117.5 21.2-10.0 -8.8 -6.3 14  0.0                           
