021826010116100558モノディアロゴス　　　　　　　　　　  5.6  1.7 12.0 14.3  8.8 14 16.3                           
021826010216101900ベルテックスロード　　　　　　　　　 23.8  4.4 -4.7 15.1  4.1  9  0.0  3                        
021826010316110064マノラム　　　　　　　　　　　　　　  6.9  1.9  9.3 15.0  8.3 13  0.0                           
021826010416105637パブロフテソーロ　　　　　　　　　　 11.5  2.5  1.7  7.9  3.4  8  0.0                           
021826010516103498ハクサンタイヨウ　　　　　　　　　　 11.9  2.6  2.6  2.7  1.8  7 20.0                           
021826010616106176メジャーハリケーン　　　　　　　　　  2.3  1.2 20.4 22.9 14.5 20 13.8  1  136   67              
021826010716104036アーバンキャット　　　　　　　　　　 37.7  6.6-10.2 -1.6 -3.6  1  0.0                           
021826010816100674ユウキ　　　　　　　　　　　　　　　 31.0  5.6-10.2-13.6 -8.0 -3  0.0  0                        
021826010916101553ペプチドルーカス　　　　　　　　　　  4.2  1.5 12.4 10.8  7.7 13  0.0                           
021826011016103281ショウブ　　　　　　　　　　　　　　 12.4  2.7 10.4  4.5  4.8 10  0.0                           
021826020115105272ノーブルウラノス　　　　　　　　　　 12.5  3.0-10.2 -0.7 -3.3  2 20.0                           
021826020215101800ラッキーチャンス　　　　　　　　　　  7.5  2.2  5.0  9.5  5.0 10  0.0  3                        
021826020315102206ラヴコネクション　　　　　　　　　　  3.2  1.5 17.8 32.4 17.2 22 13.8                           
021826020415101808ミンデンユウカ　　　　　　　　　　　 16.4  3.8 -2.7  4.4  0.8  6  0.0                           
021826020515100811パンテラ　　　　　　　　　　　　　　  8.9  2.5 -0.3  9.0  3.2  8  0.0                           
021826020615100828ハルメキ　　　　　　　　　　　　　　 17.0  3.9-10.2-17.9 -9.6 -5  0.0  0                        
021826020715104153リリーコサージュ　　　　　　　　　　 13.3  3.2 -7.0 -5.5 -4.1  1  0.0                           
021826020815102483シップフォクイーン　　　　　　　　　 22.6  4.8  6.1  6.0  4.0  9  0.0                           
021826020915106074エイシンエポカル　　　　　　　　　　 31.6  6.5-10.2-10.5 -6.9 -2  0.0                           
021826021015100342ペイシャオブライフ　　　　　　　　　 19.2  4.3-10.2  8.4  0.0  5  0.0                           
021826021115101629キンゲショウ　　　　　　　　　　　　  6.8  2.1 13.4 11.2  8.1 13  0.0                           
021826021215103696リンクスナナ　　　　　　　　　　　　  4.0  1.6 16.3 13.7  9.9 15 15.0                           
021826030115103569ラインマッシモ　　　　　　　　　　　  7.3  2.2 12.0 11.7  7.9 13  0.0                           
021826030215105481ブロッコリー　　　　　　　　　　　　  5.0  1.8 10.9  9.2  6.6 12 15.0                           
021826030315105096ミッキードーヴィル　　　　　　　　　 12.5  3.1 -0.5  0.5  0.0  5  0.0                           
021826030415103941サンシャンペーン　　　　　　　　　　 19.6  4.5  6.3-17.5 -4.5  0  0.0                           
021826030515103179コハクノユメ　　　　　　　　　　　　  7.8  2.3 10.0 21.4 10.8 16  0.0  5                        
021826030615105435ホウオウシックス　　　　　　　　　　 34.7  7.2-11.0-10.7 -7.2 -2  0.0                           
021826030715103035ナガラリバー　　　　　　　　　　　　 22.1  4.9 -3.0 -7.0 -3.5  2 27.5                           
021826030815106115ゴウノモノ　　　　　　　　　　　　　 14.0  3.4  4.1  9.1  4.6 10  0.0  5                        
021826030915104602ヴィーヴルサヴィ　　　　　　　　　　 16.8  3.9 -5.8  2.7 -0.8  4  0.0                           
021826031015105977カフジデューク　　　　　　　　　　　 14.2  3.4-10.2  1.2 -2.6  2  0.0  0                        
021826031115104276ストロベリーピンク　　　　　　　　　 18.5  4.2 -7.0 -6.8 -4.6  0  0.0                           
021826031215110009レリカリオ　　　　　　　　　　　　　 18.0  4.1  0.7 -8.4 -2.9  2  0.0  5                        
021826031315101378クールリフレイン　　　　　　　　　　  2.9  1.4 18.4 18.5 12.3 17 13.8                           
021826031415100178センコウライメイ　　　　　　　　　　 51.0 10.3 -7.0-10.5 -5.9 -1  0.0                           
021826040115105442ウィズワンアコード　　　　　　　　　 18.8  4.1 -3.8 -2.5 -2.1  3  0.0                           
021826040215103213スズカローレル　　　　　　　　　　　 25.5  5.3  8.1 -2.5  1.5  7  0.0                           
021826040315101864ホワイトフォース　　　　　　　　　　  5.1  1.7 16.0 12.9  9.5 15  0.0                           
021826040415104202デルマウオッカ　　　　　　　　　　　  2.7  1.3 14.0 19.7 11.4 16 13.8                           
021826040515100205スエヒロドラ　　　　　　　　　　　　 69.9 13.0-10.2  1.5 -2.5  2  0.0                           
021826040615104179オールドナシュワン　　　　　　　　　  8.0  2.3  9.7  6.4  5.3 10 18.8                           
021826040715104533バトルガニアン　　　　　　　　　　　 26.3  5.4-10.0-11.3 -7.1 -2  0.0  0                        
021826040815102879マイネルミシシッピ　　　　　　　　　 22.3  4.7 -3.5 -1.6 -1.6  3  0.0  5                        
021826040915105180バトルハクオウ　　　　　　　　　　　  7.2  2.1  6.0 21.2  9.6 15 17.5                           
021826041015103822ハギノアテナ　　　　　　　　　　　　 31.5  6.4 -3.8  6.8  1.4  6  0.0                           
021826041115103006ジュンエスポワール　　　　　　　　　 37.1  7.4-10.0 11.6  1.3  6  0.0                           
021826041215102127スズカノロッソ　　　　　　　　　　　  4.8  1.7  9.8 27.0 12.8 18  0.0  2                        
021826041315105074アドマイヤツルギ　　　　　　　　　　 13.7  3.2 -2.6  3.2  0.4  5  0.0                           
021826050116104836ウィクトーリア　　　　　　　　　　　  5.3  1.9 -2.0 16.0  5.3  5 16.3  4                        
021826050216104901シゲルエメラルド　　　　　　　　　　 16.9  4.1  7.8-10.9 -1.7 -2  0.0                           
021826050316104535ダイスアキャスト　　　　　　　　　　 11.6  3.0  8.0 26.3 12.0 12  0.0                           
021826050416103985イチザテイオー　　　　　　　　　　　 16.4  4.0 -7.0  5.5 -0.1  0  0.0                           
021826050516104240クラサーヴィツァ　　　　　　　　　　  7.7  2.4 -3.8  8.4  1.9  2 18.8                           
021826050616105872クリノイヴァンカ　　　　　　　　　　 18.6  4.4  9.0-17.7 -3.8 -4  0.0                           
021826050716104082レークサイド　　　　　　　　　　　　  3.8  1.6 13.7 22.5 12.4 12 13.8                           
021826050816101785エスケーエリス　　　　　　　　　　　 29.9  6.6-10.2-10.5 -6.9 -7  0.0                           
021826050916102989ロネガン　　　　　　　　　　　　　　 55.4 11.4-10.2-10.7 -7.0 -7  0.0                           
021826051016104081ディアマキニスタ　　　　　　　　　　 26.6  6.0-10.2 -7.4 -5.8 -6  0.0                           
021826051116104714アルテヴェルト　　　　　　　　　　　  4.3  1.7 11.0 11.3  7.4  7  0.0                           
021826051216104564ニューポート　　　　　　　　　　　　  6.7  2.2 10.7 13.4  8.1  8  0.0                           
021826051316100683マイネルハイボーン　　　　　　　　　 25.8  5.8-10.2 -1.6 -3.6 -4  0.0                           
021826060114106428キャラメルフレンチ　　　　　　　　　 38.7  6.5-11.0 -9.9 -6.9 13  0.0                           
021826060215104953サンドクイーン　　　　　　　　　　　 19.8  3.7 -3.8-20.0 -8.5 12  0.0  0                        
021826060314103596ウイナーズロード　　　　　　　　　　  3.2  1.4 18.6 18.5 12.4 32 15.0                           
021826060414102717コマノレジェンド　　　　　　　　　　  2.5  1.3 17.4 21.9 13.3 33 13.8                           
021826060514105149ラブユーミー　　　　　　　　　　　　 16.3  3.2  6.0 -5.3 -0.1 20  0.0                           
021826060615100176イイゾ　　　　　　　　　　　　　　　 10.9  2.3 -6.2 21.0  5.8 26  0.0  2                        
021826060714103893チェリースプリング　　　　　　　　　  8.8  2.2  7.7  3.0  3.4 23 17.5                           
021826060814104081キタノユーリン　　　　　　　　　　　 33.5  5.7 -6.2-10.5 -5.7 14  0.0                           
021826060914100172キョウワヒラリー　　　　　　　　　　 11.6  2.4 11.8 21.0 11.2 31  0.0  5                        
021826061014101353サンデュランゴ　　　　　　　　　　　  8.2  2.1  8.7 11.2  6.7 27  0.0                           
021826061114104344イヴノオモイデ　　　　　　　　　　　 35.0  5.9-10.2 -6.2 -5.3 15  0.0                           
021826061214103379スリーミスヨハネス　　　　　　　　　 37.4  6.3-10.2-10.5 -6.9 13  0.0                           
021826070113101126ウインランブル　　　　　　　　　　　 32.5  6.4 -6.7 -5.0 -3.8 16  0.0                           
021826070215100913ゴッドスパロウ　　　　　　　　　　　 31.4  6.2 -3.8-20.0 -8.5 12  0.0  0                        
021826070315101264サンローレンス　　　　　　　　　　　 16.8  3.6 -3.8 -6.2 -3.4 17  0.0                           
021826070414105337アメイズミー　　　　　　　　　　　　 14.8  3.3 -2.6  5.8  1.3 21  0.0                           
021826070515106396オクタヴィウス　　　　　　　　　　　 21.8  4.5 -7.0 -2.5 -3.0 17 22.5                           
021826070614109041フィールドステイ　　　　　　　　　　  4.5  1.6 15.2  9.6  8.1 28 16.3                           
021826070715102764ヴィーヴァバッカス　　　　　　　　　 15.4  3.4 -1.4 40.0 14.2 34  0.0                           
021826070814102296ヌンジュリエット　　　　　　　　　　 27.5  5.5-10.2-17.9 -9.6 10  0.0  0                        
021826070913105566ミラクルユニバンス　　　　　　　　　 31.8  6.2 -3.5-15.4 -6.7 13  0.0  0                        
021826071012100672シンゼンガンプ　　　　　　　　　　　 11.6  2.7  7.7 13.3  7.2 27  0.0                           
021826071114101361バトルスピリッツ　　　　　　　　　　  3.5  1.4 13.8 23.5 12.8 33 15.0  3                        
021826071214102217デスティネイション　　　　　　　　　 27.2  5.4 -7.0-10.5 -5.9 14  0.0                           
021826071314102613メイショウラクエン　　　　　　　　　 60.0 10.9  0.4-19.7 -7.1 13  0.0                           
021826071415106059ボードウォーク　　　　　　　　　　　  3.2  1.4 17.6 27.5 15.4 35  0.0  1  146   63              
021826080113100376ファントムグレイ　　　　　　　　　　 23.1  4.3-10.2-11.3 -7.2 13  0.0  0                        
021826080214101754マイネルユニブラン　　　　　　　　　  9.1  2.3 11.7  8.1  6.5 26  0.0  5                        
021826080315105972レッドオールデン　　　　　　　　　　  2.7  1.3 16.4 26.4 14.6 35 13.8  1  210   58              
021826080415106036タニノミステリー　　　　　　　　　　 23.0  4.3-10.0  5.3 -1.1 19  0.0                           
021826080514100838ショウナンサニー　　　　　　　　　　 13.3  2.8-11.0 -0.8 -3.6 16  0.0                           
021826080615100731コスモレリア　　　　　　　　　　　　 18.2  3.6  5.4 -3.3  0.4 20  0.0                           
021826080714101808ホッコーライデン　　　　　　　　　　  8.0  2.1 -3.5  5.8  1.1 21  0.0                           
021826080814105549ホウオウジャンプ　　　　　　　　　　  9.3  2.3  0.5  6.4  2.5 22  0.0                           
021826080913105720ステイキングダム　　　　　　　　　　  7.7  2.0  8.1  7.9  5.3 25 16.3                           
021826081015103383ミッキーチャーム　　　　　　　　　　  3.2  1.4 18.9 13.3 10.5 31 15.0                           
021826090114105676メンターモード　　　　　　　　　　　  5.5  1.9 11.0 11.5  7.5 28  0.0                           
021826090214103590シルヴァーメテオ　　　　　　　　　　 24.0  5.5 -7.0-20.0 -9.4 11  0.0                           
021826090315110063フォルツァエフ　　　　　　　　　　　  4.1  1.7 12.7 28.9 14.4 34 13.8                           
021826090412105606レンズフルパワー　　　　　　　　　　 23.4  5.4  6.1-10.7 -2.1 18  0.0                           
021826090515101524ライクアロケット　　　　　　　　　　 14.3  3.6 -7.0  3.0 -1.0 19  0.0                           
021826090615104696キープシークレット　　　　　　　　　 30.8  6.9 -7.0-15.9 -7.9 12  0.0  0                        
021826090714103179ショウブニデル　　　　　　　　　　　  6.8  2.2  0.0  0.9  0.3 20 17.5                           
021826090813110107アポロリベリオン　　　　　　　　　　 13.4  3.4  0.8 12.0  4.6 25  0.0                           
021826090914110026タピゾー　　　　　　　　　　　　　　  4.2  1.7 12.8 18.3 10.6 31 15.0                           
021826091014104383コスモカンナム　　　　　　　　　　　 25.4  5.8 -4.7 -5.3 -3.4 17  0.0                           
021826091114100120クリノキング　　　　　　　　　　　　 33.2  7.4-10.2 34.4  9.6 30  0.0                           
021826091214105217シュンノカミ　　　　　　　　　　　　 26.4  6.0-11.0-18.1 -9.9 10  0.0                           
021826091315103768スズノアリュール　　　　　　　　　　 16.5  4.1 -0.6  2.1  0.6 21  0.0  5                        
021826091414101669ティーコア　　　　　　　　　　　　　  8.7  2.7  8.5  7.4  5.3 25  0.0                           
021826100113106057ブリガアルタ　　　　　　　　　　　　 18.3  3.7 -7.0 -5.3 -4.0 26  0.0                           
021826100213105355アグネスリバティ　　　　　　　　　　 15.1  3.2  7.3 10.3  6.0 36  0.0                           
021826100315105057レイエンダ　　　　　　　　　　　　　  2.1  1.2 18.0 32.4 17.3 47 13.8  1  210   58              
021826100414103156ベイビーステップ　　　　　　　　　　 11.6  2.6  1.3  6.1  2.6 33  0.0                           
021826100513105214エルリストン　　　　　　　　　　　　 18.4  3.7-10.4 -1.7 -3.7 26  0.0                           
021826100614105760フリージングレイン　　　　　　　　　  7.3  2.0  8.5  6.3  4.9 35  0.0                           
021826100714102161カリビアンゴールド　　　　　　　　　  5.5  1.7 15.3 13.5  9.5 40 15.0                           
021826100813106060オールドクラシック　　　　　　　　　 31.7  5.8-10.0-15.9 -8.8 21  0.0  0                        
021826100912104284サトノメサイア　　　　　　　　　　　 15.6  3.2 -7.0-20.0 -9.4 21  0.0  0                        
021826101013106178レプランシュ　　　　　　　　　　　　 18.5  3.7 -2.3-13.2 -5.5 24 25.0  0                        
021826101114102424ブラックオニキス　　　　　　　　　　  7.0  2.0 13.6 12.0  8.5 38  0.0                           
021826110116100865ラブミーリッキー　　　　　　　　　　 20.2  4.9  5.0 -4.6 -0.2 50  0.0  0                        
021826110216101053ガイセン　　　　　　　　　　　　　　 59.7 12.6-10.2-20.0-10.4 40  0.0  0                        
021826110316104431スズカカナロア　　　　　　　　　　　  9.5  2.9  8.5  6.3  4.9 55  0.0                           
021826110416103849トーセンオパール　　　　　　　　　　  7.6  2.4  8.2  1.9  3.2 53 18.8  5                        
021826110516101865カルリーノ　　　　　　　　　　　　　  6.4  2.2 11.1 16.3  9.3 59  0.0  3                        
021826110616110079アスターペガサス　　　　　　　　　　  5.3  1.9 13.5 19.6 11.2 61 15.0                           
021826110716102103イチゴミルフィーユ　　　　　　　　　 27.2  6.3-10.2-10.7 -7.0 43  0.0                           
021826110816105439エムティアン　　　　　　　　　　　　 13.7  3.5  4.9 -2.0  0.7 51  0.0                           
021826110916102434ロードワンダー　　　　　　　　　　　 26.9  6.2-10.0 -5.5 -5.0 45  0.0                           
021826111016106424ラブミーファイン　　　　　　　　　　 16.3  4.1 -3.5 12.0  3.3 53  0.0  5                        
021826111116104491ナンヨーイザヨイ　　　　　　　　　　  3.5  1.6 13.0  3.8  5.3 55 13.8                           
021826111216105490ラブリロンリロンス　　　　　　　　　 43.8  9.7-10.2 -3.8 -4.5 46  0.0                           
021826111316105669レコードチェイサー　　　　　　　　　 55.8 11.8 -8.1-10.0 -6.1 44  0.0                           
021826111416100968ヒストリコ　　　　　　　　　　　　　 35.2  7.9 -6.0  8.0  1.1 51  0.0  5                        
021826111516102466ホールドユアハンド　　　　　　　　　  7.3  2.4 -5.4 -2.3 -2.5 48  0.0                           
021826111616105509ニヴィアン　　　　　　　　　　　　　 60.7 12.8 -7.0 -9.5 -5.6 44  0.0  0                        
021826120112105410シンフォニア　　　　　　　　　　　　 33.6  7.7-10.2 -6.8 -5.6 24  0.0                           
021826120214100778サラデコラシオン　　　　　　　　　　 14.1  3.7  5.8 12.0  6.1 36  0.0  5                        
021826120315103195キングキングキング　　　　　　　　　  5.0  2.0  9.9  9.8  6.6 37 15.0  5                        
021826120413106160クードラパン　　　　　　　　　　　　 15.4  4.0  1.0 -3.7 -1.1 29  0.0                           
021826120513102841プッシュアゲン　　　　　　　　　　　 15.1  3.9 -4.2-20.0 -8.6 21  0.0                           
021826120612100777ラブローレル　　　　　　　　　　　　 13.1  3.5  3.0  8.5  4.0 34  0.0                           
021826120713105962レッドカーペット　　　　　　　　　　 72.2 15.5-10.2-13.2 -7.9 22  0.0  0                        
021826120813100724ショウナンアヴィド　　　　　　　　　 29.0  6.8  2.9 -5.9 -1.3 29  0.0                           
021826120911106102ヴァッフシュテルケ　　　　　　　　　 21.9  5.3-10.4  4.5 -1.5 29  0.0                           
021826121013110131トーセンアルバータ　　　　　　　　　 14.2  3.7  5.0-10.7 -2.4 28  0.0                           
021826121113102476キョウエイスコール　　　　　　　　　 27.4  6.4-10.2-10.7 -7.0 23  0.0                           
021826121215104150アリア　　　　　　　　　　　　　　　  4.0  1.7  5.8 18.5  8.5 39  0.0                           
021826121313105765ブレッシングテレサ　　　　　　　　　  8.8  2.8 -1.0  0.5 -0.1 30 17.5                           
021826121412104802クローソー　　　　　　　　　　　　　 14.5  3.8 -6.7-10.5 -5.9 24 22.5                           
021826121513101446ウインハートビート　　　　　　　　　  8.1  2.6  5.3-17.2 -4.7 25  0.0                           
021826121612102808イキオイ　　　　　　　　　　　　　　 14.7  3.8  8.2  0.2  2.5 33  0.0  5                        
031828010116103362セイカハルカゼ　　　　　　　　　　　 17.8  4.1  2.1  6.6  3.0  8  0.0                           
031828010216102760カツコノユメ　　　　　　　　　　　　 34.0  7.2-10.0 -7.5 -5.8 -1  0.0                           
031828010316105797コスモエスパーダ　　　　　　　　　　  9.3  2.7  4.5 15.4  7.0 12  0.0                           
031828010416103261マーマレードガール　　　　　　　　　  7.5  2.3 11.9 17.0  9.8 15 13.5                           
031828010516101435クラーナハズヌード　　　　　　　　　  4.5  1.7 15.0 12.0  8.9 14 14.0                           
031828010616104154トーアマーブル　　　　　　　　　　　 35.3  7.4 -7.5 -1.2 -2.7  2  0.0                           
031828010716100693グレイトレナウン　　　　　　　　　　 44.2  9.2-10.0 -1.6 -3.6  1 11.1                           
031828010816101231ビームフラッシュ　　　　　　　　　　 12.5  3.1  1.8  0.5  0.7  6  0.0                           
031828010916100347セクシーブーツ　　　　　　　　　　　 66.9 13.2-10.0 -6.3 -5.3  0 16.4                           
031828011016102995キングイモン　　　　　　　　　　　　 31.6  6.7-10.0-15.0 -8.5 -3  0.0                           
031828011116102069マドンナブルー　　　　　　　　　　　 30.3  6.5  6.0-13.3 -3.1  2  0.0                           
031828011216100452ロシアンブルー　　　　　　　　　　　 80.1 15.7-10.0 -4.5 -4.7  0  0.0                           
031828011316106348スカイズザリミット　　　　　　　　　  3.2  1.4 10.0 20.2 10.4 15 12.8                           
031828011416102700ヘデラ　　　　　　　　　　　　　　　  4.6  1.7 20.0 11.4 10.2 15  6.3                           
031828011516101559グットラン　　　　　　　　　　　　　 98.8 19.2-11.4-14.3 -8.7 -4  0.0                           
031828011616100220ヤサカリベルテ　　　　　　　　　　　 20.3  4.6 -1.8-13.5 -5.5  0  0.0                           
031828020116102320ダイチヴィーゼ　　　　　　　　　　　 19.5  3.2-11.3 -9.5 -6.9 -2 12.3                           
031828020216101192トーセンバーボン　　　　　　　　　　 13.6  2.4  6.0-11.9 -2.6  2  0.0                           
031828020316103947コスモブッカー　　　　　　　　　　　 17.4  2.9 -2.9 16.5  5.2 10  0.0                           
031828020416106458ドラゴンエナジー　　　　　　　　　　 12.4  2.3-10.0 20.9  4.7 10  0.0  2                        
031828020516101404マイネルモーディグ　　　　　　　　　  8.4  1.9 10.0 15.0  8.5 13 12.5                           
031828020616100901テイエムバリバリ　　　　　　　　　　 15.7  2.7  5.0 -7.1 -1.1  4  0.0                           
031828020716106370カサブランカボーテ　　　　　　　　　 81.7 10.8-13.3-14.7 -9.4 -4  0.0                           
031828020816103006モンタルジー　　　　　　　　　　　　 27.3  4.1 -7.1  8.2  0.9  6  0.0                           
031828020916104164フィッシュダイブ　　　　　　　　　　  2.2  1.2 19.2 15.1 11.3 16 18.1                           
031828021016101372カウムディー　　　　　　　　　　　　 27.1  4.1 -9.0 12.0  1.7  7  0.0  5                        
031828021116105093アトミックフォース　　　　　　　　　  2.8  1.2 20.7 16.4 12.2 17 19.8                           
031828030115106432ビギンアゲイン　　　　　　　　　　　 64.5 11.9-10.0-10.0 -6.7 -2  0.0                           
031828030215101797カレンナヴォーグ　　　　　　　　　　 40.5  7.9-11.4-16.1 -9.3 -4  0.0                           
031828030315105725グラスレガシー　　　　　　　　　　　 37.5  7.4-10.0 -2.9 -4.1  1  0.0  2                        
031828030415101921ノーボーダー　　　　　　　　　　　　 22.0  4.6-12.5-13.8 -8.8 -4 13.0  0                        
031828030515104609プリモアイズ　　　　　　　　　　　　 18.7  4.1  0.7 10.5  4.1  9  0.0                           
031828030615101275チーターイモン　　　　　　　　　　　195.8 34.7-11.4 -8.6 -6.6 -2  0.0                           
031828030715103856カラフルワールド　　　　　　　　　　 30.1  6.0-10.0  6.3 -0.7  4  0.0                           
031828030815105109ミッキーボニータ　　　　　　　　　　  3.0  1.4 17.9 17.3 11.7 17  5.3A 5                        
031828030915105300オグマンテ　　　　　　　　　　　　　 14.0  3.2 11.7  8.8  6.7 12  0.0  5                        
031828031015102230ラブリランテ　　　　　　　　　　　　  8.9  2.5  6.0 -7.7 -1.0  4  0.0                           
031828031115100134クリノヴィグラス　　　　　　　　　　  7.6  2.2 16.6 -3.3  3.8  9 13.5                           
031828031215101492サクラノハナビラ　　　　　　　　　　 15.5  3.5  6.0 11.6  6.1 11  8.2A 5                        
031828031315104399ルコンセール　　　　　　　　　　　　  7.2  2.1 12.4 17.5 10.1 15 15.2                           
031828031415101579テリングブロウ　　　　　　　　　　　 31.5  6.3 -4.6 -1.6 -2.0  3  0.0                           
031828031515100100ラッシュウィン　　　　　　　　　　　  4.0  1.6 20.0 17.8 12.5 18 14.0                           
031828031615103478ノヴァ　　　　　　　　　　　　　　　 95.5 17.3-10.0-17.9 -9.6 -5  0.0  0                        
031828040115104267オフザロック　　　　　　　　　　　　 11.1  2.3  3.5 23.0  9.5 14  0.0                           
031828040215100886マイネルトワイス　　　　　　　　　　 11.3  2.4 20.0  6.3  8.3 13  0.0                           
031828040315106223オペラサンデー　　　　　　　　　　　 32.3  5.4 -9.1 -8.6 -5.9 -1  0.0  0                        
031828040415101184インプレスシチー　　　　　　　　　　 13.7  2.7-10.4  0.8 -2.8  2 15.4                           
031828040515109072ベリーグウ　　　　　　　　　　　　　170.8 25.2-11.4 -7.5 -6.2 -1  0.0                           
031828040615102523ドミネーター　　　　　　　　　　　　  3.4  1.4 15.0 17.5 10.9 16 14.0  3                        
031828040715104570リミックス　　　　　　　　　　　　　 35.8  6.0 20.7-12.4  1.7  7  0.0                           
031828040815109012サイモンルチアーノ　　　　　　　　　142.5 21.2-10.0-13.8 -8.1 -3  0.0                           
031828040915103150トラストアゲン　　　　　　　　　　　 49.2  7.9-10.0  3.8 -1.6  3  0.0                           
031828041015101251ハタノレジーナ　　　　　　　　　　　 16.5  3.2 -8.0 -9.2 -5.8 -1  0.0                           
031828041115100763ゴールドパッション　　　　　　　　　  2.3  1.2 12.0 20.0 10.9 16 18.1                           
031828041215101061スマートフレイ　　　　　　　　　　　  7.2  1.9 10.6 23.7 11.9 17  6.3                           
031828041315105894ヌーヴェプレジール　　　　　　　　　114.1 17.1-11.4-11.5 -7.6 -3  0.0                           
031828041415100030アルファルミナス　　　　　　　　　　 41.8  6.8-10.0 -2.1 -3.8  1 14.4C                          
031828041515101523シゲルヤングコーン　　　　　　　　　 26.2  4.5-10.0-16.1 -8.9 -4  0.0                           
031828050116101709トゥザムーン　　　　　　　　　　　　 59.2 10.2-10.0 -7.2 -5.6 -6  0.0                           
031828050216102769ファイトフラッシュ　　　　　　　　　 22.7  4.4 -4.7  4.7  0.3  0  0.0                           
031828050316103836トーセンペリドット　　　　　　　　　 28.0  5.3-10.0 12.0  1.4  1  0.0  5                        
031828050416101714ススメヨンマル　　　　　　　　　　　112.6 18.8-10.0-14.7 -8.4 -8  0.0                           
031828050516102913ピンクフラミンゴ　　　　　　　　　　112.6 18.8-10.0-10.0 -6.7 -7  0.0                           
031828050616100701オーレア　　　　　　　　　　　　　　 14.2  3.0  0.0  9.2  3.4  3 10.3C                          
031828050716106001スキルドロイヤー　　　　　　　　　　 25.4  4.9 -9.0  5.6 -0.6 -1  0.0                           
031828050816104241ポリアンサ　　　　　　　　　　　　　  4.2  1.5 16.3 14.1 10.1 10 19.8                           
031828050916105091マジックリアリズム　　　　　　　　　  2.5  1.3 20.4 18.0 12.7 13 18.1                           
031828051016100608アムルーズ　　　　　　　　　　　　　 77.1 13.1 -3.5 -3.2 -2.2 -2  0.0                           
031828051116104098ベストオンアース　　　　　　　　　　  7.6  2.1  9.5 15.2  8.4  8 13.5                           
031828051216104463ランスフォード　　　　　　　　　　　 18.0  3.7 -9.1  0.7 -2.5 -2  0.0                           
031828051316104294レヨン　　　　　　　　　　　　　　　  5.0  1.6 10.0 14.5  8.3  8  0.0                           
031828051416105283ココリアッピア　　　　　　　　　　　 27.9  5.3 -2.7  6.3  1.5  2  0.0                           
031828051516100254フラワーズアート　　　　　　　　　　 24.4  4.7  0.8  5.2  2.1  2  0.0                           
031828060115104916ミッキーハイド　　　　　　　　　　　  2.3  1.3 20.0 24.1 14.8 20 18.1                           
031828060215101659パストゥール　　　　　　　　　　　　 11.2  2.6  6.0  7.1  4.4  9 17.5                           
031828060315102829ローズピルグリム　　　　　　　　　　 17.5  3.7 20.7  9.5  9.7 15  8.2                           
031828060415103997トーアクリスティー　　　　　　　　　 26.4  5.2-10.0  7.1 -0.4  5  0.0                           
031828060515102730オモウツボ　　　　　　　　　　　　　 33.4  6.4-11.4-19.3-10.5 -5  0.0  0                        
031828060615103034ショーマノキセキ　　　　　　　　　　 79.5 13.9-11.3-13.3 -8.3 -3  0.0                           
031828060715100962マウントレーニア　　　　　　　　　　 87.3 15.2-11.4 -7.6 -6.2 -1  0.0                           
031828060815101019プレイズラン　　　　　　　　　　　　  5.3  1.7 17.9 15.8 11.2 16 11.6  5                        
031828060915106371ミントグリーン　　　　　　　　　　　 15.2  3.3  6.0  9.4  5.2 10  0.0  5                        
031828061015100866ホクラニ　　　　　　　　　　　　　　 24.5  4.9 -1.6-11.0 -4.5  0  0.0                           
031828061115104698ムールヴェードル　　　　　　　　　　  6.7  2.0 12.4  5.2  5.6 11  9.6                           
031828061215101071ナムラファルネーゼ　　　　　　　　　 89.1 15.5-11.4  5.6 -1.4  4  0.0                           
031828061315101006ペティヤン　　　　　　　　　　　　　 57.7 10.3-10.0-16.6 -9.1 -4  0.0                           
031828061415102935シャトープリンセス　　　　　　　　　126.0 21.7-14.7-17.5-10.8 -6  0.0  0                        
031828061515102994ダジボーグ　　　　　　　　　　　　　  6.1  1.8  8.2 13.2  7.3 12  0.0  5                        
031828061615100220ウインサジェス　　　　　　　　　　　 32.4  6.2 -4.6-17.6 -7.8 -3  0.0                           
031828070115101852アイリスロード　　　　　　　　　　　 45.2  7.9-11.4 -7.2 -6.1 -1  0.0                           
031828070215105238ジュビラント　　　　　　　　　　　　 66.8 11.1-11.4-13.3 -8.3 -3  0.0                           
031828070315106307グッドトゥヒアー　　　　　　　　　　106.0 17.2-11.4-13.7 -8.4 -3  0.0                           
031828070415103864キスオンザグリーン　　　　　　　　　 12.2  2.7  6.0  1.4  2.3  7  0.0                           
031828070515100947アイリーデイ　　　　　　　　　　　　109.4 17.8-11.4-11.8 -7.7 -3  0.0                           
031828070615105242ツクバマカナ　　　　　　　　　　　　 72.6 12.0-10.0  5.7 -0.9  4  0.0                           
031828070715104681ゴールドパッキャオ　　　　　　　　　  2.6  1.2 15.0 21.9 12.5 18 18.1                           
031828070815106231アルスラーン　　　　　　　　　　　　  3.6  1.4 12.0 19.9 10.9 16 19.8                           
031828070915102040ホーネットドリーム　　　　　　　　　 41.2  7.3-11.4 -7.2 -6.1 -1  0.0                           
031828071015100725マイネルビーラヴド　　　　　　　　　 39.6  7.0-10.0 -4.5 -4.7  0  0.0                           
031828071115102118ペイシェンス　　　　　　　　　　　　 23.1  4.4  4.5 14.2  6.6 12  0.0                           
031828071215105408クイーンズトゥルー　　　　　　　　　 23.8  4.5  0.6 -3.9 -1.3  4  0.0                           
031828071315100572ヤマニンフォルツァ　　　　　　　　　 12.8  2.8-10.0  6.9 -0.5  5  7.2                           
031828071415100710スーパースナッズ　　　　　　　　　　 18.4  3.7 10.0 11.8  7.3 12  0.0                           
031828071515103018クスリバコ　　　　　　　　　　　　　  4.4  1.5 20.0 23.9 14.8 20 15.1                           
031828071615102302エスパージョー　　　　　　　　　　　 36.3  6.5-11.4-17.5 -9.8 -5  0.0  0                        
031828080112102119ハッピーサークル　　　　　　　　　　 24.8  4.8 -6.4 -1.6 -2.5 17  0.0                           
031828080214104248ホノカ　　　　　　　　　　　　　　　 35.8  6.7-14.7-14.7 -9.8 10  0.0  0                        
031828080315100897ジョワユーズ　　　　　　　　　　　　 34.4  6.5 -6.1 -7.5 -4.6 15  0.0  0                        
031828080413102016バレエダンサー　　　　　　　　　　　 46.6  8.5 -9.0 -1.4 -3.2 17  0.0                           
031828080515105509コパノステラート　　　　　　　　　　 15.4  3.3 -4.2  9.0  2.0 22  0.0                           
031828080615101025アポロレイア　　　　　　　　　　　　  6.5  1.9  8.9  6.6  5.1 25 12.5                           
031828080715100384ドヒョウギワ　　　　　　　　　　　　  6.3  1.9 16.4 14.6 10.3 30  0.0                           
031828080815103256タツオウカランブ　　　　　　　　　　 13.3  3.0 -2.8  5.5  1.2 21 10.3A                          
031828080915106441フジノシャイン　　　　　　　　　　　 16.2  3.5 -1.0  4.3  1.3 21 21.0                           
031828081013102296アルセナーレ　　　　　　　　　　　　  7.8  2.2  8.6 12.2  7.1 27  0.0                           
031828081114100719マースチェル　　　　　　　　　　　　 28.8  5.5-10.4-12.4 -7.7 12  0.0                           
031828081215102732ディアベリンダ　　　　　　　　　　　 81.9 14.1-10.0-13.7 -8.0 12  0.0                           
031828081314105672エバープリンセス　　　　　　　　　　 15.2  3.3  3.3 -2.2  0.2 20  7.7                           
031828081415104006マリームーン　　　　　　　　　　　　  2.1  1.2 15.0 22.2 12.6 33 18.1B                          
031828090114100208ウインイクシード　　　　　　　　　　 17.1  3.7  5.6-11.0 -2.4 18  7.7                           
031828090215103021ワタシヲマッテル　　　　　　　　　　  4.5  1.6 16.5 16.3 10.9 31  6.2                           
031828090314100960レッドアメリア　　　　　　　　　　　 25.2  5.1-10.0  7.1 -0.4 20  0.0                           
031828090415103980ショウナンラーゼン　　　　　　　　　 39.6  7.7-12.5-11.8 -8.1 12 13.7  0                        
031828090515100726ヴィオトポス　　　　　　　　　　　　 22.5  4.6  6.0 -5.0  0.0 20  0.0                           
031828090614110085ビジューブランシュ　　　　　　　　　 51.8  9.8-10.0-13.7 -8.0 12  0.0  0                        
031828090713101912コスモレティクルム　　　　　　　　　 39.0  7.6-10.4 -2.2 -3.9 16  0.0                           
031828090814105853アーザムブルー　　　　　　　　　　　  3.3  1.4 18.5 10.0  9.2 29 12.8                           
031828090915100960カラリエーヴァ　　　　　　　　　　　  4.8  1.6 13.4  5.9  6.2 26 13.5                           
031828091014105691サーワシントン　　　　　　　　　　　 53.3 10.1-11.4 -9.8 -7.0 13  0.0                           
031828091114101302ヴァンベールシチー　　　　　　　　　  9.2  2.5  2.4  4.6  2.4 22  0.0                           
031828091214100726マイネルズイーガー　　　　　　　　　  3.4  1.4 15.3 11.1  8.7 29 14.0                           
031828100112103204ダイワインパルス　　　　　　　　　　  3.6  1.6 13.8 27.3 14.1 44 10.6                           
031828100213105608ポルトドレーヴ　　　　　　　　　　　 84.5 17.5 -9.5-10.5 -6.7 23  0.0                           
031828100311104419アンプラグド　　　　　　　　　　　　 13.9  3.6 -6.9 -9.6 -5.6 24  0.0                           
031828100412104838ダークネブラス　　　　　　　　　　　 22.0  5.2  2.3-11.8 -3.6 26  0.0                           
031828100513106153リリカルホワイト　　　　　　　　　　 44.2  9.7 -4.5 -7.5 -4.1 26  0.0  0                        
031828100612101483イェドプリオル　　　　　　　　　　　 24.1  5.6  0.7  1.9  0.9 31  0.0                           
031828100714106387ヴィーナスアロー　　　　　　　　　　 43.1  9.5-11.3-17.5 -9.8 20  0.0  0                        
031828100815104555フロリアヌス　　　　　　　　　　　　 16.0  4.0 -1.4  4.2  1.1 31  0.0                           
031828100915105131マイネルアンファン　　　　　　　　　  7.4  2.4 10.2 10.8  7.0 37 16.3  5                        
031828101013109018リスペクトアース　　　　　　　　　　  5.0  1.9  6.6 21.3  9.8 40 14.0                           
031828101114103425スペルマロン　　　　　　　　　　　　  8.8  2.7  7.1 12.0  6.5 37  7.7A                          
031828101212106074ウォーターイーグル　　　　　　　　　 40.7  9.0 -2.9-10.1 -4.6 25  0.0                           
031828101312103387ディアコンチェルト　　　　　　　　　  6.6  2.2 12.9 20.5 11.4 41 15.1                           
031828101413104415サクラエンパイア　　　　　　　　　　  7.8  2.5 13.0  3.6  5.2 35  0.0                           
031828101512104423キングズアフェアー　　　　　　　　　 19.1  4.6  2.5 -3.2 -0.4 30  0.0                           
031828110111106394ショウナンバッハ　　　　　　　　　　 11.2  3.0  6.0 -2.1  1.0 46  7.7                           
031828110211104263サトノスティング　　　　　　　　　　  8.4  2.7  5.1  9.7  5.1 50  0.0                           
031828110315101946プリヴィレッジ　　　　　　　　　　　117.4 24.5-14.7-10.0 -8.1 37  0.0                           
031828110414103795ワンダープチュック　　　　　　　　　 15.8  4.0 -2.1  1.8  0.0 45  0.0                           
031828110511104205ダイワリベラル　　　　　　　　　　　 29.3  6.8-10.0  4.5 -1.4 44  0.0                           
031828110613102323ゲッカコウ　　　　　　　　　　　　　 12.0  3.2 -2.4  9.6  2.8 48  0.0  5                        
031828110709106384ブレイズアトレイル　　　　　　　　　117.4 24.5-14.7-10.0 -8.1 37  0.0                           
031828110812104164ミュゼエイリアン　　　　　　　　　　 22.0  5.3-10.0 -9.5 -6.5 39  0.0                           
031828110913105387タイセイサミット　　　　　　　　　　  4.5  1.7 18.8 21.6 13.6 59 14.0                           
031828111013105781テオドール　　　　　　　　　　　　　  4.2  1.7 10.4 12.3  7.6 53 12.8 1                         
031828111112104139ウイングチップ　　　　　　　　　　　 28.2  6.6-10.0-13.7 -8.0 37  0.0                           
031828111214101903ライジングリーズン　　　　　　　　　  7.6  2.5 12.0 21.9 11.6 57  6.8                           
031828111312104929レーヴミストラル　　　　　　　　　　 24.7  5.8-12.5-11.8 -8.1 37  0.0  0                        
031828111412104463マサハヤドリーム　　　　　　　　　　  4.6  1.7 25.1 10.4 11.3 56 21.4                           
031828111511104293ピークトラム　　　　　　　　　　　　115.9 24.2-14.7-10.0 -8.1 37  0.0                           
031828111610103926エデンロック　　　　　　　　　　　　117.4 24.5-14.7-10.0 -8.1 37  0.0                           
031828120114103615ダイイチターミナル　　　　　　　　　  4.6  1.7 11.3 18.2 10.1 30  0.0                           
031828120214100625ポンポン　　　　　　　　　　　　　　 50.6 10.0-10.0-13.8 -8.1 12  0.0                           
031828120313106293フリームーヴメント　　　　　　　　　 68.4 12.9 20.0-13.7  1.0 21  0.0                           
031828120415103793ココロストライク　　　　　　　　　　 36.0  7.3-10.0 -5.6 -5.1 15  0.0  0                        
031828120514105116プリティマックス　　　　　　　　　　  5.5  1.8  6.0 23.0 10.2 30  0.0  3                        
031828120613102271カワキタピリカ　　　　　　　　　　　 20.4  4.5  6.0  2.7  2.8 23  8.7                           
031828120713102276カムイ　　　　　　　　　　　　　　　 76.9 14.5-10.0 -9.6 -6.5 13  0.0                           
031828120812102503サンタナブルー　　　　　　　　　　　 12.0  2.9-10.0 14.3  2.2 22  7.7                           
031828120913102031チタンクレバー　　　　　　　　　　　  8.0  2.3  0.8  5.5  2.3 22 24.7A                          
031828121015102557サブリナ　　　　　　　　　　　　　　 30.7  6.3 -6.9-17.5 -8.5 12  0.0  0                        
031828121114100462ニシノオウカン　　　　　　　　　　　 13.7  3.2  7.0 12.6  6.7 27  0.0                           
031828121213102672サンアンダーソン　　　　　　　　　　107.6 20.0-11.4-14.7 -8.8 11  0.0                           
031828121314103404タケショウベスト　　　　　　　　　　  2.9  1.4 15.0 22.1 12.6 33 18.1                           
031828121415102909シキシマ　　　　　　　　　　　　　　 63.8 12.1-10.0-20.0-10.3 10  0.0  0                        
031828121512106162シュンクルーズ　　　　　　　　　　　 70.2 13.3-10.0 -9.6 -6.5 13  0.0                           
031828121613101901マイネルパッセ　　　　　　　　　　　  7.5  2.2-10.0 10.0  0.7 21  9.6                           
071838010116102353マイネルプリサイス　　　　　　　　　 23.4  3.7-10.7 -8.7 -6.5 -2  0.0                           
071838010216102872ダンツスピリット　　　　　　　　　　 36.1  5.4-10.7-10.3 -7.0 -2  0.0                           
071838010316105875ハイオソラール　　　　　　　　　　　 18.8  3.2 -5.2-12.5 -5.7 -1  0.0                           
071838010416106058シャイリースマイル　　　　　　　　　 46.6  6.8 -6.7-10.3 -5.5 -1  0.0                           
071838010516101718マルモネオフォース　　　　　　　　　  5.1  1.4 15.8 15.0 10.3 15 21.3                           
071838010616101417シンボリサージュ　　　　　　　　　　 28.1  4.4  1.9 11.0  4.0  9  0.0                           
071838010716100471ヒルノベルゲン　　　　　　　　　　　 20.9  3.5  3.4-11.0 -2.1  3 22.6                           
071838010816101585ダンツアタッカー　　　　　　　　　　 29.3  4.5-10.7-11.8 -7.5 -2  0.0                           
071838010916104702アドマイヤジャスタ　　　　　　　　　  2.2  1.2 17.6 15.7 11.2 16 15.0                           
071838011016102163メイショウフナカジ　　　　　　　　　 16.6  2.9  4.7  9.7  4.6 10  0.0                           
071838011116104298トロイメント　　　　　　　　　　　　  3.0  1.2 16.8 18.9 11.8 17 19.6                           
071838011216106121アイファープライス　　　　　　　　　 28.9  4.5-14.0 -8.6 -7.7 -3  0.0                           
071838020115100545チャームリング　　　　　　　　　　　 41.8  7.5-10.7 -0.4 -4.0  1  0.0                           
071838020215100665ジャスパームーン　　　　　　　　　　 49.5  8.8-11.4-11.1 -7.5 -3  0.0                           
071838020315101813ヴィヴィアナガール　　　　　　　　　 88.1 14.8-10.7-10.7 -7.1 -2  0.0                           
071838020415103524リリカルドリーム　　　　　　　　　　 18.5  3.8 15.4 -2.6  4.9 10 10.1                           
071838020515103309ネオテスタメント　　　　　　　　　　 52.1  9.2 -5.1 16.1  3.0  8  0.0                           
071838020615105299スウェアジーク　　　　　　　　　　　 37.4  6.8-10.7 -8.7 -6.5 -2  0.0                           
071838020715101241クラウンチャンプ　　　　　　　　　　 15.0  3.2  9.3 18.1  8.8 14  0.0                           
071838020815104777バレンタインジェム　　　　　　　　　 30.6  5.7 -6.7  5.4 -0.8  4  0.0                           
071838020915100996ダズリングジュエル　　　　　　　　　 45.5  8.1-10.7 -8.7 -6.5 -2  0.0                           
071838021015101988マルヨカナ　　　　　　　　　　　　　 53.4  9.4-10.7-12.0 -7.5 -3  0.0                           
071838021115102094ダイメイスズ　　　　　　　　　　　　  3.7  1.4 10.2 18.3  9.2 14 19.6                           
071838021215102498エヴァイエ　　　　　　　　　　　　　 12.3  2.7  6.3  6.1  4.1  9  7.2                           
071838021315103342ウォーターキラキラ　　　　　　　　　121.8 20.2-10.7 -9.3 -6.7 -2  0.0                           
071838021415105007マコトスクラリキ　　　　　　　　　　102.7 17.1-10.7-10.8 -7.2 -2  0.0                           
071838021515101399メモリーコロネット　　　　　　　　　  3.7  1.4 10.2 21.0 10.0 15 21.3                           
071838021615103177トウケイサミドリ　　　　　　　　　　123.1 20.4-10.7-11.0 -7.2 -2  0.0                           
071838021715102657リュニヴェール　　　　　　　　　　　  2.6  1.2 17.3 23.1 13.3 18 18.0                           
071838021815100443クリノユナチャン　　　　　　　　　　 47.6  8.5-10.7 -2.7 -4.7  0  0.0                           
071838030115105785ゴッサム　　　　　　　　　　　　　　 43.6  8.7-10.7-10.8 -7.2 -2  0.0                           
071838030215103116キクノエスペルト　　　　　　　　　　 33.5  6.8 -6.7  9.2  0.3  5  0.0                           
071838030315104945ピュールフォルス　　　　　　　　　　  8.6  2.5 14.1  5.8  6.9 12  0.0                           
071838030415105458アージェス　　　　　　　　　　　　　  7.1  2.2  5.8  6.2  4.0  9 19.1                           
071838030515106478パープルツルカメ　　　　　　　　　　 59.9 11.4-10.7-10.7 -7.1 -2  0.0                           
071838030615101561ラファイエ　　　　　　　　　　　　　 61.4 11.7-15.0-10.1 -8.5 -4 21.6                           
071838030715103046メイショウカチョウ　　　　　　　　　 89.8 16.8-10.7-10.3 -7.0 -2  0.0                           
071838030815102929アンティグラビティ　　　　　　　　　 20.3  4.5  3.8 -4.3  0.1  5  0.0  0                        
071838030915106315アメリカズハート　　　　　　　　　　  3.0  1.4 14.7 17.3 10.6 16 18.0                           
071838031015100908セルリアンラグバ　　　　　　　　　　 89.8 16.8-10.7-14.4 -8.2 -3  0.0                           
071838031115102211レッドランサー　　　　　　　　　　　  4.2  1.6 12.2 27.2 12.6 18 19.6                           
071838031215102856メイショウドーラ　　　　　　　　　　 31.7  6.5-10.7-11.0 -7.2 -2  0.0                           
071838031315103001ビッグウェーブ　　　　　　　　　　　 21.6  4.6  3.3-10.6 -2.0  3  0.0                           
071838031415100625アントルメ　　　　　　　　　　　　　 11.0  2.7 10.8  9.6  6.8 12  0.0                           
071838031515100546ヒルノコルドバ　　　　　　　　　　　 38.4  7.7-11.4-11.0 -7.5 -2  0.0                           
071838031615106500テーオージーニアス　　　　　　　　　  5.5  1.8 14.7 10.9  8.7 14  6.7                           
071838040112102956マッシヴランナー　　　　　　　　　　  3.0  1.3 18.2 19.8 12.6 13 16.4                           
071838040211105439メイショウイチオシ　　　　　　　　　 19.4  3.6-11.7  7.8 -2.0 -2  0.0  5                        
071838040314105574ベストダンス　　　　　　　　　　　　 30.5  5.3 -9.7 -5.4 -5.2 -5  0.0                           
071838040414110056メリオラ　　　　　　　　　　　　　　  2.6  1.2 19.2 23.6 14.1 14 18.0                           
071838040514100075ローレルヴィクター　　　　　　　　　 32.6  5.6-11.4 -8.1 -6.6 -7  0.0                           
071838040615103807ハルキストン　　　　　　　　　　　　  6.9  1.8 10.7 13.9  8.1  8 12.6                           
071838040713104910ダイシンサクセス　　　　　　　　　　 18.5  3.5 -4.9-11.1 -5.1 -5  0.0                           
071838040811101814パリカラノテガミ　　　　　　　　　　 12.4  2.6  9.7  4.5  4.9  5  7.7                           
071838040912101892スマートカルロス　　　　　　　　　　  4.4  1.4 16.8 23.1 13.1 13 11.7                           
071838041015105395シゲルゴボウ　　　　　　　　　　　　 37.2  6.3-10.7  8.3 -1.4 -1  0.0                           
071838050116105873タイセイクルーガー　　　　　　　　　 15.3  2.8 -3.6 31.5  8.1  8  8.8                           
071838050216103418ハッピーパラダイス　　　　　　　　　 46.2  7.1-11.4-11.0 -7.5 -7  0.0                           
071838050316104840プランドラー　　　　　　　　　　　　  2.4  1.2 18.3 23.2 13.7 14  8.1  2                        
071838050416100616コンバージェンス　　　　　　　　　　 13.8  2.6  8.3  6.6  5.0  5 10.1                           
071838050516101207アドマイヤポラリス　　　　　　　　　  4.7  1.4 13.8 14.8  9.5 10 21.3                           
071838050616100677マイネルデーゲン　　　　　　　　　　 31.9  5.1-10.8-10.7 -7.2 -7  0.0                           
071838050716106169ミヤケ　　　　　　　　　　　　　　　 12.3  2.4  3.2 11.0  4.5  4 13.5  1  180   39              
071838050816102160サターン　　　　　　　　　　　　　　  2.8  1.2 19.1 22.6 13.8 14 19.6                           
071838050916103612ソルトホープ　　　　　　　　　　　　  9.3  2.1  1.0  8.8  3.0  3  0.0                           
071838060115110012シールドロック　　　　　　　　　　　 58.3  9.3-10.7-13.6 -8.0 -3  0.0                           
071838060215104240ブルーブルイヤール　　　　　　　　　 64.8 10.2-10.7-10.3 -7.0 -2  0.0                           
071838060315101394クイックファイア　　　　　　　　　　 14.7  2.9-11.4 -2.2 -4.8  0 10.3                           
071838060415102258アカネコントレイル　　　　　　　　　 42.2  7.1-10.7 -6.3 -5.8 -1  0.0                           
071838060515103226オウケンキング　　　　　　　　　　　 20.0  3.8  8.4 11.2  6.4 11 17.1                           
071838060615110040ララペイフォワード　　　　　　　　　 40.6  6.8-10.7-11.1 -7.3 -2  0.0                           
071838060715103151グランソード　　　　　　　　　　　　 28.3  5.0 13.2  6.0  6.6 12  0.0                           
071838060815100507タガノフウジン　　　　　　　　　　　 16.8  3.3 -6.7 -6.3 -4.3  1  0.0                           
071838060915110031キャットタング　　　　　　　　　　　 12.3  2.6  3.4  7.1  3.4  8  0.0                           
071838061015110016モズダディー　　　　　　　　　　　　 19.5  3.7 -6.9-11.5 -6.0 -1  0.0                           
071838061115100628ラティーノヒート　　　　　　　　　　 20.7  3.9-10.7 16.7  1.1  6  0.0                           
071838061215100622ヴィンセント　　　　　　　　　　　　 16.3  3.2  2.8 -4.8 -0.4  5 10.1                           
071838061315103760アトス　　　　　　　　　　　　　　　  2.2  1.2 21.5 20.5 14.0 19 18.0                           
071838061415104507カフジフロンティア　　　　　　　　　 49.1  8.1-10.7-13.6 -8.0 -3 21.6                           
071838061515101671ブルーウィング　　　　　　　　　　　  4.1  1.5  8.6 15.9  7.9 13  8.8                           
071838061615103199スズカビレッジ　　　　　　　　　　　 15.8  3.1-14.0  4.3 -3.8  1  7.7                           
071838070114103831デュパルクカズマ　　　　　　　　　　 34.4  5.6-11.4 -9.4 -7.0 13  0.0                           
071838070214102172フラガリア　　　　　　　　　　　　　 37.9  6.0 -5.9 -1.4 -2.6 17 18.9                           
071838070313101667キラージョー　　　　　　　　　　　　 18.2  3.3 -0.5  6.9  1.9 22  8.8                           
071838070414103934コスモス　　　　　　　　　　　　　　 62.8  9.3-10.7-15.2 -8.5 12  0.0                           
071838070515105052ボナヴィーゴ　　　　　　　　　　　　 11.7  2.4  2.8 11.2  4.4 24  8.2                           
071838070615104300ミエノウインウイン　　　　　　　　　 12.4  2.5  7.4  8.8  5.4 25  0.0                           
071838070714105848サトノマサムネ　　　　　　　　　　　 60.6  9.0-10.7-10.6 -7.1 13  0.0                           
071838070814103524メイショウグロッケ　　　　　　　　　 30.2  4.9  3.3  6.6  3.2 23  0.0                           
071838070914105369カルトデュモンド　　　　　　　　　　 46.9  7.3-11.4-10.3 -7.3 13  0.0                           
071838071015104860スラッシュメタル　　　　　　　　　　  3.5  1.4 13.7 13.3  9.0 29 19.6                           
071838071113104232サンライズサーカス　　　　　　　　　 13.7  2.6  2.4-14.1 -3.3 17  0.0                           
071838071212101685ダイシンカレラ　　　　　　　　　　　 28.6  4.7 -5.6  7.8  0.3 20  0.0  5                        
071838071314105048ミスレジェンド　　　　　　　　　　　 62.9  9.4-11.4-10.0 -7.2 13  0.0                           
071838071415104714レッドヴェイロン　　　　　　　　　　  2.2  1.2 20.1 16.2 12.2 32 18.0                           
071838071514101349エイシンルカーノ　　　　　　　　　　 84.5 12.3-11.4-10.3 -7.3 13  0.0                           
071838071615105027タイセイグランツ　　　　　　　　　　 13.0  2.5  8.8 -0.8  3.0 23 11.0                           
071838080114103690サンライズチャージ　　　　　　　　　 14.8  3.8 -0.3 12.6  3.7 24  0.0                           
071838080215103127スターリーウォリア　　　　　　　　　  9.3  2.8  3.4 -1.9  0.7 21  0.0                           
071838080312103494メイショウナガマサ　　　　　　　　　 16.7  4.2  4.3 12.0  5.2 25  0.0                           
071838080413105192アドマイヤムテキ　　　　　　　　　　 12.2  3.2 -4.4  9.1  1.1 21  0.0                           
071838080513100401リリーシューター　　　　　　　　　　 39.6  8.9 -5.9 -9.6 -5.0 15 22.5                           
071838080614102122クリノアントニヌス　　　　　　　　　  8.8  2.7 16.9 25.9 14.0 34  8.8                           
071838080715103048スズカフェスタ　　　　　　　　　　　 16.0  4.0-11.4 -3.3 -5.2 15  0.0                           
071838080811101837サンレイレッカー　　　　　　　　　　 39.3  8.8-10.7-15.3 -8.5 11  0.0                           
071838080915103228スリーヘリオス　　　　　　　　　　　  6.6  2.2 -1.9 16.8  4.3 24  0.0  2                        
071838081012105911カイマノア　　　　　　　　　　　　　 52.0 11.4-15.0-10.3 -8.6 11  0.0                           
071838081115110037ジュピターカリスト　　　　　　　　　  6.4  2.2  1.1  8.1  2.8 23  8.8  5                        
071838081214101110ケンシュナウザー　　　　　　　　　　 26.8  6.2 -3.8-10.0 -4.4 16 36.0                           
071838081315101518カレンガリアード　　　　　　　　　　 18.1  4.5 -3.1 -2.0 -1.7 18  0.0                           
071838081415101576ハウリング　　　　　　　　　　　　　 32.4  7.4 -1.2 16.1  4.4 24 11.8                           
071838081513104461ファビラスヒーロー　　　　　　　　　 24.0  5.6 -6.7 -2.3 -3.1 17  0.0                           
071838081615100512タガノアム　　　　　　　　　　　　　  3.2  1.5  7.1  6.9  4.7 25 18.0                           
071838090115101329マイスターシャーレ　　　　　　　　　  5.1  1.8 13.1  9.7  7.7 28 22.9                           
071838090214102694ダノンケンリュウ　　　　　　　　　　 36.5  7.8-11.4-10.3 -7.3 13  0.0                           
071838090312104654ブロウユアマインド　　　　　　　　　 40.4  8.5-11.4-10.3 -7.3 13  0.0                           
071838090415104512スヴァルナ　　　　　　　　　　　　　  8.1  2.4 12.0 14.0  8.6 29 24.5  4                        
071838090514103040エイシンクリック　　　　　　　　　　 12.5  3.1  2.4  4.1  2.1 22  0.0                           
071838090615105026シエラネバダ　　　　　　　　　　　　 30.1  6.5-10.7 -2.8 -4.8 15  0.0                           
071838090715101077ナムラドノヴァン　　　　　　　　　　 25.2  5.6 -3.3  2.2 -0.6 19 16.2                           
071838090814102453シャドウブリランテ　　　　　　　　　  3.3  1.5 15.5 17.3 10.9 31  8.1                           
071838090914100116エスピリトゥオーゾ　　　　　　　　　 61.7 12.3-11.4-11.9 -7.8 12  0.0                           
071838091014100355オンワードミシガン　　　　　　　　　 36.5  7.8-10.8-12.9 -7.8 12  0.0  0                        
071838091114106197インヴィクタ　　　　　　　　　　　　  4.7  1.7  8.9 11.7  6.8 27  0.0                           
071838091214104766ラピッドシップ　　　　　　　　　　　 49.2 10.2 -8.5-13.6 -7.2 13  0.0                           
071838091315101654アフリカンゴールド　　　　　　　　　  4.6  1.7 14.0 10.6  8.3 28  6.2                           
071838091415106174シャフトオブライト　　　　　　　　　 24.1  5.3 -6.7-11.0 -5.8 14 10.7                           
071838100113105956ソーディヴァイン　　　　　　　　　　  6.5  2.1 -5.7  8.1  0.3 30  0.0                           
071838100214105431ストロベリームーン　　　　　　　　　  2.9  1.4 17.0  7.8  8.6 39  8.1  5                        
071838100315100589ヤマニンレジスタ　　　　　　　　　　 11.8  3.0  0.2  6.2  1.9 32  0.0                           
071838100414104410スズカコーズライン　　　　　　　　　  5.7  2.0  9.0 13.1  7.2 37  8.8                           
071838100515105144アスターソード　　　　　　　　　　　 50.8 10.5 -6.7-13.6 -6.5 23 22.5                           
071838100612105305ミカエルシチー　　　　　　　　　　　 23.5  5.2  5.8-10.3 -1.0 29  0.0                           
071838100715102824メイショウコゴミ　　　　　　　　　　 11.1  2.9  3.2 16.1  6.0 36 20.5                           
071838100815103109メイショウミライ　　　　　　　　　　  6.3  2.1  1.9 12.9  4.6 35 18.4                           
071838100912105899コンドルヒデオ　　　　　　　　　　　 76.9 15.2-10.7 -8.7 -6.5 23  0.0                           
071838101013102547クリノシャンボール　　　　　　　　　 37.7  8.0 -3.2 10.8  2.1 32  0.0                           
071838101112106232ヒルノデンハーグ　　　　　　　　　　 34.3  7.3 -5.6-10.3 -5.1 25 18.0                           
071838101213101400キョウワエステル　　　　　　　　　　 39.7  8.4-10.7-12.4 -7.6 22  0.0                           
071838101313106011バシレウスライオン　　　　　　　　　 45.8  9.6 -6.7-10.3 -5.5 24  0.0                           
071838101415105948マニクール　　　　　　　　　　　　　 19.8  4.6 -0.4  2.4  0.6 31  0.0                           
071838101515103364メイショウタイシ　　　　　　　　　　 44.5  9.3-10.7 -9.3 -6.7 23  0.0                           
071838101613104161ブライスガウ　　　　　　　　　　　　 12.0  3.0 -6.7  6.6 -0.5 30  0.0                           
071838110113101522スマートオーディン　　　　　　　　　 19.4  5.0  0.3  9.1  2.8 53  0.0  3                        
071838110213105948ロワアブソリュー　　　　　　　　　　 23.0  5.7-10.7  5.4 -2.3 48  0.0                           
071838110312101505ブラックムーン　　　　　　　　　　　 22.3  5.5  9.4  5.7  5.2 55  0.0                           
071838110413105316リライアブルエース　　　　　　　　　  5.2  2.0  9.8  9.6  6.5 56 19.6                           
071838110515104176フロンティア　　　　　　　　　　　　 13.0  3.5-10.7  9.2 -1.2 49  0.0                           
071838110611101542コウエイタケル　　　　　　　　　　　 51.9 12.0-11.4-10.3 -7.3 43  0.0                           
071838110714105681アメリカズカップ　　　　　　　　　　 51.7 11.9-10.7-11.9 -7.5 43  0.0                           
071838110811105236マイネルアウラート　　　　　　　　　 64.1 14.3 -8.7-16.9 -8.3 42  0.0                           
071838110914102625ダイメイフジ　　　　　　　　　　　　 58.1 13.0 -6.7  9.2  0.3 50  0.0                           
071838111011104243ガリバルディ　　　　　　　　　　　　 18.9  4.8 -6.7  3.5 -1.4 49 16.2                           
071838111113105748ワントゥワン　　　　　　　　　　　　  8.2  2.7 -5.3 23.1  5.0 55 14.4                           
071838111213105995ロジクライ　　　　　　　　　　　　　  6.7  2.3 14.1  8.3  7.7 58  7.2                           
071838111312100245ウインガニオン　　　　　　　　　　　  4.5  1.8  9.8-10.6  0.4 50  8.1                           
071838111413104496ミエノサクシード　　　　　　　　　　  7.7  2.6  3.6 10.8  4.6 55  0.0                           
071838111512105582ムーンクレスト　　　　　　　　　　　 49.7 11.5 -9.3-10.0 -6.4 44  0.0                           
071838111612101402グレーターロンドン　　　　　　　　　  5.5  2.0 19.4 19.9 13.1 63 26.7                           
071838120114106091ダンサクドゥーロ　　　　　　　　　　  6.3  1.8  8.9 12.0  6.9 27  6.7                           
071838120214105543カレンカカ　　　　　　　　　　　　　 14.5  3.0  9.4 14.0  7.6 28 10.1                           
071838120314102931オースミメテオール　　　　　　　　　 66.6 10.7-10.7 -2.5 -4.7 15  0.0                           
071838120413105114ダブルアックス　　　　　　　　　　　 95.3 15.1-10.7 -7.2 -6.1 14  0.0                           
071838120515102448ミトノクイーン　　　　　　　　　　　 13.8  2.8 -4.2 -4.5 -2.9 17  0.0  5                        
071838120614101563スズカフューラー　　　　　　　　　　 14.5  3.0  3.4  4.3  2.5 23 15.3                           
071838120715104739ダノンフォワード　　　　　　　　　　  2.5  1.3 12.3 13.0  8.4 28  8.1                           
071838120815100630サイン　　　　　　　　　　　　　　　 51.0  8.6-10.7-15.3 -8.5 11  0.0                           
071838120915103197キタサンヴィクター　　　　　　　　　 66.0 10.7-11.4-10.0 -7.2 13  0.0                           
071838121013104027グランセノーテ　　　　　　　　　　　  6.9  1.9  7.3  8.6  5.3 25 12.6                           
071838121115100519タガノブディーノ　　　　　　　　　　 36.3  6.3  2.8  7.4  3.2 23 14.0                           
071838121214103215サザンブリーズ　　　　　　　　　　　 32.2  5.7 -9.7 -7.5 -5.8 14  0.0                           
071838121313104285アイファーウタオー　　　　　　　　　111.4 17.5-10.7 -8.6 -6.5 13  0.0                           
071838121415103249ノーウェイ　　　　　　　　　　　　　 48.9  8.3 -2.7  2.1 -0.4 20  0.0                           
071838121515102979エイコーン　　　　　　　　　　　　　  3.4  1.4 16.8 15.2 10.7 31 19.6                           
