101711010114103980クリノゼノビア　　　　　　　　　　　 87.1 15.0-10.5-13.1 -7.8 -3  0.0                           
101711010214104965ナムラマリア　　　　　　　　　　　　 36.1  6.8-11.0 -2.0 -4.6  0  0.0                           
101711010314105309サイモンミラベル　　　　　　　　　　 22.0  4.4  1.0 -6.8 -1.7  3  0.0                           
101711010414103322プローチダ　　　　　　　　　　　　　  8.1  2.2  0.0-11.0 -3.3  2  0.0                           
101711010514103878ブラックシンデレラ　　　　　　　　　  6.8  2.0 -1.7 28.0  7.8 13 16.3  2                        
101711010614105050ピリナ　　　　　　　　　　　　　　　 19.2  4.0 10.5  0.8  4.1  9  0.0                           
101711010714105480ナリノスマイル　　　　　　　　　　　 25.9  5.1-11.0 17.1  1.1  6  0.0                           
101711010814101116ケイツーフラン　　　　　　　　　　　 37.7  7.0 -4.7-19.9 -7.7 -3  0.0  0                        
101711010914104055アバンドーネ　　　　　　　　　　　　 40.8  7.6 -2.0-11.2 -4.1  1  0.0                           
101711011014104612ワタシノロザリオ　　　　　　　　　　 65.3 11.4-11.0-15.3 -8.6 -4  0.0  0                        
101711011114105654フィルムフランセ　　　　　　　　　　  2.5  1.3 19.5 25.1 14.7 20 13.8  1  126   67              
101711011214100171スーサンフェアリー　　　　　　　　　 30.0  5.8 -3.0 -9.0 -3.8  1  0.0                           
101711011314102530メイショウサギリ　　　　　　　　　　 37.5  7.0-11.0 -9.7 -6.9 -2 27.5                           
101711011414102363リュウシンローズ　　　　　　　　　　 15.6  3.3-11.0-11.0 -7.3 -2  0.0                           
101711011514103459スリーミネルバ　　　　　　　　　　　 12.6  2.8 11.0 -4.5  2.7  8  0.0                           
101711011614103538マクトゥーブ　　　　　　　　　　　　  4.5  1.6 18.8 16.5 11.8 17 10.5                           
101711020114103986サンドベージュ　　　　　　　　　　　 41.2  7.7-10.0-20.0 -9.7 -5  0.0                           
101711020214104421サウスギガパワー　　　　　　　　　　 11.3  2.6  6.0 11.8  5.7 11  0.0                           
101711020314106441カゼノアスリート　　　　　　　　　　 24.1  4.8  6.0-11.2 -1.2  4  0.0                           
101711020414100256バナナボート　　　　　　　　　　　　  4.9  1.7  6.0 11.2  5.6 11 15.0                           
101711020514104454サンレイハリケーン　　　　　　　　　 31.6  6.1 -3.0 -9.0 -3.8  1  0.0                           
101711020614100469ホワイトシスネ　　　　　　　　　　　 52.8  9.7-10.0-11.2 -7.0 -2  0.0                           
101711020714109052ビップディオス　　　　　　　　　　　 11.5  2.7-11.3 11.0 -0.8  4 20.0                           
101711020814103596ウイナーズロード　　　　　　　　　　  2.4  1.3 14.8 40.0 17.4 22 13.8                           
101711020914102362ミズデッポウ　　　　　　　　　　　　 33.4  6.4 -6.0-12.2 -5.9 -1  0.0                           
101711021014101641セトノムーン　　　　　　　　　　　　 12.2  2.8  2.5 -2.0  0.3  5  0.0                           
101711021114104827スマートメニル　　　　　　　　　　　 19.5  4.1 -1.0 10.7  2.8  8  0.0                           
101711021214104746ポッドガビ　　　　　　　　　　　　　 21.9  4.4  0.0  2.2  0.7  6  0.0                           
101711021314102689ブライトメジャー　　　　　　　　　　  9.3  2.5-11.0  6.7 -2.0  3  0.0                           
101711021414103838ノボミリオンヌ　　　　　　　　　　　  9.2  2.4  9.0  7.2  5.5 10 11.4                           
101711030114102653ベルウッドカペラ　　　　　　　　　　 19.7  4.5-11.0-11.0 -7.3 -2  0.0                           
101711030214101245コチ　　　　　　　　　　　　　　　　 76.2 14.7-10.0-11.2 -7.0 -2  0.0                           
101711030314100238ウインペイザージュ　　　　　　　　　  2.9  1.4 19.3 20.8 13.3 18 13.8                           
101711030414102090クレールソレイユ　　　　　　　　　　 59.3 11.6-11.3-12.2 -7.8 -3  0.0                           
101711030514104829バトルクウ　　　　　　　　　　　　　 95.2 18.2-11.0-11.0 -7.3 -2  0.0                           
101711030614100451ビミコウフク　　　　　　　　　　　　  5.0  1.8 12.0 16.5  9.4 14 10.5                           
101711030714101585ガーネットホープ　　　　　　　　　　 70.4 13.6-10.5-11.0 -7.2 -2  0.0                           
101711030814101244キョッコウ　　　　　　　　　　　　　 21.1  4.7 -2.0 -4.5 -2.1  3  0.0                           
101711030914106094ハシレマサムネ　　　　　　　　　　　  6.0  1.9 12.7 13.2  8.6 14  0.0                           
101711031014104344イヴノオモイデ　　　　　　　　　　　  6.0  2.0 18.0 22.0 13.2 18 17.5                           
101711031114100528クインズアイザ　　　　　　　　　　　 40.3  8.3-10.0 16.0  1.1  6  0.0                           
101711031214105489ニュークラウン　　　　　　　　　　　 40.6  8.4-11.0-15.7 -8.7 -4  0.0  0                        
101711031314103954アルマヴァジュラ　　　　　　　　　　 24.0  5.2-10.0-11.2 -7.0 -2  0.0                           
101711031414103296カシノロマンス　　　　　　　　　　　  7.4  2.2  6.0  9.7  5.1 10 18.8                           
101711031514103650ミスティクィーン　　　　　　　　　　 31.8  6.7-11.0-11.0 -7.3 -2  0.0                           
101711031614106472コパノピエール　　　　　　　　　　　 22.3  4.9  1.0  6.2  2.2  7  0.0                           
101711031714103209ソービック　　　　　　　　　　　　　 98.8 18.9-10.0-11.2 -7.0 -2  0.0                           
101711031814104783ダズリングテソーロ　　　　　　　　　 74.1 14.3-10.0-11.2 -7.0 -2  0.0                           
101711040114103984ティンガティンガ　　　　　　　　　　 42.2  8.2-11.0-15.3 -8.6 -4  0.0  0                        
101711040214100704コスモストレンジ　　　　　　　　　　 44.9  8.7-10.0-11.2 -7.0 -2  0.0                           
101711040314103981アルマシャール　　　　　　　　　　　  2.8  1.3 16.5 16.5 11.0 16 13.8                           
101711040414102555ラニカイブルーム　　　　　　　　　　 30.6  6.1-11.0  7.0 -1.9  3  0.0                           
101711040514101649ウインベラシアス　　　　　　　　　　  7.0  2.1 12.2 12.6  8.3 13 12.3                           
101711040614105772ミッキーロイヤル　　　　　　　　　　  4.4  1.6 15.3 13.6  9.7 15  0.0                           
101711040714102261スマートシグルズ　　　　　　　　　　  4.5  1.6  9.4  6.6  5.4 10 16.3                           
101711040814104524ニホンピロワールド　　　　　　　　　 36.1  7.1-11.3 -9.0 -6.8 -2  0.0                           
101711040914105645バッケンシェール　　　　　　　　　　  7.3  2.2 13.0  6.7  6.8 12 18.8                           
101711041014100682ヴァッラータ　　　　　　　　　　　　 40.4  7.9-10.0-11.2 -7.0 -2  0.0                           
101711041114100029ミツカネマジック　　　　　　　　　　 41.8  8.1-10.0 -4.5 -5.0  0  0.0                           
101711041214103806メイショウバンカラ　　　　　　　　　 18.6  4.0 -6.0 11.0  1.1  6  0.0                           
101711041314106288サンピッツバーグ　　　　　　　　　　 42.8  8.3-10.0-11.2 -7.0 -2  0.0                           
101711041414105390セイウンニジョーズ　　　　　　　　　 23.6  4.9-11.0  7.1 -1.9  3  0.0                           
101711050111103816アドマイヤウイング　　　　　　　　　  4.6  1.8 13.5 19.9 10.9 31 15.0                           
101711050211104008オールオブナイト　　　　　　　　　　 23.7  5.6 12.0 -9.6  1.5 22  0.0                           
101711050313105847シンシアズブレス　　　　　　　　　　 12.1  3.2 -0.1 11.0  3.3 23  0.0                           
101711050413109076アイルーロス　　　　　　　　　　　　 85.9 18.3-10.0-11.2 -7.0 13  0.0                           
101711050513100364パレード　　　　　　　　　　　　　　 27.5  6.4 -1.4-10.6 -3.7 16  0.0                           
101711050611100360カクシアジ　　　　　　　　　　　　　 83.8 17.8-10.0-11.2 -7.0 13  0.0                           
101711050712104796メジャーガラメキ　　　　　　　　　　  6.5  2.2-11.0 11.1 -0.7 19 18.8                           
101711050812103200ラブミーテンダー　　　　　　　　　　 50.4 11.3-11.0-13.2 -8.0 12  0.0                           
101711050913103611メイショウフウシャ　　　　　　　　　 38.6  8.8-11.0 -1.9 -4.6 15  0.0  5                        
101711051012101809バイオレットフィズ　　　　　　　　　 51.0 11.4-11.3-11.0 -7.4 13  0.0                           
101711051113105865フレグラントブレス　　　　　　　　　  5.6  2.0 13.2  7.9  7.2 27  0.0                           
101711051213100602ベルリンガー　　　　　　　　　　　　 28.0  6.6-11.0-11.0 -7.3 13  0.0                           
101711051313104987デイジーフローラ　　　　　　　　　　 38.0  8.7 -1.4-20.0 -6.5 13  0.0  0                        
101711051413104802グロリアスメーカー　　　　　　　　　  4.3  1.7 22.0 20.1 14.1 34  9.6  3                        
101711051511104568コウセイマユヒメ　　　　　　　　　　 17.4  4.4  1.0  0.8  0.6 21 21.3                           
101711051611100636テイエムリヴィエラ　　　　　　　　　  4.8  1.8 -1.0  6.6  1.6 22  0.0                           
101711060111105932コロナボレアリス　　　　　　　　　　  4.3  1.6 16.5 11.0  9.4 29 15.0                           
101711060213104593ハイデンガールズ　　　　　　　　　　 18.0  4.3 -2.0 -4.5 -2.1 18  0.0                           
101711060312105841ティアップサンダー　　　　　　　　　 14.6  3.6-10.0 -2.0 -4.3 16  0.0                           
101711060412110092ワンダフルラスター　　　　　　　　　 19.1  4.5 -6.0  6.6 -0.2 20  0.0                           
101711060513101425タマモシルクハット　　　　　　　　　 25.8  5.7 -2.0-11.2 -4.1 16  0.0                           
101711060613101414キチロクステージ　　　　　　　　　　  5.1  1.8 12.5 11.9  8.2 28 12.3                           
101711060711101936スリーチアサウス　　　　　　　　　　 30.2  6.6-11.3-11.0 -7.4 13  0.0                           
101711060812109095ジャストザヨコハマ　　　　　　　　　  3.6  1.5 16.0 12.5  9.6 30 13.8  4                        
101711060910102950バーニーズ　　　　　　　　　　　　　 22.9  5.2  6.0-11.2 -1.2 19  0.0                           
101711061013102878ノアビジン　　　　　　　　　　　　　 28.2  6.2-11.0 12.0 -0.4 20  0.0  5                        
101711061113104032アポロリュウセイ　　　　　　　　　　 20.0  4.7-10.0-11.2 -7.0 13  0.0                           
101711061212110080アヴェーヌモン　　　　　　　　　　　  4.5  1.7 10.2 40.0 15.7 36 16.3                           
101711061313104436ライトフォーミー　　　　　　　　　　 46.7  9.9-11.0-11.0 -7.3 13  0.0                           
101711061413100129エクラパール　　　　　　　　　　　　 42.2  9.0-10.0-11.2 -7.0 13  0.0                           
101711070113102727ラペルトワ　　　　　　　　　　　　　 42.6  8.7-10.0-11.2 -7.0 13  0.0                           
101711070212103681テイア　　　　　　　　　　　　　　　 65.8 12.7-10.0-11.2 -7.0 13  0.0                           
101711070313105335ルフォール　　　　　　　　　　　　　  2.8  1.4 17.5 23.7 13.5 34 13.8  2                        
101711070412100991テイエムフタエマル　　　　　　　　　 22.6  4.9 -6.0-20.0 -8.2 12  0.0                           
101711070513102269エイシンジルコン　　　　　　　　　　 13.0  3.2  9.6  6.7  5.5 26  0.0                           
101711070613106141エッジースタイル　　　　　　　　　　  5.4  1.8  1.5  6.6  2.5 23 11.4                           
101711070712103986サマーローズ　　　　　　　　　　　　  5.1  1.8 12.2 34.9 14.9 35 15.0  2                        
101711070812102287ダブルフラワー　　　　　　　　　　　 29.2  6.2 -2.0 -4.5 -2.1 18  0.0                           
101711070913105591レッドカルディア　　　　　　　　　　 15.6  3.7  6.5 12.6  6.2 26  0.0  5                        
101711071013102171アルマレイモミ　　　　　　　　　　　 24.5  5.3  2.2-11.0 -2.5 18  0.0                           
101711071113102016バレエダンサー　　　　　　　　　　　 49.5 10.0-10.0 -9.3 -6.5 14  0.0  0                        
101711071211104013アドマイヤアロマ　　　　　　　　　　 22.9  5.0-10.5-11.0 -7.2 13  0.0                           
101711071313101893マリネリス　　　　　　　　　　　　　 46.3  9.4-10.0-11.2 -7.0 13  0.0                           
101711071413105765ブレッシングテレサ　　　　　　　　　  6.0  1.9 13.6  4.7  6.4 26 17.5                           
101711071513101145トウカイシェーン　　　　　　　　　　 29.1  6.1 -6.0-20.0 -8.2 12  0.0  0                        
101711071613106157レッドリュンヌ　　　　　　　　　　　 35.1  7.3-10.0 -4.5 -5.0 15  0.0                           
101711080110101581ハドソンシチー　　　　　　　　　　　 60.4 13.2-11.0-11.0 -7.3 13  0.0                           
101711080213100500ケイエスフェアリー　　　　　　　　　 55.3 12.1-10.0 -5.3 -5.3 15  0.0                           
101711080313104568ガイアトウショウ　　　　　　　　　　 44.2 10.1-10.0  2.8 -2.8 17  0.0                           
101711080412100231ウインソワレ　　　　　　　　　　　　 11.8  3.2-11.0 -7.0 -6.1 14 20.0                           
101711080510105445サチノリーダース　　　　　　　　　　 24.4  5.8 -6.0-11.0 -5.5 14  0.0                           
101711080612105406スズカファイン　　　　　　　　　　　 15.9  4.1 -3.0 -9.0 -3.8 16  0.0                           
101711080713101702ポートレイト　　　　　　　　　　　　 41.7  9.5-10.0-11.2 -7.0 13  0.0                           
101711080812103929ウォーターラボ　　　　　　　　　　　  6.9  2.3 -1.0 23.6  6.7 27 18.8  2                        
101711080913103256エイシンリベラル　　　　　　　　　　 80.5 17.3-11.0-12.6 -7.8 12  0.0                           
101711081012105157プラチナコード　　　　　　　　　　　  3.6  1.6 13.5 -9.0  2.3 22 13.8                           
101711081111106427ベルリネッタ　　　　　　　　　　　　  6.5  2.2 10.5  6.3  5.7 26  0.0                           
101711081213105548シェヴェルニー　　　　　　　　　　　 52.0 11.7-10.0-11.2 -7.0 13  0.0                           
101711081313103234サンライズビーム　　　　　　　　　　 35.7  8.3-11.0-11.0 -7.3 13  0.0                           
101711081413104971ルージュノアール　　　　　　　　　　  6.3  2.2  0.9  6.7  2.3 22  0.0                           
101711081513102424プレイヤード　　　　　　　　　　　　  6.1  2.1 16.0  3.6  6.9 27 10.5                           
101711081613104464サトノアイリ　　　　　　　　　　　　 39.1  9.0-10.0-11.2 -7.0 13  0.0                           
101711081711102602サウンドカール　　　　　　　　　　　 18.9  4.7 -0.5 -0.4 -0.3 20  0.0                           
101711081813101084ビレッジシャトル　　　　　　　　　　 22.2  5.4 -2.0-11.2 -4.1 16  0.0                           
101711090111102340ブルーフラッシュ　　　　　　　　　　 35.0  6.6 -1.4  5.5  1.1 21  0.0                           
101711090212104057レーヌドオリエント　　　　　　　　　  2.6  1.3 20.0 33.3 17.3 37 13.8  4                        
101711090313101828ネフェルティティ　　　　　　　　　　 33.6  6.4-11.0-10.4 -7.2 13  0.0                           
101711090413100998ドゥドゥドゥ　　　　　　　　　　　　139.8 23.9-11.3-20.0-10.1 10  0.0  0                        
101711090513100401リリーシューター　　　　　　　　　　 24.3  4.8-11.0-10.6 -7.2 13  0.0                           
101711090612104064ブレイクエース　　　　　　　　　　　 16.8  3.6  6.0 -3.8  1.1 21 14.0                           
101711090713103133ウォーターバオバブ　　　　　　　　　 16.2  3.5  1.0 -5.4 -1.3 19  0.0  0                        
101711090813100591スノードルフィン　　　　　　　　　　  5.0  1.6 11.6 16.7  9.3 29 16.3                           
101711090913102345ビレッジエンパイア　　　　　　　　　 37.0  7.0-10.0 -4.5 -5.0 15  0.0                           
101711091012106435カシノランド　　　　　　　　　　　　  4.1  1.5 15.8 16.5 10.7 31 15.0                           
101711091113103653ライトブリンガー　　　　　　　　　　  7.8  2.2  6.6  5.0  3.9 24  0.0                           
101711091213104185ケンブリッジヌーサ　　　　　　　　　 41.9  7.8-11.0-11.1 -7.4 13  0.0                           
101711091312104138ビーハグ　　　　　　　　　　　　　　 66.7 11.8-10.0-11.2 -7.0 13  0.0                           
101711091413101126ウインランブル　　　　　　　　　　　 17.5  3.7-11.0  6.8 -2.0 18  0.0                           
101711091513101336テイエムマンカイ　　　　　　　　　　 33.7  6.4 -3.0 -9.0 -3.8 16  0.0                           
101711091613104790スクリューネイバー　　　　　　　　　 56.0 10.0-11.0 -0.2 -4.1 16  0.0                           
101711100114103095サマーサプライズ　　　　　　　　　　 26.8  5.3  6.6-18.2 -3.0 17  0.0                           
101711100214100537ジャコマル　　　　　　　　　　　　　 19.1  4.1 -1.4 10.7  2.7 23  0.0                           
101711100314110056メリオラ　　　　　　　　　　　　　　 16.3  3.6-11.0-20.0-10.0 10  0.0                           
101711100414103379スリーミスヨハネス　　　　　　　　　 28.5  5.6-11.3-13.8 -8.3 12  0.0                           
101711100514100534ウインガナドル　　　　　　　　　　　  8.4  2.3 15.0  8.0  7.9 28 17.5                           
101711100614106185モーヴサファイア　　　　　　　　　　  3.2  1.4 16.5 22.0 12.6 33 13.8                           
101711100714101095ロードアルバータ　　　　　　　　　　  3.4  1.4  7.0 13.3  6.6 27 15.0  3                        
101711100814102933ナムラライラ　　　　　　　　　　　　 19.3  4.1 -1.0  0.1 -0.3 20  0.0                           
101711100914103795ワンダープチュック　　　　　　　　　  4.4  1.5 16.0 12.7  9.7 30  0.0  2                        
101711101014100521タガノグルナ　　　　　　　　　　　　 22.5  4.6 10.2 12.0  7.3 27  0.0  5                        
101711101114105830スティーマーレーン　　　　　　　　　 17.2  3.7-11.0-11.0 -7.3 13  0.0                           
101711101214104605ミヤビベスト　　　　　　　　　　　　 17.4  3.7  0.0-11.0 -3.3 17 14.9                           
101711110113102547クリノシャンボール　　　　　　　　　 14.5  3.2 -3.0  1.7 -0.6 29  0.0                           
101711110212103720トーホウハニー　　　　　　　　　　　  7.0  2.0  8.0  9.2  5.7 36 17.5                           
101711110309106242ラインロバート　　　　　　　　　　　 32.4  6.1-10.0-11.2 -7.0 23  0.0                           
101711110412104602アドマイヤゴッド　　　　　　　　　　  2.8  1.3 13.5 12.6  8.7 39 13.8                           
101711110513103351シゲルノコギリザメ　　　　　　　　　  3.5  1.4 17.0 24.6 13.6 44 10.5  4                        
101711110613103410オフクヒメ　　　　　　　　　　　　　 17.5  3.7-11.0-11.0 -7.3 23  0.0                           
101711110711103075デンコウヒノマル　　　　　　　　　　 32.8  6.2-11.0-20.0-10.0 20  0.0  0                        
101711110813106011バシレウスライオン　　　　　　　　　 14.2  3.1  6.6 -9.0 -0.3 30  0.0                           
101711110911103159メイショウボンロク　　　　　　　　　 26.5  5.1-11.3-11.0 -7.4 23  0.0                           
101711111012106279サントノーレ　　　　　　　　　　　　 32.1  6.1-11.0-10.1 -7.1 23  0.0                           
101711111113106441ミキノドラマー　　　　　　　　　　　 38.4  7.1 -2.0 -4.5 -2.1 28  0.0                           
101711111212102017アレスバローズ　　　　　　　　　　　  4.4  1.5 13.2 13.2  8.8 39 16.3                           
101711120113102351エーティーサンダー　　　　　　　　　 12.7  2.5 10.2-15.3 -0.9 19  0.0  0                        
101711120213101667キラージョー　　　　　　　　　　　　  2.1  1.2 22.7 25.1 15.9 36 13.8  2                        
101711120312103950トーセンカナロア　　　　　　　　　　 12.4  2.4  6.0 11.2  5.6 26 12.3                           
101711120413110037ミスドバウィ　　　　　　　　　　　　  3.4  1.4 15.0 17.7 10.8 31 15.0                           
101711120513101959マイネルアトゥー　　　　　　　　　　 62.3  9.1-11.0-10.2 -7.1 13  0.0  0                        
101711120612105695エスペランサルル　　　　　　　　　　 68.3  9.9-11.0-20.0-10.0 10  0.0  0                        
101711120713103396グランプリアクセル　　　　　　　　　 34.9  5.5  1.0 -9.0 -2.3 18  0.0                           
101711120812104119ジュヒョウ　　　　　　　　　　　　　 20.1  3.5  0.0 -4.5 -1.4 19  0.0                           
101711120912103404コパノハミルトン　　　　　　　　　　 84.5 12.1-10.0-11.2 -7.0 13  0.0                           
101711121012106250コスモアルヘナ　　　　　　　　　　　 68.9 10.0-10.0 -4.5 -5.0 15  0.0                           
101711121112103182トウシンハンター　　　　　　　　　　 37.4  5.9-11.0 -2.5 -4.8 15  0.0                           
101711121213103343ユウチェンジ　　　　　　　　　　　　  8.2  2.0-11.0 26.3  3.9 24 16.3  3                        
101711121313101887ラスイエットロス　　　　　　　　　　 36.2  5.7-11.3-11.0 -7.4 13  0.0                           
101711121412104675レッドアルティスタ　　　　　　　　　 14.4  2.7  8.1  6.6  4.9 25  0.0                           
101711121513103616ヴレ　　　　　　　　　　　　　　　　 49.4  7.5 -3.0 -9.0 -3.8 16  0.0                           
101711121612103426アイオシルケン　　　　　　　　　　　 67.9  9.9-11.0 -9.0 -6.7 13  0.0                           
