061745010115101790ニシノホクサイ　　　　　　　　　　　 31.8  5.8  4.1  6.8  3.7  9  0.0                           
061745010215100701コスモハーキュリー　　　　　　　　　 33.5  6.0-11.4 -9.1 -6.8 -2  0.0                           
061745010315105591ディーズファクター　　　　　　　　　  7.0  1.9 11.1 10.5  7.2 12  6.2  5                        
061745010415100451コスモロブロイ　　　　　　　　　　　 35.4  6.4 -1.9 -6.3 -2.9  2  0.0                           
061745010515100846アビーム　　　　　　　　　　　　　　  2.6  1.3 18.5 28.6 16.0 21 18.1  2                        
061745010615102629ビレッジキング　　　　　　　　　　　 18.5  3.7-10.0  9.0  0.3  5  0.0                           
061745010715103870オルレアンノムスコ　　　　　　　　　 52.3  9.1-10.0-11.7 -7.3 -2  0.0                           
061745010815101513フレキシビリティー　　　　　　　　　 37.7  6.7-11.4  8.9 -0.2  5  0.0                           
061745010915105131マイネルアンファン　　　　　　　　　 15.8  3.2 -3.4 17.5  5.4 10  0.0  3                        
061745011015109031ハンドリー　　　　　　　　　　　　　 11.1  2.5  1.5  4.7  2.2  7 17.5                           
061745011115102753シゲルジャンボイモ　　　　　　　　　  9.2  2.3 -1.1  7.4  2.4  7  0.0                           
061745011215100020マイネルサリューエ　　　　　　　　　  3.6  1.5 12.4 22.7 12.0 17 19.8                           
061745011315100560タンザニアナイト　　　　　　　　　　 15.0  3.1 -4.8  8.4  1.6  7  0.0                           
061745011415101231モリトディライト　　　　　　　　　　 51.0  8.9 -9.1-11.7 -7.0 -2  0.0                           
061745020115106291クルーズヴォイス　　　　　　　　　　 21.6  3.6 -7.1  3.8 -0.7  4  0.0                           
061745020215102459グラスルーナ　　　　　　　　　　　　 50.5  7.6-11.4 -7.9 -6.3 -1  0.0                           
061745020315101491アポロアミ　　　　　　　　　　　　　 24.4  4.0-10.0  5.6 -0.9  4  0.0                           
061745020415100705コスモフェリーク　　　　　　　　　　  8.0  1.9 13.0  7.2  6.5 12 15.2                           
061745020515104542ハーレムライン　　　　　　　　　　　 15.2  2.8 15.0  2.3  5.3 10  0.0  0                        
061745020615105081ラソワドール　　　　　　　　　　　　  2.2  1.2 20.8 14.4 11.5 17 18.1                           
061745020715103054シエルクレール　　　　　　　　　　　 10.9  2.2  6.0 14.1  7.0 12  7.2                           
061745020815103515ヤエノメイク　　　　　　　　　　　　 60.1  8.7-11.4-14.0 -8.6 -4  0.0                           
061745020915100170レユシット　　　　　　　　　　　　　  9.5  2.1 20.0 14.0 11.1 16  9.6                           
061745021015103901ディアサルファー　　　　　　　　　　  3.2  1.3 12.0 24.0 12.4 17 11.6                           
061745021115103891メヒティヒ　　　　　　　　　　　　　 42.2  6.5-10.0-11.3 -7.1 -2  0.0                           
061745021215104488サマーシャドウ　　　　　　　　　　　 21.0  3.6-11.3-12.8 -8.1 -3  0.0                           
061745030115101852アイリスロード　　　　　　　　　　　  5.5  1.8  9.7 27.9 13.1 18  0.0                           
061745030215103107エスポワールカフェ　　　　　　　　　 30.6  6.1-10.0  9.1  0.3  5  0.0                           
061745030315104927グランサム　　　　　　　　　　　　　  9.1  2.5  3.0  5.7  3.0  8  7.7                           
061745030415101184インプレスシチー　　　　　　　　　　  4.7  1.7 16.2 18.9 11.8 17 14.0                           
061745030515104557プロトスター　　　　　　　　　　　　  2.6  1.3 17.4 11.1  9.3 14 18.1                           
061745030615102948マイネルソラニテ　　　　　　　　　　 24.4  5.0 -9.5-11.7 -7.1 -2  0.0                           
061745030715106220ハヤブサカノン　　　　　　　　　　　 34.6  6.8-11.4-11.8 -7.7 -3  0.0                           
061745030815103322マイネルシクザール　　　　　　　　　  6.5  2.0 12.4 17.1 10.0 15  7.2  4                        
061745030915105715ウインイノベーター　　　　　　　　　  5.6  1.8  7.5 11.7  6.5 12 16.3                           
061745031015106249パワースピネル　　　　　　　　　　　 30.2  6.1-10.0 -4.8 -4.8  0  0.0  0                        
061745031115102587ウェルズレジェンド　　　　　　　　　 38.9  7.6-10.0-14.1 -8.2 -3  0.0                           
061745040112102265ブルーガーディアン　　　　　　　　　  6.3  1.8 10.4  6.9  5.7  6  6.7                           
061745040213105125サムライフォンテン　　　　　　　　　  2.5  1.2 20.0  3.3  7.2  7 18.1                           
061745040313103229ヤマタケジャイアン　　　　　　　　　 29.6  5.5-10.0-16.5 -9.1 -9  0.0  0                        
061745040410100967デルマヌラリヒョン　　　　　　　　　 15.2  3.2  5.4  5.9  3.8  4  0.0                           
061745040511105897スズカプリティー　　　　　　　　　　 36.0  6.5 -9.1 12.0  1.7  2  0.0                           
061745040614109001ホーガンブリッジ　　　　　　　　　　 18.0  3.6  4.3  6.4  3.6  4  8.2                           
061745040714105096ナカヤマグラン　　　　　　　　　　　 58.9 10.0-10.4-12.2 -7.6 -8  0.0                           
061745040813101871クラウンドリーム　　　　　　　　　　  4.0  1.4  6.2  3.8  3.3  3  5.8                           
061745040913104481クリスタルキャノン　　　　　　　　　  4.7  1.5 18.8 13.1 10.4 10 15.1                           
061745041014103527マイネルアクスト　　　　　　　　　　 31.8  5.8-11.4  4.6 -1.7 -2  0.0                           
061745041113100901オリンピアスカイ　　　　　　　　　　 43.1  7.7 -9.0-11.2 -6.8 -7  0.0                           
061745041212110028ウォリアーズソウル　　　　　　　　　 14.2  3.0 12.4  5.6  5.8  6 10.3                           
061745050115104007ヒヤシンス　　　　　　　　　　　　　 18.2  4.2-10.0  9.4  0.4  0  0.0                           
061745050215104662アンフィトリテ　　　　　　　　　　　  2.8  1.4 12.0 18.8 10.5 10 18.1                           
061745050315103648ハクサンキャノン　　　　　　　　　　137.7 26.5-13.5 -9.9 -7.7 -8  0.0                           
061745050415103860ライトストーリー　　　　　　　　　　 45.4  9.4-11.4-11.7 -7.7 -8  0.0                           
061745050515104340ミヤコスマイル　　　　　　　　　　　  6.1  2.0  3.8 15.9  7.0  7 14.0C                          
061745050615102321ターキッシュバン　　　　　　　　　　  6.3  2.0 20.0 -8.9  2.7  3  6.3                           
061745050715106529アリババ　　　　　　　　　　　　　　  7.4  2.3-10.0 13.0  1.8  2  9.6                           
061745050815100962マウントレーニア　　　　　　　　　　 26.7  5.8-10.0 12.2  1.5  1  0.0                           
061745050915101739ミスジーナ　　　　　　　　　　　　　 41.9  8.7-10.0 -4.7 -4.7 -5  0.0                           
061745051015105286ミコサン　　　　　　　　　　　　　　  7.5  2.3  0.1 20.1  7.4  7 14.5  5                        
061745051115103179コハクノユメ　　　　　　　　　　　　 40.5  8.5 -3.7-10.4 -4.9 -5  0.0                           
061745051215106364フルコスト　　　　　　　　　　　　　 24.6  5.4  0.3  0.5  0.3  0  0.0                           
061745051315100549サンタガール　　　　　　　　　　　　 20.5  4.7 10.0-11.7 -1.3 -1  0.0                           
061745051415105942グロウアイリス　　　　　　　　　　　 29.0  6.2 -2.9-11.0 -4.9 -5  0.0                           
061745051515101854イランカラプテ　　　　　　　　　　　 12.6  3.1-10.0  5.9 -0.8 -1  0.0                           
061745051615100360カネトシダウティ　　　　　　　　　　 42.0  8.7-11.3 -7.6 -6.2 -6  0.0                           
061745060114100193ラインディオーネ　　　　　　　　　　  5.8  2.1 13.4 15.6  9.7 15  0.0                           
061745060214102224サンシャインキッス　　　　　　　　　 48.4 11.2-11.4-12.0 -7.8 -3  0.0                           
061745060314104224ナムラアヴィ　　　　　　　　　　　　 19.9  5.1 -4.8 -3.6 -2.8  2  0.0  0                        
061745060414105755ルミナスコースト　　　　　　　　　　 39.5  9.3-11.4-13.7 -8.4 -3  0.0                           
061745060514101621マヤノオラティオ　　　　　　　　　　  8.0  2.6 10.0 21.1 10.7 16  7.7  3                        
061745060614102896キスミーダーリン　　　　　　　　　　 26.8  6.5-13.5-11.0 -8.1 -3  0.0                           
061745060714105838シルバーコンパス　　　　　　　　　　  6.7  2.3  4.3 11.8  5.6 11  6.8  4                        
061745060814101370カフェアルカノ　　　　　　　　　　　 93.2 20.4-11.4 -9.5 -6.9 -2  0.0                           
061745060914105890ノーブルクラウン　　　　　　　　　　 12.9  3.5  9.0 15.0  8.2 13 19.8                           
061745061014105894ミッキークルソラ　　　　　　　　　　  7.4  2.5  6.2  7.6  4.6 10  7.2                           
061745061114105540ステレオグラム　　　　　　　　　　　 45.4 10.5-11.4 -4.7 -5.1  0  0.0                           
061745061214101326カズノスイセイ　　　　　　　　　　　 68.5 15.2-10.0-13.2 -7.8 -3  0.0                           
061745061314106213グランデセーヌ　　　　　　　　　　　 13.0  3.5 -6.9-10.8 -6.0 -1  0.0                           
061745061414105806アズレージョ　　　　　　　　　　　　  6.4  2.2-10.0 15.0  2.5  7 15.1                           
061745061514105913ミルキークォーツ　　　　　　　　　　 24.4  6.0 -2.2 12.9  4.1  9  0.0                           
061745061614105869キンナリー　　　　　　　　　　　　　  4.1  1.8 15.0 13.4  9.4 14 12.8                           
061745070114101287サイドチェンジ　　　　　　　　　　　  5.8  1.6 11.1 14.4  8.6 29  6.2  3                        
061745070213103498ウインウェルス　　　　　　　　　　　 12.4  2.5 -0.5 -4.1 -1.7 18 10.3                           
061745070313103690サンホッブズ　　　　　　　　　　　　  2.3  1.2 22.1 29.5 17.4 37 18.1                           
061745070412103911プレツィオーゼ　　　　　　　　　　　 21.7  3.8  5.4 12.4  6.2 26  0.0                           
061745070513103707イルフォーコン　　　　　　　　　　　  3.4  1.3 16.2 17.5 11.3 31 19.8                           
061745070613105835シフォンカール　　　　　　　　　　　 34.5  5.7 -7.1-12.2 -6.6 13  0.0                           
061745070714105799ミザイ　　　　　　　　　　　　　　　 19.8  3.6 -2.1 -6.1 -2.9 17  0.0                           
061745070814105905ステラエスペランサ　　　　　　　　　 36.2  5.9-11.4-11.2 -7.5 12  0.0                           
061745070913100528トーホウデサント　　　　　　　　　　 29.9  5.0-10.0  2.4 -2.1 18  0.0  0                        
061745071014106139シュメッターリング　　　　　　　　　 28.0  4.7-11.4-10.2 -7.2 13  0.0                           
061745071114104238リセンティート　　　　　　　　　　　 11.3  2.3  6.0  7.1  4.4 24  6.8                           
061745071213104524サトノオマージュ　　　　　　　　　　 22.5  3.9-11.4-13.2 -8.3 12  0.0                           
061745080113106425ハートイズハート　　　　　　　　　　 16.4  3.8  6.0 10.9  5.8 26  8.7  0                        
061745080212105076サンアルパイン　　　　　　　　　　　 91.4 17.5-10.0 -3.4 -4.2 16  0.0  4                        
061745080313104516テンキセキ　　　　　　　　　　　　　  3.8  1.6 10.0 14.7  8.4 28 14.0  3                        
061745080413103959ラスカルグレイ　　　　　　　　　　　 38.3  7.9-10.0-10.0 -6.7 13  0.0                           
061745080514105504ピクニックランチ　　　　　　　　　　 52.9 10.7-10.0-16.7 -9.1 11  0.0  0                        
061745080614100936ユイノルフィ　　　　　　　　　　　　 26.1  5.6-10.0 -3.3 -4.2 16  0.0                           
061745080713101236レアドロップ　　　　　　　　　　　　  6.4  2.0 10.9  7.1  5.9 26 23.1                           
061745080814101924ハートフルタイム　　　　　　　　　　 16.1  3.8 -2.1 -6.1 -2.9 17  0.0                           
061745080913106230シゲルサケガシラ　　　　　　　　　　 19.1  4.4 -2.1 -4.6 -2.3 18  0.0  5                        
061745081014101321カシノワンパンチ　　　　　　　　　　104.2 19.9-11.4-11.3 -7.6 12  0.0                           
061745081113104770カンタベリーマイン　　　　　　　　　 12.9  3.2-10.0 -8.4 -6.1 14  0.0  0                        
061745081213103448スフェーン　　　　　　　　　　　　　 11.6  2.9  2.0  7.8  3.5 23  0.0                           
061745081313105502コアコンピタンス　　　　　　　　　　 57.8 11.3-11.4  7.0 -0.9 19  0.0                           
061745081414106428キャラメルフレンチ　　　　　　　　　 38.3  7.9-10.0-11.8 -7.3 13  0.0                           
061745081513102476キョウエイスコール　　　　　　　　　  6.2  2.0  6.6 -5.1  0.1 20  0.0                           
061745081613102718カキツバタチグサ　　　　　　　　　　  3.5  1.5 15.0 15.7 10.3 30 18.1                           
061745090111100715ベストドリーム　　　　　　　　　　　 22.5  3.8-10.0  4.7 -1.3 29  8.2                           
061745090210101767エリモジパング　　　　　　　　　　　 61.1  9.0-10.0-16.8 -9.2 21  0.0  0                        
061745090312106019ワンダーアツレッタ　　　　　　　　　 25.3  4.2-12.5 -4.6 -5.4 25  0.0                           
061745090411104031テスタメント　　　　　　　　　　　　 23.5  4.0-10.0 -2.5 -3.9 26  0.0                           
061745090512103796フォワードカフェ　　　　　　　　　　  5.6  1.6 10.0 12.0  7.4 37  8.9C                          
061745090613103324ハナズレジェンド　　　　　　　　　　  3.4  1.3 18.8 22.1 13.7 44 19.8  3                        
061745090711105155シングンジョーカー　　　　　　　　　 14.9  2.8  6.1 -5.4 -0.2 30  0.0                           
061745090814106151フローレスマジック　　　　　　　　　  2.2  1.2 20.7 23.5 14.8 45 18.1                           
061745090914101754マイネルユニブラン　　　　　　　　　 15.4  2.9  8.4  7.0  5.1 35  0.0  5                        
061745091013104415サクラエンパイア　　　　　　　　　　 27.7  4.6-11.4 -4.7 -5.1 25  0.0  0                        
061745091110101988スワンボート　　　　　　　　　　　　 78.3 11.4-11.3 -9.3 -6.8 23  0.0                           
061745091211106405ギブアンドテイク　　　　　　　　　　 11.8  2.4  8.4  7.3  5.2 35  6.8C                          
061745100114104487トロピカルスパート　　　　　　　　　 27.3  5.7-10.0-10.2 -6.7 23  0.0                           
061745100213102795ペイシャバラード　　　　　　　　　　  5.5  1.8 12.0 16.2  9.5 40 15.1C                          
061745100310101326タッチシタイ　　　　　　　　　　　　 28.5  5.9 -0.1 -3.9 -1.5 29  0.0  0                        
061745100413101169ビービーサレンダー　　　　　　　　　  5.0  1.7  6.0  8.9  5.1 35  5.8                           
061745100513110122ヨンカー　　　　　　　　　　　　　　  2.7  1.4 10.0 27.3 13.0 43 12.8                           
061745100613103144タイセイラナキラ　　　　　　　　　　  9.4  2.6  3.6  6.1  3.3 33 17.5                           
061745100712104793クイーンズターフ　　　　　　　　　　 42.2  8.4-10.0-16.4 -9.0 21 10.6  0                        
061745100812101116トーセンミッション　　　　　　　　　 72.0 13.5-11.4-10.3 -7.2 23  0.0                           
061745100912110089サウンドジャンゴ　　　　　　　　　　  6.9  2.1  5.4  8.8  4.8 35  6.8A 5                        
061745101014101832サザンボルケーノ　　　　　　　　　　 13.7  3.2  9.9  2.8  4.0 34  0.0                           
061745101112102701ナムラヒューマン　　　　　　　　　　 25.1  5.3 -8.3 -5.6 -4.5 25  0.0                           
061745101212105747ソルプレーサ　　　　　　　　　　　　 27.8  5.8 -3.5 15.9  4.8 35  0.0                           
061745101312100671ツウローゼズ　　　　　　　　　　　　 56.1 10.7-10.0 -2.0 -3.7 26  0.0                           
061745101413104896リンガスウーノ　　　　　　　　　　　 12.9  3.1  6.0 12.7  6.5 36  0.0                           
061745110114103367サンシロウ　　　　　　　　　　　　　 36.7  7.0-11.4-20.0-10.8 44  0.0                           
061745110214106038サトノクロニクル　　　　　　　　　　  5.7  1.8 13.5 16.9 10.2 65  4.5                           
061745110314101674ブラックロード　　　　　　　　　　　100.6 17.5-14.7-10.0 -8.1 47  0.0                           
061745110414100656クリンチャー　　　　　　　　　　　　  8.0  2.2  4.7  7.5  4.2 59 13.7                           
061745110514106160ミッキースワロー　　　　　　　　　　  4.7  1.6 17.1 20.7 12.7 68 19.8                           
061745110614101769サーレンブラント　　　　　　　　　　 13.6  3.0  9.1 -1.6  2.1 57  0.0                           
061745110714106046アルアイン　　　　　　　　　　　　　  2.5  1.3 20.3 24.0 14.9 70 15.4                           
061745110814104267ブラックギムレット　　　　　　　　　 58.2 10.4-11.4 -9.3 -6.8 48  0.0                           
061745110914105192プラチナヴォイス　　　　　　　　　　 18.6  3.9 -2.1 -9.3 -4.0 51  0.0                           
061745111014105102サンデームーティエ　　　　　　　　　 24.5  4.9-11.4-12.2 -7.9 47  0.0  0                        
061745111114105709インペリアルフィズ　　　　　　　　　 22.8  4.6-10.0-11.3 -7.1 48  0.0                           
061745111214103335ローリングタワー　　　　　　　　　　 35.5  6.8 -6.9 -6.3 -4.4 51  0.0                           
061745111314105247ストロングレヴィル　　　　　　　　　 60.2 10.7 -9.0 -5.9 -4.9 50  0.0  5                        
061745111414104386クレッシェンドラヴ　　　　　　　　　 16.7  3.6 -9.1-12.2 -7.2 48  7.7                           
061745111514105517スティッフェリオ　　　　　　　　　　 18.2  3.8-11.0 -3.3 -4.5 50 10.2                           
061745120114103913ドリームマジック　　　　　　　　　　 23.8  4.6 -4.6 -1.8 -2.0 18  0.0                           
061745120214100533クインズラミントン　　　　　　　　　 60.7 10.5 -3.5-10.2 -4.8 15  0.0                           
061745120314101182グラスルーチェ　　　　　　　　　　　 70.5 12.1-11.4 -7.9 -6.3 14  0.0                           
061745120413100077ヴィガーエッジ　　　　　　　　　　　 28.4  5.4-11.4-10.2 -7.2 13  0.0                           
061745120514103588ロザンジェ　　　　　　　　　　　　　150.0 25.0-11.4 -7.9 -6.3 14  0.0                           
061745120614104310マイネルザウバア　　　　　　　　　　  7.5  2.1 10.1  9.3  6.4 26  6.7                           
061745120714105608ハナレイムーン　　　　　　　　　　　  3.8  1.5 18.0 26.2 15.0 35 11.6  1  157   51              
061745120814101302ヴァンベールシチー　　　　　　　　　  8.8  2.3  8.6 14.9  8.0 28 17.5  5                        
061745120914105531アオイシンゴ　　　　　　　　　　　　 34.5  6.4 -4.4 -9.5 -4.8 15  0.0                           
061745121013105540レッドシルヴィ　　　　　　　　　　　 12.3  2.8  5.4 11.0  5.7 26  0.0                           
061745121113105535サトノキングダム　　　　　　　　　　  2.7  1.3 18.2 22.3 13.6 34 18.1                           
061745121213101026マコトグラディウス　　　　　　　　　 42.3  7.7-10.0-13.2 -7.8 12  0.0                           
061745121313101965オンザロックス　　　　　　　　　　　 27.2  5.2  7.5 -5.6  0.2 20  0.0  0                        
061745121414105355ヴェルラヴニール　　　　　　　　　　  6.2  1.8  3.0 28.6 11.4 31  8.9  2                        
061745121514101733マッシュクール　　　　　　　　　　　 40.8  7.5-11.3  6.2 -1.1 19  0.0                           
091745010115106419カシノアプローズ　　　　　　　　　　  6.2  1.9  2.3  1.9  1.4  6  4.5                           
091745010215105882サイモンバイタル　　　　　　　　　　 18.9  4.0 -7.1 -2.5 -3.4  2  0.0                           
091745010315103422メイショウスイレン　　　　　　　　　 39.2  7.5 -9.2-13.1 -7.3 -2  0.0  0                        
091745010415100084ブルベアノザワナ　　　　　　　　　　 20.7  4.4 -1.3  0.2 -0.4  5  0.0  3                        
091745010515106397コスモロッソ　　　　　　　　　　　　 41.2  7.9-14.0-10.3 -8.2 -3  0.0                           
091745010615110002ディライトプロミス　　　　　　　　　  2.8  1.4 17.8 29.4 15.3 20 10.8                           
091745010715104032タンロン　　　　　　　　　　　　　　  7.1  2.1  6.6  3.4  3.4  8 16.3                           
091745010815105634リスペクタブル　　　　　　　　　　　  4.1  1.6  8.6 11.3  6.5 12 19.0                           
091745010915105439ダンツタイヨウ　　　　　　　　　　　  6.6  2.0 13.9 11.1  8.4 13 13.2C                          
091745011015105734アイファーアピール　　　　　　　　　 25.1  5.1 -5.7  7.9  0.3  5  0.0  5                        
091745011115101719キングリーフィスト　　　　　　　　　  8.0  2.2  8.1 21.2  9.3 14 14.6                           
091745020115102742ザリーティー　　　　　　　　　　　　  9.4  3.1  6.3  8.5  4.9 10 17.5                           
091745020215106160ゼットジガンテ　　　　　　　　　　　  8.8  3.0 11.0 15.5  8.7 14 10.8                           
091745020315110047タニノフランケル　　　　　　　　　　  1.5  1.2 20.9 23.8 14.8 20 17.4                           
091745020415102042ウインストロベリー　　　　　　　　　 32.0  8.8-10.3-12.9 -7.6 -3  0.0                           
091745020515102662ディヴァインサーガ　　　　　　　　　 14.8  4.3 -0.9  6.2  1.5  7  0.0                           
091745020615105154タマモリング　　　　　　　　　　　　 26.4  7.3 -7.7-14.7 -7.2 -2  9.6                           
091745020715103079ウォーターパルフェ　　　　　　　　　  3.0  1.2 15.8 17.4 11.0 16 19.0                           
091745030114105906スプリングノート　　　　　　　　　　 30.1  7.0-10.9-14.5 -8.3 -3  0.0  0                        
091745030214104075メイショウコンドル　　　　　　　　　100.4 21.2-10.9-14.0 -8.2 -3 10.9                           
091745030314105372デロングスター　　　　　　　　　　　  6.6  2.2  9.7  2.8  4.4  9 14.7                           
091745030414104522ニホンピロサーラス　　　　　　　　　 39.2  8.9-10.9-14.4 -8.3 -3  0.0  0                        
091745030514100876プライムコード　　　　　　　　　　　 28.0  6.5 -8.2-11.6 -6.5 -1  0.0                           
091745030614101809ホッコーカゲムシャ　　　　　　　　　  4.9  1.9 14.7 13.4  9.4 14 19.0                           
091745030714103492タイキブリジャール　　　　　　　　　  9.2  2.8  1.9  3.4  1.7  7  9.6                           
091745030814104048メイショウヒボタン　　　　　　　　　  6.4  2.2  9.4 23.1 10.4 15  0.0                           
091745030914106159ウニオミュスティカ　　　　　　　　　 12.0  3.2  2.1  9.5  3.6  9 10.2                           
091745031014103653メイショウチハヤ　　　　　　　　　　 57.5 12.4-10.9 -7.0 -6.1 -1  0.0                           
091745031114104381スマートニンバス　　　　　　　　　　  5.8  2.0  4.9  5.7  3.5  9  8.9                           
091745031214100490タガノラガッツォ　　　　　　　　　　 21.5  5.2  0.7 27.5  8.5 14 17.6                           
091745031314104308チョコタベチャウゾ　　　　　　　　　 61.5 13.3-11.7 -6.7 -6.3 -1  0.0                           
091745031414105157サウンドビクトリー　　　　　　　　　  4.0  1.7 11.9 16.9  9.4 14  0.0                           
091745031514101269リッカハピネス　　　　　　　　　　　 88.3 18.8-10.9-11.1 -7.3 -2  0.0                           
091745031614103021ヒロノランマン　　　　　　　　　　　 23.3  5.6 -4.6 -7.0 -3.8  1  0.0                           
091745040114103990モハー　　　　　　　　　　　　　　　 67.5 14.0-11.7-17.1 -9.4 -4  0.0  0                        
091745040214100607ラナイ　　　　　　　　　　　　　　　 62.1 12.9 -5.8-12.2 -5.8 -1  0.0  0                        
091745040314102676アオイスカーレット　　　　　　　　　  3.8  1.6  9.4 16.9  8.5 14 15.8                           
091745040414105769プライヤビスタ　　　　　　　　　　　  9.0  2.7 11.8  6.7  6.3 11  7.8                           
091745040514105538バーボネラ　　　　　　　　　　　　　 45.8  9.9-10.8-14.0 -8.2 -3  0.0                           
091745040614103715ショウナンサリュー　　　　　　　　　  4.4  1.8 12.2 14.3  8.8 14  5.9  5                        
091745040714106165ハートクレスト　　　　　　　　　　　 15.9  3.9 -0.2-16.6 -5.1  0 16.0  0                        
091745040814102718サワヤカフェスタ　　　　　　　　　　144.6 29.2-10.9-10.2 -7.1 -2  0.0                           
091745040914105407レッドジュラーレ　　　　　　　　　　 23.5  5.4 -3.9 -0.8 -1.7  3  0.0                           
091745041014101197モズアトラクション　　　　　　　　　 36.3  8.0 -7.0  4.2 -1.3  4 12.0                           
091745041114102719サンレイサワヤカ　　　　　　　　　　 56.5 11.8-11.7 -0.4 -4.4  1  0.0                           
091745041214104346アバルラータ　　　　　　　　　　　　  6.2  2.1  5.8 14.8  6.6 12 11.8                           
091745041314110066ライズイーグル　　　　　　　　　　　 48.0 10.4-11.7-14.2 -8.6 -4  0.0                           
091745041414102261スマートシグルズ　　　　　　　　　　  7.2  2.3  4.8  8.1  4.2  9  0.0                           
091745041514101085ロードバリスタ　　　　　　　　　　　  6.6  2.2  8.2 23.1  9.9 15 13.7                           
091745041614105256スムーズジャズ　　　　　　　　　　　 57.4 12.0-10.9-11.8 -7.5 -3  0.0                           
091745041714105597ジェルマ　　　　　　　　　　　　　　 61.6 12.8 -6.9-10.7 -5.7 -1  0.0                           
091745041814105369カルトデュモンド　　　　　　　　　　 20.3  4.8 -0.7-11.1 -3.6  1  0.0                           
091745050115102891エイシンヘリテイジ　　　　　　　　　 17.4  3.5 -1.4 -1.1 -0.8 -1  6.2                           
091745050215106056ウスベニノキミ　　　　　　　　　　　  6.5  1.8  6.7 24.8  9.9 10 15.3  2                        
091745050315103368グアン　　　　　　　　　　　　　　　  2.3  1.2 18.1 18.1 12.1 12 17.4                           
091745050415104205ボウルズ　　　　　　　　　　　　　　  4.1  1.5 11.3 18.9  9.8 10 15.0  1  134   59              
091745050515105049メジャーシャルマン　　　　　　　　　  6.1  1.8 12.5  3.4  5.6  6  7.8                           
091745050615101873ラポートトーク　　　　　　　　　　　 14.1  3.0  0.2 -4.4 -1.2 -1  0.0                           
091745050715104947メサルティム　　　　　　　　　　　　 14.3  3.0  3.1 -2.7  0.3  0  8.3                           
091745050815104787オルボンディール　　　　　　　　　　  6.6  1.9 12.9 11.4  8.1  8  7.4                           
091745050915101393ヒナマツリ　　　　　　　　　　　　　 36.2  6.4-11.7-16.2 -9.1 -9  0.0                           
091745060115105736アウトバーン　　　　　　　　　　　　 17.3  3.6 -6.3 11.7  1.2  1  0.0                           
091745060215101453ドストライク　　　　　　　　　　　　 51.7  9.2-10.9-19.7 -9.9-10  0.0  0                        
091745060315102241サンライズハニー　　　　　　　　　　 12.9  2.8  7.3 11.5  6.1  6  0.0                           
091745060415103391ミッキーマラン　　　　　　　　　　　  8.6  2.3 -2.0 -4.6 -2.1 -2 17.5  0                        
091745060515106216ガッツィーソート　　　　　　　　　　  2.5  1.2 21.8 33.1 17.9 18 17.4  1  188   48              
091745060615105868サクラアリュール　　　　　　　　　　 13.8  3.0 -3.7 -7.9 -3.7 -4  0.0                           
091745060715110014イグレット　　　　　　　　　　　　　  4.4  1.5  8.9  8.8  5.9  6 14.2                           
091745060815100180キョウワトレンチ　　　　　　　　　　  4.0  1.4 16.8 10.2  9.2  9 13.1                           
091745060915100348ショーム　　　　　　　　　　　　　　 17.0  3.5 -9.7 -2.9 -4.4 -4  8.8                           
091745061015104577ハギノグランデ　　　　　　　　　　　 13.5  2.9  6.6 -2.3  1.7  2  5.5                           
091745070114101953ダノンディーヴァ　　　　　　　　　　  6.9  2.2 17.7 16.2 11.4 31  4.8                           
091745070212104342ビーチパラソル　　　　　　　　　　　 37.7  8.0-12.9  6.3 -2.8 17  0.0                           
091745070313103844トチノマドンナ　　　　　　　　　　　158.3 30.8-10.9-10.2 -7.1 13  0.0                           
091745070413104286アイファーメリッサ　　　　　　　　　 63.4 12.7-10.9 -2.8 -4.8 15  0.0                           
091745070513102826ワンダースニュマン　　　　　　　　　 70.2 14.0-11.7 -1.8 -4.8 15  0.0                           
091745070613104938ゴールデンローズ　　　　　　　　　　 88.7 17.5-11.7-11.6 -7.8 12  0.0                           
091745070713100720スノードリーム　　　　　　　　　　　  5.6  1.9 13.5  6.9  7.0 27  5.9 1                         
091745070813105658クロースフレンド　　　　　　　　　　  5.9  2.0  2.1  3.5  1.8 22  4.5                           
091745070914105416マルカソレイユ　　　　　　　　　　　  3.0  1.5 15.7 14.0 10.0 30 17.4                           
091745071012100623ガロファノ　　　　　　　　　　　　　 11.8  3.0 -2.6-11.3 -4.3 16  9.6                           
091745071112105304ピアレスピンク　　　　　　　　　　　 29.1  6.3 -7.7-11.1 -6.2 14  0.0                           
091745071213101795オールスマイル　　　　　　　　　　　 17.5  4.1 -4.5  5.6  0.0 20  0.0                           
091745071312101555スキースクール　　　　　　　　　　　 18.0  4.2 -3.1  6.7  0.9 21  9.3                           
091745071414100098ピカロ　　　　　　　　　　　　　　　 17.6  4.2 -2.7  9.9  2.0 22  0.0  5                        
091745071514101147ミヤジマミー　　　　　　　　　　　　  9.4  2.7  5.3  0.7  2.2 22 21.0                           
091745071613101996トラストマヴィア　　　　　　　　　　 18.7  4.4 -4.5 -1.8 -2.2 18 12.0                           
091745080113101207ブライティアレディ　　　　　　　　　 11.4  2.6  2.4 14.0  5.1 25 23.7                           
091745080213104655アイファーヴリル　　　　　　　　　　 42.3  7.7-11.7-20.0-10.3 10  0.0  0                        
091745080313110020アメリカンイナズマ　　　　　　　　　 33.7  6.2-10.9 -7.4 -6.2 14  0.0                           
091745080413110114スペードクイーン　　　　　　　　　　  8.2  2.2  8.3 17.2  8.2 28  6.4                           
091745080514103190セルリアン　　　　　　　　　　　　　 76.4 12.9-11.7-12.2 -7.9 12  0.0                           
091745080613101359タツデンコーセッカ　　　　　　　　　 95.9 16.1-10.9 -9.2 -6.8 13  0.0                           
091745080714110080オールドベイリー　　　　　　　　　　  4.9  1.7 14.2  1.3  5.6 26  4.1                           
091745080814103032グランドロワ　　　　　　　　　　　　 29.9  5.6 -1.3-16.6 -5.5 15 18.2  0                        
091745080913100784カノヤパリティ　　　　　　　　　　　 38.4  7.0 -6.5-13.1 -6.3 14  0.0  0                        
091745081013101753ハルク　　　　　　　　　　　　　　　 15.0  3.2  1.3 12.4  4.2 24  0.0                           
091745081114103498キクノレレ　　　　　　　　　　　　　 29.6  5.6-10.8-11.8 -7.5 12  0.0                           
091745081213103614チェイスダウン　　　　　　　　　　　 21.9  4.3 -0.7 -3.5 -1.3 19  0.0                           
091745081314100827ラソ　　　　　　　　　　　　　　　　 49.0  8.8-10.9-11.8 -7.5 12  0.0                           
091745081413104774パーリオミノル　　　　　　　　　　　  2.3  1.3 20.9 22.2 14.3 34 17.4                           
091745081512105609グランドポピー　　　　　　　　　　　  9.1  2.4  9.8 17.9  9.0 29  4.8  2                        
091745081614102972メイショウカリン　　　　　　　　　　 14.0  3.0 -6.9-11.3 -5.9 14  9.6                           
091745090114105125エーティーラッセン　　　　　　　　　  4.9  1.8 14.0 22.2 11.8 32 12.7  3                        
091745090212104654ブロウユアマインド　　　　　　　　　 27.1  6.4-11.7-10.2 -7.3 13  0.0                           
091745090314101985チェスナットコート　　　　　　　　　  5.3  1.9 12.3 17.1  9.6 30 15.3                           
091745090414104329メイショウカミシマ　　　　　　　　　 14.0  3.7 -3.8-12.8 -5.2 15  0.0                           
091745090513103395ドルフィンマーク　　　　　　　　　　  7.1  2.4  2.3  7.2  3.0 23  0.0                           
091745090613101248タマモベルガモ　　　　　　　　　　　 28.8  6.7 -6.9 -5.5 -4.2 16 12.0                           
091745090712101150フォースフィールド　　　　　　　　　  4.4  1.7  5.7  8.8  4.7 25  5.4                           
091745090813101249ウインテンダネス　　　　　　　　　　  5.6  2.0 14.0 13.7  9.2 29 21.5                           
091745090912104194ジュンファイトクン　　　　　　　　　  4.5  1.8 13.5 11.7  8.5 28  9.2                           
091745091014106447アドマイヤジョラス　　　　　　　　　 13.8  3.6 -3.9 16.8  3.6 24  8.3  4                        
091745100109103495スズカウラノス　　　　　　　　　　　 47.8  9.3-11.7 -6.2 -6.2 24  7.2                           
091745100210102630トーコーグリーン　　　　　　　　　　 16.6  3.7  0.2  7.2  2.2 32  0.0                           
091745100314101308テイエムグッドマン　　　　　　　　　  5.2  1.7 11.3 10.1  7.2 37 14.2                           
091745100413104602ニホンピロヘーゼル　　　　　　　　　  7.5  2.2  4.5 11.8  5.2 35  6.9  5                        
091745100512104783プレシャスルージュ　　　　　　　　　 11.7  2.8  4.6  9.5  4.5 35  5.1                           
091745100612105828ダンカン　　　　　　　　　　　　　　 34.9  7.0-10.9-13.2 -8.0 22  0.0                           
091745100711101761タイマツリ　　　　　　　　　　　　　 12.7  3.0  3.1 11.1  4.5 34  7.1                           
091745100813105241ボンナヴァン　　　　　　　　　　　　 12.3  2.9  2.7  1.1  1.3 31  9.6                           
091745100913100904クリノリトミシュル　　　　　　　　　  2.7  1.3 20.4 19.4 13.3 43 10.8                           
091745101011103537アガスティア　　　　　　　　　　　　 13.7  3.2  0.7 -2.3 -0.4 30 19.6                           
091745101113106446ワンダーピルエット　　　　　　　　　  4.9  1.7  7.3 17.2  7.8 38  5.9  3                        
091745101212101139オイルタウン　　　　　　　　　　　　 57.0 10.7-10.9-10.7 -7.2 23  0.0                           
091745110112102477ワキノヒビキ　　　　　　　　　　　　 29.7  5.3  1.2 -3.3 -0.6 34 10.2                           
091745110214106061ラプソディーア　　　　　　　　　　　  8.4  2.1 10.6 12.6  7.7 43  6.9  4                        
091745110311100364ナンヨーマーク　　　　　　　　　　　 40.5  7.0-10.8-10.3 -7.1 28  0.0                           
091745110412101374ロイヤルストリート　　　　　　　　　 12.8  2.7  8.8  7.0  5.3 40  7.3                           
091745110513105321エスティタート　　　　　　　　　　　  3.7  1.3 11.8 14.7  8.7 44 18.6                           
091745110611104500オースミチャド　　　　　　　　　　　 64.8 10.5-10.9-12.0 -7.6 27  0.0                           
091745110713106051ビップライブリー　　　　　　　　　　  2.7  1.2 20.0 24.6 14.7 50 17.4                           
091745110813102518ロードセレリティ　　　　　　　　　　 17.4  3.4  5.8  6.2  4.0 39  0.0                           
091745110911109191テイエムゲッタドン　　　　　　　　　 43.7  7.5 -7.6-11.1 -6.1 29  6.9A                          
091745111014105304サングレーザー　　　　　　　　　　　  3.1  1.3 16.9 26.1 14.0 49 10.9                           
091745111111102532アルテ　　　　　　　　　　　　　　　 36.6  6.4 -7.7-11.1 -6.2 29  0.0                           
091745111212101006ペガサスボス　　　　　　　　　　　　 56.6  9.2 -6.5 -7.5 -4.6 30  0.0                           
091745120114105582セイイーグル　　　　　　　　　　　　 18.2  4.0-10.9  2.3 -3.3 17  0.0                           
091745120213104980オンザフロウ　　　　　　　　　　　　 11.6  2.8  7.0 10.1  5.6 26  7.3                           
091745120313100359アフターミー　　　　　　　　　　　　 29.3  6.0 -2.9  4.0  0.1 20 21.8                           
091745120414102217デスティネイション　　　　　　　　　  3.4  1.4 16.5 25.6 13.7 34 13.8                           
091745120514105341フォルトラオム　　　　　　　　　　　 49.5  9.7-10.9-20.0-10.0 10  0.0                           
091745120613110067マテラヴィクトリー　　　　　　　　　 50.6  9.9-11.7-14.2 -8.6 11  0.0                           
091745120714105927ラバピエス　　　　　　　　　　　　　 14.5  3.4  0.7 -2.6 -0.5 19 22.9                           
091745120813101023ショウナンマシェリ　　　　　　　　　  8.5  2.4  9.0 33.5 13.4 33  0.0  1  191   43              
091745120914103184オイカケマショウ　　　　　　　　　　 36.7  7.3 -4.5-14.5 -6.0 14  0.0                           
091745121013103668ブリーズスズカ　　　　　　　　　　　  3.5  1.4 16.0 18.6 11.4 31 19.0                           
091745121114105543カレンカカ　　　　　　　　　　　　　  4.1  1.5 13.0 15.7  9.5 29  0.0                           
091745121213103489メイショウアケボノ　　　　　　　　　 33.5  6.7-10.9-19.7 -9.9 10  0.0  0                        
091745121313103507アテンフェスタ　　　　　　　　　　　 26.3  5.4 -9.2-10.2 -6.4 14  0.0                           
091745121413102691ハッチャンハッピー　　　　　　　　　 28.9  5.9 -3.7  1.0 -1.1 19  0.0                           
