011623010114103103サンバダンサー　　　　　　　　　　　 32.3  5.5-11.8  2.9 -2.5  3  0.0  5                        
011623010214103410ジッテ　　　　　　　　　　　　　　　  7.2  1.9-11.8  2.1 -2.8  2  0.0  4                        
011623010314101498ブランシュ　　　　　　　　　　　　　 56.3  8.8 -2.9 -1.3 -1.3  4  0.0                           
011623010414104297ダンツプロシード　　　　　　　　　　 21.7  3.9  9.6 -3.7  1.5  7  0.0                           
011623010514102977リングリンクリン　　　　　　　　　　 16.5  3.2 -3.2  3.8  0.4  5 24.5                           
011623010614104321ジャストヒーロー　　　　　　　　　　 47.6  7.7-11.8-10.7 -7.5 -2  0.0                           
011623010714100779サンジレット　　　　　　　　　　　　 14.8  2.9-11.8  5.6 -1.5  4  0.0                           
011623010814105233セイユウレディ　　　　　　　　　　　 59.2  9.2-11.5-20.0-10.8 -6  0.0                           
011623010914101146エスシーエイト　　　　　　　　　　　  3.2  1.3 17.3 38.5 19.3 24 17.3                           
011623011014102814アースヴィグラス　　　　　　　　　　 12.9  2.6  9.3 -4.7  1.1  6  0.0  0                        
011623011114103617ハシルキセキ　　　　　　　　　　　　  2.4  1.2 19.2 40.0 20.4 25 15.8                           
011623011214103455ソルティピース　　　　　　　　　　　  6.3  1.7 18.6 22.0 13.6 19  0.0  3                        
011623020114102175スノーイルナ　　　　　　　　　　　　 12.2  2.3  5.4  6.4  4.0  9  0.0                           
011623020214103175スマートアムール　　　　　　　　　　  2.8  1.2 13.6 28.1 14.4 19 17.3  3                        
011623020314104833キューバンマンボ　　　　　　　　　　  6.4  1.6  9.1  5.9  4.9 10  0.0                           
011623020414102389サンシャワー　　　　　　　　　　　　  6.8  1.7 14.2 19.0 11.2 16 20.2  4                        
011623020514104607ココロヤサシイ　　　　　　　　　　　  8.9  2.0 -3.2 -8.9 -4.2  1  0.0                           
011623020614100237エレクトリイオネ　　　　　　　　　　 26.1  4.2-11.8-10.3 -7.3 -2  0.0                           
011623020714105094ユメニカケル　　　　　　　　　　　　 34.3  5.3-11.2 12.0  1.0  6  0.0  5                        
011623020814100323ウエルカムフルーツ　　　　　　　　　 42.1  6.4-11.8-18.4-10.3 -5  0.0  0                        
011623020914103294ラユロット　　　　　　　　　　　　　  2.4  1.2 23.6 30.3 18.2 23 15.8  1  210   58              
011623030113104788ゼットガガ　　　　　　　　　　　　　 19.0  3.6 10.8 -7.4  0.5  6  0.0                           
011623030213101294アイティターボ　　　　　　　　　　　 51.2  8.4-11.8-18.6-10.4 -5  0.0  0                        
011623030313104815アッパレドンキ　　　　　　　　　　　 37.6  6.4-11.8 -6.8 -6.0 -1  0.0                           
011623030413105773アメジストデュー　　　　　　　　　　 17.9  3.4 -9.1-15.7 -8.5 -3  0.0                           
011623030513102508フレアリングブルー　　　　　　　　　  5.6  1.6  9.3  9.7  6.3 11  0.0                           
011623030613103970レパーズタウン　　　　　　　　　　　 17.6  3.4-11.8-10.7 -7.5 -2  0.0                           
011623030713100996ショウサングランド　　　　　　　　　  2.0  1.2 23.1 12.3 11.4 16 15.8                           
011623030813103655グランジュテ　　　　　　　　　　　　  4.7  1.5 17.3 11.4  9.4 14 17.3                           
011623030913101030フュテール　　　　　　　　　　　　　 12.6  2.6  7.1 10.2  5.9 11  0.0                           
011623031013101359タツデンコーセッカ　　　　　　　　　 19.6  3.7  0.6  8.3  3.2  8  0.0                           
011623031113103715キクノブリリオ　　　　　　　　　　　 18.4  3.5-11.5-12.6 -8.1 -3 25.9                           
011623031213106437クレイジーインラヴ　　　　　　　　　 16.4  3.2-11.8 -9.0 -6.8 -2  0.0                           
011623040113104829ダイシンヤース　　　　　　　　　　　 51.2  9.2-11.8-10.3 -7.3 -2  0.0                           
011623040213104136イントゥザターフ　　　　　　　　　　 10.9  2.5 -0.8 12.0  4.2  9  0.0                           
011623040313104086エランドールシチー　　　　　　　　　 11.6  2.6 10.8 24.0 12.0 17  0.0  3                        
011623040413106256サンマルクラウン　　　　　　　　　　  5.4  1.7 12.7 12.5  8.4 13  0.0                           
011623040513103590ヒルノサルバドール　　　　　　　　　 29.9  5.6  0.5 -6.2 -2.1  3  0.0                           
011623040613110018キャナルハート　　　　　　　　　　　 45.4  8.2-11.8-15.4 -9.2 -4  0.0  0                        
011623040713101735タガノジャパン　　　　　　　　　　　 26.5  5.1-11.8 12.0  0.9  6  0.0  5                        
011623040813100705ゴールデンバイオ　　　　　　　　　　 13.7  3.0 -1.9 10.3  3.2  8 24.5                           
011623040913100566レッドリッジ　　　　　　　　　　　　  2.2  1.3 23.6 32.4 19.0 24 15.8  2                        
011623041013105291サイモンキンバリー　　　　　　　　　 19.9  4.0-11.5 15.0  2.0  7  0.0                           
011623041113105267クールフォルム　　　　　　　　　　　  7.6  2.1 -2.9  7.9  2.0  7  0.0                           
011623041213105779ベストワークス　　　　　　　　　　　  7.0  2.0 14.6 14.2  9.6 15 18.7                           
011623041313101858ノーアトゥーン　　　　　　　　　　　 66.6 11.4-11.5-16.0 -9.3 -4  0.0  0                        
011623050114102019コロラトゥーレ　　　　　　　　　　　  4.0  1.5 10.9 27.2 13.2 13 17.3  1  231   62              
011623050214110050リエノテソーロ　　　　　　　　　　　  4.1  1.5 18.1 17.8 12.0 12 18.7                           
011623050314102371ロックアードゴージ　　　　　　　　　 11.0  2.7  9.1  9.6  6.3  6  0.0  5                        
011623050414105433デルマヨサク　　　　　　　　　　　　 52.6 10.5  7.1-10.7 -1.8 -2  0.0                           
011623050514103170レッドゼノン　　　　　　　　　　　　 16.0  3.7-11.8 -6.2 -5.8 -6  0.0                           
011623050614103963ヨドノビクトリー　　　　　　　　　　  8.5  2.5  2.2-12.6 -4.0 -4  0.0                           
011623050714100401タカラユメ　　　　　　　　　　　　　 37.3  7.6 -9.1-20.0-10.1-10  0.0                           
011623050814104396ショウナンダブル　　　　　　　　　　 24.8  5.3 -9.1 -0.5 -2.9 -3  0.0  0                        
011623050914105724ハットラブ　　　　　　　　　　　　　  3.3  1.4 20.1 14.3 11.3 11 15.8                           
011623051014101826タカミツサクラ　　　　　　　　　　　 57.6 11.1-11.8-13.6 -8.5 -9  0.0  0                        
011623051114106435グロースアルティヒ　　　　　　　　　  6.5  2.0 -9.1  0.5 -2.5 -3  0.0                           
011623051214104838クレードラリュンヌ　　　　　　　　　 28.1  5.9-11.8 13.7  1.5  1  0.0                           
011623060113106067アドマイヤディーバ　　　　　　　　　 12.8  3.0  0.5  3.5  1.4  6  0.0  5                        
011623060213105449クリスタルテーラー　　　　　　　　　 66.2 12.3-11.8-10.3 -7.3 -2  0.0                           
011623060313101509ミライヘノサイン　　　　　　　　　　121.8 22.1-13.2-10.7 -7.9 -3  0.0                           
011623060413105501ヴォーグダンス　　　　　　　　　　　 95.6 17.5-13.2-19.6-11.1 -6  0.0                           
011623060513103153ギャツビー　　　　　　　　　　　　　  7.8  2.3 12.5 15.0  9.3 14 21.6                           
011623060613105978ミッキーディナシー　　　　　　　　　  2.8  1.3 17.7 17.8 11.8 17 15.8                           
011623060713100016ヴィリア　　　　　　　　　　　　　　 79.9 14.7-11.8-12.2 -8.0 -3  0.0  0                        
011623060813104841キングサンデー　　　　　　　　　　　 72.8 13.5-11.8-10.7 -7.5 -2  0.0                           
011623060913105473ポケットチャーリー　　　　　　　　　  4.6  1.6  6.9 11.3  6.2 11  0.0                           
011623061013106193アバンダント　　　　　　　　　　　　  4.4  1.6  0.5 12.7  4.8 10 17.3                           
011623061113105263タイタンアルム　　　　　　　　　　　 20.3  4.4 -2.9  0.5 -0.7  4  0.0                           
011623061213104503ヌーベルデフィー　　　　　　　　　　100.4 18.3-11.8-20.0-10.9 -6  0.0  0                        
011623061313103091リベリーターン　　　　　　　　　　　 78.7 14.5-11.8-20.0-10.9 -6  0.0  0                        
011623061413105409デルマオシマ　　　　　　　　　　　　 26.5  5.5-11.2  0.5 -3.2  2  0.0                           
011623061513101949クードヴァン　　　　　　　　　　　　  6.5  2.0 23.1 11.3 11.1 16  0.0  5                        
011623061613105039マイネルチャンプ　　　　　　　　　　 31.2  6.3 -2.9-14.3 -6.1 -1  0.0                           
011623070112105410シンフォニア　　　　　　　　　　　　 17.5  4.6-11.8  0.9 -3.2 17  0.0                           
011623070212101890フェアラフィネ　　　　　　　　　　　  5.9  2.1 12.7  9.2  7.2 27  0.0                           
011623070312104803ビバリーヒルズ　　　　　　　　　　　  4.8  1.9 11.9 21.0 11.3 31 15.8  3                        
011623070413104320タマモブリリアン　　　　　　　　　　  6.0  2.2 11.8 -0.1  3.5 24  0.0  0                        
011623070512102169ウィズアットレース　　　　　　　　　 93.8 21.0-11.8 -4.4 -5.2 15  0.0                           
011623070613104407アリアカンタービレ　　　　　　　　　 80.4 18.0-11.8-10.3 -7.3 13  0.0                           
011623070711101574リヴィエール　　　　　　　　　　　　  5.2  2.0 10.8 18.7 10.1 30  0.0  5                        
011623070811105730コスモマイルール　　　　　　　　　　 86.7 19.4-11.8 -9.3 -6.9 13  0.0                           
011623070913105841トップライセンス　　　　　　　　　　 10.8  3.1-11.8 11.1  0.5 21  0.0                           
011623071013103391ペプチドブラッサム　　　　　　　　　 24.0  6.0 -9.1 -5.6 -4.8 15  0.0                           
011623071111105627トウカイマインド　　　　　　　　　　 61.6 14.0-11.8-16.8 -9.7 10  0.0  0                        
011623071212102554ミンナノプリンセス　　　　　　　　　  8.0  2.7 15.8 23.6 13.4 33 23.0                           
011623071313103430フジマサアクトレス　　　　　　　　　  7.7  2.6  0.5 20.4  7.6 28  0.0                           
011623071413105548シェヴェルニー　　　　　　　　　　　 63.6 14.4-11.8-20.0-10.9  9  0.0                           
011623071513103410オフクヒメ　　　　　　　　　　　　　 11.3  3.2-11.8 -3.7 -4.9 15 25.9                           
011623071612106382クリノスイートピー　　　　　　　　　 41.6  9.9-11.8  0.5 -3.4 17  0.0                           
011623080113105693トウシンタイガー　　　　　　　　　　 12.2  3.0 -0.7  5.5  1.8 22  0.0                           
011623080212104242アオイオンリーワン　　　　　　　　　  9.2  2.6 -1.8  3.5  0.7 21  0.0                           
011623080313102344リネンソング　　　　　　　　　　　　 50.1 10.2-11.5-20.0-10.8  9  0.0                           
011623080413101846エルパンドール　　　　　　　　　　　 40.9  8.4-11.8 -8.6 -6.7 13  0.0  5                        
011623080512100683マイネルプロンプト　　　　　　　　　  5.4  1.8 10.8  7.0  5.8 26 18.7                           
011623080612102418タイユール　　　　　　　　　　　　　  4.5  1.7 20.5 23.9 14.9 35 17.3                           
011623080712104376フィールドリアン　　　　　　　　　　 43.1  8.9 -2.9-14.3 -6.1 14  0.0                           
011623080812106134シードパール　　　　　　　　　　　　  9.1  2.6 12.9  6.4  6.2 26  0.0                           
011623080913101126ウインランブル　　　　　　　　　　　 19.6  4.5-11.5 -5.9 -5.6 14  0.0                           
011623081013103166サングラスポテト　　　　　　　　　　 11.0  2.8-11.8 13.2  1.3 21  0.0                           
011623081112104230サトノギャラクシー　　　　　　　　　 11.4  2.9-11.8 -5.8 -5.7 14  0.0                           
011623081211104070デジタルフラッシュ　　　　　　　　　  3.1  1.5 20.3 18.0 12.7 33 15.8C 1  142   73              
011623081313104957ビレッジゴールド　　　　　　　　　　 31.2  6.6 -2.9  1.7 -0.2 20  0.0  3                        
011623090111100822デルマサリーチャン　　　　　　　　　 17.9  4.1 -1.8 -9.0 -3.8 16  0.0                           
011623090211104014セルバンテス　　　　　　　　　　　　  8.9  2.6-11.5  5.6 -1.4 19  0.0                           
011623090312106012タケルラムセス　　　　　　　　　　　  3.4  1.5 20.3 18.5 12.9 33 15.8                           
011623090411101783フェンガリ　　　　　　　　　　　　　 20.5  4.6-11.5-10.3 -7.2 13  0.0                           
011623090513100779ディスピュート　　　　　　　　　　　 18.3  4.2 -2.9 -6.2 -3.1 17 25.9                           
011623090612101083トーセンナチュラル　　　　　　　　　 48.2  9.8-11.8  9.9  0.1 20  0.0  5                        
011623090711101089オペラハット　　　　　　　　　　　　 72.1 14.0-10.0-19.3-10.1 10  0.0                           
011623090813101028ウォーターミリオン　　　　　　　　　 16.1  3.8-11.8 12.0  0.9 21  0.0  5                        
011623090911103940アグリッパーバイオ　　　　　　　　　 20.3  4.6-11.5 -7.2 -6.1 14  0.0  0                        
011623091013106002エアワイバーン　　　　　　　　　　　  4.1  1.6 15.7 17.8 11.2 31  0.0                           
011623091112104661アドマイヤロワ　　　　　　　　　　　 30.4  6.4 -0.7  0.9  0.1 20  0.0                           
011623091213109024ウインブルースカイ　　　　　　　　　 25.2  5.4  0.5 -9.4 -3.3 17  0.0  0                        
011623091312102293ロードグリッター　　　　　　　　　　  5.5  1.8 18.3 11.1  9.6 30  0.0                           
011623091412100276ララエクラテール　　　　　　　　　　  6.9  2.1 -2.7 11.2  3.3 23 20.2  5                        
011623100111102452ホクラニミサ　　　　　　　　　　　　 10.7  2.9 -9.1 17.0  3.5 24  0.0                           
011623100213104604ペイシャマリヤ　　　　　　　　　　　 49.3 11.0-11.2-11.7 -7.7 12  0.0                           
011623100312103064アルパーシャン　　　　　　　　　　　  6.7  2.3 18.0 10.2  9.1 29 20.2                           
011623100411100323トリニティプレイス　　　　　　　　　 12.6  3.3 -1.8  6.2  1.7 22  0.0                           
011623100513101518ルピナスベル　　　　　　　　　　　　 28.1  6.5-11.8-10.3 -7.3 13  0.0                           
011623100612105425ブライトボイス　　　　　　　　　　　  4.6  1.8 17.4  6.0  7.4 27  0.0                           
011623100712105635ユメノマイホーム　　　　　　　　　　  5.5  2.0 10.8  3.7  4.6 25 18.7                           
011623100813102598アイアンマン　　　　　　　　　　　　  8.9  2.8  3.8 -1.1  0.7 21  0.0                           
011623100912103494メイショウナガマサ　　　　　　　　　 35.0  8.0 -2.9-16.6 -7.0 13  0.0  0                        
011623101010104741レーヴドプランス　　　　　　　　　　 16.2  4.1 -0.2  0.5  0.1 20  0.0                           
011623101112110021ミスエリカ　　　　　　　　　　　　　 20.0  4.9-11.8-17.4 -9.9 10  0.0  0                        
011623101211101117ムーンドロップ　　　　　　　　　　　 18.4  4.6 -9.1-17.5 -9.1 11 27.4                           
011623101313103213イスズブライト　　　　　　　　　　　 31.4  7.2-11.5-14.7 -8.8 11  0.0                           
011623101413103740ドゥーカ　　　　　　　　　　　　　　  4.2  1.7  2.1  2.0  1.4 21  0.0                           
011623110107100476サクラボールド　　　　　　　　　　　  7.1  2.4 11.5 11.5  7.7 43  0.0                           
011623110209110048レッドシャンクス　　　　　　　　　　 11.5  3.2 -9.1 -7.9 -5.6 29 23.0  0                        
011623110311101814パリカラノテガミ　　　　　　　　　　 13.2  3.6-11.5 -4.5 -5.1 30  0.0  0                        
011623110411101149ウインフェニックス　　　　　　　　　 15.5  4.1-11.8 -4.0 -5.0 30  0.0                           
011623110509102640ベルニーニ　　　　　　　　　　　　　 45.1 10.6-11.8-20.0-10.9 24  0.0  0                        
011623110611104718ウインオリアート　　　　　　　　　　 52.4 12.2-11.5 -7.9 -6.3 29  0.0  0                        
011623110711103613フェルメッツァ　　　　　　　　　　　  5.4  2.0 15.8  9.2  8.1 43  0.0                           
011623110809105899サトノレオパード　　　　　　　　　　 13.3  3.7 -9.1-12.5 -7.3 28  0.0  0                        
011623110910103182ワールドレーヴ　　　　　　　　　　　  4.9  1.9 18.7 28.3 16.0 51 15.8                           
011623111010110013レッドルーファス　　　　　　　　　　 10.9  3.1 -9.1  3.5 -1.4 34  0.0  5                        
011623111109106679ダイヤモンドダンス　　　　　　　　　 20.3  5.2 12.7  7.9  6.7 42  0.0                           
011623111211102736フェスティヴイェル　　　　　　　　　 13.7  3.7-11.5-10.4 -7.3 28  0.0  0                        
011623111307106369トウカイオーロラ　　　　　　　　　　 20.2  5.2-11.8 12.0  0.9 36  0.0  5                        
011623111410101221ヤマイチパートナー　　　　　　　　　  4.9  1.9 14.6 12.7  9.0 44 17.3                           
011623120112100277ロックキャンディ　　　　　　　　　　 42.4  9.2-11.8 -1.3 -4.0 26  0.0                           
011623120211103423サクセスラディウス　　　　　　　　　  7.8  2.4-11.8  6.8 -1.0 29 20.2  5                        
011623120311104837キーアシスト　　　　　　　　　　　　  7.8  2.4 11.8 24.0 12.3 42  0.0  3                        
011623120413105892ドラゴンシュバリエ　　　　　　　　　  7.9  2.5 10.8 19.3 10.3 40  0.0  2                        
011623120512104504マイネルオフィール　　　　　　　　　  7.4  2.3  7.1  9.7  5.7 36  0.0                           
011623120608103196アドマイヤカーリン　　　　　　　　　 22.7  5.2-11.8-10.2 -7.3 23  0.0                           
011623120713104415サクラエンパイア　　　　　　　　　　  6.9  2.3 15.7 24.0 13.5 44 17.3  1  375   75              
011623120811100643テイエムコンドル　　　　　　　　　　 48.1 10.3-11.5-20.0-10.8 19  0.0                           
011623120911102545スリーアロー　　　　　　　　　　　　  2.9  1.5 20.8 27.9 16.5 46 15.8  1  290   50              
011623121011103886マーブルケーキ　　　　　　　　　　　 12.1  3.1  4.9-11.1 -2.6 27  0.0                           
011623121112105901ポムフィリア　　　　　　　　　　　　 14.7  3.7 -2.9  8.1  2.1 32  0.0  5                        
011623121213102986フレンドミラクル　　　　　　　　　　 17.5  4.2-11.8 -9.0 -6.8 23  0.0                           
011623121312110039アメリカンストーム　　　　　　　　　 19.1  4.6-12.9-14.7 -9.3 21  0.0                           
041629010114101013ゴールドサンダー　　　　　　　　　　 45.1  9.0-11.5-12.0 -7.8 -3  0.0                           
041629010214104957ニーマルサンデー　　　　　　　　　　 19.9  4.4 -5.6  6.8  0.8  6 11.6                           
041629010314102302プーカローズ　　　　　　　　　　　　  7.0  2.1  8.9  9.6  6.2 11  0.0                           
041629010414102826ファンシーアモン　　　　　　　　　　 26.6  5.6 -7.6  7.3  0.4  5  0.0  5                        
041629010514103782マスカレードシチー　　　　　　　　　 36.2  7.4 -9.3  3.0 -1.7  3  0.0                           
041629010614103106ルリカラクサ　　　　　　　　　　　　 42.9  8.6-11.5 -9.8 -7.0 -2  0.0                           
041629010714100675コスモワンエイティ　　　　　　　　　 72.7 13.8-13.6-11.0 -8.1 -3  0.0                           
041629010814103602ブラックモトヒメ　　　　　　　　　　 79.6 15.0-10.0 -9.3 -6.4 -1  0.0                           
041629010914104218ヒマラヤパルプンテ　　　　　　　　　 27.4  5.7 -2.2 29.6 10.2 15  9.1                           
041629011014101070バガーチ　　　　　　　　　　　　　　 63.8 12.2 -9.8-15.1 -8.5 -3  0.0                           
041629011114101067スグスキシッパイ　　　　　　　　　　 43.2  8.7 -9.4 -2.3 -3.7  1  0.0                           
041629011214102154シゲルタイガー　　　　　　　　　　　  7.1  2.2  5.0 13.2  6.3 11  7.2  3                        
041629011314100926ジュンヴァリアス　　　　　　　　　　  2.4  1.3 19.2 27.2 15.7 21 12.8                           
041629011414103944ルドベキア　　　　　　　　　　　　　 15.0  3.5 10.7  7.0  5.8 11  7.7                           
041629011514100721マイネルベレーロ　　　　　　　　　　  6.9  2.1  6.0 20.5  9.3 14  8.2  4                        
041629011614100534ウインガナドル　　　　　　　　　　　  7.0  2.1 20.0  9.0  9.3 14 13.5                           
041629011714105115セイソ　　　　　　　　　　　　　　　 58.6 11.2-10.0 -9.8 -6.6 -2  0.0                           
041629011814102970メガミノキセキ　　　　　　　　　　　 46.3  9.2-13.6  7.0 -1.5  3  0.0                           
041629020113102728コクリュウカフェ　　　　　　　　　　 17.3  3.0  6.0  6.8  4.3  9 10.3C                          
041629020213103148キープサニーハート　　　　　　　　　 14.9  2.7  7.5  3.8  3.6  9  0.0                           
041629020313100531トーホウエース　　　　　　　　　　　  6.2  1.6 20.0 18.5 12.8 18 12.5  5                        
041629020413104222ストーリーライター　　　　　　　　　 28.1  4.4-10.0  9.6  0.5  6  0.0  5                        
041629020513101554ゴールデンアトム　　　　　　　　　　 84.6 11.6-13.6-12.8 -8.8 -4  0.0                           
041629020613102417エクセルレジェンド　　　　　　　　　 82.6 11.3 -5.9-16.0 -7.6 -3  0.0  0                        
041629020713101227クラウンネロ　　　　　　　　　　　　 23.5  3.8 -5.1  6.3  0.8  6  0.0                           
041629020813101692ミシェル　　　　　　　　　　　　　　 91.1 12.4-11.5 -7.6 -6.2 -1  0.0                           
041629020913102424プレイヤード　　　　　　　　　　　　  3.4  1.3 18.1 18.4 12.2 17 19.8                           
041629021013102703ヴィリープ　　　　　　　　　　　　　 78.6 10.8-10.0-15.7 -8.8 -4  0.0                           
041629021113104008チェルカービレ　　　　　　　　　　　  2.0  1.2 22.4 19.0 13.7 19 18.1                           
041629021213104566ホープトウショウ　　　　　　　　　　 67.0  9.3-10.4-15.1 -8.7 -4  0.0                           
041629021313100033リトルスマイル　　　　　　　　　　　 64.8  9.0-10.0-11.7 -7.3 -2  0.0                           
041629021413105326レッドミュール　　　　　　　　　　　 29.5  4.6  0.0 11.4  4.2  9  0.0  5                        
041629021513103620アルコバッサ　　　　　　　　　　　　119.2 16.0-11.5-11.7 -7.7 -3  0.0                           
041629021613100023パラレルユニバース　　　　　　　　　 31.1  4.8-10.0 -2.9 -4.1  1  0.0  0                        
041629021713100162キューノキセキ　　　　　　　　　　　 64.5  9.0 -9.4-12.0 -7.2 -2  0.0                           
041629021813104104サンボウ　　　　　　　　　　　　　　 58.5  8.2-10.0-11.8 -7.3 -2  0.0                           
041629030113105379レッドスペラーレ　　　　　　　　　　 29.6  5.5 -3.3-10.4 -4.8  0  9.6                           
041629030213101790ヤマニンスワンキー　　　　　　　　　 72.9 12.3-13.6 -8.9 -7.3 -2  0.0                           
041629030313106311ウインバーニング　　　　　　　　　　 16.6  3.4  0.7  7.0  2.8  8  0.0                           
041629030413100258ドラゴンイモン　　　　　　　　　　　 14.6  3.1  6.0 11.0  5.8 11  0.0                           
041629030513104474キャバリアキング　　　　　　　　　　 86.8 14.5-10.0-10.2 -6.7 -2  0.0                           
041629030613105842スピアザゴールド　　　　　　　　　　  2.3  1.2 20.6 20.0 13.5 19 18.1                           
041629030713105701ディゼトワール　　　　　　　　　　　  6.5  1.9 13.6 20.7 11.7 17  6.8                           
041629030813101614ベルクオーレ　　　　　　　　　　　　 19.2  3.9 -7.2 14.5  3.2  8  0.0  5                        
041629030913103953ムーンシャイナー　　　　　　　　　　 36.5  6.6 -5.5-10.2 -5.4  0  0.0                           
041629031013105622サトノバレット　　　　　　　　　　　108.5 17.9-11.5-11.8 -7.8 -3  0.0                           
041629031113102530フッカツノノロシ　　　　　　　　　　  6.2  1.8 11.4 14.8  8.8 14 15.2                           
041629031213101588カルメンティス　　　　　　　　　　　 29.0  5.4 -4.9  0.4 -1.3  4  0.0                           
041629031313100189ディヴェルテンテ　　　　　　　　　　 71.1 12.0-10.0-12.8 -7.7 -3  0.0  0                        
041629031413105745エレクトロポップ　　　　　　　　　　  4.8  1.6 12.0 11.8  7.9 13 14.0                           
041629031513105237ノンシュガー　　　　　　　　　　　　 17.5  3.6 -6.2-12.0 -6.3 -1  0.0                           
041629040112105505タイキフロンティア　　　　　　　　　 27.1  5.1 -7.6  2.4 -1.4 -1  0.0  5                        
041629040211101322リネンプルーフ　　　　　　　　　　　 79.7 13.2-10.4 -7.2 -5.8 -6  0.0                           
041629040312103216サンディアタッチ　　　　　　　　　　 10.7  2.4 10.4  9.4  6.6  7  0.0                           
041629040410101206ジョージジョージ　　　　　　　　　　 42.8  7.6-10.0-15.7 -8.8 -9  0.0                           
041629040510100656グリーティングワン　　　　　　　　　  2.7  1.2 18.2 16.2 11.4 11 18.1                           
041629040611104438サトノバセロン　　　　　　　　　　　 45.4  8.0 -5.2-14.6 -6.9 -7  0.0                           
041629040708110132インディーズゲーム　　　　　　　　　 19.3  3.8  8.7-10.7 -1.3 -1  0.0                           
041629040811101699ウエスタンニンジャ　　　　　　　　　 55.7  9.4-10.4-12.9 -7.8 -8  0.0  0                        
041629040909102216トーセンアゲイン　　　　　　　　　　  3.4  1.3 13.9 37.6 18.0 18 19.8  1  359   50              
041629041011102536エクセレントミノル　　　　　　　　　 36.0  6.5 -9.8-14.8 -8.4 -8  0.0                           
041629041112100484レースノワエ　　　　　　　　　　　　 24.0  4.6-10.4-10.4 -6.9 -7 11.6                           
041629041213105103トーアヒミコ　　　　　　　　　　　　 18.6  3.7-10.4-11.5 -7.3 -7  0.0                           
041629041312105379レッドサヴァージ　　　　　　　　　　  3.8  1.4 20.7 14.6 11.6 12 12.5                           
041629041411105126ワイルドジーク　　　　　　　　　　　 25.7  4.8  1.4  4.6  2.1  2  0.0                           
041629050114109089ヤマノブロンコ　　　　　　　　　　　 27.6  6.6-10.0 -8.4 -6.1 -6  0.0  0                        
041629050214100688コスモプラシデス　　　　　　　　　　127.6 27.2-10.0-18.8 -9.9-10  0.0  0                        
041629050314101676マイネルハレオ　　　　　　　　　　　 35.1  8.2 -4.7-14.0 -6.5 -7  0.0                           
041629050414105123プティトシャンティ　　　　　　　　　 46.7 10.7-11.5-12.6 -8.1 -8  0.0  0                        
041629050514101727ハイランドピーク　　　　　　　　　　 21.7  5.3 -7.6-15.1 -7.8 -8  0.0                           
041629050614104518ブラウンヘルシャー　　　　　　　　　 41.8  9.6-10.0-11.8 -7.3 -7  0.0                           
041629050714103075キングファースト　　　　　　　　　　  8.3  2.7 10.7 10.2  6.9  7 18.6                           
041629050814106105ゼニステレスコープ　　　　　　　　　  5.1  1.9 13.4  9.9  7.7  8 11.6                           
041629050914109094アパラチアン　　　　　　　　　　　　 32.6  7.6 -8.6 -2.2 -3.4 -3  0.0                           
041629051014100743マイネルクロニクル　　　　　　　　　 29.9  7.1 -9.4 -5.2 -4.7 -5  0.0                           
041629051114105102サンデームーティエ　　　　　　　　　 50.7 11.5-11.5-12.2 -7.9 -8  0.0  0                        
041629051214102902ブリラーレ　　　　　　　　　　　　　  7.7  2.5 10.1  9.1  6.4  6 17.5                           
041629051314106220リスグラシュー　　　　　　　　　　　  4.1  1.7 16.8 22.1 13.1 13 12.8  3                        
041629051414100584ライトオブピース　　　　　　　　　　  5.6  2.0 16.0  8.2  7.8  8  6.3                           
041629051514105940マーフィー　　　　　　　　　　　　　  5.9  2.1 11.1 -9.1  0.0  0  0.0                           
041629051614103335ローリングタワー　　　　　　　　　　 78.8 17.1-10.0 -6.3 -5.3 -5  0.0                           
041629051714104946レインボーアモーレ　　　　　　　　　 37.9  8.8 -9.4-11.7 -7.1 -7  0.0                           
041629051814102552ルートディレクトリ　　　　　　　　　 22.2  5.4  4.9 14.1  6.6  7  0.0                           
041629060113104501レーヴドブラン　　　　　　　　　　　 31.4  7.4-10.0 -9.1 -6.3 -1  0.0                           
041629060213100376ファントムグレイ　　　　　　　　　　 14.2  3.7 -3.7  3.7  0.2  5  0.0                           
041629060313105453ヘラルドスクエア　　　　　　　　　　  7.8  2.6  5.2  6.8  4.1  9  0.0                           
041629060413102685フレンドリーノヴァ　　　　　　　　　 46.6 10.6-10.0-10.4 -6.8 -2  0.0                           
041629060513101929フェザースピリット　　　　　　　　　 39.0  9.0-10.0-14.6 -8.4 -3  0.0                           
041629060613101895コスモダヴァンティ　　　　　　　　　 27.8  6.6  0.6-10.6 -3.7  1  0.0                           
041629060713106210セレナオーキッド　　　　　　　　　　128.0 27.3-13.6-10.0 -7.7 -3  0.0                           
041629060813105812エンジェルサイン　　　　　　　　　　 13.4  3.6  0.7  0.3  0.3  5  8.2                           
041629060913105496ジェネスローズ　　　　　　　　　　　  4.6  1.8 11.6 16.9  9.7 15 19.8                           
041629061013105986ゴールドエフォート　　　　　　　　　  8.8  2.8 12.1  5.4  5.6 11  7.2                           
041629061113100174ダーウィンノオシエ　　　　　　　　　 66.0 14.4-11.5-14.6 -8.8 -4  0.0                           
041629061213104368スリーパール　　　　　　　　　　　　 72.6 15.8-11.5-20.0-10.8 -6  0.0                           
041629061313104007ミュートエアー　　　　　　　　　　　 11.9  3.3 -0.4 10.6  3.8  9  0.0  1  237   42              
041629061413102392キングスナップ　　　　　　　　　　　106.1 22.7-10.0-14.8 -8.4 -3  0.0                           
041629061513100321アフェクテューズ　　　　　　　　　　  5.2  1.9 11.6 21.2 11.3 16 15.1                           
041629061613105130フィールザオーロラ　　　　　　　　　  4.5  1.8 19.8  7.1  8.5 14  7.5                           
041629061713100029マルターズフェスタ　　　　　　　　　 17.9  4.6 -0.3-10.6 -4.0  1  9.2                           
041629061813101263スズオーフェン　　　　　　　　　　　 30.4  7.2 -8.4-16.7 -8.6 -4  0.0  0                        
041629070112105645スケロク　　　　　　　　　　　　　　 37.3  7.3 -1.9  9.6  3.0 23  0.0  5                        
041629070212105951ホホエムオンナ　　　　　　　　　　　 30.0  6.0-10.0-17.3 -9.3 11  0.0  0                        
041629070312102222クワッドアクセル　　　　　　　　　　 21.7  4.6-10.0  7.1 -0.4 20  0.0                           
041629070412103703カズノテナンゴ　　　　　　　　　　　 19.0  4.1  6.0  7.9  4.7 25  0.0                           
041629070513105443ホウオウレックス　　　　　　　　　　131.3 23.5-11.5-10.2 -7.2 13  0.0                           
041629070612101317ラインフェルス　　　　　　　　　　　  4.0  1.5 12.0 12.4  8.1 28 11.6  3                        
041629070711104443アンリキャトル　　　　　　　　　　　 17.6  3.9-10.0  5.7 -0.9 19  0.0                           
041629070812102604コスモボアソルテ　　　　　　　　　　 21.0  4.5 -7.9  6.3 -0.1 20  0.0                           
041629070913100005ナンベーサン　　　　　　　　　　　　 18.6  4.0 -1.7 -9.1 -3.8 16 11.6                           
041629071012104064ブレイクエース　　　　　　　　　　　  5.3  1.7  6.5 10.5  5.8 26  6.2                           
041629071113100753タイセイブラスト　　　　　　　　　　 14.3  3.3 -0.8  7.2  2.4 22 10.3                           
041629071212100005マイネルネッツ　　　　　　　　　　　  7.2  2.1 12.3 11.0  7.7 28  6.8                           
041629071313102378グラスアクト　　　　　　　　　　　　  2.9  1.4 20.0 17.9 12.6 33 18.1                           
041629071412106440ジーアイウォーカー　　　　　　　　　 68.3 12.6-10.0-12.2 -7.5 13  0.0  0                        
041629071510101155クリノロッキー　　　　　　　　　　　 40.1  7.8 -9.8-11.7 -7.2 13  0.0                           
041629080111103912ロンギングケイシー　　　　　　　　　 51.6 10.1-11.5 -4.8 -5.2 20  0.0  0                        
041629080209106291アロヒラニ　　　　　　　　　　　　　  4.1  1.5 20.6 18.4 12.9 38 11.6                           
041629080311105272ウインイルソーレ　　　　　　　　　　 42.4  8.4 -9.5 -2.0 -3.6 21  0.0                           
041629080409105131コスモパルダ　　　　　　　　　　　　 42.9  8.5 -3.8 -0.9 -1.5 24  0.0  0                        
041629080510105881マイネルクレイズ　　　　　　　　　　 69.6 13.0-11.5-13.7 -8.5 17  0.0                           
041629080610102488ポールシッター　　　　　　　　　　　 12.4  3.0 -0.6 23.5  8.4 33  0.0                           
041629080710105861アップトゥデイト　　　　　　　　　　  3.0  1.4 25.1 18.0 14.1 39 18.1                           
041629080808105524タナトス　　　　　　　　　　　　　　 15.7  3.6  7.5 13.5  7.2 32 11.6  4                        
041629080910103013タイセイドリーム　　　　　　　　　　  8.3  2.4  7.5 -1.1  1.8 27  0.0  5                        
041629081011106242ラステラ　　　　　　　　　　　　　　 61.5 11.6-10.4-11.8 -7.4 18  0.0                           
041629081110104479ゴールデンヒーロー　　　　　　　　　 20.0  4.4-12.5  3.0 -2.7 22  8.6                           
041629081210103012ティリアンパープル　　　　　　　　　 37.2  7.4-10.4-11.0 -7.2 18  0.0                           
041629081311106614ウインヤード　　　　　　　　　　　　  6.9  2.1-10.4  8.9  0.1 25  0.0                           
041629081407100575エーシンホワイティ　　　　　　　　　  4.9  1.7 13.8 10.9  8.1 33 15.2                           
041629090110104176ステージジャンプ　　　　　　　　　　 19.7  4.4-10.0 15.7  2.8 33  0.0                           
041629090211103470ハッピーベリンダ　　　　　　　　　　 40.2  8.2-10.0 -0.6 -3.2 27  9.6                           
041629090311105264ゴールドリーガル　　　　　　　　　　 22.7  4.9 -2.0  1.5 -0.1 30  8.7                           
041629090411103079ダイチトゥルース　　　　　　　　　　 55.1 10.7-13.6  7.6 -1.3 29  0.0                           
041629090510106242カトラス　　　　　　　　　　　　　　 46.4  9.3-12.5 -8.3 -6.8 23  0.0                           
041629090611104120サヴァティアーノ　　　　　　　　　　 11.4  2.8  4.0 14.5  6.5 37  0.0                           
041629090712101359サトノアッシュ　　　　　　　　　　　  8.5  2.5  7.5  9.1  5.6 36  7.2  5                        
041629090812101889クロフネビームス　　　　　　　　　　  2.9  1.4 20.0 18.0 12.6 43 18.1                           
041629090911101865サマーラヴ　　　　　　　　　　　　　 22.9  4.9-11.4  9.8  0.2 30  0.0                           
041629091012100461キータイプ　　　　　　　　　　　　　  6.5  2.0 10.2 15.1  8.6 39  9.6  3                        
041629091110110031ヤンキーソヴリン　　　　　　　　　　 50.4 10.1-10.0-12.6 -7.6 22  0.0                           
041629091213104647モンサンアルナイル　　　　　　　　　  4.8  1.7 15.4 10.4  8.4 38  8.2  4                        
041629091311104476ブロンクスシルバー　　　　　　　　　 52.0 10.4-12.5-10.1 -7.5 23  0.0                           
041629091409102128ロゼッタストーン　　　　　　　　　　 64.1 12.3-12.5 -8.3 -6.8 23  0.0                           
041629091511104326シュテルングランツ　　　　　　　　　  5.4  1.8 11.4  8.4  6.5 36  6.3                           
041629100113105631レッドラウダ　　　　　　　　　　　　  3.9  1.5 16.8 22.7 13.4 48 19.8  1  140   88              
041629100210105298ラインミーティア　　　　　　　　　　  7.8  2.2  6.5 10.7  5.9 41  0.0                           
041629100312102852アースエンジェル　　　　　　　　　　 17.2  3.8-10.0 13.4  1.9 37  0.0                           
041629100411110090ベストルーラー　　　　　　　　　　　 22.4  4.7 -6.0-10.0 -5.5 30  0.0  0                        
041629100511105340アピア　　　　　　　　　　　　　　　 17.0  3.8-10.0-10.8 -7.0 28 10.9A                          
041629100611106070ミラクルアイドル　　　　　　　　　　 17.2  3.8  3.7-12.0 -3.3 32  0.0                           
041629100708101140シャトルアップ　　　　　　　　　　　 31.9  6.4-10.0-12.6 -7.6 27  0.0  0                        
041629100811100540ハッシュ　　　　　　　　　　　　　　  6.1  1.9  9.9 11.0  7.0 42  6.2                           
041629100911103439レッドキャンティー　　　　　　　　　 18.4  4.0 -4.1  5.1  0.6 36  9.2  4                        
041629101012104264ダンシングワンダー　　　　　　　　　  3.0  1.4 25.1 16.5 13.6 49 18.1                           
041629101110102252クリノタカラチャン　　　　　　　　　 36.0  7.1 -9.8-11.3 -7.1 28  0.0                           
041629101210106163ブライトチェリー　　　　　　　　　　  6.8  2.0 20.0 24.0 14.8 50  0.0                           
041629110110103882キープインタッチ　　　　　　　　　　 12.5  2.9  3.3 -9.5 -2.5 43  0.0                           
041629110211103833ピオネロ　　　　　　　　　　　　　　  3.5  1.4 15.0 20.3 11.9 57 11.6  2                        
041629110309101266トミケンユークアイ　　　　　　　　　 30.5  6.1-10.0  3.9 -1.6 43  0.0  3                        
041629110408101076トウシンイーグル　　　　　　　　　　 34.8  6.8  3.6  1.2  1.5 47  0.0                           
041629110509103516スリータイタン　　　　　　　　　　　 41.1  7.9-12.5 -8.3 -6.8 38  0.0                           
041629110611105439メイショウイチオシ　　　　　　　　　 25.8  5.2-12.5  0.6 -3.5 41  0.0                           
041629110707100624トウショウフリーク　　　　　　　　　 19.0  4.1  9.9 -0.8  2.7 48  0.0                           
041629110812101018アルタイル　　　　　　　　　　　　　  3.5  1.4 20.9 21.3 14.1 59 21.4                           
041629110911100864サノイチ　　　　　　　　　　　　　　 11.9  2.8  4.7 14.1  6.6 52  0.0                           
041629111012101974モズライジン　　　　　　　　　　　　  3.2  1.3 22.0 29.8 17.5 63 18.1  1  277   46              
041629111110100338クリノヒマラヤオー　　　　　　　　　 34.1  6.7-12.5-10.1 -7.5 38  0.0                           
041629111210100034コアレスキング　　　　　　　　　　　 20.1  4.3-10.0 -3.6 -4.3 41  0.0                           
041629111309105977ナリタポセイドン　　　　　　　　　　 39.4  7.6 -6.0 -7.7 -4.6 40 15.0                           
041629111409106386ハギノタイクーン　　　　　　　　　　 58.3 10.7-12.5-10.1 -7.5 38  0.0                           
041629120112105673スマイルハッピー　　　　　　　　　　 53.5 11.8-10.0-12.9 -7.7 12  0.0  0                        
041629120211110086トルセドール　　　　　　　　　　　　  5.4  2.0 12.0  3.8  5.0 25 14.0                           
041629120312105193ユヅルノオンガエシ　　　　　　　　　 69.5 14.7-10.0-12.0 -7.4 13  0.0                           
041629120412100411フクノグローリア　　　　　　　　　　  8.2  2.6  8.4 11.9  6.9 27  6.8                           
041629120512101984スーパープリンセス　　　　　　　　　 41.9  9.4-11.5 -7.6 -6.2 14  0.0                           
041629120611100988コスモラパン　　　　　　　　　　　　 11.1  3.0  8.3 10.3  6.3 26  0.0                           
041629120712101124ナミノリゴリラ　　　　　　　　　　　 42.1  9.4 20.0 -1.9  5.3 25  0.0                           
041629120812104841リミットブレイク　　　　　　　　　　 11.0  3.0  4.4 12.2  5.8 26  7.2                           
041629120911103994ウンプテンプ　　　　　　　　　　　　 30.7  7.0 -4.6  0.7 -1.1 19  0.0                           
041629121013103988ハミルトンパーク　　　　　　　　　　 46.6 10.4-10.9-11.4 -7.4 13  0.0  0                        
041629121112100961サンクタリリアス　　　　　　　　　　 31.2  7.1 -9.4-12.9 -7.6 12  0.0  0                        
041629121212100922カゼノトビラ　　　　　　　　　　　　 29.7  6.8-11.4-11.4 -7.6 12  0.0                           
041629121312110081ショウナンアイ　　　　　　　　　　　  6.2  2.1  5.8 20.8  9.4 29 15.1                           
041629121412100545タケデンタイガー　　　　　　　　　　  3.6  1.6 18.6 23.3 14.1 34 18.1                           
041629121511104884タカラジャンヌ　　　　　　　　　　　 42.8  9.6-14.1-12.6 -8.9 11  0.0                           
041629121611103949ジュエルプラネット　　　　　　　　　 13.9  3.6-10.0 -1.8 -3.7 16  0.0                           
041629121711106573クラシックマーク　　　　　　　　　　 41.2  9.2-10.0-14.0 -8.1 12  0.0                           
041629121813102005ケルベロス　　　　　　　　　　　　　 11.1  3.0-10.0  6.5 -0.6 19  0.0                           
101629010114100580ハッピーマテリアル　　　　　　　　　  7.2  2.1  4.3 16.2  6.4 11  9.6                           
101629010214103127クリノアスカ　　　　　　　　　　　　 36.6  6.9-10.8-17.3 -9.1 -4  0.0                           
101629010314102683ヤマノヒマワリ　　　　　　　　　　　  4.9  1.6 13.2 25.9 12.6 18 20.5  1  165   50              
101629010414102064ダンツアムール　　　　　　　　　　　 48.2  8.9-15.8-14.5-10.1 -5  0.0                           
101629010514100230ウインプルミエ　　　　　　　　　　　 38.4  7.2 -4.4-16.8 -6.7 -2  0.0  0                        
101629010614105041ゼットパール　　　　　　　　　　　　 22.1  4.4  4.1  7.7  3.8  9  0.0                           
101629010714103622メイショウシラサギ　　　　　　　　　 53.3  9.8-10.8-10.2 -7.0 -2  0.0                           
101629010814103523メイショウハバネラ　　　　　　　　　 10.7  2.5 13.0  8.3  7.3 12  6.3                           
101629010914103422ショーウェイ　　　　　　　　　　　　  2.6  1.3 16.5 15.0 10.6 16 17.4                           
101629011014101389デッラサルーテ　　　　　　　　　　　 19.1  4.0  0.7 -6.4 -1.7  3  0.0                           
101629011114106138ベルカプリ　　　　　　　　　　　　　  4.1  1.5 14.8 16.7 10.4 15 19.0                           
101629011214104156エンジェルパルフェ　　　　　　　　　 15.6  3.4  0.1 -1.8 -0.5  4  0.0                           
101629011314102359コウエイダリア　　　　　　　　　　　 49.3  9.1-14.5-11.1 -8.6 -4  0.0                           
101629011414101516ゲイムフリー　　　　　　　　　　　　 57.0 10.1-15.8-11.2 -9.2 -4  0.0                           
101629020114102291ナムラボンド　　　　　　　　　　　　 36.8  7.0 -3.7-14.1 -5.6 -1  0.0                           
101629020214102251ジューンリーザ　　　　　　　　　　　 33.9  6.5-11.7-17.1 -9.4 -4  0.0  0                        
101629020314103868ダイナミックバトル　　　　　　　　　 30.4  5.9 -2.8-14.1 -5.3  0  0.0                           
101629020414103330シゲルキツネ　　　　　　　　　　　　 29.9  5.8  0.1-20.0 -6.0 -1  0.0  0                        
101629020514103467バイオネッタ　　　　　　　　　　　　 35.5  6.8  2.3-11.1 -2.5  3  0.0                           
101629020614100697フレーバー　　　　　　　　　　　　　  5.4  1.7 14.4  6.7  7.3 12 10.8                           
101629020714100116エスピリトゥオーゾ　　　　　　　　　 17.6  3.8  0.7-16.8 -4.8  0  6.7  0                        
101629020814100240ナインゴラン　　　　　　　　　　　　 36.1  6.9-10.8-12.8 -7.8 -3  0.0                           
101629020914100709コスモヴァーズ　　　　　　　　　　　  2.6  1.3 17.4  7.0  8.5 13 17.4                           
101629021014105622ステフィン　　　　　　　　　　　　　  5.4  1.7  4.2  9.2  4.3  9 11.7                           
101629021114105997ガーランドワルツ　　　　　　　　　　  8.6  2.3  0.1  8.5  2.6  8  9.0                           
101629021214102727ファイトエルフ　　　　　　　　　　　  4.4  1.6 12.6  5.9  6.4 11 19.0                           
101629021314101911ドライビングレイン　　　　　　　　　 38.7  7.3-11.7 -2.8 -5.1  0  0.0                           
101629030113106190ロサモスカータ　　　　　　　　　　　 16.7  3.8 -7.6 -7.0 -4.9  0  0.0                           
101629030213100156ウイングカイユウ　　　　　　　　　　 29.4  6.0-15.8 -8.4 -8.3 -3  0.0  0                        
101629030313100386ラプルーズ　　　　　　　　　　　　　  3.1  1.4 20.9 14.8 12.1 17 17.4                           
101629030413100546アナザーワールド　　　　　　　　　　  4.0  1.6 17.5 24.4 13.7 19 10.0                           
101629030513104910ダイシンサクセス　　　　　　　　　　 35.8  7.2 -7.6  0.2 -2.7  2  0.0  3                        
101629030613101736ディモンド　　　　　　　　　　　　　 35.3  7.1 -6.0-14.5 -6.6 -2  0.0                           
101629030713110039ジョリーザスターズ　　　　　　　　　  7.1  2.1  5.3 10.9  5.2 10  6.9                           
101629030813105280デッセシャテーヌ　　　　　　　　　　 41.1  8.2 -7.6-14.7 -7.2 -2  0.0                           
101629030913104314ゴッツアン　　　　　　　　　　　　　 23.3  4.9 -3.7-16.8 -6.4 -1  0.0  0                        
101629031013102776シゲルクルマダイ　　　　　　　　　　  6.7  2.1 17.9 11.1  9.9 15 12.3                           
101629031113105603グローサーザール　　　　　　　　　　  7.4  2.2  9.3  6.2  5.3 10 21.0                           
101629031213104795ライペンミノル　　　　　　　　　　　 22.5  4.8  6.1 -2.6  1.5  6  0.0                           
101629031313103782タムロゴーゴー　　　　　　　　　　　142.3 26.0-10.8 -9.5 -6.8 -2  0.0                           
101629031413103857ハーマイオニー　　　　　　　　　　　 95.1 17.6-10.8-10.2 -7.0 -2  0.0                           
101629031513109011ジャストザネクスト　　　　　　　　　 34.1  6.9-11.7 -7.7 -6.6 -2  0.0                           
101629031613101724タガノプリンセス　　　　　　　　　　 19.9  4.4  9.5-11.2  0.1  5 10.2                           
101629040113105733プレイフォーユー　　　　　　　　　　 16.7  3.5 -0.2 -5.4 -1.7  3  0.0                           
101629040213103956ナヴラトリ　　　　　　　　　　　　　 42.1  7.8 -7.0 -6.7 -4.6  0 14.4                           
101629040313105728ドゥラセア　　　　　　　　　　　　　 40.7  7.6-11.7  5.4 -2.7  2  0.0                           
101629040413100605スリースピナーズ　　　　　　　　　　 26.7  5.2 -7.6 11.3  0.6  6  0.0                           
101629040513103663メイショウユキンコ　　　　　　　　　 43.7  8.1-10.8-14.4 -8.3 -3  0.0                           
101629040613105293ロビーナ　　　　　　　　　　　　　　  6.8  2.0 12.8 21.0 11.0 16 16.3                           
101629040713100616フロジストン　　　　　　　　　　　　 18.4  3.8  6.1-20.0 -3.8  1  0.0                           
101629040813106426ヒデノホープ　　　　　　　　　　　　 17.4  3.7 -3.1  5.2  0.4  5 10.2                           
101629040913100297サンマルオーロラ　　　　　　　　　　 42.2  7.8-10.8-11.1 -7.3 -2  0.0                           
101629041013100482スラップスティック　　　　　　　　　 13.7  3.0 -5.8-20.0 -8.1 -3  7.3                           
101629041113101874エクロジオン　　　　　　　　　　　　  4.5  1.6 16.8 21.3 12.6 18  5.9                           
101629041213103534メモリーサクセス　　　　　　　　　　 33.0  6.3-10.8 -4.2 -5.2  0 10.3                           
101629041313103758エイシンウィキ　　　　　　　　　　　 10.9  2.6  6.5  5.7  4.1  9  6.9                           
101629041413102286アイアンアヴァロン　　　　　　　　　 35.7  6.7-15.8 -5.1 -7.3 -2  0.0                           
101629041513106245アマルティア　　　　　　　　　　　　  2.5  1.3 18.4 19.7 12.7 18 12.0  4                        
101629041613106446ワンダーピルエット　　　　　　　　　 30.8  5.9 -3.7 -7.8 -3.7  1  6.9  0                        
101629050114100901イチザガーデン　　　　　　　　　　　 42.2  8.8-10.8 -5.1 -5.5 -5  0.0                           
101629050214103586ハナノバード　　　　　　　　　　　　 39.7  8.3-10.8-17.3 -9.1 -9  0.0                           
101629050314102120トーホウシーマ　　　　　　　　　　　  3.4  1.5  8.2 15.7  7.7  8 15.8                           
101629050414106299ブルベアボア　　　　　　　　　　　　 11.0  2.8  6.3 -6.4  0.4  0 13.2                           
101629050514105489ニュークラウン　　　　　　　　　　　 16.9  4.0  4.1  6.3  3.4  3  0.0                           
101629050614102957カシノスプリング　　　　　　　　　　 33.1  7.0 -8.9-14.4 -7.6 -8  0.0                           
101629050714105291パッシングポイント　　　　　　　　　 19.0  4.4  1.9 -1.9  0.1  0  0.0                           
101629050814101569アオアラシ　　　　　　　　　　　　　 15.3  3.7  2.4 -7.0 -1.2 -1  0.0                           
101629050914102305ダンツブレーブ　　　　　　　　　　　 19.3  4.5-10.8-11.1 -7.3 -7  0.0                           
101629051014100451ビミコウフク　　　　　　　　　　　　  4.3  1.6 15.7  8.1  8.2  8 10.9  5                        
101629051114100600ハギノカンタービレ　　　　　　　　　 11.7  3.0  8.3  8.8  5.7  6  7.4                           
101629051214100844ヨドノベスト　　　　　　　　　　　　  4.6  1.7 16.4 14.2 10.3 10 20.5                           
101629051314109130カシノジェーン　　　　　　　　　　　 51.9 10.7 -9.7-10.3 -6.6 -7  0.0                           
101629051414103800メイショウフウコウ　　　　　　　　　 12.0  3.0 -0.5 -6.8 -2.2 -2  7.8                           
101629060113102065イワバシル　　　　　　　　　　　　　 35.2  6.5 -7.6-11.2 -6.1 -1  0.0                           
101629060213105508デルマオチョウ　　　　　　　　　　　  2.5  1.3 20.6 18.6 13.1 18 17.4                           
101629060313104853シゲルカマス　　　　　　　　　　　　  4.1  1.5 18.4  5.4  8.4 13 15.0                           
101629060413103194メイカーズムービー　　　　　　　　　  7.0  2.0 11.7  9.9  7.3 12  6.9                           
101629060513100017ファラオカズマ　　　　　　　　　　　 55.9  9.7-10.8-11.2 -7.3 -2  0.0                           
101629060613104980オンザフロウ　　　　　　　　　　　　  6.0  1.8  8.8 17.4  8.4 13 10.8                           
101629060713102364モンドール　　　　　　　　　　　　　 23.6  4.6 -6.9 -3.8 -3.7  1  0.0  5                        
101629060813103746エイシンイヒラニ　　　　　　　　　　 39.7  7.3 -0.6-13.0 -4.1  1  0.0  0                        
101629060913102652ワンダープニヒール　　　　　　　　　 23.6  4.6 -5.6-10.5 -5.2  0  0.0                           
101629061013103123ヤマニンリラ　　　　　　　　　　　　 38.5  7.1-10.8 -2.8 -4.8  0  0.0                           
101629061113106076プリンセスノワール　　　　　　　　　 20.5  4.1 -3.1 15.7  3.6  9  9.6                           
101629061213104874サーリアル　　　　　　　　　　　　　 69.0 11.8-11.7-11.2 -7.7 -3  0.0                           
101629061313100592スノーサミット　　　　　　　　　　　 22.2  4.4  0.7  8.7  2.9  8  8.3  5                        
101629061413103962ローゼンタール　　　　　　　　　　　  8.5  2.3  9.2  7.0  5.5 10  9.0                           
101629070113101822ハギノグランコート　　　　　　　　　 24.3  4.6  3.3  1.6  1.7  7  0.0  4                        
101629070213105474ファイナルレーサー　　　　　　　　　 33.0  5.9 -3.3  6.7  0.8  6  0.0                           
101629070313103520キシュウマイウェイ　　　　　　　　　 71.1 11.8-10.8-19.7 -9.9 -5  0.0  0                        
101629070413103930ミュートロギア　　　　　　　　　　　  4.1  1.4 15.0 13.9  9.7 15 10.8                           
101629070513103411スリーハーツクライ　　　　　　　　　 51.1  8.9 -3.7  8.3  1.1  6 12.3                           
101629070613101076スズカパレード　　　　　　　　　　　 40.3  7.1-15.8 -9.1 -8.5 -4  0.0                           
101629070713105637タガノバトラ　　　　　　　　　　　　 38.1  6.8-10.8 -7.0 -6.1 -1  0.0                           
101629070813105671アサクサジャック　　　　　　　　　　 42.8  7.5 -1.6-10.3 -3.7  1  0.0                           
101629070913105504サトノアルカディア　　　　　　　　　  3.0  1.3 26.2 22.6 16.4 21 15.4                           
101629071013102213コウザンベル　　　　　　　　　　　　  8.8  2.3  9.7 17.3  8.7 14 13.2  4                        
101629071113106444ヴァーティスブルー　　　　　　　　　 47.8  8.3-10.8 -7.0 -6.1 -1  0.0                           
101629071213103251トップエンパイア　　　　　　　　　　 42.6  7.5-10.8-16.6 -8.9 -4  0.0  0                        
101629071313104785ブレイジンフェザー　　　　　　　　　 28.7  5.3 -3.8-10.2 -4.5  1 10.2                           
101629071413103152シゲルオニアジ　　　　　　　　　　　 42.8  7.5-11.7-13.1 -8.2 -3  0.0  0                        
101629071513105369ネコハーバー　　　　　　　　　　　　 21.0  4.1-10.8-11.3 -7.3 -2  0.0                           
101629071613105624オーバーカム　　　　　　　　　　　　  3.0  1.3 16.5 17.7 11.4 16 19.0                           
101629080113105720ステイキングダム　　　　　　　　　　  4.2  1.5 18.3 12.0 10.3 30 18.6                           
101629080213101040クリノラホール　　　　　　　　　　　  6.8  2.0 12.1 17.1  9.6 30 13.7                           
101629080313100998ドゥドゥドゥ　　　　　　　　　　　　 57.7 10.5-14.5-11.5 -8.8 11  0.0                           
101629080413101732タガノミルキー　　　　　　　　　　　 94.6 16.7-10.8-16.6 -8.9 11  0.0  0                        
101629080511104232カレングランブルー　　　　　　　　　 21.0  4.4  4.2  6.3  3.4 23  0.0                           
101629080613102953スズカエメラルド　　　　　　　　　　 58.0 10.5-10.8-14.7 -8.4 12  0.0                           
101629080713100561ロードスター　　　　　　　　　　　　 11.0  2.6 11.1 -0.2  4.0 24  9.0                           
101629080813103305ゴールドインゴット　　　　　　　　　  3.7  1.4 15.3 29.2 14.4 34 11.8  2                        
101629080913101893マリネリス　　　　　　　　　　　　　 58.3 10.6-15.8-15.1-10.3 10  0.0  0                        
101629081013101387ブボナ　　　　　　　　　　　　　　　 26.9  5.4 -7.0 -7.0 -4.7 15  0.0                           
101629081111103862レッドカイザー　　　　　　　　　　　 21.9  4.5  4.7  7.7  4.0 24  7.1                           
101629081212104410アイノフシギ　　　　　　　　　　　　 48.0  9.0-11.7 -6.7 -6.3 14  0.0                           
101629081312104887サブトゥエンティ　　　　　　　　　　 32.6  6.3-11.7 -9.9 -7.3 13  0.0                           
101629081413109145カシノエイシ　　　　　　　　　　　　 45.8  8.7-15.8 -9.0 -8.5 12  0.0                           
101629081512104369フロレットアレー　　　　　　　　　　  2.9  1.3 13.9 17.5 10.3 30 15.8                           
101629090114109151テイエムチューハイ　　　　　　　　　 37.7  5.2  0.1 -2.0 -0.6 44 10.2                           
101629090214109163ヤエノセンリ　　　　　　　　　　　　 19.6  3.0  9.5  1.1  3.8 49  0.0                           
101629090314109167バイセツ　　　　　　　　　　　　　　 77.6  9.6-15.8 -3.8 -6.9 38  0.0  5                        
101629090414109138コウザンアクティヴ　　　　　　　　　 41.4  5.6-15.8-14.1-10.0 35  0.0                           
101629090514109136マサル　　　　　　　　　　　　　　　 50.5  6.7-15.8-17.3-11.0 34  0.0                           
101629090614109148テイエムヒッタマゲ　　　　　　　　　  5.5  1.4 16.8 15.5 10.8 56 20.5                           
101629090714109159タリホー　　　　　　　　　　　　　　 50.3  6.6-15.8 -6.6 -7.8 37  0.0                           
101629090814109128テヲツナゴウ　　　　　　　　　　　　 93.8 11.5-15.8 -8.4 -8.3 37  0.0  0                        
101629090914109141サンキング　　　　　　　　　　　　　 56.6  7.2-15.8-10.3 -8.9 36  0.0                           
101629091014109162カツオブシ　　　　　　　　　　　　　 32.9  4.6-15.8 -4.6 -7.2 38  0.0                           
101629091114109161カシノマスト　　　　　　　　　　　　  1.7  1.2 31.6 18.9 17.3 62 17.4                           
101629091214109170ミスキンカメ　　　　　　　　　　　　155.4 18.6-10.8-20.0-10.0 35  0.0  0                        
101629091314109149テイエムソッキュウ　　　　　　　　　  4.1  1.3 16.1 16.6 10.9 56 16.8C                          
101629091414109132シゲルツキノワグマ　　　　　　　　　 60.6  7.7-15.8-14.4-10.1 35  0.0  0                        
101629091514109152テイエムタネガシマ　　　　　　　　　 57.1  7.3-15.8-16.6-10.8 34  0.0  0                        
101629091614109156テイエムミナンカゼ　　　　　　　　　 16.1  2.6 11.5  9.0  6.9 52  4.8                           
101629100112104563カゼルタ　　　　　　　　　　　　　　  2.1  1.2 23.7 22.6 15.5 45 17.4                           
101629100211103781フェイトカラー　　　　　　　　　　　  8.5  3.5  4.5 17.1  6.8 37  5.9                           
101629100312102682プリメラアスール　　　　　　　　　　  2.7  1.3 17.5 19.9 12.4 42 19.0  3                        
101629100412103477カルシャン　　　　　　　　　　　　　 14.4  5.2 -7.6  5.9 -1.0 29  0.0                           
101629100511106081メイショウクローバ　　　　　　　　　 16.8  6.0 -6.6 -9.4 -5.2 25  7.8                           
101629100613104988ラトーヌワイズ　　　　　　　　　　　 26.0  9.0 -7.0 -7.7 -4.9 25  0.0                           
101629100711104170スペランツァデーア　　　　　　　　　  4.4  1.9 15.2 12.7  9.4 39 18.6                           
101629110111103952ゴールドスーク　　　　　　　　　　　 13.9  3.3  4.5  1.9  2.2 37  0.0  0                        
101629110210106160タガノビリーヴィン　　　　　　　　　113.0 20.8-10.8-12.2 -7.6 27  0.0  0                        
101629110311100398トップボンバー　　　　　　　　　　　 33.5  6.8 -7.8-16.2 -7.7 27  9.8  0                        
101629110410105872ランドマーキュリー　　　　　　　　　 21.7  4.6 -6.8-19.7 -8.4 27  0.0  0                        
101629110511102008メイショウワコン　　　　　　　　　　 35.1  7.1 -7.5 -5.4 -4.4 31  0.0  5                        
101629110611100964イクラトロ　　　　　　　　　　　　　  6.7  2.1 13.2 11.4  8.3 43 13.2                           
101629110711103788グレナディアーズ　　　　　　　　　　  6.3  2.0 10.5 10.7  7.1 42 14.2                           
101629110811103443ロードフォワード　　　　　　　　　　112.2 20.7-10.8-11.1 -7.3 28  0.0  0                        
101629110909104870コウセイコタロウ　　　　　　　　　　 60.5 11.5 -9.7-10.3 -6.6 28  0.0                           
101629111010100602セトノプロミス　　　　　　　　　　　 57.3 10.9-11.7-16.6 -9.3 26  0.0  0                        
101629111111104993タガノハヤテ　　　　　　　　　　　　  8.7  2.5  6.1 11.6  5.7 41  5.1                           
101629111212102897スズカリバー　　　　　　　　　　　　 15.7  3.6 -9.7 -6.1 -5.4 30  0.0                           
101629111311101830ミキノハルモニー　　　　　　　　　　 19.1  4.2 -3.7  7.6  0.9 36  8.8                           
101629111411105806メイショウヒコボシ　　　　　　　　　  5.2  1.8 12.3 19.7 10.4 45 10.9  4                        
101629111509105834グッドマイスター　　　　　　　　　　 46.1  9.1-10.8-10.5 -7.1 28  0.0                           
101629111612105612タムロミラクル　　　　　　　　　　　  2.7  1.4 18.4 14.3 11.0 46 17.4                           
101629120110105027ケイアイヴァーゲ　　　　　　　　　　 14.5  3.3  7.5  6.9  4.8 25  0.0                           
101629120211101041スズカグランデ　　　　　　　　　　　122.6 22.4-10.8 -5.1 -5.5 15  0.0                           
101629120313102480ジョーマイク　　　　　　　　　　　　  7.4  2.2  9.5  6.0  5.3 25 15.5  2                        
101629120412104667アドマイヤジャズ　　　　　　　　　　 22.7  4.8 -6.9 -9.7 -5.4 15  0.0  0                        
101629120511109160クラウンアイリス　　　　　　　　　　  6.7  2.1  1.4  6.7  2.5 23 14.2                           
101629120613102959ジェスロ　　　　　　　　　　　　　　 86.2 15.9 -6.9  5.4 -0.9 19  0.0                           
101629120712100455シンキロウ　　　　　　　　　　　　　100.6 18.5-10.8 -6.8 -6.0 14  0.0                           
101629120813103331タイセイマライカ　　　　　　　　　　 67.9 12.7-15.8-11.5 -9.2 11  0.0                           
101629120912104112アグネスユーリヤ　　　　　　　　　　 45.8  9.0-10.8 -7.0 -6.1 14  0.0                           
101629121011105932コロナボレアリス　　　　　　　　　　 49.4  9.7-10.8-11.2 -7.3 13  0.0                           
101629121113100575フルムーンソング　　　　　　　　　　 46.2  9.1-10.8-13.2 -7.9 12  0.0  0                        
101629121212106262サダムリスペクト　　　　　　　　　　 57.2 10.8-10.8 -1.1 -4.3 16  0.0                           
101629121313104461ファビラスヒーロー　　　　　　　　　 45.8  9.0-11.7-11.2 -7.7 12  0.0                           
101629121413105189タンギモウジア　　　　　　　　　　　  2.9  1.4 11.6 13.3  8.2 28 10.8                           
101629121512100777ラブローレル　　　　　　　　　　　　 57.6 10.9-10.8 -3.5 -5.0 15  0.0                           
101629121611104046ベッラレジーナ　　　　　　　　　　　  9.4  2.6 10.7 13.2  7.9 28  0.0                           
101629121711101479メイショウラバンド　　　　　　　　　  8.2  2.4  7.4 12.8  6.6 27 23.7                           
101629121812104831ポップオーヴァー　　　　　　　　　　  4.4  1.7 18.4 30.0 15.7 36 13.1                           
