021811010115100490ケイディーズネイル　　　　　　　　　  6.1  2.0 10.0 17.7  9.5 14  0.0                           
021811010215102224シーカー　　　　　　　　　　　　　　 53.5 10.7-10.0-10.7 -6.9 -2  0.0                           
021811010315106002ペイシャプレゼント　　　　　　　　　 43.8  8.9-10.0-10.7 -6.9 -2  0.0                           
021811010415110107スカイシーアキラ　　　　　　　　　　 31.3  6.5-10.0 -0.5 -3.2  2  0.0                           
021811010515110095ハナオウギ　　　　　　　　　　　　　 48.9  9.8-10.0-10.7 -6.9 -2  0.0                           
021811010615100571ヤマニンヌヌース　　　　　　　　　　  7.4  2.2 12.0  2.7  4.6 10  0.0                           
021811010715101383セイルフィッシュ　　　　　　　　　　 41.3  8.4  6.0 -1.7  1.2  6  0.0                           
021811010815110029アメリカンドミンゴ　　　　　　　　　  5.4  1.8  6.0  6.2  4.1  9  0.0  1  175   50              
021811010915100195アルマアノン　　　　　　　　　　　　 26.9  5.7-10.0 -9.5 -6.5 -1 21.3                           
021811011015104525デルマシードル　　　　　　　　　　　 48.6  9.8-10.0-10.7 -6.9 -2  0.0                           
021811011115101034ミフトゥーロ　　　　　　　　　　　　  4.4  1.6 15.0 10.2  8.2 13 15.0                           
021811011215100707ゴールドシャッツ　　　　　　　　　　  3.1  1.4 20.0 13.7 11.0 16 13.8                           
021811011315101891キュプリーヌス　　　　　　　　　　　 48.1  9.7-10.0 -6.7 -5.5  0  0.0                           
021811011415106285コルニヨン　　　　　　　　　　　　　 35.3  7.3-10.0-20.0-10.3 -5  0.0                           
021811011515106301ショーコーズ　　　　　　　　　　　　 15.1  3.5-10.0 11.5  1.2  6  0.0                           
021811011615104497チムニースイーパー　　　　　　　　　 29.8  6.2-10.0-10.5 -6.8 -2  0.0                           
021811020115100940ブチャコ　　　　　　　　　　　　　　  7.6  2.2 10.0  6.8  5.5 10 17.5  5                        
021811020215103446アテンフラワー　　　　　　　　　　　  3.1  1.4 15.0  4.5  6.2 11 13.8                           
021811020315101693リネンゴール　　　　　　　　　　　　 13.6  3.1-10.0 -5.5 -5.0  0  0.0                           
021811020415106321カトレア　　　　　　　　　　　　　　  6.5  2.0 12.0 16.6  9.7 15  0.0                           
021811020515103637アランフェスリリー　　　　　　　　　 40.8  7.7-10.0-10.5 -6.8 -2  0.0                           
021811020615101828フリックフラック　　　　　　　　　　 28.7  5.6-10.0 -9.3 -6.4 -1  0.0                           
021811020715101629キンゲショウ　　　　　　　　　　　　 23.9  4.8-10.0 -5.3 -4.9  0  0.0                           
021811020815105062ラベンダーパープル　　　　　　　　　 23.2  4.7-10.0-10.5 -6.8 -2  0.0                           
021811020915102986タケショウエリック　　　　　　　　　 30.2  5.9-10.0  2.8 -2.0  3  0.0                           
021811021015102690トモジャオール　　　　　　　　　　　  8.4  2.3  6.0  2.5  2.7  8  0.0                           
021811021115103696リンクスナナ　　　　　　　　　　　　  3.5  1.5 20.0 13.7 11.0 16 15.0                           
021811021215109030ベストミライ　　　　　　　　　　　　 10.9  2.6  6.0 -6.2 -0.5  5  0.0                           
021811030115105647キサラギコマチ　　　　　　　　　　　 25.2  5.4-10.2-20.0-10.4 -5  0.0                           
021811030215101698ランパートエース　　　　　　　　　　 12.7  3.1  6.0  6.3  4.1  9 21.3                           
021811030315104498スプレンジーナ　　　　　　　　　　　 32.8  6.9-10.6 -1.0 -3.5  1  0.0                           
021811030415102842サンライズコロン　　　　　　　　　　  3.1  1.4 20.0 21.0 13.7 19 13.8                           
021811030515105192ブルレジーナ　　　　　　　　　　　　  4.7  1.7 12.0  0.9  3.9  9  0.0                           
021811030615105168ヴァローレネロ　　　　　　　　　　　  8.8  2.5-10.0  6.6 -0.6  4  0.0                           
021811030715104894キミワテンマ　　　　　　　　　　　　  5.8  1.9  6.0  2.3  2.6  8  0.0                           
021811030815104092トップダウン　　　　　　　　　　　　  5.3  1.8 10.0-20.0 -4.3  1 16.3  0                        
021811030915103376メイショウアドリア　　　　　　　　　  5.7  1.9 15.0 11.8  8.8 14  0.0                           
021811031015104551レッツゴーキティ　　　　　　　　　　 28.2  6.0-10.0 11.2  1.1  6  0.0  5                        
021811040115100732コスモグラトナス　　　　　　　　　　 31.9  5.8-10.0 -1.0 -3.4  2  0.0                           
021811040215101212ヒロシゲセブン　　　　　　　　　　　 24.0  4.5-10.0 -0.5 -3.2  2  0.0                           
021811040315100766ゴールドシスター　　　　　　　　　　 11.3  2.5 12.0 12.0  8.0 13  0.0                           
021811040415104622スペイシー　　　　　　　　　　　　　 48.5  8.4-10.0-15.9 -8.8 -4  0.0  0                        
021811040515104731パシュパティナート　　　　　　　　　  3.8  1.5 10.0 18.3  9.7 15  0.0                           
021811040615100244ウインリベロ　　　　　　　　　　　　 10.7  2.4  6.0  3.8  3.2  8 17.5                           
021811040715103627バイオスパーク　　　　　　　　　　　  2.5  1.3 20.0 18.5 12.8 18 13.8                           
021811040815100319スクープ　　　　　　　　　　　　　　 28.5  5.2-10.0-10.0 -6.7 -2  0.0  0                        
021811040915100247ウインタリエンテ　　　　　　　　　　 40.5  7.2  6.0-14.3 -3.4  2  0.0                           
021811041015106181ハイドラン　　　　　　　　　　　　　  9.0  2.3 15.0 12.6  9.1 14  0.0                           
021811041115103336メイショウゴウリキ　　　　　　　　　 16.4  3.3  6.0 -0.6  1.6  7 21.3  5                        
021811041215104559レッドミスティ　　　　　　　　　　　 61.0 10.2-10.0-20.0-10.3 -5  0.0  0                        
021811041315102822デンコウスティール　　　　　　　　　 49.2  8.5-10.0 -9.9 -6.6 -2  0.0                           
021811041415102763フリーダムソート　　　　　　　　　　 13.9  2.9-10.0  3.3 -1.8  3  0.0                           
021811041515104572ピンクダイキリ　　　　　　　　　　　 22.2  4.2-10.0  1.1 -2.6  2  0.0                           
021811050116102434ロードワンダー　　　　　　　　　　　  2.1  1.2 15.0 18.5 11.3 11 13.8                           
021811050216105622ウインスピリタス　　　　　　　　　　 15.6  3.0-10.0  3.3 -1.8 -2  0.0                           
021811050316103896ラランジャ　　　　　　　　　　　　　 13.3  2.7  0.0  3.7  1.4  1  0.0                           
021811050416100306ヤマチョウヴォイス　　　　　　　　　  4.4  1.4 12.4  9.3  7.1  7 16.3                           
021811050516102318パシュート　　　　　　　　　　　　　  7.0  1.9 10.3  5.7  5.2  5  0.0                           
021811050616105458トレンディダーム　　　　　　　　　　 31.9  5.4-10.0 -5.8 -5.1 -5  0.0                           
021811050716101799ヌチグスイ　　　　　　　　　　　　　 16.2  3.1 -4.5  7.7  1.5  1  0.0                           
021811050816102812ナムラシェパード　　　　　　　　　　  4.0  1.4 18.8 15.5 11.3 11 15.0                           
021811050916100066グラマラススカイ　　　　　　　　　　 24.2  4.3-10.0  5.5 -1.0 -1  0.0                           
021811060115106407キングズテソーロ　　　　　　　　　　 39.0  7.6-10.0-15.9 -8.8 -4  0.0  0                        
021811060215103719ビヨンド　　　　　　　　　　　　　　 25.3  5.2-10.0-10.7 -6.9 -2  0.0                           
021811060315105480アイスミディ　　　　　　　　　　　　  6.3  1.9 12.0  9.6  7.1 12 16.3                           
021811060415100864ヴァリアスシチー　　　　　　　　　　 27.4  5.5-10.0-20.0-10.3 -5  0.0  0                        
021811060515102794デンコウエルドラド　　　　　　　　　  8.3  2.3-10.0  2.0 -2.3  3  0.0                           
021811060615101903デルマカミカゼ　　　　　　　　　　　 12.6  2.9  6.0 10.5  5.7 11  0.0                           
021811060715103527ユーロジャイズ　　　　　　　　　　　 16.5  3.7-10.0  1.1 -2.6  2  0.0                           
021811060815105527グランサージュ　　　　　　　　　　　  7.6  2.2 10.0 11.5  7.2 12  0.0                           
021811060915100932ムーヴィング　　　　　　　　　　　　  2.4  1.3 20.0 21.0 13.7 19 13.8                           
021811061015105961キュイーヴル　　　　　　　　　　　　 19.9  4.3-10.0-10.7 -6.9 -2  0.0                           
021811061115101896リアルモンテ　　　　　　　　　　　　  5.5  1.8 15.0 40.0 19.2 24 15.0                           
021811061215105797マイネルベッカー　　　　　　　　　　 15.8  3.5  6.1 24.0 10.6 16  0.0                           
021811070114103893チェリースプリング　　　　　　　　　  4.0  1.5 17.7  5.9  7.5 27 16.3                           
021811070215104354トラベリング　　　　　　　　　　　　  3.5  1.4 15.3 14.3  9.8 30  0.0                           
021811070315101830コウエイアンカ　　　　　　　　　　　 23.5  4.7-10.3 11.6  1.2 21  0.0                           
021811070414105149ラブユーミー　　　　　　　　　　　　 39.3  7.5-10.7-10.7 -7.1 13  0.0                           
021811070514105142ショーアッシ　　　　　　　　　　　　 35.4  6.8-10.3 -7.0 -5.7 14  0.0                           
021811070614104280ホウロクダマ　　　　　　　　　　　　 12.8  2.9 10.3 18.6  9.9 30  0.0                           
021811070715103002ペプチドプラム　　　　　　　　　　　 12.3  2.8-10.3 -0.5 -3.3 17  0.0                           
021811070814103774スマートダフネ　　　　　　　　　　　 32.1  6.2 -4.5 -1.5 -1.9 18  0.0                           
021811070914101960ブレイヴバローズ　　　　　　　　　　  3.0  1.3 15.5 27.0 14.6 35 13.8  2                        
021811071013103699タイキラメール　　　　　　　　　　　 14.8  3.3  6.2 -4.8  0.1 20 21.3  0                        
021811071115101389モンサンロジェ　　　　　　　　　　　 14.6  3.2-10.3-11.3 -7.2 13  0.0  0                        
021811071214105398デルマオフクロサン　　　　　　　　　 16.3  3.6  0.3 -4.8 -1.7 18  0.0                           
021811080113105847シンシアズブレス　　　　　　　　　　 25.2  5.7-10.3-10.5 -6.9 13  0.0                           
021811080215102739ウインヒストリオン　　　　　　　　　 11.0  2.9 12.2-10.5 -0.2 20  0.0                           
021811080314103757ニューミレニアム　　　　　　　　　　 52.4 11.3-10.3-14.3 -8.3 12  0.0                           
021811080415104650アントルシャ　　　　　　　　　　　　 33.5  7.4-10.3-10.5 -6.9 13  0.0                           
021811080515102528タイセイソニック　　　　　　　　　　 12.7  3.3  9.5  1.6  3.4 23 22.5                           
021811080614106442ユトリチャン　　　　　　　　　　　　 40.0  8.7-10.7  0.9 -2.9 17  0.0  5                        
021811080714106168リナーテ　　　　　　　　　　　　　　  4.0  1.7  6.2 23.5 10.5 30 13.8                           
021811080812105510タイキラトナンジュ　　　　　　　　　  7.2  2.3  8.9  7.5  5.4 25  0.0                           
021811080915101772ニシノアスカ　　　　　　　　　　　　 24.5  5.6  0.7-18.2 -6.5 14  0.0  0                        
021811081012102059スズカブレーン　　　　　　　　　　　 90.1 18.4-10.3-10.7 -7.0 13  0.0                           
021811081114106523ドゥモワゼル　　　　　　　　　　　　 11.1  2.9  4.3  8.6  4.4 24  0.0                           
021811081215102435スリーマグナム　　　　　　　　　　　  9.4  2.8-10.3  0.5 -2.9 17  0.0                           
021811081314102688ジャスティンラヴ　　　　　　　　　　 16.4  4.0  0.3 -3.0 -1.0 19  0.0                           
021811081413104032アポロリュウセイ　　　　　　　　　　 12.1  3.1 -3.0 18.0  5.7 26  0.0  5                        
021811081515102043シンデレラメイク　　　　　　　　　　  4.1  1.7 17.7 22.5 13.6 34  0.0                           
021811081614105413バーミーブリーズ　　　　　　　　　　 30.6  6.8-10.7 -5.8 -5.3 15 27.5                           
021811090115101404デルマシャンパン　　　　　　　　　　 23.5  5.1-10.2  8.8  0.2 20  0.0  5                        
021811090214100338クインズヌーサ　　　　　　　　　　　 17.1  4.0  6.2  9.3  5.3 25 23.8                           
021811090314102919メイショウイッポン　　　　　　　　　 14.5  3.5 -4.5 -2.5 -2.3 18  0.0                           
021811090414102002レコンキスタ　　　　　　　　　　　　  8.5  2.5 13.5 12.0  8.4 28  0.0  5                        
021811090512100672シンゼンガンプ　　　　　　　　　　　 12.1  3.0-10.3 10.8  0.9 21  0.0                           
021811090614102217デスティネイション　　　　　　　　　 36.9  7.7-10.3-10.5 -6.9 13  0.0                           
021811090713102472ウエヲムイテアルコ　　　　　　　　　 15.9  3.7-10.3-20.0-10.4 10  0.0                           
021811090814106092フィアマロッサ　　　　　　　　　　　 24.3  5.3-10.3-10.5 -6.9 13 26.3                           
021811090914105833クルークハイト　　　　　　　　　　　  3.0  1.5 17.7 21.0 13.0 33 13.8                           
021811091015105278キタサンタイドー　　　　　　　　　　  8.1  2.4 10.3 11.1  7.2 27  0.0  5                        
021811091114100504タガノアニード　　　　　　　　　　　  7.6  2.3  0.7 16.0  6.1 26  0.0  4                        
021811091215106059ボードウォーク　　　　　　　　　　　  4.9  1.8 12.2 15.3  9.3 29  0.0  2                        
021811091314102865アオテンジョウ　　　　　　　　　　　 35.8  7.5-10.3-10.5 -6.9 13  0.0                           
021811091414103594ワイルドグラス　　　　　　　　　　　 37.2  7.7-10.3-15.1 -8.6 11  0.0  0                        
021811100115103211ディバインブリーズ　　　　　　　　　 22.8  4.9-10.3-16.8 -9.3 11  0.0                           
021811100215104589マサハヤニース　　　　　　　　　　　 11.8  2.9  0.3 -2.5 -0.8 19  0.0  5                        
021811100313103991センショウレイナ　　　　　　　　　　 25.1  5.3-10.3-10.5 -6.9 13  0.0                           
021811100413105912トロピカルストーム　　　　　　　　　  3.5  1.5 14.4 17.0 10.6 31 13.8                           
021811100514110121カスタディーヴァ　　　　　　　　　　 15.4  3.6 -4.5  5.6  0.7 21  0.0                           
021811100614106248ブライトクォーツ　　　　　　　　　　  6.9  2.1 10.2  5.9  5.2 25  0.0                           
021811100713103395ドルフィンマーク　　　　　　　　　　  8.9  2.5  8.9 10.8  6.6 27 18.8                           
021811100814106047ピスカデーラ　　　　　　　　　　　　  7.4  2.2-10.3 -2.5 -4.0 16  0.0                           
021811100914106199ダブルバインド　　　　　　　　　　　  3.6  1.5 18.8 19.3 12.7 33 15.0                           
021811101013103707イルフォーコン　　　　　　　　　　　 17.7  4.0 -3.0 -7.6 -3.7 16  0.0                           
021811101114104702プティットクルール　　　　　　　　　 18.2  4.1  0.7  5.0  2.0 22  0.0                           
021811101214105265マスターコード　　　　　　　　　　　 16.7  3.8  0.3  7.9  3.0 23  0.0                           
021811110115106125リュウノユキナ　　　　　　　　　　　 23.2  4.8 -8.1-10.0 -6.1 24  0.0                           
021811110214100814マイネルパラディ　　　　　　　　　　 18.0  3.9 -0.6 12.0  4.2 34 21.3  5                        
021811110315100964ウィズ　　　　　　　　　　　　　　　 17.0  3.8 13.7 -7.3  1.4 31  0.0  0                        
021811110412105609グランドポピー　　　　　　　　　　　 34.2  6.8-10.3  1.6 -2.5 27  0.0                           
021811110513100724ショウナンアヴィド　　　　　　　　　 40.2  7.9-10.0-10.0 -6.7 23  0.0                           
021811110613102671ワンダフルラッシュ　　　　　　　　　 30.3  6.1-10.3-19.1-10.1 20  0.0  0                        
021811110714102733ロイヤルメジャー　　　　　　　　　　  9.3  2.6  3.0 13.3  5.8 36  0.0                           
021811110814100786ドウディ　　　　　　　　　　　　　　  8.4  2.4 10.2  3.2  4.2 34  0.0                           
021811110913101753ハルク　　　　　　　　　　　　　　　 35.3  7.0-10.3-13.6 -8.1 22  0.0                           
021811111012100518ダイシンバルカン　　　　　　　　　　 34.2  6.8-10.3-14.3 -8.3 22  0.0                           
021811111113102193ヒルノマゼラン　　　　　　　　　　　 28.6  5.8  6.2 -9.8 -1.7 28  0.0                           
021811111214104286ディバインコード　　　　　　　　　　  2.3  1.3 20.7 11.5 10.4 40 13.8                           
021811111314102019コロラトゥーレ　　　　　　　　　　　  8.1  2.3  8.4 28.0 12.8 43  0.0  2                        
021811111413103606キャンディバローズ　　　　　　　　　 29.9  6.0-10.3-15.9 -8.9 21  0.0  0                        
021811111512102808イキオイ　　　　　　　　　　　　　　 24.3  5.0-10.3 -6.8 -5.6 24  0.0  0                        
021811111615110017モズスーパーフレア　　　　　　　　　  7.0  2.1  0.3 10.8  4.1 34 15.0                           
021811120113106063アグレアーブル　　　　　　　　　　　  2.6  1.2 12.0 30.0 14.6 35 13.8  2                        
021811120214104542ミヤビエメライン　　　　　　　　　　 20.1  3.9  6.2 12.0  6.3 26  0.0  5                        
021811120311101158ブライティアスター　　　　　　　　　 13.7  2.8-10.2-10.2 -6.8 13  0.0                           
021811120414102893プンメリン　　　　　　　　　　　　　 26.6  4.8 -4.5 -1.6 -1.9 18  0.0                           
021811120514101620ショウナンサザナミ　　　　　　　　　 19.3  3.7 -3.0 -8.3 -3.9 16  0.0  0                        
021811120614105053チカノワール　　　　　　　　　　　　  6.3  1.8  8.9 13.3  7.5 28  0.0                           
021811120713105598フライングレディ　　　　　　　　　　  4.5  1.5 17.7 19.5 12.5 32 16.3                           
021811120813101023ショウナンマシェリ　　　　　　　　　 35.2  6.2-10.3-18.7 -9.9 10  0.0  0                        
021811120915104684イルーシヴグレイス　　　　　　　　　 19.5  3.8  0.3 12.0  4.5 24  0.0  5                        
021811121014105277タンタグローリア　　　　　　　　　　  3.3  1.3 17.3 21.9 13.2 33 15.0                           
051835010116102701ヴァトナヨークトル　　　　　　　　　 68.4 10.7-10.0 -3.5 -4.3  1  0.0  0                        
051835010216102493ウインレフィナード　　　　　　　　　 13.0  2.7  6.0 11.0  5.8 11  7.2                           
051835010316100703ウィローグラウス　　　　　　　　　　 23.9  4.3  0.6  4.0  1.6  7  0.0                           
051835010416100305セイカヤマノ　　　　　　　　　　　　 89.3 13.8-11.4-13.4 -8.3 -3  0.0                           
051835010516102368ヤンチャプリヒメ　　　　　　　　　　 79.8 12.4-13.5  1.0 -3.7  1  0.0  5                        
051835010616105313ナーゲルリング　　　　　　　　　　　  4.4  1.4 12.0 16.3  9.6 15  6.2  4                        
051835010716100417サワサワ　　　　　　　　　　　　　　  2.3  1.2 20.3 20.5 13.6 19 18.1                           
051835010816106249ネローネ　　　　　　　　　　　　　　 29.0  5.0 -2.3  5.0  1.1  6  0.0                           
051835010916101516シゲルキラキラ　　　　　　　　　　　158.6 23.9-11.4-17.0 -9.7 -5  0.0                           
051835011016101130アキンド　　　　　　　　　　　　　　 12.3  2.5 15.0 27.5 14.6 20  9.6  1  188   44              
051835011116101177ハヤブサグングン　　　　　　　　　　 27.3  4.8  1.4 14.8  5.8 11  0.0                           
051835011216100742ナミブ　　　　　　　　　　　　　　　101.3 15.5-11.4-13.4 -8.3 -3  0.0                           
051835011316110058ヴォイスオブジョイ　　　　　　　　　  3.5  1.3 17.6 13.5 10.2 15 19.8                           
051835011416102301シゲルアゲット　　　　　　　　　　　 47.9  7.9-10.0-15.7 -8.8 -4  0.0                           
051835011516101487ハーツイーズ　　　　　　　　　　　　 24.4  4.3-11.4  4.2 -1.9  3  0.0                           
051835011616106186ナミノハナ　　　　　　　　　　　　　 60.3  9.5-10.0-15.3 -8.6 -4  0.0  0                        
051835020115103572アイアムオパール　　　　　　　　　　 80.4 14.3-11.4-11.4 -7.6 -3  0.0                           
051835020215109084ノノレタ　　　　　　　　　　　　　　 87.6 15.5-13.5 -6.5 -6.4 -1  0.0  0                        
051835020315100977フィールグッド　　　　　　　　　　　 14.9  3.3 10.4  8.9  6.4 11  0.0  5                        
051835020415104686ウィキッドアイズ　　　　　　　　　　  8.1  2.3  5.7  1.2  2.2  7  9.6                           
051835020515104515ハシレウマザンマイ　　　　　　　　　121.8 21.3-13.5-14.9 -9.5 -5  0.0  0                        
051835020615101609ミュゼット　　　　　　　　　　　　　  8.6  2.4  9.5 12.6  7.5 12  0.0                           
051835020715106280リンガスビンゴ　　　　　　　　　　　  4.4  1.6 20.0  4.1  7.5 13 19.8                           
051835020815104140ジュールドミュゲ　　　　　　　　　　 15.2  3.4 10.0 14.2  8.2 13  0.0                           
051835020915104230ロールモデル　　　　　　　　　　　　 22.5  4.6-10.0  2.1 -2.2  3  0.0                           
051835021015100946ザラストキャンディ　　　　　　　　　124.4 21.8-11.4-12.6 -8.0 -3  0.0                           
051835021115100307ウィキャン　　　　　　　　　　　　　 47.7  9.0 -7.8-14.9 -7.8 -3  0.0                           
051835021215102485ペイシャデザイヤー　　　　　　　　　 26.8  5.3 -1.0-10.2 -4.0  1  0.0                           
051835021315105979エイワファースト　　　　　　　　　　  6.9  2.0  8.1 18.4  9.2 14 12.5  5                        
051835021415100293ミセスユウコチャン　　　　　　　　　 43.5  8.2-11.4 -9.7 -7.0 -2  0.0                           
051835021515105145デンセツノマジョ　　　　　　　　　　  2.6  1.3 16.4 24.1 13.8 19 18.1  1  146   51              
051835021615100629デュース　　　　　　　　　　　　　　 16.3  3.6  1.4  7.2  3.1  8  0.0                           
051835030115102556サクラメント　　　　　　　　　　　　 33.4  6.4-10.0-18.9 -9.9 -5  0.0  0                        
051835030215101746ラングドック　　　　　　　　　　　　 98.3 17.2 12.0 -6.4  1.3  6  0.0                           
051835030315105136オレノマニラ　　　　　　　　　　　　  4.1  1.5 20.7 17.8 12.7 18 14.0  3                        
051835030415105925ギブユースマイル　　　　　　　　　　 96.0 16.8-10.0-10.4 -6.8 -2  0.0                           
051835030515102932ヒロノゴールド　　　　　　　　　　　 40.3  7.6-10.0-15.2 -8.6 -4  0.0  0                        
051835030615101319コールドターキー　　　　　　　　　　 25.2  5.0 -2.4  0.6 -0.5  5  0.0  0                        
051835030715102253グランエクシト　　　　　　　　　　　 12.5  2.9  6.0  3.9  3.2  8 10.3                           
051835030815103599クレバージェット　　　　　　　　　　  5.6  1.8  6.0 13.0  6.6 12 12.5                           
051835030915105822サンズエーガル　　　　　　　　　　　 14.7  3.3  3.0 22.4  9.1 14  0.0                           
051835031015102847ネイチャーモルサム　　　　　　　　　  7.4  2.1 10.1 12.9  7.8 13  6.8  1  361   26              
051835031115104833モントルイユ　　　　　　　　　　　　 42.1  8.0 -8.0-14.9 -7.9 -3  0.0  0                        
051835031215104846アドマイヤテン　　　　　　　　　　　 13.3  3.0 -0.1  7.1  2.6  8  7.7                           
051835031315104105パトロナ　　　　　　　　　　　　　　 28.5  5.6 -2.3-10.7 -4.6  0  0.0                           
051835031415102954シーイズアピーチ　　　　　　　　　　 63.5 11.4 -7.1 -8.6 -5.3  0  0.0                           
051835031515105875エリースコール　　　　　　　　　　　118.1 20.6 -8.5-10.0 -6.2 -1  0.0                           
051835031615101031アロングショット　　　　　　　　　　  2.7  1.3 19.2 19.2 12.8 18 12.8                           
051835040110101798セガールフォンテン　　　　　　　　　 31.3  6.3-10.0 -3.6 -4.3 -4  0.0                           
051835040212100089パイロキシン　　　　　　　　　　　　 38.4  7.6-10.4-11.9 -7.5 -7  0.0                           
051835040313104425ベストサポーター　　　　　　　　　　  5.8  1.9 20.7  8.3  9.3  9  0.0                           
051835040414101748リネンロマン　　　　　　　　　　　　 60.8 11.4-10.4-13.4 -8.0 -8  0.0                           
051835040512105800キールコネクション　　　　　　　　　 16.1  3.6 -4.7-11.8 -5.7 -6  0.0                           
051835040613105515トゥルーラヴキッス　　　　　　　　　  5.7  1.8 20.0  9.6  9.5 10 14.0C                          
051835040711103940アグリッパーバイオ　　　　　　　　　  8.3  2.4 11.4  6.1  5.7  6  9.6                           
051835040811101045スズカヴァンガード　　　　　　　　　 36.2  7.2-10.0 -2.6 -4.0 -4  0.0                           
051835040913105036インテグリティー　　　　　　　　　　  9.2  2.6  9.9  5.9  5.1  5  7.7                           
051835041013103806ニシノジャーニー　　　　　　　　　　 33.7  6.8-12.5-10.0 -7.4 -7  0.0                           
051835041114102133クリスタルバブルス　　　　　　　　　 21.7  4.6-12.5 -7.9 -6.6 -7  0.0                           
051835041212101422サラトガスピリット　　　　　　　　　  8.7  2.4 13.4 16.2 10.0 10  7.2  2                        
051835041311103567ジャッカスバーク　　　　　　　　　　  2.5  1.3 15.6 20.3 12.1 12 18.1                           
051835041414100839ショウナンダリア　　　　　　　　　　 31.7  6.4-10.0 -6.5 -5.4 -5  9.6                           
051835050116104091ダディフィンガー　　　　　　　　　　  6.4  1.9 12.4  8.1  6.7  7 15.1                           
051835050216102168テーオーダンケルク　　　　　　　　　 24.6  4.7  3.6 -3.3 -0.1  0  0.0                           
051835050316101429ノーブルペガサス　　　　　　　　　　 29.5  5.5 -6.6  6.3  0.3  0  9.2                           
051835050416101206ゲンパチファインド　　　　　　　　　118.6 19.7-10.0 -6.7 -5.5 -5  0.0                           
051835050516109086マグマミキサー　　　　　　　　　　　 41.4  7.5 -6.9 -6.9 -4.6 -5  0.0                           
051835050616103448ニシノコトダマ　　　　　　　　　　　  2.5  1.3 21.7 20.6 14.1 14 18.1                           
051835050716102078ラインカリーナ　　　　　　　　　　　 48.2  8.6 -9.5  8.4  0.2  0  0.0                           
051835050816104335ザメイダン　　　　　　　　　　　　　 14.3  3.1  4.1  1.0  1.6  2  0.0                           
051835050916102497マイネルフィースト　　　　　　　　　  7.3  2.0  0.8 11.6  4.5  4  0.0                           
051835051016106189ウサギノワルツ　　　　　　　　　　　122.1 20.2-11.4-17.0 -9.7-10  0.0                           
051835051116109128エリーバラード　　　　　　　　　　　  8.4  2.2  7.3 11.3  6.3  6  0.0  2                        
051835051216102791シャドーバンキング　　　　　　　　　 42.8  7.7-10.0 10.7  0.9  1  0.0                           
051835051316103944ウインプレイヤー　　　　　　　　　　109.9 18.3-10.0-14.5 -8.3 -8  0.0                           
051835051416100120マトイ　　　　　　　　　　　　　　　 19.3  3.9 -0.4 -6.1 -2.4 -2  0.0                           
051835051516105346ホロポノ　　　　　　　　　　　　　　112.2 18.6-11.4-18.8-10.3-10  0.0  0                        
051835051616104794ラサーサ　　　　　　　　　　　　　　  3.9  1.5 18.8 14.8 11.1 11 19.8                           
051835060115104188カヴァル　　　　　　　　　　　　　　  7.1  2.1 16.3 19.0 11.9 17  6.3  2                        
051835060215101176グローリーシャイン　　　　　　　　　  7.2  2.1 10.9 11.4  7.4 12  6.7                           
051835060315104405ウェストブルック　　　　　　　　　　  7.9  2.2-10.0 16.4  3.0  8 10.3A                          
051835060415101751ショウナンハイル　　　　　　　　　　 99.1 17.6-10.0-11.4 -7.2 -2  0.0                           
051835060515105013ダノンポピー　　　　　　　　　　　　  3.1  1.4 15.0 17.8 11.0 16 18.1                           
051835060615102409ヤマトコスモス　　　　　　　　　　　 36.8  7.1 -4.8-13.6 -6.4 -1  0.0                           
051835060715110039ボンナキュイ　　　　　　　　　　　　 34.2  6.7-11.4-13.5 -8.4 -3  0.0                           
051835060815100791ティーエスフォルソ　　　　　　　　　 53.1 10.0-11.4-17.8 -9.9 -5  0.0                           
051835060915106122ベレット　　　　　　　　　　　　　　 45.8  8.7-10.0-11.1 -7.1 -2  0.0                           
051835061015104983イルーシヴゴールド　　　　　　　　　  3.5  1.5 18.7 20.7 13.2 18 19.8                           
051835061115102158アスクヴション　　　　　　　　　　　 68.1 12.3-11.4 -4.7 -5.1  0  0.0                           
051835061215105419オートヴィル　　　　　　　　　　　　 15.6  3.5  2.6 -4.7 -0.9  4  0.0                           
051835061315105235オウガ　　　　　　　　　　　　　　　 78.0 14.0-11.4 -8.8 -6.6 -2  0.0                           
051835061415104583ハービーボンズ　　　　　　　　　　　 17.1  3.7 -2.4 -2.0 -1.5  4  0.0                           
051835061515104565フォルミダーブル　　　　　　　　　　 37.0  7.2-10.0-10.1 -6.7 -2  0.0                           
051835061615104060ロジスカーレット　　　　　　　　　　 15.6  3.5 -2.1  8.7  2.6  8  0.0                           
051835070114103323サーブルノワール　　　　　　　　　　 64.4  8.9-10.0 -4.7 -4.7 15  0.0                           
051835070212104260アンヴァリッド　　　　　　　　　　　 27.1  4.2 -2.8 10.1  2.9 23  0.0                           
051835070313100528トーホウデサント　　　　　　　　　　199.6 26.2-11.3-14.9 -8.9 11  0.0                           
051835070415100559トモジャタイクーン　　　　　　　　　 37.1  5.6-11.4-10.5 -7.3 13  0.0                           
051835070515101738ミラクルヒッター　　　　　　　　　　 41.3  6.1 -6.9 -3.4 -3.3 17 10.1  0                        
051835070615104321サトノディード　　　　　　　　　　　 19.5  3.3  2.2  8.6  3.8 24  7.2                           
051835070714105448スターライトブルー　　　　　　　　　  5.8  1.5 15.2 13.5  9.5 30 12.5                           
051835070815101539カイトチャン　　　　　　　　　　　　 46.5  6.8-11.3 -4.8 -5.2 15  0.0                           
051835070914105974サトノヴィクトリー　　　　　　　　　 12.2  2.3 10.8 15.7  9.0 29  9.6                           
051835071013103085バンダムザブラッド　　　　　　　　　 34.9  5.3 -2.4-10.4 -4.5 15  0.0                           
051835071114109087ナスノカンザン　　　　　　　　　　　  5.2  1.5 11.3 23.9 12.2 32  8.2                           
051835071214103477サノサマー　　　　　　　　　　　　　  1.7  1.2 21.4 21.9 14.4 34 18.1                           
051835071315100782サクラトップスター　　　　　　　　　 29.3  4.5 -2.1  6.8  1.9 22  0.0                           
051835071414104240フラッグアドミラル　　　　　　　　　 68.9  9.5-11.4-11.4 -7.6 12  0.0                           
051835071513102378グラスアクト　　　　　　　　　　　　 83.7 11.4 -9.5 -1.6 -3.4 17  0.0                           
051835071615105399ギガバッケン　　　　　　　　　　　　 37.8  5.6 -3.5 -2.0 -1.8 18  0.0                           
051835080115100918トラストロン　　　　　　　　　　　　  5.3  2.0-10.0 13.0  1.8 22  6.2                           
051835080211105897スズカプリティー　　　　　　　　　　 72.2 16.2-10.4 -7.7 -5.9 14  0.0                           
051835080314103017ヒロイックアゲン　　　　　　　　　　 39.7  9.4-10.0 12.7  1.7 22  0.0                           
051835080414104487トロピカルスパート　　　　　　　　　  9.2  3.0  5.9  3.9  3.2 23  0.0                           
051835080514101353サンデュランゴ　　　　　　　　　　　  4.8  1.9  7.0 15.1  7.6 28 10.6                           
051835080615103689エスシーハンコック　　　　　　　　　 45.1 10.6-11.4 -9.8 -7.0 13  0.0                           
051835080715102123スズカアーチスト　　　　　　　　　　  7.3  2.5 15.7  8.2  7.7 28  0.0  5                        
051835080814106173ミンネザング　　　　　　　　　　　　 23.5  5.8 -4.2 -6.9 -3.8 16  0.0                           
051835080914105065タキオンレイ　　　　　　　　　　　　 38.3  9.1 20.7-15.3  0.6 21  0.0  0                        
051835081013103678ヤマイチジャスティ　　　　　　　　　  6.3  2.2 11.9  8.0  6.5 27 16.3C                          
051835081114100827ラソ　　　　　　　　　　　　　　　　 14.7  4.0  2.2  7.0  3.2 23  8.7                           
051835081215101674ノヴィア　　　　　　　　　　　　　　 10.8  3.1  0.0 10.6  3.9 24  0.0  5                        
051835081314105695ゴールデンマクリス　　　　　　　　　105.1 23.3-13.5-11.4 -8.2 12  0.0                           
051835081412100609アミーキティア　　　　　　　　　　　  5.0  1.9 14.6 20.7 12.0 32 14.0                           
051835081515100050ウインメディウム　　　　　　　　　　 18.3  4.8 -4.2 17.0  5.0 25 13.0                           
051835081614104373センノギモーヴ　　　　　　　　　　　119.6 26.4-13.5-15.0 -9.6 10  0.0  0                        
051835090114100721マイネルベレーロ　　　　　　　　　　 42.4  7.6-10.0-14.8 -8.4 12  0.0                           
051835090214101029スーパーブレイク　　　　　　　　　　 16.0  3.3  2.2 -9.0 -2.6 17 10.9                           
051835090315100745フィルハーモニー　　　　　　　　　　 46.4  8.2-11.4-11.0 -7.5 13  0.0                           
051835090413105535サトノキングダム　　　　　　　　　　 11.7  2.6  3.9  8.1  4.1 24  6.8                           
051835090514110118フローラデマリポサ　　　　　　　　　 14.1  3.0  5.6 12.1  6.1 26  7.2                           
051835090615105276シセイヒテン　　　　　　　　　　　　 50.6  8.9-10.0 11.6  1.3 21 10.1                           
051835090713100032マルターズゲイル　　　　　　　　　　 62.5 10.6-10.0 -7.7 -5.8 14  0.0                           
051835090814110003ヴァイスジーニー　　　　　　　　　　 97.9 16.2 -6.9-14.9 -7.5 12  0.0  0                        
051835090915103452ゴールドギア　　　　　　　　　　　　  4.3  1.5 15.8 22.5 13.0 33  8.9  3                        
051835091013105343ワンショットキラー　　　　　　　　　 22.0  4.2  4.5  6.8  3.8 24  0.0                           
051835091113103646クインズサン　　　　　　　　　　　　 18.0  3.6 -3.2  8.9  2.3 22  0.0  5                        
051835091214105476ショワドゥロワ　　　　　　　　　　　 55.6  9.5-11.4-11.1 -7.5 13  0.0                           
051835091314100926ジュンヴァリアス　　　　　　　　　　  2.8  1.3 19.4 19.5 13.0 33 12.8                           
051835091415103247ドラグーンシチー　　　　　　　　　　 50.9  9.0-12.5 -5.9 -5.9 14  0.0                           
051835091515110097バトルマイスター　　　　　　　　　　  3.4  1.3 18.5 16.1 11.5 31 11.6                           
051835100113100686マサノヒロイン　　　　　　　　　　　 12.1  3.2  1.6  6.2  2.8 33  7.7                           
051835100215104170デルニエオール　　　　　　　　　　　  4.5  1.8 19.0 14.6 11.1 41 14.0                           
051835100314105886キラービューティ　　　　　　　　　　  5.2  1.9 18.6 24.2 14.5 44 12.5                           
051835100413103167キーナンバー　　　　　　　　　　　　  8.5  2.6  7.5  6.6  4.7 35  0.0                           
051835100512104509アドマイヤスカイ　　　　　　　　　　 38.5  8.6-12.5-10.1 -7.5 23  0.0                           
051835100613101869オルレアンローズ　　　　　　　　　　 15.8  4.0 -4.6 17.5  5.0 35  0.0                           
051835100713103448スフェーン　　　　　　　　　　　　　 55.6 11.9-14.7-15.6-10.1 20  0.0                           
051835100812102070コスモヨハネ　　　　　　　　　　　　 18.3  4.5  4.2 -9.0 -2.0 28  9.7                           
051835100913103951エクラミレネール　　　　　　　　　　 12.7  3.3  4.3 14.2  6.5 36  0.0                           
051835101012105635ユメノマイホーム　　　　　　　　　　 65.9 13.9-10.0 -7.7 -5.8 24  0.0                           
051835101114105879ベストリゾート　　　　　　　　　　　  6.2  2.1 10.6  8.1  6.2 36  6.7                           
051835101214106049ナイトバナレット　　　　　　　　　　 12.6  3.3  7.2  1.2  2.6 33 11.6                           
051835101315104675アンブロジオ　　　　　　　　　　　　  4.1  1.7 10.7 10.5  7.1 37  7.5 15                        
051835110114105991サトノグラン　　　　　　　　　　　　  4.0  1.3 15.0 16.7 10.6 46 21.4                           
051835110212105587リリーヴィクトリー　　　　　　　　　 24.2  3.8-12.5 -1.9 -4.4 31  0.0                           
051835110312103129コスモナインボール　　　　　　　　　 18.3  3.1 -4.8 -8.3 -4.5 31  0.0                           
051835110413105230ルックトゥワイス　　　　　　　　　　  1.8  1.2 25.1 24.6 16.5 52 18.1                           
051835110512105979パワーポケット　　　　　　　　　　　 34.6  5.1-10.4-14.8 -8.5 26  0.0                           
051835110613101928マイネルラフレシア　　　　　　　　　 18.5  3.1  6.5-16.6 -4.1 31  0.0                           
051835110713103687クラウンディバイダ　　　　　　　　　 10.6  2.1  9.0 10.3  6.5 41  6.8                           
051835110813106088サトノケンシロウ　　　　　　　　　　  3.9  1.3 18.8 15.7 11.4 46 14.0                           
051835110913106398コパノマリーン　　　　　　　　　　　 39.4  5.8-11.4-10.0 -7.1 28  0.0                           
051835120114102449トミケンボハテル　　　　　　　　　　 15.3  3.8  6.9  2.8  3.1 23  0.0                           
051835120213100915サンペドロ　　　　　　　　　　　　　 38.3  8.4-10.0-13.6 -8.0 12  0.0                           
051835120314105171リンガスネオ　　　　　　　　　　　　 22.9  5.3 -6.7  6.6  0.4 20  0.0                           
051835120414101550アピールバイオ　　　　　　　　　　　 12.1  3.1 -1.7 -3.8 -1.9 18  7.2                           
051835120514104192オールウェイズゼア　　　　　　　　　 26.7  6.0 -0.9-10.2 -4.0 16  0.0                           
051835120613102530フッカツノノロシ　　　　　　　　　　 41.2  8.9-10.4-20.0-10.5 10  0.0  0                        
051835120715110067トーセンロザリオ　　　　　　　　　　  5.3  1.9 12.0 13.3  8.5 28 15.1                           
051835120814104238リセンティート　　　　　　　　　　　 93.3 18.9-10.0-12.3 -7.5 12  0.0                           
051835120915106177グランデウィーク　　　　　　　　　　 52.0 11.1 20.0-12.4  1.5 21  0.0                           
051835121013105784キングオブアームズ　　　　　　　　　  4.7  1.8 10.0 21.2 10.8 31  0.0                           
051835121114106136コーラルプリンセス　　　　　　　　　  3.6  1.6 17.3 19.7 12.4 32 10.6                           
051835121213104170ヨクエロマンボ　　　　　　　　　　　 12.7  3.3 11.8  7.3  6.2 26 10.9A                          
051835121314103416ディアシューター　　　　　　　　　　  5.4  1.9  6.0 17.5  8.2 28 16.3                           
051835121414110076メダーリアフレイム　　　　　　　　　 48.1 10.3-11.4-13.6 -8.4 12  0.0  0                        
051835121514101372ゲンパチマサムネ　　　　　　　　　　 19.1  4.6 -9.1-13.6 -7.7 12  8.7                           
051835121613104189パーソナルブルー　　　　　　　　　　 57.4 11.9-10.0 -9.8 -6.6 13  0.0                           
091835010116102204ゴールドウエイ　　　　　　　　　　　 24.1  3.7 -8.5 -5.8 -4.9  0  0.0                           
091835010216102763コスモスターリング　　　　　　　　　  4.6  1.3 13.1 18.0 10.2 15 21.3                           
091835010316102820コラルブラッシュ　　　　　　　　　　 18.4  3.1 -6.8 -8.8 -5.1  0  0.0                           
091835010416105946デンコウブレイブ　　　　　　　　　　 27.6  4.2-14.0 -5.8 -6.9 -2  0.0                           
091835010516104705スターリーパレード　　　　　　　　　 11.2  2.1  6.2  5.3  3.9  9 19.8                           
091835010616100248リゲイン　　　　　　　　　　　　　　  3.3  1.2 16.5 19.4 11.9 17 16.4                           
091835010716100690コスモルシオ　　　　　　　　　　　　 19.8  3.2-14.0 13.9 -1.0  4  0.0                           
091835010816100640タイガーティナ　　　　　　　　　　　 21.9  3.4 -7.1-13.8 -6.7 -2  0.0                           
091835010916102692ハッピーアワー　　　　　　　　　　　  2.0  1.2 20.1 20.5 13.5 19 18.0                           
091835020115105487ナリタカピリナ　　　　　　　　　　　 17.4  3.7 -6.7  4.9 -1.0  4  0.0                           
091835020215101752ダイシンマナ　　　　　　　　　　　　 23.5  4.6-11.4-10.6 -7.4 -2  0.0                           
091835020315102022フラッシュイメル　　　　　　　　　　 52.3  9.5-11.0-15.8 -8.8 -4  0.0  0                        
091835020415102076デイジーメーカー　　　　　　　　　　  2.3  1.3 18.5 23.2 13.7 19 15.0                           
091835020515106399カルチョ　　　　　　　　　　　　　　  4.9  1.7 15.4 18.4 11.2 16  6.2                           
091835020615105709グローバルフェイム　　　　　　　　　  7.0  2.0  4.7 16.7  6.7 12 10.3                           
091835020715104116クナップフラウ　　　　　　　　　　　  6.2  1.9 11.3 10.0  7.1 12 21.3                           
091835020815103946シゲルマツタケ　　　　　　　　　　　 27.1  5.2 -2.7 -4.3 -2.3  3  0.0                           
091835020915103333ピエナシニスター　　　　　　　　　　 13.0  2.9  7.7  8.3  5.3 10 13.5                           
091835021015100956レガーメ　　　　　　　　　　　　　　 19.2  4.0  2.9 -9.3 -1.7  3  0.0                           
091835021115103723ガーネットウィング　　　　　　　　　 24.5  4.8 -5.6-12.8 -5.9 -1 18.0                           
091835021215101862シゲルミズナ　　　　　　　　　　　　 19.2  4.0 -1.2  4.0  0.8  6  0.0                           
091835021315102222トウカイボヌール　　　　　　　　　　 27.9  5.4-10.7-12.0 -7.5 -3  0.0                           
091835030115102437ワンダーアグリコラ　　　　　　　　　 32.5  6.2-10.7-11.4 -7.3 -2  0.0                           
091835030215100610ヴァンフレ　　　　　　　　　　　　　  4.2  1.5 12.9  9.7  7.6 13 17.8                           
091835030315104111ローンチ　　　　　　　　　　　　　　 10.6  2.5  1.3 14.8  4.9 10 19.8                           
091835030415100188スパニッシュフライ　　　　　　　　　 26.0  5.1 -0.3-15.8 -4.8  0  0.0  0                        
091835030515106504ゴールドムーン　　　　　　　　　　　150.6 25.8-10.7 -9.2 -6.7 -2  0.0                           
091835030615110016モズダディー　　　　　　　　　　　　 20.0  4.2 -1.4  7.3  1.7  7 14.4                           
091835030715106030スキュータム　　　　　　　　　　　　 25.3  5.0  1.3  4.9  1.9  7 13.2                           
091835030815100552アモーレジョディー　　　　　　　　　 25.1  5.0-10.7 -2.4 -4.6  0  0.0                           
091835030915110101アメリカンエース　　　　　　　　　　  3.5  1.4 13.8 14.4  9.4 14  8.8                           
091835031015102969キノカワ　　　　　　　　　　　　　　100.6 17.4-11.4-10.6 -7.4 -2  0.0                           
091835031115101448メイショウワザモノ　　　　　　　　　 36.4  6.9-10.7-20.0 -9.9 -5  0.0                           
091835031215101537セトノシャトル　　　　　　　　　　　  3.0  1.3 15.1 21.6 12.0 17  9.9                           
091835031315104038マリーベリー　　　　　　　　　　　　 73.7 12.9-10.7-11.6 -7.4 -2  0.0                           
091835031415103768スズノアリュール　　　　　　　　　　 33.4  6.4 -6.7-11.7 -6.0 -1  0.0                           
091835031515110094アンカーテソーロ　　　　　　　　　　 12.0  2.8  5.2 35.9 12.7 18  0.0                           
091835031615103826メイショウヴァルス　　　　　　　　　 60.1 10.7-10.8-11.6 -7.4 -2  0.0                           
091835040115100422アリイタヤス　　　　　　　　　　　　 22.0  3.8 -6.7 10.6  0.7  6  0.0                           
091835040215104723オークヒルロッジ　　　　　　　　　　 12.0  2.4  1.4 22.7  7.3 12 22.9                           
091835040315100429スターズテソーロ　　　　　　　　　　 11.0  2.3 11.7 10.8  7.5 13  0.0                           
091835040415103722サルサデージャ　　　　　　　　　　　 38.7  6.2 -2.7-10.3 -4.1  1  0.0                           
091835040515100500タガノヤマト　　　　　　　　　　　　  2.9  1.3 19.2 15.1 11.6 17 19.6                           
091835040615101631スピンドクター　　　　　　　　　　　 22.4  3.9  2.1  2.0  1.4  6  9.3                           
091835040715103209スズカビッグワン　　　　　　　　　　 41.8  6.6-10.7 -9.3 -6.7 -2  0.0                           
091835040815103003ブンゴ　　　　　　　　　　　　　　　 81.1 11.9-10.7-10.0 -6.9 -2  0.0                           
091835040915101446カズフィンテック　　　　　　　　　　 32.2  5.2-10.7 -8.4 -6.4 -1  0.0                           
091835041015103117キクノゼファー　　　　　　　　　　　 26.4  4.4-11.4-11.5 -7.6 -3  0.0                           
091835041115106287ワールドカフェ　　　　　　　　　　　 48.6  7.6-11.4-10.3 -7.3 -2  0.0                           
091835041215106015ヒロノカチドキ　　　　　　　　　　　 89.3 13.0-11.4-15.5 -8.8 -4  0.0  0                        
091835041315102765ペイシャジャン　　　　　　　　　　　 47.8  7.5 -5.2 -8.1 -4.3  1 14.5                           
091835041415103760アトス　　　　　　　　　　　　　　　  2.5  1.3 18.8 21.2 13.3 18 18.0                           
091835041515101420セイリスペクト　　　　　　　　　　　 13.1  2.6  7.3 30.3 11.8 17  0.0                           
091835041615101622タイフーン　　　　　　　　　　　　　 18.8  3.4  1.3 -0.8  0.2  5  0.0                           
091835050116101430ロックスピリット　　　　　　　　　　 26.8  5.5-11.4 12.6 -0.4  0  0.0                           
091835050216101346アンビル　　　　　　　　　　　　　　 29.8  6.0 -9.7-10.4 -6.7 -7  0.0                           
091835050316100854デンコウハピネス　　　　　　　　　　 52.3 10.0-11.4  3.5 -3.1 -3  0.0                           
091835050416104424チュウワフライヤー　　　　　　　　　  4.5  1.6 10.9 20.1 10.0 10 17.0                           
091835050516102091アマノコマンダー　　　　　　　　　　 88.8 16.2-10.7 -5.4 -5.5 -6  0.0                           
091835050616106450タイサイ　　　　　　　　　　　　　　 79.2 14.5-10.7-12.0 -7.5 -8  0.0                           
091835050716104224マイネルメーア　　　　　　　　　　　  2.7  1.3 17.3 16.3 11.2 11 15.0                           
091835050816101591メイショウハヤナリ　　　　　　　　　 21.5  4.5-10.7-11.3 -7.3 -7  0.0                           
091835050916101718マルモネオフォース　　　　　　　　　  5.3  1.7  9.5 26.1 11.3 11  9.6                           
091835051016104338ジョーノベリスタ　　　　　　　　　　 38.3  7.5-10.7-13.8 -8.1 -8  0.0                           
091835051116100954ブルベアボルド　　　　　　　　　　　 27.1  5.5 -8.7  7.8 -0.9 -1  0.0                           
091835051216104817エスト　　　　　　　　　　　　　　　  7.2  2.1  3.9  4.9  2.9  3 12.6                           
091835051316104340ゴールドラグーン　　　　　　　　　　 29.0  5.9-11.4-10.3 -7.3 -7  0.0                           
091835051416106425アールロッソ　　　　　　　　　　　　 23.9  5.0 -6.7  4.9 -1.0 -1  0.0                           
091835051516102089イッツクール　　　　　　　　　　　　 12.6  3.0 11.7  9.1  7.0  7 24.5                           
091835051616109083スズカモンド　　　　　　　　　　　　 18.6  4.1  4.8  7.2  3.9  4  0.0                           
091835060115104146リンディスファーン　　　　　　　　　 18.8  4.4 -7.6 -6.7 -4.8  0  0.0                           
091835060215103175レッドアルジーヌ　　　　　　　　　　 16.3  3.9  2.4  6.8  2.9  8 11.0                           
091835060315105944セルヴィエット　　　　　　　　　　　 16.8  4.0  0.4 -2.3 -0.5  4 14.4                           
091835060415104596コシミノダンサー　　　　　　　　　　  4.9  1.8 18.1 12.2 10.3 15 17.8                           
091835060515104629ミコデイジーラブ　　　　　　　　　　 46.9  9.9-10.7-10.3 -7.0 -2  0.0                           
091835060615102196ヒミノゴールド　　　　　　　　　　　 19.2  4.5 -6.7  9.5  0.4  5 14.0                           
091835060715106183ヤマカツケンザン　　　　　　　　　　  5.9  2.0  5.6 12.5  5.8 11  0.0                           
091835060815105786ララシャンパーニュ　　　　　　　　　 23.2  5.2-10.7 -5.5 -5.6 -1  0.0                           
091835060915100088フォーアシュトース　　　　　　　　　 87.8 17.5-11.4-10.3 -7.3 -2  0.0                           
091835061015103007ウォーターエルピス　　　　　　　　　 32.9  7.1 -6.7  6.5 -0.5  4  0.0                           
091835061115103006ジュンエスポワール　　　　　　　　　 18.6  4.4 -5.2 -2.8 -2.7  2 15.3                           
091835061215102570ルリー　　　　　　　　　　　　　　　 34.5  7.4-10.7 -9.3 -6.7 -2  0.0                           
091835061315102742ザリーティー　　　　　　　　　　　　101.8 20.2 -6.7-10.3 -5.5 -1  0.0                           
091835061415105674サウンドスター　　　　　　　　　　　 39.4  8.4-10.7 -6.7 -5.9 -1  0.0                           
091835061515100168カタギ　　　　　　　　　　　　　　　 73.6 14.7-11.4-16.7 -9.2 -4  0.0                           
091835061615100852セイウンフォーカス　　　　　　　　　  3.3  1.5 17.3 15.8 11.1 16  5.7                           
091835061715105583イベリア　　　　　　　　　　　　　　  4.7  1.7 14.0  5.6  6.8 12 10.8                           
091835070115103836テイエムゼッケイ　　　　　　　　　　 22.9  3.4 -1.2-13.9 -4.6 15  0.0                           
091835070214105578ゴスペル　　　　　　　　　　　　　　 44.5  6.0 -9.7-10.4 -6.7 13  0.0                           
091835070312105956ショウナンサアーダ　　　　　　　　　 58.6  7.5-11.4-17.9 -9.6 10  0.0                           
091835070415104849ヴィグール　　　　　　　　　　　　　 17.1  2.8 -2.7  3.2  0.0 20  8.2                           
091835070514101061エイシンムジカ　　　　　　　　　　　  2.5  1.2 15.8 21.8 12.3 32 19.6                           
091835070614103990モハー　　　　　　　　　　　　　　　 27.2  3.9 -8.5-15.5 -7.8 12  0.0  0                        
091835070714100628アイアンテーラー　　　　　　　　　　  2.2  1.2 18.9 27.8 15.3 35 18.0                           
091835070814103848スズカスマート　　　　　　　　　　　 13.7  2.4  9.1 11.2  6.7 27  9.4                           
091835070914103953サンマルタイトル　　　　　　　　　　 35.9  5.0-10.7-10.8 -7.2 13  0.0                           
091835071015104690ベルフロレゾン　　　　　　　　　　　  7.0  1.6 11.6 13.6  8.3 28  0.0                           
091835071113104987デイジーフローラ　　　　　　　　　　 12.3  2.2 12.2  4.4  5.8 26 22.9                           
091835080115105112ロックザボート　　　　　　　　　　　 19.6  3.7  0.3 -9.9 -2.9 17  0.0                           
091835080214102157テリトーリアル　　　　　　　　　　　  7.1  1.9 10.2 16.8  8.8 29 17.8                           
091835080314106037ミヤジユウダイ　　　　　　　　　　　 28.7  5.0 -2.7 -5.4 -2.6 17  0.0                           
091835080411105889インターンシップ　　　　　　　　　　 22.4  4.0 -8.3 -1.1 -3.4 17  0.0                           
091835080514104329メイショウカミシマ　　　　　　　　　 17.1  3.3-10.7  2.2 -3.3 17  0.0                           
091835080614102902ブリラーレ　　　　　　　　　　　　　  4.6  1.5  8.4  5.0  4.6 25  6.2                           
091835080713106294モント　　　　　　　　　　　　　　　 38.5  6.4-10.7 -4.0 -5.1 15  0.0                           
091835080815105050リシュブール　　　　　　　　　　　　  7.1  1.9 -1.1 11.3  3.0 23 10.3                           
091835080915104887ナンヨープランタン　　　　　　　　　 11.6  2.4  7.3  9.7  5.6 26 13.5                           
091835081014106120エクレアスパークル　　　　　　　　　  2.0  1.2 20.6 29.8 16.5 36 18.0                           
091835081114104111コールストーム　　　　　　　　　　　 18.0  3.4  2.7 -4.1 -0.2 20 15.3                           
091835090114104031ハローユニコーン　　　　　　　　　　 17.1  2.9 -4.6 -2.1 -2.3 28  0.0                           
091835090215104322サウンドキアラ　　　　　　　　　　　 14.5  2.6  7.4 -1.8  2.2 32  0.0                           
091835090314102036ボンセルヴィーソ　　　　　　　　　　  5.4  1.5 15.4 16.2 10.5 41 17.8                           
091835090412102773ヤマカツボーイ　　　　　　　　　　　 32.4  4.9 -8.5-10.5 -6.3 24  0.0                           
091835090514105897クリアザトラック　　　　　　　　　　  3.4  1.3 17.0 15.9 11.0 41 19.6                           
091835090613102273エイシンティンクル　　　　　　　　　  6.9  1.7  8.0  5.8  4.7 35  7.2                           
091835090710100155メイショウヤマホコ　　　　　　　　　 25.2  3.9 -6.7 -4.5 -3.8 26  0.0  5                        
091835090815104688インディチャンプ　　　　　　　　　　  2.0  1.2 21.4 21.0 14.1 44 18.0                           
091835090913105651ウォーターピオニー　　　　　　　　　 30.1  4.6 -5.9-15.4 -6.8 23 16.2                           
091835100112101393スカイパッション　　　　　　　　　　 14.0  3.4 -6.7  3.5 -1.4 34  0.0                           
091835100213106131アッラサルーテ　　　　　　　　　　　  5.4  1.8  9.7 10.9  6.8 42  8.8                           
091835100313101476レーヴムーン　　　　　　　　　　　　  5.1  1.8 14.8 18.2 10.9 46  9.6                           
091835100411105539トシザキミ　　　　　　　　　　　　　 41.5  8.6 -6.7 -2.1 -3.1 32  0.0                           
091835100512101282ゲンキチハヤブサ　　　　　　　　　　  9.0  2.6 -1.7 27.3  7.6 43  0.0                           
091835100611101002クリノコマチ　　　　　　　　　　　　 48.5  9.9 -9.7-10.4 -6.7 28  0.0                           
091835100713104774パーリオミノル　　　　　　　　　　　 23.0  5.1 -3.7-11.5 -4.8 30 17.1                           
091835100811103412ナインテイルズ　　　　　　　　　　　  8.6  2.5  2.9-15.1 -3.5 32 11.0                           
091835100912104122ナイトフォックス　　　　　　　　　　 45.0  9.3 -9.7 -5.1 -5.1 30  0.0                           
091835101012100936ブラッククローバー　　　　　　　　　 20.6  4.7  2.3 10.2  3.9 39  0.0                           
091835101112100531アドマイヤナイト　　　　　　　　　　  3.6  1.5 13.8  8.1  7.5 42 15.6                           
091835101212101157ダイトウキョウ　　　　　　　　　　　  3.8  1.6 11.6 10.0  7.3 42 19.6                           
091835110113102037ドライヴナイト　　　　　　　　　　　  3.4  1.5 17.6 10.6  9.6 55  8.1                           
091835110211105914サングラス　　　　　　　　　　　　　 33.0  6.8 -6.7 -7.5 -4.7 40  0.0                           
091835110311101031ペイシャモンシェリ　　　　　　　　　 46.2  9.3-11.4 -5.8 -5.9 39  0.0                           
091835110412103262トウショウカウント　　　　　　　　　 62.4 12.0 -9.7-10.4 -6.7 38  0.0                           
091835110512101489ドリームドルチェ　　　　　　　　　　 41.6  8.4 -9.7-10.4 -6.7 38  0.0                           
091835110613104088サイタスリーレッド　　　　　　　　　 20.9  4.6 -6.7  2.1 -1.8 43  0.0                           
091835110712105474ニットウスバル　　　　　　　　　　　 20.7  4.6 -9.7 -2.5 -4.3 41  0.0                           
091835110811103097ヒカリブランデー　　　　　　　　　　 78.1 14.9 -9.7-10.4 -6.7 38  0.0                           
091835110912102856スマートアヴァロン　　　　　　　　　  3.8  1.5  8.1 16.3  7.9 53 19.6                           
091835111013101442ウインムート　　　　　　　　　　　　  8.2  2.4 15.1 13.8  9.7 55 16.0                           
091835111113102815ワンダーリーデル　　　　　　　　　　  8.6  2.5  2.9  6.9  3.1 48  0.0                           
091835111212102649キタサンサジン　　　　　　　　　　　 19.8  4.4  5.3  8.1  4.4 49  0.0                           
091835111312102092ヒデノインペリアル　　　　　　　　　 33.8  7.0-11.4-13.4 -8.2 37  0.0                           
091835111415105610ハヤブサマカオー　　　　　　　　　　 36.8  7.5 -4.8 -6.3 -3.7 41  0.0                           
091835111513100358サトノファンタシー　　　　　　　　　  4.9  1.7 13.7 24.5 12.4 57 21.3                           
091835111613104893プレスティージオ　　　　　　　　　　 18.9  4.3-10.7-10.5 -7.1 38 14.4                           
091835120114101616レンジャックマン　　　　　　　　　　 45.3  9.7-10.7-11.7 -7.4 13  0.0                           
091835120215104053マッスルマサムネ　　　　　　　　　　 11.2  2.9 10.9  4.9  5.5 25 11.0                           
091835120313100629リンクス　　　　　　　　　　　　　　 13.7  3.5  9.2  4.0  4.6 25 14.4                           
091835120413101667キラージョー　　　　　　　　　　　　  4.1  1.7 10.8 24.3 11.3 31  8.8                           
091835120514100584ライトオブピース　　　　　　　　　　 15.1  3.7  5.9  6.5  4.1 24 17.1                           
091835120615103654ハクサンフエロ　　　　　　　　　　　  3.9  1.7  8.3 16.3  7.9 28  5.7                           
091835120714106105ゼニステレスコープ　　　　　　　　　 14.4  3.6 -1.2 12.2  3.2 23  0.0                           
091835120814110099ゴールドハット　　　　　　　　　　　  7.6  2.4  4.2  1.1  1.9 22 10.3                           
091835120913105828フェザリータッチ　　　　　　　　　　 46.4 10.0-10.7 -8.1 -6.4 14  0.0                           
091835121015103640ブルベアトリュフ　　　　　　　　　　  6.9  2.2 11.4  5.7  5.9 26  0.0                           
091835121114101096ロードソリスト　　　　　　　　　　　 26.8  6.0-11.4 -9.3 -7.0 13  0.0                           
091835121214100524ナンヨーマーズ　　　　　　　　　　　 30.4  6.8  1.3  8.3  3.0 23 13.9                           
091835121312101685ダイシンカレラ　　　　　　　　　　　 75.5 15.4-10.7-12.8 -7.8 12  0.0                           
091835121414100645ペガーズ　　　　　　　　　　　　　　 14.5  3.6 -2.2  3.7  0.3 20  0.0                           
091835121514103466ツキノミチ　　　　　　　　　　　　　 37.7  8.2-10.7-13.8 -8.1 12  0.0                           
091835121614103165スマートウェールズ　　　　　　　　　 21.1  5.0 -6.7-10.0 -5.5 15 18.0                           
