061758010115100216ヴォルフスブルク　　　　　　　　　　  3.2  1.4 10.0 28.4 13.4 18  7.5                           
061758010215103256タツオウカランブ　　　　　　　　　　 33.2  6.7  0.2  5.3  2.0  7  0.0                           
061758010315100977フィールグッド　　　　　　　　　　　  8.8  2.5  0.8  8.7  3.4  8  0.0                           
061758010415103937ニシノオトコマサリ　　　　　　　　　 31.7  6.5-11.4 -5.6 -5.5  0 13.0                           
061758010515102275タイセイゴーディー　　　　　　　　　 33.0  6.7-10.0  0.7 -2.7  2  0.0                           
061758010615103532パズルリンクス　　　　　　　　　　　  5.6  1.8 10.4 12.0  7.5 13  6.3                           
061758010715102916カプレーゼケーキ　　　　　　　　　　 93.0 17.2-11.4-12.9 -8.1 -3  0.0  0                        
061758010815104200ファーマメント　　　　　　　　　　　  3.8  1.5 15.0 23.3 13.0 18  8.2  2                        
061758010915102909シキシマ　　　　　　　　　　　　　　 12.8  3.0  4.3 40.0 16.0 21 15.4  1  320   29              
061758011015100400イッツマイターン　　　　　　　　　　  7.4  2.2  6.0 20.6  9.4 14 13.5                           
061758011115103569ラインマッシモ　　　　　　　　　　　 16.1  3.7  2.4  9.5  4.2  9  0.0                           
061758011215100089デザートカレー　　　　　　　　　　　 73.7 13.8-10.0-14.9 -8.5 -3  0.0                           
061758011315103378レインボーボニート　　　　　　　　　 17.4  3.9 -0.1 11.6  4.2  9  8.6                           
061758011415109099デカルコマニー　　　　　　　　　　　212.6 38.5-10.0-13.7 -8.0 -3  0.0                           
061758011515102167ハルノタビ　　　　　　　　　　　　　 42.9  8.5-11.4 -5.1 -5.3  0  0.0                           
061758011615103685カガトゥインクル　　　　　　　　　　 63.6 12.0-10.0-11.6 -7.3 -2  0.0                           
061758020115101762ハーモニーヘルメス　　　　　　　　　 47.5 10.5 20.0-11.2  1.9  7  0.0                           
061758020215101406ディーエスノワール　　　　　　　　　  9.5  2.9 12.0 11.5  7.8 13 10.3A                          
061758020315106102ネコマヒカ　　　　　　　　　　　　　 28.2  6.5 -7.2-20.0 -9.5 -4  0.0                           
061758020415103370シゲノブ　　　　　　　　　　　　　　 11.5  3.1  8.1 11.8  6.8 12  0.0                           
061758020515101904デルマスピリタス　　　　　　　　　　 25.1  5.9 -5.3  4.9  0.2  5  0.0                           
061758020615105963ナリノリリー　　　　　　　　　　　　 13.5  3.5-10.0  9.2  0.4  5  0.0  5                        
061758020715106249パワースピネル　　　　　　　　　　　 39.1  8.7-11.4  6.9 -0.9  4  0.0                           
061758020815101102トーセンバーディー　　　　　　　　　 10.8  2.9 15.5 16.4 10.7 16  7.7                           
061758020915102586リキサンゴルト　　　　　　　　　　　  5.8  2.0 20.7 15.8 12.0 17  6.3                           
061758021015102860ホウオウウィング　　　　　　　　　　  5.1  1.9-10.0 26.4  6.7 12 14.0  2                        
061758021115103921イデアブルーム　　　　　　　　　　　 41.2  9.2-10.0 -8.0 -5.9 -1  0.0                           
061758021215106080アカリダイヤモンド　　　　　　　　　 21.6  5.1 -6.7  4.2 -0.5  5  9.2  5                        
061758021315105388ターフィーキング　　　　　　　　　　201.8 41.3-11.3-10.3 -7.2 -2  0.0                           
061758021415103312エンパイアソング　　　　　　　　　　 79.0 16.6-11.3 -1.7 -4.0  1  0.0  0                        
061758021515105399ギガバッケン　　　　　　　　　　　　  3.7  1.6 16.4 18.0 11.5 17 18.1                           
061758021615101220ウインドトレイル　　　　　　　　　　  7.1  2.3  6.0-12.7 -2.9  2  0.0                           
061758030115109095メイモアナ　　　　　　　　　　　　　 29.7  4.5 -4.8-10.1 -5.1  0  0.0                           
061758030215100935ディセントファミリ　　　　　　　　　 28.7  4.3-10.0-14.9 -8.5 -3  0.0                           
061758030315103542ナイスジャスミン　　　　　　　　　　 66.8  9.0-10.0 -4.9 -4.8  0  0.0                           
061758030415102938ブラウンシュシュ　　　　　　　　　　 22.5  3.6  3.1  9.0  4.2  9  9.6                           
061758030515100421ビューティアイリス　　　　　　　　　204.5 26.1-10.0-14.9 -8.5 -3  0.0                           
061758030615104488サマーシャドウ　　　　　　　　　　　 37.3  5.4 -5.3 -4.6 -3.3  2  0.0  5                        
061758030715104595コイバナ　　　　　　　　　　　　　　 44.9  6.4-10.0 -9.7 -6.6 -2  0.0                           
061758030815102826マイネルフィリップ　　　　　　　　　 24.5  3.8 -2.7-11.6 -5.1  0  0.0                           
061758030915103799サクライザベル　　　　　　　　　　　  5.7  1.5 20.0 16.0 11.9 17  6.3                           
061758031015110099セイウンアカマイ　　　　　　　　　　  2.7  1.2 21.5 17.3 12.8 18 19.8  1  146   46              
061758031115101714ロードネプチューン　　　　　　　　　  2.3  1.2 18.4 15.6 11.2 16 18.1                           
061758031215106408マカロン　　　　　　　　　　　　　　111.1 14.5-11.4-11.4 -7.6 -3  0.0                           
061758031315103433クラウンアート　　　　　　　　　　　 33.8  5.0 -1.1  3.4  0.9  6  0.0                           
061758031415100342ペイシャオブライフ　　　　　　　　　 23.1  3.6  6.0 10.3  5.6 11  0.0                           
061758031515110005カポラヴォーロ　　　　　　　　　　　 22.6  3.6  0.6  1.6  0.8  6  7.2A                          
061758031615101095トーセンプルメリア　　　　　　　　　119.5 15.5-11.4 -8.9 -6.7 -2  0.0                           
061758040115104352ゴージャスランチ　　　　　　　　　　  3.5  1.4 16.2 19.1 11.9 17 19.8                           
061758040215103143アシャカータ　　　　　　　　　　　　123.5 17.2-11.4-12.2 -7.9 -3  0.0                           
061758040315100687マイネルカルム　　　　　　　　　　　 35.7  5.6-10.0 -7.6 -5.8 -1  0.0                           
061758040415101602ソーラーフレア　　　　　　　　　　　 14.4  2.7 10.7  6.2  5.5 10  0.0                           
061758040515102353ブラックイメル　　　　　　　　　　　  7.4  1.8  6.0 12.7  6.5 11  6.3  3                        
061758040615104627アストラサンタン　　　　　　　　　　  8.6  2.0 13.8  5.6  6.2 11  6.7                           
061758040715104640ジャンティエス　　　　　　　　　　　 78.7 11.2-11.4-11.9 -7.8 -3  0.0                           
061758040815105270シバノモスキー　　　　　　　　　　　 46.4  7.1-10.0 -7.8 -5.9 -1  0.0  0                        
061758040915104827アイシャ　　　　　　　　　　　　　　 27.7  4.5-11.4-13.2 -8.3 -3  0.0                           
061758041015101533ファーマフローラ　　　　　　　　　　143.7 20.0-11.4-14.1 -8.6 -4  0.0  0                        
061758041115104703ウェストレー　　　　　　　　　　　　 43.5  6.7-11.3 -4.7 -5.1  0  0.0                           
061758041215104179オールドナシュワン　　　　　　　　　 59.7  8.7 -4.6 -9.4 -4.8  0  0.0                           
061758041315100693マイネルテンプス　　　　　　　　　　 14.6  2.7  6.0  8.6  5.0 10 10.9                           
061758041415100918トラストロン　　　　　　　　　　　　 40.1  6.2-10.0  3.8 -1.6  3  0.0                           
061758041515100232サンクトゥスレーン　　　　　　　　　 56.0  8.2 20.0-11.1  1.9  7  0.0                           
061758041615104796アルーシャ　　　　　　　　　　　　　  2.1  1.2 15.0 21.2 12.3 17 18.1B                          
061758050115101885シングンオフビート　　　　　　　　　 28.5  6.1-11.4  2.4 -2.5 -3  0.0                           
061758050215104167ウムラオフ　　　　　　　　　　　　　  2.4  1.4 19.2 25.0 14.9 15 18.1                           
061758050315102430ドナファウスタ　　　　　　　　　　　 15.4  3.6-10.0  2.9 -1.9 -2  8.2                           
061758050415101388ノーブルエイム　　　　　　　　　　　 17.3  4.0  7.4  2.0  3.0  3  0.0                           
061758050515101568モンテグロッソ　　　　　　　　　　　  8.6  2.5 13.4  7.1  6.6  7  5.8                           
061758050615101638ロンデル　　　　　　　　　　　　　　 15.2  3.6 -8.8  0.6 -2.4 -2  7.7                           
061758050715104221メロス　　　　　　　　　　　　　　　 91.5 17.6 -9.5-11.9 -7.2 -7  0.0                           
061758050815101207ヤマタケクッキー　　　　　　　　　　316.0 59.2-10.4-11.6 -7.4 -7  0.0                           
061758050915102408リラフォルテ　　　　　　　　　　　　101.7 19.5-11.3-10.4 -7.2 -7  0.0                           
061758051015106324ウインブロンクス　　　　　　　　　　 16.4  3.8 -2.8  4.9  1.0  1  9.1                           
061758051115104573バスクインザサン　　　　　　　　　　 13.9  3.3  6.7 -8.9 -1.3 -1 10.3                           
061758051215104059ダノンシャレード　　　　　　　　　　 17.0  4.0 10.0-12.2 -1.5 -1  0.0  0                        
061758051315106231アルスラーン　　　　　　　　　　　　 13.0  3.2-10.0 -1.9 -3.7 -4  0.0  0                        
061758051415101032ジンリッキー　　　　　　　　　　　　 65.4 12.8-11.3 -8.2 -6.4 -6  0.0                           
061758051515104528グレンフィナン　　　　　　　　　　　  9.1  2.6  1.8  7.6  3.3  3  8.9                           
061758051615104079ウイングセクション　　　　　　　　　 20.3  4.6 -7.1  9.7  1.4  1  0.0                           
061758051715100734コスモターンブルー　　　　　　　　　 29.8  6.3 -6.9-12.2 -6.5 -7  0.0                           
061758051815103810エリープライム　　　　　　　　　　　 15.7  3.7-10.0 10.3  0.8  1  0.0                           
061758060114105562ダイワエトワール　　　　　　　　　　  6.0  1.9 14.6  7.6  7.2 27 16.3                           
061758060213104459ヴァタルサイビーチ　　　　　　　　　218.6 38.9-11.3-14.8 -8.8 11  0.0                           
061758060312109120サンウィノナ　　　　　　　　　　　　 46.7  9.1 -5.5-15.1 -7.2 13  0.0                           
061758060413102133クラウンロマン　　　　　　　　　　　 31.8  6.4 20.0-13.4  1.1 21  0.0  0                        
061758060512104786モアアピール　　　　　　　　　　　　 79.3 14.5-13.3-11.6 -8.2 12  0.0                           
061758060613101391デフィニール　　　　　　　　　　　　 97.1 17.7-10.4-13.6 -8.1 12  0.0                           
061758060713105955イダフェイマ　　　　　　　　　　　　 48.2  9.3 -7.2  6.2  0.1 20  0.0                           
061758060812101108トーセンメリッサ　　　　　　　　　　 15.4  3.5  0.6-16.9 -6.0 14  0.0  0                        
061758060913102173メイプルケプラー　　　　　　　　　　  7.8  2.2 12.0 15.7  9.4 29  7.2                           
061758061014105806アズレージョ　　　　　　　　　　　　  2.6  1.3 15.0 22.9 12.9 33 18.1  5                        
061758061113105250ボールドアテンプト　　　　　　　　　  5.2  1.7 14.1 14.3  9.5 29  6.3                           
061758061214106308トラストエンジェル　　　　　　　　　 14.9  3.4-10.0 12.5  1.6 22  0.0                           
061758061313100590メンデンホール　　　　　　　　　　　  4.9  1.7  6.0 11.1  5.9 26 14.0                           
061758061414101121フジマサクイーン　　　　　　　　　　 48.4  9.4-11.4-14.9 -8.9 11  0.0  0                        
061758061513100062ココロノキャンバス　　　　　　　　　 62.1 11.5-10.4-16.7 -9.2 11  0.0                           
061758061614100206ウインポプリ　　　　　　　　　　　　 46.9  9.1-10.0 -4.3 -4.6 15  0.0                           
061758070113104708ヒカリトップメモリ　　　　　　　　　  4.2  1.6  8.4  8.0  5.5 25 19.8                           
061758070213100435カシノアーニング　　　　　　　　　　 91.8 16.2-11.4 -1.7 -4.0 16  0.0                           
061758070314103459スリーミネルバ　　　　　　　　　　　119.0 20.8-10.0-17.7 -9.5 11  0.0                           
061758070414105483ダノンイーグル　　　　　　　　　　　 20.6  4.3 20.0  7.3  8.7 29  0.0  5                        
061758070512105606レンズフルパワー　　　　　　　　　　 27.4  5.4  1.9  6.5  3.0 23  0.0                           
061758070613100432イザ　　　　　　　　　　　　　　　　 11.9  2.8  9.4-10.4 -1.0 19  0.0                           
061758070714103354オウケンブライト　　　　　　　　　　192.3 33.3-11.4-16.9 -9.6 10  0.0  0                        
061758070812103844ジェットコルサ　　　　　　　　　　　 15.3  3.4 10.9 11.1  7.3 27  8.2                           
061758070914102420プリンセスライン　　　　　　　　　　117.5 20.6-11.4-20.0-10.8  9  0.0  0                        
061758071014102814アースヴィグラス　　　　　　　　　　 11.7  2.7-10.0  9.1  0.3 20  7.2                           
061758071113103705タイキマロン　　　　　　　　　　　　 33.4  6.5-10.0-12.7 -7.7 12  0.0                           
061758071212100798シャンパンサーベル　　　　　　　　　  7.3  2.1 12.4 23.9 12.5 32  6.8  2                        
061758071314101742シャインヴィットゥ　　　　　　　　　  2.7  1.3 12.0 20.0 10.9 31 12.8  2                        
061758071413102154ショークール　　　　　　　　　　　　 52.1  9.7-10.4 -5.6 -5.2 15  0.0                           
061758071514105784オンリートゥモロー　　　　　　　　　  6.5  1.9 10.0 10.9  7.0 27  8.9                           
061758071612101715セイウンオセアン　　　　　　　　　　 22.7  4.6-11.3 27.9  6.8 27  0.0                           
061758080115102980ペイシャルアス　　　　　　　　　　　  4.9  1.7 19.9 13.5 10.9 56  8.9                           
061758080215106125リュウノユキナ　　　　　　　　　　　  8.2  2.4 18.2 10.0  9.1 54  0.0                           
061758080315102841アイスフィヨルド　　　　　　　　　　  5.1  1.7 13.1 18.1 10.6 56 23.1                           
061758080415101498ジスモンダ　　　　　　　　　　　　　115.0 21.8-10.0-14.1 -8.2 37  0.0  0                        
061758080515106372アーヒラ　　　　　　　　　　　　　　 90.7 17.3-13.3-16.7-10.1 35  0.0                           
061758080615101772ニシノアスカ　　　　　　　　　　　　 28.4  6.0-10.0 -5.7 -5.1 40  0.0  0                        
061758080715103877パッセ　　　　　　　　　　　　　　　 51.4 10.4-10.4  5.7 -1.0 44  0.0                           
061758080815106447ソンタク　　　　　　　　　　　　　　 81.8 15.7-13.3-11.3 -8.1 37  0.0                           
061758080915105287リンシャンカイホウ　　　　　　　　　  8.4  2.5  8.9 16.0  8.5 54  0.0                           
061758081015105214メイケイダイハード　　　　　　　　　 21.9  4.8 -6.0-10.6 -5.7 39  0.0                           
061758081115101103トーセンエポナ　　　　　　　　　　　 78.3 15.0-10.0-11.2 -7.1 38 10.6                           
061758081215103140タイセイプライド　　　　　　　　　　  3.7  1.5 22.0 12.8 11.3 56 14.0                           
061758081315103875ビリーバー　　　　　　　　　　　　　 64.7 12.6 -9.1-10.4 -6.5 38  0.0                           
061758081415105231レグルドール　　　　　　　　　　　　 40.4  8.3-12.5 -8.3 -6.8 38  0.0                           
061758081515104815ラストプリマドンナ　　　　　　　　　  3.6  1.5 14.4 22.0 12.4 57 10.6  2                        
061758090114103268ジャッキー　　　　　　　　　　　　　 39.1  8.5-10.0 16.7  3.1 33  0.0                           
061758090213105945フェイズベロシティ　　　　　　　　　  7.2  2.3 10.5 12.1  7.6 38  0.0                           
061758090312106012タケルラムセス　　　　　　　　　　　 25.7  5.8 -9.1-13.2 -7.6 22  0.0                           
061758090413103589イチダイ　　　　　　　　　　　　　　  7.5  2.4  6.4 26.1 11.5 41  7.2                           
061758090512103962エニグマバリエート　　　　　　　　　 30.0  6.7-11.4 -9.3 -6.8 23  0.0                           
061758090614105756チャロネグロ　　　　　　　　　　　　  3.8  1.6 19.7  5.8  8.0 38 12.8                           
061758090713104215コスモジャーベ　　　　　　　　　　　 19.5  4.7  0.3  6.3  2.4 32  0.0                           
061758090811106405ギブアンドテイク　　　　　　　　　　 26.4  6.0 -6.9-14.8 -7.5 23  0.0                           
061758090911104713マイネルフレスコ　　　　　　　　　　 32.4  7.2-11.4-13.9 -8.5 21  0.0                           
061758091013101447ウインヴォラーレ　　　　　　　　　　  4.7  1.7 13.3 21.4 11.8 42 21.4                           
061758091113105988プライムセラー　　　　　　　　　　　 16.0  4.0  6.0  0.7  2.1 32  0.0  0                        
061758091212103708サブライムカイザー　　　　　　　　　 12.3  3.2  1.3-10.1 -3.3 27  0.0                           
061758091312104609ジャポニカーラ　　　　　　　　　　　 47.6 10.3 -6.6-15.8 -7.8 22  0.0  0                        
061758091413104277ステイブラビッシモ　　　　　　　　　  4.4  1.7 10.4  9.9  6.8 37 19.8 15                        
061758100109100509メイショウツレヅレ　　　　　　　　　  6.5  2.0 19.9  3.2  7.1 42  0.0                           
061758100211100363ドラゴンストリート　　　　　　　　　 23.1  5.0 -4.6 -7.6 -4.2 31  0.0                           
061758100311103097ヒカリブランデー　　　　　　　　　　  4.7  1.7 12.3 17.7 10.2 45 19.8                           
061758100412105737チェリーサマー　　　　　　　　　　　 60.7 11.6-10.0 -9.9 -6.6 28  0.0  0                        
061758100514100831ヤサシサ　　　　　　　　　　　　　　  8.6  2.5  9.9  4.2  4.5 40  9.6                           
061758100612104626モルジアナ　　　　　　　　　　　　　  2.9  1.4 15.0 17.7 11.0 46  7.5                           
061758100714100668ハングリーベン　　　　　　　　　　　 25.0  5.3 20.0  5.8  8.1 43  9.6                           
061758100812102978グラスエトワール　　　　　　　　　　 16.4  3.8-10.0 -2.1 -3.8 31  0.0  5                        
061758100911104833パイメイメイ　　　　　　　　　　　　 13.9  3.3 10.9 10.2  7.0 42  8.2                           
061758101013103993プレシャスエース　　　　　　　　　　 10.9  2.7-10.0 10.7  0.9 36  0.0                           
061758101113103901コパノリスボン　　　　　　　　　　　 31.1  6.4-12.5 -2.4 -4.6 30  0.0                           
061758101212106375ヨウライフク　　　　　　　　　　　　 90.6 17.0-12.5-10.1 -7.5 28  0.0                           
061758101312105337メイショウワダイコ　　　　　　　　　 13.1  3.1  7.5  2.7  3.2 38 15.4                           
061758101411103009デンコウウノ　　　　　　　　　　　　 34.0  7.0-12.5 -5.9 -5.9 29  0.0                           
061758101510102007ヒカリマサムネ　　　　　　　　　　　 35.7  7.3 -9.1-10.1 -6.4 29  0.0                           
061758101611104626ジャコカッテ　　　　　　　　　　　　 97.2 18.2-12.5-10.1 -7.5 28  0.0                           
061758110112102774ヤマカツエース　　　　　　　　　　　 21.0  4.2 -1.2  6.5  2.0 62  0.0                           
061758110212102013キタサンブラック　　　　　　　　　　  2.3  1.3 21.8 28.5 17.0 77 15.4                           
061758110312104105クイーンズリング　　　　　　　　　　 19.6  4.0 -5.2 24.0  7.2 67  0.0                           
061758110414106404ブレスジャーニー　　　　　　　　　　 69.6 11.9-11.7-14.4 -8.8 51  0.0  0                        
061758110512104733トーセンビクトリー　　　　　　　　　 83.2 14.1-11.2-14.6 -8.7 51  0.0                           
061758110614106038サトノクロニクル　　　　　　　　　　 23.0  4.5 -9.4 -7.0 -5.4 55  0.0  5                        
061758110713105880シャケトラ　　　　　　　　　　　　　 15.2  3.2  5.0 -7.6 -1.3 59  0.0                           
061758110813106183レインボーライン　　　　　　　　　　 22.4  4.4 -7.2  6.6  0.3 60  0.0                           
061758110911102151サクラアンプルール　　　　　　　　　 37.7  6.9-10.0 22.2  5.1 65 15.0                           
061758111012104759シュヴァルグラン　　　　　　　　　　  5.9  1.8 16.4 21.6 12.8 73 18.6  4                        
061758111112104669ルージュバック　　　　　　　　　　　 59.5 10.3 -9.5 -8.9 -6.1 54  0.0                           
061758111212104668サトノクラウン　　　　　　　　　　　 12.3  2.7 14.7 14.3  9.7 70 13.5                           
061758111312104870ミッキークイーン　　　　　　　　　　 15.9  3.4  6.2  9.5  5.3 65 17.4  5                        
061758111414106083スワーヴリチャード　　　　　　　　　  4.6  1.6 10.5 20.0 10.5 70 11.8  2                        
061758111508103192カレンミロティック　　　　　　　　　 38.7  7.1-11.2-14.9 -8.8 51  0.0  0                        
061758111611104377サウンズオブアース　　　　　　　　　 31.8  5.9 -8.9-11.6 -6.9 53  0.0                           
061758120112101355スペチアーレ　　　　　　　　　　　　 25.0  5.3  2.1-13.6 -4.4 26  0.0                           
061758120214106523ドゥモワゼル　　　　　　　　　　　　 22.1  4.8-10.0-15.1 -8.5 21  0.0                           
061758120314104912ショウナンマッシブ　　　　　　　　　 25.4  5.4-11.4-11.9 -7.8 22  0.0                           
061758120413103940フジノパンサー　　　　　　　　　　　  7.8  2.3 11.3 17.8  9.9 40  0.0                           
061758120514103389イノバティブ　　　　　　　　　　　　  8.3  2.4 12.5 20.4 11.2 41  6.8                           
061758120614103714ショウナンアエラ　　　　　　　　　　 40.0  8.2  6.0  6.1  4.0 34  0.0                           
061758120713105860ネバーリグレット　　　　　　　　　　 29.9  6.3 20.0 -4.7  4.3 34  0.0                           
061758120812103476ダイワプロパー　　　　　　　　　　　 30.0  6.3-11.4 -5.1 -5.3 25  0.0                           
061758120912105508タイキパラドックス　　　　　　　　　 75.7 14.5-11.4-14.8 -8.8 21  0.0                           
061758121012104712サフィロス　　　　　　　　　　　　　 20.4  4.6-10.0  3.9 -1.6 28 21.0                           
061758121112101504ブラックバード　　　　　　　　　　　 12.8  3.1  6.0 -4.9  0.0 30  0.0                           
061758121214102930ワールドフォーラブ　　　　　　　　　 14.7  3.5  7.5 -4.3  0.7 31  8.2                           
061758121314102625ダイメイフジ　　　　　　　　　　　　  3.0  1.5 20.2 14.8 11.5 41 12.8                           
061758121414102019コロラトゥーレ　　　　　　　　　　　  8.8  2.5 -2.9  3.8  0.5 31  7.2                           
061758121513103812ブロワ　　　　　　　　　　　　　　　 86.0 16.4-11.4-11.6 -7.7 22  0.0                           
061758121613101358アイファープリティ　　　　　　　　　  4.5  1.7 18.8  7.9  8.5 39 14.0                           
091758010115103592グログラン　　　　　　　　　　　　　 76.6 13.3-10.9-11.1 -7.3 -2  0.0                           
091758010215104490ピリカクル　　　　　　　　　　　　　  3.1  1.4 17.4 19.0 12.1 17 17.4                           
091758010315104638アイスフェアリー　　　　　　　　　　 27.1  5.2 -4.5-20.0 -7.7 -3  0.0                           
091758010415104415シャンデリアスピン　　　　　　　　　 18.3  3.8 -7.7-11.7 -6.3 -1  0.0                           
091758010515103564シーダークィーン　　　　　　　　　　 18.2  3.8  2.1  8.5  3.3  8  5.5                           
091758010615104547エトワールドパリ　　　　　　　　　　  7.7  2.1 13.6 10.3  8.1 13  6.9                           
091758010715101481キタノタマテバコ　　　　　　　　　　 33.3  6.3 -7.0-10.1 -5.6 -1 13.2                           
091758010815101552プリンセスビアンカ　　　　　　　　　 50.9  9.3-11.7-13.1 -8.2 -3  0.0                           
091758010915102039ビップベリンダ　　　　　　　　　　　  6.4  1.9  6.9 11.0  5.8 11 14.2                           
091758011015105009ケールダンセール　　　　　　　　　　  3.2  1.4 17.7 19.9 12.5 17  5.9                           
091758011115105170アスピシア　　　　　　　　　　　　　 14.8  3.2  4.6 -7.2 -0.5  5  0.0  0                        
091758011215102818メイショウカラタチ　　　　　　　　　 19.9  4.1 -6.6  4.4 -1.1  4  8.8                           
091758011315100868テイエムソレイユ　　　　　　　　　　 33.1  6.3-11.7-12.1 -7.9 -3  0.0  0                        
091758011415101543トーホウトリニティ　　　　　　　　　 30.8  5.9 -6.3-10.8 -5.6 -1 15.3                           
091758011515102288チャノカオリ　　　　　　　　　　　　 62.8 11.0-10.9-13.4 -8.0 -3  0.0                           
091758011615104709スズカクイーン　　　　　　　　　　　 39.8  7.4 -7.1-10.1 -5.6 -1  0.0                           
091758020115100162クーファエラン　　　　　　　　　　　 15.2  2.8  3.8 10.9  4.7 10  0.0                           
091758020215106032タニノビスケット　　　　　　　　　　 41.9  6.5 -6.9-10.2 -5.6 -1  0.0                           
091758020315105736アウトバーン　　　　　　　　　　　　 14.9  2.8 -1.9  5.4  0.9  6  7.8                           
091758020415106171アミスターミノル　　　　　　　　　　 22.3  3.8 -2.5-13.1 -4.8  0  0.0                           
091758020515100874ナンゴクユメネット　　　　　　　　　 97.8 13.8-10.9-15.5 -8.6 -4  0.0  0                        
091758020615103605ジューンナイト　　　　　　　　　　　 24.3  4.0 -7.1 11.6  0.9  6 18.9                           
091758020715103895エレスチャル　　　　　　　　　　　　 25.0  4.1 -0.5 -1.2 -0.5  4  0.0                           
091758020815100139メイショウヤシチ　　　　　　　　　　 18.8  3.3  0.1 -1.8 -0.5  4  5.8                           
091758020915105194リリアンローズ　　　　　　　　　　　 19.8  3.5  2.8  7.9  3.4  8  8.8                           
091758021015103407イエスアルノー　　　　　　　　　　　 80.4 11.5-10.9-15.5 -8.6 -4  0.0  0                        
091758021115100928カシャーサ　　　　　　　　　　　　　 18.4  3.3 -0.8  1.0  0.0  5  0.0                           
091758021215105681クインズカトレア　　　　　　　　　　  3.0  1.3 16.8 20.7 12.4 17 16.8  2                        
091758021315103427ウォーターリバース　　　　　　　　　 98.4 13.9-10.9-11.2 -7.4 -2  0.0                           
091758021415105485カープギャル　　　　　　　　　　　　 37.5  5.9-11.7 -1.8 -4.8  0  0.0                           
091758021515104690ベルフロレゾン　　　　　　　　　　　 15.8  2.9 -2.2  7.0  1.3  6  7.4                           
091758021615103106メイショウトラマツ　　　　　　　　　  2.3  1.2 18.7 26.2 14.7 20 17.4                           
091758030115102754ショウナンアンビル　　　　　　　　　 47.1  9.4-10.9-11.6 -7.5 -2 14.4                           
091758030215102471キムケンロード　　　　　　　　　　　  8.6  2.5 -1.4-10.4 -3.6  1  0.0                           
091758030315105492ティーサムライ　　　　　　　　　　　 43.3  8.7-11.7  8.0 -1.9  3  0.0                           
091758030415101556マイラティーシャ　　　　　　　　　　 30.7  6.3 -2.1 -8.5 -3.3  2  0.0                           
091758030515105174サトノガバナー　　　　　　　　　　　 38.8  7.8 -7.1-12.4 -6.3 -1  0.0                           
091758030615102869エイシンエレガンス　　　　　　　　　 13.1  3.1  3.8  6.2  3.3  8 13.3                           
091758030715102660モンファロン　　　　　　　　　　　　  6.7  2.1  7.0  7.0  4.7 10  5.9                           
091758030815100964ウィズ　　　　　　　　　　　　　　　  4.2  1.6  7.1 20.6  8.8 14 17.2                           
091758030915103824ハギノサムサラ　　　　　　　　　　　 99.2 18.5-10.9-13.9 -8.2 -3  0.0  0                        
091758031015104787オルボンディール　　　　　　　　　　 39.8  8.0 -7.7 11.9  0.7  6  0.0                           
091758031115106194センショウユウト　　　　　　　　　　 34.7  7.1 -1.3-14.1 -4.7  0  0.0                           
091758031215103056ヴィズアルメンテ　　　　　　　　　　 75.7 14.3-10.9-10.4 -7.1 -2  0.0                           
091758031315104283フレネシー　　　　　　　　　　　　　 24.9  5.3 -3.9-10.9 -4.7  0  0.0                           
091758031415104965マイティスピリット　　　　　　　　　  3.1  1.4 17.3 19.9 12.3 17 17.4                           
091758031515104380オメガプランタン　　　　　　　　　　  6.0  1.9  7.6  9.9  5.8 11 12.7                           
091758031615110076ケンデスティニー　　　　　　　　　　 27.0  5.7-10.9  9.4 -1.2  4  0.0                           
091758031715104219ヴィグランドアテナ　　　　　　　　　 65.9 12.5-10.9-10.4 -7.1 -2  0.0                           
091758031815105528カワチノシャモ　　　　　　　　　　　 70.7 13.4-11.7-10.2 -7.3 -2  0.0                           
091758040115101735ザファーストバイオ　　　　　　　　　 50.8  8.1-11.7-14.1 -8.5 -4  0.0                           
091758040215105277キンノイナズマ　　　　　　　　　　　 42.0  6.8-10.9-11.7 -7.5 -3  0.0                           
091758040315102499メラナイト　　　　　　　　　　　　　  3.6  1.4 16.6 18.3 11.6 17 16.8  2                        
091758040415106334サウンドガバーナ　　　　　　　　　　 77.7 11.8-11.7-10.2 -7.3 -2  0.0                           
091758040515101168メメディーン　　　　　　　　　　　　 52.4  8.4-10.9-15.5 -8.6 -4  0.0  0                        
091758040615102955クリノセザンヌ　　　　　　　　　　　 40.1  6.6 -2.5-11.7 -4.4  1 12.0                           
091758040715102193アローヘッドワン　　　　　　　　　　 14.5  2.8  5.3 13.0  5.8 11  5.1                           
091758040815104327アドベントサンデー　　　　　　　　　 17.0  3.2 -6.0 -9.2 -5.0  0  0.0                           
091758040915105309ヒルトップパレス　　　　　　　　　　 22.2  3.9 -2.0-11.0 -4.0  1  0.0                           
091758041015104209デクレアラー　　　　　　　　　　　　  8.3  2.1 12.0 22.4 11.1 16  7.8                           
091758041115103197キタサンヴィクター　　　　　　　　　 66.9 10.2-11.7  9.4 -1.5  4  0.0                           
091758041215106491テーオーフォース　　　　　　　　　　 97.6 14.6-11.7-11.2 -7.7 -3  0.0                           
091758041315103528プルンクザール　　　　　　　　　　　 10.9  2.3  3.4  6.0  3.0  8 13.7                           
091758041415102979エイコーン　　　　　　　　　　　　　 17.0  3.2 -4.5  3.2 -0.7  4  5.8                           
091758041515100230ウインラナキラ　　　　　　　　　　　 25.0  4.3  1.9-12.6 -3.1  2  9.3                           
091758041615104689アイスバブル　　　　　　　　　　　　  2.2  1.2 21.4 24.4 15.2 20 12.0  1  142   55              
091758050112106289ナンヨーアイリッド　　　　　　　　　 59.8 12.5 -9.7-10.3 -6.6 -7  0.0                           
091758050212100996レジェンドパワー　　　　　　　　　　  6.3  2.1  5.8 10.7  5.3  5  7.3                           
091758050313105036インテグリティー　　　　　　　　　　 34.3  7.7-11.7 -1.2 -4.7 -5  0.0                           
091758050414103476メイショウタカモリ　　　　　　　　　  8.5  2.6  4.5 17.5  6.9  7  5.5                           
091758050513100637ラヴアンドポップ　　　　　　　　　　 12.3  3.2 -5.1 -6.6 -3.8 -4  8.3                           
091758050613101974シゲルスズキ　　　　　　　　　　　　 42.4  9.3-11.7 -7.5 -6.5 -7  0.0                           
091758050712101321ユアーザワン　　　　　　　　　　　　 29.3  6.6  5.8 -6.8  0.1  0  0.0                           
091758050814101734ブライトインベガス　　　　　　　　　 73.5 15.2 -9.7-10.3 -6.6 -7  0.0                           
091758050914100443ディグアップセンス　　　　　　　　　 58.7 12.3 -9.7-10.3 -6.6 -7  0.0                           
091758051013105685メメニシコリ　　　　　　　　　　　　  5.4  1.9  7.2 26.1 10.5 10 20.5  2                        
091758051111101041スズカグランデ　　　　　　　　　　　 31.1  7.0 -7.0 -3.8 -3.7 -4 11.4                           
091758051212100617フィエルテ　　　　　　　　　　　　　  3.9  1.6 15.6  8.7  8.3  8 13.8                           
091758051313104743シゲルクロカジキ　　　　　　　　　　  4.5  1.7 15.6  6.2  7.6  8  5.9                           
091758051413105359アスターサムソン　　　　　　　　　　  5.6  2.0 16.6 12.1  9.7 10  8.4                           
091758060115103733エケトロス　　　　　　　　　　　　　 27.2  3.9-10.9 -7.0 -6.1 -6  0.0                           
091758060215104819シンハラージャ　　　　　　　　　　　  3.3  1.2 14.2 12.0  8.8  9 16.8                           
091758060315100019ワイズワン　　　　　　　　　　　　　 11.9  2.1  7.3  7.8  5.0  5  8.4                           
091758060415104909ダノンマジェスティ　　　　　　　　　  1.9  1.2 19.9 21.1 13.6 14 17.4                           
091758060515106198タンバコージン　　　　　　　　　　　 47.4  6.3 -9.2-11.9 -6.9 -7  0.0                           
091758060615103520ロイジービヴ　　　　　　　　　　　　 22.7  3.4 -6.3 11.7  1.2  1  0.0                           
091758060715100861グッジョブハニー　　　　　　　　　　 24.2  3.6-10.9 -4.0 -5.2 -5  0.0                           
091758060815103138サンティーニ　　　　　　　　　　　　  4.6  1.3 14.8 14.0  9.6 10 20.5                           
091758060915104290ボルティモア　　　　　　　　　　　　 16.6  2.7 10.2-12.6  0.0  0  5.1                           
091758070114106130バレーロ　　　　　　　　　　　　　　  2.7  1.3 18.0 18.1 12.0 32 17.4                           
091758070214100782カムカム　　　　　　　　　　　　　　 24.0  4.4 -3.7-13.2 -5.3 15  0.0                           
091758070314100844ヨドノベスト　　　　　　　　　　　　 49.2  8.3-10.9-10.3 -7.1 13  0.0                           
091758070414105779キスミーワンス　　　　　　　　　　　 16.5  3.3  0.3  6.6  2.1 22 10.8                           
091758070514100905イイデファイナル　　　　　　　　　　  8.8  2.2  0.3 20.7  6.3 26  0.0                           
091758070614105057マイアフェクション　　　　　　　　　 56.3  9.1-10.9-14.5 -8.3 12  0.0                           
091758070714102689ブライトメジャー　　　　　　　　　　 75.6 12.0-10.9-10.1 -7.0 13  0.0                           
091758070814103915トップラン　　　　　　　　　　　　　 15.9  3.2  2.8-10.8 -2.2 18 22.4                           
091758070914106101ハムレット　　　　　　　　　　　　　 36.1  6.3 -8.2 10.3  0.1 20  7.5                           
091758071014100501タガノリアン　　　　　　　　　　　　 29.9  5.3-10.9-12.5 -7.7 12  0.0                           
091758071114100793キングディグニティ　　　　　　　　　 16.3  3.2  0.6  0.9  0.5 20  0.0  0                        
091758071213103189シアワセデス　　　　　　　　　　　　 21.5  4.0 -3.3  7.9  1.2 21 11.4                           
091758071313106186スーセントマリー　　　　　　　　　　 15.6  3.1  1.2 10.8  3.7 24  0.0  5                        
091758071412101499マッカナバラ　　　　　　　　　　　　 86.8 13.7-11.7-13.1 -8.2 12  0.0                           
091758071514102249ララベスラーナ　　　　　　　　　　　  3.1  1.4 18.7 18.4 12.4 32 11.8                           
091758071613100704エスペランサリュウ　　　　　　　　　 15.2  3.1  8.1  4.4  4.3 24  4.8                           
091758080114104332ホーリーブレイズ　　　　　　　　　　  6.6  1.9  6.3 22.7  9.1 39  6.9                           
091758080212102824エンパイアブルー　　　　　　　　　　  2.3  1.2 13.4 19.2 10.7 41 17.4                           
091758080314109151テイエムチューハイ　　　　　　　　　  5.7  1.7  4.2 13.4  5.6 36 11.8                           
091758080414105275マンハッタンロック　　　　　　　　　  7.1  2.0 16.2 16.7 10.9 41  7.4                           
091758080514103520ミキノトランペット　　　　　　　　　 12.3  2.7  4.2 11.3  4.9 35 15.1                           
091758080614106058ラボーナ　　　　　　　　　　　　　　  4.9  1.6 11.6 18.0  9.7 40 17.2                           
091758080713101779ヤマニンシルフ　　　　　　　　　　　 39.8  7.2-10.9-10.7 -7.2 23  0.0                           
091758080811101045スズカヴァンガード　　　　　　　　　 18.3  3.7  5.8 -1.1  1.8 32  0.0                           
091758080912103296ニホンピロサンダー　　　　　　　　　 34.2  6.3-11.6-10.4 -7.4 23  0.0                           
091758081013102021ルドルフィーナ　　　　　　　　　　　 16.4  3.4 -3.7  2.7 -0.5 29  0.0                           
091758090115104713アドマイヤアルバ　　　　　　　　　　  2.0  1.2 19.6 22.3 13.9 34 17.4                           
091758090215102849スーサンドン　　　　　　　　　　　　 19.1  3.3 -5.8-12.1 -5.8 14  0.0  0                        
091758090315103366ミッキーマインド　　　　　　　　　　  6.6  1.7 12.8 10.5  7.8 28 20.1                           
091758090415102942キボウノダイチ　　　　　　　　　　　 14.9  2.8  1.7 10.3  3.7 24  0.0                           
091758090515105202ニシノベースマン　　　　　　　　　　 30.1  4.8 -3.7-10.4 -4.5 16  0.0                           
091758090615103930バイオレントブロー　　　　　　　　　  5.9  1.6  9.8  9.3  6.4 26 10.8  5                        
091758090715105040サンラモンバレー　　　　　　　　　　  3.7  1.3 18.4 23.6 13.8 34 16.8  2                        
091758090815101075ナムラアッパレ　　　　　　　　　　　 20.1  3.5 -2.9 -6.5 -3.0 17  0.0                           
091758090915100501タガノタイト　　　　　　　　　　　　 14.6  2.7 -4.5  4.8 -0.2 20  9.0                           
091758100114106447アドマイヤジョラス　　　　　　　　　  4.6  1.5 14.6 21.6 11.8 42 15.0                           
091758100212102604コスモボアソルテ　　　　　　　　　　 28.6  4.6 -9.7-10.3 -6.6 23  0.0                           
091758100313104849ガンコ　　　　　　　　　　　　　　　 32.4  5.1-10.9-10.3 -7.1 23 12.0                           
091758100411102894ビップレボルシオン　　　　　　　　　 15.7  2.9  8.0  8.5  5.5 35  0.0                           
091758100514105923サトノリュウガ　　　　　　　　　　　  6.3  1.7 11.6 16.0  9.1 39 13.7  2                        
091758100613105870ラヴィエベール　　　　　　　　　　　  1.8  1.2 19.3 24.7 14.5 44 17.4                           
091758100711103629ダイシンロイ　　　　　　　　　　　　 32.2  5.1-11.7-10.1 -7.3 23  0.0                           
091758100812103532マイネルレオーネ　　　　　　　　　　 14.1  2.6  3.9  8.5  4.0 34  0.0                           
091758100908102492ダブルイーグル　　　　　　　　　　　 24.1  4.0-11.7 -7.4 -6.5 23  0.0                           
091758101014104329メイショウカミシマ　　　　　　　　　  6.2  1.6 15.0 17.4 10.7 41 18.6                           
091758110114104922クリノヤマトノオー　　　　　　　　　  3.9  1.4  7.0  9.0  5.3 40 11.8 1                         
091758110210200007サンマルホーム　　　　　　　　　　　 48.2  7.2-11.7-10.7 -7.5 27  0.0                           
091758110312104799ブライトエンブレム　　　　　　　　　 28.4  4.5 -9.7 -2.7 -4.4 31  0.0                           
091758110412104549カレンラストショー　　　　　　　　　 11.7  2.3  8.4  7.9  5.4 40  6.3                           
091758110511101337コウエイワンマン　　　　　　　　　　 14.0  2.6  4.2  8.8  4.2 39  9.6                           
091758110614106010ダンビュライト　　　　　　　　　　　  1.9  1.2 20.9 18.9 13.3 48 10.8                           
091758110713105646マウントゴールド　　　　　　　　　　  5.4  1.5 14.6 18.0 10.8 46 18.6  3                        
091758110814101095ロードアルバータ　　　　　　　　　　  7.7  1.9 10.4 11.9  7.4 42 20.1                           
091758110912100740マイネルネーベル　　　　　　　　　　 35.6  5.5 -3.7  8.0  1.0 36  0.0                           
091758111010101767エリモジパング　　　　　　　　　　　 33.2  5.2 -9.7-10.3 -6.6 28  0.0                           
091758120113101442ウインムート　　　　　　　　　　　　 20.9  4.6 -4.5  5.1 -0.1 45  0.0                           
091758120213104699コウエイエンブレム　　　　　　　　　  3.0  1.4 17.7 21.4 12.9 58 17.4C                          
091758120311104293ピークトラム　　　　　　　　　　　　 33.7  6.8 -7.0-10.2 -5.6 39 13.2                           
091758120413100358サトノファンタシー　　　　　　　　　 22.2  4.7 -8.6  5.1 -1.6 43  6.2  0                        
091758120507100828キョウエイアシュラ　　　　　　　　　118.6 21.8-10.9-15.6 -8.7 36  0.0                           
091758120612103379ラインシュナイダー　　　　　　　　　  6.5  2.0 11.5 17.2  9.4 54 12.7                           
091758120712106103ブラゾンドゥリス　　　　　　　　　　 26.2  5.5 -9.7 -0.4 -3.7 41  8.4                           
091758120812102649キタサンサジン　　　　　　　　　　　 33.4  6.8-10.9  9.7 -1.1 44  0.0                           
091758120913104893プレスティージオ　　　　　　　　　　 24.1  5.1-10.9  7.1 -1.9 43  0.0                           
091758121010104134フルーキー　　　　　　　　　　　　　 38.0  7.6-10.3-14.4 -8.1 37  0.0                           
091758121112105839キャプテンシップ　　　　　　　　　　 46.0  9.1-10.9-10.4 -7.1 38  0.0                           
091758121213105808レッドゲルニカ　　　　　　　　　　　  7.5  2.2  5.8 14.1  6.4 51  7.4                           
091758121310100675ノウレッジ　　　　　　　　　　　　　106.8 19.7 -9.7-10.3 -6.6 38  0.0                           
091758121412104076アキトクレッセント　　　　　　　　　  7.2  2.2 12.1 13.3  8.4 53  6.9                           
091758121511104855サウススターマン　　　　　　　　　　  4.2  1.6 15.3 16.9 10.7 56 11.3                           
091758121613102037ドライヴナイト　　　　　　　　　　　 16.2  3.7  1.7 -8.5 -1.9 43  0.0                           
