041736010115103385アプローズ　　　　　　　　　　　　　  5.6  1.7 16.3 17.1 11.2 16 16.5                           
041736010215101556マイラティーシャ　　　　　　　　　　 12.5  2.7  8.0  7.8  5.3 10  0.0                           
041736010315103585ホッコータピタン　　　　　　　　　　 21.7  4.1  4.2  4.5  2.9  8  0.0                           
041736010415101693リネンゴール　　　　　　　　　　　　 51.6  8.9-10.8-10.8 -7.2 -2  0.0                           
041736010515102803ナムララズベリー　　　　　　　　　　 52.7  9.1-11.3 -2.0 -4.1  1  0.0                           
041736010615109123キリシマアスカ　　　　　　　　　　　 28.3  5.2-10.0 -2.0 -3.7  1  0.0                           
041736010715106300ビジョナデシコ　　　　　　　　　　　 58.0  9.7-10.0-18.3 -9.7 -5  0.0  0                        
041736010815104953サンドクイーン　　　　　　　　　　　  3.1  1.3 11.6 13.3  8.4 13  6.9                           
041736010915109043クリノモンロー　　　　　　　　　　　139.1 22.2-11.3 -2.8 -4.4  1  0.0                           
041736011015105764ゴールデンパレス　　　　　　　　　　 95.0 15.4-11.3-10.8 -7.3 -2  0.0                           
041736011115103434ラブチャンス　　　　　　　　　　　　 23.1  4.3-10.0 -4.2 -4.5  0  0.0                           
041736011215101047アーチャーズリング　　　　　　　　　 58.6  9.7-10.0 -9.0 -6.3 -1  0.0                           
041736011315103649ストレイシープ　　　　　　　　　　　  2.8  1.3 20.0  2.5  6.9 12 13.0                           
041736011415101239マリノディアナ　　　　　　　　　　　  5.2  1.6 12.5  9.0  7.1 12  7.9                           
041736011515102607ラブリートーク　　　　　　　　　　　 74.7 12.3-10.0 -4.2 -4.5  0  0.0                           
041736020115103080エルモアレッタ　　　　　　　　　　　 13.9  3.2  6.0  2.6  2.8  8  0.0                           
041736020215103844アールビット　　　　　　　　　　　　 14.8  3.3-10.0  4.3 -1.4  4  0.0                           
041736020315102524スロットマシーン　　　　　　　　　　 95.7 17.1-10.0-10.0 -6.7 -2  0.0                           
041736020415100329リードボーカル　　　　　　　　　　　 40.9  7.9-10.0-16.0 -8.9 -4  0.0  0                        
041736020515103154ロードゲイル　　　　　　　　　　　　 34.2  6.7-11.3  3.8 -2.0  3  0.0                           
041736020615101948サノノタテヤマ　　　　　　　　　　　  3.9  1.5  1.3 13.0  5.2 10 15.3                           
041736020715101746ラングドック　　　　　　　　　　　　 19.8  4.2  6.0 -4.2  0.3  5  0.0                           
041736020815101687モアイ　　　　　　　　　　　　　　　  3.0  1.3 12.8 15.1  9.4 14 13.0                           
041736020915100237ビビッドプルメージ　　　　　　　　　 16.1  3.6 14.0  8.0  7.1 12  9.2                           
041736021015106435デンコウメジャー　　　　　　　　　　 45.9  8.8-10.8-10.8 -7.2 -2  0.0                           
041736021115106345クリムズンフラッグ　　　　　　　　　  3.7  1.4 13.5 13.5  9.0 14  7.3                           
041736021215100407マサノカバーガール　　　　　　　　　 26.8  5.4-11.3-10.0 -7.1 -2  0.0                           
041736021315103445アテンコール　　　　　　　　　　　　 24.6  5.0  6.8  0.0  2.0  7  0.0                           
041736021415106514モンプランス　　　　　　　　　　　　 24.1  4.9  3.8 -4.2 -0.4  5  0.0                           
041736021515103587メイショウタフマン　　　　　　　　　 33.1  6.5-10.8-10.8 -7.2 -2  0.0                           
041736030112103508ウイングアクティブ　　　　　　　　　 46.5  8.6-10.8-10.8 -7.2 13  0.0                           
041736030213101650レオイノセント　　　　　　　　　　　 14.8  3.2  6.0  9.4  5.2 25  0.0                           
041736030313100918サノノカガヤキ　　　　　　　　　　　 35.2  6.6-10.0 -6.3 -5.3 15  0.0                           
041736030414100078ケイティクエスト　　　　　　　　　　 24.6  4.8-10.0 -8.8 -6.2 14  0.0                           
041736030513106365ミスターウインディ　　　　　　　　　 13.7  3.0 -1.7 -1.4 -1.0 19  0.0                           
041736030614103588ロザンジェ　　　　　　　　　　　　　 33.0  6.3-10.0 -4.9 -4.8 15  0.0                           
041736030712101265コティニャック　　　　　　　　　　　  3.2  1.3 20.0 19.5 13.1 33 13.0                           
041736030813100753タイセイブラスト　　　　　　　　　　 29.1  5.6-11.3-13.4 -8.3 12  0.0  0                        
041736030914105971ユノディエール　　　　　　　　　　　 11.9  2.7 11.1  9.5  6.8 27  0.0                           
041736031013104027グランセノーテ　　　　　　　　　　　  3.6  1.4 14.9 17.2 10.8 31 15.3                           
041736031114109007クリノヴィクトリア　　　　　　　　　  3.2  1.3  4.4 13.3  6.2 26 14.2                           
041736031211103430オンワードハンター　　　　　　　　　 16.8  3.6  4.2  4.5  2.9 23  0.0                           
041736040113105767シャインレッド　　　　　　　　　　　 12.3  2.9-11.3 -2.0 -4.1 -4  0.0                           
041736040214100704コスモストレンジ　　　　　　　　　　  6.9  2.0  9.0 26.7 12.5 12  0.0  1  176   54              
041736040311100416クロフネフリート　　　　　　　　　　 21.8  4.5 -1.3-10.0 -4.1 -4  0.0                           
041736040414101202ポイントオブエイム　　　　　　　　　 55.5 10.2-11.3-11.2 -7.5 -7  0.0                           
041736040513104738ニホンピロボーラー　　　　　　　　　  2.6  1.3 21.7 18.0 13.1 13 13.0                           
041736040612103680トラキアンコード　　　　　　　　　　 31.5  6.2-11.3 12.0  1.0  1  0.0                           
041736040713104365シゲルロウニンアジ　　　　　　　　　 17.5  3.8  8.0  7.8  5.3  5  9.8                           
041736040813105133ガルガンチュア　　　　　　　　　　　  4.6  1.6  9.0 24.6 11.7 12  7.3                           
041736040913105036インテグリティー　　　　　　　　　　 25.8  5.2  5.5-16.6 -4.4 -4  0.0  0                        
041736041011105321サンライズホーム　　　　　　　　　　 12.8  3.0  3.7  3.4  2.4  2  9.2                           
041736041114101734ブライトインベガス　　　　　　　　　 72.8 13.2-10.0 -6.8 -5.5 -5  0.0                           
041736041214104023シゲルボスザル　　　　　　　　　　　  4.9  1.6  8.0 15.1  7.9  8  7.9                           
041736041312103648ダンガンコゾウ　　　　　　　　　　　 51.0  9.7-10.0-10.0 -6.7 -7  0.0                           
041736041414105068レディーフランソワ　　　　　　　　　 68.1 12.3 -5.0-13.5 -6.4 -6  0.0                           
041736050115104062ヴァイザッハ　　　　　　　　　　　　 21.6  5.0  0.4 -1.7 -0.5 -1 10.9                           
041736050215104534スパイスマジック　　　　　　　　　　 11.5  3.0  1.0 -4.9 -1.5 -1  0.0                           
041736050315103386キングバゴスター　　　　　　　　　　 13.7  3.4  0.4  1.2  0.6  1  0.0                           
041736050415104733カラドゥラ　　　　　　　　　　　　　 22.5  5.1  2.5  6.8  3.2  3  0.0                           
041736050515102732ディアベリンダ　　　　　　　　　　　 41.3  8.9-10.0 -4.9 -4.8 -5  0.0                           
041736050615104622スペイシー　　　　　　　　　　　　　  7.6  2.4  5.5 13.5  6.6  7  8.1  3                        
041736050715106212ダーリング　　　　　　　　　　　　　 47.0 10.0 -5.0-10.8 -5.5 -5  0.0                           
041736050815102956ホーカスポーカス　　　　　　　　　　 13.9  3.5  5.0  7.1  4.1  4  0.0                           
041736050915102746クリノカナロアオー　　　　　　　　　 23.5  5.3-10.0 -2.0 -3.7 -4  0.0                           
041736051015105986ノーブルアース　　　　　　　　　　　 11.4  3.0  2.2  9.7  4.2  4 17.7  2                        
041736051115104681ゴールドパッキャオ　　　　　　　　　  3.8  1.6  1.3  8.0  3.3  3  6.7                           
041736051215101081ヴォーグショコラ　　　　　　　　　　  5.2  1.8 19.4 12.6 10.4 10  7.9                           
041736051315103233マディソンスクエア　　　　　　　　　  4.3  1.7 15.9 16.1 10.7 11  0.0                           
041736051415105579テイエムホマレボシ　　　　　　　　　 47.7 10.2-10.8-14.9 -8.7 -9  0.0  0                        
041736060114100088オーサムクイーン　　　　　　　　　　 32.1  6.3-11.3 -2.0 -4.1 16  0.0                           
041736060214105075セローフォース　　　　　　　　　　　  7.4  2.1 13.0 13.2  8.7 29  0.0                           
041736060314102505テイルバック　　　　　　　　　　　　 45.6  8.7 -2.8 -3.5 -2.1 18  0.0                           
041736060413101496ブレイジングサン　　　　　　　　　　  5.8  1.8-10.0 22.9  5.4 25 15.3                           
041736060513100685トウケイフクキタル　　　　　　　　　 63.7 11.6 -7.0 -7.5 -4.8 15  0.0                           
041736060614104226ロードコメット　　　　　　　　　　　 12.7  2.9 -1.3  5.5  1.6 22  0.0                           
041736060714103134エイシンブリッツ　　　　　　　　　　 25.6  5.2 -2.9 -5.0 -2.7 17  0.0                           
041736060814103729オモイサイフ　　　　　　　　　　　　 25.4  5.1-10.8-10.8 -7.2 13  0.0                           
041736060913104429ギンゴー　　　　　　　　　　　　　　 35.5  6.9-10.0-20.0-10.3 10  0.0                           
041736061013103760サイモンゼーレ　　　　　　　　　　　  2.8  1.4 14.1 17.2 10.5 31 13.0                           
041736061112102883パパラヴズマンボ　　　　　　　　　　 31.2  6.1-10.0-15.1 -8.5 11  0.0                           
041736061214100798オーミシューマン　　　　　　　　　　 10.8  2.6  9.5  6.5  5.2 25  8.6                           
041736061314104261シュエットヌーベル　　　　　　　　　 45.8  8.7-10.0-16.9 -9.2 11  0.0                           
041736061414104970ヴィーグリーズ　　　　　　　　　　　 27.6  5.5-11.3-14.7 -8.8 11  0.0  0                        
041736061512102675グランアラミス　　　　　　　　　　　  4.2  1.6 15.0 17.5 10.9 31  7.3                           
041736070114104192オールウェイズゼア　　　　　　　　　  5.1  1.6 13.8  8.0  7.1 27 15.3                           
041736070213104058スリーベアハート　　　　　　　　　　 44.4  7.6-10.8-10.8 -7.2 13  0.0                           
041736070312102816デストリーライズ　　　　　　　　　　 16.2  3.2 -3.3-10.9 -5.0 15  9.2                           
041736070413106010カンタオール　　　　　　　　　　　　 11.9  2.5  6.0  6.3  4.1 24  0.0                           
041736070514103603サンライズカラマ　　　　　　　　　　 19.7  3.8-10.8-10.8 -7.2 13  0.0                           
041736070613104138メイショウダッサイ　　　　　　　　　 20.7  4.0  0.4 -5.0 -1.7 18  0.0                           
041736070714104646エールブリリアンツ　　　　　　　　　 23.5  4.3-10.8 -4.7 -5.0 15  0.0                           
041736070814103291スズカフリオーソ　　　　　　　　　　  3.8  1.4 19.8 16.3 11.9 32 14.2                           
041736070913104647モンサンアルナイル　　　　　　　　　 11.6  2.5 12.0  8.8  6.8 27  0.0                           
041736071013100491カブキモノ　　　　　　　　　　　　　  2.4  1.2 16.7 24.0 13.8 34  6.7                           
041736071114104321ジャストヒーロー　　　　　　　　　　 16.4  3.3-10.0  5.4 -1.0 19  0.0                           
041736080114101889アルミューテン　　　　　　　　　　　  8.9  2.6-10.0  4.9 -1.2 19  0.0                           
041736080213104881スナークスカイ　　　　　　　　　　　 17.0  3.9  1.2 -5.5 -1.7 18  0.0                           
041736080313101575カネトシブレス　　　　　　　　　　　 15.6  3.7  3.5  2.0  1.8 22  9.2                           
041736080413100390ダノングランツ　　　　　　　　　　　 17.7  4.1-10.8-10.8 -7.2 13  0.0                           
041736080513100195ホッコーモモタン　　　　　　　　　　 34.4  7.2-11.3-10.0 -7.1 13  0.0                           
041736080614100238ウインペイザージュ　　　　　　　　　 34.6  7.2  1.8 -5.0 -1.3 19  0.0                           
041736080714101589ブライティアサイト　　　　　　　　　 38.9  8.1-11.3-11.2 -7.5 13  0.0                           
041736080811104693ファーストオーサー　　　　　　　　　 47.6  9.7  3.3-18.7 -5.9 14  0.0  0                        
041736080914104022ディープウォーリア　　　　　　　　　  2.8  1.4 17.9 18.2 12.0 32 13.0                           
041736081012101961クリノスーアンコー　　　　　　　　　 11.2  2.8 11.9 11.2  7.7 28  0.0                           
041736081112104943プレシャスロード　　　　　　　　　　 32.4  6.8 -4.7  2.9 -0.3 20  0.0                           
041736081214101019ランニングマン　　　　　　　　　　　 84.8 16.4-10.0-12.5 -7.6 12  0.0                           
041736081314102185ジョイフル　　　　　　　　　　　　　  5.4  1.9 15.0 15.0 10.0 30 14.2                           
041736081412103064アルパーシャン　　　　　　　　　　　 20.9  4.7  4.2  0.2  1.3 21  0.0                           
041736081512101890フェアラフィネ　　　　　　　　　　　 23.3  5.1-10.8-10.8 -7.2 13  0.0                           
041736081612105406スズカファイン　　　　　　　　　　　 35.8  7.5 -5.5-10.8 -5.6 14  0.0                           
041736081711102602サウンドカール　　　　　　　　　　　118.6 22.6-10.8-10.8 -7.2 13  0.0                           
041736081814105841ダークプリンセス　　　　　　　　　　  6.9  2.2 12.0  4.4  5.2 25  7.9                           
041736090113100224クラウンヴォルカン　　　　　　　　　 14.0  3.3  0.6  6.0  2.4 22  0.0                           
041736090210105167ボストンビリーヴ　　　　　　　　　　 35.4  7.2-10.8-10.8 -7.2 13  0.0                           
041736090311101837サンレイレッカー　　　　　　　　　　 20.7  4.5  1.8  1.2  1.0 21  0.0                           
041736090414100627アースオブフェイム　　　　　　　　　 68.1 12.8-11.3-14.4 -8.7 11  0.0  0                        
041736090514105123プティトシャンティ　　　　　　　　　 16.7  3.8 -2.0  8.1  2.4 22  0.0                           
041736090613103416ビバラビダ　　　　　　　　　　　　　 42.3  8.4     -12.5 -4.6 15  0.0                           
041736090712100609アミーキティア　　　　　　　　　　　 10.8  2.7 12.3 -2.2  2.9 23  0.0                           
041736090812101643イサチルホープ　　　　　　　　　　　  2.7  1.4 21.7 16.1 12.4 32 13.0                           
041736090912102753ブレーヴブラッド　　　　　　　　　　 36.5  7.4-10.8-10.8 -7.2 13  0.0                           
041736091014100160カワキタエビデンス　　　　　　　　　 39.2  7.9 -7.0 -7.5 -4.8 15 12.6                           
041736091114102073タマモサザンクロス　　　　　　　　　  5.0  1.7 16.3 11.0  8.9 29  7.3                           
041736091214110094グリターテソーロ　　　　　　　　　　 11.4  2.8  7.5  6.0  4.4 24  0.0                           
041736091312110080アヴェーヌモン　　　　　　　　　　　 11.6  2.8  3.5 -3.5 -0.2 20  9.2                           
041736091413110041ワンダーウノ　　　　　　　　　　　　 46.4  9.2-10.0-20.0-10.3 10  0.0                           
041736091513109028タイガーヴォーグ　　　　　　　　　　  5.6  1.8 13.8  6.8  6.6 27  7.9  5                        
041736100113105131ラブリーアモン　　　　　　　　　　　  2.4  1.3 16.9 15.0 10.6 31 13.0                           
041736100212102188フォーワンタイキ　　　　　　　　　　 63.5 11.0-11.3-10.0 -7.1 13  0.0                           
041736100313110124サバンナロード　　　　　　　　　　　 33.6  6.3-11.3 -2.0 -4.1 16 11.5                           
041736100413105489レッドアルカナ　　　　　　　　　　　  7.3  2.0 10.0  3.0  4.1 24  0.0                           
041736100514105860モレッキ　　　　　　　　　　　　　　  4.4  1.6 17.5 14.5 10.6 31  7.3                           
041736100613105810ローズクランス　　　　　　　　　　　  7.8  2.1 15.5  6.4  7.0 27  0.0                           
041736100714103795ワンダープチュック　　　　　　　　　  6.8  2.0  9.9  3.6  4.3 24 16.5                           
041736100812102287ダブルフラワー　　　　　　　　　　　 30.4  5.7  6.0 -4.3  0.2 20  0.0  0                        
041736100914104445エスケークラウン　　　　　　　　　　 18.8  3.9 -5.5-10.8 -5.6 14  0.0                           
041736101014106056スピリットソウル　　　　　　　　　　 24.5  4.8 -5.5-10.8 -5.6 14  0.0                           
041736101113103573オブリゲーション　　　　　　　　　　  6.7  1.9  6.5  6.5  4.3 24  0.0                           
041736110112100600ジャストドゥイング　　　　　　　　　 50.8 10.7-10.8-10.8 -7.2 38 13.2                           
041736110209103431ゴーイングパワー　　　　　　　　　　 66.6 13.4     -10.8 -4.0 41  0.0                           
041736110311101698ウエスタンユーノー　　　　　　　　　 36.1  7.8-10.0  5.5 -1.0 44  0.0                           
041736110412102404エリーティアラ　　　　　　　　　　　118.7 23.4-11.3-20.0-10.7 34  0.0                           
041736110511102579ラインスピリット　　　　　　　　　　 16.2  3.9  8.7 10.2  6.3 51  0.0                           
041736110609103816カジキ　　　　　　　　　　　　　　　 56.2 11.4-10.8-10.8 -7.2 38  0.0                           
041736110713105736ナックビーナス　　　　　　　　　　　  4.1  1.6  2.5  5.9  2.9 48  6.9                           
041736110813105631レッドラウダ　　　　　　　　　　　　 11.2  2.9      -2.4 -0.9 44  0.0  5                        
041736110910109140シンボリディスコ　　　　　　　　　　 31.5  6.8-10.0 -7.6 -5.8 39  0.0  0                        
041736111011105260ベルモントラハイナ　　　　　　　　　119.6 23.5     -14.4 -5.3 40  0.0  0                        
041736111110106163ブライトチェリー　　　　　　　　　　 33.5  7.2-10.0-13.4 -7.9 37  0.0  0                        
041736111211101727イオラニ　　　　　　　　　　　　　　 34.3  7.4-10.0 13.4  1.9 47  0.0                           
041736111312104128アルティマブラッド　　　　　　　　　 11.8  3.0 -1.1 -7.0 -2.9 42  0.0  0                        
041736111412103486アクティブミノル　　　　　　　　　　  3.7  1.5 14.1 25.4 13.5 59  6.7  1  138   71              
041736111510100707プレイズエターナル　　　　　　　　　 10.7  2.8  0.6 -5.5 -1.8 43  8.1                           
041736111611101774アペルトゥーラ　　　　　　　　　　　  4.7  1.7 17.5  6.0  7.4 52  7.9                           
041736111712102852アースエンジェル　　　　　　　　　　 12.5  3.2-10.0  3.3 -1.8 43 10.3                           
041736111814100691ソレイユフルール　　　　　　　　　　100.7 19.9      -4.2 -1.5 43  0.0                           
041736120113105666ピュアコンチェルト　　　　　　　　　  3.0  1.4 20.0 19.8 13.3 33  6.7                           
041736120214105350ルエヴェルロール　　　　　　　　　　  7.7  2.2  8.5  0.6  2.8 23  8.1                           
041736120314105804カリンバ　　　　　　　　　　　　　　 19.3  4.0-11.3  5.5 -1.4 19  0.0                           
041736120413104051ヤマカツサファイヤ　　　　　　　　　 19.3  4.0 -5.0 -4.7 -3.2 17  0.0                           
041736120513106059クラシックリディア　　　　　　　　　 35.2  6.7 -7.0 -7.5 -4.8 15  0.0                           
041736120613105044ベストティアラ　　　　　　　　　　　 98.3 17.1-10.8-10.8 -7.2 13  0.0                           
041736120714100718パフォーム　　　　　　　　　　　　　 19.7  4.1 15.5 10.6  8.5 29 11.5                           
041736120814102743ベストティアーズ　　　　　　　　　　 16.3  3.5-10.0  0.0 -3.0 17  0.0                           
041736120914102204スリーランディア　　　　　　　　　　  6.3  1.9 10.2  1.7  3.7 24  0.0                           
041736121014105047ディープアドラーレ　　　　　　　　　 58.7 10.5-10.8-10.8 -7.2 13  0.0                           
041736121113104885シトロン　　　　　　　　　　　　　　151.1 25.9-10.0-20.0-10.3 10  0.0  0                        
041736121213105305アルスフェルト　　　　　　　　　　　 38.3  7.2-10.0  4.5 -1.4 19  0.0                           
041736121313103749アルケミスト　　　　　　　　　　　　 21.7  4.4 -5.5-10.8 -5.6 14  0.0                           
041736121414106280ディメンシオン　　　　　　　　　　　  3.5  1.5 17.9 26.5 15.1 35 14.2  1  221   62              
041736121512104168オメガハートソング　　　　　　　　　 18.0  3.8  6.5  2.2  2.8 23  9.2                           
041736121614104738カウントオンイット　　　　　　　　　 31.1  6.0  3.2 12.7  5.6 26  0.0  5                        
051749010115100681アサヒキリ　　　　　　　　　　　　　 20.5  3.9 -1.3  5.7  1.7  7  0.0                           
051749010215102459グラスルーナ　　　　　　　　　　　　  4.4  1.5 22.5 13.6 11.7 17 19.8                           
051749010315103674ジャストアキッス　　　　　　　　　　 17.8  3.5  0.3  5.4  2.1  7  7.7                           
051749010415103468ファインドザウェイ　　　　　　　　　 32.4  5.7 -9.1-12.2 -7.2 -2  0.0                           
051749010515102629ビレッジキング　　　　　　　　　　　 16.4  3.3  3.2  8.7  4.2  9  0.0                           
051749010615100843タケルデューク　　　　　　　　　　　  7.6  2.0  3.2 10.2  4.7 10  0.0  5                        
051749010715105243サンシャイアン　　　　　　　　　　　 58.2  9.5-13.5 -9.0 -7.3 -2  0.0                           
051749010815102976カシノバイタル　　　　　　　　　　　112.8 17.8-11.4 -1.7 -4.0  1  0.0                           
051749010915106150マインキング　　　　　　　　　　　　 48.9  8.3-10.0-20.0-10.3 -5  0.0                           
051749011015103277トップギア　　　　　　　　　　　　　 58.2  9.5-10.4-20.0-10.5 -5  0.0  0                        
051749011115103622ラテンリズム　　　　　　　　　　　　 50.0  8.5 -9.0 -4.3 -4.3  1  0.0                           
051749011215104599ミートボール　　　　　　　　　　　　125.7 19.7-10.0-16.7 -9.1 -4  0.0                           
051749011315104011カラフル　　　　　　　　　　　　　　  2.2  1.2 17.8 28.2 15.7 21 18.1  1  320   71              
051749011415103692ナスレンザン　　　　　　　　　　　　  5.1  1.6 17.0 11.4  9.3 14 15.1                           
051749011515103511サクヤメイ　　　　　　　　　　　　　 88.0 14.0-11.4 -9.5 -6.9 -2  0.0                           
051749011615102684タイセイレーベン　　　　　　　　　　 27.9  5.0 -6.2 -1.7 -2.5  3  0.0  5                        
051749020115103874ウッドカービング　　　　　　　　　　 16.9  3.6 -6.7 -3.0 -3.1  2  7.7                           
051749020215105605フレッシビレ　　　　　　　　　　　　 28.9  5.6 -6.9 19.8  5.2 10  9.6A                          
051749020315105539トーセンクロノス　　　　　　　　　　  9.5  2.5  7.7 22.6 10.6 16  9.6                           
051749020415100695コスモフォーミュラ　　　　　　　　　 90.9 15.9-13.5 -8.0 -7.0 -2  0.0                           
051749020515101729ガーネットローズ　　　　　　　　　　 35.2  6.7-11.4  0.7 -3.2  2  0.0                           
051749020615101310ゴライアス　　　　　　　　　　　　　  5.4  1.7 20.0 15.0 11.5 17  6.2  3                        
051749020715102669スギノハヤブサ　　　　　　　　　　　 23.8  4.7  0.9  6.2  2.5  8  0.0                           
051749020815100073エンドウォーニング　　　　　　　　　 50.5  9.3 -0.3  6.2  2.2  7  0.0                           
051749020915105938ルナティック　　　　　　　　　　　　 49.2  9.1-11.4-14.8 -8.8 -4  0.0                           
051749021015100275ビアンカグリーン　　　　　　　　　　 42.3  7.9-11.4-12.9 -8.1 -3 10.6                           
051749021115101745ジェイエルスピード　　　　　　　　　 50.4  9.3-10.0-17.1 -9.3 -4  0.0  0                        
051749021215106396オクタヴィウス　　　　　　　　　　　  2.6  1.3 15.0 13.6  9.5 14 18.1                           
051749021315104358フラワーストリーム　　　　　　　　　 19.6  4.1 -3.9 -5.1 -3.0  2  0.0                           
051749021415105920サムライブルー　　　　　　　　　　　  4.3  1.5 16.3 27.3 14.9 20  8.2                           
051749021515100849ハイチーズ　　　　　　　　　　　　　 18.8  3.9 -1.8 -1.6 -1.1  4  0.0                           
051749021615104630ロイヤルバースデー　　　　　　　　　 13.7  3.1-10.4  9.4  0.3  5  0.0                           
051749030115105003ムーンライトナイト　　　　　　　　　  8.8  2.0  5.8 11.4  5.9 11  6.8  5                        
051749030215103392モルフェオルフェ　　　　　　　　　　  8.7  2.0 15.4 26.0 14.2 19 15.1                           
051749030315105960カサーレ　　　　　　　　　　　　　　 18.2  3.2  9.1 11.5  6.9 12  0.0                           
051749030415101674ノヴィア　　　　　　　　　　　　　　 26.8  4.3-11.4 10.2  0.3  5  0.0  5                        
051749030515102700ケイツーレアル　　　　　　　　　　　 70.6 10.0-11.4-14.1 -8.6 -4  0.0  0                        
051749030615106408マカロン　　　　　　　　　　　　　　 97.2 13.5-10.0-11.4 -7.2 -2  0.0                           
051749030715105023ミカリーニョ　　　　　　　　　　　　  2.0  1.2 20.3 22.0 14.2 19 18.1                           
051749030815105352ジョブックコメン　　　　　　　　　　  9.4  2.1  9.8 12.0  7.3 12 10.3  5                        
051749030915101920カシノデジール　　　　　　　　　　　 27.3  4.4  4.4 -1.7  0.7  6  0.0                           
051749031015105405ミフラーブ　　　　　　　　　　　　　 49.8  7.4-10.0-13.9 -8.1 -3  0.0                           
051749031115103901ディアサルファー　　　　　　　　　　  3.8  1.4 15.0 29.7 15.4 20 11.6  1  200   50              
051749031215102422ドナカデンツァ　　　　　　　　　　　 15.3  2.8  6.0 16.9  8.0 13  0.0  1  247   26              
051749031315100389エリンゼフィール　　　　　　　　　　 83.0 11.6-13.3 -8.0 -6.9 -2  0.0                           
051749040115103058レッドテソーロ　　　　　　　　　　　 29.6  6.5  6.2 -2.9  0.8  1  0.0                           
051749040215102144ピースフルメモリー　　　　　　　　　  8.8  2.6  1.1 -9.3 -3.1 -3  7.7                           
051749040315102938ブラウンシュシュ　　　　　　　　　　 58.6 11.8-13.5 -9.0 -7.3 -7  0.0                           
051749040415110099セイウンアカマイ　　　　　　　　　　  7.0  2.2 17.9  8.4  8.4  8  6.8  5                        
051749040515103633イカヅチ　　　　　　　　　　　　　　  8.6  2.6  3.0 19.6  8.1  8  7.2                           
051749040615104698ムールヴェードル　　　　　　　　　　  3.7  1.6 15.1 17.1 10.8 11  5.3 1                         
051749040715100866ホクラニ　　　　　　　　　　　　　　 45.9  9.7-13.5-13.4 -9.0 -9  0.0  0                        
051749040815104581コケット　　　　　　　　　　　　　　  5.3  1.8  6.0 18.9  8.7  9 15.1                           
051749040915106486カツノミョウジョウ　　　　　　　　　 67.3 13.5-11.3-10.3 -7.2 -7  0.0                           
051749041015101007ヒシコスマー　　　　　　　　　　　　  4.1  1.6 21.8 26.8 16.4 16 14.0  1  181   86              
051749041115101846カシノナミ　　　　　　　　　　　　　224.3 43.4-11.4 -1.7 -4.0 -4  0.0                           
051749041215103205ユメノタビ　　　　　　　　　　　　　 19.4  4.5  7.5  7.1  4.9  5  0.0                           
051749041315106501カワキタロマン　　　　　　　　　　　 16.2  3.9-10.0  2.9 -1.9 -2  0.0                           
051749041415110041ヴォルパンテール　　　　　　　　　　 30.7  6.7-10.0-15.6 -8.7 -9 14.4  0                        
051749041515100363ラブヘネシー　　　　　　　　　　　　 73.3 14.6-11.3 -9.5 -6.9 -7  0.0                           
051749041615105543ラッキーユー　　　　　　　　　　　　 27.8  6.1 -4.6 -2.2 -2.2 -2  0.0                           
051749050115104770ワークジュニア　　　　　　　　　　　 22.2  3.6-11.4 -6.3 -5.7 -6 11.6                           
051749050215104729カイザーヴェッター　　　　　　　　　 26.0  4.1  4.6-10.6 -2.5 -3  0.0                           
051749050315104639サトノソルタス　　　　　　　　　　　  2.0  1.2 22.1 25.1 15.8 16 18.1                           
051749050415105419オートヴィル　　　　　　　　　　　　 15.8  2.8 10.8 14.6  8.6  9  0.0                           
051749050515105027タイセイグランツ　　　　　　　　　　  7.3  1.8 15.0 11.5  8.7  9 23.1                           
051749050615104743ギャラッド　　　　　　　　　　　　　  5.6  1.5  9.0 12.0  7.1  7  6.3                           
051749050715105293コログレッツォ　　　　　　　　　　　 20.3  3.4-13.5 -7.6 -6.8 -7  0.0                           
051749050815102239シャイニードラード　　　　　　　　　 35.1  5.3-11.4-13.7 -8.4 -8  0.0                           
051749050915102790ドリームスピリット　　　　　　　　　 28.9  4.5-10.0 -9.0 -6.3 -6  0.0                           
051749051015104180ダークナイトムーン　　　　　　　　　  3.5  1.3 21.2 20.6 13.9 14  5.8                           
051749060113102177マサノシーザー　　　　　　　　　　　 22.0  4.8-10.0 23.5  5.6 26  0.0  5                        
051749060214100349ネコビッチ　　　　　　　　　　　　　 22.3  4.9-11.3 -8.2 -6.4 14  0.0                           
051749060312101289サンマルバロン　　　　　　　　　　　 31.0  6.5 20.0-11.1  1.9 22 25.7                           
051749060412105911カイマノア　　　　　　　　　　　　　 11.5  2.9 10.8  5.9  5.4 25  0.0                           
051749060514102218サウンドストリート　　　　　　　　　 11.4  2.8  5.0 -1.1  1.1 21  0.0                           
051749060614102562アーバンイェーガー　　　　　　　　　 12.9  3.1-10.0  7.5 -0.3 20  7.7                           
051749060713102729サマニー　　　　　　　　　　　　　　 37.7  7.8 -1.3 -2.5 -1.3 19  0.0                           
051749060813102022ボルドー　　　　　　　　　　　　　　 36.4  7.5-10.0  6.8 -0.5 19  0.0                           
051749060913101259ローレルジャック　　　　　　　　　　  7.1  2.2 13.2 17.7 10.4 30  6.3  5                        
051749061014102681ロジセンス　　　　　　　　　　　　　 18.7  4.2-11.4-12.5 -8.0 12  0.0                           
051749061113109002ネオビッグバン　　　　　　　　　　　 55.7 10.9 -9.5-18.4 -9.6 10  0.0  0                        
051749061214103957ロードナカヤマ　　　　　　　　　　　  4.1  1.6 14.9 17.9 11.0 31 14.0C                          
051749061314101230ペイシャエヴァー　　　　　　　　　　 32.1  6.7 -6.9-14.6 -7.4 13  0.0                           
051749061413105128ブレヴェスト　　　　　　　　　　　　  3.3  1.5 15.0 18.5 11.3 31 18.1  1  320   71              
051749061514100670ダイヤインザラフ　　　　　　　　　　 16.3  3.8 -6.7  4.6 -0.3 20  0.0                           
051749061614102814アースヴィグラス　　　　　　　　　　 21.1  4.7-11.4-15.1 -9.0 11  0.0                           
051749070114105814グラドゥアーレ　　　　　　　　　　　  4.3  1.7  6.0 21.8  9.8 30  8.2C 3                        
051749070213103430フジマサアクトレス　　　　　　　　　 50.2 11.0-11.4 -4.2 -5.0 15  0.0  0                        
051749070314100761ゴールドアピール　　　　　　　　　　 23.0  5.4 -9.5 10.3  0.9 21  0.0                           
051749070413106049プラトリーナ　　　　　　　　　　　　  7.9  2.5  6.6  6.9  4.5 25 17.5                           
051749070512104605ウォークロニクル　　　　　　　　　　  4.2  1.7 13.8 19.1 11.1 31  5.3                           
051749070614102172フラガリア　　　　　　　　　　　　　  6.0  2.1 20.0 14.0 11.1 31  6.8                           
051749070714104251ラヴィソント　　　　　　　　　　　　 37.8  8.5-10.1  6.8 -0.5 19  0.0                           
051749070813100787カトルラポール　　　　　　　　　　　 16.0  4.0-10.0 12.0  1.4 21  0.0  5                        
051749070913100629リンクス　　　　　　　　　　　　　　  4.6  1.7 13.6  8.9  7.3 27 15.1                           
051749071013105469ジョンブリアン　　　　　　　　　　　 11.3  3.0  5.0  6.2  3.8 24 15.4                           
051749071113100058ナムラバイオレット　　　　　　　　　 22.0  5.2 -2.6 -1.6 -1.4 19  0.0                           
051749071213103941グリニッチヴィレジ　　　　　　　　　 16.3  4.1-10.0  4.0 -1.5 18  0.0                           
051749071313100334エディクト　　　　　　　　　　　　　114.4 23.6-11.4-14.8 -8.8 11  0.0                           
051749071414104079リープリッヒターゲ　　　　　　　　　155.7 31.9-10.0 -8.2 -6.0 14  0.0                           
051749071514105149ラブユーミー　　　　　　　　　　　　 62.9 13.3-10.0-20.0-10.3 10  0.0                           
051749080113101296スズカプリズム　　　　　　　　　　　  6.2  2.0  7.5 11.7  6.5 37  0.0                           
051749080212104793クイーンズターフ　　　　　　　　　　 32.2  6.8-10.0-13.9 -8.1 22  0.0                           
051749080312104165リベルタンゴ　　　　　　　　　　　　 34.1  7.2 -9.1 -3.5 -4.0 26  0.0                           
051749080413102858アデレードヒル　　　　　　　　　　　 18.7  4.3 -2.8 -2.6 -1.8 28  0.0                           
051749080514105116プリティマックス　　　　　　　　　　 47.9  9.8-10.0  8.9  0.3 30  0.0  5                        
051749080613104632ラブターボ　　　　　　　　　　　　　 31.7  6.7-13.5 -9.5 -7.5 22  0.0                           
051749080714104051ミヤジヴィジェ　　　　　　　　　　　  5.1  1.8 13.7 13.0  8.9 39 21.4                           
051749080813102854メリートーン　　　　　　　　　　　　 16.0  3.8  7.8  8.4  5.4 35  0.0  5                        
051749080912103583メイショウタラチネ　　　　　　　　　 17.2  4.0 -6.0 -3.1 -2.9 27  8.2                           
051749081013103352ノーブルサンズ　　　　　　　　　　　 32.8  6.9-11.4-13.2 -8.3 22  0.0                           
051749081112103683ファンシーリシェス　　　　　　　　　 47.9  9.8-10.0 -9.7 -6.6 23  0.0                           
051749081213105388ポッドクヒオ　　　　　　　　　　　　 52.8 10.8-11.4  5.4 -1.4 29  0.0                           
051749081313106298ミッキーグッドネス　　　　　　　　　  4.1  1.6 18.8 11.9 10.0 40 14.0                           
051749081413102849ベルクリア　　　　　　　　　　　　　 11.4  2.9 11.4  4.6  5.1 35  0.0                           
051749081513105956ソーディヴァイン　　　　　　　　　　  3.5  1.5 25.1 17.1 13.8 44 18.1                           
051749081612104298モアニケアラ　　　　　　　　　　　　 85.7 16.6-12.5 -8.8 -7.0 23  0.0  0                        
051749090113100647カラビナ　　　　　　　　　　　　　　  7.8  2.2  7.5 10.8  6.2 36  6.7                           
051749090211103989トレクァルティスタ　　　　　　　　　 22.8  4.6  0.1  1.4  0.5 31  0.0                           
051749090313106188トレジャートローヴ　　　　　　　　　  8.0  2.2 10.1 -1.3  2.6 33  0.0                           
051749090414105957グローブシアター　　　　　　　　　　  5.3  1.7 15.0 12.0  8.9 39 21.4                           
051749090514101754マイネルユニブラン　　　　　　　　　 44.9  8.4 -7.1 -9.8 -5.7 24  0.0  0                        
051749090612103962エニグマバリエート　　　　　　　　　 17.0  3.7-13.5  5.6 -2.0 28  0.0                           
051749090713103806ニシノジャーニー　　　　　　　　　　 27.3  5.4-11.3  9.4  0.1 30  0.0  5                        
051749090814101558レッドローゼス　　　　　　　　　　　  3.1  1.4  6.0 21.0  9.5 40 18.1                           
051749090913103589イチダイ　　　　　　　　　　　　　　 12.4  2.8  0.7  6.3  2.5 33  0.0                           
051749091013105858ブラックプラチナム　　　　　　　　　  3.4  1.4 18.9 18.4 12.4 42  8.2                           
051749091112100091シャインアロー　　　　　　　　　　　 24.8  4.9 -1.9-14.1 -5.7 24  9.2  0                        
051749091212110031ヌーナ　　　　　　　　　　　　　　　 47.9  8.9-10.0-12.9 -7.7 22  0.0                           
051749100110110013レッドルーファス　　　　　　　　　　 14.7  3.4  5.7  0.8  2.0 37  0.0                           
051749100213103817ストーミーシー　　　　　　　　　　　  6.8  2.1  6.8 10.0  5.7 41  9.6                           
051749100311101095マイネルメリエンダ　　　　　　　　　 19.2  4.3 -3.2-12.9 -5.7 29  9.1  0                        
051749100411104306シャドウダンサー　　　　　　　　　　 20.7  4.6-12.5-10.0 -7.4 28  0.0                           
051749100511100647オートクレール　　　　　　　　　　　 12.9  3.1  9.1  4.7  4.5 39  7.7  0                        
051749100612104666ディープジュエリー　　　　　　　　　 15.1  3.5 20.0 14.0 11.1 46  0.0                           
051749100714100083リンクスゼロ　　　　　　　　　　　　 41.9  8.4-12.5-11.8 -8.1 27  0.0                           
051749100814105897クリアザトラック　　　　　　　　　　  2.7  1.4 25.1 17.7 14.0 49 18.1                           
051749100912100560テルメディカラカラ　　　　　　　　　  6.5  2.0 11.1  5.3  5.3 40 15.2                           
051749101014105492ボーダーオブライフ　　　　　　　　　  5.2  1.8 11.9 11.1  7.6 43  5.8                           
051749101111104759チャンピオンルパン　　　　　　　　　 20.0  4.4-10.0-15.8 -8.8 26  0.0  0                        
051749101212101006ペガサスボス　　　　　　　　　　　　  8.9  2.5 12.9  9.0  7.2 42  0.0                           
051749110111102151サクラアンプルール　　　　　　　　　 40.9  9.8-11.4  6.7 -1.0 59  0.0                           
051749110212104668サトノクラウン　　　　　　　　　　　  5.0  1.9 14.0 20.5 11.7 72 18.1 1                         
051749110311103978ネオリアリズム　　　　　　　　　　　 22.2  5.6 -1.4  3.3  0.8 61  0.0                           
051749110412104889リアルスティール　　　　　　　　　　  5.6  2.1 -0.1 13.7  5.0 65 20.5                           
051749110512102774ヤマカツエース　　　　　　　　　　　 13.3  3.7 -9.4 10.9  1.2 61  8.3                           
051749110609102678ディサイファ　　　　　　　　　　　　 94.7 21.2-13.5-11.1 -8.1 52  0.0                           
051749110712102013キタサンブラック　　　　　　　　　　  5.1  2.0 19.1 23.4 14.3 74 13.1                           
051749110813106183レインボーライン　　　　　　　　　　 23.4  5.9-11.2-10.9 -7.4 53  0.0                           
051749110914105535ソウルスターリング　　　　　　　　　  8.2  2.7 10.1 13.6  8.0 68 16.3C                          
051749111013106099ミッキーロケット　　　　　　　　　　 45.2 10.7-11.2-11.7 -7.7 52  0.0                           
051749111113102301ロードヴァンドール　　　　　　　　　 77.1 17.4-11.7-14.7 -8.9 51  0.0  0                        
051749111211103854ステファノス　　　　　　　　　　　　  8.2  2.7 15.1 13.8  9.6 70  5.1                           
051749111312101402グレーターロンドン　　　　　　　　　 18.9  4.9 -2.6 11.6  3.5 63  0.0                           
051749111411104063サトノアラジン　　　　　　　　　　　 11.5  3.3  2.3  5.8  2.8 63 14.6  3                        
051749111513105788マカヒキ　　　　　　　　　　　　　　 27.6  6.8-10.3 -5.7 -5.2 55  0.0  0                        
051749111614104449カデナ　　　　　　　　　　　　　　　 23.5  5.9-11.2-12.4 -7.9 52  0.0                           
051749111711105072ワンアンドオンリー　　　　　　　　　 42.6 10.1-11.2-10.2 -7.1 53  0.0                           
051749111813105880シャケトラ　　　　　　　　　　　　　 19.4  5.0-10.3 -7.6 -5.9 54  0.0                           
051749120114101995フォーハンドレッド　　　　　　　　　  6.9  2.2 11.5 22.2 11.6 42 15.4                           
051749120214110060マテラスカイ　　　　　　　　　　　　 19.0  4.5-12.5-11.8 -8.1 22  0.0                           
051749120312100412フジゴウカイ　　　　　　　　　　　　 39.7  8.6-11.4-10.4 -7.2 23  0.0                           
051749120411103400コスモラヴモア　　　　　　　　　　　 42.4  9.1-11.4-12.2 -7.9 22  0.0                           
051749120509102128ロゼッタストーン　　　　　　　　　　 22.0  5.0 -6.0  6.6  0.6 31  0.0                           
051749120614101173アディラート　　　　　　　　　　　　  3.1  1.5 25.1 18.0 14.1 44 18.1                           
051749120713103738メイショウノボサン　　　　　　　　　  6.1  2.0 17.0  9.7  8.7 39  9.6                           
051749120811100636テイエムリヴィエラ　　　　　　　　　 19.5  4.6-12.5 -8.1 -6.7 23  0.0                           
051749120914103477サノサマー　　　　　　　　　　　　　 20.9  4.9-10.0 -2.6 -4.0 26  0.0                           
051749121014110077ストロボスコープ　　　　　　　　　　  6.6  2.2  7.8 16.9  8.5 39  0.0                           
051749121112103443ジェイケイライアン　　　　　　　　　  5.5  1.9 12.7 18.8 10.7 41 11.6                           
051749121213105373イーグルフェザー　　　　　　　　　　  6.0  2.0 16.7 20.2 12.4 42  8.9                           
081749010115105439ダンツタイヨウ　　　　　　　　　　　  3.9  1.3 13.8 14.6  9.4 14 18.6C                          
081749010215109143スカイルーク　　　　　　　　　　　　 10.9  2.2  9.6 11.4  6.9 12  6.9                           
081749010315100872カネコメハナコヨ　　　　　　　　　　 52.5  7.8-10.9-10.9 -7.3 -2  0.0                           
081749010415103616メイショウオーパス　　　　　　　　　  2.2  1.2 20.6 25.9 15.3 20 15.4                           
081749010515102082クリノユメジ　　　　　　　　　　　　 45.3  6.8-15.0 -7.1 -7.6 -3  0.0                           
081749010615103393コラード　　　　　　　　　　　　　　 16.0  2.9  6.6 -1.9  1.9  7 14.1                           
081749010715102617ジュンホープ　　　　　　　　　　　　 62.1  8.9 -9.7 -8.6 -6.1 -1  0.0                           
081749010815101921ノーボーダー　　　　　　　　　　　　  3.2  1.2 16.5 23.4 13.1 18 19.0                           
081749010915103199スズカビレッジ　　　　　　　　　　　 24.1  3.9 -6.8  6.2 -0.6  4  0.0                           
081749011015100392ドンナマニーフィカ　　　　　　　　　 30.7  4.8-10.9  6.7 -2.0  3  0.0                           
081749011115103009モスアゲート　　　　　　　　　　　　 31.4  5.0 -4.5  9.3  1.1  6  0.0                           
081749020115100971キッチンウイッチ　　　　　　　　　　  8.1  2.1 11.5 16.7  9.2 14 10.7  4                        
081749020215102797メイショウアキツ　　　　　　　　　　  7.8  2.0  5.3  3.7  3.1  8  7.8                           
081749020315102321ターキッシュバン　　　　　　　　　　 12.0  2.6 -9.7 -1.2 -3.9  1  9.6                           
081749020415109119クロヅルストーリー　　　　　　　　　 38.8  6.7-11.7-10.3 -7.4 -2  0.0                           
081749020515100502タガノアルタイル　　　　　　　　　　 22.7  4.2  0.2  6.6  2.1  7  0.0                           
081749020615101428クリノマンチェスー　　　　　　　　　 38.6  6.7-10.8-10.4 -7.1 -2  6.5                           
081749020715103482コンヴィーヴォ　　　　　　　　　　　 45.3  7.7-10.8 -1.7 -4.5  1 10.8                           
081749020815103049メイショウダブル　　　　　　　　　　  4.8  1.6 11.7 14.6  8.7 14 11.8                           
081749020915100511タガノヒバナ　　　　　　　　　　　　  2.1  1.2 21.1 11.2 11.1 16 17.4                           
081749021015109109プリンセスブーケ　　　　　　　　　　 13.9  2.9  2.3-10.3 -2.2  3  0.0                           
081749021115106287ワールドカフェ　　　　　　　　　　　  8.3  2.1  8.8 12.2  6.9 12  7.4                           
081749021215100665ジャスパームーン　　　　　　　　　　 38.6  6.7 -8.0-10.4 -6.1 -1  0.0                           
081749030115100422アリイタヤス　　　　　　　　　　　　 12.5  2.6 -6.9  6.3 -0.6  4 15.7                           
081749030215104658イダエンペラー　　　　　　　　　　　  2.4  1.3 17.8 16.4 11.4 16 17.4                           
081749030315102636バトルガラクシア　　　　　　　　　　 10.8  2.3 -0.8 12.5  3.5  8  0.0                           
081749030415102763フリーダムソート　　　　　　　　　　 24.7  4.5 -6.2-10.4 -5.4  0  0.0                           
081749030515100219ウインエスキース　　　　　　　　　　 16.8  3.3  3.5  7.0  3.4  8  0.0                           
081749030615103335メイショウハニー　　　　　　　　　　 19.3  3.7  5.0 -7.5 -0.4  5 10.8                           
081749030715104047ドゥリトル　　　　　　　　　　　　　  7.2  1.9  3.5 10.3  4.4  9 12.3  5                        
081749030815103926ワイルドアクター　　　　　　　　　　 39.5  6.7-10.9-10.3 -7.1 -2  0.0                           
081749030915104561クロンプリンツ　　　　　　　　　　　 34.1  5.9-10.9-11.9 -7.6 -3  0.0                           
081749031015100852セイウンフォーカス　　　　　　　　　 11.0  2.4  6.2 -6.6  0.3  5 11.4  0                        
081749031115103006ジュンエスポワール　　　　　　　　　  3.5  1.4 17.9 13.0 10.5 15 11.8                           
081749031215105155タマモキンバリー　　　　　　　　　　 32.1  5.6 -3.9 -7.8 -3.8  1  0.0                           
081749040115100932ムーヴィング　　　　　　　　　　　　  4.6  1.7 16.7 13.2 10.1 10 19.0  5                        
081749040215105241マースゴールド　　　　　　　　　　　 14.1  3.5  2.0-12.2 -2.9 -3  0.0  0                        
081749040315101232ペプチドシャプネス　　　　　　　　　  3.6  1.5  9.2 18.0  8.8  9 10.0                           
081749040415102281ガブリヨリ　　　　　　　　　　　　　 41.1  8.9-10.9-13.4 -8.0 -8  0.0                           
081749040515103032チョウリアリティ　　　　　　　　　　  7.4  2.3  8.9 14.7  7.7  8  6.9                           
081749040615105392クリスエステソーロ　　　　　　　　　  4.7  1.7 12.5  9.2  7.3  7  6.4                           
081749040715101421スターフォース　　　　　　　　　　　 28.6  6.4 -6.0-12.6 -6.0 -6  0.0                           
081749040815106407キングズテソーロ　　　　　　　　　　 30.0  6.7-10.9 -5.7 -5.7 -6  7.5                           
081749040915102602トランシャン　　　　　　　　　　　　 18.5  4.4 -0.3-11.8 -3.7 -4 11.4                           
081749041015104143ナンヨーブルジョン　　　　　　　　　 30.9  6.9-10.9-11.7 -7.5 -8  0.0                           
081749041115100519タガノブディーノ　　　　　　　　　　 26.2  5.9 -7.5  8.0 -0.3  0  0.0                           
081749041215103226オウケンキング　　　　　　　　　　　 13.0  3.3  8.8 -6.6  1.2  1  9.6                           
081749041315102215マリオ　　　　　　　　　　　　　　　 12.1  3.1 -8.6-11.7 -6.7 -7 12.5                           
081749041415103227マンナム　　　　　　　　　　　　　　 18.1  4.4 -3.6-10.4 -4.4 -4  0.0                           
081749050115100949サツマノクロジョカ　　　　　　　　　 47.9  9.0-10.9-10.3 -7.1 -7  0.0                           
081749050215104261アンサーズヒア　　　　　　　　　　　 13.1  3.0 10.7  7.9  6.3  6 17.4                           
081749050315104868ネプチュナイト　　　　　　　　　　　  3.8  1.4  8.5 23.8 10.3 10  6.4  1  140   54              
081749050415100839マーティンルナ　　　　　　　　　　　 50.5  9.5-11.7  6.9 -2.2 -2  0.0                           
081749050515102345イズジョーブラック　　　　　　　　　 42.3  8.0-10.9-11.9 -7.6 -8  0.0                           
081749050615101330サンライズカイザー　　　　　　　　　 52.9  9.9-10.3 -4.7 -5.2 -5  0.0                           
081749050715102115コパノメンデス　　　　　　　　　　　 62.6 11.3-10.3  7.5 -1.5 -2  0.0                           
081749050815101936クリノアスコット　　　　　　　　　　 48.7  9.1 -9.4 -0.3 -3.5 -4  0.0                           
081749050915105099コンキスタドール　　　　　　　　　　 13.0  3.0  8.3  8.8  5.7  6  5.1                           
081749051015102747フィールドドウサン　　　　　　　　　  3.6  1.4 18.3 14.3 11.0 11 13.1                           
081749051115104324レッドサクヤ　　　　　　　　　　　　  3.0  1.3 18.2 17.2 11.8 12 17.4                           
081749051215105788ソルフェージュ　　　　　　　　　　　 18.6  4.0 -3.7-10.1 -4.4 -4  5.8                           
081749051315100721マイネルルティレ　　　　　　　　　　 32.7  6.4-11.7 -8.5 -6.8 -7  0.0                           
081749051415105743アイファーフライト　　　　　　　　　156.3 27.2-11.7 -9.6 -7.2 -7  0.0                           
081749051515102267モズマーチャン　　　　　　　　　　　 12.1  2.8  1.1  2.9  1.3  1  5.9                           
081749051615102853ナイスドゥ　　　　　　　　　　　　　 43.8  8.3 -8.6 -8.3 -5.6 -6  9.8                           
081749060115103193ペガッソ　　　　　　　　　　　　　　 28.3  4.7 -7.7 -4.2 -4.1 16  0.0                           
081749060215102186サイエン　　　　　　　　　　　　　　  6.8  1.8 10.5 20.6 10.0 30 20.1                           
081749060315106418シンデレラマキ　　　　　　　　　　　 26.9  4.5 -9.7 -6.1 -5.4 15  0.0                           
081749060415102800ナムラバンザイ　　　　　　　　　　　  7.4  1.9  7.1 14.7  7.0 27  7.3                           
081749060515100822タイセイアベニール　　　　　　　　　  5.5  1.6 11.1 15.6  8.8 29  9.9                           
081749060615106375ブラウハーツ　　　　　　　　　　　　 11.7  2.4  3.4 -1.6  0.8 21  7.8                           
081749060715104165アンヴァル　　　　　　　　　　　　　  2.1  1.2 21.6 23.1 14.9 35 12.0                           
081749060815104670ガゼボ　　　　　　　　　　　　　　　  3.8  1.4 14.0 14.7  9.5 30 19.0                           
081749070113105588サウスオブボーダー　　　　　　　　　  2.2  1.2 17.9 20.1 12.6 33 15.8                           
081749070214103806メイショウバンカラ　　　　　　　　　 11.1  2.3  7.3  7.8  5.0 25  5.9                           
081749070314100613ワンフォーオール　　　　　　　　　　 17.9  3.4 -4.9 10.3  1.3 21  0.0                           
081749070414100346パイオニアシーザー　　　　　　　　　 44.5  7.2-11.7 -6.2 -6.2 14  0.0                           
081749070512103352アイファーマグオー　　　　　　　　　 57.4  8.9-11.7-15.5 -8.9 11  0.0  0                        
081749070614110017ホワイトドラゴン　　　　　　　　　　 20.5  3.8  3.3 13.4  5.2 25  0.0                           
081749070714101827クリノライメイ　　　　　　　　　　　  4.5  1.4 12.0 13.3  8.4 28 20.5                           
081749070812100260ジョウショーチカラ　　　　　　　　　 26.9  4.6 -8.8  2.8 -2.4 18  0.0                           
081749070914104516サンマルエンパイア　　　　　　　　　 17.5  3.3 -3.0 10.7  2.1 22  0.0                           
081749071014104419デフィ　　　　　　　　　　　　　　　 14.4  2.8  2.6  4.8  2.4 22 12.5                           
081749071113101729タガノジーニアス　　　　　　　　　　  3.8  1.3 13.8 14.7  9.5 29 19.0                           
081749080114105217シュンノカミ　　　　　　　　　　　　 40.9  7.9-10.9-10.3 -7.1 13  0.0                           
081749080214105660メイショウオオヅツ　　　　　　　　　 76.5 13.8-11.7-14.1 -8.5 11  0.0                           
081749080313105210テイケイレーヴ　　　　　　　　　　　 18.7  4.0 -3.1 13.3  2.9 23  0.0                           
081749080414104647レッドリボン　　　　　　　　　　　　  8.2  2.3  5.7 -2.4  1.4 21  8.4                           
081749080514100910イイデメモリー　　　　　　　　　　　  8.3  2.3 11.4  0.6  4.4 24 14.7                           
081749080614105142ショーアッシ　　　　　　　　　　　　 60.6 11.1-10.9-11.8 -7.5 12  0.0                           
081749080714100190スナークライデン　　　　　　　　　　 83.4 14.9-10.9 -7.1 -6.1 14  0.0                           
081749080814103001メイショウサチシオ　　　　　　　　　  2.6  1.3 17.3 21.7 12.9 33 10.8                           
081749080914103182アタミ　　　　　　　　　　　　　　　 73.0 13.2-10.8-10.4 -7.1 13  0.0                           
081749081014106130バレーロ　　　　　　　　　　　　　　  5.6  1.8 12.0 12.9  8.3 28 14.2                           
081749081114103636ウォーターダンテ　　　　　　　　　　 55.7 10.2-10.8-10.4 -7.1 13  0.0                           
081749081213100664ゼラルダ　　　　　　　　　　　　　　 48.6  9.2-10.9 -8.5 -6.5 13  0.0                           
081749081312100849バリキ　　　　　　　　　　　　　　　 13.6  3.1  4.9  4.1  3.0 23  6.7                           
081749081413100996ショウサングランド　　　　　　　　　 37.8  7.3 -7.7-10.5 -6.0 14 27.2                           
081749081514109047カフジグローリー　　　　　　　　　　 16.1  3.5 -7.7-15.6 -7.5 12  0.0                           
081749081614105166ハクサンベル　　　　　　　　　　　　  4.5  1.6 11.0 17.9  9.4 29  4.1                           
081749090111104731マイネボニータ　　　　　　　　　　　 26.0  4.0 -9.7 -6.3 -5.4 25  0.0                           
081749090212102740デンコウインパルス　　　　　　　　　  1.9  1.2 16.4 18.3 11.5 42 17.4                           
081749090310101767エリモジパング　　　　　　　　　　　 20.3  3.3 -9.7  2.4 -2.8 27  0.0                           
081749090410104412サダムロードショー　　　　　　　　　 14.8  2.6  3.1  8.5  3.7 34  9.6                           
081749090512103532マイネルレオーネ　　　　　　　　　　  6.1  1.6 13.0  8.5  7.3 37  7.8                           
081749090613106060オールドクラシック　　　　　　　　　  8.8  2.0  3.7 10.3  4.4 34 11.7                           
081749090712101673タイセイアプローズ　　　　　　　　　 13.4  2.4  1.5  1.8  1.1 31  5.1  5                        
081749090814100522タガノアシュラ　　　　　　　　　　　  3.8  1.3 16.2 26.8 14.0 44 16.8                           
081749090908102492ダブルイーグル　　　　　　　　　　　 21.8  3.5 -8.6  4.4 -1.8 28  8.8                           
081749100113101798カルムパシオン　　　　　　　　　　　 12.3  2.9  1.9  2.7  1.5 37  0.0                           
081749100213102205ヒロブレイブ　　　　　　　　　　　　  5.3  1.7 14.2 20.6 11.4 46 18.6                           
081749100311104825ペイシャゴンジセ　　　　　　　　　　 49.6  9.3 -9.7-10.3 -6.6 28  0.0                           
081749100412100877ラインルーフ　　　　　　　　　　　　 33.2  6.5 -6.4-10.9 -5.6 29  0.0                           
081749100510101667カフェリュウジン　　　　　　　　　　 97.7 17.2 -9.7-10.3 -6.6 28  0.0                           
081749100611103988クラシックメタル　　　　　　　　　　  2.6  1.3 19.3 14.7 11.5 46 10.8                           
081749100713101861マイネルバサラ　　　　　　　　　　　 19.2  4.1  5.8 -0.2  2.1 37  0.0                           
081749100813105526イーストオブザサン　　　　　　　　　 14.9  3.3  6.7 13.1  6.4 41 14.6                           
081749100911110093アースコネクター　　　　　　　　　　 75.0 13.4 -9.7 -6.6 -5.5 29  0.0                           
081749101011106559ミキノグランプリ　　　　　　　　　　 90.6 16.0-10.9-15.6 -8.7 26  0.0                           
081749101110104453メイスンウォー　　　　　　　　　　　 53.3 10.0 -9.7-10.3 -6.6 28  0.0                           
081749101212104792ジュンスパーヒカル　　　　　　　　　  4.4  1.6 17.2 20.7 12.5 48 13.1  3                        
081749101312100591コンセギール　　　　　　　　　　　　 31.7  6.2-10.9-13.2 -8.0 27  0.0                           
081749101412104706サージェントバッジ　　　　　　　　　 23.7  4.8-10.3-12.7 -7.6 27 10.8                           
081749101513106317エポック　　　　　　　　　　　　　　  6.1  1.9  1.4 16.6  5.5 40 11.7                           
081749101612104360エバーキュート　　　　　　　　　　　 99.4 17.5 -9.7-17.3 -8.7 26  0.0  0                        
081749110111103741メドウラーク　　　　　　　　　　　　 25.8  5.2  4.2  6.1  3.4 48  0.0                           
081749110211106372クラリティシチー　　　　　　　　　　 14.0  3.2  2.9 -4.0 -0.1 45 17.4                           
081749110310104510アクションスター　　　　　　　　　　 47.3  9.0-10.9-11.6 -7.5 38  0.0                           
081749110412100407グァンチャーレ　　　　　　　　　　　  7.7  2.2 14.0  0.6  5.3 50  6.9                           
081749110510105896マイネルホウオウ　　　　　　　　　　 47.3  9.0 -9.7-10.3 -6.6 38  0.0                           
081749110612100636ケントオー　　　　　　　　　　　　　  7.1  2.1 -2.5 -7.4 -3.1 42  0.0                           
081749110713105648パールコード　　　　　　　　　　　　 11.6  2.7 -1.5 12.4  3.2 48 10.3                           
081749110811101188マテンロウボス　　　　　　　　　　　 15.5  3.4 -2.0  8.8  1.9 47 10.2  5                        
081749110914102698キョウヘイ　　　　　　　　　　　　　  3.0  1.4 16.7 18.2 11.6 57 15.4  1  137   50              
081749111012104084ベルーフ　　　　　　　　　　　　　　 17.8  3.8 -2.3 -3.9 -2.0 43  0.0  5                        
081749111112104065シャルール　　　　　　　　　　　　　 18.1  3.9 -7.7-11.7 -6.3 39  0.0                           
081749111213102938マイネルハニー　　　　　　　　　　　  3.7  1.5 14.5 15.3  9.9 55 19.0                           
081749111314105681アメリカズカップ　　　　　　　　　　 17.5  3.8 -1.7  4.4  0.7 46  0.0                           
081749120113105397テラノヴァ　　　　　　　　　　　　　  2.0  1.2 19.9 22.3 14.0 44 17.4                           
081749120211104269モンラッシェ　　　　　　　　　　　　 49.7  8.4-10.9 -6.7 -6.0 24  0.0                           
081749120310105786アドマイヤツヨシ　　　　　　　　　　 36.0  6.3-10.9-12.3 -7.7 22  0.0                           
081749120412101533シンダーズ　　　　　　　　　　　　　 16.6  3.3 -0.5  6.7  1.8 32  5.1                           
081749120512104181キッズライトオン　　　　　　　　　　 45.0  7.7 -7.7  0.4 -2.7 27  0.0                           
081749120614103389イノバティブ　　　　　　　　　　　　 19.9  3.8  5.8 -4.2  0.9 31  0.0                           
081749120712104172オメガタックスマン　　　　　　　　　  5.9  1.7  6.7 10.1  5.5 35 17.2                           
081749120814106138ベルカプリ　　　　　　　　　　　　　 22.9  4.2 -2.2 10.8  2.4 32 21.8                           
081749120911105849ナムラアッパー　　　　　　　　　　　 20.9  4.0 -0.6-11.9 -3.8 26  0.0                           
081749121013100756キアロスクーロ　　　　　　　　　　　 19.2  3.7  0.9-11.7 -3.2 27  0.0                           
081749121114100814マイネルパラディ　　　　　　　　　　  6.1  1.7 15.6  9.0  8.4 38  6.4                           
081749121213102480ジョーマイク　　　　　　　　　　　　  8.3  2.1  0.1 11.3  3.4 33  6.9                           
081749121314103559フェルトベルク　　　　　　　　　　　 17.7  3.5  7.9 13.3  6.9 37  6.7                           
