061921010116110009モンタナウインド　　　　　　　　　　 20.2  4.3 -5.2  7.6  1.2  6  0.0                           
061921010216100340コルシカフレーバー　　　　　　　　　 71.6 13.2-10.0-12.2 -7.5 -2  0.0                           
061921010316100181カッチョエペペ　　　　　　　　　　　  5.9  1.9  6.0 13.8  6.9 12 12.5                           
061921010416105897ケイツーランド　　　　　　　　　　　 71.9 13.2-13.4 -8.5 -7.1 -2  0.0                           
061921010516102457ミラージュ　　　　　　　　　　　　　192.7 34.3-11.4-15.0 -8.9 -4  0.0                           
061921010616105598グリーンティー　　　　　　　　　　　 20.5  4.4 -2.3  6.0  1.5  7  0.0                           
061921010716101432ディレット　　　　　　　　　　　　　  4.3  1.6 12.0 23.8 12.3 17 19.8  2                        
061921010816103342ムーンアルテミス　　　　　　　　　　 32.0  6.4 10.0-10.8 -1.0  4  0.0                           
061921010916104943カワイイスイーパー　　　　　　　　　  8.8  2.5 10.2  7.2  5.7 11  7.7                           
061921011016100404オンマイオウン　　　　　　　　　　　 56.2 10.5-11.4 -7.7 -6.2 -1  0.0                           
061921011116106095イデアノオモイ　　　　　　　　　　　  8.2  2.3  6.0  3.3  3.0  8 10.3C                          
061921011216103344アウレット　　　　　　　　　　　　　 68.1 12.6-10.0-11.1 -7.1 -2  0.0                           
061921011316103403チャンダナ　　　　　　　　　　　　　  7.5  2.2  6.0 23.5 10.4 15  0.0                           
061921011416102049サンダーソニア　　　　　　　　　　　  2.8  1.4 15.0 25.4 13.8 19 12.8                           
061921011516106127クツワヒメ　　　　　　　　　　　　　 42.4  8.3-10.0-11.0 -7.0 -2  0.0                           
061921011616101231ビームフラッシュ　　　　　　　　　　 39.0  7.7 -4.1  7.9  1.7  7  0.0                           
061921020116105723ボヘミアラプソディ　　　　　　　　　 13.6  2.8 10.4  8.2  6.1 11 10.3  5                        
061921020216105234ドラジェブルー　　　　　　　　　　　 30.2  5.3 20.0 -5.5  4.0  9  0.0  0                        
061921020316110080プリモスペード　　　　　　　　　　　 13.1  2.7  6.0 11.3  5.9 11  6.8                           
061921020416105769ラブミフォーエバー　　　　　　　　　 56.5  9.2-10.4-13.3 -8.0 -3  0.0  0                        
061921020516101308ヤークトボマー　　　　　　　　　　　  2.4  1.2 17.8 19.4 12.5 17 18.1                           
061921020616102550シュブリーム　　　　　　　　　　　　 31.9  5.6-10.0  2.9 -1.9  3  0.0                           
061921020716102268ケイツールフィヤ　　　　　　　　　　 62.5 10.1-10.0-14.9 -8.5 -3  0.0  0                        
061921020816105868アートノーブル　　　　　　　　　　　 46.9  7.9-13.4-16.7-10.1 -5  0.0                           
061921020916104748ゴールデンウェル　　　　　　　　　　  3.7  1.4 12.0 26.5 13.3 18  5.8                           
061921021016102317ラブヴィサージュ　　　　　　　　　　 67.7 10.9  6.2 -8.8 -1.4  4  0.0                           
061921021116102262ウシェーランケー　　　　　　　　　　 30.3  5.4-11.4 -1.5 -4.0  1  0.0                           
061921021216105312サンビンガムトン　　　　　　　　　　 21.8  4.0 -3.6  7.8  1.8  7  0.0                           
061921021316103233ノリオサン　　　　　　　　　　　　　 15.0  3.0  2.4  2.8  1.7  7  0.0                           
061921021416106373ボンマリアージュ　　　　　　　　　　 50.4  8.5-11.4 -8.2 -6.4 -1  0.0                           
061921021516101280モクソン　　　　　　　　　　　　　　 59.5  9.6-11.4  3.8 -2.0  3  0.0                           
061921021616102372ブリッツェンシチー　　　　　　　　　  5.6  1.6 10.0 15.8  8.8 14 21.4                           
061921030116106311コーリンベイダー　　　　　　　　　　128.2 18.1-13.4 -8.5 -7.1 -2  0.0                           
061921030216100101コウユークロガヨカ　　　　　　　　　  3.4  1.4 15.0 -7.5  1.8  7 19.8                           
061921030316100102マンジェリーナ　　　　　　　　　　　 73.1 10.6 -5.0-15.0 -7.0 -2  0.0                           
061921030416102261リワードプロキオン　　　　　　　　　 37.1  5.9-10.0 -8.0 -5.9 -1  0.0                           
061921030516102712シットリ　　　　　　　　　　　　　　 46.8  7.2-11.4 -6.4 -5.8 -1  0.0                           
061921030616102841シロボシ　　　　　　　　　　　　　　107.3 15.3-11.4-19.4-10.5 -6  0.0  0                        
061921030716101501アマゾニカ　　　　　　　　　　　　　 23.1  3.9  4.1  6.1  3.5  8 11.6                           
061921030816103285ミエノオルフェ　　　　　　　　　　　 28.3  4.6 -0.2 14.2  5.1 10  0.0                           
061921030916103101ジョイナイト　　　　　　　　　　　　 12.1  2.4  6.0  2.8  2.8  8  7.2                           
061921031016105229アサクサマヤ　　　　　　　　　　　　 12.9  2.5  8.2 -1.7  1.8  7  0.0                           
061921031116102242スマートマルシェ　　　　　　　　　　  2.2  1.2 20.4 25.3 15.4 20 18.1                           
061921031216104034シゲルアパライト　　　　　　　　　　 23.5  4.0 -5.8-18.6 -8.6 -4  0.0                           
061921031316105340ハグクミ　　　　　　　　　　　　　　139.4 19.7-10.4 -8.0 -6.1 -1  0.0                           
061921031416105083シダクティブノンコ　　　　　　　　　  8.3  2.0  6.0 13.4  6.7 12  6.2                           
061921031516105684スリーコーズライン　　　　　　　　　 11.8  2.3 10.0  8.8  6.2 11  0.0  5                        
061921031616103527エコロノアール　　　　　　　　　　　157.7 22.2-13.4-15.3 -9.6 -5  0.0                           
061921040116101264サニーストーム　　　　　　　　　　　  3.0  1.4 15.4 19.0 11.6 32  5.3                           
061921040216100774テンブン　　　　　　　　　　　　　　 73.9 12.4 -8.7 -7.3 -5.3 15  0.0                           
061921040316101956オルダージュ　　　　　　　　　　　　 15.0  3.2  6.0  0.7  2.1 22  0.0                           
061921040416106168ダウンタウンプリマ　　　　　　　　　 20.6  4.1  0.7-10.0 -3.5 17  0.0                           
061921040516102772サリーバランセ　　　　　　　　　　　 16.9  3.5 14.4 12.7  9.0 29 10.9                           
061921040616103448ニシノコトダマ　　　　　　　　　　　  5.9  1.8 12.8  7.5  6.6 27  6.3                           
061921040716105132ジャパンスウェプト　　　　　　　　　  3.0  1.4 18.5 21.1 13.3 33 19.8                           
061921040816105509ニヴィアン　　　　　　　　　　　　　 20.0  4.0 -3.2  6.4  1.4 21  8.2                           
061921040916101757リンノティアラ　　　　　　　　　　　122.7 20.1-13.1-16.8-10.1 10  0.0                           
061921041016103402プロトイチバンボシ　　　　　　　　　 24.4  4.6-10.0 -8.0 -5.9 14  0.0                           
061921041116110156ユニキャラ　　　　　　　　　　　　　 29.6  5.5 10.1 -7.1  0.4 20  0.0                           
061921041216101130アキンド　　　　　　　　　　　　　　 26.3  4.9-10.0-11.7 -7.3 13  0.0                           
061921041316102722エルピド　　　　　　　　　　　　　　 47.2  8.4 -8.7-15.2 -8.2 12  0.0                           
061921041416101560ペイシャリルキス　　　　　　　　　　 12.8  2.8 -1.1-15.4 -6.0 14  6.7                           
061921041516103505オールミラージュ　　　　　　　　　　118.7 19.5-13.1 -8.8 -7.2 13  0.0                           
061921041616102397タイセイスパーブ　　　　　　　　　　 22.9  4.4  6.0 -4.7  0.1 20 13.0                           
061921050116101270マジカルリボン　　　　　　　　　　　 82.0 13.9-13.4-14.2 -9.2 -4  0.0                           
061921050216100117ブラッドストーン　　　　　　　　　　  9.4  2.4  6.0 21.0  9.5 15 15.4                           
061921050316101556アーカート　　　　　　　　　　　　　 48.4  8.7-11.4 -4.8 -5.2  0  0.0                           
061921050416103093アッチャイオ　　　　　　　　　　　　 28.6  5.4 -3.6 -4.6 -2.8  2 12.3                           
061921050516103371サンメドフォード　　　　　　　　　　112.8 18.9-10.0-11.7 -7.3 -2  0.0                           
061921050616100742ナミブ　　　　　　　　　　　　　　　 71.9 12.3-10.0-20.0-10.3 -5  0.0                           
061921050716105515ホウオウビクトリー　　　　　　　　　  6.7  1.9 12.9 11.3  8.0 13  6.8                           
061921050816105653ワイルドタッチ　　　　　　　　　　　  9.2  2.4-10.0 10.1  0.7  6  0.0                           
061921050916105768サトノフォース　　　　　　　　　　　  3.0  1.4 13.5 22.7 12.4 17 18.1B                          
061921051016105283ココリアッピア　　　　　　　　　　　 33.3  6.2-11.4-10.5 -7.3 -2  0.0                           
061921051116104868ライル　　　　　　　　　　　　　　　  3.2  1.4 21.9 17.0 12.8 18 14.0                           
061921051216100032ディヴァイン　　　　　　　　　　　　  6.6  1.9  6.0 20.6  9.4 14  0.0  1  213   30              
061921051316104962ブリリアンティーン　　　　　　　　　 36.7  6.8-10.0-12.5 -7.6 -3  0.0                           
061921051416100729マイネルカピターノ　　　　　　　　　 85.9 14.6-11.4-11.1 -7.5 -2  0.0                           
061921051516101210イフユーワナ　　　　　　　　　　　　 25.5  4.9  4.0  2.2  2.0  7  0.0                           
061921051616106188ウインメテオーラ　　　　　　　　　　 78.8 13.4 -6.2  7.5  0.9  6  0.0                           
061921060116106375フッカツノジュモン　　　　　　　　　 42.2  9.3-10.0-11.9 -7.4 -7  0.0                           
061921060216104710エバーブラック　　　　　　　　　　　 32.2  7.3 -9.2-14.4 -8.0 -8  0.0                           
061921060316102033マヨルカフレイバー　　　　　　　　　  5.4  1.9 20.0  3.2  7.2  7 15.1                           
061921060416104358スタックオンユー　　　　　　　　　　 40.4  8.9  6.0-13.2 -3.0 -3  0.0                           
061921060516104123コトブキアゲート　　　　　　　　　　 11.4  3.0  1.2  7.5  3.1  3  0.0                           
061921060616104063コマノヴァンドール　　　　　　　　　 12.8  3.3-10.0  0.9 -2.7 -3  7.7  0                        
061921060716104364パラダイスリーフ　　　　　　　　　　  4.2  1.7 14.0 20.5 11.7 12 19.8                           
061921060816104536バモサバイラ　　　　　　　　　　　　 28.4  6.5 -8.0 -6.6 -4.8 -5 13.7                           
061921060916105317グリームロータス　　　　　　　　　　 61.0 12.8-13.4-15.3 -9.6-10  0.0                           
061921061016102806インマイレーベン　　　　　　　　　　 42.4  9.3-10.0-12.2 -7.5 -7  0.0                           
061921061116102677スリーサンコーズ　　　　　　　　　　 34.9  7.8 -8.5 -9.0 -5.8 -6  0.0                           
061921061216102116キングアゲン　　　　　　　　　　　　 14.1  3.6  7.8  9.6  5.9  6  0.0                           
061921061316103278ブラックエンジェル　　　　　　　　　  7.0  2.3  6.4  6.4  4.3  4  6.8                           
061921061416101436カフェオセロット　　　　　　　　　　 27.5  6.3 -7.2-10.5 -6.0 -6  0.0                           
061921061516104002ブライティアセルバ　　　　　　　　　  4.1  1.7 16.8 16.0 10.9 11  0.0                           
061921061616102941マリノオードリー　　　　　　　　　　 12.9  3.3  7.5  5.6  4.3  4  8.2                           
061921070114100256バナナボート　　　　　　　　　　　　 75.8 16.8-13.4 -8.5 -7.1 13 17.8                           
061921070215105730シーホース　　　　　　　　　　　　　 58.3 13.1-10.0-12.5 -7.6 12  0.0                           
061921070315101449ミッキーマンドリン　　　　　　　　　 11.9  3.3 -5.5 -3.7 -3.0 17 11.6                           
061921070413105959ストライクショット　　　　　　　　　 11.3  3.2  9.2 14.3  8.0 28 18.6                           
061921070514110083サリネロ　　　　　　　　　　　　　　 14.5  3.9-10.0  9.0  0.3 20  0.0                           
061921070614104226ロードコメット　　　　　　　　　　　  9.3  3.0 10.0 -3.1  1.9 22  7.2                           
061921070715105172アースビヨンド　　　　　　　　　　　  5.4  2.0  8.7 22.2 10.8 31  5.8                           
061921070814100065ケンユキノオー　　　　　　　　　　　 19.9  5.1 -8.7 -8.3 -5.7 14 10.1                           
061921070915103845スーパーアキラ　　　　　　　　　　　 15.0  4.0  6.9  6.1  4.3 24  0.0                           
061921071015102704イザベルローズ　　　　　　　　　　　 57.1 12.8-10.0-12.0 -7.4 13  0.0                           
061921071115105858ココロノイコロ　　　　　　　　　　　  4.4  1.8 15.0 13.7  9.5 30  5.3                           
061921071215104603コウギョウブライト　　　　　　　　　 26.9  6.5 20.0 11.1 10.1 30  0.0                           
061921071315102750エアコンヴィーナ　　　　　　　　　　 12.7  3.5  8.7  0.3  2.7 23  0.0                           
061921071414101877アンチャーテッド　　　　　　　　　　 56.8 12.8-10.0  3.2 -1.8 18  0.0  5                        
061921071513105192アドマイヤムテキ　　　　　　　　　　  7.8  2.6 -0.7  0.7  0.0 20  0.0                           
061921071615104748メジャーラプソディ　　　　　　　　　  6.5  2.3  7.2 13.3  7.0 27  6.2                           
061921080114102807トーアツキヒカリ　　　　　　　　　　 17.1  3.1-10.0  6.5 -0.6 19 10.3A                          
061921080214104023シゲルボスザル　　　　　　　　　　　 32.5  5.1 -2.9 -6.6 -3.3 17  0.0                           
061921080313105905プリンシパルスター　　　　　　　　　 40.4  6.2-12.5 -8.3 -6.8 13  0.0                           
061921080412103680トラキアンコード　　　　　　　　　　 19.8  3.4  2.2  4.7  2.4 22  0.0                           
061921080514102313ニシノスマッシュ　　　　　　　　　　 78.6 11.1-10.4-15.3 -8.7 11  0.0                           
061921080614100465トラスト　　　　　　　　　　　　　　  2.3  1.2 25.1 18.1 14.2 34 18.1                           
061921080710100880ドリームハヤテ　　　　　　　　　　　 52.8  7.9-10.4-18.6 -9.9 10  0.0                           
061921080815103863ロードショー　　　　　　　　　　　　 29.5  4.7 -3.6  4.1  0.4 20  0.0                           
061921080911103741メドウラーク　　　　　　　　　　　　  3.0  1.2 18.8 13.0 10.4 30 19.8                           
061921081015105550シゲルピーマン　　　　　　　　　　　  5.1  1.5 16.8 23.5 13.7 34  6.2                           
061921081115103807ハルキストン　　　　　　　　　　　　 10.9  2.2 13.7  9.4  7.6 28  6.8                           
061921081213101974シゲルスズキ　　　　　　　　　　　　 45.0  6.8 -2.9 -8.3 -3.9 16  0.0                           
061921081312100565ヤマニンマンドール　　　　　　　　　 28.0  4.5 -6.0 -4.6 -3.5 17  0.0                           
061921090116104635ボスジラ　　　　　　　　　　　　　　  4.7  1.6 16.0 13.0  9.6 30  8.2                           
061921090216102867サンアップルトン　　　　　　　　　　  5.8  1.8 10.0 22.2 11.1 31 13.5                           
061921090316100901テイエムバリバリ　　　　　　　　　　 31.8  6.1-11.4-16.6 -9.5 10  0.0                           
061921090416101075アイスブラスト　　　　　　　　　　　  5.4  1.7  1.0  0.7  0.6 21 15.1                           
061921090516100302クリスタルバローズ　　　　　　　　　 16.9  3.6  4.2  8.0  4.2 24  0.0                           
061921090616104225アドマイヤスコール　　　　　　　　　  2.5  1.3 19.1 21.4 13.6 34 18.1                           
061921090716102229フィデリオグリーン　　　　　　　　　 50.8  9.4 -3.9 -6.8 -3.7 16  0.0                           
061921090816101339プレイングラン　　　　　　　　　　　 21.0  4.4-10.0-10.0 -6.7 13  0.0  0                        
061921090916104035ダディーズマインド　　　　　　　　　 15.2  3.3 14.9  0.7  4.7 25  0.0                           
061921091016104695リオンリオン　　　　　　　　　　　　  7.1  2.1 13.8 13.5  9.1 29  7.2                           
061921091116104173ラッキーアモン　　　　　　　　　　　 34.5  6.6-10.4-12.9 -7.8 12  0.0  0                        
061921100114103615ダイイチターミナル　　　　　　　　　 35.4  7.3-11.4-15.4 -9.1 21  0.0                           
061921100212105498メイショウミツボシ　　　　　　　　　 18.0  4.1 -2.1 -3.0 -1.7 28  9.2                           
061921100315104202デルマウオッカ　　　　　　　　　　　 14.8  3.5  9.1  7.9  5.6 36  0.0                           
061921100413106214フィールドシャルム　　　　　　　　　 55.9 10.9-10.4-12.6 -7.7 22  0.0                           
061921100511101782ビオラフォーエバー　　　　　　　　　 49.1  9.9-13.4 -8.5 -7.1 23  0.0                           
061921100614100733マイネルスフェーン　　　　　　　　　 41.3  8.5-11.4 -4.7 -5.1 25  0.0                           
061921100715105193オスカールビー　　　　　　　　　　　  9.0  2.6 17.0  9.8  8.7 39 16.3                           
061921100813102295ロードプレミアム　　　　　　　　　　 14.4  3.4  0.6 -4.7 -1.5 28  0.0                           
061921100913105867ケルフロイデ　　　　　　　　　　　　 26.1  5.6 -8.7  7.6  0.2 30  0.0                           
061921101011106610シベリアンタイガー　　　　　　　　　 43.8  8.9-11.4 -1.5 -4.0 26  0.0                           
061921101110101988スワンボート　　　　　　　　　　　　 99.0 18.9-13.1 -8.5 -7.0 23  0.0                           
061921101215106344アシェット　　　　　　　　　　　　　 15.8  3.7  9.7 10.3  6.7 37  8.6                           
061921101314105104トータルソッカー　　　　　　　　　　  9.1  2.6 15.0 10.5  8.4 38  0.0                           
061921101415104811シュバルツボンバー　　　　　　　　　  5.9  1.9 11.4 12.3  7.9 38  6.3                           
061921101515104665ジナンボー　　　　　　　　　　　　　  2.8  1.4 12.0 21.6 11.5 42 12.8                           
061921101615104159パルクデラモール　　　　　　　　　　  5.3  1.8 10.8 14.7  8.6 39 14.0                           
061921110112101643イサチルホープ　　　　　　　　　　　 17.4  4.0  3.6  0.7  1.3 36  8.2                           
061921110212100961サンクタリリアス　　　　　　　　　　 32.9  6.8-10.0-12.0 -7.4 28  0.0                           
061921110314103404タケショウベスト　　　　　　　　　　  4.5  1.6 10.0 12.6  7.6 43  0.0                           
061921110411101727イオラニ　　　　　　　　　　　　　　 17.7  4.0  6.0 12.2  6.3 41  0.0                           
061921110512101157ダイトウキョウ　　　　　　　　　　　  3.9  1.5 14.6 13.3  9.3 44 19.8                           
061921110613106131アッラサルーテ　　　　　　　　　　　  3.4  1.4 17.0 15.9 10.9 46 18.1                           
061921110712105238エメラルエナジー　　　　　　　　　　 32.1  6.7 -8.7 -7.5 -5.4 30  0.0  0                        
061921110812105451ニシオボヌール　　　　　　　　　　　 15.0  3.5 -2.9  5.4  1.1 36  0.0                           
061921110913100339オーヴィレール　　　　　　　　　　　 16.9  3.9 -6.0 -4.3 -3.4 32 18.7                           
061921111014103714ショウナンアエラ　　　　　　　　　　  4.4  1.6 20.0 13.3 10.9 46  0.0                           
061921111112104259ストロングトリトン　　　　　　　　　 66.3 12.7-13.4-12.3 -8.5 26  0.0                           
061921111212110030パラダイスガーデン　　　　　　　　　 27.8  5.8 -9.2-11.7 -7.1 28  0.0                           
061921120113100522トーホウリーガル　　　　　　　　　　 38.6  8.6 -9.2  5.5 -0.7 29  0.0                           
061921120213106143リアリスト　　　　　　　　　　　　　 16.4  4.1 10.1 -2.3  2.2 32  0.0  0                        
061921120313105303ブライトリビング　　　　　　　　　　  5.1  1.8  6.0 14.6  7.2 37 12.5                           
061921120413104137シベリウス　　　　　　　　　　　　　120.5 24.8-10.4-10.9 -7.1 23  0.0                           
061921120514105543カレンカカ　　　　　　　　　　　　　  5.8  2.0 15.8  8.1  7.7 38  9.6                           
061921120614104550グラスブルース　　　　　　　　　　　 44.6  9.8-10.0-11.0 -7.0 23  0.0                           
061921120714104230グッドラックサマー　　　　　　　　　 18.0  4.4  6.0  3.8  3.2 33  0.0                           
061921120814106522セガールモチンモク　　　　　　　　　 18.9  4.6 -2.5  7.0  1.8 32  9.7                           
061921120915104534スパイスマジック　　　　　　　　　　 15.8  4.0  0.8-12.5 -4.3 26  0.0                           
061921121015101960マイネルユキツバキ　　　　　　　　　  4.8  1.8 10.0 24.7 12.1 42  5.8                           
061921121113105250ボールドアテンプト　　　　　　　　　 26.4  6.1-11.4-10.5 -7.3 23 14.4                           
061921121213103531ボーントゥレイン　　　　　　　　　　 60.2 12.7-11.4 -9.0 -6.7 23  0.0                           
061921121314104374パレスハングリー　　　　　　　　　　  3.8  1.6 20.7 22.4 14.4 44 12.8  2                        
061921121414106211キングズラッシュ　　　　　　　　　　 13.6  3.5-10.0 -7.2 -5.6 24  7.7                           
061921121515100274ヴィジョンオブラヴ　　　　　　　　　 11.4  3.0  2.6 -1.8  0.1 30  0.0                           
091911010116102896ホッコーフラッパー　　　　　　　　　 24.6  5.1  1.8 10.0  3.7  9 18.0  5                        
091911010216106368マカベリ　　　　　　　　　　　　　　 19.2  4.2 -5.4 -7.9 -4.3  1  0.0                           
091911010316105174ファビュラスギフト　　　　　　　　　 13.4  3.1  9.7  9.3  6.3 11 11.0                           
091911010416102872ダンツスピリット　　　　　　　　　　 51.2  9.9-10.9 -9.3 -6.8 -2  0.0                           
091911010516101417シンボリサージュ　　　　　　　　　　 76.7 14.1-10.9 -9.0 -6.7 -2  0.0                           
091911010616100954ブルベアボルド　　　　　　　　　　　 13.9  3.2  7.2  7.5  4.9 10 14.4                           
091911010716102028ガデスチョイス　　　　　　　　　　　 43.6  8.5 -5.6  6.0 -0.3  5  0.0                           
091911010816100507ヒロノトウリョウ　　　　　　　　　　  3.8  1.5 19.0 11.3 10.4 15 13.7                           
091911010916100615シーシャープ　　　　　　　　　　　　  5.7  1.8 12.5 10.6  7.8 13  9.6                           
091911011016100092クリノストロング　　　　　　　　　　  8.6  2.4 -0.2  4.6  1.3  6 10.3                           
091911011116110131ピアシック　　　　　　　　　　　　　  3.2  1.4 12.6 18.2 10.1 15  9.9                           
091911011216102817アイファーエンター　　　　　　　　　 34.6  6.9-15.0 -0.4 -5.6 -1  0.0                           
091911011316106334ウチュウセンカン　　　　　　　　　　 55.5 10.4-10.9 -7.0 -6.1 -1  0.0                           
091911011416101413ウインガナッシュ　　　　　　　　　　 62.1 11.6-10.9 -9.5 -6.8 -2  0.0                           
091911011516101728バトルアグレッシブ　　　　　　　　　 15.1  3.4 -5.0  6.5  0.1  5  0.0                           
091911011616100031ツインイレブン　　　　　　　　　　　 22.6  4.7 -4.1  9.4  1.3  6  0.0                           
091911020116100188シゲルクロダイヤ　　　　　　　　　　  9.4  2.5 14.1 18.6 10.8 16 19.8  4                        
091911020216101755メイショウランセツ　　　　　　　　　 28.3  5.6-11.4 -7.9 -6.6 -2  0.0                           
091911020316102964ビービーゲイル　　　　　　　　　　　 28.9  5.7  5.8  0.7  2.3  7  0.0                           
091911020416106106タニノシェクハンド　　　　　　　　　 39.4  7.5-11.4-15.2 -8.7 -4  0.0  0                        
091911020516101906トート　　　　　　　　　　　　　　　 24.2  4.8 -9.7-10.5 -6.7 -2  0.0                           
091911020616100638アイキャンテーラー　　　　　　　　　  3.4  1.3 15.3 36.3 16.5 21 17.8                           
091911020716106585テーオーポシブル　　　　　　　　　　  3.3  1.3 15.4 17.6 10.9 16  8.8                           
091911020816100714マイネルロッシュ　　　　　　　　　　 39.3  7.5 -5.6-12.6 -5.8 -1  0.0                           
091911020916104975ハイパワードトップ　　　　　　　　　  3.2  1.3 17.4 18.0 11.8 17 18.0  3                        
091911021016105360イッツマイウェイ　　　　　　　　　　 33.2  6.4 -5.6 -9.5 -4.9  0  0.0                           
091911021116105863ジグソー　　　　　　　　　　　　　　 45.8  8.6-11.4 -8.7 -6.8 -2  0.0                           
091911021216100213タゴム　　　　　　　　　　　　　　　 31.3  6.1  2.9  9.4  3.9  9  0.0                           
091911021316100006ヒリュウコウスイ　　　　　　　　　　 14.7  3.3  8.5  7.3  5.3 10 13.5                           
091911021416100204ニャーゴ　　　　　　　　　　　　　　 41.4  7.8-10.9-11.4 -7.4 -2  0.0                           
091911030116100009メダリスタ　　　　　　　　　　　　　 42.9  7.8 -9.7 -4.9 -5.0 -5 19.8                           
091911030216102433メイショウジガネ　　　　　　　　　　111.1 18.7 -4.1 -9.0 -4.2 -4  0.0                           
091911030316102221イエスサンキュー　　　　　　　　　　 96.5 16.3 -8.5-10.5 -6.3 -6  0.0                           
091911030416101042マサノバルサー　　　　　　　　　　　 28.7  5.4 -0.2-10.0 -3.1 -3  0.0                           
091911030516105733サンレイブランコ　　　　　　　　　　  5.8  1.8  3.8 13.1  5.3  5  9.6                           
091911030616103930タイセイカリーノ　　　　　　　　　　  2.2  1.2 21.8 19.4 13.8 14 18.0                           
091911030716103533フルーメン　　　　　　　　　　　　　 34.2  6.4 -5.6 -4.8 -3.5 -3  0.0                           
091911030816100132オリエンタルハート　　　　　　　　　 51.5  9.3 -8.1-15.7 -7.7 -8  0.0                           
091911030916100780ヘニーオーザ　　　　　　　　　　　　  5.3  1.7 13.4 29.7 13.8 14 10.8  1  135   59              
091911031016106072ニホンピロランド　　　　　　　　　　 35.6  6.6-10.9-20.0-10.0-10  0.0                           
091911031116101155ケプラー　　　　　　　　　　　　　　 14.4  3.1 10.7  0.9  4.2  4 10.1                           
091911031216102665メイショウチャリス　　　　　　　　　 56.2  9.8 -5.6  3.7 -0.9 -1  0.0                           
091911031316101695スモールウェーブ　　　　　　　　　　 24.1  4.7-10.9 -9.5 -6.8 -7 13.2                           
091911031416103977マリター　　　　　　　　　　　　　　 20.9  4.2  1.2-10.4 -2.7 -3  0.0                           
091911031516105527リトルウィッチ　　　　　　　　　　　  8.2  2.2  1.5 10.7  3.8  4  0.0                           
091911031616102219グランデラムジー　　　　　　　　　　 12.3  2.8 -2.6  4.5  0.4  0  7.7                           
091911040116102414カズマッケンリー　　　　　　　　　　 24.1  5.8-10.9-10.3 -7.1 -2  0.0                           
091911040216101404マイネルモーディグ　　　　　　　　　 41.3  9.4 -9.7-10.5 -6.7 -2  0.0                           
091911040316105661ララコンフィアン　　　　　　　　　　 16.6  4.3  1.2 17.5  5.7 11 15.3                           
091911040416102643シングインザレイン　　　　　　　　　 18.3  4.6 -8.0-10.2 -6.0 -1  0.0                           
091911040516104759ガラチコ　　　　　　　　　　　　　　  4.9  1.9 13.5 10.4  8.1 13  8.2                           
091911040616104776モアナアネラ　　　　　　　　　　　　  5.9  2.1 -0.2 15.3  4.5 10 10.3                           
091911040716100588シャンタンエドゥー　　　　　　　　　  6.4  2.2  9.6  9.0  6.2 11  0.0  5                        
091911040816105084ダノンテイオー　　　　　　　　　　　 25.3  6.0 -0.2 -1.3 -0.5  5 28.3                           
091911040916104426マルシュロレーヌ　　　　　　　　　　  4.8  1.8 15.1 12.2  9.2 14 19.6                           
091911041016102894シゲルトルコイシ　　　　　　　　　　 63.0 13.7 -9.7-10.5 -6.7 -2  0.0                           
091911041116104804レッドアクトレス　　　　　　　　　　  4.3  1.7 16.4 13.0  9.9 15  8.1                           
091911041216101192トーセンバーボン　　　　　　　　　　 42.0  9.6 -9.7-10.5 -6.7 -2  0.0                           
091911041316105974パイオニアプライド　　　　　　　　　  8.0  2.6  5.3 21.3  8.3 13  0.0  1  132   55              
091911041416102051トライゲッター　　　　　　　　　　　 57.4 12.5 -8.7-15.1 -7.7 -3  0.0  0                        
091911050116103900エスケーアタランタ　　　　　　　　　 48.9  8.2-10.9 -0.4 -4.1 16  0.0                           
091911050216100133ハクユウフライヤー　　　　　　　　　 32.3  5.7-10.9-15.2 -8.6 11  0.0  0                        
091911050316103779カガプリンシパル　　　　　　　　　　 42.9  7.3-14.0-18.1-10.6  9  0.0                           
091911050416101328パイロテクニクス　　　　　　　　　　  3.1  1.3 19.3 11.1 10.4 30 19.6                           
091911050516105926アヴァンティスト　　　　　　　　　　 23.1  4.2 -5.6-10.3 -5.1 15  0.0                           
091911050616100846サルサレイア　　　　　　　　　　　　 15.9  3.2  6.5  4.1  3.6 24 10.7                           
091911050716100627アナスタシオ　　　　　　　　　　　　 19.8  3.8  3.1-11.9 -2.4 18 25.5                           
091911050816103115ヨハン　　　　　　　　　　　　　　　 10.9  2.4 11.6  8.0  6.7 27 11.0                           
091911050916100419コパノカーリング　　　　　　　　　　  6.3  1.8  5.6  9.1  4.8 25  0.0  5                        
091911051016106245カルロスミノル　　　　　　　　　　　 15.7  3.1 -0.2  4.9  1.4 21  0.0                           
091911051116100418シンゼンブースター　　　　　　　　　  9.0  2.2  1.2 -0.6  0.3 20  0.0  5                        
091911051216110049ボストンテソーロ　　　　　　　　　　  2.7  1.3 14.5 20.2 11.4 31 18.0                           
091911060115102647シンコーメグチャン　　　　　　　　　  3.9  1.3 16.4 17.2 11.2 31  8.8                           
091911060213105036インテグリティー　　　　　　　　　　 16.3  3.0  2.0 22.1  7.4 27 14.4                           
091911060315104819シンハラージャ　　　　　　　　　　　  2.0  1.2 18.4 18.3 12.2 32 18.0                           
091911060412100243キングサムソン　　　　　　　　　　　  7.6  1.9  9.8 17.7  8.9 29  0.0  4                        
091911060515102604ワイルドシング　　　　　　　　　　　 35.3  5.6 -5.6 -4.1 -3.3 17  0.0  0                        
091911060615100132チャーチタウン　　　　　　　　　　　 24.5  4.1 -7.7 -1.5 -3.3 17 12.5                           
091911060715110063フォルツァエフ　　　　　　　　　　　  4.8  1.4 15.8 13.9 10.0 30  6.7                           
091911060814100583プエルタデルソル　　　　　　　　　　  8.7  2.0  9.9  4.0  4.8 25  9.4                           
091911060915102620ベルクカッツェ　　　　　　　　　　　 40.0  6.2 -9.7 -7.6 -5.8 14 17.1                           
091911070113105882チカリータ　　　　　　　　　　　　　  4.0  1.6  9.2 14.2  7.6 28  8.8                           
091911070215102078テーオールチア　　　　　　　　　　　 38.4  8.2-10.9 -9.4 -6.8 13 16.2                           
091911070314103212トーホウビスカヤ　　　　　　　　　　 35.8  7.7-10.9-13.1 -7.9 12  0.0                           
091911070414100482トウカイシュテルン　　　　　　　　　 32.1  7.0-14.0  9.4 -2.3 18  0.0                           
091911070515100311グランデミノル　　　　　　　　　　　 28.7  6.3  1.1-10.9 -2.9 17  0.0                           
091911070613103029マイグランクロア　　　　　　　　　　 26.0  5.8-10.9-11.4 -7.4 13  0.0                           
091911070713102826ワンダースニュマン　　　　　　　　　103.8 20.5-11.4 -6.9 -6.3 14  0.0                           
091911070814106114ヴィルデローゼ　　　　　　　　　　　  4.7  1.7 12.9 12.5  8.5 28 18.4                           
091911070915105083ブライトパス　　　　　　　　　　　　  5.1  1.8 16.5 17.0 11.1 31  0.0                           
091911071014105172サンクララ　　　　　　　　　　　　　 51.2 10.7-11.4 -6.1 -6.0 14  0.0                           
091911071114102571ウラガーノ　　　　　　　　　　　　　 21.8  4.9 -0.7-10.5 -3.4 17  0.0                           
091911071215106315アメリカズハート　　　　　　　　　　 71.7 14.3-10.9 -5.8 -5.7 14 22.5                           
091911071315106192アスカリアン　　　　　　　　　　　　 45.6  9.6-10.9-15.5 -8.6 11  0.0  0                        
091911071415101403シティーポップ　　　　　　　　　　　  7.0  2.2  9.5 13.3  7.5 27 20.5  5                        
091911071515105734アイファーアピール　　　　　　　　　 35.4  7.6-10.9-20.0-10.0 10  0.0                           
091911071614104738カウントオンイット　　　　　　　　　  3.8  1.6 16.8  6.4  8.1 28  9.9                           
091911080114101616レンジャックマン　　　　　　　　　　 33.2  5.9-14.0-11.9 -8.7 11  0.0                           
091911080215104528グレンフィナン　　　　　　　　　　　  3.3  1.4 14.5 14.9  9.8 30 10.8                           
091911080315100230ウインラナキラ　　　　　　　　　　　  7.5  2.0  8.1 18.8  8.6 29  6.7                           
091911080412103211ドラゴンマジック　　　　　　　　　　 12.1  2.6  0.1  8.3  2.5 23  0.0                           
091911080513101178トウカイエクレール　　　　　　　　　 14.1  2.9 -7.3 11.3  0.7 21  0.0                           
091911080612103352アイファーマグオー　　　　　　　　　 58.9  9.7-14.0-10.5 -8.3 12  0.0                           
091911080714100977ディープスピリッツ　　　　　　　　　  7.6  2.0 12.1 -6.9  2.4 22 22.9                           
091911080813102005ケルベロス　　　　　　　　　　　　　 16.6  3.3  9.7  0.4  3.7 24 16.2                           
091911080914103176ペプチドリリー　　　　　　　　　　　 18.0  3.5  1.8 -2.6 -0.1 20  0.0                           
091911081015103382ブラックジルベルト　　　　　　　　　 15.5  3.1 -0.5 -2.6 -1.0 19 12.5                           
091911081114100169キョウワベルナルド　　　　　　　　　 47.7  8.2-10.9 -8.1 -6.4 14  0.0                           
091911081215104968ソシアルクラブ　　　　　　　　　　　  2.7  1.3 18.0  9.1  9.3 29 15.0                           
091911090113105844カフジプリンス　　　　　　　　　　　  6.8  1.7 10.4 10.5  7.0 42 22.9                           
091911090215104656センテリュオ　　　　　　　　　　　　  2.0  1.2 18.4 21.3 13.1 48 18.0                           
091911090311102899オウケンブラック　　　　　　　　　　 32.6  5.1 -9.7-10.5 -6.7 28  0.0                           
091911090415104743ギャラッド　　　　　　　　　　　　　 12.7  2.4  5.8  5.4  3.7 39  8.2                           
091911090514100595ミスディレクション　　　　　　　　　  3.8  1.3 18.5 10.1  9.8 45 16.4                           
091911090615104773メールドグラース　　　　　　　　　　  5.8  1.5 15.5 13.1  9.6 45 11.7                           
091911090709103405スズカルパン　　　　　　　　　　　　 28.3  4.5-11.4 -6.1 -6.0 29  0.0                           
091911090813103604アグネスフォルテ　　　　　　　　　　 31.7  4.9 -0.2-15.1 -4.6 30  0.0  0                        
091911090915104384ビッグスモーキー　　　　　　　　　　 12.2  2.3  7.5  7.4  5.0 40  0.0                           
091911100116102089イッツクール　　　　　　　　　　　　  3.6  1.4 15.4 15.7 10.4 55 16.4                           
091911100216102434ロードワンダー　　　　　　　　　　　 28.6  7.9-10.9-14.8 -8.4 37 14.4  0                        
091911100316105553ブリングイットオン　　　　　　　　　  6.6  2.3 10.3 14.1  8.0 53 18.4                           
091911100416101889スタークォーツ　　　　　　　　　　　  7.2  2.4 11.2  1.0  4.4 49  0.0                           
091911100516104470ディアンドル　　　　　　　　　　　　  1.5  1.2 21.8 18.7 13.6 59 18.0                           
091911100616104875シングルアップ　　　　　　　　　　　 11.9  3.5  5.3 -2.2  1.3 46  0.0                           
091911110112100627アングライフェン　　　　　　　　　　  3.3  1.5 14.9 14.8  9.9 55  5.7  4                        
091911110214104332ホーリーブレイズ　　　　　　　　　　 12.8  3.2  6.5 -0.6  2.2 47 15.3                           
091911110312104392オールマンリバー　　　　　　　　　　 10.9  2.9 -8.7 -0.1 -3.2 42 11.8                           
091911110413100057ナムラアラシ　　　　　　　　　　　　  5.0  1.8 17.5 19.3 12.2 57 19.6  2                        
091911110513100001コスモカナディアン　　　　　　　　　  8.3  2.5  5.8 11.2  5.5 50 20.5                           
091911110611104994アスカノロマン　　　　　　　　　　　 26.8  6.0-15.0 -3.5 -6.6 38  0.0                           
091911110714101193キクノルア　　　　　　　　　　　　　 14.7  3.6  2.1 -9.4 -2.0 43  0.0                           
091911110812105830オルナ　　　　　　　　　　　　　　　 43.2  9.2-10.9-10.9 -7.3 38  0.0                           
091911110911102556メイショウスミトモ　　　　　　　　　104.8 20.9-10.9-14.9 -8.5 37  0.0                           
091911111014103298テルペリオン　　　　　　　　　　　　 45.9  9.8 -8.0 -7.0 -5.0 40  0.0                           
091911111110101667カフェリュウジン　　　　　　　　　　 47.2 10.0 -9.7-10.5 -6.7 38  0.0                           
091911111211103833ピオネロ　　　　　　　　　　　　　　  6.8  2.2 16.4  7.5  8.3 53  0.0                           
091911111314101197モズアトラクション　　　　　　　　　  6.3  2.1  9.9 17.5  8.9 54  0.0                           
091911111413102205ヒロブレイブ　　　　　　　　　　　　 42.3  9.1 -5.6 -7.0 -4.2 41  0.0                           
091911111514100510タガノディグオ　　　　　　　　　　　 52.0 11.0-10.9-11.8 -7.5 37  0.0                           
091911111612102157シャイニービーム　　　　　　　　　　 34.7  7.5-10.9 -6.9 -6.1 39 18.0                           
091911120115104444ワイプティアーズ　　　　　　　　　　 33.9  7.0-10.9-10.0 -7.0 23  0.0                           
091911120212100608ティルナノーグ　　　　　　　　　　　 36.3  7.5-10.9-12.4 -7.7 22 18.9                           
091911120314106117ステイオンザトップ　　　　　　　　　  8.0  2.4  6.5  6.6  4.4 34  0.0                           
091911120415101210アルジャーノン　　　　　　　　　　　 18.9  4.3-10.9 -9.0 -6.7 23  0.0                           
091911120515110086エアアルマス　　　　　　　　　　　　  3.9  1.5 10.7 15.2  8.5 38  8.8                           
091911120615103616メイショウオーパス　　　　　　　　　 12.2  3.0  4.9  7.1  3.9 34 12.5  5                        
091911120715105784トライン　　　　　　　　　　　　　　 11.1  2.8 -0.2 28.4  8.4 38  0.0                           
091911120815104763フォックスクリーク　　　　　　　　　  3.4  1.5 18.0 29.1 15.3 45 15.6  1  136   57              
091911120914103751ラヴィングアンサー　　　　　　　　　 15.3  3.6  1.2 -0.7  0.2 30 11.3                           
091911121015104322サウンドキアラ　　　　　　　　　　　  4.8  1.7 10.4 10.6  7.0 37  9.6                           
091911121115100887ダブルシャープ　　　　　　　　　　　  7.8  2.3 16.8  5.7  7.9 38 12.6                           
101915010116101819ナガラスワロー　　　　　　　　　　　 15.8  3.5      18.0  5.4 10 14.0                           
101915010216104481サルトアトランテ　　　　　　　　　　  5.2  1.7  7.2 40.0 14.6 20 16.3  1  148   62              
101915010316102239シャンテ　　　　　　　　　　　　　　 32.2  6.4-11.0  7.5 -1.8  3  0.0                           
101915010416100979リネンリボン　　　　　　　　　　　　 70.3 12.9-10.5-15.0 -8.4 -3  0.0                           
101915010516102584サフランビーナス　　　　　　　　　　 37.5  7.4-10.0-12.5 -7.4 -2  0.0                           
101915010616101171リップグロス　　　　　　　　　　　　 66.1 12.2-12.0-11.1 -7.7 -3  0.0                           
101915010716100619アイトマコト　　　　　　　　　　　　 21.9  4.6-10.5-15.0 -8.4 -3  0.0                           
101915010816105144ハッシュゴーゴー　　　　　　　　　　  2.8  1.4 18.0 25.5 14.3 19 13.8                           
101915010916106313ビオレイメル　　　　　　　　　　　　 15.9  3.6 -2.5  9.1  1.8  7  0.0  5                        
101915011016103721ショウサンシルエラ　　　　　　　　　  4.2  1.6 24.0 30.0 17.8 23 15.0                           
101915011116105328トゥービーシック　　　　　　　　　　 23.5  4.9-10.0-12.5 -7.4 -2  0.0                           
101915011216102621ダイヤーズブルーム　　　　　　　　　  8.2  2.3 12.0 15.0  8.9 14  0.0                           
101915011316100325ビケット　　　　　　　　　　　　　　 13.0  3.0  7.2  9.0  5.3 10  0.0                           
101915011416100066グラマラススカイ　　　　　　　　　　 34.8  6.9-12.0-15.1 -8.9 -4  0.0  0                        
101915011516106603ハハハ　　　　　　　　　　　　　　　 51.3  9.8-12.0-13.7 -8.5 -4  0.0                           
101915011616104235ヒラリークイン　　　　　　　　　　　 72.7 13.3-10.0-12.5 -7.4 -2  0.0                           
101915020116106592ガッサンベリー　　　　　　　　　　　 60.4 11.9-10.0-12.5 -7.4 -2  0.0                           
101915020216101014ワンネス　　　　　　　　　　　　　　  7.9  2.4-11.0 12.5 -0.3  5  0.0                           
101915020316103043コニカルビーカー　　　　　　　　　　 33.5  7.0-12.0-15.0 -8.9 -4  0.0                           
101915020416101603オーミシンゲン　　　　　　　　　　　 60.1 11.8-10.5-15.0 -8.4 -3  0.0                           
101915020516102934サウスパッキオ　　　　　　　　　　　 38.4  8.0-10.0  7.5 -1.4  4  0.0                           
101915020616102127フロレンザール　　　　　　　　　　　  4.9  1.8 18.0 20.8 12.8 18 15.0  2                        
101915020716101448キンショービコー　　　　　　　　　　  6.5  2.1 14.4 18.0 10.7 16 16.3                           
101915020816106504メイショウイギョク　　　　　　　　　  7.9  2.4-10.5  9.0 -1.1  4  0.0                           
101915020916101473ゴールデンチョイス　　　　　　　　　 28.8  6.2-10.0-12.5 -7.4 -2  0.0                           
101915021016105428ラブミーサアヤ　　　　　　　　　　　 15.9  3.8-10.0-18.5 -9.2 -4  0.0  0                        
101915021116102091アマノコマンダー　　　　　　　　　　 37.3  7.8-12.0 -7.9 -6.8 -2  0.0                           
101915021216101784グランツシチー　　　　　　　　　　　 14.8  3.5  7.2  9.0  5.3 10 14.9                           
101915021316100435ニューヨークタヤス　　　　　　　　　  7.0  2.2 12.0 13.5  8.4 13  0.0                           
101915021416110055スマートアクシス　　　　　　　　　　  3.0  1.5 24.0 30.0 17.8 23 13.8  2                        
101915030116105972オレンジオレンジ　　　　　　　　　　 38.4  7.6-12.0-15.0 -8.9 -4  0.0                           
101915030216102552クドシュ　　　　　　　　　　　　　　 63.8 11.9-10.5 -7.9 -6.2 -1  0.0                           
101915030316104896イノセントミューズ　　　　　　　　　  3.6  1.5 12.0 14.2  8.7 14 15.0                           
101915030416106364オーキッドテソーロ　　　　　　　　　 50.5  9.8-12.0-18.9-10.1 -5  0.0  0                        
101915030516102307ビーマイステディ　　　　　　　　　　  3.3  1.4 24.0 30.0 17.8 23 13.8                           
101915030616105749ツクバボニート　　　　　　　　　　　 22.1  4.7-10.0-12.5 -7.4 -2  0.0                           
101915030716101372カウムディー　　　　　　　　　　　　 50.7  9.9-10.0  7.5 -1.4  4  0.0                           
101915030816104724アドマイヤビーナス　　　　　　　　　  8.5  2.4 14.4  4.4  6.6 12  0.0                           
101915030916104857ミッキーセレンディ　　　　　　　　　 19.5  4.3-12.0  9.0 -1.7  3  0.0                           
101915031016105024ウォーターブレイク　　　　　　　　　 12.2  2.9  7.2  8.3  5.1 10  0.0  5                        
101915031116104801エッセンツァ　　　　　　　　　　　　  4.9  1.7-12.0 12.7 -0.6  4 11.4                           
101915031216104719パンドラ　　　　　　　　　　　　　　 23.7  5.0-12.0-15.0 -8.9 -4  0.0                           
101915031316104798シェルメール　　　　　　　　　　　　 45.1  8.9-12.0-15.0 -8.9 -4  0.0                           
101915031416106419トマトーマ　　　　　　　　　　　　　 82.3 15.2-10.0-12.5 -7.4 -2  0.0                           
101915031516104359ブランシェット　　　　　　　　　　　 11.0  2.7 18.0 20.0 12.6 18 18.8                           
101915031616105759ブラックアーシャ　　　　　　　　　　 49.4  9.6-10.0-12.5 -7.4 -2  0.0                           
101915040116100715マイネルカゲツ　　　　　　　　　　　  3.5  1.6 24.0 30.0 17.8 23  9.6                           
101915040216101507ヴァガルーナ　　　　　　　　　　　　 75.6 16.1-10.0-12.5 -7.4 -2  0.0                           
101915040316106415アールウォーケン　　　　　　　　　　 12.7  3.4  7.2  8.3  5.1 10  0.0  5                        
101915040416101066ニットウヴィクスン　　　　　　　　　 32.0  7.4-10.0  7.5 -1.4  4  0.0                           
101915040516106495エイシンモンクール　　　　　　　　　 39.1  8.9-12.0 -1.3 -4.8  0  0.0                           
101915040616101764ニシノポンパドール　　　　　　　　　 40.1  9.1-10.0-12.5 -7.4 -2  0.0                           
101915040716100218グッドカグラ　　　　　　　　　　　　 39.3  8.9-10.5-10.7 -7.1 -2  0.0  0                        
101915040816105909イクスパイアーズ　　　　　　　　　　 75.6 16.1-10.0-12.5 -7.4 -2  0.0                           
101915040916104000シャイニーブランコ　　　　　　　　　  5.8  2.1 12.0 15.0  8.9 14 15.0                           
101915041016101302キスオブライフ　　　　　　　　　　　 48.0 10.7-10.0-12.5 -7.4 -2  0.0                           
101915041116101082クールリアル　　　　　　　　　　　　  7.3  2.4 18.0 22.5 13.4 18 17.5                           
101915041216106327コンボルブルス　　　　　　　　　　　  8.5  2.7-10.5 22.2  2.8  8  0.0  4                        
101915041316100824ヴィクトリアポデル　　　　　　　　　 21.7  5.2-10.0  7.5 -1.4  4  0.0                           
101915041416105456アイルハヴウインズ　　　　　　　　　 22.7  5.4-10.0-12.5 -7.4 -2  0.0                           
101915041516104849ルバクオーリ　　　　　　　　　　　　  8.5  2.7  7.2  3.9  3.8  9  0.0                           
101915041616105884オビワンズドーン　　　　　　　　　　114.8 24.1-10.0-12.5 -7.4 -2  0.0                           
101915041716103272スキップ　　　　　　　　　　　　　　  6.1  2.1 14.4 -9.0  2.6  8 16.3                           
101915041816102751チャリャ　　　　　　　　　　　　　　 27.4  6.4-10.5  9.0 -1.1  4  0.0                           
101915050116100018フォーエロ　　　　　　　　　　　　　 66.0 11.9-10.0-12.5 -7.4 -2  0.0                           
101915050216103376プライムシスター　　　　　　　　　　 16.6  3.6-12.0 18.0  1.0  6  0.0                           
101915050316103573ゴルトグランツ　　　　　　　　　　　 92.2 16.3-12.0-15.0 -8.9 -4  0.0                           
101915050416106469エイシンボールディ　　　　　　　　　 50.9  9.6-12.0-15.0 -8.9 -4  0.0                           
101915050516105704メテオスウォーム　　　　　　　　　　  4.6  1.6 24.0 26.8 16.8 22 15.0  2                        
101915050616105097エスカルラータ　　　　　　　　　　　 58.3 10.6 12.0-15.0 -0.1  5  0.0                           
101915050716106532クワヒカリ　　　　　　　　　　　　　 92.2 16.3-10.0-12.5 -7.4 -2  0.0                           
101915050816101325アイアンミリオン　　　　　　　　　　 42.4  8.1-10.0-12.5 -7.4 -2  0.0                           
101915050916102773マヤノハルモニア　　　　　　　　　　 40.8  7.8-10.0-12.5 -7.4 -2  0.0                           
101915051016102808ジョイクローネ　　　　　　　　　　　 55.4 10.1-10.0  7.5 -1.4  4  0.0                           
101915051116102715ゴーアブロード　　　　　　　　　　　 40.8  7.8-10.0-12.5 -7.4 -2  0.0                           
101915051216104149ツクバソヴァール　　　　　　　　　　 12.8  2.9-10.0 12.5  0.1  5 18.8                           
101915051316104832マイサンシャイン　　　　　　　　　　  6.3  1.9 18.0 15.0 11.1 16  0.0                           
101915051416105290レッドアウローラ　　　　　　　　　　 14.0  3.1  7.2  9.2  5.4 10 14.0  5                        
101915051516104368アルディテッツァ　　　　　　　　　　  6.6  2.0  8.5 22.5  9.9 15  0.0                           
101915051616103759スターオブワンダー　　　　　　　　　 40.8  7.8-10.0-12.5 -7.4 -2  0.0                           
101915051716104375ラバーズケープ　　　　　　　　　　　  2.6  1.3  7.2 16.6  7.6 13 13.8                           
101915051816100583ヤマニンラファーガ　　　　　　　　　 35.2  6.8-11.0-12.5 -7.8 -3  0.0                           
101915060114103596ウイナーズロード　　　　　　　　　　 16.0  3.5-11.0-15.0 -8.5 11 22.5                           
101915060214102415ポーラーブレイズ　　　　　　　　　　 45.3  8.7-10.5-15.0 -8.4 12  0.0                           
101915060314104110マッセル　　　　　　　　　　　　　　 14.7  3.3-12.0-15.5 -9.1 11  0.0  0                        
101915060413102693リバティークイーン　　　　　　　　　 31.5  6.2-10.0-12.5 -7.4 13  0.0                           
101915060515101647タフチョイス　　　　　　　　　　　　  2.4  1.3 24.0 30.0 17.8 38 13.8                           
101915060614104343スリーチャーム　　　　　　　　　　　  6.2  1.9 15.0 18.8 11.1 31  0.0                           
101915060715101771ニシノダンテ　　　　　　　　　　　　 17.1  3.7 -2.5 -9.0 -3.6 16  0.0                           
101915060815110026マッチョベリー　　　　　　　　　　　 45.4  8.7-10.0-12.5 -7.4 13  0.0                           
101915060912102456リッカクロフネ　　　　　　　　　　　 18.3  4.0       4.7  1.4 21  0.0                           
101915061013103699タイキラメール　　　　　　　　　　　  9.2  2.5 18.0  7.8  8.9 29  0.0  5                        
101915061115105581セグレートシチー　　　　　　　　　　 15.5  3.4-10.0  7.5 -1.4 19  0.0                           
101915061215105369シュバルツブリッツ　　　　　　　　　 37.8  7.3-10.0-12.5 -7.4 13  0.0                           
101915061315101569ヤマニンルネッタ　　　　　　　　　　 14.8  3.3  7.2  4.7  4.1 24 14.0                           
101915061415106185ミンナノシャチョウ　　　　　　　　　  5.8  1.9-12.0  9.0 -1.7 18 15.0                           
101915070113104310スフバータル　　　　　　　　　　　　 26.3  5.0-11.0-12.5 -7.8 12  0.0                           
101915070213100206ウインドオブホープ　　　　　　　　　  7.3  2.0  6.0 12.5  5.9 26  0.0                           
101915070315100732コスモグラトナス　　　　　　　　　　 29.0  5.5-11.0  7.5 -1.8 18  0.0                           
101915070414102503アリスカン　　　　　　　　　　　　　 19.3  3.9  6.0  7.5  4.4 24  0.0                           
101915070515104586レッドアルディ　　　　　　　　　　　 20.1  4.1 -1.7  7.6  1.7 22  0.0  5                        
101915070615102168メイプルグレイト　　　　　　　　　　 28.9  5.5-10.0-12.5 -7.4 13  0.0                           
101915070714100407ブラックカード　　　　　　　　　　　  2.5  1.2 18.5 30.0 15.8 36 13.8                           
101915070814101360ブルベアパンサー　　　　　　　　　　 21.8  4.3  7.2  1.5  3.1 23  0.0                           
101915070913105693トウシンタイガー　　　　　　　　　　 12.4  2.8 12.0  2.3  5.1 25 13.1                           
101915071014104516サンマルエンパイア　　　　　　　　　  4.2  1.5  7.2 22.5  9.4 29 16.3                           
101915071114105676メンターモード　　　　　　　　　　　  4.1  1.4 11.6 22.4 11.0 31 15.0                           
101915080114100718パフォーム　　　　　　　　　　　　　 39.0  7.8-11.0-12.5 -7.8 12  0.0                           
101915080215104651アリストライン　　　　　　　　　　　 13.6  3.2 12.0  1.6  4.9 25  0.0                           
101915080314103864プリンセスルーラー　　　　　　　　　  8.9  2.5  7.2 15.0  7.1 27 13.1                           
101915080415101498ジスモンダ　　　　　　　　　　　　　 40.3  8.0-10.0-12.5 -7.4 13  0.0                           
101915080514102151キャンディストーム　　　　　　　　　  4.8  1.7 15.5 22.5 12.4 32 16.3                           
101915080614105436エレクトロニカ　　　　　　　　　　　  3.5  1.5 24.0  8.8 11.4 31 13.8                           
101915080715104257エリンズロマーネ　　　　　　　　　　 13.4  3.1-12.0  5.7 -2.7 17  0.0                           
101915080814102906ウォーブル　　　　　　　　　　　　　  8.8  2.5  6.0  7.5  4.4 24  0.0                           
101915080914106203シャイントレイル　　　　　　　　　　  3.5  1.5 14.1 12.9  9.0 29 15.0                           
101915081015101831プリンセスアール　　　　　　　　　　 20.8  4.5-11.0  7.5 -1.8 18  0.0                           
101915081115102424ルタンメルヴェイユ　　　　　　　　　 23.4  4.9-10.5 -3.5 -4.9 15  0.0                           
101915081215104650アントルシャ　　　　　　　　　　　　 16.7  3.8 14.4-15.0  0.8 21  0.0                           
101915090112104657クローディオ　　　　　　　　　　　　 15.4  3.3  7.2 -1.8  2.1 22  0.0                           
101915090212104654ブロウユアマインド　　　　　　　　　 19.1  3.9-10.5-15.0 -8.4 12  0.0                           
101915090314102159タガノシャルドネ　　　　　　　　　　  8.1  2.2-12.0  9.4 -1.6 18 18.8                           
101915090415105501ハナザカリ　　　　　　　　　　　　　  3.6  1.4 15.0 15.0 10.0 30 15.0                           
101915090515103578スズカワークシップ　　　　　　　　　  6.9  2.0  7.2  9.8  5.6 26  0.0  5                        
101915090614110023リードザフィールド　　　　　　　　　 21.8  4.3-10.0  7.5 -1.4 19  0.0                           
101915090714102254スプリングボックス　　　　　　　　　 17.2  3.6-11.0-15.0 -8.5 11  0.0                           
101915090815101539カイトチャン　　　　　　　　　　　　 26.5  5.0-10.0-12.5 -7.4 13  0.0                           
101915090915104316コロンバスデイ　　　　　　　　　　　  2.7  1.3 20.0 18.8 13.0 33 13.8                           
101915091015100243ウインレーヴドール　　　　　　　　　  5.2  1.6 12.0 25.0 11.9 32 11.4                           
101915100116102924ペプチドオリバー　　　　　　　　　　 20.4  4.6  7.2-15.0 -1.9 18  0.0                           
101915100216102472オースミヌーベル　　　　　　　　　　 89.2 17.2-12.0-15.4 -9.0 11  0.0  0                        
101915100316103884シャイニーロック　　　　　　　　　　 17.4  4.0-12.0  7.3 -2.2 18  0.0                           
101915100416109096フクノワイルド　　　　　　　　　　　 43.0  8.9-12.0-15.0 -8.9 11  0.0                           
101915100516105944ストロングコンビ　　　　　　　　　　 27.4  5.9-10.0-12.5 -7.4 13  0.0                           
101915100616103774グトルフォス　　　　　　　　　　　　  7.5  2.3  7.2  9.5  5.5 25 12.3                           
101915100716100805グレートバニヤン　　　　　　　　　　 28.8  6.1-12.0-15.0 -8.9 11  0.0                           
101915100816102078ラインカリーナ　　　　　　　　　　　  9.4  2.7-10.0  7.5 -1.4 19 18.8                           
101915100916103861ビルジキール　　　　　　　　　　　　 35.4  7.4-12.0 15.0  0.1 20  0.0                           
101915101016103754メイショウオオタカ　　　　　　　　　 25.3  5.5-12.0 -9.9 -7.4 13  0.0                           
101915101116105147バイザディンプル　　　　　　　　　　  6.9  2.2 18.0 -1.7  6.1 26  0.0                           
101915101216100897ロフティネス　　　　　　　　　　　　 35.8  7.5-12.0-13.9 -8.6 11  0.0  0                        
101915101316102182エルモンストロ　　　　　　　　　　　  5.8  2.0 12.0 15.8  9.1 29 15.0                           
101915101416100421モサ　　　　　　　　　　　　　　　　  9.4  2.7 24.0 22.5 15.6 36  0.0                           
101915101516105096ショウナンパンサー　　　　　　　　　  2.7  1.4 14.4 19.9 11.3 31 13.8                           
101915101616106253レクスミノル　　　　　　　　　　　　 39.3  8.1-10.5-15.2 -8.4 12  0.0  0                        
101915110114105317トワイライトライフ　　　　　　　　　 12.5  3.3  6.0 25.0  9.7 40  0.0                           
101915110214104261シュエットヌーベル　　　　　　　　　 34.2  7.9-12.0  9.0 -1.7 28  0.0                           
101915110315104537ボーンスキルフル　　　　　　　　　　  4.2  1.7 14.4 16.6 10.3 40 13.8  3                        
101915110415104855メジャーレート　　　　　　　　　　　  4.9  1.8 18.0 30.0 15.6 46 16.3                           
101915110515104826レディバード　　　　　　　　　　　　 15.5  4.0-10.5 23.4  3.2 33  0.0  1  219   50              
101915110614104249アリンナ　　　　　　　　　　　　　　 11.0  3.0 12.0  3.5  5.4 35  0.0  0                        
101915110715102528タイセイソニック　　　　　　　　　　 15.6  4.0-10.5  9.0 -1.1 29  0.0                           
101915110815101571コンパウンダー　　　　　　　　　　　  4.7  1.8 24.0 22.5 15.6 46 15.0                           
101915110913100724ショウナンアヴィド　　　　　　　　　 23.9  5.7  7.2  4.4  4.0 34  0.0                           
101915111015100854ニシノウララ　　　　　　　　　　　　 18.5  4.6-10.0  7.5 -1.4 29  0.0                           
101915111113105140ピナクルズ　　　　　　　　　　　　　 49.6 11.1-10.0-12.5 -7.4 23  0.0                           
101915111212104814ブリクスト　　　　　　　　　　　　　 30.2  7.0-12.0-15.0 -8.9 21  0.0                           
101915111314105417フナウタ　　　　　　　　　　　　　　 12.4  3.3  7.2-15.0 -1.9 28  0.0                           
101915111415104667アルモニカ　　　　　　　　　　　　　 25.1  5.9 -1.7-15.0 -5.1 25  0.0                           
101915111514100253ペスカネラ　　　　　　　　　　　　　 35.9  8.2-12.0-15.0 -8.9 21  0.0                           
101915111614100786ドウディ　　　　　　　　　　　　　　 64.9 14.0-11.0-12.5 -7.8 22 23.6                           
101915111714103601ゲンパチケンシン　　　　　　　　　　 63.4 13.7-12.0 -9.0 -7.1 23  0.0                           
101915111813106235スパイチャクラ　　　　　　　　　　　 71.3 15.3-12.0 -8.0 -6.8 23  0.0                           
101915120113106425ハートイズハート　　　　　　　　　　 49.5 10.7-10.0-12.5 -7.4 13  0.0                           
101915120214105533ゴールドケープ　　　　　　　　　　　 12.5  3.2-12.0-12.7 -8.2 12 14.0                           
101915120314100568ヤマニンルサリー　　　　　　　　　　 80.0 16.4-10.0-12.5 -7.4 13  0.0                           
101915120414104301モアナブルー　　　　　　　　　　　　 40.0  8.7-10.0-12.5 -7.4 13  0.0                           
101915120515101995カクテルドレス　　　　　　　　　　　  5.2  1.9 12.0 24.4 11.7 32 15.0                           
101915120614104313ルア　　　　　　　　　　　　　　　　 28.2  6.4-10.0-12.5 -7.4 13  0.0                           
101915120715105791タイセイトレンディ　　　　　　　　　  6.0  2.0-12.0 15.3  0.2 20  0.0  3                        
101915120814105413バーミーブリーズ　　　　　　　　　　 20.0  4.8-10.0-12.5 -7.4 13  0.0                           
101915120915104281エトナ　　　　　　　　　　　　　　　 93.4 19.0-10.0-12.5 -7.4 13  0.0                           
101915121014103085マルモレイナ　　　　　　　　　　　　 14.8  3.7 24.0 13.6 12.9 33  0.0                           
101915121114110093コスモペリドット　　　　　　　　　　  3.4  1.6 20.0 18.8 13.0 33 13.8                           
101915121214105813コンピレーション　　　　　　　　　　 12.0  3.1 10.0  7.5  5.9 26 18.8                           
101915121315103381メイショウサンアイ　　　　　　　　　 11.6  3.0  6.0 29.3 11.0 31  0.0                           
101915121415106063リーゼントアイリス　　　　　　　　　 44.1  9.6  7.2-18.9 -3.0 17  0.0  0                        
101915121515106402ゴールデンテソーロ　　　　　　　　　 44.8  9.7-10.0-12.5 -7.4 13  0.0                           
101915121613103576スノーマン　　　　　　　　　　　　　 23.7  5.4-10.0-12.5 -7.4 13  0.0                           
101915121713105847シンシアズブレス　　　　　　　　　　 18.8  4.5-12.0-15.0 -8.9 11  0.0                           
101915121814110035マイネルアムニス　　　　　　　　　　 16.6  4.1  6.0-12.5 -1.5 18  0.0                           
