011822010116105913サクララージャン　　　　　　　　　　 19.1  3.7 -7.0 -5.3 -4.0  1 20.0                           
011822010216104472ピサノメタルシティ　　　　　　　　　 31.4  5.5 -6.0 -1.7 -2.4  3  0.0                           
011822010316110090マキ　　　　　　　　　　　　　　　　  2.6  1.2 17.2 18.1 11.8 17 13.8                           
011822010416110048スポーカンテソーロ　　　　　　　　　  5.8  1.7  6.2 12.8  6.6 12  0.0                           
011822010516101770ラバストーン　　　　　　　　　　　　 30.5  5.4 -7.0 -4.9 -3.9  1  0.0                           
011822010616100683マイネルハイボーン　　　　　　　　　 19.7  3.8  6.0 -2.0  1.1  6  0.0                           
011822010716104642マノアフォールズ　　　　　　　　　　  3.8  1.3 17.3  7.9  8.1 13  0.0                           
011822010816103641エムアイグランツ　　　　　　　　　　 15.1  3.1  1.0 -4.0 -1.2  4  0.0                           
011822010916105583ヤマカツルビー　　　　　　　　　　　  3.3  1.3 13.0 20.9 11.6 17 15.0                           
011822020115104704クルスブランカ　　　　　　　　　　　 33.6  6.4-10.2-10.5 -6.9 -2  0.0                           
011822020215103719ビヨンド　　　　　　　　　　　　　　 30.8  5.9-10.4 -5.3 -5.1  0  0.0                           
011822020315102075サンライズソル　　　　　　　　　　　  4.0  1.5 11.8  7.0  6.1 11 15.0                           
011822020415100073エンドウォーニング　　　　　　　　　 11.9  2.7  7.5  9.9  5.9 11  0.0                           
011822020515104834ポンデザール　　　　　　　　　　　　  4.9  1.6  6.0 -4.2  0.3  5  0.0  0                        
011822020615104782ロイヤルアフェア　　　　　　　　　　  2.7  1.3 19.5 15.1 11.4 16 13.8  2                        
011822020715105273エンドゾーンダンス　　　　　　　　　 34.3  6.5-10.2-10.7 -7.0 -2  0.0                           
011822020815100019ワイズワン　　　　　　　　　　　　　 35.0  6.6 -5.8 -2.5 -2.7  2  0.0                           
011822020915105865ブルックリン　　　　　　　　　　　　 26.1  5.1 -7.0-20.0 -9.4 -4  0.0                           
011822021015104471ファイトアローン　　　　　　　　　　  5.4  1.7 10.5 12.0  7.6 13 17.5  5                        
011822021115100808アイムワン　　　　　　　　　　　　　 18.8  3.9  5.5  7.5  4.4  9  0.0                           
011822021215103265ナムラシシマル　　　　　　　　　　　 20.8  4.3  8.5  3.6  3.9  9  0.0                           
011822030115104564ディエルベ　　　　　　　　　　　　　 11.6  2.8  7.3  3.5  3.5  8  0.0                           
011822030215104407ミッキーガーデン　　　　　　　　　　 11.2  2.8  8.1  7.0  5.0 10  0.0                           
011822030315101647タフチョイス　　　　　　　　　　　　  2.5  1.3 18.8 40.0 20.3 25 13.8  1  174   89              
011822030415101184インプレスシチー　　　　　　　　　　 19.0  4.2-10.2 -2.8 -4.1  1  0.0                           
011822030515105807テンポディヴァルス　　　　　　　　　 17.4  3.9 -0.3 12.0  4.3  9  0.0                           
011822030615100873スズカハイライト　　　　　　　　　　  5.8  1.9  9.8-20.0 -4.4  1 15.0                           
011822030715104954メバエ　　　　　　　　　　　　　　　  6.3  2.0 15.3 12.6  9.2 14  0.0                           
011822030815105830ブレイクスピアー　　　　　　　　　　  5.8  1.9 13.3 13.3  8.9 14  0.0                           
011822030915106329テイエムブルグッコ　　　　　　　　　 38.6  7.8-10.2-10.5 -6.9 -2  0.0                           
011822031015104432レッドラギド　　　　　　　　　　　　 39.3  7.9-10.2-10.5 -6.9 -2  0.0                           
011822031115101114トーセンフェイム　　　　　　　　　　 31.5  6.5-10.2-10.7 -7.0 -2  0.0                           
011822031215103252トーホウキャサリン　　　　　　　　　 20.8  4.6 -3.8 -5.3 -3.1  2 23.8                           
011822031315106353クリノクノイチ　　　　　　　　　　　 65.0 12.3-11.0-11.7 -7.6 -3  0.0                           
011822031415101997オールウェイ　　　　　　　　　　　　 52.5 10.3-10.2-10.5 -6.9 -2  0.0                           
011822040115101716マサノアッレーグラ　　　　　　　　　  2.8  1.3 17.3 25.6 14.6 20 13.8  3                        
011822040215102961ヒロノエイタツ　　　　　　　　　　　 24.3  4.8  1.0  8.5  3.4  8  0.0                           
011822040315105260ワンダースイルーロ　　　　　　　　　 22.0  4.4 -0.3  6.3  2.2  7  0.0                           
011822040415104618レッドテオドーラ　　　　　　　　　　 31.9  6.0 -6.0 -4.0 -3.3  2  0.0  5                        
011822040515103892ファーベライト　　　　　　　　　　　  4.8  1.6 12.4  7.0  6.3 11  0.0                           
011822040615105356サルーバアスール　　　　　　　　　　 75.7 13.1 -3.8-15.3 -6.8 -2  0.0  0                        
011822040715100114モンパルナス　　　　　　　　　　　　 12.1  2.7 -3.5 -5.8 -3.2  2  0.0                           
011822040815104525デルマシードル　　　　　　　　　　　 84.2 14.4-10.4-10.7 -7.0 -2  0.0                           
011822040915101775セイウンキャンティ　　　　　　　　　 63.2 11.0-10.2 -6.0 -5.3  0  0.0                           
011822041015105979エイワファースト　　　　　　　　　　 25.7  5.0 -7.0 -0.6 -2.3  3  0.0                           
011822041115102094ダイメイスズ　　　　　　　　　　　　  3.6  1.4 17.5 21.0 12.9 18 15.0                           
011822041215106083ラストノビーガール　　　　　　　　　 99.9 17.0-10.2-13.2 -7.9 -3  0.0  0                        
011822041315105712ミヤビチーター　　　　　　　　　　　 34.1  6.4 -5.8-10.7 -5.7 -1  0.0                           
011822041415102988アルレーサー　　　　　　　　　　　　 15.7  3.4  8.3 -9.1 -0.8  4  0.0                           
011822041515106082ラブセイナ　　　　　　　　　　　　　 12.8  2.9 -0.3 10.2  3.7  9 18.8  5                        
011822041615104800タイプツーエー　　　　　　　　　　　 31.2  5.9 -7.0 -5.9 -4.3  1  0.0                           
011822050116104961ディーイストワール　　　　　　　　　  5.9  2.2 12.5 12.0  8.1  8 16.3                           
011822050216104799ミッキーポテト　　　　　　　　　　　  8.4  2.8  9.5  6.2  5.1  5  0.0                           
011822050316105220マサハヤブリュッヘ　　　　　　　　　 58.8 13.6-10.2-10.5 -6.9 -7  0.0                           
011822050416104660パルティアーモ　　　　　　　　　　　 12.0  3.4 -2.0 16.7  5.5  6  0.0                           
011822050516104862グラッパディローザ　　　　　　　　　  6.1  2.2  8.1  7.9  5.3  5 17.5                           
011822050616105708ジェミーウェイ　　　　　　　　　　　 16.9  4.6  1.8 -3.8 -0.9 -1  0.0                           
011822050716101147ロードリバーサル　　　　　　　　　　 10.7  3.1  8.9  3.3  3.9  4  0.0                           
011822050816104695リオンリオン　　　　　　　　　　　　  4.9  2.0 13.6  4.4  5.7  6 13.8                           
011822050916104645モンオール　　　　　　　　　　　　　  8.4  2.8  2.2 20.0  8.0  8  0.0                           
011822051016106060ヘルメット　　　　　　　　　　　　　 24.2  6.1-10.0 -9.6 -6.5 -7  0.0                           
011822051116106225パラーティウム　　　　　　　　　　　 24.5  6.2 -0.5  0.5  0.0  0  0.0                           
011822051216104549カウディーリョ　　　　　　　　　　　  5.6  2.1 -5.0 -2.4 -2.4 -2  0.0  0                        
011822051316104291ディバインフォース　　　　　　　　　 51.1 12.2-10.0-10.5 -6.8 -7  0.0                           
011822051416102324ヒッチコック　　　　　　　　　　　　 19.9  5.2-10.2-20.0-10.4-10  0.0  0                        
011822060114105780サルタート　　　　　　　　　　　　　 29.3  5.6  2.6  5.2  2.7 23  0.0                           
011822060213103699タイキラメール　　　　　　　　　　　 12.0  2.7 -7.0-11.7 -6.4 14  0.0                           
011822060315105402アインツェルカンプ　　　　　　　　　 40.7  7.5-10.2  1.8 -2.4 18  0.0                           
011822060414105134ブランオラージュ　　　　　　　　　　 15.2  3.3 10.1  5.6  5.1 25  0.0                           
011822060515103934タイセイパルフェ　　　　　　　　　　 18.4  3.8 -7.0  1.1 -1.7 18 21.3                           
011822060614100428カズマペッピーノ　　　　　　　　　　  3.1  1.3 14.1 14.1  9.4 29 13.8                           
011822060715102035カフジフェニックス　　　　　　　　　 31.0  5.9 -3.8 -7.1 -3.7 16  0.0                           
011822060814104427ヴォーガ　　　　　　　　　　　　　　 23.9  4.7  0.6-10.2 -3.6 16  0.0                           
011822060914102717コマノレジェンド　　　　　　　　　　  3.1  1.3 17.6 18.1 11.9 32  0.0                           
011822061014101353サンデュランゴ　　　　　　　　　　　 14.1  3.1 -6.7  6.4  0.3 20  0.0                           
011822061113102729サマニー　　　　　　　　　　　　　　 24.8  4.8 -0.3-15.3 -5.7 14  0.0  0                        
011822061215104354トラベリング　　　　　　　　　　　　  3.8  1.4 15.4  3.5  5.9 26 16.3                           
011822070115103562ハギノアグレッシブ　　　　　　　　　 13.2  3.6-10.2-15.6 -8.8 11  0.0  0                        
011822070215104534スパイスマジック　　　　　　　　　　  6.2  2.2 13.7 12.7  8.8 29  0.0                           
011822070315101609ミュゼット　　　　　　　　　　　　　  8.7  2.8  3.8 11.5  5.4 25  0.0                           
011822070415103010ペプチドオーキッド　　　　　　　　　 17.5  4.5  1.7 -5.5 -1.5 18  0.0                           
011822070515105904グローバルビジネス　　　　　　　　　 41.2  9.6-10.2-10.5 -6.9 13  0.0                           
011822070614102395ペイシャボム　　　　　　　　　　　　 28.8  6.9 -4.0  7.0  1.4 21  0.0                           
011822070714102280ペイシャブルー　　　　　　　　　　　 35.7  8.4-10.2-10.5 -6.9 13  0.0                           
011822070815102371ロードラナキラ　　　　　　　　　　　  5.7  2.1 -3.0  6.0  1.3 21 15.0                           
011822070913105693トウシンタイガー　　　　　　　　　　 56.3 12.6 -3.8-12.1 -5.6 14  0.0                           
011822071012100005マイネルネッツ　　　　　　　　　　　  9.0  2.9 -4.7  9.2  2.0 22  0.0                           
011822071115104894キミワテンマ　　　　　　　　　　　　  4.0  1.7 15.7 13.2  9.6 30 13.8  4                        
011822071215104771コリーヌヴェルト　　　　　　　　　　  5.7  2.1  8.6  9.6  6.1 26  0.0                           
011822071313103653ライトブリンガー　　　　　　　　　　 34.3  8.1 -3.5-10.5 -4.9 15  0.0                           
011822071414106188アドマイヤプリヴ　　　　　　　　　　  8.1  2.7  9.4 11.6  7.1 27 18.8                           
011822080115102744クリノローランサン　　　　　　　　　 73.9 12.4-10.2-12.8 -7.8 12  0.0                           
011822080214102146リリックドラマ　　　　　　　　　　　  3.1  1.3 17.7 14.3 10.6 31  0.0                           
011822080314105461シアン　　　　　　　　　　　　　　　 38.6  7.0-10.2-10.5 -6.9 13  0.0                           
011822080414106047ピスカデーラ　　　　　　　　　　　　 28.2  5.3  0.9  6.3  2.6 23  0.0                           
011822080513105334アルティマヒート　　　　　　　　　　 23.6  4.5 -7.0-10.5 -5.9 14  0.0                           
011822080614106218ルヴォワール　　　　　　　　　　　　  3.0  1.3 14.5 24.2 13.2 33 13.8                           
011822080715100170レユシット　　　　　　　　　　　　　 24.9  4.7 -3.5-20.0 -8.4 12  0.0                           
011822080814105277タンタグローリア　　　　　　　　　　  5.2  1.6 15.5 29.5 15.5 35 16.3                           
011822080912103146ゴージャスガール　　　　　　　　　　 19.7  3.9 -3.8 -6.6 -3.6 16 20.0  0                        
011822081014106068アドマイヤアルパマ　　　　　　　　　  5.7  1.7  9.4 14.9  8.3 28  0.0                           
011822081111100063ビレッジソング　　　　　　　　　　　 38.4  6.9  0.4  6.2  2.4 22  0.0                           
011822081214101620ショウナンサザナミ　　　　　　　　　 15.0  3.1  2.9 -7.1 -1.7 18  0.0  0                        
011822081314100716フィーリングハート　　　　　　　　　 34.4  6.3 -7.0-20.0 -9.4 11  0.0                           
011822090116106141アドレ　　　　　　　　　　　　　　　  3.5  1.4 16.0 10.9  8.8 54  0.0                           
011822090216102960クラファルコン　　　　　　　　　　　 32.6  6.4 -8.1 -2.0 -3.2 42  0.0                           
011822090316100926ウインゼノビア　　　　　　　　　　　  4.4  1.5  8.6 15.7  8.3 53 16.3                           
011822090416100394セツゲツカ　　　　　　　　　　　　　 62.9 11.5 -8.1-10.0 -6.1 39  0.0                           
011822090516104454アカネサス　　　　　　　　　　　　　  3.2  1.4 17.5 12.5  9.8 55 13.8                           
011822090616105637パブロフテソーロ　　　　　　　　　　 17.7  3.8  0.5  3.3  1.4 46  0.0                           
011822090716105718スズカユース　　　　　　　　　　　　 16.4  3.6  4.9 -2.0  0.7 46 21.3                           
011822090816103825トーセンガーネット　　　　　　　　　 46.6  8.9 -1.3-10.0 -4.1 41  0.0                           
011822090916105313ナーゲルリング　　　　　　　　　　　 19.2  4.1  2.6  9.0  4.1 49  0.0                           
011822091016105513タイドオブハピネス　　　　　　　　　 16.3  3.6  0.7  1.1  0.6 46  0.0                           
011822091116103958クラヴィスオレア　　　　　　　　　　  8.9  2.4  8.0  1.2  2.8 48  0.0                           
011822091216101991アンビートゥン　　　　　　　　　　　 10.7  2.6 -8.1-10.0 -6.1 39  0.0                           
011822091316106473サキコトレーヴォ　　　　　　　　　　 58.3 10.7 -8.1-10.0 -6.1 39  0.0                           
011822100114103187フェリシアルチア　　　　　　　　　　 18.8  4.0 -7.0 -3.0 -3.2 27  0.0                           
011822100212102766グレートブレス　　　　　　　　　　　 38.1  7.3-10.2 -2.5 -4.0 26  0.0                           
011822100312102200トキワ　　　　　　　　　　　　　　　 19.1  4.0 -0.5  3.3  1.1 31 22.5                           
011822100415110078コパノキッキング　　　　　　　　　　  2.9  1.3 20.5 28.8 16.7 47 13.8                           
011822100513106137サクレディーヴァ　　　　　　　　　　  7.6  2.2  8.5  5.2  4.5 34  0.0                           
011822100612104581クラシコ　　　　　　　　　　　　　　  5.0  1.7 10.5 20.1 10.5 41  0.0  4                        
011822100714104589タマモコーラス　　　　　　　　　　　  3.7  1.5 13.6 15.8  9.9 40 15.0                           
011822100814100128テイエムチェロキー　　　　　　　　　  8.6  2.4  7.3  8.3  5.2 35  0.0                           
011822100912101351リリーウイナー　　　　　　　　　　　 45.0  8.5-10.2-20.0-10.4 20  0.0                           
011822101015101286エンゲージリング　　　　　　　　　　 13.7  3.1  7.5  6.6  4.7 35  0.0                           
011822101113103189シアワセデス　　　　　　　　　　　　 22.6  4.6 -3.0-10.5 -4.8 25  0.0                           
011822101213110026アメリカントップ　　　　　　　　　　 31.3  6.1-10.2 -5.3 -5.0 25  0.0                           
011822110112100939マルターズアポジー　　　　　　　　　 33.0  7.5-10.0  0.5 -2.8 52  0.0                           
011822110214105304サングレーザー　　　　　　　　　　　  6.5  2.2  9.0  5.0  4.5 60  0.0                           
011822110313106055アストラエンブレム　　　　　　　　　 45.1 10.0 -2.0-20.0 -7.9 47  0.0  0                        
011822110414100971マイスタイル　　　　　　　　　　　　 12.7  3.3  9.5 -9.1 -0.5 55  0.0                           
011822110513105788マカヒキ　　　　　　　　　　　　　　  4.3  1.8 10.5 18.3  9.9 65 13.8                           
011822110613102955クロコスミア　　　　　　　　　　　　 32.2  7.4 -5.0-10.5 -5.3 50  0.0                           
011822110715106299ゴーフォザサミット　　　　　　　　　 15.6  4.0 -2.0 -3.4 -1.8 53  0.0                           
011822110811103978ネオリアリズム　　　　　　　　　　　  7.5  2.4  9.2 14.3  8.0 63 17.5  5                        
011822110911102151サクラアンプルール　　　　　　　　　 11.2  3.0  8.9  6.4  5.0 60  0.0                           
011822111014105517スティッフェリオ　　　　　　　　　　 32.8  7.5-10.2-10.5 -6.9 48  0.0                           
011822111113105471ナイトオブナイツ　　　　　　　　　　 42.5  9.5-10.0-12.2 -7.5 48  0.0                           
011822111211104377サウンズオブアース　　　　　　　　　 45.6 10.1-10.2-10.5 -6.9 48  0.0                           
011822111311105898スズカデヴィアス　　　　　　　　　　 15.0  3.8-10.2 24.0  5.7 61  0.0  3                        
011822111414106160ミッキースワロー　　　　　　　　　　  4.3  1.8 10.9  6.2  5.5 61  0.0                           
011822111514102565モズカッチャン　　　　　　　　　　　  7.5  2.4 10.3 24.0 11.9 67 18.8  3                        
011822111615100513アイトーン　　　　　　　　　　　　　106.6 22.2-10.0-10.5 -6.8 48  0.0                           
011822120115103089ミコジェンヌ　　　　　　　　　　　　 35.3  7.1-10.2-10.7 -7.0 13  0.0                           
011822120214102363リュウシンローズ　　　　　　　　　　100.2 18.3-10.2-10.7 -7.0 13  0.0                           
011822120313106425ハートイズハート　　　　　　　　　　 66.8 12.4-11.0-10.7 -7.2 13  0.0                           
011822120415102391ロードラズライト　　　　　　　　　　  8.2  2.3  5.6 -8.3 -1.4 19  0.0                           
011822120514110035マイネルアムニス　　　　　　　　　　 19.8  4.3  8.9 12.3  7.2 27  0.0                           
011822120614109096ジャストザマリン　　　　　　　　　　 23.8  5.0 -2.6 -5.8 -2.9 17  0.0                           
011822120715110030デルマキセキ　　　　　　　　　　　　 41.7  8.2  2.6-10.5 -3.1 17  0.0                           
011822120812103844ジェットコルサ　　　　　　　　　　　  5.2  1.7  9.8 11.2  7.0 27 16.3                           
011822120915100966ティーズロワール　　　　　　　　　　 95.1 17.4 -8.1-10.0 -6.1 14  0.0                           
011822121014101803ポップシンガー　　　　　　　　　　　 10.6  2.6  9.7  6.4  5.3 25  0.0                           
011822121113101901マイネルパッセ　　　　　　　　　　　  3.7  1.5  6.1  8.2  4.8 25  0.0                           
011822121215104115アンフィーサ　　　　　　　　　　　　 42.2  8.3 -8.1-10.0 -6.1 14  0.0                           
011822121314104261シュエットヌーベル　　　　　　　　　  3.2  1.4 17.3 20.0 12.5 33 13.8                           
011822121415105287リンシャンカイホウ　　　　　　　　　 14.0  3.2  0.6 11.6  4.4 24  0.0                           
011822121513110135ボスキャットグレイ　　　　　　　　　 35.0  7.0-10.0-10.5 -6.8 13  0.0                           
011822121615101706ティーカラット　　　　　　　　　　　 19.2  4.2 -5.8 -3.5 -3.0 17 21.3                           
041828010116100220ヤサカリベルテ　　　　　　　　　　　 11.8  2.9  7.6  8.1  5.3 10 11.6                           
041828010216103441セイウンカイザー　　　　　　　　　　 31.4  6.5 -9.1  1.6 -2.1  3  9.2                           
041828010316105107カメチャン　　　　　　　　　　　　　 18.0  4.1  4.6-17.8 -5.1  0  0.0                           
041828010416104919シャドウセッション　　　　　　　　　  2.9  1.4 15.0 23.6 13.2 18 18.1                           
041828010516102513ヤマタケアンジュ　　　　　　　　　　102.9 19.4-11.4-17.3 -9.8 -5  0.0  0                        
041828010616104052マイネルライズ　　　　　　　　　　　 38.3  7.8-11.4-13.5 -8.4 -3  0.0                           
041828010716104991サトノプロミネント　　　　　　　　　 11.1  2.8  2.1 31.4 12.1 17  0.0                           
041828010816104314ジェイドパンニャー　　　　　　　　　 58.1 11.2-10.0-11.0 -7.0 -2 15.7                           
041828010916100719コロポックル　　　　　　　　　　　　128.2 24.0-11.4-14.1 -8.6 -4  0.0  0                        
041828011016105598グリーンティー　　　　　　　　　　　  4.8  1.7 14.0  9.6  7.7 13  0.0                           
041828011116104403マロリン　　　　　　　　　　　　　　  9.0  2.6  6.0  3.2  3.0  8 14.5                           
041828011216105813ウォリアー　　　　　　　　　　　　　241.5 44.6-10.0-14.9 -8.5 -3  0.0                           
041828011316105943サイゴウパワー　　　　　　　　　　　 74.9 14.3-11.3  4.5 -1.7  3  0.0                           
041828011416100342ダンスナンバー　　　　　　　　　　　165.3 30.8-11.4-14.3 -8.7 -4  0.0                           
041828011516102493ウインレフィナード　　　　　　　　　  5.4  1.8 20.0  8.1  9.0 14  0.0                           
041828011616104154トーアマーブル　　　　　　　　　　　 53.3 10.6-11.3-11.1 -7.5 -2  0.0                           
041828011716104661フラッシュノワール　　　　　　　　　  8.3  2.4  9.4 13.3  7.7 13  6.7                           
041828011816104149ツクバソヴァール　　　　　　　　　　 53.3 10.6-11.4-11.0 -7.5 -2  0.0                           
041828020115103565レコンキスタシチー　　　　　　　　　 30.5  5.7 -2.6  8.0  2.2  7  0.0                           
041828020215105839ソリフロール　　　　　　　　　　　　  7.9  2.2 13.0 13.7  8.9 14  0.0                           
041828020315105263バーキンブライアン　　　　　　　　　123.2 20.6-13.3 -5.4 -6.0 -1  0.0                           
041828020415106330ディアローグ　　　　　　　　　　　　  4.6  1.5 12.6 14.0  8.9 14 21.4                           
041828020515103883ケンレヴァンテ　　　　　　　　　　　143.8 23.9 -9.5-13.5 -7.8 -3  0.0                           
041828020615105307ネイビークロス　　　　　　　　　　　 38.2  7.0-10.0-12.8 -7.7 -3  0.0                           
041828020715104838アルビオリクス　　　　　　　　　　　  3.0  1.3 16.7 19.5 12.2 17 18.1                           
041828020815103834シンデレラ　　　　　　　　　　　　　 11.8  2.7  5.8  6.3  4.1  9  0.0                           
041828020915100243ウインレーヴドール　　　　　　　　　  3.2  1.4 20.0 22.9 14.4 19 19.8                           
041828021015104722ボウルオブチェリー　　　　　　　　　 61.0 10.5 -7.4 -1.8 -2.9  2  0.0                           
041828021115104119エレガントテソーロ　　　　　　　　　 45.9  8.3-11.4  4.0 -2.0  3  0.0                           
041828021215102158アスクヴション　　　　　　　　　　　 63.9 11.0-10.0-10.0 -6.7 -2  0.0                           
041828021315104770ワークジュニア　　　　　　　　　　　 13.9  3.0-10.0  7.6 -0.2  5  0.0                           
041828021415104678ツインクルテソーロ　　　　　　　　　 18.7  3.8  6.0  9.6  5.3 10  0.0                           
041828021515104653ミッキーアトアニ　　　　　　　　　　 36.6  6.8 -4.6 -2.7 -2.4  3  0.0                           
041828030115102407メモリーブレッド　　　　　　　　　　 19.5  3.9-10.0-14.1 -8.2 -3  0.0                           
041828030215106498ドゥエンデ　　　　　　　　　　　　　 66.6 11.4  6.0  6.9  4.3  9  0.0                           
041828030315100449ロジフレンチ　　　　　　　　　　　　 27.5  5.2 10.0 -2.4  2.1  7  9.1                           
041828030415103994トーアスサノオー　　　　　　　　　　 58.1 10.0-11.4 -5.3 -5.4  0  0.0                           
041828030515104459レッドアグラード　　　　　　　　　　 16.9  3.5  4.4  0.7  1.6  7  7.7                           
041828030615103328オオイリ　　　　　　　　　　　　　　 14.0  3.0 -8.1 -9.8 -6.0 -1  0.0                           
041828030715106240ハッピーファースト　　　　　　　　　 58.9 10.1-10.0 -7.6 -5.8 -1  0.0                           
041828030815104164プロットデバイス　　　　　　　　　　 18.6  3.8 -0.5 -0.9 -0.5  5  0.0                           
041828030915102523ドミネーター　　　　　　　　　　　　  5.5  1.7 15.0 14.7  9.9 15  6.3  3                        
041828031015105750トニーハピネス　　　　　　　　　　　 28.5  5.4 -2.7-17.8 -7.3 -2  0.0                           
041828031115106033バトルフガクオウ　　　　　　　　　　  2.3  1.3 12.0 21.4 11.4 16 18.1                           
041828031215100360カネトシダウティ　　　　　　　　　　 85.9 14.5-10.0 -7.0 -5.6 -1  0.0                           
041828031315105063サトノプレスト　　　　　　　　　　　  7.2  2.0 10.7  3.9  4.6 10  9.6                           
041828031415100573ヤマニンウリエル　　　　　　　　　　 74.0 12.6 -4.7-10.2 -5.2  0  0.0                           
041828031515104118ヴィジリア　　　　　　　　　　　　　  4.6  1.6  6.0 21.6  9.7 15 14.0                           
041828040114100839ショウナンダリア　　　　　　　　　　 31.7  6.4 20.0 -7.6  3.2  3  0.0                           
041828040212104172オメガタックスマン　　　　　　　　　  5.6  1.8 16.0 11.6  9.1  9 15.1                           
041828040312104466バイオンディップス　　　　　　　　　 21.9  4.6  0.4 -0.5 -0.1  0  0.0                           
041828040414110056メリオラ　　　　　　　　　　　　　　  2.6  1.3 22.0 19.6 13.8 14 18.1                           
041828040514104771トーヨーピース　　　　　　　　　　　  6.2  1.9-10.4 13.5  1.8  2  6.8                           
041828040612105503タイキオールブルー　　　　　　　　　 44.5  8.7-12.5-15.1 -9.3 -9  0.0  0                        
041828040712100089パイロキシン　　　　　　　　　　　　 34.5  6.9 20.7-10.0  2.5  3  0.0                           
041828040813103250アカネバローロ　　　　　　　　　　　 37.0  7.3-10.4-10.1 -6.8 -7  0.0                           
041828040915101012マーブルタンギー　　　　　　　　　　 41.7  8.2-12.5-10.1 -7.5 -7  0.0                           
041828041010103284ユキノマルガリータ　　　　　　　　　 29.7  6.0-10.0  4.6 -1.3 -1  0.0                           
041828041112104617ココスタイル　　　　　　　　　　　　  5.2  1.7 15.6 18.9 11.6 12  8.2                           
041828041212100996レジェンドパワー　　　　　　　　　　 14.9  3.4  6.0  4.3  3.4  3  7.7                           
041828041314104404フォルテメンテ　　　　　　　　　　　 32.1  6.4-10.0-17.8 -9.5-10  0.0                           
041828041412101892スマートカルロス　　　　　　　　　　  8.0  2.3 11.4  8.7  6.6  7  7.2                           
041828050116105972オレンジオレンジ　　　　　　　　　　  4.1  1.7 19.9 14.5 11.3 11 11.6                           
041828050216106295ローズギフト　　　　　　　　　　　　 46.9 10.0-11.4-10.0 -7.1 -7  0.0                           
041828050316101719マルブツメロディー　　　　　　　　　 14.1  3.5  3.6  2.1  1.9  2  0.0                           
041828050416104608プロスペリティ　　　　　　　　　　　  3.9  1.6 12.2 18.2 10.3 10 12.8                           
041828050516104481サルトアトランテ　　　　　　　　　　  5.7  2.0 12.9 24.8 13.0 13 12.5  1  216   33              
041828050616101085アデリナ　　　　　　　　　　　　　　 13.2  3.3 12.5  3.3  5.0  5  8.2                           
041828050716103858トーセンジェード　　　　　　　　　　  7.3  2.3  7.5  5.7  4.3  4  0.0                           
041828050816104859ミリオンスターズ　　　　　　　　　　 10.7  2.8 10.9 16.5  9.3  9 10.9C                          
041828050916102088ケイスター　　　　　　　　　　　　　 28.2  6.3 -6.9-11.0 -6.1 -6  0.0                           
041828051016105404アラニ　　　　　　　　　　　　　　　 37.4  8.1-11.4-17.3 -9.8-10  0.0                           
041828051116104790ラバーブ　　　　　　　　　　　　　　  5.9  2.0  6.0 21.4  9.6 10  9.6                           
041828051216100077セイウンメラビリア　　　　　　　　　 47.5 10.1 -9.1-10.9 -6.7 -7  0.0                           
041828051316100339シナモンシュガー　　　　　　　　　　 74.9 15.2-10.0 -6.3 -5.3 -5  0.0                           
041828051416105874フラワーパレス　　　　　　　　　　　 58.6 12.0-10.0-14.9 -8.5 -8  0.0                           
041828060116102871ラウズアップ　　　　　　　　　　　　197.5 37.9-11.4-11.4 -7.6 -8  0.0                           
041828060216106152トモジャナイト　　　　　　　　　　　 38.5  8.1-10.0 -6.3 -5.3 -5  0.0                           
041828060316100745スペキュラース　　　　　　　　　　　  6.6  2.1 15.1 13.8  9.6 10 16.3                           
041828060416110049ボストンテソーロ　　　　　　　　　　  5.7  1.9 -0.2 15.7  5.7  6  0.0                           
041828060516105502ホウオウカトリーヌ　　　　　　　　　  6.6  2.1 12.8 14.5  9.2  9  7.2                           
041828060616100083シゲルリンカイセキ　　　　　　　　　134.7 26.1-11.4-12.9 -8.1 -8  0.0                           
041828060716105122スターアイランド　　　　　　　　　　  7.7  2.4  8.3  6.3  4.8  5  7.7                           
041828060816101313ポルタメント　　　　　　　　　　　　 28.2  6.1  6.0  1.0  2.2  2  9.1                           
041828060916103199マイネルエストック　　　　　　　　　 23.3  5.2  6.2 -4.8  0.1  0  0.0                           
041828061016100127ボルンタード　　　　　　　　　　　　 59.1 11.8-10.0-16.0 -8.9 -9  0.0  0                        
041828061116106357リンガスハット　　　　　　　　　　　 31.4  6.7-10.0  6.9 -0.5  0  0.0                           
041828061216105617セイガイハ　　　　　　　　　　　　　108.7 21.2-11.3-11.0 -7.4 -7  0.0                           
041828061316103615カステヘルミ　　　　　　　　　　　　 20.1  4.6 -9.1 20.2  4.7  5  0.0                           
041828061416104870エスプランデル　　　　　　　　　　　  4.8  1.8 14.1  7.3  6.9  7  8.2                           
041828061516104855ダノンジャスティス　　　　　　　　　  3.1  1.5 20.2 16.2 12.0 12 18.1                           
041828061616101014ワンネス　　　　　　　　　　　　　　 78.4 15.4 -9.1 -9.8 -6.3 -6  0.0                           
041828070115105401スターライトキス　　　　　　　　　　  6.1  2.0  5.8 23.9 10.5 16  6.2                           
041828070215102972ルリエフ　　　　　　　　　　　　　　 23.3  5.1 20.0  4.6  7.7 13  0.0                           
041828070315100302キョウエイダブリン　　　　　　　　　 96.1 18.7-10.0-11.4 -7.2 -2  0.0                           
041828070415100869ライゴッド　　　　　　　　　　　　　 15.1  3.6  2.1 -2.6 -0.3  5  0.0                           
041828070515102564エリープラネット　　　　　　　　　　  6.1  2.0-10.0 17.8  3.5  9  9.6                           
041828070615100977フィールグッド　　　　　　　　　　　  3.9  1.6-10.4 13.5  1.8  7 19.8                           
041828070715103632マコトエギエネス　　　　　　　　　　 13.6  3.3 -0.3 12.1  4.3  9  0.0                           
041828070815101572グリーンケープ　　　　　　　　　　　144.0 27.6-10.0-11.6 -7.3 -2  0.0                           
041828070915101081ヴォーグショコラ　　　　　　　　　　 72.1 14.2-10.0  6.4 -0.7  4  0.0                           
041828071015101985ブロンドキュート　　　　　　　　　　 15.3  3.6 10.0  5.1  4.9 10  8.7                           
041828071115102556サクラメント　　　　　　　　　　　　 69.1 13.6-10.0-17.9 -9.6 -5  0.0                           
041828071215101449ミッキーマンドリン　　　　　　　　　  8.4  2.5  4.9 10.4  5.3 10  0.0  0                        
041828071315100304ダブルミリオン　　　　　　　　　　　 18.5  4.3-10.0-14.1 -8.2 -3  9.2                           
041828071415105239レガロデルソル　　　　　　　　　　　  3.6  1.6 20.7 17.2 12.5 18 12.8                           
041828071515103602ティアップアリア　　　　　　　　　　 30.1  6.4  6.0-12.1 -2.6  2  0.0                           
041828080112102830ポントス　　　　　　　　　　　　　　  6.7  2.2  6.0  9.3  5.2 25  6.8                           
041828080213104128ドゥラリュール　　　　　　　　　　　  3.7  1.6 15.6 13.5  9.6 30  7.5A                          
041828080314104044ハートオブスワロー　　　　　　　　　 72.2 14.5-11.4-12.9 -8.1 12  0.0                           
041828080412100309ジャコバイティズム　　　　　　　　　  5.4  1.9 10.0 14.4  8.3 28  0.0                           
041828080514101121フジマサクイーン　　　　　　　　　　 41.8  8.9-10.0-14.1 -8.2 12  0.0  0                        
041828080615100355ネコワシ　　　　　　　　　　　　　　 15.2  3.7 -0.2 10.7  3.9 24  0.0                           
041828080714103937ピアノイッチョウ　　　　　　　　　　 19.7  4.6 20.0 10.2  9.7 30 13.0A                          
041828080814101632ダイヤグラム　　　　　　　　　　　　 60.5 12.2 -9.1-10.0 -6.4 14  0.0                           
041828080914103614パルフェット　　　　　　　　　　　　 79.1 15.8-11.3 -9.3 -6.8 13  0.0                           
041828081013105545グランドバローズ　　　　　　　　　　 18.1  4.3  7.2  0.7  2.4 22  8.6                           
041828081114105509アルーフクライ　　　　　　　　　　　  7.4  2.3 12.0  8.3  6.6 27  0.0                           
041828081211105897スズカプリティー　　　　　　　　　　105.4 20.9-10.4-15.2 -8.7 11  0.0                           
041828081314101436リョウランヒーロー　　　　　　　　　  8.5  2.6 -0.2 13.2  4.8 25 15.4                           
041828081413105231タイセイヴィクター　　　　　　　　　 40.9  8.7-11.4 -4.7 -5.1 15  0.0                           
041828081514103715ショウナンサリュー　　　　　　　　　  4.2  1.7 16.0  7.5  7.6 28 19.8                           
041828090114101029スーパーブレイク　　　　　　　　　　  4.8  1.5 12.6  6.9  6.3 26 15.2                           
041828090215105068レインボーナンバー　　　　　　　　　 19.3  3.7-12.5 -4.8 -5.5 14  0.0                           
041828090313105535サトノキングダム　　　　　　　　　　  4.2  1.4 17.1 18.9 12.1 32 19.8                           
041828090413102042ゼンノタヂカラオ　　　　　　　　　　  6.9  1.9 15.8 10.3  8.5 29  6.7                           
041828090513106106サトノオニキス　　　　　　　　　　　 15.7  3.1  3.6 15.6  6.8 27  0.0                           
041828090614100721マイネルベレーロ　　　　　　　　　　 24.1  4.4-10.0-16.0 -8.9 11  0.0                           
041828090715103532パズルリンクス　　　　　　　　　　　 62.8 10.1-11.4-10.9 -7.4 13  0.0                           
041828090815106249パワースピネル　　　　　　　　　　　 77.3 12.3-13.3-16.8-10.1 10  0.0                           
041828090914105992スパイラルダイブ　　　　　　　　　　  2.2  1.2 15.0 12.5  9.1 29 12.8                           
041828091015104226エピキュリアン　　　　　　　　　　　  8.6  2.2  4.4 10.7  5.2 25  7.2  5                        
041828091113100334エディクト　　　　　　　　　　　　　 56.2  9.1 -9.5-10.0 -6.5 13  0.0                           
041828100113106140シャインブライト　　　　　　　　　　 33.2  6.9-11.4-13.5 -8.4 22  0.0                           
041828100215105032ユーキャンスマイル　　　　　　　　　  4.2  1.6 13.4 16.3 10.0 40  8.2                           
041828100315104643ダブルフラット　　　　　　　　　　　  3.1  1.5 20.2  5.9  8.2 38 10.6                           
041828100415105088ヴォウジラール　　　　　　　　　　　  8.0  2.4  2.2  8.2  3.7 34  7.7                           
041828100513104780フォーラウェイ　　　　　　　　　　　 17.2  3.9  3.6  5.3  3.0 33  0.0                           
041828100614105192プラチナヴォイス　　　　　　　　　　  6.7  2.1 13.8  6.1  6.4 36 16.3                           
041828100713105933ケイブルグラム　　　　　　　　　　　 18.0  4.1 -9.1-11.3 -6.9 23  9.2                           
041828100813101628キークラッカー　　　　　　　　　　　 20.4  4.5 -5.5 -2.6 -2.6 27  0.0                           
041828100913106154レイリオン　　　　　　　　　　　　　 15.8  3.7-12.5 -1.7 -4.4 26  0.0                           
041828101013105519スクエアフォールド　　　　　　　　　  6.4  2.0-10.0 12.8  1.7 32  8.9                           
041828101114105788アドマイヤアゼリ　　　　　　　　　　  7.6  2.3 18.6  5.8  7.7 38  7.2                           
041828110111105971ヴァーノン　　　　　　　　　　　　　 61.3 10.9-10.0 -7.6 -5.8 39  0.0                           
041828110213110083ベストマッチョ　　　　　　　　　　　  2.9  1.3 19.2 16.8 11.9 57 10.6                           
041828110312105839キャプテンシップ　　　　　　　　　　 44.8  8.4 -2.9-14.1 -6.0 39  0.0                           
041828110411100057プロトコル　　　　　　　　　　　　　 15.2  3.3-10.0 -9.3 -6.4 39  8.2  0                        
041828110512101489ドリームドルチェ　　　　　　　　　　  5.5  1.7 11.5 31.0 14.8 60  6.2  1  292   30              
041828110611101046ベック　　　　　　　　　　　　　　　  8.5  2.3 11.1  8.5  6.4 51 10.3                           
041828110710101958ワンダーヴィーヴァ　　　　　　　　　 43.5  8.1-12.5 -6.1 -6.0 39  0.0                           
041828110812109217スティンライクビー　　　　　　　　　 12.8  2.9  5.8  9.2  5.1 50 10.9                           
041828110914104841アードラー　　　　　　　　　　　　　  6.6  1.9 11.4 13.9  8.5 54  0.0                           
041828111007100828キョウエイアシュラ　　　　　　　　　 39.2  7.4-12.5-10.1 -7.5 38  0.0                           
041828111112103262トウショウカウント　　　　　　　　　 49.5  9.2 -9.5-11.4 -7.0 38  0.0                           
041828111214110080オールドベイリー　　　　　　　　　　  3.7  1.5 13.4 15.1  9.6 55 19.8                           
041828111313104088サイタスリーレッド　　　　　　　　　 24.6  4.9  2.5 -1.9  0.1 45  0.0                           
041828120114106060ハッピーランラン　　　　　　　　　　 14.0  3.5  6.0  7.2  4.4 24  7.7                           
041828120214103213ノーブルプルート　　　　　　　　　　 83.9 17.0-10.0-13.5 -7.9 12  0.0                           
041828120312105253パーソナルベスト　　　　　　　　　　254.8 50.4-10.4-14.0 -8.3 12  0.0  0                        
041828120414104782ミラクルローカス　　　　　　　　　　 83.4 16.9-10.0 -9.8 -6.6 13  0.0                           
041828120514104301モアナブルー　　　　　　　　　　　　  3.7  1.6 15.0 22.0 12.6 33 12.8                           
041828120615104014ピカピカ　　　　　　　　　　　　　　  7.6  2.4 20.0 28.5 16.5 36  6.8                           
041828120714105575レッドミラベル　　　　　　　　　　　 29.6  6.6-10.0 -1.3 -3.5 17  0.0                           
041828120815102557サブリナ　　　　　　　　　　　　　　 82.6 16.8 -7.8 -1.3 -2.8 17  0.0  5                        
041828120915103343アイアムヒメ　　　　　　　　　　　　  7.7  2.4  9.8 14.3  8.2 28  0.0  5                        
041828121015102297サイドストリート　　　　　　　　　　  4.8  1.8-10.0 22.7  5.3 25  6.2                           
041828121113102967プリンセスオーラ　　　　　　　　　　 33.8  7.4-11.3-12.3 -7.9 12  0.0                           
041828121215103556フローラルシトラス　　　　　　　　　 17.8  4.3 -6.9 -9.4 -5.5 14  0.0                           
041828121314102332スノードーナツ　　　　　　　　　　　 18.5  4.4-10.0 10.1  0.7 21 12.3A                          
041828121413105512リボンドグレープス　　　　　　　　　 64.6 13.3-10.0-13.3 -7.9 12  0.0                           
041828121513102031チタンクレバー　　　　　　　　　　　 19.6  4.7  4.6  5.4  3.4 23  9.1                           
041828121614100625ポンポン　　　　　　　　　　　　　　 52.8 11.2-10.0-13.4 -7.9 12  0.0                           
041828121715101498ジスモンダ　　　　　　　　　　　　　 52.2 11.1-10.0 -4.7 -4.7 15  0.0  5                        
041828121814100569ヤマニンベルベーヌ　　　　　　　　　  4.4  1.7 10.3 19.7 10.3 30 14.0                           
101828010116102633ブルベアイリーデ　　　　　　　　　　  3.2  1.4 15.3 19.3 11.4 16 18.0                           
101828010216106075ニホンピロアメリア　　　　　　　　　  7.8  2.2 12.4  5.2  6.1 11  9.4                           
101828010316102353マイネルプリサイス　　　　　　　　　  7.7  2.2  6.7  5.3  4.0  9 10.3                           
101828010416100854デンコウハピネス　　　　　　　　　　 14.7  3.3  0.7  5.2  1.8  7  0.0                           
101828010516109040ブルベアアルジェン　　　　　　　　　 19.5  4.2  2.0 10.9  4.0  9 15.3                           
101828010616102091アマノコマンダー　　　　　　　　　　 43.0  8.3-10.0-10.9 -6.9 -2  0.0                           
101828010716102173サウンドサムデイ　　　　　　　　　　 43.2  8.3-10.0-10.0 -6.7 -2  0.0                           
101828010816100856キタノシャンシャン　　　　　　　　　  3.5  1.4 22.9  8.7 11.0 16 19.6                           
101828010916101400アサケボス　　　　　　　　　　　　　 27.4  5.5-10.0-14.5 -8.0 -3  0.0                           
101828011016102204ゴールドウエイ　　　　　　　　　　　 35.9  7.0  0.7 -8.7 -2.4  3  0.0                           
101828011116101889スタークォーツ　　　　　　　　　　　  4.0  1.5 14.0 11.5  8.6 14  6.7                           
101828011216103804ローリンローリン　　　　　　　　　　 29.4  5.9-10.0-10.7 -6.9 -2  0.0                           
101828020116101610メイショウドウダン　　　　　　　　　 24.7  4.5 -4.7-11.9 -5.3  0  0.0                           
101828020216101493パドカトル　　　　　　　　　　　　　  7.6  2.0  2.7 13.7  5.1 10 16.0                           
101828020316109019ファストアズエバー　　　　　　　　　  2.5  1.3 16.7 10.4  9.2 14 18.0                           
101828020416106302リネンワンライン　　　　　　　　　　 12.2  2.6 11.5  5.2  5.8 11 14.4                           
101828020516105553ブリングイットオン　　　　　　　　　  3.4  1.4 15.7 16.1 10.6 16 19.6                           
101828020616101244ロズ　　　　　　　　　　　　　　　　 36.0  6.3-14.5 -8.7 -7.9 -3  0.0                           
101828020716102858アシャカド　　　　　　　　　　　　　  8.4  2.1  5.3  9.8  4.9 10  0.0                           
101828020816109072ドストエフスキー　　　　　　　　　　 30.7  5.4-14.5-10.4 -8.4 -3  0.0                           
101828020916100640タイガーティナ　　　　　　　　　　　 34.1  6.0 -3.7-14.5 -5.7 -1  0.0                           
101828021016104789トーセンマイスター　　　　　　　　　  5.6  1.7 10.7 21.4 10.3 15  9.6                           
101828021116105785コウエイスパークル　　　　　　　　　 31.0  5.5-11.4-10.0 -7.2 -2  0.0                           
101828030115103354メイショウメイホウ　　　　　　　　　 28.0  5.0  0.7 12.0  3.9  9  0.0                           
101828030215100597センスオブワンダー　　　　　　　　　 24.6  4.5 -4.7  6.4  0.2  5  0.0                           
101828030315106183ヤマカツケンザン　　　　　　　　　　 17.0  3.4  1.3  6.2  2.3  7  0.0                           
101828030415104290ボルティモア　　　　　　　　　　　　 33.0  5.8-14.5 -2.5 -6.1 -1  0.0                           
101828030515105912スプリングスマイル　　　　　　　　　  7.1  1.9 -4.7 -0.8 -2.0  3  0.0                           
101828030615100603カリマ　　　　　　　　　　　　　　　 13.9  2.9  9.5 12.9  7.4 12  0.0                           
101828030715105487ナリタカピリナ　　　　　　　　　　　 50.7  8.6-10.0 -8.4 -6.2 -1 19.8                           
101828030815105309ヒルトップパレス　　　　　　　　　　  8.7  2.2 11.0  6.1  5.9 11 19.8                           
101828030915104138バイマイサイド　　　　　　　　　　　  3.0  1.3 16.3 23.0 12.9 18 16.4  1  168   54              
101828031015105282レイロー　　　　　　　　　　　　　　 50.2  8.5-11.4-14.5 -8.5 -4  0.0                           
101828031115106009ワンソックス　　　　　　　　　　　　 67.0 10.8-10.0-13.9 -7.8 -3  0.0                           
101828031215104434チュウワファースト　　　　　　　　　 12.9  2.7  7.3 16.7  7.7 13 11.0                           
101828031315106015ヒロノカチドキ　　　　　　　　　　　 52.1  8.8-14.5-14.1 -9.5 -5  0.0  0                        
101828031415101559サンマルベラータ　　　　　　　　　　 68.8 11.1-14.5 -8.7 -7.9 -3  0.0                           
101828031515101342マジックバローズ　　　　　　　　　　  2.8  1.3 18.3 19.3 12.5 17 18.0                           
101828040115109064ケンイーサリアム　　　　　　　　　　  6.0  1.9 14.6 16.1 10.2 15 21.3                           
101828040215106465コパノジャッキー　　　　　　　　　　 11.6  2.9 10.7  4.5  5.3 10 12.5  3                        
101828040315102062エムオーマンボ　　　　　　　　　　　  5.7  1.9 24.5 12.7 12.8 18  6.2                           
101828040415103329ジューングラスミー　　　　　　　　　  7.8  2.3 12.0  9.9  7.4 12  0.0                           
101828040515105763ブルベアサンサイ　　　　　　　　　　 48.6  9.8-10.0 -8.7 -6.3 -1  0.0                           
101828040615100139メイショウヤシチ　　　　　　　　　　 30.8  6.4-10.0  7.0 -1.6  3 17.1                           
101828040715103924エメラルキセキ　　　　　　　　　　　 98.3 18.6-10.8 -8.6 -6.5 -2  0.0                           
101828040815101631スピンドクター　　　　　　　　　　　 11.0  2.7  8.7 12.0  6.8 12  0.0                           
101828040915104850サーキュラーリング　　　　　　　　　 80.2 15.3-10.0-13.3 -7.7 -3  0.0  0                        
101828041015103760アトス　　　　　　　　　　　　　　　  2.6  1.4 19.7 19.9 13.2 18 18.0                           
101828041115104586レッドアルディ　　　　　　　　　　　 18.9  4.3 -3.3  6.3  0.7  6 11.3                           
101828041215105528カワチノシャモ　　　　　　　　　　　 48.6  9.8-10.0-10.3 -6.8 -2  0.0                           
101828041315105174サトノガバナー　　　　　　　　　　　 38.1  7.8-10.0 -9.1 -6.4 -1  0.0                           
101828041415110090トランプキャンディ　　　　　　　　　 11.2  2.8 -3.5-11.8 -4.8  0  0.0                           
101828041515105626フードゥルブラン　　　　　　　　　　 42.2  8.6 -4.7 -7.4 -3.9  1  0.0                           
101828041615104878エンペラーズベスト　　　　　　　　　 33.3  6.9-10.0-10.2 -6.7 -2  0.0                           
101828050116102866ハーゲンフレイヤ　　　　　　　　　　 11.7  2.9 -3.3  0.1 -1.2 -1 14.4                           
101828050216101675エンゼルサンライズ　　　　　　　　　 24.6  5.3 -2.7 -9.7 -3.9 -4  0.0                           
101828050316101646グランドビクトリー　　　　　　　　　 18.2  4.2  1.7 -4.2 -0.6 -1 10.7                           
101828050416106496エイシンジョーカー　　　　　　　　　 83.2 16.1 -8.5-11.4 -6.5 -7  0.0                           
101828050516104221トロハ　　　　　　　　　　　　　　　  8.6  2.5 11.7 22.7 11.1 11 19.8                           
101828050616102018ブルベアマローネ　　　　　　　　　　 60.4 11.9-11.4-10.8 -7.4 -7  0.0                           
101828050716106240イグナイトセプター　　　　　　　　　 28.3  6.1  0.7 -7.4 -2.0 -2  0.0                           
101828050816104543ヴィクトリアピース　　　　　　　　　  3.4  1.5  9.2  9.8  6.3  6  8.1                           
101828050916105856クリノボルサリーノ　　　　　　　　　 45.2  9.3-11.4-13.1 -8.1 -8  0.0                           
101828051016106417セラールネイジュ　　　　　　　　　　  9.2  2.6 -4.7 -6.3 -3.6 -4  0.0                           
101828051116106420ハチヨウ　　　　　　　　　　　　　　 24.7  5.4 -7.2-13.2 -6.6 -7  0.0                           
101828051216104644ブラックモリオン　　　　　　　　　　  4.1  1.6  3.8 11.8  4.9  5 19.6                           
101828051316104834ミッキースピリット　　　　　　　　　  4.6  1.7 15.7 17.0 10.9 11  9.6                           
101828051416106315ギルマ　　　　　　　　　　　　　　　 20.4  4.6  0.7 -4.7 -1.2 -1  0.0                           
101828051516106138ブルベアペスカ　　　　　　　　　　　 53.3 10.8-10.0-13.1 -7.6 -8  0.0                           
101828060115103340メイショウキョウジ　　　　　　　　　  4.7  1.7 14.5 22.9 12.2 17 21.3                           
101828060215101526シゲルエダマメ　　　　　　　　　　　 55.3 11.3-10.0  5.2 -2.1  3  0.0                           
101828060315106292バイタルコード　　　　　　　　　　　 27.9  6.2-10.0 -8.4 -6.2 -1  0.0                           
101828060415104530ネージュフレーズ　　　　　　　　　　  3.9  1.6 13.7 12.4  8.7 14  9.9                           
101828060515103796ウォーターアレグロ　　　　　　　　　 46.9  9.9-10.0-10.4 -6.8 -2  0.0                           
101828060615102077ホイップボーラー　　　　　　　　　　 46.8  9.9-10.8 -8.0 -6.4 -1  0.0                           
101828060715103808ワンダーポピュレル　　　　　　　　　 20.0  4.7 -8.0 -9.9 -5.9 -1  0.0                           
101828060815103634ジョーマキアート　　　　　　　　　　  7.8  2.4 15.7 13.2  9.7 15 16.0                           
101828060915103516ロングブーケ　　　　　　　　　　　　 58.9 12.0-10.0-10.7 -6.9 -2  0.0                           
101828061015102443シグナルコール　　　　　　　　　　　 40.9  8.7-10.0-14.9 -8.1 -3  0.0                           
101828061115110046シャドウノエル　　　　　　　　　　　  3.9  1.6  8.7 21.2  9.6 15  8.8                           
101828061215100521タガノリボンチャン　　　　　　　　　 79.3 15.9 -4.7 -1.8 -2.3  3  0.0                           
101828061315105373ショウナンラヴィ　　　　　　　　　　 24.9  5.6 -2.7  5.8  0.8  6  0.0                           
101828061415104098シーアフェアリー　　　　　　　　　　 30.6  6.7  0.0 -6.2 -1.9  3 15.4                           
101828061515102471キムケンロード　　　　　　　　　　　 13.2  3.3  5.3 -1.8  1.4  6 14.4                           
101828061615104307ヒダザクラ　　　　　　　　　　　　　 50.2 10.6-10.0-11.9 -7.2 -2  0.0                           
101828061715105113ミリラニ　　　　　　　　　　　　　　 11.1  2.9-10.3  9.1 -1.0  4  0.0                           
101828061815104613ピエナフラッシュ　　　　　　　　　　 29.3  6.4-11.4 -9.9 -7.2 -2  0.0                           
101828070115106298センティフォリア　　　　　　　　　　  6.6  2.3  9.0  6.3  5.2 25  0.0                           
101828070214105350ルエヴェルロール　　　　　　　　　　  8.1  2.7 -0.2 17.3  5.1 25 11.8                           
101828070313105591レッドカルディア　　　　　　　　　　 72.6 16.3-10.0-13.4 -7.7 12  0.0                           
101828070414106289フィップル　　　　　　　　　　　　　 29.0  7.1 -4.7-14.3 -6.0 14  0.0                           
101828070515100405ギンコイエレジー　　　　　　　　　　  8.9  2.9  5.3 24.0  9.1 29 24.1                           
101828070614101915レッドストーリア　　　　　　　　　　 38.6  9.2-10.0 -9.0 -6.4 14  0.0                           
101828070712105389ミスズメサイア　　　　　　　　　　　 59.4 13.5-10.0-10.3 -6.8 13  0.0                           
101828070815105182フェスタマドンナ　　　　　　　　　　  5.7  2.1  5.5 22.7  8.8 29 10.8                           
101828070915104988カレンシリエージョ　　　　　　　　　  7.3  2.5  5.3 -1.4  1.5 22  0.0                           
101828071014105048ミスレジェンド　　　　　　　　　　　 50.6 11.9-11.4-10.3 -7.3 13  0.0                           
101828071115106163ミアグア　　　　　　　　　　　　　　  6.6  2.3  9.3  9.5  6.3 26 12.6                           
101828071215101826キャッチミーアップ　　　　　　　　　  4.4  1.9 12.7  8.3  7.1 27  6.9                           
101828071312105695エスペランサルル　　　　　　　　　　 65.1 14.7-10.0 -7.2 -5.8 14  0.0                           
101828071415101439マリアバローズ　　　　　　　　　　　 16.0  4.3-10.0 -2.0 -4.3 16  0.0                           
101828071515104651アリストライン　　　　　　　　　　　 10.7  3.1 10.3  5.9  5.5 26 13.2                           
101828071615102186サイエン　　　　　　　　　　　　　　 85.9 19.2-15.8  8.2 -3.3 17  0.0                           
101828080115102797メイショウアキツ　　　　　　　　　　 26.8  5.1 -3.3  5.2  0.3 20 12.6                           
101828080214101563スズカフューラー　　　　　　　　　　 13.7  3.0 -4.7  4.3 -0.4 20 12.6                           
101828080315105305ギラーミン　　　　　　　　　　　　　 43.2  7.8  0.0  0.0  0.0 20  0.0                           
101828080414102122クリノアントニヌス　　　　　　　　　 27.8  5.2-14.5 13.1 -1.4 19  0.0                           
101828080515104799ヴァルディノート　　　　　　　　　　  6.2  1.8 10.7 14.9  8.4 28  0.0                           
101828080615102150アリュールベルン　　　　　　　　　　 27.4  5.2-11.4-10.9 -7.4 13  0.0                           
101828080715102448ミトノクイーン　　　　　　　　　　　 15.5  3.3  3.3 23.4  8.2 28  8.2  1  243   44              
101828080815106190カリブメーカー　　　　　　　　　　　 22.7  4.4-10.0-13.9 -7.8 12  0.0                           
101828080913102034ウイングエンペラー　　　　　　　　　 64.7 11.0-10.0 -8.6 -6.2 14  0.0                           
101828081015101987ミスズフリオーソ　　　　　　　　　　 14.9  3.2-11.4 26.1  3.7 24  0.0                           
101828081114105059ダブルミステリー　　　　　　　　　　 26.3  5.0-10.0-10.3 -6.8 13  0.0                           
101828081215103197キタサンヴィクター　　　　　　　　　 17.5  3.6  0.8  6.2  2.2 22 12.5                           
101828081314106091ダンサクドゥーロ　　　　　　　　　　  4.5  1.6 13.7 14.3  9.3 29 19.6                           
101828081415105683クインズオライリー　　　　　　　　　 34.5  6.3-10.0-10.0 -6.7 13  0.0                           
101828081514100976スズカガルチ　　　　　　　　　　　　  2.3  1.3 16.7 12.2  9.8 30 18.0                           
101828090113110114スペードクイーン　　　　　　　　　　 11.0  2.9-15.8-13.5 -9.8 20 14.4                           
101828090214109148テイエムヒッタマゲ　　　　　　　　　 43.3  9.3-10.0-10.3 -6.8 23  0.0                           
101828090311105534トシストロング　　　　　　　　　　　  9.2  2.7 -1.7 -9.4 -3.4 27  0.0                           
101828090413103410オフクヒメ　　　　　　　　　　　　　 47.7 10.2-10.0 -8.4 -6.2 24  0.0                           
101828090514103571メイショウアリソン　　　　　　　　　 23.5  5.4  0.0-11.6 -3.5 27  0.0                           
101828090614106061ラプソディーア　　　　　　　　　　　  3.5  1.6 13.0 21.3 11.2 41  8.1                           
101828090713101575カネトシブレス　　　　　　　　　　　  8.1  2.5  1.5 -0.8  0.3 30 19.1                           
101828090812102006ノーブルルージュ　　　　　　　　　　 13.8  3.5  2.7  7.8  3.3 33  9.3                           
101828090914100253ペスカネラ　　　　　　　　　　　　　 13.3  3.4-10.0  5.0 -2.2 28 12.5                           
101828091012101643イサチルホープ　　　　　　　　　　　 15.5  3.8 -3.8 10.7  1.8 32 17.1                           
101828091113106235スパイチャクラ　　　　　　　　　　　  7.0  2.2  8.7 11.2  6.6 37 11.7                           
101828091213100731ピースマインド　　　　　　　　　　　  4.8  1.8 12.0 14.4  8.7 39  0.0                           
101828091315105565ミトノレインボー　　　　　　　　　　 15.6  3.8  0.7 15.7  5.0 35  0.0                           
101828091414103963ヨドノビクトリー　　　　　　　　　　 43.1  9.3-10.0-11.0 -7.0 23  0.0                           
101828100115110047タニノフランケル　　　　　　　　　　  4.4  2.0 13.6 16.6 10.0 40 17.8                           
101828100213101727タガノガジュマル　　　　　　　　　　 26.8  9.6 -8.5-10.3 -6.2 24  0.0                           
101828100313106188トレジャートローヴ　　　　　　　　　  8.1  3.5  2.7  5.3  2.6 33  7.7                           
101828100413104671スティルウォーター　　　　　　　　　 12.8  4.8 -5.9 -6.3 -4.1 26 14.4                           
101828100513105901イモータル　　　　　　　　　　　　　  3.9  1.8  8.7  8.4  5.7 36  8.8                           
101828100613100561ロードスター　　　　　　　　　　　　  4.6  2.1 13.8 26.8 13.1 43 12.6                           
101828100715103053カフジバンガード　　　　　　　　　　  2.3  1.3 16.7 20.6 12.3 42 18.0                           
101828110115102846ゴールドクイーン　　　　　　　　　　 15.5  4.0  9.5  5.2  5.0 55  0.0                           
101828110211103959ツィンクルソード　　　　　　　　　　 35.9  8.2-11.4-11.7 -7.7 42  0.0                           
101828110313103292ダイアナヘイロー　　　　　　　　　　  4.4  1.8 23.7 10.7 11.9 62  0.0                           
101828110411103412ナインテイルズ　　　　　　　　　　　 18.7  4.7 -4.7  9.1  1.0 51  0.0                           
101828110512102017アレスバローズ　　　　　　　　　　　 11.3  3.1  6.7  6.1  4.3 54 21.2                           
101828110612101184セカンドテーブル　　　　　　　　　　  6.0  2.1 31.6 14.0 15.8 66  0.0  5                        
101828110715104165アンヴァル　　　　　　　　　　　　　 13.1  3.5 -5.1 13.7  2.2 52 14.4                           
101828110812103486アクティブミノル　　　　　　　　　　 64.3 13.8-10.0-11.0 -7.0 43  0.0                           
101828110915100978ラブカンプー　　　　　　　　　　　　 14.0  3.7-10.0  9.0 -1.0 49 12.5                           
101828111012100582グレイトチャーター　　　　　　　　　 40.6  9.2-10.0-10.9 -6.9 43  0.0                           
101828111113101042ダイメイプリンセス　　　　　　　　　 16.2  4.1  7.3  9.0  5.4 55  0.0                           
101828111212101393スカイパッション　　　　　　　　　　 62.8 13.5-10.0 -2.7 -4.5 46  0.0                           
101828111312103249トウショウピスト　　　　　　　　　　 40.4  9.2-11.4-10.1 -7.2 43  0.0                           
101828111415110032アサクサゲンキ　　　　　　　　　　　  4.5  1.8 16.7 17.9 11.5 61 19.6                           
101828111512105774ナガラフラワー　　　　　　　　　　　  7.5  2.5  5.8 15.6  6.8 57 19.1                           
101828111612104400ナリタスターワン　　　　　　　　　　 23.4  5.6-11.4  0.7 -4.0 46  0.0                           
101828111712105252フミノムーン　　　　　　　　　　　　 52.1 11.6-10.0 -9.4 -6.5 44  0.0                           
101828120113103679オルノス　　　　　　　　　　　　　　 41.2  6.9-15.8 -0.5 -5.9 14  0.0                           
101828120213106315メイショウカクオビ　　　　　　　　　 45.6  7.6 -4.7-14.8 -6.2 14  0.0                           
101828120314103994ララメダイユドール　　　　　　　　　 18.1  3.5  4.0 -2.3  0.8 21 13.5                           
101828120415102215マリオ　　　　　　　　　　　　　　　 23.3  4.2  0.7 -2.0 -0.3 20 12.5                           
101828120514103806メイショウバンカラ　　　　　　　　　 20.2  3.8  2.7-12.7 -2.8 17  0.0                           
101828120614103690サンライズチャージ　　　　　　　　　  7.7  2.0 14.0 12.4  8.9 29 19.8                           
101828120712106377ワンダープレジール　　　　　　　　　 42.1  7.1-10.0 -2.3 -4.4 16  0.0                           
101828120815110015アニエーゼ　　　　　　　　　　　　　  3.7  1.4 10.4  7.3  6.0 26  8.8                           
101828120915102039ビップベリンダ　　　　　　　　　　　 29.9  5.2-10.0 -8.4 -6.2 14  0.0                           
101828121015103525ライナス　　　　　　　　　　　　　　 59.7  9.5-11.4-15.1 -8.7 11  0.0                           
101828121114104437ハニーゴールド　　　　　　　　　　　  7.4  2.0 14.1 14.9  9.6 30  0.0  2                        
101828121213105114ダブルアックス　　　　　　　　　　　 79.0 12.4-10.0 -7.2 -5.8 14  0.0                           
101828121314104471サンオークランド　　　　　　　　　　  2.3  1.2 18.3 25.5 14.4 34 18.0                           
101828121414105931ハッシュタグ　　　　　　　　　　　　 24.4  4.4 -4.7  5.8  0.0 20 11.3                           
101828121515103946シゲルマツタケ　　　　　　　　　　　 29.6  5.2  0.7  1.9  0.8 21  0.0                           
101828121613101028ウォーターミリオン　　　　　　　　　 42.4  7.1-10.0-10.4 -6.8 13  0.0                           
