051914010116100481クレアシアグルーヴ　　　　　　　　　 59.1 10.6-10.0-10.0 -6.7 -2  0.0                           
051914010216100995ゼネラルスターク　　　　　　　　　　144.7 25.1-13.4 -6.4 -6.4 -1  0.0                           
051914010316100885フローラルパーク　　　　　　　　　　  3.4  1.4 15.0 25.3 13.8 19 19.8                           
051914010416101035トモジャファイブ　　　　　　　　　　 12.1  2.8  4.2-12.7 -3.4  2  0.0                           
051914010516102312ネリッサ　　　　　　　　　　　　　　  5.0  1.6 15.6 15.7 10.4 15 15.2  4                        
051914010616103703オチボル　　　　　　　　　　　　　　 83.2 14.7-10.0 -8.6 -6.2 -1  0.0                           
051914010716110036カーンテソーロ　　　　　　　　　　　  3.2  1.4 11.3 15.1  8.9 14 18.1                           
051914010816103626ライフアンドソウル　　　　　　　　　 51.1  9.5-11.4-14.2 -8.6 -4  0.0                           
051914010916100762マイネルナイペス　　　　　　　　　　 12.6  2.9  6.2 14.7  7.3 12  0.0  4                        
051914011016109075ニンジンムスメ　　　　　　　　　　　218.9 37.6-11.4-19.4-10.5 -6  0.0  0                        
051914011116103768ケイアイビリジアン　　　　　　　　　 14.0  3.1 20.0  6.4  8.3 13  0.0                           
051914011216102344サイファリス　　　　　　　　　　　　100.8 17.7-13.4 -4.7 -5.7 -1  0.0                           
051914011316103050ユメノハジマリ　　　　　　　　　　　 13.3  3.0 12.8 20.4 11.3 16  0.0                           
051914011416105928サクラテゾーロ　　　　　　　　　　　 22.6  4.6  4.3 -7.6 -1.5  4  0.0                           
051914011516100624アプラウス　　　　　　　　　　　　　 56.7 10.2-11.4-10.3 -7.2 -2  0.0                           
051914011616105983イッツザファースト　　　　　　　　　 12.3  2.8-10.0  6.5 -0.6  4  7.2  0                        
051914020116104799ミッキーポテト　　　　　　　　　　　 15.4  3.6 -6.9  3.6 -0.8  4 11.6                           
051914020216101339プレイングラン　　　　　　　　　　　  6.2  2.0-10.0  7.9 -0.1  5 16.3  5                        
051914020316101192トーセンバーボン　　　　　　　　　　 27.4  5.9 -6.0 -8.5 -4.9  0  0.0                           
051914020416104667レアフィード　　　　　　　　　　　　 30.2  6.4-10.0 10.3  0.8  6  9.6                           
051914020516106332サクラザチェンジ　　　　　　　　　　 13.0  3.2 12.0  7.7  6.4 11  0.0                           
051914020616103025シナリオライン　　　　　　　　　　　 19.6  4.5-10.4 21.9  4.9 10  0.0                           
051914020716106154モッズストーン　　　　　　　　　　　  4.4  1.6 12.9 16.0  9.7 15  5.8                           
051914020816102170タマノカイザー　　　　　　　　　　　  3.2  1.4 13.2 13.4  8.9 14  7.5                           
051914020916105209ヘヴンリータイム　　　　　　　　　　121.3 23.2-13.4-13.2 -8.9 -4  0.0                           
051914021016106025ムキムキムッキー　　　　　　　　　　 58.2 11.5 -9.2  2.9 -1.7  3  0.0                           
051914021116103463マテリアルワールド　　　　　　　　　 12.8  3.1  9.4  6.5  5.2 10  7.2                           
051914021216102796ネイトフォンテン　　　　　　　　　　 64.2 12.6-13.4-10.7 -7.9 -3  0.0                           
051914021316102873アポロン　　　　　　　　　　　　　　 39.7  8.2-11.4-15.2 -9.0 -4  0.0                           
051914021416105469ソレイケヤッコ　　　　　　　　　　　 44.1  9.1-11.4-10.6 -7.3 -2  0.0                           
051914021516105472ホウオウトゥルース　　　　　　　　　  4.7  1.7  6.0 28.2 12.1 17 12.5                           
051914021616100345シバハマ　　　　　　　　　　　　　　117.4 22.5-11.4-13.2 -8.3 -3  0.0                           
051914030116104598グリグリ　　　　　　　　　　　　　　  4.7  1.7  9.4 15.9  8.6 14  0.0                           
051914030216104617クロスパール　　　　　　　　　　　　  6.4  2.1  6.2 15.9  7.7 13  9.6  1  274   53              
051914030316100140ロジシルキー　　　　　　　　　　　　  3.3  1.5 19.6 12.1 10.3 15 10.6                           
051914030416105328トゥービーシック　　　　　　　　　　 41.0  8.7 -1.4  5.5  1.6  7 14.4A                          
051914030516100694アドアステラ　　　　　　　　　　　　  5.4  1.9 15.5 11.4  8.8 14  6.3                           
051914030616104631アルタマレーア　　　　　　　　　　　 31.4  6.8-13.5 -7.6 -6.8 -2  0.0                           
051914030716105816ワンダーマンボ　　　　　　　　　　　 14.3  3.5 -4.4  6.1  0.9  6  0.0                           
051914030816103946ペイシャルフェ　　　　　　　　　　　 29.7  6.5-10.4  5.3 -1.2  4  9.1                           
051914030916104862グラッパディローザ　　　　　　　　　 16.5  4.0  3.4 -4.4 -0.6  4  8.7                           
051914031016102951マリノジェノヴァ　　　　　　　　　　 71.1 14.2-10.4-10.8 -7.1 -2  0.0                           
051914031116105497ブライトアクトレス　　　　　　　　　 11.0  2.9  3.7  7.4  3.8  9 10.9                           
051914031216100424マサノトキメキ　　　　　　　　　　　 83.1 16.5 -8.7-14.4 -7.9 -3  0.0                           
051914031316101064ログインボーナス　　　　　　　　　　237.7 46.0-10.0-14.7 -8.4 -3  0.0  0                        
051914031416106338グラスベローナ　　　　　　　　　　　 71.1 14.2-11.3-14.4 -8.7 -4  0.0                           
051914031516103872ジューンバラード　　　　　　　　　　  7.7  2.4  8.7 23.1 11.1 16  7.2                           
051914031616103836トーセンペリドット　　　　　　　　　 68.2 13.7-10.0-19.4-10.1 -5  0.0  0                        
051914040116105178シゲルスタールビー　　　　　　　　　 15.6  3.8-10.0 16.8  3.2  3  7.7                           
051914040216106457ジューンステータス　　　　　　　　　  7.7  2.4 12.9 11.3  8.0  8  6.8                           
051914040316101308ヤークトボマー　　　　　　　　　　　  3.2  1.5 13.5 14.5  9.4  9 10.6                           
051914040416101953トモジャック　　　　　　　　　　　　 48.3 10.2-11.3-12.7 -8.0 -8  0.0                           
051914040516103907エイカイリバティ　　　　　　　　　　 42.0  8.9-10.0-15.2 -8.6 -9  0.0                           
051914040616104963フィードバック　　　　　　　　　　　  5.0  1.8  1.5  7.6  3.2  3  8.2                           
051914040716102230ゼヒニオヨバズ　　　　　　　　　　　 81.6 16.3-10.0 12.6  1.6  2  0.0                           
051914040816103233ノリオサン　　　　　　　　　　　　　 15.7  3.8-10.4  2.8 -2.1 -2  8.2                           
051914040916105388ルチーフェロ　　　　　　　　　　　　  8.0  2.4 17.0  4.8  6.9  7  0.0                           
051914041016105361シバノテンショウ　　　　　　　　　　 60.8 12.3-10.0 -7.3 -5.7 -6  0.0                           
051914041116102015オウケンスターマン　　　　　　　　　 16.2  3.9 12.5 -2.9  2.7  3  0.0                           
051914041216103328アニマート　　　　　　　　　　　　　  6.6  2.1  7.4 -0.5  2.0  2  8.9                           
051914041316101218ビバーチェランラン　　　　　　　　　 34.4  7.4-10.0 10.1  0.7  1  0.0                           
051914041416102898ハーモニーロータス　　　　　　　　　 18.7  4.4-10.0 -5.0 -4.8 -5  0.0                           
051914041516101224ココリジャスミン　　　　　　　　　　 27.9  6.2 -1.6 21.1  7.3  7  0.0                           
051914041616102127フロレンザール　　　　　　　　　　　 18.7  4.4  3.6  3.3  2.3  2 23.3                           
051914050116100134ロジタイム　　　　　　　　　　　　　 26.3  5.6-13.5-10.5 -7.9 -3  0.0                           
051914050216104217ミヤコローズ　　　　　　　　　　　　  2.9  1.4 15.0 23.7 13.2 18 12.8                           
051914050316104597キアレッツァ　　　　　　　　　　　　 13.9  3.3 -1.6  2.4  0.4  5 12.3                           
051914050416100662カイラーサナータ　　　　　　　　　　 47.5  9.7-11.3-18.6-10.2 -5  0.0                           
051914050516104937ティターヌ　　　　　　　　　　　　　 12.9  3.1-10.0  2.9 -1.9  3  0.0                           
051914050616105005コールザチューン　　　　　　　　　　  8.7  2.5  4.9  4.0  2.9  8  6.7                           
051914050716100692ゲハイムローゼ　　　　　　　　　　　139.7 26.4-10.0 -9.0 -6.3 -1  0.0                           
051914050816106266マリー　　　　　　　　　　　　　　　106.6 20.3-13.5-10.0 -7.7 -3  0.0                           
051914050916103038グッドフライデー　　　　　　　　　　 33.2  6.9 -8.5 -7.5 -5.3  0  0.0                           
051914051016101507ヴァガルーナ　　　　　　　　　　　　120.1 22.8-11.3-14.4 -8.7 -4  0.0                           
051914051116105510ソルパシオン　　　　　　　　　　　　 19.8  4.5  8.5  5.4  4.5 10  0.0                           
051914051216105122スターアイランド　　　　　　　　　　 11.4  2.9  3.4  6.3  3.3  8  0.0                           
051914051316104520スコッチリール　　　　　　　　　　　  5.6  1.9 14.7 12.0  8.8 14 12.5                           
051914051416103975リターンチョウサン　　　　　　　　　 56.5 11.1-11.3 -6.8 -5.9 -1  0.0                           
051914051516102080ショーヒデキラ　　　　　　　　　　　  5.0  1.8  9.3 19.1  9.8 15 14.0                           
051914051616100689エンジェルカナ　　　　　　　　　　　 11.7  2.9-10.0 12.2  1.5  6  7.7                           
051914060116103954ベストチョウサン　　　　　　　　　　 55.4 10.5-10.0 -6.8 -5.5 -5  0.0                           
051914060216105308スピーナ　　　　　　　　　　　　　　  5.1  1.7 15.0 24.5 13.5 13  8.2                           
051914060316103131キャノピーウォーク　　　　　　　　　  5.4  1.8 15.6 12.1  9.1  9  6.3                           
051914060416103132ワイドヴィント　　　　　　　　　　　 38.7  7.7-12.5-10.1 -7.5 -7  0.0                           
051914060516110006ベストピクチャー　　　　　　　　　　 11.9  2.9  9.9  6.6  5.4  5  0.0                           
051914060616105810ショウナンタンゴ　　　　　　　　　　 97.9 18.0-12.5 -8.1 -6.7 -7  0.0                           
051914060716106376ベルレガッタ　　　　　　　　　　　　 19.6  4.3-10.0-12.3 -7.5 -8  0.0                           
051914060816105042キスラー　　　　　　　　　　　　　　  2.6  1.3 25.1 20.4 15.0 15 18.1                           
051914060916110073ベルゲンハーバー　　　　　　　　　　  8.9  2.5  6.4  9.0  5.2  5  6.7                           
051914061016105487ホウオウプリンセス　　　　　　　　　 15.6  3.6 10.0  8.0  5.9  6 18.6                           
051914061116100277サルトグリーン　　　　　　　　　　　 19.0  4.2  3.5 -7.5 -1.7 -2  0.0  0                        
051914061216110074ノーブルメイア　　　　　　　　　　　 22.6  4.8  7.5 -2.1  1.5  1  0.0                           
051914061316102021ドンキースタイル　　　　　　　　　　 26.6  5.5 -6.0  1.3 -1.3 -1  9.7                           
051914061416100942ショウナンハルラ　　　　　　　　　　 79.1 14.7-11.3 -9.2 -6.8 -7  0.0                           
051914061516100184ジュリアヴィーナス　　　　　　　　　 26.6  5.5-12.5 -8.1 -6.7 -7  0.0                           
051914061616102444キングリキュール　　　　　　　　　　 29.0  6.0-10.0  3.8 -1.6 -2  0.0                           
051914070115105111ローザフェリーチェ　　　　　　　　　  9.5  2.4 11.6  9.5  7.0 27  0.0                           
051914070214109116アキブレイブ　　　　　　　　　　　　 63.1 10.3-10.4-10.8 -7.1 13  0.0                           
051914070314105470レーヌジャルダン　　　　　　　　　　 14.1  2.9 -4.4 -1.8 -2.0 18  0.0                           
051914070415100713リープフラウミルヒ　　　　　　　　　  7.2  1.9 10.2 13.7  8.1 28  0.0  3                        
051914070515104528グレンフィナン　　　　　　　　　　　  6.8  1.9  1.6 14.7  5.9 26 15.2                           
051914070614100549ヤマニンベリンダ　　　　　　　　　　 47.3  8.1-11.3-15.3 -9.0 11  0.0                           
051914070713105386アスコットチャンプ　　　　　　　　　 33.2  5.9-11.3-12.5 -8.0 12  0.0                           
051914070815103262クラウンジャミール　　　　　　　　　 43.4  7.5-11.3-10.1 -7.1 13  0.0                           
051914070914103606ブライトメモリー　　　　　　　　　　 45.7  7.8-10.0 -4.7 -4.7 15  0.0                           
051914071015104627アストラサンタン　　　　　　　　　　  2.9  1.3 15.9 18.6 11.6 32 18.1                           
051914071114105975エリティエール　　　　　　　　　　　  2.9  1.3 17.6 20.1 12.6 33 19.8                           
051914071213101630クィーンビー　　　　　　　　　　　　 27.1  4.9-10.0 -8.0 -5.9 14  0.0                           
051914071314100210ウインハイラント　　　　　　　　　　 15.6  3.2  8.9  7.5  5.4 25  8.2                           
051914080114100876プライムコード　　　　　　　　　　　 32.7  6.1 20.0 -2.6  5.0 35 10.6  0                        
051914080215106125リュウノユキナ　　　　　　　　　　　 16.3  3.4 -4.9-10.8 -5.4 25  7.7                           
051914080314104074リパーカッション　　　　　　　　　　 46.5  8.4-14.3 -2.4 -5.2 25  0.0                           
051914080413109028タイガーヴォーグ　　　　　　　　　　 30.8  5.8  6.2-12.7 -2.8 27  0.0                           
051914080514101462スズカゴーディー　　　　　　　　　　  5.5  1.7 25.6 11.7 12.0 42  0.0  5                        
051914080615105114ミッキーワイルド　　　　　　　　　　  2.8  1.3 25.1 13.5 12.5 42 18.1                           
051914080713105382シアーライン　　　　　　　　　　　　  3.5  1.4 13.0 16.3  9.9 40 14.0                           
051914080812100406シゲルゴホウサイ　　　　　　　　　　 27.1  5.2 -6.0 -1.9 -2.5 28  0.0                           
051914080914105337アメイズミー　　　　　　　　　　　　 19.7  4.0 -5.3-11.8 -5.9 24  0.0                           
051914081013105511タイセイスペリオル　　　　　　　　　 23.0  4.5 -6.0 -8.1 -4.8 25 12.3                           
051914081112103491ダイワスキャンプ　　　　　　　　　　 14.7  3.2  8.3 14.7  7.9 38  0.0                           
051914081215100137タイセイシュラーク　　　　　　　　　 31.1  5.8-11.3-12.5 -8.0 22  0.0                           
051914081313101531クリムゾンバローズ　　　　　　　　　 11.1  2.5  6.0 12.5  6.4 36  0.0                           
051914081414102329クリノレオノール　　　　　　　　　　141.9 23.6-11.3-15.3 -9.0 21  0.0                           
051914081515105199ニシノオリーブ　　　　　　　　　　　 44.1  8.0-11.3 -7.7 -6.2 24  0.0                           
051914081613105495デピュティプライム　　　　　　　　　 61.3 10.6 -1.3 -1.1 -0.8 29 12.1                           
051914090116104883ラストヌードル　　　　　　　　　　　  6.2  1.7 13.1 10.7  7.9 28  6.7                           
051914090216103314ハーシェル　　　　　　　　　　　　　 16.4  3.2  3.6 -5.5 -0.9 19 18.7                           
051914090316104720キタサンバルカン　　　　　　　　　　  4.4  1.5 20.0 26.5 15.7 36 19.8                           
051914090416104623マコトジュズマル　　　　　　　　　　 17.1  3.3-12.5 -4.6 -5.4 15  0.0                           
051914090516104240クラサーヴィツァ　　　　　　　　　　 19.7  3.7  0.2  4.8  1.8 22  0.0                           
051914090616104933ハギノアップロード　　　　　　　　　  6.0  1.7 12.9 11.6  8.1 28  0.0                           
051914090716105011ペルソナデザイン　　　　　　　　　　 26.8  4.8-11.4 -9.8 -7.0 13  0.0                           
051914090816102867サンアップルトン　　　　　　　　　　 30.8  5.4-10.0 -4.9 -4.8 15  0.0                           
051914090916101440ラージヒル　　　　　　　　　　　　　 12.1  2.5  7.1 14.0  7.3 27  0.0                           
051914091016104853サトノジェネシス　　　　　　　　　　  2.1  1.2 20.3 24.3 15.0 35 18.1                           
051914100114101173アディラート　　　　　　　　　　　　  7.0  2.1 13.7  4.0  5.6 41  6.3                           
051914100211106544メガオパールカフェ　　　　　　　　　 20.0  4.3 -9.3  3.3 -1.6 33  0.0                           
051914100313101817クライシス　　　　　　　　　　　　　 16.5  3.6  6.0  3.5  3.1 38  0.0                           
051914100415103498デンコウケンジャ　　　　　　　　　　 16.5  3.6  7.5 -1.7  1.6 37 11.6                           
051914100513106375スリラーインマニラ　　　　　　　　　198.3 34.8-11.4 -8.0 -6.4 29  0.0                           
051914100613102856ブラックジョー　　　　　　　　　　　 22.4  4.6-12.5 -8.2 -6.8 28 13.7                           
051914100711105477プリサイスエース　　　　　　　　　　 22.5  4.7 -0.4  8.0  2.8 38  0.0                           
051914100811103670ファドーグ　　　　　　　　　　　　　 16.9  3.7-10.0-10.6 -6.9 28  8.6                           
051914100912102281マイネルエスパス　　　　　　　　　　 40.8  7.9-11.4-14.4 -8.7 26  0.0  0                        
051914101014100484ハルクンノテソーロ　　　　　　　　　 26.6  5.4 -9.1-15.9 -8.6 26  0.0                           
051914101114104410スズカコーズライン　　　　　　　　　  8.9  2.5 16.8  7.9  7.9 43  0.0                           
051914101214110109イーグルバローズ　　　　　　　　　　  2.4  1.3 21.0 25.1 15.5 51 18.1                           
051914101313105528セネッティ　　　　　　　　　　　　　114.4 20.4-12.5-11.9 -8.1 27  0.0                           
051914101413102854メリートーン　　　　　　　　　　　　 14.8  3.3  4.6  8.1  4.3 39  0.0                           
051914101512103540タイセイプレシャス　　　　　　　　　 35.2  6.9  4.0 -8.2 -1.8 33  0.0                           
051914101614100344パイルーチェ　　　　　　　　　　　　  5.8  1.9  6.2 15.3  7.5 42 11.6                           
051914110114105493サトノアレス　　　　　　　　　　　　 11.0  2.7  6.0 15.8  7.6 58  0.0                           
051914110215104688インディチャンプ　　　　　　　　　　  3.7  1.5 20.2 20.4 13.5 64  8.8                           
051914110315105073テトラドラクマ　　　　　　　　　　　 15.8  3.6 10.0 -7.4  0.3 50  0.0  0                        
051914110413103817ストーミーシー　　　　　　　　　　　116.1 21.1-11.4-10.0 -7.1 43  0.0                           
051914110515101621タワーオブロンドン　　　　　　　　　  3.2  1.4 12.0 15.7  9.4 59 10.6C                          
051914110614105849レッドオルガ　　　　　　　　　　　　 18.9  4.1-11.4  3.3 -2.2 48  0.0                           
051914110712103429ゴールドサーベラス　　　　　　　　　 47.6  9.2 -6.2-19.6 -9.0 41  0.0                           
051914110813102679ロードクエスト　　　　　　　　　　　 28.3  5.8 -6.0-12.7 -6.5 44  0.0                           
051914110912104685ヤングマンパワー　　　　　　　　　　 82.9 15.2-11.4-10.2 -7.2 43  0.0                           
051914111013105995ロジクライ　　　　　　　　　　　　　  4.6  1.6 13.8 12.2  8.6 59 18.4                           
051914111115110013ジャンダルム　　　　　　　　　　　　 17.6  3.9 -0.2  3.0  1.0 51  0.0  0                        
051914111213101006ショウナンアンセム　　　　　　　　　 37.7  7.5 -4.3 -1.8 -2.0 48  0.0                           
051914111313105316リライアブルエース　　　　　　　　　 26.1  5.4 -3.4 -1.8 -1.7 48  0.0                           
051914111412104737レアリスタ　　　　　　　　　　　　　 32.8  6.6 -3.8-13.2 -6.0 44  0.0                           
051914111515105057レイエンダ　　　　　　　　　　　　　  8.9  2.5  6.0 10.2  5.5 56  6.7A                          
051914120114105338オールザゴー　　　　　　　　　　　　  8.4  2.5  7.5  7.4  5.0 35  0.0                           
051914120215102392シグナライズ　　　　　　　　　　　　  8.7  2.5 10.1  9.1  6.4 36 17.5                           
051914120314105886キラービューティ　　　　　　　　　　 11.0  2.8  7.5 15.1  7.8 38  8.2  5                        
051914120415101399メモリーコロネット　　　　　　　　　 14.4  3.5 -2.9  1.0 -0.5 29  0.0                           
051914120514106036トゥザクラウン　　　　　　　　　　　  3.9  1.6 16.8 13.9 10.1 40 11.6                           
051914120613101869オルレアンローズ　　　　　　　　　　 26.3  5.7  3.7-15.9 -4.7 25  0.0                           
051914120713105680サバイバルポケット　　　　　　　　　 55.3 11.0-10.0 -6.8 -5.5 25  0.0                           
051914120814106144ディーパワンサ　　　　　　　　　　　 33.3  7.0-12.5 -6.6 -6.2 24  0.0                           
051914120914100159ウィンドライジズ　　　　　　　　　　  5.1  1.8  6.5 13.3  6.8 37  6.3                           
051914121013103448スフェーン　　　　　　　　　　　　　107.6 20.7-14.3-14.7 -9.7 20  0.0  0                        
051914121114104831スイーズドリームス　　　　　　　　　  8.9  2.6  7.2 -1.4  1.6 32 18.6                           
051914121212102359ビヨンジオール　　　　　　　　　　　 29.8  6.4 12.4  8.5  6.8 37  0.0                           
051914121315105056ディロス　　　　　　　　　　　　　　  3.6  1.5 15.7 17.3 11.1 41  7.5                           
071916010116101512ドラマ　　　　　　　　　　　　　　　111.2 20.2-10.0-12.5 -7.4 -2  0.0                           
071916010216106302リネンワンライン　　　　　　　　　　 31.5  6.4-12.0-11.0 -7.7 -3  0.0                           
071916010316105421ファンタジオ　　　　　　　　　　　　 21.6  4.6-10.0-12.5 -7.4 -2  0.0                           
071916010416103001ウォータービジョン　　　　　　　　　 13.9  3.2       6.6  2.0  7  0.0                           
071916010516106320シゲルモルガナイト　　　　　　　　　 28.6  5.8-10.0  7.5 -1.4  4  0.0                           
071916010616102237スミレヴィオレッタ　　　　　　　　　 74.3 13.7-10.0-12.5 -7.4 -2  0.0                           
071916010716100943シェルトファータ　　　　　　　　　　  4.7  1.6  6.6 13.2  6.4 11  0.0                           
071916010816105796ハナイカダ　　　　　　　　　　　　　 93.6 17.1-10.0-12.5 -7.4 -2  0.0                           
071916010916106481ヒカルフラッシュ　　　　　　　　　　 47.5  9.2-10.0-12.5 -7.4 -2  0.0                           
071916011016100156アサミン　　　　　　　　　　　　　　  8.9  2.5  7.2 11.0  5.9 11 18.8                           
071916011116102388ナムラマッチェリ　　　　　　　　　　  2.7  1.3 14.4 22.0 11.9 17 13.8                           
071916011216100986ケイトリン　　　　　　　　　　　　　111.2 20.2-10.0-12.5 -7.4 -2  0.0                           
071916011316106068ユラニュス　　　　　　　　　　　　　 45.2  8.8-10.0-12.5 -7.4 -2  0.0                           
071916011416101609キーポップコーン　　　　　　　　　　 85.7 15.7-10.0-12.5 -7.4 -2  0.0                           
071916011516101827ノーブルフューチャ　　　　　　　　　  4.7  1.6  6.0 18.8  7.8 13 16.3                           
071916011616100507ヒロノトウリョウ　　　　　　　　　　  5.7  1.8 12.6 16.5  9.6 15 12.3                           
071916020116102711クリムトゥ　　　　　　　　　　　　　 31.1  6.2-10.0-12.5 -7.4 -2  0.0                           
071916020216105951オトコマサリ　　　　　　　　　　　　 74.0 13.6-10.0-12.5 -7.4 -2  0.0                           
071916020316100198トゥールナージュ　　　　　　　　　　  4.3  1.6  7.2  6.6  4.6 10 15.0                           
071916020416103421フェリシタシオン　　　　　　　　　　  2.8  1.4 14.3 11.0  8.5 14 13.8                           
071916020516105604タマモパスクワ　　　　　　　　　　　 25.0  5.1-12.0 -7.9 -6.8 -2  0.0                           
071916020616100861スターペスユキコ　　　　　　　　　　 13.6  3.2 12.0 11.0  7.7 13  0.0                           
071916020716102563シゲルリシアキセキ　　　　　　　　　 74.0 13.6-10.0-12.5 -7.4 -2  0.0                           
071916020816105801メイケイペガトップ　　　　　　　　　 43.2  8.4-12.0-10.3 -7.5 -2  0.0                           
071916020916100966サンタコマ　　　　　　　　　　　　　 29.3  5.9-10.0  7.5 -1.4  4  0.0                           
071916021016105606キュリオス　　　　　　　　　　　　　 24.3  5.0  6.0-12.5 -1.5  3  0.0                           
071916021116101886メイショウラスカル　　　　　　　　　 11.9  2.8 14.4 13.2  9.2 14 13.1                           
071916021216101461スピードボンバー　　　　　　　　　　 14.3  3.3-10.0  5.5 -2.0  3  0.0                           
071916021316100889ワンダーヴァレッタ　　　　　　　　　  7.4  2.2  6.0 12.5  5.9 11  0.0                           
071916021416106378ローブドゥネージュ　　　　　　　　　 12.1  2.9-10.0 15.0  0.8  6  0.0                           
071916021516105671シゲルヒスイ　　　　　　　　　　　　  9.0  2.5 15.0  7.5  7.8 13 17.5                           
071916030114102027ダノンコスモス　　　　　　　　　　　  4.8  1.9 11.6 13.2  8.2 28 15.0                           
071916030214101340ロマンスマジック　　　　　　　　　　 16.0  4.2  6.0  5.4  3.8 24  0.0                           
071916030315100311グランデミノル　　　　　　　　　　　  4.7  1.9 15.8 23.9 13.0 33 13.8  3                        
071916030414105999エンドレスコール　　　　　　　　　　 10.7  3.0 14.4  6.6  7.3 27  0.0                           
071916030515102989ノボリレーヴ　　　　　　　　　　　　  5.9  2.1 24.0  8.8 11.4 31  0.0                           
071916030615102853ナイスドゥ　　　　　　　　　　　　　  6.0  2.2  6.6 16.5  7.4 27  0.0                           
071916030714101752エナホープ　　　　　　　　　　　　　 23.8  5.8 12.0 -6.5  2.5 22  0.0                           
071916030815106502カズミドリーム　　　　　　　　　　　 27.1  6.6-10.0-12.5 -7.4 13  0.0                           
071916030914105080スズカゼ　　　　　　　　　　　　　　 17.6  4.6-10.0-12.5 -7.4 13  0.0                           
071916031015101629キンゲショウ　　　　　　　　　　　　 17.6  4.6-10.0  7.5 -1.4 19 16.6                           
071916031115101833ディーズエフォート　　　　　　　　　 30.4  7.3-10.0-12.5 -7.4 13  0.0                           
071916031214105422ナリノメジャー　　　　　　　　　　　  5.1  1.9 10.0 25.1 11.2 31 16.3  5                        
071916031314103957ロードナカヤマ　　　　　　　　　　　 37.3  8.8-10.0-12.5 -7.4 13  0.0                           
071916040115105594シリウスインパクト　　　　　　　　　 40.5  7.7-10.0  7.5 -1.4 -1  0.0                           
071916040213104776リングオブハピネス　　　　　　　　　 33.0  6.4-10.5-11.0 -7.2 -7  0.0                           
071916040314100075ローレルヴィクター　　　　　　　　　 43.1  8.1-10.5-11.0 -7.2 -7  0.0                           
071916040410105786アドマイヤツヨシ　　　　　　　　　　 18.8  4.0 -2.5 -2.7 -1.7 -2  0.0                           
071916040511101814パリカラノテガミ　　　　　　　　　　 13.4  3.0 10.0  7.5  5.9  6  0.0                           
071916040613105972ラハトケレブ　　　　　　　　　　　　 51.3  9.5-10.5-11.0 -7.2 -7  0.0                           
071916040714100185シーライオン　　　　　　　　　　　　  2.5  1.3      22.0  6.6  7 13.8                           
071916040815104553ヤマノグラップル　　　　　　　　　　 40.1  7.6-10.0-12.5 -7.4 -7  0.0                           
071916040913105476マルカブリスク　　　　　　　　　　　 29.6  5.8-10.5-11.0 -7.2 -7  0.0                           
071916041014109148テイエムヒッタマゲ　　　　　　　　　 34.0  6.5-10.5-11.0 -7.2 -7  0.0                           
071916041113106140シャインブライト　　　　　　　　　　  5.4  1.7  6.0 25.0  9.7 10 17.5                           
071916041214102416マリノパシフィカス　　　　　　　　　 37.2  7.1-10.0  7.5 -1.4 -1  0.0                           
071916041312105800キールコネクション　　　　　　　　　  4.6  1.6 15.0 16.4 10.4 10 10.5                           
071916041415104437シーレーン　　　　　　　　　　　　　  4.7  1.6 18.0 25.8 14.3 14 16.3  1  141   64              
071916050116102889サンバパレード　　　　　　　　　　　  6.9  2.3 18.0 13.2 10.6 11 11.4                           
071916050216100578ヤマニンモンスーン　　　　　　　　　  6.1  2.2 24.0  6.6 10.8 11  0.0                           
071916050316101922モズナリマツ　　　　　　　　　　　　 56.7 12.4-12.0-15.2 -9.0 -9  0.0                           
071916050416106495エイシンモンクール　　　　　　　　　 49.8 11.2-10.5-11.0 -7.2 -7  0.0                           
071916050516103765セブンティサン　　　　　　　　　　　 15.5  4.0-12.0  9.2 -1.6 -2 23.8  5                        
071916050616105320カフジロッソ　　　　　　　　　　　　 36.1  8.3-10.5 14.3  0.4  0  0.0  5                        
071916050716100183カフジサターン　　　　　　　　　　　 52.2 11.8-11.0 -8.9 -6.7 -7  0.0                           
071916050816105277リードザヴァン　　　　　　　　　　　  7.2  2.4-10.5 -2.2 -4.5 -5 18.8  5                        
071916050916100515タガノベリキュー　　　　　　　　　　  3.6  1.7 12.0 22.0 11.0 11  0.0                           
071916051016102552クドシュ　　　　　　　　　　　　　　 41.8  9.6-12.0 -7.9 -6.8 -7  0.0                           
071916051116102420ミスターホウジュ　　　　　　　　　　 12.9  3.4  7.2 12.7  6.4  6 22.5                           
071916051216102096ボランテレオ　　　　　　　　　　　　  7.1  2.4 14.4 -6.7  3.3  3  0.0  0                        
071916051316100211フウバ　　　　　　　　　　　　　　　 65.3 14.2      -7.9 -2.4 -2  0.0                           
071916051416100613レイナローサ　　　　　　　　　　　　  7.3  2.4-11.0  6.6 -2.1 -2  0.0                           
071916051516102650タイセイガニアン　　　　　　　　　　  9.5  2.9 10.0 15.0  8.2  8  0.0                           
071916060116104357ファナティック　　　　　　　　　　　  4.0  1.6 13.3 17.3 10.1 15 15.0  2                        
071916060216101257スコッチフラワー　　　　　　　　　　 22.9  4.9  6.0-12.5 -1.5  3  0.0                           
071916060316101778ヴォアラ　　　　　　　　　　　　　　 26.3  5.6 10.0  7.5  5.9 11  0.0                           
071916060416102153フローズンナイト　　　　　　　　　　  6.2  2.0 15.0-12.5  1.8  7 17.5                           
071916060516102307ビーマイステディ　　　　　　　　　　  3.3  1.5 18.5 22.0 13.4 18 13.8                           
071916060616104896イノセントミューズ　　　　　　　　　  5.0  1.7  7.2 18.9  8.3 13 11.4                           
071916060716101359アマリリステソーロ　　　　　　　　　 75.4 14.4-10.5-11.0 -7.2 -2  0.0                           
071916060816106225パラーティウム　　　　　　　　　　　  7.4  2.2 -1.7  9.1  2.1  7  0.0  5                        
071916060916103488クルシュー　　　　　　　　　　　　　 51.6 10.3-11.0-11.0 -7.3 -2  0.0                           
071916061016106104ショウナンパルコ　　　　　　　　　　 47.3  9.5-12.0-11.3 -7.8 -3  0.0                           
071916061116105638ミサトラモーヌ　　　　　　　　　　　123.7 23.2-10.0-12.5 -7.4 -2  0.0                           
071916061216103611プッシーウィロー　　　　　　　　　　 26.4  5.6-10.0 12.5  0.1  5  0.0                           
071916061316100727クレーリッチェ　　　　　　　　　　　 44.0  8.9-10.0-12.5 -7.4 -2  0.0                           
071916061416100289アオイハヤブサ　　　　　　　　　　　 40.1  8.2-10.5 -8.6 -6.4 -1  0.0                           
071916061516105270ラヴィンジャー　　　　　　　　　　　 17.6  4.0-10.0  7.5 -1.4  4  0.0                           
071916061616105166ヴィオラピューロ　　　　　　　　　　 37.7  7.7-10.5-11.0 -7.2 -2  0.0                           
071916070116104000シャイニーブランコ　　　　　　　　　 53.4 10.2-12.0-11.0 -7.7 -3  0.0                           
071916070216104405ティレニア　　　　　　　　　　　　　  4.0  1.6 15.8  6.6  7.8 13 10.5                           
071916070316103716テミス　　　　　　　　　　　　　　　  8.2  2.3-10.0 25.0  3.8  9  0.0                           
071916070416105453アナザードリーム　　　　　　　　　　 21.1  4.5 18.0  5.8  8.3 13  0.0                           
071916070516103242カレングロリアーレ　　　　　　　　　  3.0  1.4 12.0  6.7  6.4 11 13.8                           
071916070616100251ウインバラーディア　　　　　　　　　 33.3  6.6-12.0  6.6 -2.4  3  0.0                           
071916070716102075マーニ　　　　　　　　　　　　　　　 26.7  5.5 -2.5  2.1 -0.3  5  0.0                           
071916070816102017メイショウビジュー　　　　　　　　　  6.5  2.0  7.2 16.5  7.6 13 16.3                           
071916070916104090ラインコマンダー　　　　　　　　　　 19.8  4.3  6.0  7.5  4.4  9  0.0                           
071916071016101920メモリーハイル　　　　　　　　　　　 58.3 10.8-12.0-11.0 -7.7 -3  0.0                           
071916071116105055ローゼンオルデン　　　　　　　　　　 71.3 13.1-10.0  7.5 -1.4  4  0.0                           
071916071216100321ウォーターエデン　　　　　　　　　　 11.6  2.8  0.5 12.0  3.8  9 18.8                           
071916071316102709チクリ　　　　　　　　　　　　　　　 93.1 16.9-10.0-12.5 -7.4 -2  0.0                           
071916071416105749ツクバボニート　　　　　　　　　　　 50.4  9.7-10.0-12.5 -7.4 -2  0.0                           
071916071516106364オーキッドテソーロ　　　　　　　　　 20.7  4.4-12.0-18.9-10.1 -5  0.0  0                        
071916071616101098リュウグウヒメ　　　　　　　　　　　 74.5 13.7-10.0  7.5 -1.4  4  0.0                           
071916071716105772ケイアイサクソニー　　　　　　　　　 13.0  3.0 24.0 13.2 12.8 18  0.0                           
071916071816100699ベストゴッホ　　　　　　　　　　　　 93.1 16.9-10.0-12.5 -7.4 -2  0.0                           
071916080115110063フォルツァエフ　　　　　　　　　　　 16.0  3.6 12.0  4.0  5.6 26  0.0                           
071916080214103311マイネルストラトス　　　　　　　　　 26.7  5.4-10.0-12.5 -7.4 13  0.0                           
071916080314104192オールウェイズゼア　　　　　　　　　  6.9  2.1 12.0 15.0  8.9 29 12.3                           
071916080413102530フッカツノノロシ　　　　　　　　　　 45.4  8.8-10.0-12.5 -7.4 13  0.0                           
071916080515103603メイショウバルコラ　　　　　　　　　 28.6  5.8-12.0  4.7 -3.0 17  0.0                           
071916080614101436リョウランヒーロー　　　　　　　　　 13.2  3.1  6.0 25.0  9.7 30  0.0                           
071916080714100583プエルタデルソル　　　　　　　　　　  3.4  1.4 24.0 11.0 12.1 32 13.8                           
071916080814103402ライデンバローズ　　　　　　　　　　  3.4  1.4 18.3 17.9 12.1 32 15.0                           
071916080915103768スズノアリュール　　　　　　　　　　 16.7  3.7-12.0 11.3 -1.0 19  0.0  5                        
071916081015104837グーテンターク　　　　　　　　　　　  4.1  1.5  7.2 16.5  7.6 28 16.3                           
071916081115101785ニシノベイオウルフ　　　　　　　　　 22.8  4.7-10.0-12.5 -7.4 13  0.0                           
071916081215100516タガノバルバドス　　　　　　　　　　 25.7  5.3-10.5-11.0 -7.2 13  0.0                           
071916090115105501ハナザカリ　　　　　　　　　　　　　 20.4  4.0  6.0-12.5 -1.5 18 14.9                           
071916090215104868ネプチュナイト　　　　　　　　　　　  2.5  1.3 15.0 28.1 13.9 34 13.8                           
071916090313100386ラプルーズ　　　　　　　　　　　　　 14.0  2.9  6.3  8.9  5.0 25  0.0                           
071916090415101539カイトチャン　　　　　　　　　　　　 43.6  7.6-10.0  7.5 -1.4 19  0.0                           
071916090514110086ラローデ　　　　　　　　　　　　　　 27.3  5.0-10.0-12.5 -7.4 13  0.0                           
071916090614103674ベルウッドミライ　　　　　　　　　　 34.4  6.2-10.0-12.5 -7.4 13  0.0                           
071916090715103488シゲルシイタケ　　　　　　　　　　　  8.3  2.2  6.0 25.0  9.7 30  0.0                           
071916090814101620ショウナンサザナミ　　　　　　　　　 23.8  4.5  6.0  5.1  3.7 24  0.0                           
071916090914105935ダノンクライム　　　　　　　　　　　 20.4  4.0-10.5-11.0 -7.2 13  0.0                           
071916091015105074アドマイヤツルギ　　　　　　　　　　 32.3  5.8-10.5 -7.3 -6.0 14  0.0                           
071916091115104171ヘブンリーデイズ　　　　　　　　　　  3.7  1.4 16.5 30.6 15.2 35 15.0  2                        
071916091215104074ターフェルムジーク　　　　　　　　　 13.9  2.9-12.0-11.0 -7.7 12  0.0                           
071916091313101178トウカイエクレール　　　　　　　　　  6.5  1.8 10.5  8.3  6.3 26 16.3                           
071916100115103340メイショウキョウジ　　　　　　　　　  3.5  1.4 16.6  9.0  8.8 29 16.3                           
071916100214105666ヒドゥンパラメータ　　　　　　　　　 34.6  6.7-10.0-12.5 -7.4 13  0.0                           
071916100314101118レディギャング　　　　　　　　　　　 27.9  5.5  7.2 13.3  6.6 27  0.0  4                        
071916100415104974ブレイニーラン　　　　　　　　　　　  3.2  1.3 24.0  8.8 11.4 31 13.8                           
071916100515104858ブショウ　　　　　　　　　　　　　　 33.4  6.5-10.0-11.0 -7.0 13  0.0                           
071916100615104144ブラゾンダムール　　　　　　　　　　 14.1  3.1 -1.7 11.9  2.9 23  0.0  3                        
071916100715105539トーセンクロノス　　　　　　　　　　 41.1  7.8-10.0  7.5 -1.4 19  0.0                           
071916100815103382ブラックジルベルト　　　　　　　　　 40.1  7.6-11.0 -1.7 -4.5 15  0.0                           
071916100914102617アンノートル　　　　　　　　　　　　  3.4  1.3 12.0 18.8 10.0 30 15.0                           
071916101013105109トーアライジン　　　　　　　　　　　 21.7  4.4       6.6  2.0 22  0.0                           
071916101115101057マイネルイノメ　　　　　　　　　　　 37.8  7.2-10.0-12.5 -7.4 13  0.0                           
071916101215105791タイセイトレンディ　　　　　　　　　 18.5  3.9-12.0 15.3  0.2 20  0.0  3                        
071916101314100524ナンヨーマーズ　　　　　　　　　　　 23.1  4.7  6.3-11.0 -1.0 19  0.0                           
071916101413105451オーダードリブン　　　　　　　　　　 16.2  3.5 12.0 11.0  7.7 28 13.1                           
071916110114100521タガノグルナ　　　　　　　　　　　　  7.6  2.1 14.4 18.0 10.7 46 13.1                           
071916110212104346スマートボムシェル　　　　　　　　　 18.5  3.8  4.5  3.9  2.8 38  0.0                           
071916110315103217アルドーレ　　　　　　　　　　　　　  2.4  1.3 18.0 24.0 13.8 49 13.8  3                        
071916110411101337コウエイワンマン　　　　　　　　　　 19.4  4.0-12.0-20.0-10.4 25  0.0                           
071916110514101979レッドアトゥ　　　　　　　　　　　　  7.3  2.1  9.3-14.9 -1.1 34 17.5                           
071916110614100511タガノヴェローナ　　　　　　　　　　  4.5  1.6 24.0 30.0 17.8 53  0.0                           
071916110713106446ワンダーピルエット　　　　　　　　　 52.2  9.5  7.2-16.9 -2.4 33  0.0  0                        
071916110813105481ドラゴンカップ　　　　　　　　　　　  7.6  2.1 -1.7  8.1  1.8 37  0.0                           
071916110911105107クールオープニング　　　　　　　　　 28.0  5.4-10.5-11.9 -7.4 28  0.0                           
071916111013102819メイショウカマクラ　　　　　　　　　 30.9  5.9-10.5  7.1 -1.7 33  0.0                           
071916111114100464キーグラウンド　　　　　　　　　　　  6.8  2.0  8.5  9.6  6.0 41 16.3                           
071916120115105502グローリーグローリ　　　　　　　　　  4.2  1.6 18.0 39.4 18.4 48 15.0                           
071916120215100894ダンケシェーン　　　　　　　　　　　  5.1  1.8 24.0 30.0 17.8 48  0.0  2                        
071916120314101964グロワールシチー　　　　　　　　　　  4.0  1.6 12.0 20.0 10.4 40 13.8                           
071916120415100231ウインジェルベーラ　　　　　　　　　 40.2  8.8-10.0-12.5 -7.4 23  0.0                           
071916120513105956ソーディヴァイン　　　　　　　　　　 12.4  3.2 14.4  6.6  7.3 37 14.0                           
071916120613100708ノーモアゲーム　　　　　　　　　　　 13.0  3.3-10.0-12.5 -7.4 23  0.0                           
071916120713106262カネノイロ　　　　　　　　　　　　　 33.1  7.4-10.0-12.5 -7.4 23  0.0                           
071916120815104554トークフレンドリー　　　　　　　　　 21.9  5.1-10.0  7.5 -1.4 29  0.0                           
071916120914101308テイエムグッドマン　　　　　　　　　  4.3  1.7 14.0  6.6  7.1 37 16.3                           
071916121014100428カズマペッピーノ　　　　　　　　　　 15.6  3.9-12.0  4.8 -3.0 27  0.0                           
071916121113102192アグネッタ　　　　　　　　　　　　　 39.7  8.7-11.0-11.0 -7.3 23  0.0                           
071916121214102753サンシャーロット　　　　　　　　　　 11.1  2.9-12.0  9.5 -1.5 28  0.0                           
081924010116104236ララフォーナ　　　　　　　　　　　　 16.3  3.4  1.9  8.6  3.3  8  0.0                           
081924010216100603プリカジュール　　　　　　　　　　　  5.5  1.7 14.2 10.8  8.4 13  8.2                           
081924010316106129アイランドルビー　　　　　　　　　　 27.5  5.2-10.9-20.0-10.0 -5  0.0                           
081924010416102183メイショウラッシュ　　　　　　　　　 13.5  2.9 -5.6 14.1  2.2  7  7.7                           
081924010516105982ダンツシャープ　　　　　　　　　　　 74.3 12.6-11.4-10.9 -7.4 -2  0.0                           
081924010616104150トーアディアナ　　　　　　　　　　　 36.2  6.6-11.4  4.1 -3.0  2  0.0                           
081924010716102418ルンルンクオリティ　　　　　　　　　 14.3  3.1  1.2  9.0  3.1  8  0.0                           
081924010816102621ダイヤーズブルーム　　　　　　　　　  4.6  1.6 16.4  6.9  8.1 13 19.6                           
081924010916105881エルデリュミエール　　　　　　　　　 42.3  7.6 -5.6-11.5 -5.5 -1  0.0                           
081924011016101623キシュウブライト　　　　　　　　　　 10.8  2.5-10.9  4.2 -2.7  2 10.3                           
081924011116103317ハートウォーミング　　　　　　　　　  2.3  1.3 21.8 21.3 14.4 19 18.0                           
081924011216100798ペネトレーター　　　　　　　　　　　 29.9  5.6  0.0 -6.6 -2.0  3 18.0                           
081924011316100556サダムラポール　　　　　　　　　　　 43.5  7.8-11.4-12.8 -8.0 -3  0.0                           
081924011416102658マーブルサニー　　　　　　　　　　　 19.1  3.9  9.6  6.0  5.3 10  0.0                           
081924020116101548モンサンファスト　　　　　　　　　　  6.8  2.0  3.8 11.4  4.8 10 10.3  3                        
081924020216100567ヤマニンスプレモ　　　　　　　　　　 13.0  2.9  0.0  5.6  1.7  7 21.2                           
081924020316100817オーミサルーテ　　　　　　　　　　　 39.7  7.4-11.4-10.5 -7.3 -2  0.0                           
081924020416103945マンノグランプリ　　　　　　　　　　  4.3  1.5 16.8  6.4  8.1 13  8.2                           
081924020516100235ウインアライバル　　　　　　　　　　  3.7  1.4 13.8 11.0  8.4 13 19.6                           
081924020616102872ダンツスピリット　　　　　　　　　　 13.4  3.0-10.9 -9.3 -6.8 -2  0.0                           
081924020716105563ルノワール　　　　　　　　　　　　　 13.1  2.9  4.8 14.2  6.0 11  0.0                           
081924020816101054ブルベアベージュ　　　　　　　　　　 27.0  5.2  1.5 -6.9 -1.5  3  0.0                           
081924020916101603オーミシンゲン　　　　　　　　　　　 37.2  6.9-14.0-13.8 -9.3 -4  0.0                           
081924021016101859ジン　　　　　　　　　　　　　　　　 38.8  7.2 -4.1-11.9 -5.1  0  0.0                           
081924021116100645オーブラン　　　　　　　　　　　　　  2.8  1.3 18.0  3.5  7.7 13 18.0                           
081924030116103476キンシロウ　　　　　　　　　　　　　 19.8  3.8-15.0  3.4 -4.5  1 15.3                           
081924030216100048タイセイチーフ　　　　　　　　　　　  8.5  2.2  6.5  9.1  5.1 10  0.0                           
081924030316101951ミラーグロ　　　　　　　　　　　　　 46.5  7.9 -5.8-13.7 -6.2 -1  0.0                           
081924030416106611ジュンユウコー　　　　　　　　　　　 73.3 11.7-14.0-15.7 -9.8 -5  0.0                           
081924030516102471オースミレーヴ　　　　　　　　　　　 46.8  7.9-10.9 -9.0 -6.7 -2  0.0                           
081924030616100133ハクユウフライヤー　　　　　　　　　 13.3  2.8  2.4 15.2  5.4 10 11.8  4                        
081924030716101450レゴリス　　　　　　　　　　　　　　  2.8  1.3 16.4 13.2 10.0 15  5.7                           
081924030816105522ブルベアビアンコ　　　　　　　　　　 49.2  8.3-10.9-10.0 -7.0 -2  0.0                           
081924030916100612カリッサ　　　　　　　　　　　　　　  3.0  1.4 15.8  9.7  8.7 14 19.6                           
081924031016100954ブルベアボルド　　　　　　　　　　　  8.3  2.1  2.9 10.4  4.2  9  0.0                           
081924031116102857ショーギーニ　　　　　　　　　　　　 21.0  4.0 -4.1-11.6 -5.0  0  0.0                           
081924031216101716エーティースイセイ　　　　　　　　　 75.9 12.1-11.4-12.4 -7.9 -3  0.0                           
081924031316103971ビービーソウル　　　　　　　　　　　 43.3  7.4 -8.7-13.7 -7.3 -2  0.0                           
081924031416102410クリノライジン　　　　　　　　　　　 46.1  7.8-10.9 -9.0 -6.7 -2 18.0                           
081924031516105970ケイツーテソーロ　　　　　　　　　　  8.3  2.1 14.5  7.1  7.4 12 19.1                           
081924040116101374ウインバルドル　　　　　　　　　　　 34.9  6.3-10.9-12.6 -7.8 12  0.0                           
081924040216104424チュウワフライヤー　　　　　　　　　  2.4  1.2 19.7 17.0 12.3 32 18.0                           
081924040316103900エスケーアタランタ　　　　　　　　　 41.6  7.4-10.9 -0.4 -4.1 16  0.0                           
081924040416101915ナムラボーナス　　　　　　　　　　　 26.1  4.9 -5.6  4.1 -0.8 19  0.0                           
081924040516100158ダイシンクローバー　　　　　　　　　  4.0  1.5 17.5 12.9 10.3 30 10.8                           
081924040616102480タイガーアチーヴ　　　　　　　　　　 15.0  3.1  7.9  9.5  5.7 26  8.2  5                        
081924040716102633ブルベアイリーデ　　　　　　　　　　  6.6  1.9  8.2  7.3  5.2 25 20.5                           
081924040816101153ダノンシティ　　　　　　　　　　　　  4.9  1.6  9.3  8.9  6.1 26  0.0                           
081924040916106245カルロスミノル　　　　　　　　　　　  5.0  1.6 11.5 15.4  8.8 29 22.9                           
081924050116104971オメガハートクィン　　　　　　　　　 11.5  2.7  1.1 12.4  4.1  9 13.5                           
081924050216101965モズハチキン　　　　　　　　　　　　  3.2  1.4 13.2 10.6  8.0 13 18.0                           
081924050316104742アルポルト　　　　　　　　　　　　　 16.5  3.6  2.8  6.6  3.0  8  0.0                           
081924050416105666ケイティグレース　　　　　　　　　　 32.5  6.3-10.9  4.0 -2.8  2  0.0                           
081924050516105182フェータルイヴ　　　　　　　　　　　 37.4  7.1-10.8 -9.0 -6.7 -2  0.0                           
081924050616101167ベストチャーム　　　　　　　　　　　  3.2  1.4 17.2 13.1 10.2 15 17.0                           
081924050716104337クインオブザシーズ　　　　　　　　　  5.7  1.8 11.6  7.8  6.6 12  9.6  5                        
081924050816104350ハルノナゴリ　　　　　　　　　　　　 14.8  3.3 -8.0-15.5 -7.6 -3  0.0                           
081924050916106064ノーワン　　　　　　　　　　　　　　  6.5  1.9 13.4  7.1  7.0 12 19.1                           
081924051016100416クリノエメラルド　　　　　　　　　　 44.5  8.3-10.9 -0.4 -4.1  1  0.0                           
081924051116105020レガーロブロッサム　　　　　　　　　 19.6  4.1  1.2 -3.8 -0.7  4  0.0                           
081924051216100288クワイエット　　　　　　　　　　　　 17.4  3.7  3.8-20.0 -4.6  0  0.0                           
081924060116105006スワンレーク　　　　　　　　　　　　 26.2  5.6-11.4-11.1 -7.5 -8  0.0                           
081924060216110002ハウル　　　　　　　　　　　　　　　 25.4  5.5-11.4 -8.7 -6.8 -7  0.0                           
081924060316102414カズマッケンリー　　　　　　　　　　 27.2  5.8-11.4-10.3 -7.3 -7  0.0                           
081924060416104618ボッケリーニ　　　　　　　　　　　　  2.6  1.4 16.8 23.9 13.3 13  8.1  2                        
081924060516103706マッケンユウ　　　　　　　　　　　　 46.2  9.4-10.9 -7.9 -6.4 -6  0.0                           
081924060616103086サイベリアン　　　　　　　　　　　　  9.4  2.7  5.6  9.3  4.8  5 14.4                           
081924060716106455ニューアビリティ　　　　　　　　　　 20.2  4.5  6.5  8.2  4.8  5 24.1                           
081924060816105290レッドアウローラ　　　　　　　　　　  5.9  2.0 11.7 11.8  7.8  8 19.6                           
081924060916106366ルフランエトワール　　　　　　　　　 85.5 16.4-10.9-12.8 -7.8 -8  0.0                           
081924061016105157レッドムルガン　　　　　　　　　　　 32.6  6.8 -7.3-12.4 -6.4 -6  0.0                           
081924061116100553グラッブアドリーム　　　　　　　　　  8.4  2.5 10.9 14.9  8.5  8 20.5                           
081924061216102643シングインザレイン　　　　　　　　　  6.4  2.0  1.7  4.0  1.8  2  0.0                           
081924061316104979ディノーラ　　　　　　　　　　　　　 68.5 13.2-10.9-14.5 -8.3 -8  0.0  0                        
081924061416102044アイラブテーラー　　　　　　　　　　 33.9  7.0  3.8  8.0  3.8  4  0.0                           
081924061516100483キーメモリー　　　　　　　　　　　　 73.3 14.1-10.3-11.8 -7.3 -7  0.0                           
081924061616104426マルシュロレーヌ　　　　　　　　　　  6.7  2.1  4.8 -1.8  1.2  1  0.0                           
081924070115102656マラビージャ　　　　　　　　　　　　 35.2  7.6-11.0-15.2 -8.6 11 18.9  0                        
081924070214103031メイショウアワジ　　　　　　　　　　 13.0  3.3 15.8  3.7  6.9 27  8.8                           
081924070315102815メイショウテツワン　　　　　　　　　  5.3  1.8 15.8 17.8 11.1 31  9.6  5                        
081924070415102869エイシンエレガンス　　　　　　　　　 28.1  6.2-10.9-15.7 -8.7 11  0.0                           
081924070514101667ナムラムート　　　　　　　　　　　　  3.9  1.6 13.4 18.2 10.4 30  0.0                           
081924070611105897スズカプリティー　　　　　　　　　　 65.9 13.2-15.0-10.5 -8.6 11  0.0                           
081924070715101771ニシノダンテ　　　　　　　　　　　　 25.2  5.6-14.0 -2.7 -5.9 14  0.0                           
081924070815106194センショウユウト　　　　　　　　　　  8.2  2.5  1.1  7.1  2.5 23  9.4                           
081924070914102689ブライトメジャー　　　　　　　　　　 31.2  6.8-14.0 -0.8 -5.4 15 18.0                           
081924071014102618ダブルスプリット　　　　　　　　　　  3.9  1.6 11.5 17.3  9.4 29 19.6                           
081924071115101647タフチョイス　　　　　　　　　　　　  5.8  2.0  8.5 21.3  9.5 30 10.3                           
081924071215102999アカツキジョー　　　　　　　　　　　 12.5  3.2  8.4  6.5  5.0 25  0.0                           
081924071313106313マルクデラポム　　　　　　　　　　　 36.0  7.7-14.0 -8.7 -7.7 12  0.0                           
081924071413103760サイモンゼーレ　　　　　　　　　　　 41.1  8.7-14.0 -4.2 -6.4 14  0.0                           
081924080114104516サンマルエンパイア　　　　　　　　　 19.6  3.7-10.9-15.9 -8.8 11  0.0  0                        
081924080215104481アドバンスマルス　　　　　　　　　　  9.3  2.3  9.1 -3.8  2.2 22  0.0                           
081924080315100597センスオブワンダー　　　　　　　　　 31.9  5.6-10.9 -9.0 -6.7 13  0.0                           
081924080414101360ブルベアパンサー　　　　　　　　　　 30.6  5.4 -5.6  6.3 -0.2 20  0.0                           
081924080515103227マンナム　　　　　　　　　　　　　　 22.7  4.2 -3.6 31.3  8.1 28 29.4                           
081924080615102747フィールドドウサン　　　　　　　　　 13.6  2.8  8.2 -2.4  2.3 22  0.0                           
081924080714100977ディープスピリッツ　　　　　　　　　  6.2  1.8 11.2  8.2  6.6 27  8.2                           
081924080815100371テイエムギフテッド　　　　　　　　　  4.9  1.6 16.8 21.2 12.5 33 19.6                           
081924080914109008ブルベアラクーン　　　　　　　　　　  8.1  2.1  9.9 22.9 10.5 30  7.2                           
081924081015106466サイモンサーマル　　　　　　　　　　 42.6  7.2-14.0-12.8 -9.0 11  0.0                           
081924081114100273クリノアパッチ　　　　　　　　　　　 64.2 10.3-14.0 -0.4 -5.3 15  0.0                           
081924081214103215サザンブリーズ　　　　　　　　　　　  2.0  1.2 18.0 18.4 12.1 32 18.0                           
081924090114104031ハローユニコーン　　　　　　　　　　 14.5  2.9 -7.6  6.7 -0.8 29  0.0                           
081924090214101563スズカフューラー　　　　　　　　　　 27.6  4.9 -5.2  3.7 -0.8 29  0.0                           
081924090315104183ラテュロス　　　　　　　　　　　　　  4.1  1.4 14.1 10.7  8.4 38 16.4                           
081924090414100733マイネルスフェーン　　　　　　　　　 20.5  3.9  5.8 -2.0  1.5 32  0.0                           
081924090513101959マイネルアトゥー　　　　　　　　　　 25.3  4.6-10.9 -8.2 -6.5 24  0.0                           
081924090615102214リュヌルージュ　　　　　　　　　　　  5.7  1.7 12.7 12.9  8.5 39 22.9                           
081924090714100597スパイクナード　　　　　　　　　　　 30.2  5.3-10.9 -8.1 -6.4 24 18.0                           
081924090815104643ダブルフラット　　　　　　　　　　　  2.2  1.2 20.1 22.2 14.0 44 18.0  1  132   55              
081924090914102157テリトーリアル　　　　　　　　　　　  5.1  1.6 11.6 12.4  8.0 38  6.7                           
081924091013106188トレジャートローヴ　　　　　　　　　 15.1  3.0  6.5  2.6  3.2 33  0.0                           
081924100114104314ファミーユボヌール　　　　　　　　　 12.0  2.8 12.1  7.5  6.7 42 14.4                           
081924100214103400メイショウカズヒメ　　　　　　　　　 11.3  2.7  8.2 19.8  8.9 44 13.5                           
081924100312103499ラホーヤビーチ　　　　　　　　　　　 61.5 11.4 -9.7-10.5 -6.7 28  0.0                           
081924100412105238エメラルエナジー　　　　　　　　　　 64.0 11.8 -9.7-10.5 -6.7 28  0.0                           
081924100511101727イオラニ　　　　　　　　　　　　　　 27.8  5.6 -9.7  5.0 -2.1 33  0.0                           
081924100613101476レーヴムーン　　　　　　　　　　　　 12.3  2.9  2.4  8.7  3.5 38  8.8                           
081924100713105681スワーヴアーサー　　　　　　　　　　  3.6  1.5 14.4 22.2 11.9 47  8.8  2                        
081924100812110030パラダイスガーデン　　　　　　　　　 49.4  9.5 -9.7-10.5 -6.7 28  0.0                           
081924100914102972メイショウカリン　　　　　　　　　　  5.9  1.9  8.5  7.1  5.2 40  9.6                           
081924101014104515クインズサリナ　　　　　　　　　　　  8.9  2.5 -5.6  9.4  0.8 36  0.0                           
081924101111100215クラウンルシフェル　　　　　　　　　 47.6  9.2 -9.7-10.5 -6.7 28  0.0                           
081924101214106012ハウメア　　　　　　　　　　　　　　  3.2  1.4 19.3 19.5 12.9 48 18.0                           
081924101312103286スマートグレイス　　　　　　　　　　 21.0  4.5 -4.1 -5.0 -3.0 32  0.0                           
081924101413105631レッドラウダ　　　　　　　　　　　　 23.8  4.9 -5.6 -2.8 -2.9 32 12.0                           
081924101511100941クリノハッチャン　　　　　　　　　　128.4 23.0 -9.7-10.5 -6.7 28  0.0                           
081924101613101358アイファープリティ　　　　　　　　　 79.9 14.6 -8.1-11.1 -6.3 29  0.0                           
081924110116100527タガノディアマンテ　　　　　　　　　 17.4  3.0 -8.7  2.7 -2.4 48  0.0                           
081924110216104629エングレーバー　　　　　　　　　　　  4.9  1.4 14.9 22.0 12.1 62 17.8  4                        
081924110316105067ヴァンドギャルド　　　　　　　　　　  2.2  1.2 19.7 19.9 13.2 63 18.0                           
081924110416104484ダノンチェイサー　　　　　　　　　　  7.2  1.8 14.0  6.4  7.1 57 19.8  0                        
081924110516105938コパノマーティン　　　　　　　　　　 25.8  4.1-14.0-15.2 -9.7 40  0.0  0                        
081924110616106252ランスオブプラーナ　　　　　　　　　 19.7  3.3  6.7  6.5  4.4 54 15.3                           
081924110716104681アガラス　　　　　　　　　　　　　　  2.9  1.2 18.9 15.8 11.7 62 24.6                           
081924110816102192メイショウテンゲン　　　　　　　　　 12.8  2.4  2.3  4.8  2.3 52  0.0                           
081924120114105554リュウシンベガス　　　　　　　　　　 15.9  3.6 11.6  3.4  5.3 35  7.7                           
081924120214102092イナズママンボ　　　　　　　　　　　 61.7 11.4-14.0-15.7 -9.8 20  0.0                           
081924120313105487セータコローナ　　　　　　　　　　　 19.7  4.3-10.9  2.5 -3.2 27  0.0                           
081924120414104487トロピカルスパート　　　　　　　　　 76.8 14.0 -9.7 -2.0 -4.2 26  0.0                           
081924120513102547クリノシャンボール　　　　　　　　　 30.2  6.1 -5.6 -7.0 -4.2 26  0.0                           
081924120613101400キョウワエステル　　　　　　　　　　 65.2 12.0-10.9-13.7 -8.1 22  0.0                           
081924120712105842アグネスエーデル　　　　　　　　　　  4.8  1.6  6.5 10.0  5.4 35 17.8                           
081924120812103583メイショウタラチネ　　　　　　　　　 42.2  8.2-10.9-15.5 -8.6 21  0.0                           
081924120914103571メイショウアリソン　　　　　　　　　  5.3  1.8  9.7 15.8  8.3 38 12.6                           
081924121015102929アンティグラビティ　　　　　　　　　 40.5  7.9 -0.3-10.5 -3.3 27  0.0                           
081924121113103471エネルムサシ　　　　　　　　　　　　  2.8  1.3 20.2  9.9 10.4 40 18.0                           
081924121215102566セパヌイール　　　　　　　　　　　　 28.2  5.7-10.9  9.4 -1.2 29  0.0                           
081924121313105645ジオラマ　　　　　　　　　　　　　　  4.4  1.6 10.4  7.9  6.2 36 19.6 1                         
081924121414104589タマモコーラス　　　　　　　　　　　 16.5  3.7  6.8 -0.3  2.4 32  0.0                           
081924121511101737ブロンズテーラー　　　　　　　　　　 30.8  6.2 -7.8 10.9  0.4 30  0.0                           
