081825010115104081マグダレーナ　　　　　　　　　　　　 47.5  7.8-10.9 -8.5 -6.5 -2  0.0                           
081825010215105017シャンテューズ　　　　　　　　　　　 14.1  2.8  7.4  7.7  5.0 10  9.6                           
081825010315102350ファイヤードラゴン　　　　　　　　　 45.7  7.5-11.7 -8.6 -6.9 -2  0.0                           
081825010415102358イチザティアラ　　　　　　　　　　　 72.6 11.3-11.7-11.2 -7.7 -3  0.0                           
081825010515106497ユーステイアウェイ　　　　　　　　　 25.9  4.5 -3.8  5.9  0.4  5  0.0                           
081825010615105049メジャーシャルマン　　　　　　　　　 16.6  3.2  0.5  2.9  1.1  6 10.2                           
081825010715100927タマモオテンバ　　　　　　　　　　　 74.2 11.5-10.9-13.9 -8.2 -3  0.0                           
081825010815102613ソムタム　　　　　　　　　　　　　　185.8 27.8 -9.7-10.3 -6.6 -2  0.0                           
081825010915105949ダノンパンサー　　　　　　　　　　　 12.8  2.6  5.1  1.8  2.4  7  7.4                           
081825011015105480アイスミディ　　　　　　　　　　　　 11.1  2.4 12.4 16.1  9.4 14 10.7                           
081825011115103208ジューンジョイ　　　　　　　　　　　 93.1 14.2-10.9 -8.5 -6.5 -2  0.0                           
081825011215101434エテルニテ　　　　　　　　　　　　　  5.9  1.7 10.2 17.0  8.8 14  6.4  3                        
081825011315101936クリノアスコット　　　　　　　　　　 38.6  6.5-11.7 -1.0 -4.6  0  9.3                           
081825011415104490ピリカクル　　　　　　　　　　　　　  2.0  1.2 19.6 22.9 14.1 19 17.4                           
081825011515101752ダイシンマナ　　　　　　　　　　　　185.8 27.8-11.7-11.3 -7.7 -3  0.0                           
081825011615104939ボリウッド　　　　　　　　　　　　　  5.0  1.6 14.5 10.2  8.4 13 10.0                           
081825020115110014イグレット　　　　　　　　　　　　　  6.4  1.7  8.7 12.1  6.8 12 11.8                           
081825020215103217アルドーレ　　　　　　　　　　　　　 11.0  2.2 -5.2  0.3 -1.8  3  0.0                           
081825020315100508タガノカプリス　　　　　　　　　　　 40.8  6.3 -4.5 -7.9 -4.0  1  0.0                           
081825020415101994ドリームバンバン　　　　　　　　　　 19.6  3.4 -3.9-15.4 -6.1 -1 17.4  0                        
081825020515105579テイエムホマレボシ　　　　　　　　　 26.3  4.3 -9.4 -1.2 -3.8  1  0.0                           
081825020615103988セイゲイル　　　　　　　　　　　　　 40.5  6.2-11.7-14.5 -8.6 -4  0.0                           
081825020715101947ククリナイフ　　　　　　　　　　　　135.8 18.9-14.0-10.3 -8.2 -3  0.0                           
081825020815102860ホウオウウィング　　　　　　　　　　 40.8  6.3 -9.7 -6.6 -5.5 -1 13.2                           
081825020915103007ウォーターエルピス　　　　　　　　　 29.9  4.8 -7.7 11.3  0.6  6  0.0                           
081825021015103985ブルベアカボス　　　　　　　　　　　108.9 15.3-15.0-13.9 -9.7 -5  0.0                           
081825021115105034ストーミーバローズ　　　　　　　　　  2.2  1.2 17.3 18.1 11.8 17 10.8                           
081825021215103525ライナス　　　　　　　　　　　　　　 16.2  2.9  6.7  9.3  5.2 10 10.3  5                        
081825021315106313ヴィグランドユウキ　　　　　　　　　 62.7  9.1-11.7 -3.7 -5.4  0  0.0                           
081825021415102380イッツパーフェクト　　　　　　　　　 26.3  4.3  0.1 -6.7 -2.0  3  0.0                           
081825021515104047ドゥリトル　　　　　　　　　　　　　  3.3  1.3 14.1 26.3 13.1 18 19.0  1  227   42              
081825030115103697グランロックハート　　　　　　　　　 15.7  3.2 -0.7 18.6  5.3 10  8.3  3                        
081825030215102739ウインヒストリオン　　　　　　　　　  6.0  1.8 13.3 18.3 10.4 15 13.1                           
081825030315101693リネンゴール　　　　　　　　　　　　  7.8  2.1  4.7  3.8  2.9  8 20.1                           
081825030415101870ビッグデータ　　　　　　　　　　　　  2.0  1.2 18.6 21.6 13.3 18 15.4                           
081825030515103687パープルヒビキ　　　　　　　　　　　 27.2  5.1 -3.7-15.5 -6.0 -1  0.0                           
081825030615103421メイショウパルサー　　　　　　　　　 62.5 10.5-10.9-15.0 -8.5 -3  0.0  0                        
081825030715102110ナムラセンリョウ　　　　　　　　　　 51.7  9.0-10.9-13.2 -8.0 -3  0.0                           
081825030815103922ルクスムンディー　　　　　　　　　　 14.8  3.1 -2.8 -1.6 -1.5  3  5.5                           
081825030915106134ノーブルキッス　　　　　　　　　　　 22.4  4.3  3.1-13.7 -3.0  2  0.0                           
081825031015101587コンファーメント　　　　　　　　　　  8.8  2.3  7.4  9.3  5.5 11  0.0                           
081825031115103009モスアゲート　　　　　　　　　　　　 87.5 14.4-10.9-14.9 -8.5 -3  0.0                           
081825031215105882サイモンバイタル　　　　　　　　　　 87.8 14.5-15.0 -4.6 -6.9 -2  0.0                           
081825031315101921ノーボーダー　　　　　　　　　　　　  7.2  2.0 14.0  9.0  7.8 13 14.2                           
081825031415103157メモリーゴールデン　　　　　　　　　 63.8 10.7-10.9-11.2 -7.4 -2  0.0                           
081825031515100872カネコメハナコヨ　　　　　　　　　　 63.8 10.7-10.9 -5.1 -5.5 -1  0.0                           
081825031615103338イチザクイーン　　　　　　　　　　　106.4 17.4-10.9-14.5 -8.3 -3  0.0                           
081825040111101041スズカグランデ　　　　　　　　　　　 12.5  2.4  9.5  8.7  6.1  6  6.3                           
081825040211104343ヴァルコイネン　　　　　　　　　　　  7.7  1.9 11.6  8.8  6.9  7 11.7                           
081825040309105855ロンギングダンサー　　　　　　　　　  7.3  1.8  9.7 12.2  7.2  7 10.8                           
081825040412106378ワンダーオブテール　　　　　　　　　 88.3 12.5-10.9 -9.6 -6.9 -7  0.0                           
081825040514100894シロクニ　　　　　　　　　　　　　　 26.5  4.3 -9.7 -6.6 -5.5 -6 10.2                           
081825040613102672サンアンダーソン　　　　　　　　　　 79.1 11.3 -9.7 -8.4 -6.1 -6  0.0                           
081825040713102384ベルウッドタマド　　　　　　　　　　 78.7 11.2 -9.7-10.3 -6.6 -7  0.0                           
081825040813102700カリスマフォンテン　　　　　　　　　 65.3  9.4 -9.7-10.3 -6.6 -7  0.0                           
081825040911100416クロフネフリート　　　　　　　　　　  1.7  1.2 19.3 18.9 12.7 13 17.4                           
081825041012105793ヴァーサトル　　　　　　　　　　　　 34.3  5.4 -5.0 -8.9 -4.5 -5  0.0                           
081825041114105242シゲルアミメキリン　　　　　　　　　 29.4  4.7-11.7  1.6 -3.8 -4  8.8                           
081825041213105539ヨカグラ　　　　　　　　　　　　　　  5.8  1.6 11.3 13.8  8.3  8 13.1                           
081825041311103545トウキョウタフガイ　　　　　　　　　 16.1  2.9  2.6  0.5  1.1  1  0.0                           
081825041414104563アイファーイチオー　　　　　　　　　 42.3  6.5 -6.4 -6.3 -4.2 -4  0.0                           
081825050115100444ビーエイジア　　　　　　　　　　　　 62.8  9.7 -9.7 -8.6 -6.1 -1  0.0                           
081825050215104003アサナギ　　　　　　　　　　　　　　 48.1  7.8 -9.7 -6.8 -5.6 -1  0.0                           
081825050315104714レッドヴェイロン　　　　　　　　　　  2.5  1.2 16.2 18.1 11.4 16 17.4                           
081825050415101938ペイシャレイナ　　　　　　　　　　　 55.5  8.7 -9.7 -6.6 -5.5 -1  0.0                           
081825050515102686ブケパロス　　　　　　　　　　　　　 64.2  9.9-10.9-12.9 -7.9 -3  0.0                           
081825050615104589マサハヤニース　　　　　　　　　　　 13.9  2.8  7.1 11.4  6.0 11  5.1                           
081825050715101077ナムラドノヴァン　　　　　　　　　　 26.3  4.6  0.2  3.7  1.2  6  0.0                           
081825050815101320リバプールタウン　　　　　　　　　　 25.3  4.4  0.2  8.2  2.5  8  0.0                           
081825050915100698コスモキリュウ　　　　　　　　　　　 70.1 10.8 -9.7-10.3 -6.6 -2  0.0                           
081825051015103303アイガー　　　　　　　　　　　　　　 18.8  3.5 -2.6 -0.7 -1.2  4  6.7                           
081825051115103868モッポサン　　　　　　　　　　　　　 30.9  5.2 -9.7-10.3 -6.6 -2  0.0                           
081825051215104824ガナドゥール　　　　　　　　　　　　  4.5  1.4 15.4 14.2  9.9 15 18.6                           
081825051315104999パンコミード　　　　　　　　　　　　  3.1  1.3 16.2 23.4 13.0 18 19.0                           
081825051415103381メイショウサンアイ　　　　　　　　　 12.6  2.6  4.7 11.0  5.0 10  6.9                           
081825060115103116キクノエスペルト　　　　　　　　　　 44.1  8.9-10.9-14.9 -8.5 -8  0.0                           
081825060215100586ヤマニンフィオッコ　　　　　　　　　 35.7  7.3-10.9-13.6 -8.1 -8  9.2                           
081825060315105957ファビラスヒロイン　　　　　　　　　115.3 21.5-11.7-11.3 -7.7 -8  0.0                           
081825060415104588レーヌアグリュム　　　　　　　　　　  6.6  2.1 15.1  7.8  7.9  8  0.0                           
081825060515103760アトス　　　　　　　　　　　　　　　 25.7  5.4-10.9  6.7 -2.0 -2  9.8                           
081825060615100806ロンリーハート　　　　　　　　　　　 12.7  3.1 -4.0 -1.1 -1.8 -2  0.0                           
081825060715105744スマートバドラス　　　　　　　　　　 21.1  4.7 -7.7-13.6 -6.9 -7  6.2                           
081825060815105256キクノシャイン　　　　　　　　　　　 30.4  6.3 -1.0  5.1  1.2  1  0.0                           
081825060915105452ミストレスメジャー　　　　　　　　　 57.0 11.0-11.7-10.9 -7.6 -8  0.0                           
081825061015105951ダンツスパート　　　　　　　　　　　 70.9 13.5 -8.5-13.9 -7.3 -7  0.0                           
081825061115103048スズカフェスタ　　　　　　　　　　　  8.2  2.4 -5.3 10.9  1.3  1  7.4                           
081825061215101964スマートフォース　　　　　　　　　　  4.4  1.7 13.9 16.3 10.0 10 19.0                           
081825061315105902アンインジュリー　　　　　　　　　　  3.0  1.4 16.6 11.4  9.5 10 12.0                           
081825061415100373エールエクスピレ　　　　　　　　　　  8.0  2.3  5.4  5.2  3.5  4  6.9                           
081825061515105819ソウダチ　　　　　　　　　　　　　　 21.6  4.7 -7.1 -9.9 -5.6 -6  0.0                           
081825061615105899テイエムカナロア　　　　　　　　　　 16.6  3.8  5.2  6.6  3.9  4 16.0A                          
081825070114101342チェリーボンボン　　　　　　　　　　 60.4 11.8-10.9 -8.1 -6.4 14  0.0                           
081825070214104612ワタシノロザリオ　　　　　　　　　　  3.4  1.5  8.5 18.5  8.7 29 17.4  3                        
081825070314105336リュミエールドール　　　　　　　　　  4.0  1.5 14.4 31.0 14.6 35 13.1  1  148   46              
081825070413105865フレグラントブレス　　　　　　　　　  4.5  1.6 14.3 14.1  9.5 29 14.2                           
081825070511103385ハギノセゾン　　　　　　　　　　　　 31.5  6.6 -3.7 -8.7 -4.0 16  0.0                           
081825070614105520クールデザイン　　　　　　　　　　　 16.7  3.9  4.6  8.8  4.3 24  0.0  5                        
081825070713103991センショウレイナ　　　　　　　　　　 25.3  5.4-10.9-12.7 -7.8 12  0.0                           
081825070813101671ダンツチェック　　　　　　　　　　　  5.0  1.7 14.0 10.9  8.4 28 10.7A                          
081825070914106238カーネリアン　　　　　　　　　　　　 11.7  2.9  5.8 32.5 11.9 32  5.1                           
081825071013103385スイートアリエッタ　　　　　　　　　 58.4 11.4-10.8-11.2 -7.3 13  0.0                           
081825071114106092フィアマロッサ　　　　　　　　　　　 26.1  5.6 -7.1 -6.4 -4.5 15  0.0                           
081825071213104980オンザフロウ　　　　　　　　　　　　 37.2  7.7 -1.4-10.7 -3.7 16  0.0                           
081825071314105999エンドレスコール　　　　　　　　　　 14.5  3.4 -9.4 -4.2 -4.7 15 15.7                           
081825080113104077スーサンブルース　　　　　　　　　　 11.0  2.4  2.3  8.2  3.3 23  6.9                           
081825080212105304ピアレスピンク　　　　　　　　　　　 26.7  4.9 -8.6 -3.2 -4.1 16  0.0                           
081825080313104785ブレイジンフェザー　　　　　　　　　 78.5 12.7-11.7-10.2 -7.3 13  0.0                           
081825080413103507アテンフェスタ　　　　　　　　　　　 11.7  2.5  3.9  3.7  2.5 23  7.3                           
081825080512105020マコトカンパネッロ　　　　　　　　　 81.3 13.1 -9.7 -8.4 -6.1 14  0.0                           
081825080613101817クライシス　　　　　　　　　　　　　  2.9  1.4 18.7 25.6 14.5 35 17.4                           
081825080712106377ワンダープレジール　　　　　　　　　 12.8  2.7 -0.7  7.6  2.0 22  7.6                           
081825080814100798オーミシューマン　　　　　　　　　　 10.9  2.4  5.9  4.2  3.4 23  0.0                           
081825080914106130バレーロ　　　　　　　　　　　　　　  2.9  1.4 16.0 18.5 11.4 31 17.2                           
081825081014103594ワイルドグラス　　　　　　　　　　　 88.1 14.2 -9.7-10.3 -6.6 13  0.0                           
081825081114104982ロッキーバローズ　　　　　　　　　　 12.0  2.6  7.7 11.4  6.2 26  5.8                           
081825081214103710シゲルポインター　　　　　　　　　　 77.5 12.5-11.7-11.2 -7.7 12  0.0                           
081825081313103497エイシンミノアカ　　　　　　　　　　 11.8  2.6  0.1  3.8  1.2 21 17.4                           
081825081414100845エルヴス　　　　　　　　　　　　　　 76.2 12.3 -9.7 -8.6 -6.1 14  0.0                           
081825081514104195フォーティプリンス　　　　　　　　　 39.4  6.9 -9.7 -8.1 -6.0 14  0.0                           
081825090115103357メイショウドウドウ　　　　　　　　　 30.6  5.6 -3.9 -7.7 -3.7 16  0.0                           
081825090215100344ケイアイノーテック　　　　　　　　　  2.2  1.2 19.9 27.9 15.7 36 15.4  1  145   49              
081825090315100690マイネルエメ　　　　　　　　　　　　 59.3 10.1-10.9 -5.5 -5.6 14  0.0  0                        
081825090415105068レインボーナンバー　　　　　　　　　 36.0  6.5-10.9-13.6 -8.1 12 10.8                           
081825090515102692シャルルマーニュ　　　　　　　　　　 14.7  3.1  7.8 11.8  6.4 26 12.5                           
081825090615103409ブランモンストル　　　　　　　　　　 29.7  5.5 -0.1 -5.1 -1.6 18 11.4                           
081825090715106189ダンツセイケイ　　　　　　　　　　　 68.1 11.5-11.7 -3.2 -5.3 15  0.0                           
081825090815102384ロードイヒラニ　　　　　　　　　　　 20.4  4.0 -6.0 -2.2 -2.9 17  0.0                           
081825090915104887ナンヨープランタン　　　　　　　　　 19.8  3.9  0.7-10.1 -2.8 17  0.0                           
081825091015104364トゥラヴェスーラ　　　　　　　　　　 27.5  5.1 -3.2 -5.8 -2.9 17  0.0                           
081825091115103049メイショウダブル　　　　　　　　　　 30.1  5.6-11.7-10.5 -7.4 13  0.0                           
081825091215104270オメガラヴィサン　　　　　　　　　　  6.2  1.8 16.1 13.4  9.9 30  8.4                           
081825091315100635エントシャイデン　　　　　　　　　　  5.1  1.6  9.5 13.9  7.7 28  5.9                           
081825091415105905パクスアメリカーナ　　　　　　　　　  5.9  1.7 16.8 18.1 11.6 32 18.6                           
081825100113105933ケイブルグラム　　　　　　　　　　　 26.5  5.2 -9.7 -3.7 -4.7 25  6.5                           
081825100214104111コールストーム　　　　　　　　　　　 14.0  3.1 -0.4  5.8  1.6 32  7.3                           
081825100313105606ファスナハト　　　　　　　　　　　　 24.7  4.9 -7.0-12.4 -6.3 24 10.8                           
081825100412100276ララエクラテール　　　　　　　　　　 27.8  5.4 -6.3 -7.7 -4.6 25  0.0                           
081825100513105234オリエントワークス　　　　　　　　　 33.1  6.3-11.7-13.2 -8.3 22  0.0                           
081825100610101161サイモンラムセス　　　　　　　　　　 22.5  4.5 -7.1-12.9 -6.5 24  0.0                           
081825100714106212ムーヴザワールド　　　　　　　　　　  2.8  1.3 16.7 18.0 11.5 42 17.4                           
081825100814105923サトノリュウガ　　　　　　　　　　　  3.7  1.4 12.5 26.4 12.5 43 11.8  1  145   49              
081825100913105804ショパン　　　　　　　　　　　　　　  4.0  1.4 15.7 15.9 10.5 41 14.2                           
081825101010101965メイショウブシン　　　　　　　　　　 40.2  7.5-11.7-11.4 -7.7 22  0.0                           
081825101114105934ヒシマサル　　　　　　　　　　　　　 14.7  3.2 -0.1  5.9  1.7 32 12.2                           
081825101213104671スティルウォーター　　　　　　　　　  8.0  2.2  2.2  6.2  2.7 33  0.0                           
081825110113100783シュウジ　　　　　　　　　　　　　　  7.1  2.1  8.2 14.6  7.4 52  5.9                           
081825110214105681アメリカズカップ　　　　　　　　　　 12.0  2.8  0.2  4.2  1.3 46  0.0                           
081825110314105887サトノアーサー　　　　　　　　　　　  3.0  1.4 20.3 19.5 13.3 58 17.4  3                        
081825110412104519レッドソロモン　　　　　　　　　　　 24.4  4.9-10.9-12.4 -7.7 37  0.0                           
081825110511104205ダイワリベラル　　　　　　　　　　　 43.3  8.3 -9.7 -6.6 -5.5 39  0.0                           
081825110614102698キョウヘイ　　　　　　　　　　　　　  8.8  2.4 12.9 17.7 10.0 55 12.5                           
081825110711100647オートクレール　　　　　　　　　　　 36.6  7.1 -9.7-10.3 -6.6 38  0.0                           
081825110814101058カワキタエンカ　　　　　　　　　　　  3.6  1.4 14.5 31.0 14.6 60 11.8  1  148   46              
081825110913106148ムーンクエイク　　　　　　　　　　　  4.6  1.6 11.6 22.1 10.9 56 14.2  2                        
081825111012100407グァンチャーレ　　　　　　　　　　　 16.3  3.6  5.8  7.7  4.4 49  5.8                           
081825111111103959ツィンクルソード　　　　　　　　　　 43.2  8.2-10.9-11.1 -7.3 38  0.0                           
081825111211105000タガノブルグ　　　　　　　　　　　　 32.7  6.4 -7.7-14.9 -7.3 38 11.4                           
081825120112105696ウェーブキング　　　　　　　　　　　 38.2  5.4-11.7 -5.1 -5.8 24  0.0                           
081825120214103582メイショウマトイ　　　　　　　　　　 15.9  2.7  1.4 -0.5  0.4 30  9.0                           
081825120314100583プエルタデルソル　　　　　　　　　　 29.5  4.3 -7.7  3.5 -1.8 28  0.0                           
081825120413102313ロードアルペジオ　　　　　　　　　　  1.9  1.2 19.8 22.9 14.1 44 17.4                           
081825120513100379レッドディオーサ　　　　　　　　　　  8.6  1.9  9.0 -2.8  2.5 32 20.1                           
081825120614102411テイエムアンムート　　　　　　　　　 26.4  4.0  3.0  6.7  3.1 33  0.0                           
081825120713101367ドライバーズハイ　　　　　　　　　　  3.4  1.3 16.2 17.2 11.1 41 10.0                           
081825120814102933ナムラライラ　　　　　　　　　　　　 45.6  6.4-10.9-10.7 -7.2 23  0.0                           
081825120914100544メトロポリス　　　　　　　　　　　　  5.7  1.5 15.8 37.1 16.9 47 12.7                           
081825121012103439キタサンコンサート　　　　　　　　　 16.0  2.7  0.9-10.8 -2.9 27  6.7                           
101811010115104547エトワールドパリ　　　　　　　　　　  3.2  1.4 19.0 16.1 11.8 17 15.0  2                        
101811010215105914トワノホホエミ　　　　　　　　　　　 47.3  7.8-10.0 -1.8 -4.2  1  0.0                           
101811010315101352ドラゴンダナ　　　　　　　　　　　　 45.2  7.5-11.0 -9.0 -6.7 -2  0.0                           
101811010415102501サンタローザ　　　　　　　　　　　　 39.3  6.6-11.3-11.0 -7.4 -2  0.0                           
101811010515104277デルマカシャーサ　　　　　　　　　　  2.5  1.3 19.5 27.5 15.4 20 13.8  1  207   62              
101811010615101504シンボリセイント　　　　　　　　　　 28.6  5.0-10.0 -2.9 -4.5  0  0.0                           
101811010715102973マエガミ　　　　　　　　　　　　　　 95.9 14.8-13.0-11.0 -8.1 -3  0.0                           
101811010815103399ドンナビアンカ　　　　　　　　　　　 24.4  4.4 -1.4-11.0 -3.8  1  0.0                           
101811010915103306メイショウナスカ　　　　　　　　　　 32.3  5.6-11.3-11.0 -7.4 -2  0.0                           
101811011015102583ローズマリア　　　　　　　　　　　　 43.7  7.3-11.0-11.0 -7.3 -2  0.0                           
101811011115105141サンマルリトリート　　　　　　　　　 11.5  2.4 12.9-14.8  0.3  5  0.0                           
101811011215106159ボニータミノル　　　　　　　　　　　 25.2  4.5  8.0-11.8 -0.6  4  0.0                           
101811011315103274ロイヤルシャイン　　　　　　　　　　 65.7 10.4 -4.4 -6.8 -3.7  1  0.0                           
101811011415100632アデル　　　　　　　　　　　　　　　  8.2  2.1  4.7  7.0  3.8  9  0.0                           
101811011515103661バーニングガール　　　　　　　　　　  8.1  2.1  6.6  4.1  3.7  9 11.4                           
101811011615105198ニシノハピネス　　　　　　　　　　　 22.8  4.1  1.0 -9.0 -2.3  3 20.0                           
101811020115100253ビッグジュジュ　　　　　　　　　　　 59.9 10.5-10.0-11.8 -7.2 -2  0.0                           
101811020215109142ヤエノプリーマ　　　　　　　　　　　 47.2  8.6-10.0 -1.8 -4.2  1  0.0                           
101811020315103879パスポート　　　　　　　　　　　　　 30.8  5.8-10.0-11.8 -7.2 -2  0.0                           
101811020415102996グラスジャンヌ　　　　　　　　　　　  5.7  1.8 18.0  2.1  7.2 12 17.5                           
101811020515105422ケルース　　　　　　　　　　　　　　 24.0  4.7 -2.0-11.8 -4.3  1  0.0                           
101811020615105736アウトバーン　　　　　　　　　　　　  2.5  1.3 22.7 10.0 11.3 16 13.8                           
101811020715106233マナマカニ　　　　　　　　　　　　　 26.7  5.1 -2.0-11.8 -4.3  1  0.0                           
101811020815102517マッスルバローズ　　　　　　　　　　  4.8  1.6 -1.4 11.0  2.8  8 11.4                           
101811020915101800ラッキーチャンス　　　　　　　　　　 28.5  5.5 -2.0 -2.9 -1.6  3  0.0                           
101811021015100216ヴォルフスブルク　　　　　　　　　　  4.3  1.5 12.0 10.8  7.6 13 15.0                           
101811021115105437ナイトメア　　　　　　　　　　　　　 46.4  8.5-10.0 -1.8 -4.2  1  0.0                           
101811021215100971キッチンウイッチ　　　　　　　　　　 14.5  3.1 -4.4  6.6  0.4  5  0.0                           
101811021315103497シェルセリーヌ　　　　　　　　　　　 34.5  6.5-11.0-11.0 -7.3 -2  0.0                           
101811021415105384ユーデモニクス　　　　　　　　　　　 30.7  5.8  6.6-11.0 -0.9  4  0.0                           
101811030115102442ツクバクロオー　　　　　　　　　　　  9.1  2.5 12.5 18.0 10.0 15 17.5                           
101811030215102924ビーサエッタ　　　　　　　　　　　　 81.0 14.7-11.0-11.0 -7.3 -2  0.0                           
101811030315102730オモウツボ　　　　　　　　　　　　　 31.7  6.3 -2.0-11.8 -4.3  1  0.0                           
101811030415100400イッツマイターン　　　　　　　　　　  6.4  2.0 15.0 16.0 10.3 15 11.4                           
101811030515100395シープロビデンス　　　　　　　　　　113.2 20.3-11.3-14.8 -8.6 -4  0.0                           
101811030615106091アーヴァイン　　　　　　　　　　　　 17.5  3.8 -3.0 -0.3 -1.2  4  0.0                           
101811030715100700ベルノート　　　　　　　　　　　　　 16.1  3.6 -1.4-18.1 -5.9 -1  0.0  0                        
101811030815102470ジョウトウ　　　　　　　　　　　　　 13.3  3.1  8.0  7.1  5.1 10  0.0                           
101811030915105805ペンテコステ　　　　　　　　　　　　 63.0 11.6-10.0-11.8 -7.2 -2  0.0                           
101811031015104032タンロン　　　　　　　　　　　　　　 42.3  8.2-11.3-11.0 -7.4 -2  0.0                           
101811031115103937ニシノオトコマサリ　　　　　　　　　 27.3  5.5-10.0-11.8 -7.2 -2  0.0                           
101811031215105396ロンス　　　　　　　　　　　　　　　  6.1  1.9 12.2 29.3 13.3 18 15.0                           
101811031315102659スギノアルテミス　　　　　　　　　　 18.8  4.1 -0.5-11.0 -3.5  2  0.0                           
101811031415101274ホリーユニコーン　　　　　　　　　　 61.1 11.3-10.0-11.8 -7.2 -2  0.0                           
101811031515100469マキナガラージュ　　　　　　　　　　  2.4  1.3 19.5 17.0 12.3 17 13.8                           
101811031615101702ウィナーポイント　　　　　　　　　　 25.4  5.2-10.0-11.8 -7.2 -2  0.0                           
101811031715100614フラワーパターン　　　　　　　　　　 30.1  6.0 -2.0 -1.8 -1.3  4  0.0                           
101811031815109119クロヅルストーリー　　　　　　　　　 50.1  9.6-13.0-20.0-10.8 -6  0.0                           
101811040115100577ヤマニンキアラ　　　　　　　　　　　 37.6  6.9-10.0-11.8 -7.2 -2  0.0                           
101811040215103900ソウラセブン　　　　　　　　　　　　 56.0  9.7-10.0-11.8 -7.2 -2  0.0                           
101811040315103542ナイスジャスミン　　　　　　　　　　 58.0 10.1-10.0-11.8 -7.2 -2  0.0                           
101811040415101873ラポートトーク　　　　　　　　　　　  7.2  2.0 -0.1  4.4  1.3  6  0.0                           
101811040515100227イペルラーニオ　　　　　　　　　　　  7.5  2.1 12.2 22.1 11.1 16 18.8  4                        
101811040615110037ジュピターカリスト　　　　　　　　　  6.4  1.9 17.4 16.5 11.3 16 10.5                           
101811040715105941サトノグリッター　　　　　　　　　　  6.5  1.9  6.6  6.6  4.4  9 16.3                           
101811040815100420ルアナ　　　　　　　　　　　　　　　 42.8  7.8-10.0-11.8 -7.2 -2  0.0                           
101811040915102587ウェルズレジェンド　　　　　　　　　 96.7 16.3-10.0-11.8 -7.2 -2  0.0                           
101811041015102879マイネルミシシッピ　　　　　　　　　 19.8  4.0  8.0-11.8 -0.6  4  0.0                           
101811041115105087レイエスプランドル　　　　　　　　　  2.1  1.2 21.0 17.9 13.1 18 13.8                           
101811041215109086ケイティノーブル　　　　　　　　　　143.4 23.9-13.0 -5.0 -6.3 -1  0.0                           
101811041315100421ビューティアイリス　　　　　　　　　 91.3 15.5-10.0-11.8 -7.2 -2  0.0                           
101811041415100852セイウンフォーカス　　　　　　　　　 29.5  5.6  4.0 -1.7  1.0  6  0.0                           
101811041515103018クスリバコ　　　　　　　　　　　　　 14.5  3.1  6.0  7.1  4.3  9  0.0                           
101811041615101401ジョインフォース　　　　　　　　　　 42.0  7.7-11.3-11.0 -7.4 -2  0.0                           
101811050111103072ワンダーバイファル　　　　　　　　　  5.6  1.8 14.0 16.5 10.1 30 15.0                           
101811050214110102ブランメジェール　　　　　　　　　　  2.5  1.3 20.0 14.9 11.8 32 13.8                           
101811050314103774スマートダフネ　　　　　　　　　　　 27.2  5.5-11.0-16.9 -9.1 11  0.0  0                        
101811050414104228シゲルヒョウ　　　　　　　　　　　　 11.6  2.8 10.0  0.8  3.9 24  0.0                           
101811050512105638メランコリア　　　　　　　　　　　　 35.0  6.9-10.0-11.8 -7.2 13  0.0                           
101811050612104594タイセイラビッシュ　　　　　　　　　 15.9  3.6  6.0 -2.9  1.3 21 15.8                           
101811050714110041クーファディーヴァ　　　　　　　　　  5.9  1.9  1.0-11.0 -2.9 17  0.0                           
101811050813104032アポロリュウセイ　　　　　　　　　　  9.3  2.6  8.0 19.1  8.7 29  0.0                           
101811050914110095セイウンストリーム　　　　　　　　　  6.7  2.0  6.0 14.8  6.6 27 17.5                           
101811051014104038ガールズブランド　　　　　　　　　　 66.1 12.2-11.0 -5.0 -5.5 14  0.0                           
101811051113101165ビービーリフレクト　　　　　　　　　 37.8  7.4 -3.0-20.0 -7.1 13  0.0                           
101811051213103434ショーストーム　　　　　　　　　　　 48.5  9.4-10.0 -1.8 -4.2 16  0.0                           
101811051314101498ブランシュ　　　　　　　　　　　　　 14.8  3.4 -2.0 -1.8 -1.3 19  0.0                           
101811060113101945パラノーマル　　　　　　　　　　　　 20.6  4.1 -2.0-11.8 -4.3 16  0.0                           
101811060213105598フライングレディ　　　　　　　　　　  5.1  1.6 12.5  7.3  6.8 27 11.4                           
101811060313101912コスモレティクルム　　　　　　　　　 84.9 14.2 -2.0-11.8 -4.3 16  0.0                           
101811060414100728クイントゥープル　　　　　　　　　　 63.5 10.8-10.0-11.8 -7.2 13  0.0                           
101811060514100230ウインプルミエ　　　　　　　　　　　 63.8 10.8 -3.0 -1.5 -1.5 18  0.0                           
101811060613103528ダンツペンダント　　　　　　　　　　 26.9  5.1  1.5  1.1  0.9 21  0.0  5                        
101811060714106289フィップル　　　　　　　　　　　　　 17.1  3.5 -3.0 -7.4 -3.3 17 20.0                           
101811060814105787ムーンザムーン　　　　　　　　　　　 19.9  4.0-11.0 -5.7 -5.7 14  0.0  6                        
101811060913105707リセエンヌ　　　　　　　　　　　　　 26.6  5.0-11.0 -1.3 -4.4 16  0.0                           
101811061013103160ハギノカエラ　　　　　　　　　　　　 23.2  4.5-11.0 -4.7 -5.4 15  0.0                           
101811061113103749アルケミスト　　　　　　　　　　　　 15.7  3.3  6.6  6.6  4.4 24  0.0                           
101811061213105512リボンドグレープス　　　　　　　　　 27.9  5.2-10.0-17.6 -8.9 11  0.0  0                        
101811061313106126ラルク　　　　　　　　　　　　　　　  3.0  1.3 17.0 25.2 13.8 34 13.8  1  120   67              
101811061414105605プロキシマ　　　　　　　　　　　　　  3.1  1.3 19.2 16.5 12.0 32 15.0                           
101811061513105847シンシアズブレス　　　　　　　　　　 13.6  2.9 12.9 13.2  8.7 29  0.0                           
101811070114105641シエルブラン　　　　　　　　　　　　  3.2  1.5 16.2 22.0 12.5 33  9.6                           
101811070213102424プレイヤード　　　　　　　　　　　　  5.3  2.0 10.5 15.8  8.6 29 15.0                           
101811070314102705ニシノヒナマツリ　　　　　　　　　　  8.6  2.6 10.5 15.8  8.6 29  0.0                           
101811070414101006タケデンサンダー　　　　　　　　　　 47.6 10.1-10.0-11.8 -7.2 13  0.0                           
101811070513105828フェザリータッチ　　　　　　　　　　 11.8  3.0-11.0 -8.9 -6.7 13  0.0                           
101811070614103212トーホウビスカヤ　　　　　　　　　　  9.0  2.7  6.6 -7.9  0.1 20 18.8                           
101811070713100394ロックオン　　　　　　　　　　　　　 24.6  5.6-11.0-14.9 -8.5 11  0.0                           
101811070814104675キットダイジョウブ　　　　　　　　　 32.8  7.2-10.5 11.2 -0.5 20  0.0                           
101811070913103624メイショウトキン　　　　　　　　　　 29.4  6.5-11.0-12.7 -7.8 12  0.0                           
101811071014100422ラニカイサンデー　　　　　　　　　　 15.6  3.8  7.6 -6.8  0.7 21  0.0                           
101811071113101925アイムウィッシング　　　　　　　　　 28.1  6.2-10.0-11.8 -7.2 13  0.0                           
101811071213103720ユッセ　　　　　　　　　　　　　　　 47.9 10.2-10.0 -9.0 -6.4 14  0.0                           
101811071314100161バタラ　　　　　　　　　　　　　　　 38.1  8.2-11.0-20.0-10.0 10  0.0                           
101811071414100557ヤマニンシーベリー　　　　　　　　　 28.0  6.2 -2.0 -1.8 -1.3 19  0.0                           
101811071514103785ダイナマイトガイ　　　　　　　　　　 23.1  5.2-10.0 -1.8 -4.2 16  0.0                           
101811071614102154シゲルタイガー　　　　　　　　　　　 50.9 10.8-10.0-11.8 -7.2 13  0.0                           
101811071714100688コスモプラシデス　　　　　　　　　　 22.9  5.2 -2.0 -1.8 -1.3 19  0.0                           
101811071813100787カトルラポール　　　　　　　　　　　  8.8  2.6 16.0 11.8  9.4 29 17.5                           
101811080114101121フジマサクイーン　　　　　　　　　　 52.5 10.3 -2.0 -1.8 -1.3 19  0.0                           
101811080213102666エキドナ　　　　　　　　　　　　　　 27.6  5.7-11.3-14.8 -8.6 11  0.0                           
101811080313105882チカリータ　　　　　　　　　　　　　  3.5  1.5 14.0 29.2 13.9 34 13.8  2                        
101811080413109076アイルーロス　　　　　　　　　　　　 93.9 17.5-10.0-11.8 -7.2 13  0.0                           
101811080513105658クロースフレンド　　　　　　　　　　 18.7  4.2 -2.7-11.0 -4.3 16  0.0                           
101811080613104802グロリアスメーカー　　　　　　　　　 52.9 10.4-11.3-14.9 -8.6 11  0.0                           
101811080711104568コウセイマユヒメ　　　　　　　　　　 22.5  4.8 -2.0 -1.8 -1.3 19  0.0                           
101811080814102753サンシャーロット　　　　　　　　　　 25.3  5.3 -4.4  1.6 -1.1 19 16.6                           
101811080914100705ピンキージョーンズ　　　　　　　　　 24.0  5.1 -2.0 -2.9 -1.6 18  0.0                           
101811081014106021マンボスカイ　　　　　　　　　　　　  6.2  2.0 -0.3  6.6  1.9 22  0.0                           
101811081114106482ロックンルージュ　　　　　　　　　　 32.2  6.6-10.0-11.8 -7.2 13  0.0                           
101811081213100948コットンパール　　　　　　　　　　　 70.4 13.3-10.0-11.8 -7.2 13  0.0                           
101811081313101571ポロス　　　　　　　　　　　　　　　 45.3  9.0-10.0-11.8 -7.2 13  0.0                           
101811081414103848スズカスマート　　　　　　　　　　　  3.6  1.5  9.0 22.0  9.9 30 15.0                           
101811081513104595ノーブルスノー　　　　　　　　　　　  5.5  1.8  6.6  8.3  4.9 25 16.3  5                        
101811081614106210アオイテソーロ　　　　　　　　　　　  8.4  2.4 11.1 12.3  7.8 28  0.0  5                        
101811090115102440エポカドーロ　　　　　　　　　　　　  3.1  1.3 16.3 29.4 14.8 35 13.8  3                        
101811090215102636バトルガラクシア　　　　　　　　　　 41.0  7.7-11.3-14.4 -8.5 12  0.0  0                        
101811090315104100オーデットエール　　　　　　　　　　 11.5  2.7  9.0  4.4  4.6 25  0.0                           
101811090415101899マイメン　　　　　　　　　　　　　　 66.8 11.8-10.0-10.8 -6.9 13  0.0                           
101811090515104183ラテュロス　　　　　　　　　　　　　  3.4  1.3 18.0  7.6  8.9 29 15.0                           
101811090615104712ハナソメイ　　　　　　　　　　　　　 12.5  2.8  0.9 -6.4 -1.6 18 13.1                           
101811090715103021ワタシヲマッテル　　　　　　　　　　 27.8  5.4-10.0-11.8 -7.2 13  0.0                           
101811090815104012サンダベンポート　　　　　　　　　　 46.3  8.6-10.0-11.8 -7.2 13  0.0                           
101811090915101075ナムラアッパレ　　　　　　　　　　　 22.5  4.5-10.0 -5.0 -5.2 15  0.0                           
101811091015104177レゲンダアウレア　　　　　　　　　　 19.6  4.1  6.6-20.0 -3.6 16  0.0                           
101811091115104724スーパーフェザー　　　　　　　　　　  3.5  1.3 17.8 25.5 14.2 34 16.3                           
101811091215110006ラスエモーショネス　　　　　　　　　 14.0  3.1 11.3  6.6  6.1 26  0.0                           
101811100114104076ジョーアラビカ　　　　　　　　　　　 15.5  3.2  1.0  3.4  1.4 21 17.5  4                        
101811100214105350ルエヴェルロール　　　　　　　　　　 19.2  3.9 -1.0 -2.8 -1.2 19  0.0  0                        
101811100313100376ファントムグレイ　　　　　　　　　　 42.6  7.6  6.0-11.8 -1.3 19  0.0                           
101811100413105919エルビッシュ　　　　　　　　　　　　  2.0  1.2 22.7 17.6 13.6 34 13.8                           
101811100512104246ナリタゴールド　　　　　　　　　　　  6.4  1.9 10.2 14.6  8.1 28 15.0                           
101811100614103077ウインストラグル　　　　　　　　　　 46.4  8.3-11.0 -5.0 -5.5 14  0.0                           
101811100713106447ワンダーアビルマン　　　　　　　　　 32.4  6.0-11.0 -1.5 -4.5 16  0.0                           
101811100814100726マイネルズイーガー　　　　　　　　　 21.9  4.2  1.0  7.1  2.5 22  0.0                           
101811100914103040エイシンクリック　　　　　　　　　　 17.1  3.5 -5.5-11.0 -5.3 15  0.0                           
101811101014100701マイネルパンドーロ　　　　　　　　　 32.4  6.0-10.0-11.8 -7.2 13  0.0                           
101811101111103862レッドカイザー　　　　　　　　　　　 16.3  3.4-11.3  6.6 -2.2 18  0.0                           
101811101214106072ガウディウム　　　　　　　　　　　　 34.7  6.3 -2.7 -8.9 -3.7 16  0.0                           
101811101314104310マイネルザウバア　　　　　　　　　　  7.5  2.0 15.0 -2.9  4.6 25 11.4                           
101811101414101118レディギャング　　　　　　　　　　　 15.7  3.3 13.6 -6.7  3.0 23  0.0  0                        
101811101514102300ダイシンクイント　　　　　　　　　　 89.4 14.9-11.0-15.9 -8.8 11  0.0  0                        
101811101614103390ゲイルバローズ　　　　　　　　　　　 18.7  3.8  1.5  9.0  3.3 23  0.0                           
101811110112104690ビットレート　　　　　　　　　　　　  4.4  1.6  1.5 16.5  5.5 36 16.3                           
101811110214105116プリティマックス　　　　　　　　　　 93.6 18.5-10.0-11.8 -7.2 23  0.0                           
101811110311105905スズカプリオール　　　　　　　　　　 70.2 14.0-10.0-11.8 -7.2 23  0.0                           
101811110412106382クリノスイートピー　　　　　　　　　 38.0  8.1 -2.0-11.8 -4.3 26  0.0                           
101811110513104881スナークスカイ　　　　　　　　　　　  9.3  2.7 10.2-20.0 -2.3 28  0.0                           
101811110611100215クラウンルシフェル　　　　　　　　　 58.0 11.7-10.0-11.8 -7.2 23  0.0                           
101811110714104401サウンドテーブル　　　　　　　　　　 34.8  7.5 -3.3-11.0 -4.5 25  0.0                           
101811110811103132エルカミーノレアル　　　　　　　　　 35.8  7.7-11.0-16.9 -9.1 21  0.0  0                        
101811110913102480ジョーマイク　　　　　　　　　　　　  4.3  1.6  6.6 13.6  6.5 36 10.5                           
101811111014102695ロジベスト　　　　　　　　　　　　　  3.5  1.5 16.0 16.0 10.7 41 13.8                           
101811111114101253ビーカーリー　　　　　　　　　　　　 14.8  3.6  7.0-11.0 -0.7 29  0.0                           
101811111214103399メイショウベルボン　　　　　　　　　  8.3  2.5  0.0 25.3  7.6 38 17.5  3                        
101811111314102733ロイヤルメジャー　　　　　　　　　　 19.6  4.6 14.0 29.6 14.0 44  0.0                           
101811111414106337ウーマッハ　　　　　　　　　　　　　 67.9 13.6-10.0-11.8 -7.2 23  0.0                           
101811111514106523ドゥモワゼル　　　　　　　　　　　　104.5 20.6-10.0-11.8 -7.2 23  0.0                           
101811111614105942ネオフレグランス　　　　　　　　　　 12.3  3.1 -2.0 -1.8 -1.3 29  0.0                           
101811111714103453ファイブフォース　　　　　　　　　　 40.4  8.6-10.0-17.7 -9.0 21  0.0  0                        
101811111813103971ジェイラー　　　　　　　　　　　　　120.5 23.6-10.0-11.8 -7.2 23  0.0                           
101811120113100390ダノングランツ　　　　　　　　　　　 41.6  8.3-11.3-11.0 -7.4 13  0.0                           
101811120212100672シンゼンガンプ　　　　　　　　　　　 12.3  3.0  4.8 13.2  5.7 26  0.0                           
101811120314102962マコトタリスマン　　　　　　　　　　 29.5  6.1-11.0  6.6 -2.1 18  0.0                           
101811120414103686ゴールデンターキン　　　　　　　　　 41.4  8.3-10.0-11.8 -7.2 13  0.0                           
101811120514102096メイショウナンプウ　　　　　　　　　 16.8  3.8  6.6 12.7  6.2 26  0.0                           
101811120614105658レッドルドラ　　　　　　　　　　　　 13.4  3.2  7.0-12.5 -1.2 19  0.0  0                        
101811120712104064ブレイクエース　　　　　　　　　　　 21.5  4.6-10.0 -1.8 -4.2 16 16.6                           
101811120812100005マイネルネッツ　　　　　　　　　　　  5.1  1.7 11.0 14.1  8.3 28 16.3                           
101811120912101143オープンザウェイ　　　　　　　　　　 16.6  3.8 -2.0  7.1  1.4 21  0.0                           
101811121012100755エースナンバー　　　　　　　　　　　 76.6 14.4-10.0-11.8 -7.2 13  0.0                           
101811121114102202プロムナード　　　　　　　　　　　　 42.5  8.5-10.0-11.8 -7.2 13  0.0                           
101811121213100175ブラウンアニマート　　　　　　　　　 25.2  5.3-10.0-11.8 -7.2 13  0.0                           
101811121313102190レッドウィズダム　　　　　　　　　　  3.7  1.5 13.6 14.0  9.2 29 15.0                           
101811121414102919メイショウイッポン　　　　　　　　　 22.9  4.9-11.3-12.8 -8.0 12  0.0  0                        
101811121514103927ジェイケイライジン　　　　　　　　　 20.2  4.5 -2.0-11.8 -4.3 16  0.0                           
101811121614100905イイデファイナル　　　　　　　　　　  3.4  1.5 15.0 30.0 14.5 34 13.8                           
