051757010115105066レピアーウィット　　　　　　　　　　  2.1  1.2 22.1 27.9 16.9 22 18.1                           
051757010215101120トーセンスティール　　　　　　　　　  6.2  1.9 10.6 21.6 11.1 16 19.8                           
051757010315104371アルベルティーヌ　　　　　　　　　　 17.9  3.7-10.0 -9.9 -6.6 -2 12.3                           
051757010415100681アサヒキリ　　　　　　　　　　　　　 41.0  7.5-10.4 -9.5 -6.6 -2  0.0                           
051757010515106434アーススターリング　　　　　　　　　 67.0 11.5-10.0-15.1 -8.5 -4  0.0                           
051757010615100977フィールグッド　　　　　　　　　　　 14.7  3.1  6.0  8.7  5.0 10  0.0                           
051757010715105522ミスティカル　　　　　　　　　　　　  8.1  2.2 15.0  7.9  7.4 12  0.0                           
051757010815100695コスモフォーミュラ　　　　　　　　　 41.0  7.5-10.0  1.7 -2.4  3  0.0                           
051757010915106428アークカンパネラ　　　　　　　　　　  7.4  2.1  9.8 20.5 10.5 15  0.0                           
051757011015105901シーズラック　　　　　　　　　　　　 16.8  3.5-10.0 -8.7 -6.2 -1  0.0                           
051757011115102801ナムラファラー　　　　　　　　　　　 50.7  9.1-10.0-14.1 -8.2 -3  0.0  0                        
051757011215103154ロードゲイル　　　　　　　　　　　　 41.9  7.6-10.0-11.9 -7.4 -2  0.0                           
051757011315103622ラテンリズム　　　　　　　　　　　　129.0 21.6-11.4-12.2 -7.9 -3  0.0                           
051757011415102253グランエクシト　　　　　　　　　　　 35.0  6.5 -9.0  6.3 -0.4  5  9.1                           
051757011515103867ウメタロウ　　　　　　　　　　　　　  7.9  2.2 13.3 17.4 10.4 15  6.8                           
051757011615104556デルマキュラソー　　　　　　　　　　237.4 39.1-10.0 -8.2 -6.0 -1  0.0                           
051757020115100314ホットライン　　　　　　　　　　　　 82.9 15.2-11.4-14.9 -8.9 -4  0.0                           
051757020215104858ブショウ　　　　　　　　　　　　　　  3.0  1.4 13.8 14.3  9.4 14 12.8                           
051757020315101036マルターズルーメン　　　　　　　　　 14.7  3.4 -1.7  4.9  1.3  6  0.0                           
051757020415105731アースフライト　　　　　　　　　　　 39.0  7.7 -3.4-14.7 -6.4 -1  0.0  0                        
051757020515104043ユウコニホレタ　　　　　　　　　　　 84.6 15.5-11.4-11.3 -7.6 -3  0.0                           
051757020615103461コスモジラソウ　　　　　　　　　　　 49.4  9.5-11.4-11.9 -7.8 -3  0.0                           
051757020715101775セイウンキャンティ　　　　　　　　　 32.5  6.5  4.2 12.0  5.7 11  9.7  5                        
051757020815109075ピオレドール　　　　　　　　　　　　 30.7  6.2 -9.1 -4.4 -4.3  1 13.0                           
051757020915104698ムールヴェードル　　　　　　　　　　  5.7  1.8  7.2 14.3  7.4 12  8.9                           
051757021015102389レネット　　　　　　　　　　　　　　  8.8  2.4 11.9 13.8  8.6 14 13.5  5                        
051757021115104414ダンシングチコ　　　　　　　　　　　  4.0  1.6 16.5 14.3 10.2 15 11.6                           
051757021215101595キングジョーカ　　　　　　　　　　　 34.7  6.9 -3.7 12.4  3.4  8  0.0                           
051757021315104555フロリアヌス　　　　　　　　　　　　 11.4  2.8  6.6 18.1  8.6 14  0.0                           
051757021415101643タツノリソックリ　　　　　　　　　　 70.0 12.9-11.4-20.0-10.8 -6  0.0                           
051757021515103018クスリバコ　　　　　　　　　　　　　 12.7  3.0 12.0  8.3  6.6 12  0.0                           
051757021615105960カサーレ　　　　　　　　　　　　　　 27.7  5.6 -2.3 -9.5 -4.2  1  0.0                           
051757021715109157パットサイテ　　　　　　　　　　　　359.5 63.6-10.0-11.4 -7.2 -2  0.0                           
051757021815105929ココリエルサ　　　　　　　　　　　　 51.4  9.9-10.0 -9.5 -6.5 -1  0.0                           
051757030115104180ダークナイトムーン　　　　　　　　　  3.1  1.3 14.4 17.4 10.7 16 19.8                           
051757030215100261マーレグリーン　　　　　　　　　　　 14.8  3.0  8.9 16.4  8.7 14  6.8                           
051757030315102083カガプラナス　　　　　　　　　　　　 59.2  9.5-10.0-11.6 -7.3 -2  0.0                           
051757030415104202デルマウオッカ　　　　　　　　　　　 90.1 14.1 -9.5  8.2  0.2  5  0.0                           
051757030515102422ドナカデンツァ　　　　　　　　　　　 20.0  3.8-10.0 11.9  1.4  6  0.0  5                        
051757030615100398コスモダリア　　　　　　　　　　　　 20.4  3.8 -4.7-14.8 -6.8 -2  0.0                           
051757030715100844ジェイケイバスター　　　　　　　　　 32.7  5.7-10.0  8.5  0.1  5  0.0  5                        
051757030815100732コスモグラトナス　　　　　　　　　　 59.2  9.5-10.0-13.9 -8.1 -3  0.0                           
051757030915103514ボンテン　　　　　　　　　　　　　　 68.4 10.9-10.0-20.0-10.3 -5  0.0                           
051757031015105933ウーマンレジェンド　　　　　　　　　 19.1  3.7  6.1  3.4  3.1  8  0.0  5                        
051757031115104743ギャラッド　　　　　　　　　　　　　  4.2  1.4 18.2 15.9 11.3 16 15.1                           
051757031215104915ネオシャンドマルス　　　　　　　　　 43.0  7.3 -6.9 -1.6 -2.7  2  0.0                           
051757031315100238ウインソリティア　　　　　　　　　　 58.4  9.4 -9.5-12.7 -7.5 -3  0.0                           
051757031415100712マイネルセッカ　　　　　　　　　　　 38.1  6.5  6.0  5.8  3.9  9  0.0                           
051757031515104274アイリッシュクライ　　　　　　　　　  2.7  1.2 18.8 27.5 15.7 21 18.1                           
051757031615105405ミフラーブ　　　　　　　　　　　　　295.5 44.8-10.0-13.9 -8.1 -3  0.0                           
051757031715106362キリシマテソーロ　　　　　　　　　　 43.0  7.3 -6.7  6.3  0.3  5  0.0                           
051757031815100419キャプチュード　　　　　　　　　　　178.1 27.2-10.0-12.9 -7.7 -3  0.0  0                        
051757040111101775ヴィンセンツイヤー　　　　　　　　　 19.9  4.9-10.4 -4.3 -4.7 -5  0.0                           
051757040212103648ダンガンコゾウ　　　　　　　　　　　 38.5  8.6-10.0-13.7 -8.0 -8  0.0                           
051757040312104072ブレイクザポケット　　　　　　　　　 15.5  3.9  1.9 -2.1 -0.2  0  0.0                           
051757040412105245アスタキサンチン　　　　　　　　　　  8.7  2.7 -2.1  1.5 -0.1  0 17.5                           
051757040514101272キングスーサ　　　　　　　　　　　　  9.1  2.8-12.5  3.8 -2.4 -2  7.7                           
051757040611105975エリーフェアリー　　　　　　　　　　  6.1  2.1  7.7  4.9  4.1  4  0.0                           
051757040711104272キングズオブザサン　　　　　　　　　  5.3  1.9 15.0 13.1  9.3  9  0.0                           
051757040813102806ニシノファルコン　　　　　　　　　　 24.1  5.6 -4.6 -6.3 -3.7 -4  0.0                           
051757040912100996レジェンドパワー　　　　　　　　　　  4.5  1.8  6.2 21.6  9.8 10  8.2  1  180   42              
051757041009100680ニットウビクトリー　　　　　　　　　 17.5  4.3-10.0  7.5 -0.3  0  9.1                           
051757041114101159ブラックマイスター　　　　　　　　　  4.1  1.7 16.6 23.4 13.6 14 12.8  1  181   86              
051757041213104744コンゴウリキ　　　　　　　　　　　　 53.5 11.7-11.4-13.7 -8.4 -8  0.0                           
051757041312104515イダクァイマ　　　　　　　　　　　　 15.4  3.9 -3.9  6.2  1.1  1 16.4                           
051757050115104796アルーシャ　　　　　　　　　　　　　  3.3  1.4 13.3 16.4 10.0 10 19.8B                          
051757050215102784クールスパート　　　　　　　　　　　 36.0  6.5 -9.0  6.3 -0.4  0  0.0                           
051757050315101416ジョーダンエース　　　　　　　　　　 17.1  3.5  8.0 -6.9 -0.1  0  0.0  0                        
051757050415103526オプティカルビート　　　　　　　　　 15.2  3.2  5.7 10.4  5.5  6  0.0  5                        
051757050515104623メープルリキュール　　　　　　　　　  4.4  1.5 20.0 25.1 15.2 15 21.4                           
051757050615101901デルマベリーニ　　　　　　　　　　　 74.2 12.4-11.3 -1.7 -4.0 -4  0.0  0                        
051757050715102931グラーヌス　　　　　　　　　　　　　 23.2  4.4-10.0 -1.4 -3.5 -4  0.0  5                        
051757050815100220ウインサジェス　　　　　　　　　　　 24.4  4.6 -7.2  5.4 -0.2  0  0.0  5                        
051757050915105935サマーボーイ　　　　　　　　　　　　 34.5  6.3 -6.1-13.4 -6.7 -7  0.0  0                        
051757051015110039ボンナキュイ　　　　　　　　　　　　 17.7  3.6 -2.2  5.2  1.2  1  0.0  3                        
051757051115102601ジャストザホマレ　　　　　　　　　　 29.6  5.5  0.2 -4.4 -1.6 -2  0.0                           
051757051215104715パルマリア　　　　　　　　　　　　　  2.8  1.3 19.8 19.2 13.0 13 10.6                           
051757051315105120ウインオルビット　　　　　　　　　　 41.8  7.5 -2.6-10.1 -4.5 -4  0.0                           
051757051415104397ガーデンテラス　　　　　　　　　　　 15.5  3.2-10.4  5.8 -1.0 -1 10.3A                          
051757060115101812セイウングラッパ　　　　　　　　　　 39.1  7.6 -2.7 -5.0 -2.6 -3  0.0                           
051757060215101102トーセンバーディー　　　　　　　　　  6.1  1.9 16.0 18.0 11.4 11  6.2                           
051757060315100098ラスティユース　　　　　　　　　　　 44.8  8.6-11.3 -9.4 -6.8 -7  0.0                           
051757060415106505セイマスカレード　　　　　　　　　　 11.8  2.8  3.7 14.2  6.3  6  0.0                           
051757060515101417プリティーレディー　　　　　　　　　  3.5  1.5 17.0 13.1  9.9 10 14.0                           
051757060615104129レンジストライク　　　　　　　　　　 15.6  3.5  1.0  5.8  2.4  2  0.0                           
051757060715104234ウィンディシャドウ　　　　　　　　　 11.2  2.7  0.9  8.2  3.3  3  0.0                           
051757060815105122ヤンキーイズム　　　　　　　　　　　 56.0 10.4 -6.7 -1.8 -2.7 -3  0.0                           
051757060915103631ヴィジャランス　　　　　　　　　　　 13.2  3.1 -2.1-10.6 -4.5 -5 10.9                           
051757061015100542アシャカナウ　　　　　　　　　　　　 19.5  4.2 -4.1  9.7  2.3  2  9.2                           
051757061115104416ダイワルーシー　　　　　　　　　　　 14.2  3.2 -0.4-12.7 -4.8 -5  8.2                           
051757061215100355ネコワシ　　　　　　　　　　　　　　147.6 26.2-11.4-20.0-10.8-11  0.0                           
051757061315101632プロスパラスデイズ　　　　　　　　　  3.3  1.4 14.2 17.7 10.8 11 18.1                           
051757061415103775アヴァランチ　　　　　　　　　　　　 45.0  8.7-11.4-12.9 -8.1 -8  0.0  0                        
051757061515105593チャオドリン　　　　　　　　　　　　 38.2  7.5-11.4-11.9 -7.8 -8  0.0                           
051757061615101282オリエンタルボーン　　　　　　　　　 48.4  9.3-10.0-20.0-10.3-10  0.0                           
051757070114101874マイブルーヘブン　　　　　　　　　　 42.0  7.0 -2.1 -0.8 -0.9 19  0.0                           
051757070213100018マヤノピナクル　　　　　　　　　　　 60.6  9.6-10.0 -5.1 -4.9 15  0.0  0                        
051757070313101946マイネルクラフト　　　　　　　　　　 31.8  5.5 -9.8 -1.6 -3.5 16  0.0                           
051757070413105816コルコバード　　　　　　　　　　　　  2.1  1.2 20.0 21.8 14.0 34 18.1                           
051757070513105386アスコットチャンプ　　　　　　　　　 38.0  6.4 -7.2-10.2 -5.9 14  0.0                           
051757070612104920ペンタプリズム　　　　　　　　　　　123.9 19.0-13.5 -8.2 -7.1 13  0.0                           
051757070714101655ルーラーキング　　　　　　　　　　　 14.7  2.9  3.3  8.7  4.2 24  8.2                           
051757070813102589スイートメモリーズ　　　　　　　　　 62.8  9.9-11.4 -9.0 -6.7 13  0.0                           
051757070914106464テーオーフォルテ　　　　　　　　　　 13.1  2.7 13.8 10.9  8.1 28 10.9                           
051757071014105760フリージングレイン　　　　　　　　　 12.1  2.5  4.2  5.7  3.3 23  0.0                           
051757071113106184ハイドロフォイル　　　　　　　　　　  8.8  2.2  3.6 -5.0 -0.8 19  0.0                           
051757071214102663シンボリジュネス　　　　　　　　　　 62.8  9.9-11.4-14.9 -8.9 11  0.0  0                        
051757071313100083セシルクラウン　　　　　　　　　　　 58.3  9.3-11.4-13.3 -8.3 12  0.0                           
051757071413105769グリントオブライト　　　　　　　　　  6.8  1.8 13.1  5.6  6.0 26 12.5                           
051757071513105784キングオブアームズ　　　　　　　　　  4.3  1.5  9.5 12.8  7.5 28 14.0C                          
051757080113104137シベリウス　　　　　　　　　　　　　 25.1  5.1 -6.3 -0.5 -2.1 28  0.0                           
051757080214105251プレゼンス　　　　　　　　　　　　　 32.5  6.4-10.0 -9.7 -6.6 23  0.0                           
051757080314105514フォギーナイト　　　　　　　　　　　  2.8  1.4 19.0 26.5 15.4 45 18.1                           
051757080413101264シンゼンドリーム　　　　　　　　　　  6.0  1.9 11.4  8.7  6.6 37  6.2                           
051757080512103443ジェイケイライアン　　　　　　　　　  6.4  2.0 12.4 11.3  7.9 38  9.6                           
051757080612103387ディアコンチェルト　　　　　　　　　 14.2  3.2  2.7 -0.5  0.6 31  7.7  5                        
051757080714103967フォーカード　　　　　　　　　　　　 23.7  4.9-12.5  3.2 -2.6 27 12.3                           
051757080814110077ストロボスコープ　　　　　　　　　　  4.2  1.6 15.9 16.4 10.8 41 11.6C                          
051757080912100608ティルナノーグ　　　　　　　　　　　 44.8  8.6 -2.1-13.3 -5.5 24  0.0  0                        
051757081012100361ディアドナテロ　　　　　　　　　　　 14.3  3.3 -1.3-10.1 -4.1 26  0.0                           
051757081111105337ゼンノスサノヲ　　　　　　　　　　　142.5 25.3-12.5-10.1 -7.5 23  0.0                           
051757081213106479メイスンスパート　　　　　　　　　　 45.6  8.8-10.0 -1.6 -3.6 26  0.0                           
051757081311105968ジュガンティーヤ　　　　　　　　　　242.3 42.6-11.4 -9.0 -6.7 23  0.0                           
051757081413102053アッキー　　　　　　　　　　　　　　 34.8  6.9 20.0  3.8  7.4 37  0.0                           
051757081513103514ベバスカーン　　　　　　　　　　　　 11.6  2.8  4.3 21.8  9.3 39  0.0  5                        
051757081612100461キータイプ　　　　　　　　　　　　　100.8 18.1-13.5-10.1 -7.8 22  0.0                           
051757090115104816ヴェルトゥアル　　　　　　　　　　　  2.3  1.2 17.1 25.4 14.4 34 18.1  2                        
051757090215103677モリトユウブ　　　　　　　　　　　　  8.5  2.0  8.6 12.2  7.1 27  6.8                           
051757090315104996アポストル　　　　　　　　　　　　　 15.0  2.7 -7.2 -9.0 -5.5 15  0.0                           
051757090415101960マイネルユキツバキ　　　　　　　　　  3.0  1.2 19.3 28.1 16.1 36 19.8  1  125   56              
051757090515100127レディオブザレイク　　　　　　　　　 46.3  6.9-13.3-16.7-10.1 10  0.0                           
051757090615105332ミックベンハー　　　　　　　　　　　 18.1  3.1  6.2  0.5  2.0 22  0.0                           
051757090715104347ルッジェーロ　　　　　　　　　　　　  4.3  1.3 15.2 15.3 10.2 30 15.1                           
051757090815100786ブロンズケイ　　　　　　　　　　　　 11.9  2.3  7.5  2.6  3.2 23  0.0                           
051757100112105737チェリーサマー　　　　　　　　　　　 28.4  6.2-10.0  8.8  0.2 35  0.0  0                        
051757100214101289アロンザモナ　　　　　　　　　　　　 39.8  8.4-12.5 -8.1 -6.7 28 14.4                           
051757100312102978グラスエトワール　　　　　　　　　　 16.3  3.9 -9.0 -6.1 -4.9 30  8.2  0                        
051757100411105477プリサイスエース　　　　　　　　　　  8.1  2.4 13.8 20.4 11.6 47  0.0                           
051757100511103410カネトシビバーチェ　　　　　　　　　  5.3  1.8 10.1 12.5  7.6 43  0.0                           
051757100609105779ブラインドサイド　　　　　　　　　　  7.5  2.3  6.0 16.9  8.0 43 23.1  4                        
051757100712101787ライドオンウインド　　　　　　　　　 21.6  4.8-12.5 -4.1 -5.3 30  0.0                           
051757100813110062エイシンビジョン　　　　　　　　　　  5.7  1.9  9.9 14.3  8.2 43 12.5                           
051757100910102514コスタアレグレ　　　　　　　　　　　 56.9 11.4-12.5-10.1 -7.5 28  0.0                           
051757101012100912タマモイレブン　　　　　　　　　　　 40.8  8.6-12.5-10.6 -7.6 27  0.0                           
051757101112103338ショウナンカサロ　　　　　　　　　　  8.3  2.5  7.5 14.3  7.5 42  7.7A                          
051757101210102500ライブリシュネル　　　　　　　　　　 76.9 15.2-12.5-10.1 -7.5 28  0.0                           
051757101312104259ストロングトリトン　　　　　　　　　 55.7 11.2 -5.5  7.6  1.1 36  0.0                           
051757101413105808レッドゲルニカ　　　　　　　　　　　  3.0  1.5 14.0 16.6 10.3 45  7.5A                          
051757101513102854メリートーン　　　　　　　　　　　　 38.3  8.1 -4.7 -3.1 -2.5 32  0.0  5                        
051757101611101463フレンドスイート　　　　　　　　　　 42.6  8.9-10.0-10.9 -7.0 28  0.0                           
051757110111105236マイネルアウラート　　　　　　　　　 82.3 16.1-11.4 -4.0 -4.9 40  0.0  0                        
051757110214105493サトノアレス　　　　　　　　　　　　  4.0  1.7 12.2 18.5 10.4 55 14.0C                          
051757110310106467ピンポン　　　　　　　　　　　　　　165.3 31.7-12.5-10.1 -7.5 38  0.0                           
051757110414105589ダイワキャグニー　　　　　　　　　　  3.6  1.6 18.5 21.5 13.4 58 18.1                           
051757110514105338オールザゴー　　　　　　　　　　　　 41.7  8.7-12.5-11.5 -8.0 37  0.0                           
051757110612104164ミュゼエイリアン　　　　　　　　　　 37.5  7.9-10.0-10.6 -6.9 38  0.0                           
051757110711100647オートクレール　　　　　　　　　　　 55.7 11.1 -0.7-14.9 -5.7 39  0.0  0                        
051757110813104550トウショウドラフタ　　　　　　　　　126.5 24.4-11.4-11.6 -7.7 37  0.0                           
051757110911104097ラングレー　　　　　　　　　　　　　 42.8  8.9-12.5-11.5 -8.0 37  0.0                           
051757111012103193ダノンプラチナ　　　　　　　　　　　  8.3  2.5 12.0 18.1 10.2 55  0.0                           
051757111112104808ロジチャリス　　　　　　　　　　　　 16.8  4.0  0.7 10.3  4.0 49  0.0                           
051757111213102938マイネルハニー　　　　　　　　　　　 12.4  3.1  5.0 14.5  6.8 52  0.0                           
051757111312104737レアリスタ　　　　　　　　　　　　　  7.2  2.2  8.7 -3.0  1.5 47 21.4                           
051757111414105825アウトライアーズ　　　　　　　　　　 10.9  2.8-10.0 25.8  6.5 51  7.7                           
051757111513102679ロードクエスト　　　　　　　　　　　 22.5  5.0 -4.2  7.7  1.6 47  0.0                           
051757111612104672ダノンリバティ　　　　　　　　　　　  8.0  2.4 11.4 14.4  8.7 54  0.0                           
051757111710105896マイネルホウオウ　　　　　　　　　　165.3 31.7-10.0-12.3 -7.5 37  0.0                           
051757111809102469サンライズメジャー　　　　　　　　　 28.0  6.1-12.5  1.9 -3.1 42  0.0                           
051757120111104884タカラジャンヌ　　　　　　　　　　　 65.5 12.8-11.3-13.7 -8.4 22  0.0                           
051757120214102119トーホウアイレス　　　　　　　　　　 16.8  3.9 20.0 -8.7  2.8 33  9.1                           
051757120313101392キョウワゼノビア　　　　　　　　　　 13.2  3.2 -2.1  2.1  0.1 30  8.7                           
051757120412105410シンフォニア　　　　　　　　　　　　 43.3  8.9-11.4 -9.3 -6.8 23  0.0                           
051757120511100628レインボーラヴラヴ　　　　　　　　　 50.5 10.3-11.4 -4.9 -5.2 25  0.0                           
051757120614106280ディメンシオン　　　　　　　　　　　  5.9  1.9 17.0  7.1  7.7 38 15.1                           
051757120712100690ラッフォルツァート　　　　　　　　　 62.0 12.2-12.5  0.1 -3.7 26  0.0                           
051757120813101932ペルソナリテ　　　　　　　　　　　　  7.6  2.3 10.4 16.4  9.1 39  0.0                           
051757120914105080スズカゼ　　　　　　　　　　　　　　114.2 21.8-13.3-11.4 -8.2 22  0.0                           
051757121014102172フラガリア　　　　　　　　　　　　　 11.9  3.0  6.0 14.0  6.9 37  0.0                           
051757121114101705ライズスクリュー　　　　　　　　　　 12.9  3.2 -2.0  8.0  2.3 32  0.0  5                        
051757121213104632ラブターボ　　　　　　　　　　　　　 67.7 13.2-11.4 -9.5 -6.9 23  0.0                           
051757121314106051アルミレーナ　　　　　　　　　　　　  3.3  1.5 14.0 17.7 10.7 41 18.1                           
051757121414105533ゴールドケープ　　　　　　　　　　　  8.3  2.4  7.5 11.1  6.3 36  0.0                           
051757121513106131アッラサルーテ　　　　　　　　　　　  4.2  1.6 14.3 14.8  9.7 40 14.0                           
081757010115105129シャテーヌ　　　　　　　　　　　　　 33.3  6.6 -4.5 -5.2 -3.2  2  0.0  0                        
081757010215100311グランデミノル　　　　　　　　　　　  3.0  1.4 14.0 20.1 11.2 16 10.8                           
081757010315103932トモジャクアルト　　　　　　　　　　 55.2 10.3-11.6  0.1 -4.2  1  0.0                           
081757010415100501タガノタイト　　　　　　　　　　　　  6.2  1.9  5.1 23.4  8.9 14 22.1                           
081757010515100408インナーパワー　　　　　　　　　　　  5.7  1.8  7.5  9.2  5.5 11  4.5                           
081757010615105502グローリーグローリ　　　　　　　　　 35.5  7.0 -7.7  8.0 -0.4  5  0.0                           
081757010715103032チョウリアリティ　　　　　　　　　　 12.6  3.0  6.3  4.4  3.6  9  0.0                           
081757010815103104エメラルドプラバ　　　　　　　　　　 50.8  9.8 -8.6-10.2 -6.2 -1  9.2                           
081757010915105589ナリタミニスター　　　　　　　　　　  3.9  1.5 16.0 12.1  9.5 14 19.0                           
081757011015100874ナンゴクユメネット　　　　　　　　　105.1 19.0-11.7-15.5 -8.9 -4  0.0  0                        
081757011115102275タイセイゴーディー　　　　　　　　　 51.4  9.9 -9.7-10.3 -6.6 -2  0.0                           
081757011215105528カワチノシャモ　　　　　　　　　　　 90.7 16.5-11.7-10.2 -7.3 -2  0.0                           
081757011315101400ホーリーカバージョ　　　　　　　　　 41.4  8.1-11.7-11.6 -7.8 -3  0.0                           
081757011415105692コウエイゴールド　　　　　　　　　　 31.8  6.4-11.7-10.7 -7.5 -3  0.0                           
081757011515105312ミトノブラック　　　　　　　　　　　 11.2  2.7  6.2 11.8  5.8 11  9.0  5                        
081757011615105667センターフィールド　　　　　　　　　 15.5  3.5  4.2  3.7  2.7  8  5.8                           
081757020115102621ツーエムアリエス　　　　　　　　　　 92.9 14.7 -8.6-11.6 -6.6 -2  0.0                           
081757020215104143ナンヨーブルジョン　　　　　　　　　 25.9  4.7-10.9-11.7 -7.5 -3  0.0                           
081757020315103558エルティグレ　　　　　　　　　　　　  2.2  1.2 20.9 23.5 14.7 20 17.4                           
081757020415104772ビップフェリックス　　　　　　　　　  6.6  1.8  9.7 13.8  7.7 13  0.0                           
081757020515102166マイネルデインティ　　　　　　　　　 47.4  8.0-11.7-10.4 -7.4 -2  0.0                           
081757020615105880ストロングタッグ　　　　　　　　　　 66.8 10.8 -5.4-10.3 -5.1  0  0.0                           
081757020715106427タラニス　　　　　　　　　　　　　　  4.2  1.5 15.8 16.6 10.8 16 16.8                           
081757020815100084ブルベアノザワナ　　　　　　　　　　 72.4 11.6-10.9 -4.6 -5.4  0  0.0                           
081757020915110106フロリダロス　　　　　　　　　　　　 17.3  3.4  0.7 11.9  3.8  9 16.0                           
081757021015110087ムルガン　　　　　　　　　　　　　　 16.3  3.2 -6.9  3.0 -1.6  3  7.8                           
081757021115105886ダイキリシマ　　　　　　　　　　　　 49.7  8.4-11.7-13.4 -8.3 -3  0.0  0                        
081757021215103208ジューンジョイ　　　　　　　　　　　 65.5 10.6-10.9 -9.2 -6.8 -2  0.0                           
081757021315103199スズカビレッジ　　　　　　　　　　　 15.0  3.0  3.6 20.8  7.6 13  0.0                           
081757021415102090クリノタモンテン　　　　　　　　　　 25.2  4.6 -3.9 -8.2 -3.9  1  0.0                           
081757021515102822デンコウスティール　　　　　　　　　 42.5  7.3 -6.5-11.1 -5.7 -1 12.0                           
081757021615103308エーティーマゼラン　　　　　　　　　  8.1  2.1  3.3 29.6 10.1 15 11.7  3                        
081757030115103245プライムチョイス　　　　　　　　　　 63.1 12.8-10.9 -8.5 -6.5 -2  0.0                           
081757030215104082シールヴィクトリー　　　　　　　　　 13.1  3.3  0.7  3.5  1.3  6  0.0  5                        
081757030315104546エイカイマドンナ　　　　　　　　　　  5.8  2.0  8.9 12.8  7.1 12  6.4                           
081757030415104401メジャーマジック　　　　　　　　　　 40.8  8.8-10.9-10.2 -7.1 -2  0.0                           
081757030515102130ニホンピロヘイロー　　　　　　　　　 46.9 10.0 -7.0 -4.6 -3.9  1 13.2                           
081757030615102823メイショウルクール　　　　　　　　　102.4 20.4-10.9-12.9 -7.9 -3  0.0                           
081757030715104420カッチャウカモネ　　　　　　　　　　 88.3 17.7-10.9 -6.7 -6.0 -1  0.0                           
081757030815103004アオラニ　　　　　　　　　　　　　　 20.3  4.8 -0.2 -3.5 -1.1  4  0.0                           
081757030915101826キャッチミーアップ　　　　　　　　　  5.3  1.9 13.9 20.5 11.2 16 11.3                           
081757031015101439マリアバローズ　　　　　　　　　　　 15.7  3.8 -0.7-10.0 -3.3  2  8.3                           
081757031115103351サウンドシップ　　　　　　　　　　　 36.0  7.8 -8.3  6.1 -1.2  4 12.0                           
081757031215103497シェルセリーヌ　　　　　　　　　　　 79.6 16.0-10.9-10.2 -7.1 -2  0.0                           
081757031315102984ライクアジャーニー　　　　　　　　　  7.9  2.4 11.9 12.0  8.0 13 14.7                           
081757031415104734ノッテステラータ　　　　　　　　　　 15.8  3.9 -4.5 -1.7 -2.2  3  0.0                           
081757031515102883エイシンテースティ　　　　　　　　　  3.2  1.5 16.6 21.5 12.5 18 10.0                           
081757031615106290クロンヌデトワール　　　　　　　　　  7.2  2.3  6.4 -0.2  2.3  7 11.7                           
081757031715106321カトレア　　　　　　　　　　　　　　 53.2 11.2-10.9 -9.2 -6.8 -2  0.0                           
081757031815101862シゲルミズナ　　　　　　　　　　　　 53.5 11.3-11.7 -8.0 -6.7 -2  0.0                           
081757040115101318アンジェラ　　　　　　　　　　　　　 61.1 10.8-11.7 -7.4 -6.5 -2  0.0                           
081757040215100721マイネルルティレ　　　　　　　　　　 58.8 10.4-10.9 -8.5 -6.5 -2  0.0                           
081757040315104209デクレアラー　　　　　　　　　　　　 13.4  3.0 -3.9 23.7  5.7 11  0.0                           
081757040415103335メイショウハニー　　　　　　　　　　 48.3  8.9-11.6 12.4 -0.5  4  6.9                           
081757040515102499メラナイト　　　　　　　　　　　　　  4.6  1.6 17.5 18.3 11.9 17 12.3  2                        
081757040615102264インスピレーション　　　　　　　　　  4.5  1.5 12.7 22.0 11.3 16 19.0  2                        
081757040715102185トウカイエポナ　　　　　　　　　　　 98.8 17.0-11.7-13.1 -8.2 -3  0.0                           
081757040815100422アリイタヤス　　　　　　　　　　　　 44.9  8.3-11.7-10.5 -7.4 -2  0.0                           
081757040915104714レッドヴェイロン　　　　　　　　　　  2.5  1.3 15.7 20.0 11.8 17 15.4                           
081757041015104914アドマイヤカラット　　　　　　　　　 16.2  3.5 -3.7-10.4 -4.5  1  8.3                           
081757041115103894キングポセイドン　　　　　　　　　　 34.7  6.6 -7.7  8.4 -0.3  5  0.0                           
081757041215109086ケイティノーブル　　　　　　　　　　122.9 21.0-11.7-14.7 -8.7 -4  0.0                           
081757041315104773メールドグラース　　　　　　　　　　  7.0  2.0 11.4  8.5  6.7 12  0.0                           
081757041415100018ドラセナ　　　　　　　　　　　　　　 11.2  2.6 11.0  1.5  4.5  9 16.4                           
081757041515101327クロフネプリンセス　　　　　　　　　 58.4 10.3-11.7 -8.0 -6.7 -2  0.0                           
081757050115103823タニオブスカイ　　　　　　　　　　　 14.2  3.0  3.0 -0.2  1.0  1  0.0                           
081757050215105932アイネバーフェイル　　　　　　　　　 12.8  2.7 -1.5  0.7 -0.3  0  6.4                           
081757050315104366ガルソン　　　　　　　　　　　　　　 20.8  4.0-10.9-14.1 -8.2 -8  0.0                           
081757050415106543ガイド　　　　　　　　　　　　　　　 36.9  6.5-11.7 -2.6 -5.1 -5  0.0                           
081757050515100646ケントマンボ　　　　　　　　　　　　 25.6  4.7 -3.1  4.4  0.2  0  7.6                           
081757050615100833ランドヘルメース　　　　　　　　　　 49.1  8.4-10.9-11.7 -7.5 -8  0.0                           
081757050715103381メイショウサンアイ　　　　　　　　　 24.5  4.5  3.7  0.5  1.5  2 12.0                           
081757050815103584カネトシピュール　　　　　　　　　　 60.5 10.0-10.3-14.1 -8.0 -8  0.0                           
081757050915104615ラプトレックス　　　　　　　　　　　  5.8  1.8 12.8 13.0  8.6  9 19.0  5                        
081757051015101210アルジャーノン　　　　　　　　　　　 25.1  4.6 -6.9-11.1 -5.9 -6  0.0                           
081757051115102647シンコーメグチャン　　　　　　　　　 18.4  3.6  5.4 20.0  8.0  8  5.8  4                        
081757051215100975モズトルマリン　　　　　　　　　　　 43.2  7.5-10.9-10.4 -7.1 -7  0.0                           
081757051315102416テイエムナナイロ　　　　　　　　　　 79.2 12.9-10.9-10.7 -7.2 -7  0.0                           
081757051415105383ウエスタンヒューズ　　　　　　　　　 16.6  3.3 -1.4  7.1  1.6  2  7.3                           
081757051515105040サンラモンバレー　　　　　　　　　　  2.0  1.2 20.7 26.4 15.5 16 17.4  1  142   55              
081757051615103490シゲルレンコン　　　　　　　　　　　 95.4 15.4-11.7 -9.6 -7.2 -7  0.0                           
081757051715100623ヴィヴ　　　　　　　　　　　　　　　 22.2  4.2  8.4 23.0 10.0 10  0.0                           
081757051815100441ビーユアヒーロー　　　　　　　　　　 17.4  3.5  3.5  0.6  1.5  1  6.7                           
081757060115100508タガノカプリス　　　　　　　　　　　 32.0  5.8 -9.4 -6.3 -5.3 -5  0.0                           
081757060215106170シンアンドケン　　　　　　　　　　　 27.9  5.1 -1.9  3.8  0.4  0  8.0                           
081757060315100301プリティーキッズ　　　　　　　　　　 82.2 13.5-11.7-12.6 -8.1 -8  0.0  0                        
081757060415103603メイショウバルコラ　　　　　　　　　 12.5  2.7  9.8 16.9  8.7  9  5.5                           
081757060515102039ビップベリンダ　　　　　　　　　　　 37.1  6.6-10.9  5.5 -2.3 -2 12.6                           
081757060615103003ブンゴ　　　　　　　　　　　　　　　 17.2  3.5-10.9-10.0 -7.0 -7  0.0                           
081757060715103785ジューンシェイカー　　　　　　　　　125.3 20.2-11.7-15.5 -8.9 -9  0.0  0                        
081757060815104160スモーキングガン　　　　　　　　　　 10.8  2.4  7.4 12.0  6.3  6  8.4                           
081757060915106289キクノウェスター　　　　　　　　　　  4.6  1.6 12.4 12.8  8.4  8 17.2                           
081757061015105689ニホンピロレスター　　　　　　　　　 49.0  8.5-11.7 -0.8 -4.5 -5  0.0                           
081757061115100819オーミスマイル　　　　　　　　　　　 40.7  7.2 -7.8-15.5 -7.5 -8  0.0  0                        
081757061215105337デビルズヘアカット　　　　　　　　　 22.0  4.2-10.9-12.4 -7.7 -8  0.0                           
081757061315101752ダイシンマナ　　　　　　　　　　　　 80.4 13.2-10.9 -2.0 -4.6 -5  0.0                           
081757061415100315アスターヒューズ　　　　　　　　　　 11.5  2.5  5.1 17.9  7.2  7 14.7  2                        
081757061515106162サトノプライド　　　　　　　　　　　  2.2  1.3 19.3 31.2 16.4 16 10.8                           
081757061615100639バーンフライ　　　　　　　　　　　　  7.8  2.1  7.8  2.4  3.6  4  6.4                           
081757070113103396グランプリアクセル　　　　　　　　　 56.5 11.0-10.9-12.2 -7.7 12  0.0                           
081757070214103001メイショウサチシオ　　　　　　　　　  2.5  1.4 16.4  8.7  8.6 29 17.4                           
081757070314100120クリノキング　　　　　　　　　　　　  9.0  2.6  2.1 10.8  4.0 24 16.4  5                        
081757070413104784ペリコール　　　　　　　　　　　　　 50.5 10.1-10.9-13.4 -8.0 12  0.0                           
081757070513104702サンキュー　　　　　　　　　　　　　  7.0  2.1 11.0  7.0  6.1 26 13.1                           
081757070613104099タガノモーサン　　　　　　　　　　　 11.7  2.9  4.7 13.4  5.7 26  5.5                           
081757070714106117ステイオンザトップ　　　　　　　　　  8.2  2.4  2.1  7.6  3.0 23  4.8                           
081757070813104121ミスズマンボ　　　　　　　　　　　　 55.6 10.8-10.9-13.4 -8.0 12  0.0                           
081757070914102477アシャカリアン　　　　　　　　　　　 16.4  3.8  3.6 -3.1  0.4 20  0.0                           
081757071013100996ショウサングランド　　　　　　　　　 18.9  4.3 -3.7 -5.3 -2.9 17  0.0                           
081757071114100190スナークライデン　　　　　　　　　　 29.7  6.2-15.0 -7.1 -7.6 12  0.0                           
081757071214106130バレーロ　　　　　　　　　　　　　　 13.7  3.3 10.6  2.8  4.7 25  0.0                           
081757071313100424ダノンボンコ　　　　　　　　　　　　 62.4 12.0-10.9 -6.6 -6.0 14  0.0                           
081757071414105660メイショウオオヅツ　　　　　　　　　 38.4  7.9 -5.3 -7.7 -4.3 16  0.0                           
081757071514101770ゲキリン　　　　　　　　　　　　　　  7.0  2.2  7.8-20.0 -3.1 17 18.2                           
081757071613103475テイエムハヤブサ　　　　　　　　　　 48.2  9.7-11.7-11.9 -7.9 12  0.0                           
081757080113101434ウインミレーユ　　　　　　　　　　　 27.3  5.9 -5.9 16.2  2.7 23  0.0                           
081757080213105336アッフィラート　　　　　　　　　　　  3.8  1.6 11.1 19.4  9.9 30 16.8                           
081757080314105999エンドレスコール　　　　　　　　　　 44.6  9.2 -7.0-10.2 -5.6 14 14.4                           
081757080414101915レッドストーリア　　　　　　　　　　 63.4 12.5-10.9  4.0 -2.8 17  0.0                           
081757080514105350ルエヴェルロール　　　　　　　　　　 16.8  3.9 -2.7 -3.1 -1.9 18  7.8                           
081757080614103283エイシンルーク　　　　　　　　　　　  7.2  2.2  0.7 18.0  5.7 26  0.0                           
081757080714102771カンガルールブタン　　　　　　　　　 93.3 18.1-11.7-10.4 -7.4 13  0.0                           
081757080812105695エスペランサルル　　　　　　　　　　 83.0 16.2-10.9 -7.4 -6.2 14  0.0                           
081757080914106099インヘリットデール　　　　　　　　　  5.7  1.9 16.3  6.8  8.0 28 18.6                           
081757081014104328リリーモントルー　　　　　　　　　　 31.8  6.8 -1.1 -0.4 -0.5 19 12.0                           
081757081113102534ステファンバローズ　　　　　　　　　 16.8  3.9  0.7  5.5  1.9 22  0.0                           
081757081214105471ミエノインパルス　　　　　　　　　　 48.3  9.9-10.9  4.8 -2.6 17  0.0                           
081757081314105435エリンソード　　　　　　　　　　　　 35.6  7.5-11.7-10.8 -7.5 12  0.0                           
081757081414103546ユイフィーユ　　　　　　　　　　　　  7.9  2.4 10.0  8.8  6.3 26  0.0  5                        
081757081513105720ステイキングダム　　　　　　　　　　 30.4  6.5 -9.4-20.0 -9.4 11  0.0                           
081757081614100611ライクアエンジェル　　　　　　　　　 42.3  8.8-10.9-14.1 -8.2 12 11.3                           
081757081714100838ショウナンサニー　　　　　　　　　　 32.9  7.0-11.7-12.7 -8.1 12  0.0                           
081757081814103833メルヴィンカズマ　　　　　　　　　　  3.7  1.6 11.5 21.1 10.5 31  9.2                           
081757090112104686ライトファンタジア　　　　　　　　　 33.0  5.7 -3.8 -6.7 -3.4 27  0.0                           
081757090212104925ヴェラヴァルスター　　　　　　　　　 31.1  5.4 -9.7  1.6 -3.1 27 11.4                           
081757090313105804ショパン　　　　　　　　　　　　　　  2.0  1.2 20.9 27.1 15.8 46 17.4                           
081757090410104412サダムロードショー　　　　　　　　　 57.1  9.1-10.9-10.9 -7.3 23  0.0                           
081757090512102740デンコウインパルス　　　　　　　　　  9.0  2.2  1.9 11.9  4.3 34 10.7                           
081757090612101673タイセイアプローズ　　　　　　　　　 16.3  3.2  5.7  9.7  5.0 35  5.5  5                        
081757090714105441サトノシャーク　　　　　　　　　　　 20.4  3.8  1.8 -7.5 -1.6 28  0.0  0                        
081757090814100508アルムチャレンジ　　　　　　　　　　 59.5  9.4 -5.8 -7.1 -4.3 26  0.0                           
081757090911103940アグリッパーバイオ　　　　　　　　　 12.6  2.6 -3.0-12.7 -4.9 25  0.0                           
081757091013104671スティルウォーター　　　　　　　　　  4.9  1.6 10.0 12.0  7.3 37 19.0                           
081757091111103501ファシーノ　　　　　　　　　　　　　 32.6  5.6 -7.7-13.1 -6.8 23  0.0                           
081757091213110080チャイマックス　　　　　　　　　　　 52.9  8.7-11.7-10.0 -7.3 23  0.0                           
081757091313105093メイケイレジェンド　　　　　　　　　  6.5  1.8 11.7 10.1  7.3 37 12.7                           
081757091411102894ビップレボルシオン　　　　　　　　　 25.2  4.5 -9.2-14.2 -7.6 22  0.0                           
081757100113102205ヒロブレイブ　　　　　　　　　　　　  2.9  1.3 17.5 12.4 10.1 45 10.8                           
081757100212104104レッドサバス　　　　　　　　　　　　  4.9  1.6 17.1 18.1 11.7 47 12.7  4                        
081757100313105526イーストオブザサン　　　　　　　　　  3.7  1.4 15.2 21.9 12.1 47 10.0                           
081757100412104504マイネルオフィール　　　　　　　　　  4.6  1.6 14.8 16.6 10.4 45 20.5  4                        
081757100511110009セセリ　　　　　　　　　　　　　　　 24.3  4.8 -3.3-10.4 -4.3 31  0.0                           
081757100612100591コンセギール　　　　　　　　　　　　 24.3  4.8-10.9  7.9 -1.6 33 11.4                           
081757100712100555ウインユニファイド　　　　　　　　　  9.3  2.5 11.9 17.1  9.5 44 14.1  5                        
081757100810101667カフェリュウジン　　　　　　　　　　 35.5  6.8 -9.7 -2.9 -4.4 31  0.0                           
081757100911104371フロリダパンサー　　　　　　　　　　 19.5  4.1  0.1 -4.2 -1.2 34  0.0  5                        
081757101011103858アドマイヤランディ　　　　　　　　　 17.4  3.7 -8.6 -2.6 -3.9 31  0.0                           
081757110115104582ケイティクレバー　　　　　　　　　　 14.4  2.8  9.9  1.8  4.2 54 16.6                           
081757110215104107タイムフライヤー　　　　　　　　　　  2.0  1.2 20.6 26.5 15.5 66 12.0  1  274   48              
081757110315104899マイハートビート　　　　　　　　　　  5.6  1.6 12.9 10.8  8.0 58 22.1                           
081757110415100513アイトーン　　　　　　　　　　　　　 27.1  4.5 -0.5-13.4 -4.2 46 10.2                           
081757110515102676ランリーナ　　　　　　　　　　　　　 44.0  6.9-11.4 -9.5 -7.0 43  0.0                           
081757110615104976グレイル　　　　　　　　　　　　　　  4.5  1.4 10.4  9.8  6.8 57 12.7                           
081757110715101701シスターフラッグ　　　　　　　　　　 15.7  2.9 -4.3 10.4  1.5 52  0.0                           
081757110815104860スラッシュメタル　　　　　　　　　　  4.2  1.4 13.7  6.2  6.9 57  5.9                           
081757110915101075ナムラアッパレ　　　　　　　　　　　 39.2  6.2 -7.7-14.7 -7.2 43  0.0                           
081757120112102026サウンドアプローズ　　　　　　　　　 36.1  7.0-11.7 -8.0 -6.7 23  0.0                           
081757120212104142ブランドベルグ　　　　　　　　　　　 12.1  2.8  5.2  9.6  4.8 35  0.0                           
081757120313103573オブリゲーション　　　　　　　　　　 19.1  4.1 -3.8  5.1  0.1 30  7.6                           
081757120410104503ディープウェーブ　　　　　　　　　　 16.5  3.6  0.3 16.4  5.0 35 18.5                           
081757120512105425ブライトボイス　　　　　　　　　　　 49.4  9.3-11.7 -8.5 -6.8 23  0.0                           
081757120613105969アドマイヤリアル　　　　　　　　　　  7.8  2.2 11.6 15.7  9.0 39  4.8                           
081757120714105558ソーグリッタリング　　　　　　　　　  8.5  2.4  8.2 19.3  8.8 39  7.3  1  142   55              
081757120812103704スターリーウインド　　　　　　　　　 40.3  7.7-10.9-11.1 -7.3 23  0.0                           
081757120914104432スズカメジャー　　　　　　　　　　　  3.6  1.5 14.7 20.2 11.4 41 11.3                           
081757121013100640ドルチャーリオ　　　　　　　　　　　  5.1  1.7  9.8  6.3  5.5 35 20.5                           
081757121113105627ラグナグ　　　　　　　　　　　　　　 22.3  4.6-10.8-14.5 -8.3 22  0.0                           
081757121213105677ロライマ　　　　　　　　　　　　　　  3.0  1.4 16.9 21.7 12.7 43 10.8  2                        
