061648010114104886ネコマル　　　　　　　　　　　　　　 76.2 16.5-10.4-16.4 -9.1 -4  0.0  0                        
061648010214102814アースヴィグラス　　　　　　　　　　 28.9  6.8-10.0  1.9 -2.3  3  0.0                           
061648010314102584シゲルジャコウネコ　　　　　　　　　  7.7  2.5-10.0  7.6 -0.2  5  0.0  5                        
061648010414100421ユキノドリーム　　　　　　　　　　　  3.8  1.7 16.7 16.5 11.1 16 18.1                           
061648010514102815ファストシップ　　　　　　　　　　　  6.6  2.3 12.9 11.3  8.0 13 16.3  5                        
061648010614101139リネンカイソク　　　　　　　　　　　 61.6 13.5-10.0-14.6 -8.4 -3  0.0                           
061648010714109089ヤマノブロンコ　　　　　　　　　　　 49.5 11.2-10.0  1.0 -2.6  2  0.0  0                        
061648010814100441ミコマッシグラ　　　　　　　　　　　 51.1 11.6 -7.6-10.2 -6.0 -1  0.0                           
061648010914105017カレン　　　　　　　　　　　　　　　  5.8  2.1 15.0 22.0 12.6 18 15.2                           
061648011014104417ドゥマイモナーク　　　　　　　　　　 57.3 12.6-10.0-13.2 -7.8 -3  0.0                           
061648011114102400テイエムボサノバ　　　　　　　　　　 33.5  7.8-10.0-16.4 -9.0 -4  0.0  0                        
061648011214103413シルバニアラブ　　　　　　　　　　　 89.0 19.2-10.4 -2.0 -3.9  1  0.0                           
061648011314100417ヴィーエンプレス　　　　　　　　　　  7.0  2.4  6.0 11.1  5.9 11  7.2  0                        
061648011414101295フレンドパリ　　　　　　　　　　　　 11.3  3.1  6.0 -1.5  1.3  6  0.0                           
061648011514105123プティトシャンティ　　　　　　　　　 12.7  3.4 20.0 -3.0  4.9 10  8.6  0                        
061648011614101737ハノハノボーイ　　　　　　　　　　　  5.7  2.0 15.0 23.3 13.0 18  0.0                           
061648020114102278マロンタキシード　　　　　　　　　　 22.0  5.0 -3.1 12.4  3.6  9  9.6B                          
061648020214101825ウインドブリバティ　　　　　　　　　 20.4  4.7 -7.6-18.3 -9.0 -4  0.0                           
061648020314102820コスモスピード　　　　　　　　　　　 11.7  3.0  8.1 12.1  6.9 12  7.2                           
061648020414100733マイネルスフェーン　　　　　　　　　  4.0  1.6 20.0 16.5 12.1 17 14.0                           
061648020514100705ピンキージョーンズ　　　　　　　　　 64.1 12.9 -6.1  2.5 -0.9  4  0.0                           
061648020614100405ミヤコギムレット　　　　　　　　　　 17.7  4.2-10.0-15.1 -8.5 -4  0.0                           
061648020714104074リパーカッション　　　　　　　　　　  3.8  1.6 15.1 24.8 13.6 19 12.8  2                        
061648020814100712ワインアンドダイン　　　　　　　　　 18.6  4.4 10.0  9.1  6.3 11  0.0                           
061648020914106024ディアマイラブ　　　　　　　　　　　 39.9  8.5-11.5-11.3 -7.6 -3  0.0                           
061648021014102360ジェイケイオジョウ　　　　　　　　　 17.1  4.1 -2.7  6.4  1.5  7 10.9A                          
061648021114104948セイユウルビー　　　　　　　　　　　 30.4  6.6-11.5-16.8 -9.6 -5  0.0  0                        
061648021214104801ミラドール　　　　　　　　　　　　　 23.6  5.3 -2.4 11.7  3.6  9  0.0                           
061648021314106309サクラサクコロ　　　　　　　　　　　 40.6  8.6 -9.8 -6.3 -5.3  0  0.0                           
061648021414105688コンボルド　　　　　　　　　　　　　  5.1  1.8 12.9 14.6  9.2 14 12.5                           
061648021514101421トーホウカンタール　　　　　　　　　  8.6  2.6  5.1  8.1  4.5  9  0.0  0                        
061648021614104342スカイヴォヤージュ　　　　　　　　　108.5 21.4-10.0-11.7 -7.3 -2  0.0                           
061648021714101747イノデラックス　　　　　　　　　　　 61.8 12.5-10.0 -9.3 -6.4 -1  0.0                           
061648030113106210セレナオーキッド　　　　　　　　　　 46.0  8.9-11.5 -2.7 -4.4  1  0.0                           
061648030213103674スリーミュージアム　　　　　　　　　  5.6  1.8  6.0 24.0 10.6 16 23.1                           
061648030313100266ビュウイモン　　　　　　　　　　　　  3.8  1.5 12.0 19.4 10.7 16  5.8                           
061648030413106045ヘキサゴン　　　　　　　　　　　　　 16.6  3.7  0.9  9.6  3.8  9  0.0                           
061648030513105958ゴールドビーズ　　　　　　　　　　　 60.7 11.2-13.6-14.6 -9.4 -4  0.0  0                        
061648030613102611フィガロズサン　　　　　　　　　　　 45.9  8.9-10.0-12.8 -7.7 -3  0.0                           
061648030713102482クリスティアーノ　　　　　　　　　　 88.3 16.1-11.5-11.5 -7.7 -3  0.0                           
061648030813105497アンジェリカス　　　　　　　　　　　 10.9  2.7  7.0  7.7  4.9 10  0.0                           
061648030913106039ダノンサーガ　　　　　　　　　　　　  3.1  1.4 16.9 18.7 11.9 17 12.8                           
061648031013104501レーヴドブラン　　　　　　　　　　　 27.3  5.5-10.0 -9.1 -6.3 -1 12.3                           
061648031113105854ルーナクレシェンテ　　　　　　　　　 33.1  6.6 -7.2-12.0 -6.6 -2  0.0                           
061648031213105886ルスデルソル　　　　　　　　　　　　 70.4 12.9-10.0 -4.7 -4.7  0  0.0                           
061648031313109097トミサト　　　　　　　　　　　　　　187.6 33.4-10.0-14.8 -8.4 -3  0.0                           
061648031413101294アイティターボ　　　　　　　　　　　 57.0 10.6-10.0  2.0 -2.3  3  0.0  3                        
061648031513105922アドマイヤテンホウ　　　　　　　　　 18.1  4.0 -7.7-12.0 -6.7 -2  0.0                           
061648031613105878レッドゼルク　　　　　　　　　　　　  4.9  1.7 15.0 13.7  9.5 15 12.5C                          
061648040114104484ラブパレード　　　　　　　　　　　　  8.0  2.3 10.0  4.0  4.5  4  7.2                           
061648040214110076メダーリアフレイム　　　　　　　　　  3.7  1.5 11.8 20.1 10.9 11  0.0  1  188   43              
061648040314103957ロードナカヤマ　　　　　　　　　　　  3.4  1.5 15.1 21.7 12.5 12 10.6                           
061648040414103663ブルベアマーテン　　　　　　　　　　 90.0 16.8-12.5 -8.1 -6.7 -7  0.0                           
061648040514101181ミラーブルーナイト　　　　　　　　　 56.9 10.8-10.0-19.1-10.0-10  0.0  0                        
061648040614103279モダンフォーチュン　　　　　　　　　  5.7  1.8 20.0  5.4  8.0  8 15.2                           
061648040714103986サンドベージュ　　　　　　　　　　　  7.3  2.2  5.4 20.9  9.3  9 16.3                           
061648040814101859サンラスベガス　　　　　　　　　　　 13.2  3.1 -2.4 13.2  4.1  4  7.7                           
061648040914100404プリンスオブサクラ　　　　　　　　　 53.0 10.4-10.0 -7.6 -5.8 -6  0.0                           
061648041014104656トツゼンノサヨナラ　　　　　　　　　 61.1 11.6-11.4-10.4 -7.2 -7  0.0                           
061648041114103156ベイビーステップ　　　　　　　　　　 13.5  3.2 10.1 -3.9  1.6  2 11.6A                          
061648041214104035ブロンドブリランテ　　　　　　　　　 68.0 12.8-10.0 -2.0 -3.7 -4  0.0                           
061648041314101573デリツィエ　　　　　　　　　　　　　 13.8  3.2 -1.1 -8.9 -3.6 -4  0.0                           
061648041414101291ビップアンフィル　　　　　　　　　　 25.3  5.3 -6.0 -3.6 -3.1 -3  0.0                           
061648041514109024オシノイッテ　　　　　　　　　　　　 91.4 17.0-11.5-11.3 -7.6 -8  0.0                           
061648050114101029スーパーブレイク　　　　　　　　　　  6.3  2.1  4.2 11.1  5.3  5  0.0                           
061648050214105251プレゼンス　　　　　　　　　　　　　 23.7  5.4-10.0-13.2 -7.8 -8  0.0                           
061648050314104975ビジョッテ　　　　　　　　　　　　　  7.6  2.4 15.2 10.8  8.5  9  6.8                           
061648050414100825ショットザバニティ　　　　　　　　　 12.1  3.1 -1.4-11.7 -4.7 -5  0.0                           
061648050514105199ムックン　　　　　　　　　　　　　　  7.3  2.3  0.5 16.9  6.3  6  6.2B                          
061648050614106187フェールデクール　　　　　　　　　　 11.5  3.0  7.4 13.5  7.2  7 11.6                           
061648050714102084ジェントルレイン　　　　　　　　　　  9.2  2.7  0.9 29.6 11.1 11  7.2                           
061648050814105338オールザゴー　　　　　　　　　　　　  3.0  1.5 25.1 25.0 16.7 17 18.1  2                        
061648050914105148マジックバラード　　　　　　　　　　 43.1  9.3-11.5-10.7 -7.4 -7  0.0                           
061648051014104265ツヅク　　　　　　　　　　　　　　　 13.3  3.4  2.6 -9.1 -2.6 -3 13.0                           
061648051114103901ウイントリニティー　　　　　　　　　 10.7  2.8-10.0  5.8 -0.9 -1  7.7                           
061648051214100812アンヴェルス　　　　　　　　　　　　 48.3 10.4 -9.4-11.5 -7.0 -7  0.0                           
061648051314104708ゴッドスティード　　　　　　　　　　 44.0  9.5 -7.6-11.5 -6.5 -6  0.0                           
061648051414103769トラフィックブルー　　　　　　　　　 33.6  7.4 -4.4 -6.3 -3.6 -4  0.0                           
061648060113103929ナッツスター　　　　　　　　　　　　 70.4 13.7-11.5-12.4 -8.0 12  0.0                           
061648060213102278フェルクレール　　　　　　　　　　　  3.5  1.5 14.7 23.5 13.0 33 10.6                           
061648060312104026ザハッピエスト　　　　　　　　　　　 13.0  3.2  0.7  7.8  3.1 23 10.9  2                        
061648060413105767シャインレッド　　　　　　　　　　　 21.9  4.8 -0.2  7.0  2.5 23  0.0                           
061648060513100218ルグランシェクル　　　　　　　　　　 36.9  7.7-10.3-12.4 -7.6 12  0.0  0                        
061648060612101355スペチアーレ　　　　　　　　　　　　  3.9  1.5 12.0 17.5 10.0 30 14.0                           
061648060713101901マイネルパッセ　　　　　　　　　　　 12.9  3.1  6.2 21.2  9.6 30  7.2  1  264   40              
061648060812104730デュアルメジャー　　　　　　　　　　 23.3  5.1 -4.0 16.9  5.0 25  0.0                           
061648060912102059スズカブレーン　　　　　　　　　　　 24.3  5.3-10.4 20.0  4.2 24  0.0                           
061648061011109147クラウンデュナミス　　　　　　　　　 57.5 11.3-11.5 -9.8 -7.0 13  0.0                           
061648061113102916ニシノハレブタイ　　　　　　　　　　 19.8  4.5-10.0 -0.4 -3.1 17  8.6  5                        
061648061212104490アンジェリー　　　　　　　　　　　　 16.3  3.8  5.2 -2.4  0.7 21  0.0                           
061648061313102951ウェーニーウィキー　　　　　　　　　 42.6  8.8 -7.6 -9.9 -5.9 14  0.0                           
061648061413106425ハートイズハート　　　　　　　　　　  9.0  2.6 -2.3 21.0  7.0 27  0.0  1  285   50              
061648061513105594ナンヨーアミーコ　　　　　　　　　　  4.7  1.7 15.0 11.3  8.6 29 15.2                           
061648070113105740キングズミッション　　　　　　　　　 24.8  5.6-10.0 -4.7 -4.7 15  0.0  0                        
061648070213100471フジマサスペシャル　　　　　　　　　 30.3  6.7-11.5-12.0 -7.8 12  0.0                           
061648070313105498スウィフトレイド　　　　　　　　　　  4.4  1.7 20.9 27.8 16.5 36 21.4  1  157   51              
061648070412102604コスモボアソルテ　　　　　　　　　　 14.1  3.5  3.8  6.3  3.5 23  0.0                           
061648070512104556モンドアルジェンテ　　　　　　　　　  4.1  1.6 15.7 15.8 10.5 31 19.8                           
061648070612101593ディマンズ　　　　　　　　　　　　　 84.2 17.1 -7.6-12.2 -6.8 13  0.0                           
061648070712105238エメラルエナジー　　　　　　　　　　 12.8  3.3 -2.7 13.4  4.1 24  7.2                           
061648070812102301ロードシャリオ　　　　　　　　　　　  4.0  1.6 11.4 12.9  8.1 28  0.0                           
061648070912100009ヴァッハウ　　　　　　　　　　　　　 35.0  7.7 -4.4-11.3 -5.5 15 15.0                           
061648071013102342マサノジェット　　　　　　　　　　　 13.1  3.3 20.7 12.7 10.9 31  7.7                           
061648071113100946ミラクルウィング　　　　　　　　　　 89.0 18.0-10.0 -9.7 -6.6 13  0.0                           
061648071211104443アンリキャトル　　　　　　　　　　　  6.9  2.2  6.9  9.5  5.6 26  0.0                           
061648071312106164セイウンアサヒ　　　　　　　　　　　 28.3  6.3-11.4-11.5 -7.6 12  0.0                           
061648071412104372デュアルフレイム　　　　　　　　　　 43.9  9.5-11.5 -7.9 -6.3 14  0.0                           
061648071512101380アキトプレスト　　　　　　　　　　　 49.8 10.6-10.0-17.9 -9.6 10  0.0  0                        
061648071612105420ノースランドボーイ　　　　　　　　　 20.5  4.9  6.0 -0.6  1.6 22  0.0  0                        
061648080113103671ヨシオ　　　　　　　　　　　　　　　  6.6  2.4 15.8 12.6  9.4 39 15.2  3                        
061648080211110107シャラク　　　　　　　　　　　　　　 35.6  8.8 -7.4-12.2 -6.7 23  0.0                           
061648080312109217スティンライクビー　　　　　　　　　  5.1  2.0  8.7 11.1  6.7 37 10.6                           
061648080411103403ヴェアリアスサマー　　　　　　　　　 53.0 12.7-11.5 -9.1 -6.8 23  0.0                           
061648080511100906サニーデイズ　　　　　　　　　　　　 16.1  4.4-10.0  4.1 -1.5 29  0.0                           
061648080610101326タッチシタイ　　　　　　　　　　　　 13.9  3.9  7.5  0.2  2.3 32  0.0  0                        
061648080711109118ウインヴォイジャー　　　　　　　　　 92.0 21.1-11.5-11.5 -7.7 22  0.0                           
061648080813100708ノーモアゲーム　　　　　　　　　　　  7.6  2.6  6.0 20.6  9.4 39 18.6C 5                        
061648080911104856サウスキング　　　　　　　　　　　　 60.1 14.0-10.0-12.3 -7.5 22  0.0                           
061648081011103635チーフアセスメント　　　　　　　　　 13.6  3.8-12.5 -3.9 -5.2 25  0.0                           
061648081111106508チュウワベイビー　　　　　　　　　　 13.4  3.8 -6.2-11.8 -6.2 24  0.0                           
061648081212102736ウサギノカケアシ　　　　　　　　　　 52.1 12.5-10.0  6.9 -0.5 30 15.7                           
061648081310105237エムエムアリオーン　　　　　　　　　 21.5  5.6 -7.7 -9.9 -5.9 24  0.0                           
061648081412110028ウォリアーズソウル　　　　　　　　　  7.3  2.6  8.7 17.5  9.0 39  0.0                           
061648081512110089サウンドジャンゴ　　　　　　　　　　  7.1  2.5-10.0  8.8  0.2 30  6.7A 5                        
061648081613101169ビービーサレンダー　　　　　　　　　  5.6  2.1 12.1 16.1  9.5 40  5.8                           
061648090114104833キューバンマンボ　　　　　　　　　　 23.8  4.5-10.0  4.5 -1.4 19  0.0                           
061648090214100110オレンジポピー　　　　　　　　　　　 85.1 14.2-11.5 -9.3 -6.9 13  0.0                           
061648090314102161カリビアンゴールド　　　　　　　　　 12.0  2.7 20.0 14.8 11.4 31  0.0                           
061648090414101705ライズスクリュー　　　　　　　　　　 33.2  6.1-11.4 -9.8 -7.0 13  0.0                           
061648090514102322ニシノキララコ　　　　　　　　　　　 38.6  7.0-11.5-16.5 -9.5 10  0.0  0                        
061648090614102119トーホウアイレス　　　　　　　　　　  9.4  2.4  6.0  9.2  5.2 25  7.2  5                        
061648090714100728クイントゥープル　　　　　　　　　　 31.5  5.8-10.0-10.4 -6.8 13  0.0                           
061648090814105156サクセスムーン　　　　　　　　　　　 17.5  3.6  1.3  3.3  1.6 22  0.0                           
061648090914105713ペイドメルヴェイユ　　　　　　　　　  8.3  2.2  8.8  6.5  5.0 25  0.0                           
061648091014101550アピールバイオ　　　　　　　　　　　  5.1  1.6 16.5 22.7 13.3 33 15.2  5                        
061648091114105785アエロリット　　　　　　　　　　　　  2.9  1.3 16.5 18.1 11.6 32 18.1                           
061648091214105747アンバーミニー　　　　　　　　　　　  3.3  1.4 15.0 30.1 15.5 36 19.8  2                        
061648100110103901サクラディソール　　　　　　　　　　 19.3  4.4 -6.8  6.6  0.4 30  0.0                           
061648100211104884タカラジャンヌ　　　　　　　　　　　 50.9 10.3-11.4 -3.9 -4.8 25  0.0                           
061648100311105905スズカプリオール　　　　　　　　　　100.7 19.3-11.5-20.0-10.8 19  0.0                           
061648100411104888タカラジェニファ　　　　　　　　　　112.3 21.5-10.4-12.6 -7.7 22  0.0  0                        
061648100513105833ダノンアイリス　　　　　　　　　　　  2.8  1.4 15.6 18.1 11.3 41 18.1                           
061648100612100411フクノグローリア　　　　　　　　　　 30.5  6.5 -4.1 -7.9 -4.1 26  0.0                           
061648100711101774アペルトゥーラ　　　　　　　　　　　 10.7  2.7 11.5 11.4  7.6 38  6.7                           
061648100811102512サーストンコラルド　　　　　　　　　 16.7  3.9 -7.1 -3.2 -3.3 27  0.0                           
061648100911101225ブラウンカイ　　　　　　　　　　　　 15.3  3.6-10.0  7.4 -0.3 30  0.0                           
061648101013104606ペイシャフェリシタ　　　　　　　　　  5.4  1.9 15.9 19.1 11.8 42 14.0  2                        
061648101111100582ハピネス　　　　　　　　　　　　　　  6.6  2.1 15.5 12.7  9.3 39  6.3                           
061648101211100647オートクレール　　　　　　　　　　　 20.0  4.5 -7.2  5.6 -0.1 30  0.0  5                        
061648101312102116ペイシャオブロー　　　　　　　　　　 14.8  3.5  4.5-18.8 -5.5 24  0.0  0                        
061648101413101058キタサンガンバ　　　　　　　　　　　 14.9  3.5-10.0 -2.2 -3.8 26  7.7                           
061648101511102827イーグルアモン　　　　　　　　　　　 17.0  4.0  0.6  7.3  2.9 33  0.0  5                        
061648101613110048エリシェヴァ　　　　　　　　　　　　 18.2  4.2  7.5  2.0  3.0 33 13.7                           
061648110111103328ビッグアーサー　　　　　　　　　　　  2.2  1.3 20.2 21.0 13.8 74 17.4                           
061648110213101835ブランボヌール　　　　　　　　　　　 15.3  3.5 -4.3 -3.6 -2.6 57  8.3  5                        
061648110310100690ティーハーフ　　　　　　　　　　　　 36.7  7.4 -7.5 -6.4 -4.6 55  0.0                           
061648110413105357ソルヴェイグ　　　　　　　　　　　　 37.1  7.4 -5.0  5.6  0.6 61  0.0                           
061648110513100783シュウジ　　　　　　　　　　　　　　 12.4  3.0 13.9 15.9 10.0 70  0.0                           
061648110611101395ベルカント　　　　　　　　　　　　　 27.2  5.6 -7.5  9.4  1.2 61  0.0                           
061648110708104268スノードラゴン　　　　　　　　　　　 27.1  5.6-10.0  7.6 -0.2 60  0.0  5                        
061648110808101031サクラゴスペル　　　　　　　　　　　 28.8  5.9-11.5-11.0 -7.5 53  0.0                           
061648110911102913サトノルパン　　　　　　　　　　　　 47.8  9.4 -8.2-16.2 -8.4 52  0.0                           
061648111010101775レッドアリオン　　　　　　　　　　　 46.6  9.2 -3.1 -1.9 -1.6 58  0.0                           
061648111110103303ダンスディレクター　　　　　　　　　  8.4  2.4  7.6 10.8  6.2 66 11.8                           
061648111212102095レッツゴードンキ　　　　　　　　　　 11.7  2.8 -0.5  5.5  1.9 62  0.0                           
061648111311104416レッドファルクス　　　　　　　　　　  8.1  2.4 10.1 21.9 11.1 71  5.8                           
061648111410104042ウリウリ　　　　　　　　　　　　　　 18.9  4.2 -8.6 -7.7 -5.4 55  0.0                           
061648111511103916ミッキーアイル　　　　　　　　　　　  8.6  2.4  4.1  7.7  4.1 64  4.8                           
061648111611103722ネロ　　　　　　　　　　　　　　　　 24.2  5.1 -7.3 -0.9 -2.5 57 20.7                           
061648120111104311イントロダクション　　　　　　　　　  5.6  2.1 11.1 17.1  9.6 45 14.0                           
061648120213101999ロンドンタウン　　　　　　　　　　　  6.8  2.4 -2.1  9.8  3.0 38  7.2                           
061648120312105979パワーポケット　　　　　　　　　　　 24.7  6.4 -4.8  7.3  1.2 36  0.0                           
061648120412101970ワトソンクリック　　　　　　　　　　 38.2  9.5-10.0-14.8 -8.4 27  0.0                           
061648120510100034コアレスキング　　　　　　　　　　　 16.2  4.5-10.0  7.9 -0.1 35  0.0                           
061648120612104019センチュリオン　　　　　　　　　　　 13.9  3.9 -5.6 11.6  2.6 38 21.0                           
061648120712102897スズカリバー　　　　　　　　　　　　 91.7 21.3-10.4-12.6 -7.7 27  0.0  0                        
061648120810103292スノーモンキー　　　　　　　　　　　  6.5  2.4-10.0 12.0  1.4 36  0.0                           
061648120912105988クラウンシャイン　　　　　　　　　　  6.9  2.5  2.3 12.7  5.3 40  7.7                           
061648121011102186コスモカウピリ　　　　　　　　　　　 50.0 12.2-10.0 -9.7 -6.6 28  0.0                           
061648121111110093アースコネクター　　　　　　　　　　 40.7 10.1 10.0-14.6 -2.4 33  0.0  0                        
061648121210103834ミエノワンダー　　　　　　　　　　　  9.0  3.0  4.4 -2.8  0.3 35  0.0                           
061648121313106218カラクプア　　　　　　　　　　　　　  5.9  2.2 16.0 10.3  8.6 44 15.1                           
061648121411104489クライスマイル　　　　　　　　　　　  5.5  2.1-10.0 15.7  2.8 38  5.3                           
061648121509103929トウショウギフト　　　　　　　　　　 75.0 17.5-10.4-16.5 -9.2 26  0.0  0                        
061648121609105834グッドマイスター　　　　　　　　　　 63.2 14.9-12.5-16.9 -9.9 25  0.0  0                        
091648010114100128テイエムチェロキー　　　　　　　　　  9.5  2.5  7.0  5.4  4.2  9  0.0                           
091648010214104562アイファータキオン　　　　　　　　　 86.4 14.8 -8.5-16.8 -8.2 -3  0.0  0                        
091648010314109006トミケンナプロスト　　　　　　　　　 47.5  8.6 -7.9-14.0 -7.1 -2  0.0                           
091648010414103639ダンツシリアス　　　　　　　　　　　 16.1  3.4 -0.5 10.5  3.0  8  7.8                           
091648010514104587テイエムアニマンテ　　　　　　　　　 25.9  5.0 -3.2 -8.1 -3.6  1 16.4  0                        
091648010614101146エスシーエイト　　　　　　　　　　　  5.4  1.7 16.2  5.9  7.7 13 18.6                           
091648010714104280ホウロクダマ　　　　　　　　　　　　 17.3  3.6  0.3-13.2 -3.8  1  0.0  0                        
091648010814100518タガノビッググッド　　　　　　　　　 69.0 11.9-11.1 -7.7 -6.4 -1 14.4                           
091648010914103519メタルソース　　　　　　　　　　　　 32.1  6.0 -8.5-10.6 -6.3 -1  0.0                           
091648011014102844メイショウテンセイ　　　　　　　　　  2.9  1.3 16.3  2.4  6.7 12 17.4                           
091648011114103816メイショウオクヒダ　　　　　　　　　  8.7  2.3  8.0  4.1  4.2  9  4.8                           
091648011214100470ミルトプリンス　　　　　　　　　　　 42.4  7.8-11.1-13.2 -8.0 -3  0.0  0                        
091648011314102073タマモサザンクロス　　　　　　　　　 40.1  7.4-11.7-15.6 -9.0 -4  0.0                           
091648011414109132シゲルツキノワグマ　　　　　　　　　 99.9 17.0-11.1-14.4 -8.4 -3  0.0  0                        
091648011514103514パワフルヒロコ　　　　　　　　　　　  3.4  1.4 11.3 25.9 11.9 17  5.9  1  165   50              
091648011614105094ユメニカケル　　　　　　　　　　　　 45.6  8.3-10.8-11.6 -7.4 -2  0.0                           
091648020114102918タキシードネコ　　　　　　　　　　　 40.6  5.7 -9.2 -8.6 -6.0 -1  0.0                           
091648020214106047ピスカデーラ　　　　　　　　　　　　  9.3  2.0  9.6 17.6  8.8 14 13.2                           
091648020314103752テイエムナナフク　　　　　　　　　　 47.3  6.6-11.7-15.2 -8.9 -4  0.0  0                        
091648020414100535レッドクライム　　　　　　　　　　　  5.0  1.4 13.8 14.3  9.4 14 19.0                           
091648020514100239ワンダラスサイト　　　　　　　　　　 27.6  4.1 -6.3 -6.2 -4.2  1  0.0                           
091648020614102305ダンツブレーブ　　　　　　　　　　　 34.8  5.0 -6.6-11.1 -5.8 -1  0.0                           
091648020714106083スワーヴリチャード　　　　　　　　　  1.6  1.2 21.8 32.5 17.7 23 15.4  1  190   47              
091648020814101917マテラフィールド　　　　　　　　　　  5.6  1.5 12.8 11.7  8.2 13 20.5                           
091648020914104024アスタークライ　　　　　　　　　　　 13.7  2.4  9.8 -0.3  3.5  9  5.1  0                        
091648021014104426マイネルシルバリー　　　　　　　　　 15.2  2.6  6.7  7.7  4.8 10  0.0                           
091648030113102886スカイノメジャー　　　　　　　　　　  7.0  2.0  9.6  0.3  3.6  9 12.7                           
091648030213104141ダンスウィズミー　　　　　　　　　　  5.6  1.8 14.3  5.4  6.9 12  7.2                           
091648030313100858キョウエイブレイン　　　　　　　　　145.8 23.7-11.1 -3.5 -5.1  0  0.0                           
091648030413100392ライドオンザムーン　　　　　　　　　 29.8  5.5 -8.5 -7.7 -5.4  0  6.5                           
091648030513105240シーオーク　　　　　　　　　　　　　 11.2  2.5 10.5  6.3  5.7 11 22.4                           
091648030613100754クリノアンボワーズ　　　　　　　　　 78.1 13.0-11.1-19.7-10.0 -5  0.0  0                        
091648030713101158ストレイン　　　　　　　　　　　　　 30.6  5.6 -1.4 -7.8 -2.9  2  0.0                           
091648030813100428アネモイ　　　　　　　　　　　　　　 11.0  2.5  3.1  7.0  3.2  8  9.0                           
091648030913101791ヤマニンブルネット　　　　　　　　　 45.4  8.1-11.1 -2.8 -4.9  0  0.0                           
091648031013106020リュラ　　　　　　　　　　　　　　　 10.7  2.4  6.3  8.8  4.9 10  4.8                           
091648031113103161メイショウザイル　　　　　　　　　　 22.2  4.3 -9.4 -2.6 -4.2  1  0.0                           
091648031213105931デューズワイルズ　　　　　　　　　　  2.1  1.2 17.9 33.1 16.5 21 17.4  1  188   48              
091648031313106167ハッピーチャンス　　　　　　　　　　 50.0  8.8  1.3  4.0  1.7  7  0.0                           
091648031413100367ウォーターサルーン　　　　　　　　　 36.1  6.5 -8.5-14.5 -7.5 -2  0.0  0                        
091648031513105267クールフォルム　　　　　　　　　　　 26.6  5.0-11.7-20.0-10.3 -5  0.0                           
091648031613100380ワンダーラスト　　　　　　　　　　　 52.0  9.1-11.1-10.7 -7.3 -2  0.0                           
091648040109100583ラスカルトップ　　　　　　　　　　　  2.4  1.2 20.4 10.9 10.8 11 17.4                           
091648040212105581メイショウメイザン　　　　　　　　　  2.4  1.3 21.1 24.5 15.1 15 15.0                           
091648040312103119グランドデザイン　　　　　　　　　　  3.6  1.7 14.8 20.8 11.7 12 20.5                           
091648040411100637テイエムオドロキ　　　　　　　　　　 15.3  5.8-10.0  5.4 -2.0 -2  5.1                           
091648040513101316オリエンタルイギー　　　　　　　　　 12.5  4.8  9.7 -8.1  1.1  1  6.9                           
091648040611101882ラテラルアーク　　　　　　　　　　　 16.5  6.3  4.1-11.6 -2.0 -2  0.0                           
091648040712101039ガンマーフォンテン　　　　　　　　　 24.2  8.9 -9.7 -7.6 -5.8 -6 10.2                           
091648050114103515メイショウタンヅツ　　　　　　　　　 42.1  8.2-11.1-15.6 -8.8 -9  0.0                           
091648050214103041エイシンプロング　　　　　　　　　　 13.9  3.2  8.1 12.3  6.7  7  6.2                           
091648050314105380アグネスヒテン　　　　　　　　　　　 11.0  2.7 -5.5  7.3  0.2  0 13.6                           
091648050414105121シゲルジャッカル　　　　　　　　　　 32.8  6.5 -7.9-13.1 -6.8 -7  0.0  0                        
091648050514101228アットザトップ　　　　　　　　　　　  2.9  1.4 17.3 18.9 12.0 12  9.2                           
091648050614105120シゲルムササビ　　　　　　　　　　　 40.4  7.9 -5.2 -8.4 -4.4 -4  0.0  0                        
091648050714104234キンシノスパーク　　　　　　　　　　 12.3  2.9-10.3  0.2 -3.7 -4  7.8                           
091648050814101541プラチナバイオ　　　　　　　　　　　 12.8  3.0  3.3  7.7  3.5  4 10.2                           
091648050914103688ハニーフェイバー　　　　　　　　　　 39.6  7.8 -7.7-11.5 -6.3 -6  0.0                           
091648051014102893プンメリン　　　　　　　　　　　　　  6.8  2.1  5.8  2.2  2.8  3  6.4                           
091648051114101072アイアンヒナマツリ　　　　　　　　　 28.7  5.8 -5.1-11.5 -5.3 -5  0.0                           
091648051214105214ドナル　　　　　　　　　　　　　　　 25.1  5.2 -8.5-14.2 -7.4 -7  0.0                           
091648051314102505テイルバック　　　　　　　　　　　　  9.3  2.5  0.7  5.9  2.0  2 15.3                           
091648051414103321エイドローン　　　　　　　　　　　　  4.1  1.6  8.6 33.1 13.1 13 13.1  1  188   48              
091648060113105963トリプライト　　　　　　　　　　　　  5.5  1.8 11.0  9.4  6.9 27  0.0                           
091648060211101138サンレイフレンチ　　　　　　　　　　 31.5  6.1-11.1 -2.8 -4.9 15  0.0                           
091648060313100482スラップスティック　　　　　　　　　 49.6  9.3-11.1-20.0-10.1 10  0.0                           
091648060411101806エヴォリューション　　　　　　　　　  8.6  2.4  8.7  5.2  4.8 25 12.7                           
091648060511102051アイファーマシェリ　　　　　　　　　 62.2 11.1-11.1-16.8 -9.1 11  0.0  0                        
091648060613100419オースミハナチャン　　　　　　　　　 23.9  4.8 -3.5-12.8 -5.1 15  0.0                           
091648060712102849メイショウナゴミ　　　　　　　　　　 15.3  3.4  3.4 19.3  7.0 27 18.5                           
091648060811105804メイショウサルーテ　　　　　　　　　 12.3  2.8 14.2  7.9  7.6 28  5.1                           
091648060913105802クレスクント　　　　　　　　　　　　 46.1  8.7-11.1 -9.9 -7.0 13  0.0                           
091648061013105791ジャーマンアイリス　　　　　　　　　  6.4  1.9 12.0 15.8  9.1 29 12.7                           
091648061112104604パラダイスリッジ　　　　　　　　　　 48.4  9.1 -7.9-11.7 -6.4 14  0.0                           
091648061212104887サブトゥエンティ　　　　　　　　　　 24.4  4.9-10.3 -1.8 -4.3 16 11.4A                          
091648061312103663ビスカリア　　　　　　　　　　　　　  2.3  1.3 19.5 22.2 13.8 34 17.4C                          
091648061412101809バイオレットフィズ　　　　　　　　　 30.5  5.9 -8.0 -6.8 -5.0 15  6.9                           
091648061512101348バルビーナ　　　　　　　　　　　　　 14.0  3.1  2.2  7.7  3.1 23  0.0                           
091648061612105360ヴァローア　　　　　　　　　　　　　 64.2 11.5 -7.9 -6.7 -4.9 15  0.0                           
091648070113101249ウインテンダネス　　　　　　　　　　 23.0  5.1 -8.6 18.0  2.2 22  9.8                           
091648070212103980クィーンチャーム　　　　　　　　　　  5.4  1.9  9.7 13.3  7.5 28 10.0                           
091648070313103305ゴールドインゴット　　　　　　　　　  6.6  2.1  6.1 10.6  5.4 25  4.5  0                        
091648070413102878ノアビジン　　　　　　　　　　　　　 68.7 13.5-11.1-11.1 -7.4 13  0.0                           
091648070511103688フォルシャー　　　　　　　　　　　　  2.9  1.4 17.6 13.9 10.6 31 15.4                           
091648070613101028ウォーターミリオン　　　　　　　　　 93.7 18.2-10.8-11.6 -7.4 13  0.0                           
091648070713102021ルドルフィーナ　　　　　　　　　　　 20.9  4.8 -8.5-12.0 -6.7 13  0.0                           
091648070813101887ラスイエットロス　　　　　　　　　　 20.3  4.6 -0.3-14.0 -4.3 16  0.0                           
091648070913105476マルカブリスク　　　　　　　　　　　 17.7  4.1  3.4  0.9  1.5 22  0.0                           
091648071013106066クロークス　　　　　　　　　　　　　 36.5  7.7-10.8-14.7 -8.4 12  0.0                           
091648071112106426タツゴウゲキ　　　　　　　　　　　　 20.6  4.7  0.0 12.1  3.6 24  0.0                           
091648071212105498メイショウミツボシ　　　　　　　　　 24.0  5.3 -3.2 -2.6 -2.0 18  0.0                           
091648071312104517アドマイヤスター　　　　　　　　　　 25.7  5.6 -6.8-11.0 -5.8 14  0.0  0                        
091648071413106181エールデュレーヴ　　　　　　　　　　 17.2  4.0  3.0-11.1 -2.2 18 16.3                           
091648071512104691エアルシアン　　　　　　　　　　　　 23.9  5.3 -7.1 -0.2 -2.7 17  0.0                           
091648071612106095チャップリン　　　　　　　　　　　　 37.9  8.0-11.1 -9.2 -6.8 13 15.0                           
091648071712103942レーヌドブリエ　　　　　　　　　　　  7.5  2.3  7.5 11.3  6.1 26 15.3                           
091648071811102340ブルーフラッシュ　　　　　　　　　　 48.4 10.0-11.7-10.3 -7.4 13  0.0                           
091648080113102178ヤマイチファミリー　　　　　　　　　 16.0  3.4 -2.6  6.3  0.9 21  8.8                           
091648080212102486コンクエストシチー　　　　　　　　　 29.9  5.6 -8.5 -6.2 -5.0 15  0.0                           
091648080313102315ロードレグナム　　　　　　　　　　　 52.4  9.4-11.1-14.8 -8.5 11  0.0                           
091648080413103738メイショウノボサン　　　　　　　　　 14.5  3.1 -1.6 11.1  2.7 23  5.5                           
091648080513102876セレッソプリマベラ　　　　　　　　　 31.8  6.0 -7.7-10.5 -6.0 14  0.0                           
091648080612103768ヤサカナンティー　　　　　　　　　　 12.0  2.7  5.7  8.5  4.6 25  0.0                           
091648080712100657ヨドノナイト　　　　　　　　　　　　 11.8  2.7  3.3 10.3  4.3 24  6.4                           
091648080812101961クリノスーアンコー　　　　　　　　　 18.5  3.8 -1.7 12.2  3.0 23  0.0                           
091648080912106224ケンブリッジゼウス　　　　　　　　　 14.7  3.2  4.8 13.8  5.9 26  0.0                           
091648081013100711ナムラミラクル　　　　　　　　　　　 46.0  8.3 -9.1 -9.0 -6.0 14  0.0                           
091648081113105015スリーパスポート　　　　　　　　　　 48.2  8.7 -5.2 -1.1 -2.2 18  0.0                           
091648081212103951テイケイラピッド　　　　　　　　　　 30.1  5.7 -7.5-14.0 -6.9 13 10.3                           
091648081312105282モアザンイナフ　　　　　　　　　　　 37.3  6.9 -8.5  6.3 -1.2 19 13.8                           
091648081413105554レッドヴェルサス　　　　　　　　　　  2.4  1.3 19.0 18.3 12.5 32 15.4                           
091648081511104094ライザン　　　　　　　　　　　　　　 14.2  3.1-11.1-14.0 -8.3 12 14.1                           
091648081612103207ミトノゴールド　　　　　　　　　　　  4.3  1.6 12.7 19.4 10.5 30 13.1  1  185   56              
091648090113106019シュペルミエール　　　　　　　　　　  4.3  1.6 19.3  9.1  9.8 40  5.9                           
091648090209103736スリーヴェローチェ　　　　　　　　　 17.0  4.0 -1.5-12.8 -4.4 26  0.0                           
091648090313105681スワーヴアーサー　　　　　　　　　　  3.3  1.5 17.5 23.7 13.5 44  9.2  1  190   47              
091648090413110087ゴルディオン　　　　　　　　　　　　 48.5  9.9-11.1-12.9 -7.9 22  0.0                           
091648090511101038エアカーディナル　　　　　　　　　　  5.5  1.9 10.5 14.5  8.2 38 12.7                           
091648090613105652サトノエトワール　　　　　　　　　　  6.9  2.1  9.5  9.4  6.3 36 16.3                           
091648090713102596ヴォージュ　　　　　　　　　　　　　 15.5  3.7  6.8  6.9  4.6 35 10.2                           
091648090811101042スズカビスタ　　　　　　　　　　　　 36.6  7.7-11.1  2.7 -3.3 27  0.0                           
091648090912102740デンコウインパルス　　　　　　　　　 15.4  3.6 -2.8  7.9  1.3 31  5.5                           
091648091011104456サトノバリアント　　　　　　　　　　 43.2  8.9-11.1-10.5 -7.2 23  0.0                           
091648091111103559ダンディーズムーン　　　　　　　　　 35.6  7.5-10.8-15.1 -8.5 22  0.0  0                        
091648091211101513ケージーキンカメ　　　　　　　　　　 44.8  9.2 -8.5-13.0 -7.0 23  0.0  0                        
091648091312104637エトランドル　　　　　　　　　　　　  5.2  1.8 10.0 15.5  8.3 38 20.5  3                        
091648100112100528タガノアザガル　　　　　　　　　　　 37.0  7.1 -7.9-11.6 -6.4 29  0.0                           
091648100211101002クリノコマチ　　　　　　　　　　　　 64.4 11.6 -9.7-10.3 -6.6 28  0.0                           
091648100313103167キーナンバー　　　　　　　　　　　　 12.1  2.8  1.8 12.9  4.5 40 17.4                           
091648100411103009デンコウウノ　　　　　　　　　　　　 32.0  6.2 -8.5 -4.6 -4.5 31  0.0                           
091648100513100339オーヴィレール　　　　　　　　　　　  7.4  2.1  3.4 16.5  6.2 41 15.3                           
091648100610102252クリノタカラチャン　　　　　　　　　 92.4 16.3 -9.7-10.3 -6.6 28  0.0                           
091648100712110038フィドゥーシア　　　　　　　　　　　  7.2  2.1  8.9 19.4  9.1 44 12.7                           
091648100813101476レーヴムーン　　　　　　　　　　　　  2.5  1.3 20.6 24.4 14.9 50 17.4                           
091648100912110051イッテツ　　　　　　　　　　　　　　 14.2  3.2 -9.7  7.7 -1.2 34  0.0                           
091648101011103111モズハツコイ　　　　　　　　　　　　  4.6  1.7 15.5  6.3  7.6 43  9.2                           
091648101113106291メイショウスイヅキ　　　　　　　　　  9.1  2.5  8.5 13.8  7.3 42  0.0                           
091648101210104732モンマックス　　　　　　　　　　　　 51.0  9.5 -9.7-10.3 -6.6 28  0.0                           
091648101311100157サンシカゴ　　　　　　　　　　　　　 83.6 14.8 -8.5-11.6 -6.6 28  0.0                           
091648101410101496レディー　　　　　　　　　　　　　　 78.9 14.0-15.0-14.8 -9.9 25  0.0                           
091648101511100740メイショウブイダン　　　　　　　　　 15.4  3.4 -1.1 13.4  3.6 39  6.2                           
091648101611105841フクノドリーム　　　　　　　　　　　 67.5 12.1 -9.7 -4.4 -4.9 30  0.0                           
091648110108101718メイショウヤタロウ　　　　　　　　　 26.5  5.1-11.7-12.5 -8.0 37  0.0  0                        
091648110213106118ブラックスピネル　　　　　　　　　　  2.1  1.2 19.0 24.1 14.2 59 15.4                           
091648110309105407シベリアンスパーブ　　　　　　　　　 12.3  2.8  5.8  1.1  2.5 47  0.0                           
091648110410100356テイエムイナズマ　　　　　　　　　　  5.8  1.8  7.8 13.3  6.8 52 17.2                           
091648110511103610タガノエトワール　　　　　　　　　　 31.6  5.9 -6.3 -0.9 -2.6 42  0.0                           
091648110610105896マイネルホウオウ　　　　　　　　　　 26.6  5.1 -9.7 -8.4 -6.1 39  0.0                           
091648110711105236マイネルアウラート　　　　　　　　　 28.1  5.4 -9.7-10.3 -6.6 38 10.8                           
091648110809102620ゴールデンナンバー　　　　　　　　　 21.8  4.3  5.8  0.4  2.2 47  0.0                           
091648110911101188マテンロウボス　　　　　　　　　　　  6.3  1.9  6.3-11.6 -1.2 44  4.5                           
091648111010105904ワキノブレイブ　　　　　　　　　　　 21.8  4.3 -8.5-14.0 -7.3 38  0.0                           
091648111110105925ウインプリメーラ　　　　　　　　　　 13.8  3.0  1.0  9.1  3.1 48 16.4                           
091648111211106372クラリティシチー　　　　　　　　　　 31.5  5.9 -9.7 -1.8 -4.1 41  0.0                           
091648111311102236ダンツキャンサー　　　　　　　　　　 19.2  3.9 -1.4 14.3  3.8 49 18.5                           
091648111411100497リーサルウェポン　　　　　　　　　　 16.1  3.4  3.3  0.1  1.2 46  0.0                           
091648120111101180ウエスタンパレード　　　　　　　　　 49.1  8.7-11.1 -9.5 -6.9 23  0.0                           
091648120209102591キーブランド　　　　　　　　　　　　 67.7 11.5-11.1-12.9 -7.9 22  0.0                           
091648120312110095セプティエーム　　　　　　　　　　　 25.5  4.8-10.8  8.8 -1.3 29  0.0                           
091648120410103870ビーチブレイブ　　　　　　　　　　　 96.5 16.0 -7.9-11.8 -6.4 24  0.0                           
091648120513102631ジョースターライト　　　　　　　　　 66.5 11.3-11.1  4.2 -2.8 27  0.0                           
091648120613105172コクスイセン　　　　　　　　　　　　  4.8  1.6  7.5 11.3  6.1 36 10.0                           
091648120711104837キーアシスト　　　　　　　　　　　　 19.9  4.0 -6.5  7.0 -0.3 30  0.0                           
091648120813106317エポック　　　　　　　　　　　　　　  5.4  1.7 14.1 11.3  8.6 39 12.3                           
091648120912101139オイルタウン　　　　　　　　　　　　 76.0 12.8-11.7-10.7 -7.5 22  0.0                           
091648121010104031サンライズウェイ　　　　　　　　　　 85.1 14.2 -4.5 -1.8 -2.2 28  0.0                           
091648121111103632ヴィッセン　　　　　　　　　　　　　  8.9  2.3  4.9 16.4  6.7 37 15.3                           
091648121213100057ナムラアラシ　　　　　　　　　　　　 49.7  8.8 -4.4-14.1 -5.8 24  0.0                           
091648121312104504マイネルオフィール　　　　　　　　　 13.3  2.9  4.1 15.5  6.2 36  0.0  3                        
091648121413104326カフジナイサー　　　　　　　　　　　 10.6  2.4  0.7  3.5  1.3 31 21.0  3                        
091648121512101342ココ　　　　　　　　　　　　　　　　 30.2  5.6 -5.8-10.5 -5.3 25  0.0                           
091648121613100904クリノリトミシュル　　　　　　　　　  2.3  1.2 16.0 20.3 12.0 42 17.4                           
