021622010114103703マイネルトルペード　　　　　　　　　  7.6  1.8 11.5 15.0  8.9 14  0.0                           
021622010214100264アントレーン　　　　　　　　　　　　  4.2  1.4 17.3 10.8  9.1 14 17.3                           
021622010314104321ジャストヒーロー　　　　　　　　　　 42.4  6.2-11.5-10.7 -7.4 -2  0.0                           
021622010414101416サツキチャン　　　　　　　　　　　　  7.7  1.8 13.5 14.1  9.2 14  0.0                           
021622010514105156サクセスムーン　　　　　　　　　　　 23.4  3.7-11.5 -5.7 -5.5 -1  0.0                           
021622010614100723マイネルヘミニス　　　　　　　　　　  7.0  1.7  6.9  0.9  2.4  7 18.7C                          
021622010714101678ピーチメルバ　　　　　　　　　　　　 21.9  3.5-11.5 -1.6 -4.0  1  0.0                           
021622010814101126キップヨシ　　　　　　　　　　　　　 17.5  3.0-11.5-18.2-10.1 -5  0.0  0                        
021622010914104445エスケークラウン　　　　　　　　　　  1.8  1.2 23.1 11.1 11.0 16 15.8                           
021622020113100807サンポーツマス　　　　　　　　　　　 18.9  4.3 -2.7 -5.3 -2.8  2  0.0                           
021622020213104519クインズジュエリー　　　　　　　　　 25.4  5.5  0.5 -8.7 -3.0  2  0.0  5                        
021622020313105990キャンベルアーリー　　　　　　　　　 14.2  3.4  0.0 -5.7 -2.1  3  0.0                           
021622020413104543フジワンエンジェル　　　　　　　　　  4.1  1.6 10.6 32.9 15.2 20 17.3  1  296   33              
021622020513104024アカプルコノユウヒ　　　　　　　　　 21.8  4.8-10.2 -5.2 -5.0  0  0.0  0                        
021622020613104381ゴセイバイシキモク　　　　　　　　　 42.0  8.7-10.2 -1.5 -3.6  1  0.0                           
021622020713103655グランジュテ　　　　　　　　　　　　  5.3  1.8-11.5 20.2  4.0  9  0.0                           
021622020813102820トルシュローズ　　　　　　　　　　　  3.5  1.5 23.1 17.2 13.2 18 15.8                           
021622020913101577フレッシュギャル　　　　　　　　　　  8.9  2.6  6.1 -4.9  0.0  5  0.0                           
021622021013103651イネディット　　　　　　　　　　　　 51.1 10.5-11.5-11.3 -7.6 -3  0.0  0                        
021622021113110093サーブルクーリール　　　　　　　　　  5.7  1.9 12.4  9.4  7.2 12 20.2                           
021622021213100968アンペラール　　　　　　　　　　　　  9.2  2.7 13.7 18.7 11.0 16  0.0                           
021622030113101677オーゴンワンダー　　　　　　　　　　 81.7 15.4-13.2-17.5-10.4 -5  0.0                           
021622030213101244アルファジェイド　　　　　　　　　　 33.5  6.9-11.2 -9.3 -6.8 -2  0.0                           
021622030313105473ポケットチャーリー　　　　　　　　　  6.6  2.0 18.7 15.3 11.2 16 18.7                           
021622030413104608タイセイフラム　　　　　　　　　　　 36.2  7.4 -3.2-10.3 -4.7  0  0.0                           
021622030513103565アルビオン　　　　　　　　　　　　　 17.4  3.9 -3.2 -1.1 -1.4  4  0.0                           
021622030613103743ダーリンラブラ　　　　　　　　　　　 15.7  3.6-11.5-13.6 -8.4 -3 24.5                           
021622030713106106サトノオニキス　　　　　　　　　　　  4.0  1.6 14.6 20.7 12.0 17  0.0  3                        
021622030813102589スイートメモリーズ　　　　　　　　　  3.2  1.5 17.3 30.0 16.2 21 15.8                           
021622030913105965クラシカルチュチュ　　　　　　　　　  7.8  2.3  9.2  5.7  4.8 10  0.0                           
021622031013102059ジャスミンノカオリ　　　　　　　　　 11.3  2.8-11.2 -0.1 -3.4  2  0.0                           
021622031113100380ワンダーラスト　　　　　　　　　　　 29.5  6.1-11.5-11.5 -7.7 -3  0.0                           
021622031213101596レッドイリス　　　　　　　　　　　　138.6 25.6-11.5-14.1 -8.6 -4  0.0                           
021622031313106067アドマイヤディーバ　　　　　　　　　 11.7  2.9 12.8 20.0 11.2 16  0.0  1  295   64              
021622031413105398エアエマイユ　　　　　　　　　　　　 55.2 10.6-11.5-10.3 -7.2 -2  0.0                           
021622031513106167ハッピーチャンス　　　　　　　　　　 32.9  6.7-11.5  6.7 -1.0  4  0.0  0                        
021622031613106400ラブミーリル　　　　　　　　　　　　 22.3  4.8-11.5  0.7 -3.2  2  0.0  5                        
021622040113104488ダンツペレット　　　　　　　　　　　  5.1  1.7 15.4 14.2  9.8 15 18.7C                          
021622040213101103ブラックスナイパー　　　　　　　　　 28.1  5.6-11.5-20.0-10.8 -6  0.0  0                        
021622040313106321アタックガール　　　　　　　　　　　  6.8  2.0 12.8 11.7  8.1 13  0.0                           
021622040413101465ウインミダス　　　　　　　　　　　　 34.7  6.8 -2.7-10.7 -4.7  0  0.0                           
021622040513105935アシャカクール　　　　　　　　　　　 44.1  8.5-13.2-20.0-11.3 -6  0.0  0                        
021622040613104490リルージュ　　　　　　　　　　　　　 31.2  6.2-11.5  6.7 -1.0  4  0.0  0                        
021622040713100094イエスアイゲット　　　　　　　　　　 15.9  3.5  6.9 -5.3  0.1  5  0.0                           
021622040813105009キンショードリーム　　　　　　　　　 15.6  3.5-11.5-15.0 -8.9 -4  0.0                           
021622040913100922アメンボ　　　　　　　　　　　　　　 18.3  4.0-12.9  8.4 -0.8  4  0.0                           
021622041013102714アッテンツィオーネ　　　　　　　　　  4.5  1.6 15.7 17.2 11.0 16 17.3                           
021622041113104045ロバストミノル　　　　　　　　　　　  2.6  1.3 17.0 16.3 11.1 16 15.8                           
021622041213102818メイショウレンマ　　　　　　　　　　 10.8  2.6  2.2  5.5  2.7  8  0.0                           
021622041313104450ギフトアワード　　　　　　　　　　　 65.7 12.0-11.5-14.3 -8.7 -4  0.0                           
021622050114100701マイネルパンドーロ　　　　　　　　　 20.9  4.7-11.5 12.0  0.9  1  0.0                           
021622050214103588ロザンジェ　　　　　　　　　　　　　 17.6  4.0  0.6 -7.4 -2.5 -3  0.0  0                        
021622050314105450ホウオウステップ　　　　　　　　　　 12.0  3.0 20.7  0.5  6.4  6  0.0                           
021622050414103923イエローダイヤ　　　　　　　　　　　  4.0  1.5 -2.7 28.3  9.6 10  0.0                           
021622050514100733マイネルスフェーン　　　　　　　　　  6.1  2.0 13.8  5.3  6.1  6 21.6  0                        
021622050614105071アスカショウダイ　　　　　　　　　　 25.0  5.4 -0.5-19.1 -7.2 -7  0.0  0                        
021622050714106205サトノアリシア　　　　　　　　　　　  5.1  1.8 15.5 11.0  8.7  9  0.0                           
021622050814100522タガノアシュラ　　　　　　　　　　　  3.3  1.4 27.6 15.3 13.9 14 15.8                           
021622050914102895サテンドール　　　　　　　　　　　　  4.2  1.6 -2.7-15.7 -6.6 -7 18.7                           
021622060113100142キタノタイセツ　　　　　　　　　　　 35.1  6.7-11.5-20.0-10.8 -6  0.0                           
021622060213106149ハンナ　　　　　　　　　　　　　　　 10.8  2.5 13.2  9.4  7.4 12  0.0                           
021622060313103428カゼノシッポ　　　　　　　　　　　　  2.1  1.3 18.7  8.5  8.7 14 15.8                           
021622060413101858ノーアトゥーン　　　　　　　　　　　 59.4 10.6-11.2 -6.4 -5.7 -1  0.0  0                        
021622060513102226ダートリーダー　　　　　　　　　　　 34.2  6.5-11.5 -2.8 -4.5  1  0.0  5                        
021622060613103600アドマイヤヒナタ　　　　　　　　　　 11.4  2.6 -0.5 -0.7 -0.4  5 23.0                           
021622060713102452マニワッショイ　　　　　　　　　　　 23.6  4.7-11.5-18.1-10.1 -5  0.0  0                        
021622060813102346マイネルゴール　　　　　　　　　　　 46.6  8.7-11.5 -1.5 -4.0  1  0.0                           
021622060913104366スリーアリアン　　　　　　　　　　　 24.9  4.9-11.2 -8.9 -6.6 -2  0.0                           
021622061013100022アポロノホウリン　　　　　　　　　　 23.6  4.7-11.5 -9.0 -6.8 -2  0.0                           
021622061113103970レパーズタウン　　　　　　　　　　　  8.1  2.2 12.4  9.7  7.3 12 18.7                           
021622061213105306ステイインハート　　　　　　　　　　 29.0  5.6-11.5-14.1 -8.6 -4  0.0                           
021622061313103242ガロンヌ　　　　　　　　　　　　　　  7.3  2.1 10.6  6.2  5.5 10  0.0                           
021622061413101351ワタシニマカセテ　　　　　　　　　　 20.0  4.1 -0.1  0.5  0.2  5  0.0                           
021622061513101518ルピナスベル　　　　　　　　　　　　  9.1  2.4 10.0  9.7  6.6 12  0.0                           
021622070113102345ビレッジエンパイア　　　　　　　　　 14.0  2.9 10.2 -2.3  2.2 22  0.0  5                        
021622070213103274エイシンキロオル　　　　　　　　　　 18.7  3.6  4.9  7.0  4.0 24  0.0                           
021622070313100315ライディングハイ　　　　　　　　　　 26.8  4.8-11.2 -2.0 -4.1 16 28.8  0                        
021622070413103317スティルプリンス　　　　　　　　　　 18.4  3.6-11.2 -5.1 -5.2 15  0.0  4                        
021622070512105205ノボリクリーン　　　　　　　　　　　  2.4  1.2 20.3 16.2 12.0 32 15.8                           
021622070612100999セイウンアワード　　　　　　　　　　 11.8  2.5  8.7  3.5  3.9 24  0.0  4                        
021622070710102950バーニーズ　　　　　　　　　　　　　  5.7  1.7 12.4 12.9  8.4 28  0.0  4                        
021622070811102884スズカレビン　　　　　　　　　　　　 33.5  5.9-11.2-10.3 -7.1 13  0.0                           
021622070912106247ハードアスリート　　　　　　　　　　 22.7  4.2-10.2 -9.3 -6.5 14  0.0                           
021622071012101200ラッキーダン　　　　　　　　　　　　 15.9  3.2  9.2  2.7  3.8 24  0.0                           
021622071111100083マダムアグライア　　　　　　　　　　 28.9  5.2 -3.2  4.4  0.7 21  0.0                           
021622071213104378パルパルパンダ　　　　　　　　　　　  3.6  1.4 13.9  0.9  4.5 24 17.3                           
021622080113102016バレエダンサー　　　　　　　　　　　 18.6  3.4  0.6  7.7  3.0 23  0.0                           
021622080213101803フィエスタオーレ　　　　　　　　　　 15.1  2.9 -2.7  7.9  2.1 22  0.0                           
021622080312104578ノーブルリーズン　　　　　　　　　　 24.5  4.2 -5.2 -9.5 -5.0 15  0.0                           
021622080413106140シャインブライト　　　　　　　　　　  8.6  2.1 -2.7  8.6  2.3 22  0.0                           
021622080513106099ミッキーロケット　　　　　　　　　　  2.3  1.2 18.3 11.4  9.7 30 15.8                           
021622080611104725マイネルプレッジ　　　　　　　　　　  4.9  1.5 12.4 20.7 11.3 31 18.7                           
021622080711103386ハギノフェリス　　　　　　　　　　　 43.2  6.9-11.5-13.9 -8.5 11  0.0                           
021622080811106314ウインレーベン　　　　　　　　　　　 23.9  4.1 11.5 -5.9  1.3 21  0.0                           
021622080912104125ロングスピーク　　　　　　　　　　　  3.4  1.3 20.3 14.8 11.5 32 17.3                           
021622081012106136ワイドヴィンチェレ　　　　　　　　　 28.6  4.8-12.9-11.2 -8.0 12  0.0                           
021622081111106440ライトパープル　　　　　　　　　　　 25.3  4.3-11.5-10.6 -7.3 13  0.0                           
021622090109105766パラティーノ　　　　　　　　　　　　 11.7  2.6 10.6  6.2  5.5 25  0.0  5                        
021622090213101846エルパンドール　　　　　　　　　　　 28.0  5.2-11.2-10.3 -7.1 13  0.0  0                        
021622090313102672サンアンダーソン　　　　　　　　　　 29.5  5.5-11.5-10.6 -7.3 13  0.0  5                        
021622090412105451ニシオボヌール　　　　　　　　　　　  3.6  1.4 25.7 18.0 14.3 34 17.3                           
021622090513104911ジュアンマリエ　　　　　　　　　　　 17.8  3.6 -0.5  2.6  0.8 21  0.0                           
021622090613105705トゥールエッフェル　　　　　　　　　 28.5  5.3-12.9 -7.6 -6.7 13  0.0                           
021622090713104790スクリューネイバー　　　　　　　　　 27.9  5.2 -2.7 -8.6 -4.0 16  0.0  5                        
021622090811110020サリレモンド　　　　　　　　　　　　  2.6  1.2 17.3 25.6 14.6 35 15.8  2                        
021622090913110084ベストドライヴ　　　　　　　　　　　  7.1  2.0  6.9 22.3 10.2 30 20.2  5                        
021622091012101466イワヌガハナ　　　　　　　　　　　　 33.9  6.2-11.5-17.5 -9.9 10  0.0                           
021622091112102883パパラヴズマンボ　　　　　　　　　　  4.1  1.4 14.1  9.9  7.9 28  0.0                           
021622100112104841リミットブレイク　　　　　　　　　　  8.0  2.3  6.9  0.5  2.3 22  0.0                           
021622100212101205アズマクィーン　　　　　　　　　　　  2.7  1.4 17.6  5.9  7.4 27 15.8                           
021622100311105730コスモマイルール　　　　　　　　　　 12.6  3.0  1.2 -9.3 -3.0 17  0.0                           
021622100411102051アイファーマシェリ　　　　　　　　　 49.8  9.8-11.2 -7.9 -6.3 14  0.0                           
021622100510102890ジンセイハオマツリ　　　　　　　　　 31.1  6.3-11.5 -9.5 -6.9 13  0.0                           
021622100610104890トミケンフィアブル　　　　　　　　　 67.2 12.6-11.2-18.4-10.1 10  0.0  0                        
021622100713102935カネトシボヌール　　　　　　　　　　  7.0  2.1  1.8 11.5  4.8 25 20.2                           
021622100812101015セレッソブランコ　　　　　　　　　　  5.0  1.8  4.9  3.9  2.9 23  0.0                           
021622100911105260ベルモントラハイナ　　　　　　　　　  6.8  2.1  2.2 29.4 11.4 31 18.7  1  412   42              
021622101011100187クリノツネチャン　　　　　　　　　　 36.8  7.4 -2.7  0.5 -0.6 19  0.0                           
021622101113104754タイセイエクレール　　　　　　　　　 13.1  3.1  0.5 -1.3 -0.3 20  0.0                           
021622101211100647オートクレール　　　　　　　　　　　 16.0  3.6 12.4 14.2  8.9 29  0.0  5                        
021622101312104385レッドファーレン　　　　　　　　　　 27.5  5.7-11.5-12.2 -7.9 12  0.0                           
021622101412106134シードパール　　　　　　　　　　　　 48.1  9.5-11.2-10.7 -7.3 13  0.0                           
021622110109102658ヴァンヌーヴォー　　　　　　　　　　 22.9  5.5-11.5-11.3 -7.6 37  0.0  0                        
021622110210100338クリノヒマラヤオー　　　　　　　　　 18.5  4.6-11.5  5.9 -1.3 44  0.0                           
021622110310104680ヒラボクプリンス　　　　　　　　　　 14.0  3.6 -3.2  4.7  0.8 46  0.0                           
021622110410104458ライズトゥフェイム　　　　　　　　　 15.1  3.9  0.5-15.2 -5.4 40  0.0  0                        
021622110510104562ソロル　　　　　　　　　　　　　　　  4.6  1.8 13.9 34.5 16.8 62 17.3  1  198   62              
021622110609103539イッシンドウタイ　　　　　　　　　　  6.3  2.2 13.9 12.0  8.6 54  0.0                           
021622110711104417バンズーム　　　　　　　　　　　　　  5.7  2.0 14.6  5.6  6.4 51 18.7                           
021622110809106572イースターパレード　　　　　　　　　 16.3  4.1-12.9-10.3 -7.6 37  0.0                           
021622110909101266トミケンユークアイ　　　　　　　　　 11.5  3.1-11.5  1.6 -2.9 42  0.0  1  412   42              
021622111008102251ウォータールルド　　　　　　　　　　 18.8  4.7-11.5 12.0  0.9 46  0.0  5                        
021622111110103608ショウナンアポロン　　　　　　　　　  4.3  1.7 -0.5 24.7  8.9 54 15.8  2                        
021622111209106545ナリタスーパーワン　　　　　　　　　  7.6  2.5 20.3 15.2 11.7 57  0.0                           
021622120111102577ベストセラーアスク　　　　　　　　　 25.7  5.4-12.9  2.7 -2.9 27  0.0  3                        
021622120211103425ハナフブキ　　　　　　　　　　　　　 31.3  6.5-11.5-10.7 -7.4 23  0.0                           
021622120311105053ヤマニンバステト　　　　　　　　　　  5.2  1.8 10.6 12.7  7.8 38  0.0                           
021622120412103477カルシャン　　　　　　　　　　　　　 35.5  7.2-10.0-19.3-10.1 20  0.0                           
021622120513104783エテルナミノル　　　　　　　　　　　  8.9  2.5  2.2  8.2  3.7 34  0.0                           
021622120611104643ハツガツオ　　　　　　　　　　　　　  7.8  2.3 12.2 12.0  8.1 38 20.2                           
021622120713105598フライングレディ　　　　　　　　　　  8.3  2.4 -2.7 14.7  4.6 35  0.0  5                        
021622120812105397パワーウーマン　　　　　　　　　　　  5.3  1.8 18.7 13.8 10.7 41  0.0                           
021622120910101172ヤマトダイアンサス　　　　　　　　　 25.9  5.5 -3.2 -1.4 -1.5 29  0.0  5                        
021622121011105569エイシンノーティス　　　　　　　　　 26.4  5.5  0.5  9.2  3.5 34 28.8                           
021622121111103819パープルセイル　　　　　　　　　　　 22.8  4.9 -1.9 -0.9 -0.9 29  0.0                           
021622121212104407マキシマムドパリ　　　　　　　　　　  2.7  1.4 20.1 24.1 14.9 45 15.8  2                        
021622121311102900ツクバアスナロ　　　　　　　　　　　 26.7  5.6-11.2 -1.3 -3.8 26  0.0                           
031624010114103889パンプキンカート　　　　　　　　　　107.4 15.2-10.7-12.2 -7.7 -3  0.0  0                        
031624010214105087セイプレジール　　　　　　　　　　　  7.5  1.9  6.0  9.9  5.4 10  0.0                           
031624010314103311マイネルストラトス　　　　　　　　　 19.9  3.5 -1.9 16.4  5.4 10  0.0                           
031624010414102200アフターバーナー　　　　　　　　　　  2.4  1.2 19.9 22.8 14.3 19 18.1  2                        
031624010514105024カシノルーラー　　　　　　　　　　　 70.7 10.2-13.2 -7.7 -6.8 -2  0.0                           
031624010614101195ダダッコ　　　　　　　　　　　　　　 61.5  9.0 20.0-10.4  2.2  7  0.0                           
031624010714100929サンシアトル　　　　　　　　　　　　 28.3  4.6 -7.7 -4.8 -4.1  1  0.0  0                        
031624010814101426キッド　　　　　　　　　　　　　　　 21.9  3.7-10.0  6.8 -0.5  4  0.0                           
031624010914102652シンボリスーマラン　　　　　　　　　  9.3  2.1-10.0 27.7  7.2 12 13.5  3                        
031624011014101742シャインヴィットゥ　　　　　　　　　 31.9  5.1-10.1 -9.8 -6.6 -2  0.0                           
031624011114103617ハシルキセキ　　　　　　　　　　　　  3.0  1.3 20.7 20.6 13.8 19 19.8C 2                        
031624011214103503フィッシャーキング　　　　　　　　　 43.2  6.7-13.2-15.1 -9.5 -4  0.0                           
031624011314102940バスデイプレゼント　　　　　　　　　 42.5  6.6 -7.4-14.0 -7.4 -2  0.0                           
031624011414100330アロハスピリット　　　　　　　　　　108.7 15.4-10.0-12.4 -7.5 -3  0.0                           
031624011514102745シラバブ　　　　　　　　　　　　　　 11.3  2.3 11.9  0.5  3.8  9 10.3                           
031624020114100288セイカチトセ　　　　　　　　　　　　 23.7  3.3 -3.9 -1.5 -1.7  3  0.0                           
031624020214100956ガッテンパートナー　　　　　　　　　  9.0  1.8  6.0 12.5  6.4 11  6.3                           
031624020314106479アネッロドーロ　　　　　　　　　　　 29.0  3.8 -5.2-11.8 -5.9 -1  0.0                           
031624020414100766フェスティヴワール　　　　　　　　　 18.3  2.7-10.0-11.3 -7.1 -2  0.0                           
031624020514103615ダイイチターミナル　　　　　　　　　  2.2  1.2 21.2 21.7 14.3 19 18.1                           
031624020614102332スノードーナツ　　　　　　　　　　　 13.1  2.1 -4.8  1.8 -0.8  4  9.6A                          
031624020714100106シゲルピューマ　　　　　　　　　　　 13.9  2.2 12.4  3.8  5.1 10  7.2A 4                        
031624020814106060ハッピーランラン　　　　　　　　　　  2.4  1.2 15.0 26.4 14.2 19 19.8                           
031624020914103496カーリージャール　　　　　　　　　　 25.0  3.4-10.4 -7.9 -6.0 -1  0.0                           
031624021014104886ネコマル　　　　　　　　　　　　　　 40.6  5.1 -9.4-16.4 -8.8 -4  0.0  0                        
031624030113103197ワイドチキチータ　　　　　　　　　　 40.1  6.0 -5.6-11.7 -6.0 -1  0.0                           
031624030213105925アペリラ　　　　　　　　　　　　　　 36.8  5.6 -4.7 -9.5 -4.9  0  0.0                           
031624030313106073デイジーベル　　　　　　　　　　　　 36.6  5.6-11.5-12.2 -7.9 -3  0.0                           
031624030413105402デルマアツヒメ　　　　　　　　　　　 30.3  4.7 -7.4-10.6 -6.1 -1  0.0                           
031624030513105690ダイワネーブル　　　　　　　　　　　 56.3  8.0-10.0 -4.7 -4.7  0 11.6                           
031624030613104001ラチェット　　　　　　　　　　　　　 20.9  3.5  3.8  8.4  4.2  9  0.0                           
031624030713101849ブリリアントタイム　　　　　　　　　 23.8  3.8 20.0  4.2  7.5 13  0.0  5                        
031624030813105944ピッレウス　　　　　　　　　　　　　 60.7  8.5 -4.0-11.9 -5.6 -1  0.0                           
031624030913101614ベルクオーレ　　　　　　　　　　　　  7.6  1.8 12.7 27.4 13.9 19 15.1  1  323   33              
031624031013101600クラウングレイス　　　　　　　　　　  3.4  1.3 12.0 19.1 10.6 16 14.0  2                        
031624031113105497アンジェリカス　　　　　　　　　　　 13.9  2.6-10.7 -3.2 -4.4  1  0.0                           
031624031213101868シングンアルテミス　　　　　　　　　 18.5  3.2  1.9  1.5  1.1  6  0.0                           
031624031313100261ウィンイモン　　　　　　　　　　　　 81.8 11.3 -4.4 -7.6 -4.1  1  0.0                           
031624031413105024ピクシーカフェ　　　　　　　　　　　 37.2  5.6-10.0 -2.4 -3.9  1 10.1                           
031624031513103524オーネットハッピー　　　　　　　　　 47.7  7.0-11.4-11.5 -7.6 -3  0.0                           
031624031613105846クイックモーション　　　　　　　　　  2.0  1.2 19.9 23.3 14.5 20 18.1                           
031624040113101078スズカコメット　　　　　　　　　　　 43.5  8.9-12.5-10.1 -7.5 -2  0.0                           
031624040213104424サムライダマシー　　　　　　　　　　 17.2  4.0 -1.7  3.8  0.9  6  0.0                           
031624040313102053アッキー　　　　　　　　　　　　　　  3.9  1.6 16.0 15.2 10.4 15 19.8                           
031624040413102384ベルウッドタマド　　　　　　　　　　 47.0  9.5 -9.4-11.7 -7.1 -2  0.0                           
031624040513105220ゴールドレイ　　　　　　　　　　　　 27.0  5.8 20.0 -4.6  4.3  9  0.0                           
031624040613101026マコトグラディウス　　　　　　　　　 30.8  6.5-10.0 -3.6 -4.3  1  0.0                           
031624040713105343ワンショットキラー　　　　　　　　　  6.2  2.0  9.8 10.1  6.6 12  6.8                           
031624040813105428ジンロックカフェ　　　　　　　　　　  3.4  1.5 15.0 19.9 11.8 17 12.8                           
031624040913100549サンマルトゥーレ　　　　　　　　　　  8.8  2.6 10.0  9.9  6.6 12  0.0  5                        
031624041013105761ポムローゼ　　　　　　　　　　　　　 30.4  6.4-10.0 -8.9 -6.3 -1  0.0                           
031624041113102703ヴィリープ　　　　　　　　　　　　　 71.7 13.8-10.0-15.7 -8.8 -4  0.0                           
031624041213102851ジョニーハンサム　　　　　　　　　　  5.6  1.9 14.4 13.3  9.2 14  6.3                           
031624041313109098ナナエ　　　　　　　　　　　　　　　 32.5  6.8 -7.9-14.8 -7.8 -3  0.0                           
031624041413100260シゲルカンパチ　　　　　　　　　　　 69.2 13.3-10.4-12.6 -7.7 -3  0.0  0                        
031624041513103448スフェーン　　　　　　　　　　　　　 10.8  2.7 12.1  7.1  6.2 11 18.6                           
031624050114104310マイネルザウバア　　　　　　　　　　  4.2  1.6 16.8 12.3  9.6 10 11.6                           
031624050214105990キュイキュイ　　　　　　　　　　　　  2.7  1.4 15.0 24.8 13.6 14 18.1                           
031624050314102548サツキジョオウ　　　　　　　　　　　 48.7  9.1-10.4-15.1 -8.7 -9  0.0                           
031624050414103129デジャブ　　　　　　　　　　　　　　 21.9  4.5-13.6-10.2 -7.8 -8  0.0                           
031624050514102256ボヌールバトー　　　　　　　　　　　 57.6 10.4-11.5 -8.4 -6.5 -7  0.0  0                        
031624050614105988クインズゴールド　　　　　　　　　　 12.3  2.8  5.7 13.3  6.6  7  0.0                           
031624050714100575ジュティアン　　　　　　　　　　　　 14.0  3.1  0.5 14.7  5.5  6  0.0  1  462   57              
031624050814100746マイネルラプティス　　　　　　　　　 13.5  3.0  2.5 14.3  6.0  6  0.0  5                        
031624050914102323ニシノリヒト　　　　　　　　　　　　 20.1  4.2 -0.6  7.3  2.5  2  0.0                           
031624051014104801ミラドール　　　　　　　　　　　　　 31.6  6.1-10.0-11.7 -7.3 -7 10.6                           
031624051114110003ヴァイスジーニー　　　　　　　　　　 11.1  2.6  4.9 -4.7 -0.3  0 16.3A 0                        
031624051214101522ブルーオーシャン　　　　　　　　　　 22.0  4.5 -1.5-11.0 -4.5 -4  0.0                           
031624051314105678マツリダダイキチ　　　　　　　　　　 11.0  2.6  4.2 11.4  5.4  5  0.0                           
031624051414100718パフォーム　　　　　　　　　　　　　 11.5  2.7  0.4 16.3  6.1  6 10.3                           
031624060114101337エーブインブレム　　　　　　　　　　 46.2  8.0  6.0-11.4 -2.4 -2  0.0                           
031624060214101638コロリアージュ　　　　　　　　　　　 31.0  5.6-10.0-11.4 -7.2 -7  0.0                           
031624060314109114ガイディングスター　　　　　　　　　 55.6  9.3-10.5 -6.6 -5.6 -6  0.0  5                        
031624060414101013ゴールドサンダー　　　　　　　　　　 59.4  9.9-11.5-12.0 -7.8 -8  0.0                           
031624060514104402マッタナシ　　　　　　　　　　　　　  5.1  1.6 12.0 15.7  9.4  9  8.9                           
031624060614102981ナムラクロエ　　　　　　　　　　　　 17.7  3.5 -3.6  7.3  1.6  2  0.0  5                        
031624060714103441タリズマ　　　　　　　　　　　　　　  2.5  1.3 19.7 15.6 11.6 12 12.8                           
031624060814100994グッバイサマー　　　　　　　　　　　  6.8  1.9 20.0 27.5 16.1 16 13.5  2                        
031624060914100462ニシノオウカン　　　　　　　　　　　  3.7  1.4 17.6 14.2 10.5 10 19.8                           
031624061014103618キタノリツメイ　　　　　　　　　　　 22.9  4.3 10.0 -1.7  2.4  2  0.0  0                        
031624061114105032シルバーストーン　　　　　　　　　　 39.1  6.9 -4.0-11.6 -5.5 -5  0.0  0                        
031624061214106522セガールモチンモク　　　　　　　　　100.4 16.2-10.0 -7.5 -5.8 -6  0.0                           
031624061314102324カシノレビン　　　　　　　　　　　　 76.9 12.6-11.5 -7.7 -6.3 -6  0.0                           
031624061414102360ジェイケイオジョウ　　　　　　　　　 15.9  3.2  1.7 15.9  6.3  6  0.0                           
031624061514102450ゴウケン　　　　　　　　　　　　　　 29.4  5.3 -1.1 -6.2 -2.6 -3  8.7  0                        
031624070113103058シゲルヒメコダイ　　　　　　　　　　 59.2 11.2-10.0-16.0 -8.9 -4  0.0  0                        
031624070213103558シゲルサメイワシ　　　　　　　　　　101.0 18.6-11.5 -7.6 -6.2 -1  0.0                           
031624070313104867プラウドフェロー　　　　　　　　　　 40.2  8.0-11.5-12.0 -7.8 -3  0.0                           
031624070413101930コスモピクシス　　　　　　　　　　　  6.8  2.1-10.0 19.6  4.2  9  6.8  5                        
031624070513104834キンノツル　　　　　　　　　　　　　 88.0 16.3-13.2 -2.0 -4.7  0  0.0                           
031624070613100162キューノキセキ　　　　　　　　　　　 65.8 12.4 -7.1 -3.2 -3.3  2  0.0                           
031624070713105564アイトラッキング　　　　　　　　　　 42.6  8.4 -9.8-10.3 -6.7 -2  0.0                           
031624070813103562ブラウンテヌート　　　　　　　　　　 14.4  3.3  6.0  9.9  5.4 10  0.0                           
031624070913104007ミュートエアー　　　　　　　　　　　  2.5  1.3 21.4 25.0 15.6 21 18.1A 2                        
031624071013103958シンキングダンサー　　　　　　　　　  6.0  1.9  7.3 23.3 10.7 16  0.0                           
031624071113103978アソングフォーユー　　　　　　　　　  8.6  2.4  9.0  6.4  5.0 10 18.6C                          
031624071213106290ヘヴンリーソード　　　　　　　　　　 76.3 14.2-11.5-13.6 -8.4 -3  0.0                           
031624071313101797フィールソーグッド　　　　　　　　　  6.0  1.9 13.4  6.6  6.4 11  8.9                           
031624071413104868クインズクオーツ　　　　　　　　　　 26.4  5.5 20.0-13.2  1.2  6  0.0                           
031624071513101320パステルモーブ　　　　　　　　　　　  8.2  2.4  6.0 14.0  6.9 12  7.2                           
031624071613102930ニシノタカラモノ　　　　　　　　　　 45.3  8.9-10.4 -7.9 -6.0 -1 10.1                           
031624080111105086トライアゲイン　　　　　　　　　　　236.8 39.6-11.5-14.6 -8.8 11  0.0  0                        
031624080213106042ナンヨーファミユ　　　　　　　　　　 13.8  3.0  1.5  2.1  1.2 21  7.2  5                        
031624080312102855ハイヴォルテージ　　　　　　　　　　 39.2  7.3-11.4 -3.9 -4.8 15  0.0                           
031624080413106399コパノビジン　　　　　　　　　　　　 15.9  3.4 20.0  8.7  9.2 29  0.0                           
031624080512105015レザンドゥオール　　　　　　　　　　  5.6  1.7 12.4 12.4  8.3 28 12.5                           
031624080613100918サノノカガヤキ　　　　　　　　　　　 14.9  3.2  6.0 23.5 10.4 30  0.0                           
031624080712104052トゥルーウインド　　　　　　　　　　 35.2  6.6 -5.5-10.0 -5.3 15  0.0                           
031624080813102209プライズコレクター　　　　　　　　　  6.6  1.9 16.3 12.2  9.4 29  9.6                           
031624080913102348アオイプリンス　　　　　　　　　　　  3.8  1.5 13.2 11.4  8.1 28 19.8                           
031624081013100082ワンパーセント　　　　　　　　　　　  2.7  1.3 18.2 18.4 12.2 32 12.8                           
031624081112105434タイセイストーム　　　　　　　　　　 53.5  9.7-11.5 -3.7 -4.8 15  0.0                           
031624081211102438ハナズウェポン　　　　　　　　　　　 22.6  4.5  2.7-14.6 -4.5 15  0.0                           
031624081312103940ノーブルクリスタル　　　　　　　　　102.6 17.5-11.5-11.7 -7.7 12  0.0                           
031624081413103294ララパルーザ　　　　　　　　　　　　 34.4  6.5-11.5 -7.8 -6.3 14  0.0                           
031624081513110029プールアンレーヴ　　　　　　　　　　 38.2  7.1-11.5 11.0  0.6 21  0.0                           
031624090111100808マンディスキュア　　　　　　　　　　 82.7 14.6-11.5-11.7 -7.7 12  0.0                           
031624090211106557ミサキジュエル　　　　　　　　　　　 18.7  4.0  2.1 -8.0 -2.3 18  0.0                           
031624090313104536ヒメタチバナ　　　　　　　　　　　　 11.1  2.6 -1.5  4.5  1.2 21  6.7                           
031624090413106057ブリガアルタ　　　　　　　　　　　　  6.6  2.0 15.7 14.1  9.9 30  8.9                           
031624090513105769グリントオブライト　　　　　　　　　  5.2  1.7  7.4  7.5  5.0 25 19.8                           
031624090612104365レッドベリンダ　　　　　　　　　　　 14.4  3.2  3.8 -9.5 -2.3 18  0.0                           
031624090711105232ヴァンデミエール　　　　　　　　　　 15.0  3.3-10.0 -9.1 -6.3 14  0.0                           
031624090812104898ブランダルジャン　　　　　　　　　　 81.0 14.4-11.4-12.8 -8.1 12  0.0                           
031624090912100236ウインティアラ　　　　　　　　　　　 18.8  4.0  2.6  8.2  3.8 24  9.7                           
031624091011104965キャンディキー　　　　　　　　　　　 93.4 16.4-10.0 12.2  1.5 21  0.0                           
031624091111104108キナウ　　　　　　　　　　　　　　　 47.5  8.9-10.0-10.2 -6.7 13  0.0                           
031624091212106281エヴァンジル　　　　　　　　　　　　 14.6  3.2 -3.5-12.0 -5.4 15  0.0                           
031624091312102184ラムレイ　　　　　　　　　　　　　　 21.6  4.4 -5.1 36.7 11.9 32  0.0                           
031624091411100051アンジュデュバン　　　　　　　　　　 86.0 15.2-11.5-11.7 -7.7 12  0.0                           
031624091513105305アルスフェルト　　　　　　　　　　　  2.4  1.3 18.7 18.1 12.2 32 18.1                           
031624091612103720トーホウハニー　　　　　　　　　　　 18.2  3.9 20.0  5.6  8.1 28  0.0  5                        
031624100109101633クラーロデルナ　　　　　　　　　　　  3.9  1.7 17.5  7.9  8.1 38 12.8                           
031624100211105548オウケンゴールド　　　　　　　　　　 61.9 13.1-12.5-10.1 -7.5 23 15.7                           
031624100312102921メイプルレインボー　　　　　　　　　  7.6  2.4  3.8  9.6  4.7 35  0.0                           
031624100410101326タッチシタイ　　　　　　　　　　　　 12.3  3.2 10.1 11.4  7.2 37  0.0  5                        
031624100511104437フジマサクラウン　　　　　　　　　　 13.5  3.5 20.0  4.6  7.7 38  0.0                           
031624100608105887エアポートメサ　　　　　　　　　　　166.0 34.1-12.5-10.1 -7.5 23  0.0                           
031624100710103880グレイスフルデイズ　　　　　　　　　 34.8  7.9-12.5 -9.8 -7.3 23  0.0                           
031624100812104257エグランティーナ　　　　　　　　　　 19.1  4.7  2.6-18.3 -5.9 24  0.0                           
031624100912101621セイカアヴァンサ　　　　　　　　　　 22.4  5.3 -9.8 -6.2 -5.2 25  0.0                           
031624101010104870ダイナミックウオー　　　　　　　　　  6.0  2.1 16.6 10.6  8.9 39  6.8                           
031624101110101760コピーライター　　　　　　　　　　　 91.7 19.1-12.5 -8.1 -6.7 23  0.0                           
031624101211102186コスモカウピリ　　　　　　　　　　　 34.9  7.9-10.0 -9.7 -6.6 23  0.0                           
031624101312104515イダクァイマ　　　　　　　　　　　　  5.5  1.9  9.5  9.5  6.3 36 15.1                           
031624101410103165シュミット　　　　　　　　　　　　　 15.1  3.8-10.0 -2.8 -4.0 26 17.3  0                        
031624101513109027キャプテンペリー　　　　　　　　　　  4.7  1.8 11.2  9.4  6.8 37  5.8                           
031624110108104087マイネルラクリマ　　　　　　　　　　 33.8  7.7 -9.8-12.2 -7.4 43  0.0                           
031624110209103847クリールカイザー　　　　　　　　　　 20.8  5.0-10.0 -6.2 -5.3 45 10.1                           
031624110308101384メイショウナルト　　　　　　　　　　 20.4  5.0  4.8-13.2 -3.4 47  9.8                           
031624110408104798ダコール　　　　　　　　　　　　　　  8.0  2.5 -1.0 19.7  6.9 57 12.7  3                        
031624110509106265マーティンボロ　　　　　　　　　　　 39.1  8.8  1.0 -6.3 -2.0 48  0.0  0                        
031624110610103287マジェスティハーツ　　　　　　　　　  9.2  2.8  2.5-12.0 -3.7 46  0.0                           
031624110711105057ヤマニンボワラクテ　　　　　　　　　  8.0  2.5 19.0  8.8  8.9 59  8.4                           
031624110812104069アルバートドック　　　　　　　　　　  5.1  1.9 11.7  5.9  5.7 56 11.8                           
031624110910103004バーディーイーグル　　　　　　　　　 11.0  3.0 13.9 11.6  8.4 58  0.0                           
031624111011104117ルミナスウォリアー　　　　　　　　　 10.7  2.9  5.3 20.5  9.1 59  0.0                           
031624111107101798メイショウカンパク　　　　　　　　　 48.3 10.7-11.0-14.1 -8.5 42  0.0                           
031624111210102881オリオンザジャパン　　　　　　　　　 15.2  3.9 20.0-11.8  1.7 52  0.0                           
031624111311104724ウインリバティ　　　　　　　　　　　 55.9 11.9 -6.5-13.0 -6.7 43 15.0  0                        
031624111409100374ステラウインド　　　　　　　　　　　 15.8  4.0 10.0 -3.3  1.8 52  0.0                           
031624111508105362ナカヤマナイト　　　　　　　　　　　 60.0 12.8-11.4-12.2 -7.9 42  0.0                           
031624111610100035シャイニープリンス　　　　　　　　　  3.7  1.7 10.8 21.4 11.1 61 18.1                           
031624120113104559リップルトウショウ　　　　　　　　　  4.8  1.6  5.9 23.4 10.4 30  6.2                           
031624120212103910ピュアノアール　　　　　　　　　　　  3.5  1.4 14.4 18.6 11.1 31  5.8                           
031624120312104859レッドマジュール　　　　　　　　　　  2.9  1.3 15.0 19.5 11.6 32 18.1                           
031624120413101058キタサンガンバ　　　　　　　　　　　  9.4  2.5 12.0 -1.9  2.9 23 10.3                           
031624120512105327スミレタンポポ　　　　　　　　　　　 33.8  6.4-10.0-15.7 -8.8 11  0.0                           
031624120612103698セラフィーナ　　　　　　　　　　　　 33.1  6.3  6.0 -5.4 -0.2 20  0.0  0                        
031624120712102059スズカブレーン　　　　　　　　　　　 23.3  4.6-10.4 12.0  1.3 21  8.7                           
031624120812103921ハヤブサライデン　　　　　　　　　　 19.9  4.1 -1.6  7.2  2.2 22  8.2                           
031624120912103571オーマイホース　　　　　　　　　　　 44.5  8.2-11.5-11.5 -7.7 12  0.0                           
031624121012103026ノミネーション　　　　　　　　　　　 12.4  2.8  9.9 12.8  7.7 28 10.9  5                        
031624121112100583セルメール　　　　　　　　　　　　　  5.9  1.8 14.4  9.1  7.7 28  0.0                           
071634010114103833メルヴィンカズマ　　　　　　　　　　  2.8  1.4 20.6 22.3 14.2 19 17.4                           
071634010214102251ジューンリーザ　　　　　　　　　　　 48.1 10.0-11.7-17.1 -9.4 -4  0.0  0                        
071634010314105533ゴールドケープ　　　　　　　　　　　 39.8  8.4-10.8-14.0 -8.2 -3  0.0                           
071634010414100083リンクスゼロ　　　　　　　　　　　　  6.9  2.2 13.9  5.9  6.9 12 17.5                           
071634010514101775ファニーフェロー　　　　　　　　　　 12.2  3.1  7.7  5.1  4.4  9  0.0                           
071634010614100750マイネルブロッケン　　　　　　　　　  6.8  2.1  4.6 12.7  5.5 10  7.8                           
071634010714102133クリスタルバブルス　　　　　　　　　 12.3  3.1 -3.8  6.3  0.5  5  8.8                           
071634010814103361スズカロング　　　　　　　　　　　　 49.1 10.2 -2.8 -1.6 -1.5  3  0.0                           
071634010914105584ブリシンガメン　　　　　　　　　　　  7.4  2.3 -9.2 -6.7 -5.4  0  0.0                           
071634011014102243ドリームソルジャー　　　　　　　　　  5.8  2.0 14.5 13.0  9.2 14 11.8                           
071634011114104653サツキユニヴァース　　　　　　　　　 17.8  4.2 -3.7  5.5  0.3  5  6.5                           
071634011214104587テイエムアニマンテ　　　　　　　　　 41.2  8.6-10.8-15.2 -8.5 -4  0.0  0                        
071634011314105830スティーマーレーン　　　　　　　　　 10.6  2.7 -3.1 14.2  3.1  8  9.6                           
071634020113103267エイシンキスミー　　　　　　　　　　  6.2  1.6  8.5 23.9 10.3 15  4.5                           
071634020213103969ゴーフォワード　　　　　　　　　　　 10.7  2.2  7.0  1.2  2.9  8 15.3                           
071634020313101775ヤマニンゲイナー　　　　　　　　　　 24.2  4.0  0.9  0.9  0.6  6  0.0                           
071634020413109012ホーリーアーマー　　　　　　　　　　 66.2  9.6-10.8 -9.1 -6.7 -2  0.0                           
071634020513105389スイフトアタック　　　　　　　　　　 56.5  8.3 -9.2 -7.0 -5.5  0  0.0                           
071634020613106295メイショウオニマル　　　　　　　　　  2.9  1.3 17.1 23.0 13.2 18 19.0                           
071634020713105952フランドル　　　　　　　　　　　　　  2.4  1.2 22.6 21.3 14.7 20 17.4                           
071634020813101736ディモンド　　　　　　　　　　　　　 42.8  6.6 -7.6-14.5 -7.1 -2  0.0                           
071634020913104050ヤマカツトップガン　　　　　　　　　 70.4 10.2-11.7-12.2 -7.9 -3  0.0                           
071634021013105668ラッシングベル　　　　　　　　　　　 79.5 11.4-10.8-10.3 -7.1 -2  0.0                           
071634021113100429ホットメッセージ　　　　　　　　　　 28.1  4.6 -8.5 -0.5 -3.3  2  0.0                           
071634021213103387マジックダイオウ　　　　　　　　　　131.9 18.4-11.6-15.2 -8.8 -4  0.0  0                        
071634021313102197カシノマイドリーム　　　　　　　　　 79.1 11.3-10.8 -9.0 -6.7 -2  0.0                           
071634021413101146トウカイバレーノ　　　　　　　　　　 13.9  2.6  9.5  7.1  5.6 11  6.3                           
071634021513103071ツーエムブレイヴ　　　　　　　　　　 45.8  7.0-11.7 -2.6 -5.1  0  6.9                           
071634021613110018キャナルハート　　　　　　　　　　　140.6 19.6-10.8-11.5 -7.4 -2  0.0                           
071634021713100356ダノンジェット　　　　　　　　　　　271.3 37.2-10.8-14.1 -8.2 -3  0.0  0                        
071634021813102686ピンクノオウマサン　　　　　　　　　 27.1  4.4  2.7  6.2  2.8  8  8.3                           
071634030113101400キョウワエステル　　　　　　　　　　 17.0  3.6-11.7-11.6 -7.8 -3  0.0                           
071634030213103325エターナル　　　　　　　　　　　　　 42.1  7.8-10.8 -4.3 -5.3  0 13.2  5                        
071634030313105508デルマオチョウ　　　　　　　　　　　  9.4  2.5 -1.6-10.5 -3.7  1  7.4                           
071634030413102492ウインフェルベール　　　　　　　　　 14.8  3.2  3.3 12.5  5.0 10 11.0                           
071634030513102148メイショウサイジン　　　　　　　　　 34.6  6.5 -8.6 -2.5 -3.9  1  8.4  0                        
071634030613103491メイショウクノイチ　　　　　　　　　 26.9  5.2 -6.9-12.0 -6.1 -1  0.0                           
071634030713103886ヤマイチマロン　　　　　　　　　　　 58.7 10.4-10.8-14.2 -8.2 -3  0.0                           
071634030813110115エイシンピカデリー　　　　　　　　　  7.8  2.2  6.7 -1.3  2.1  7  0.0                           
071634030913104077スーサンブルース　　　　　　　　　　 40.4  7.5 -7.6 -1.8 -3.3  2  0.0  0                        
071634031013101787ヤマニンロスター　　　　　　　　　　 90.3 15.6-10.8-14.8 -8.4 -3 15.6                           
071634031113101407ロワール　　　　　　　　　　　　　　 68.3 11.9-11.7-13.0 -8.2 -3  0.0  0                        
071634031213103452ハートハンター　　　　　　　　　　　 58.7 10.3-11.7-10.8 -7.5 -3  0.0                           
071634031313103699タイキラメール　　　　　　　　　　　  2.6  1.3 14.6 16.2 10.2 15 10.8                           
071634031413110061ジランドラ　　　　　　　　　　　　　 19.0  4.0  6.0 17.4  7.4 12  0.0  3                        
071634031513106455ボンテアトル　　　　　　　　　　　　  7.2  2.1 15.5 13.4  9.7 15 14.2                           
071634031613105664ヴィクトリアマンボ　　　　　　　　　  4.0  1.5 12.0 21.1 10.7 16 11.8  2                        
071634040111105401フィリグラーナ　　　　　　　　　　　 18.7  3.4  5.8  5.4  3.7  4  9.6                           
071634040211104211トーセンマイティ　　　　　　　　　　 13.5  2.6 -9.7  3.4 -2.5 -3  9.6  0                        
071634040312105581メイショウメイザン　　　　　　　　　 29.1  4.9-11.7-14.0 -8.5 -8  0.0                           
071634040413100361アズマタックン　　　　　　　　　　　 20.8  3.7 -9.1  6.3 -1.4 -1  0.0                           
071634040508101549メイショウツガル　　　　　　　　　　  2.0  1.2 20.6 20.4 13.7 14 17.4                           
071634040612103119グランドデザイン　　　　　　　　　　 49.0  7.7-11.7 -6.2 -6.2 -6  0.0                           
071634040711101327ゴールドクラウス　　　　　　　　　　  4.4  1.5 14.5 13.0  9.2  9 11.8                           
071634040813104229シゲルヒラスズキ　　　　　　　　　　 44.0  7.0-11.7-14.9 -8.8 -9  0.0                           
071634040912106377ワンダープレジール　　　　　　　　　 35.6  5.8 -7.6  5.2 -1.2 -1  0.0                           
071634041013104365シゲルロウニンアジ　　　　　　　　　 40.8  6.5-11.7 -0.3 -4.4 -4  0.0  0                        
071634041113100832トキノディライト　　　　　　　　　　 19.2  3.5  0.1-11.6 -3.4 -3 15.5                           
071634041212100806ステイバーニング　　　　　　　　　　 18.6  3.4  7.0  7.7  4.9  5  0.0                           
071634041310105812ヤマニンブルジョン　　　　　　　　　  6.5  1.7 12.0 12.0  8.0  8 14.2                           
071634041412105379レッドサヴァージ　　　　　　　　　　 27.2  4.6  9.7 -0.8  3.3  3  0.0                           
071634050114106300シゲルギンギツネ　　　　　　　　　　 32.5  6.5  4.5 12.0  5.3  5  0.0  5                        
071634050214106365メタルフリー　　　　　　　　　　　　 55.5 10.4 -7.6 -7.0 -4.9 -5  0.0                           
071634050314103523メイショウハバネラ　　　　　　　　　  3.2  1.4 20.4 17.7 12.8 13 17.4                           
071634050414106231ジューヌエコール　　　　　　　　　　  3.6  1.4 16.7 12.6  9.9 10 11.8                           
071634050514104156エンジェルパルフェ　　　　　　　　　 21.6  4.5 -3.7 -1.8 -1.9 -2  9.6                           
071634050614100597スパイクナード　　　　　　　　　　　  6.2  1.9  7.7 13.5  6.9  7  9.6  4                        
071634050714106086ピンクブリザード　　　　　　　　　　  8.6  2.4  5.2 14.6  6.3  6  6.3  3                        
071634050814102968エドワード　　　　　　　　　　　　　 31.7  6.4-10.8-17.3 -9.1 -9  0.0                           
071634050914100697フレーバー　　　　　　　　　　　　　 21.8  4.6 -5.8  6.7 -0.1  0  0.0                           
071634051014100531ドリームズライン　　　　　　　　　　 27.6  5.6 -6.3 -1.1 -2.6 -3  0.0                           
071634051114103074パワーズオブテン　　　　　　　　　　 40.4  7.9 -7.6-11.1 -6.1 -6  0.0                           
071634051214102653ベルウッドカペラ　　　　　　　　　　  3.7  1.4 16.7 16.9 11.2 11 20.5                           
071634060113101178トウカイエクレール　　　　　　　　　 11.8  2.9  2.2-11.6 -2.7  2  9.6                           
071634060213104227カフジマニッシュ　　　　　　　　　　  4.2  1.6 12.3 31.2 13.9 19 10.9  2                        
071634060313104030ホシルミエール　　　　　　　　　　　 36.2  7.5 -7.6  0.2 -2.7  2  0.0  3                        
071634060413105931デューズワイルズ　　　　　　　　　　  4.2  1.6  8.2 19.9  9.0 14 12.7  3                        
071634060513102280イチザビーナス　　　　　　　　　　　168.0 31.7-10.8 -5.1 -5.5  0  0.0                           
071634060613105348カントリーロード　　　　　　　　　　 30.5  6.5-11.7 -6.8 -6.3 -1  9.3                           
071634060713103384レッドカムラッド　　　　　　　　　　 67.3 13.1-10.8 -9.1 -6.7 -2  0.0                           
071634060813104781アナザープラネット　　　　　　　　　  3.3  1.4 19.6 13.2 11.1 16 10.8                           
071634060913103263エイシンキララ　　　　　　　　　　　 56.1 11.0-10.8-13.1 -7.9 -3  0.0  0                        
071634061013106345ユウキビバワンダー　　　　　　　　　 81.9 15.8-11.7-14.9 -8.8 -4  0.0                           
071634061113105320イフリート　　　　　　　　　　　　　  5.8  1.9 14.5  9.2  8.1 13  4.8                           
071634061213102579ワイルドキッド　　　　　　　　　　　 56.1 11.0-10.8-14.2 -8.2 -3  0.0                           
071634061313102001ベルウッドエフディ　　　　　　　　　 20.1  4.5 -0.9-11.3 -3.7  1 10.2                           
071634061413105732モンストルコント　　　　　　　　　　 11.4  2.9  2.1 -2.6  0.0  5  9.0                           
071634061513100015エンパイアバローズ　　　　　　　　　 27.1  5.8 -6.9 -0.6 -2.7  2  6.2                           
071634061613103485メイショウセグレタ　　　　　　　　　109.7 20.9 -7.6-19.7 -8.7 -4  0.0  0                        
071634070113100419オースミハナチャン　　　　　　　　　 40.8  7.5 -8.9-12.8 -7.1 13  0.0                           
071634070213106059クラシックリディア　　　　　　　　　 11.1  2.6  0.1  2.0  0.6 21  0.0                           
071634070312101533シンダーズ　　　　　　　　　　　　　  6.5  1.9  8.9 11.1  6.6 27  6.4                           
071634070413101381カフジビーナス　　　　　　　　　　　 16.4  3.5-10.8 -7.5 -6.2 14  0.0  0                        
071634070511104164アルトゥーナ　　　　　　　　　　　　 30.9  5.9 -8.6 -7.0 -5.3 15  8.4                           
071634070613105028コパノディール　　　　　　　　　　　 16.6  3.5  4.0 -3.4  0.4 20  6.2  0                        
071634070713105855ラベンダーヴァレイ　　　　　　　　　  2.2  1.3 22.6 19.6 14.2 34 17.4                           
071634070813104496ミエノサクシード　　　　　　　　　　  9.4  2.5  6.7 14.1  6.7 27  7.4  3                        
071634070912103942レーヌドブリエ　　　　　　　　　　　  5.6  1.8 15.3 14.9 10.1 30 19.0                           
071634071012102521イサチルルンナ　　　　　　　　　　　 47.6  8.7 -7.6-11.2 -6.1 14  0.0                           
071634071113100538クラウンドジャック　　　　　　　　　 37.4  7.0 -3.7-10.5 -4.5 15  0.0                           
071634071212104369フロレットアレー　　　　　　　　　　 27.3  5.3 -5.4-14.0 -6.2 14  0.0                           
071634071313100511ゼーリムニル　　　　　　　　　　　　  9.0  2.4 -0.9  8.3  2.2 22 13.2                           
071634080112104423キングズアフェアー　　　　　　　　　 18.6  4.3 -2.4 -6.7 -2.9 17  0.0                           
071634080211104149アグネスユニコーン　　　　　　　　　 44.0  9.0 -9.4 -6.2 -5.3 15  0.0                           
071634080312106055スマイルフォース　　　　　　　　　　 58.7 11.5-10.8 -3.5 -5.0 15  0.0                           
071634080413105895ナンヨーアーミー　　　　　　　　　　 12.0  3.0-11.7-14.0 -8.5 12  0.0                           
071634080513104535ダノンレーザー　　　　　　　　　　　  6.4  2.0 10.9  2.8  4.8 25  6.4                           
071634080613101202サンライズミライ　　　　　　　　　　 13.6  3.3  8.7 17.6  8.5 28  0.0                           
071634080713102021ルドルフィーナ　　　　　　　　　　　  2.7  1.4 15.6 19.6 11.6 32 10.8                           
071634080811106130サンライズレーヴ　　　　　　　　　　 17.6  4.1 -5.5  1.7 -1.5 18 17.0  0                        
071634080913101748キングラディウス　　　　　　　　　　 27.0  5.8 -2.1 -1.8 -1.3 19 13.2                           
071634081012103439キタサンコンサート　　　　　　　　　  6.0  2.0 10.2 11.6  7.2 27 15.0                           
071634081113100998ドゥドゥドゥ　　　　　　　　　　　　 16.7  3.9-10.8 -4.4 -5.3 15  0.0                           
071634081212104104レッドサバス　　　　　　　　　　　　  9.3  2.7  0.9  9.9  3.3 23 15.3                           
071634081312104144ロウアンドロウ　　　　　　　　　　　 24.4  5.3 -2.7-10.5 -4.1 16  0.0                           
071634081411104075シュネール　　　　　　　　　　　　　 46.5  9.5 -6.8-16.6 -7.5 13  0.0  0                        
071634081512102418タイユール　　　　　　　　　　　　　 22.9  5.0 -6.9 12.6  1.3 21  9.8                           
071634081612100911バニスター　　　　　　　　　　　　　 37.6  7.8 -3.5-13.2 -5.2 15  0.0                           
071634090109101297ヤマニンメンヒル　　　　　　　　　　 56.0  9.3 -4.4 -7.0 -3.7 26  0.0                           
071634090212103669ディスティンダリア　　　　　　　　　107.6 17.4 -9.7 -6.6 -5.5 24  0.0                           
071634090313110086トッコディルーチェ　　　　　　　　　 56.1  9.4 -7.6 -7.5 -5.0 25  0.0  0                        
071634090412104108ショコラブラン　　　　　　　　　　　  2.2  1.2 20.6 29.5 16.4 46 17.4                           
071634090511104639トキノセレブ　　　　　　　　　　　　 44.9  7.8 -9.7 -8.1 -6.0 24  0.0                           
071634090613109142ナンゴクロックオン　　　　　　　　　 89.1 14.5-10.8 -9.2 -6.7 23  0.0                           
071634090712102708ウエスタンラムール　　　　　　　　　 27.1  5.0 -6.3-17.1 -7.4 23  0.0  0                        
071634090811103159メイショウボンロク　　　　　　　　　 98.6 16.0-10.8 -7.0 -6.1 24  0.0                           
071634090912105789センターピース　　　　　　　　　　　  4.6  1.5  7.7 18.2  8.3 38 16.8                           
071634091011102255プレフェリート　　　　　　　　　　　 14.0  2.9  1.3  6.3  2.4 32 15.1                           
071634091112104783プレシャスルージュ　　　　　　　　　 20.7  4.0  2.7 -1.1  0.7 31  8.3                           
071634091212100564ヤマニンシャンデル　　　　　　　　　  5.4  1.6 14.5  7.8  7.7 38 18.6                           
071634091310100463キングソング　　　　　　　　　　　　  9.2  2.3  4.2 10.9  4.8 35  0.0                           
071634091411110108ディプロムソング　　　　　　　　　　 72.9 12.0 -9.7-10.3 -6.6 23  0.0                           
071634091513103671ヨシオ　　　　　　　　　　　　　　　  9.1  2.3  4.1  3.5  2.6 33  0.0                           
071634091612105337メイショウワダイコ　　　　　　　　　 42.3  7.4-11.7 -2.3 -5.0 25  0.0                           
071634100110105786アドマイヤツヨシ　　　　　　　　　　 12.6  3.0 -6.0 10.1  0.8 31  9.6  5                        
071634100212104491サンライズセンス　　　　　　　　　　 12.3  3.0 10.8 14.8  8.4 38 16.4  3                        
071634100310104432ステイザコース　　　　　　　　　　　 30.5  6.3-10.3  6.7 -1.8 28 10.3                           
071634100411104371フロリダパンサー　　　　　　　　　　 19.8  4.4 -2.6-12.8 -4.8 25  0.0                           
071634100513105652サトノエトワール　　　　　　　　　　 16.6  3.8  0.8  1.8  0.8 31  0.0                           
071634100612103496ヤマカツライデン　　　　　　　　　　  4.3  1.6 18.4 18.4 12.3 42 13.3                           
071634100712104220ジェネラルゴジップ　　　　　　　　　  6.4  2.0  4.9 16.1  6.6 37  6.4                           
071634100811103612ウェーブゴールド　　　　　　　　　　 40.0  8.0-11.7 -4.2 -5.6 24  0.0                           
071634100911102894ビップレボルシオン　　　　　　　　　 18.1  4.0 -0.4 14.9  4.3 34  9.3                           
071634101013102596ヴォージュ　　　　　　　　　　　　　  7.2  2.2 13.4 17.2 10.1 40  0.0                           
071634101111105050リノリオ　　　　　　　　　　　　　　 14.2  3.3 -3.7  5.7  0.4 30  0.0                           
071634101212104637エトランドル　　　　　　　　　　　　  3.0  1.4 16.6 24.3 13.4 43 17.4  1  138   62              
071634101311103794エクストレミティー　　　　　　　　　 35.8  7.2 -6.4 10.1  0.7 31  0.0  5                        
071634110109101774ワンダーコロアール　　　　　　　　　 20.3  4.2 -8.0 -2.4 -3.7 46  0.0  0                        
071634110212106056カフジテイク　　　　　　　　　　　　 23.5  4.7 -3.8  1.3 -1.0 49 12.0  0                        
071634110308103069グレープブランデー　　　　　　　　　 19.8  4.1  0.1  6.3  1.9 52  0.0                           
071634110409105023ブライトライン　　　　　　　　　　　 26.3  5.2  3.3 14.8  5.7 56  7.6                           
071634110512106160クラリティスカイ　　　　　　　　　　 16.1  3.5 -4.6-10.4 -4.8 45  0.0  0                        
071634110608103165ムスカテール　　　　　　　　　　　　 63.2 11.2-10.8-13.9 -8.1 42  0.0  0                        
071634110709106697ワイドバッハ　　　　　　　　　　　　 20.4  4.2-10.8-16.2 -8.8 41  0.0  0                        
071634110812105586ダノングッド　　　　　　　　　　　　 20.0  4.2  3.4 -7.9 -1.1 49  5.8                           
071634110911105960キングズガード　　　　　　　　　　　  3.5  1.4 15.8 13.6  9.9 60 19.0                           
071634111011105438ニシケンモノノフ　　　　　　　　　　  5.5  1.7  8.4 -1.3  2.7 53  5.5  4                        
071634111106102967マルカフリート　　　　　　　　　　　 25.7  5.1 -7.8  8.5 -0.3 50  0.0                           
071634111211100016ポメグラネイト　　　　　　　　　　　 59.5 10.6-10.8 -7.0 -6.1 44 11.3                           
071634111310105768タガノトネール　　　　　　　　　　　  8.8  2.4  6.9 12.0  6.1 56  6.9                           
071634111412102452ノボバカラ　　　　　　　　　　　　　  3.0  1.4 20.0 22.5 14.1 64 15.9                           
071634111509100515キクノストーム　　　　　　　　　　　 61.7 11.0-11.7-10.7 -7.5 42  0.0                           
071634120113106390スマートスペクター　　　　　　　　　  8.1  2.3 10.4 14.7  8.2 28  6.9                           
071634120212101386ダノンブライト　　　　　　　　　　　  4.2  1.5 16.5 13.8 10.2 30 20.5                           
071634120311101041スズカグランデ　　　　　　　　　　　159.6 29.1-10.8 -5.1 -5.5 15  0.0                           
071634120412101282ゲンキチハヤブサ　　　　　　　　　　 33.8  6.8 -6.3 10.5  0.8 21  8.4                           
071634120511102995クールジョーカー　　　　　　　　　　 46.6  9.2-10.8-16.8 -9.0 11  0.0  0                        
071634120612102006ノーブルルージュ　　　　　　　　　　 17.5  3.9  3.3 -3.7  0.1 20 18.5                           
071634120710104219サトノプレステージ　　　　　　　　　 16.4  3.7 -5.5 16.1  2.8 23  0.0                           
071634120812105112ティーエスナイン　　　　　　　　　　 66.8 12.6-10.8-15.2 -8.5 11  0.0  0                        
071634120910102640サトノユニコーン　　　　　　　　　　 11.1  2.7  5.2  3.4  2.9 23  0.0                           
071634121011103967パスファインダー　　　　　　　　　　 76.3 14.2-11.7 -6.8 -6.3 14  0.0                           
071634121113105480サプルマインド　　　　　　　　　　　  3.4  1.4 13.7 15.8  9.8 30  9.2                           
071634121211104470ダノンロンシャン　　　　　　　　　　 59.2 11.2-11.7 -9.9 -7.3 13  0.0                           
071634121311101479メイショウラバンド　　　　　　　　　  3.6  1.5 14.7 25.6 13.1 33 13.1                           
071634121413104798サトノワイバーン　　　　　　　　　　 30.2  6.2 -1.6-13.8 -4.7 15  0.0                           
071634121513100304アオリスト　　　　　　　　　　　　　 72.1 13.5-10.8-19.7 -9.9 10  0.0  0                        
071634121612100455シンキロウ　　　　　　　　　　　　　104.3 19.2-10.8 -6.8 -6.0 14  0.0                           
071634121706106231スズカブリザード　　　　　　　　　　 78.4 14.6-11.7 -5.1 -5.8 14  0.0                           
071634121811104094ライザン　　　　　　　　　　　　　　 29.4  6.0  4.3 -2.3  0.9 21  6.2                           
