051945010117101051セイエスコート　　　　　　　　　　　 11.1  2.7  9.2  9.9  6.4 11  7.7                           
051945010217101602エリンクロノス　　　　　　　　　　　 61.9 11.6-10.0-13.6 -8.0 -3  0.0                           
051945010317102307キヨセ　　　　　　　　　　　　　　　 12.3  2.9  8.7 14.2  7.8 13  8.2                           
051945010417101365スターファイター　　　　　　　　　　  3.6  1.4 12.0 23.8 12.3 17  8.2                           
051945010517109021ルナランス　　　　　　　　　　　　　 38.1  7.6-13.1 -8.6 -7.1 -2  0.0                           
051945010617101691サンダーボマー　　　　　　　　　　　  9.1  2.5-10.4  5.5 -1.1  4  7.2                           
051945010717105743コトブキノニ　　　　　　　　　　　　 82.2 15.2-10.0 -8.8 -6.2 -1  0.0                           
051945010817101375モンサンブラーマ　　　　　　　　　　 74.1 13.8-10.0-10.0 -6.7 -2  0.0                           
051945010917103482コパシーナ　　　　　　　　　　　　　  3.6  1.4 15.1 20.2 11.9 17 15.2                           
051945011017104382トーセンシグナル　　　　　　　　　　  8.2  2.4  9.0  6.3  5.0 10  0.0                           
051945011117102497カシノスペリオル　　　　　　　　　　 81.4 15.1-11.4 -6.7 -5.9 -1  0.0                           
051945011217102118ムーランアンディゴ　　　　　　　　　  3.4  1.4 17.3 16.7 11.3 16 18.1                           
051945011317103526フローラルオーク　　　　　　　　　　 37.1  7.4 -8.5-18.1 -9.2 -4  0.0                           
051945020117104165グラスディアブロ　　　　　　　　　　 34.9  6.3-11.4 -3.1 -4.6  0  0.0                           
051945020217104595ハシレコウマ　　　　　　　　　　　　 85.3 14.0-13.1-16.2 -9.9 -5  0.0  0                        
051945020317103402フルゴリラ　　　　　　　　　　　　　 22.1  4.2  6.0  8.6  5.0 10  0.0                           
051945020417100617セイカアーナンダイ　　　　　　　　　 49.1  8.6-11.4-13.6 -8.4 -3  0.0  0                        
051945020517104947サトノアレックス　　　　　　　　　　  3.9  1.4 15.9 13.5  9.7 15 14.0                           
051945020617105631アナンダライト　　　　　　　　　　　  4.8  1.6 14.9 18.0 11.1 16 15.2                           
051945020717103910イデアイホマジョル　　　　　　　　　 15.7  3.2 -6.0 13.4  3.1  8  0.0                           
051945020817100349インディードシチー　　　　　　　　　 26.1  4.9 -8.5 -3.6 -3.9  1  0.0                           
051945020917100662ワンモアエフォート　　　　　　　　　 31.1  5.7-10.4-10.4 -6.9 -2  0.0  0                        
051945021017103947オウサムミニスター　　　　　　　　　 58.0  9.8-11.4-14.0 -8.6 -4  0.0                           
051945021117106196セントガブリエル　　　　　　　　　　 12.3  2.7 11.5 10.0  7.1 12  7.2  5                        
051945021217105558ピオノノ　　　　　　　　　　　　　　  2.5  1.2 12.0 16.1  9.5 15 18.1                           
051945021317102832カナライズ　　　　　　　　　　　　　  7.0  1.9  9.0 18.6  9.5 15  6.7                           
051945030117105393エストロ　　　　　　　　　　　　　　  3.0  1.3 19.3 16.6 11.9 17 19.8  2                        
051945030217105736ヤマヒビキ　　　　　　　　　　　　　178.6 28.3-13.1-16.2 -9.9 -5  0.0  0                        
051945030317101799ディンブラ　　　　　　　　　　　　　 11.0  2.4  4.0  0.5  1.4  6 10.3A                          
051945030417103436イエローハート　　　　　　　　　　　 71.6 11.7-10.4 -9.1 -6.5 -1  0.0                           
051945030517103722セイウンパワフル　　　　　　　　　　  5.8  1.7 10.0 11.6  7.3 12  0.0  4                        
051945030617103802ブルーパー　　　　　　　　　　　　　 44.2  7.7-10.0-10.0 -6.7 -2  0.0                           
051945030717104442ブルーノジュネス　　　　　　　　　　  8.4  2.2  3.5 21.8  9.0 14 13.5                           
051945030817110021デイオブサンダー　　　　　　　　　　 24.4  4.5-11.4  8.8 -0.2  5  0.0                           
051945030917110016プライモーディアル　　　　　　　　　 31.2  5.6  7.0 22.5 10.4 15  0.0                           
051945031017100194コスモトップガン　　　　　　　　　　 78.2 12.7-10.0  0.8 -2.7  2  0.0                           
051945031117101804サヴァイヴ　　　　　　　　　　　　　  2.9  1.3 22.0 16.5 12.6 18 12.8  3                        
051945031217101582パトローナム　　　　　　　　　　　　178.6 28.3-13.1-10.6 -7.8 -3  0.0                           
051945031317100878ワカミヤアトゥ　　　　　　　　　　　 17.5  3.5-10.0  2.7 -2.0  3  7.7                           
051945031417100056オレンジブラウニー　　　　　　　　　 22.5  4.2-10.0  5.7 -0.9  4  0.0                           
051945031517102450ハーディン　　　　　　　　　　　　　 22.8  4.3 20.0 -8.8  2.8  8  0.0                           
051945031617100292ショウイモン　　　　　　　　　　　　 85.0 13.8-10.0 -1.6 -3.6  1  0.0                           
051945040117105180ナンヨーアイゼン　　　　　　　　　　 24.1  5.1-10.0  6.6 -0.6 -1 12.3C                          
051945040217105660ピーエムピンコ　　　　　　　　　　　  8.2  2.4  8.0  8.4  5.5  5 17.5                           
051945040317100305プラチナビューティ　　　　　　　　　 13.9  3.3-10.0  6.6 -0.6 -1  0.0                           
051945040417106104メロウスマイル　　　　　　　　　　　125.5 23.4-10.0-11.1 -7.1 -7  0.0                           
051945040517105509フェルミスフィア　　　　　　　　　　  4.8  1.8 11.7 12.9  8.2  8 14.0  5                        
051945040617104122ダイユウローズ　　　　　　　　　　　 42.1  8.5-10.0 -5.0 -4.8 -5  0.0                           
051945040717102665レッドペルーシュ　　　　　　　　　　 89.2 16.8-10.0-10.9 -7.0 -7  0.0                           
051945040817106653スピランセス　　　　　　　　　　　　 27.7  5.8-10.0 -3.9 -4.4 -4  0.0                           
051945040917106333ルリアンヴェール　　　　　　　　　　  7.1  2.2 16.8  8.0  8.0  8  0.0                           
051945041017100078キャツクレードル　　　　　　　　　　 41.8  8.4-13.4 -8.8 -7.2 -7  0.0                           
051945041117101933スノープロー　　　　　　　　　　　　127.4 23.7-10.0-15.1 -8.5 -9  0.0  0                        
051945041217103703ロングヘア　　　　　　　　　　　　　119.2 22.2-10.0 -5.9 -5.2 -5  0.0                           
051945041317100252マリノヴィヴィアナ　　　　　　　　　 12.4  3.0  6.0  3.0  2.9  3  7.7                           
051945041417103759ミコドリーム　　　　　　　　　　　　 60.4 11.6-10.0 -6.0 -5.2 -5  0.0                           
051945041517100327エバンタイユドール　　　　　　　　　 26.9  5.7  1.8 23.3  9.1  9  0.0  4                        
051945041617100418カナワン　　　　　　　　　　　　　　 34.5  7.1-13.4 -6.6 -6.4 -6  0.0                           
051945041717105160ホイッスルヴォイス　　　　　　　　　  7.4  2.2 12.2 18.0 10.3 10  6.8  3                        
051945041817102371カーテンコール　　　　　　　　　　　  2.9  1.4 21.8 13.9 11.6 12 10.6                           
051945050117106537エクシア　　　　　　　　　　　　　　 39.8  7.6  6.0 -1.4  1.3  1  0.0                           
051945050217104891シャドウワルツ　　　　　　　　　　　 12.8  2.9 15.6 -1.0  4.3  4 10.9  5                        
051945050317105470インテリジェンス　　　　　　　　　　  5.1  1.7 19.4 13.4 10.7 11 14.0  2                        
051945050417100186フェアリーシップ　　　　　　　　　　 23.1  4.7-11.4-16.2 -9.4 -9  0.0  0                        
051945050517105938カズノコクリュウ　　　　　　　　　　198.9 34.5-10.0 -8.9 -6.3 -6  0.0                           
051945050617110061コスモクウ　　　　　　　　　　　　　 18.3  3.9 -3.6 -7.9 -4.0 -4  0.0                           
051945050717101649フォースオブライフ　　　　　　　　　 58.2 10.5-13.4 -7.5 -6.8 -7  0.0                           
051945050817109048シゲルパンドラ　　　　　　　　　　　 37.3  7.2-11.4 -6.2 -5.7 -6  0.0                           
051945050917110123ヴィズサクセス　　　　　　　　　　　  8.0  2.2  8.4 14.4  7.8  8  6.7                           
051945051017101940レットミーアウト　　　　　　　　　　 10.8  2.6  5.7  9.8  5.3  5  7.2                           
051945051117110104サトノグリアン　　　　　　　　　　　  7.3  2.1  6.4  7.6  4.7  5  0.0                           
051945051217103658リュウノルフィ　　　　　　　　　　　 45.5  8.6-11.4-11.6 -7.7 -8  0.0                           
051945051317103072タイムイズナカヤマ　　　　　　　　　 76.4 13.7 -8.7  2.4 -1.7 -2  0.0  4                        
051945051417105496ルナシオン　　　　　　　　　　　　　  2.5  1.3 20.0 25.4 15.3 15 18.1B                          
051945051517104605ミヤコシャンティ　　　　　　　　　　 15.6  3.4-10.0  6.6 -0.6 -1  8.2                           
051945051617100151ニシノハナミズキ　　　　　　　　　　 30.7  6.0 -9.2-11.2 -6.9 -7  0.0                           
051945060115103313タイキメサイア　　　　　　　　　　　  6.7  2.0  6.0  8.6  5.0 25  9.6C                          
051945060216100216タマモキャペリン　　　　　　　　　　  3.4  1.4 16.2 12.2  9.3 29 10.6                           
051945060314101000キョウエイガウディ　　　　　　　　　 39.7  7.8-10.0-14.2 -8.2 12 10.6  0                        
051945060416102641イワネコゴシキ　　　　　　　　　　　 22.4  4.7 -9.2  5.2 -0.9 19  0.0                           
051945060515106510ゴールデンビコー　　　　　　　　　　 36.4  7.2-13.4 12.0  0.4 20  0.0                           
051945060616103402プロトイチバンボシ　　　　　　　　　 20.8  4.5  2.7  7.5  3.6 24  0.0                           
051945060716102369アッシャムス　　　　　　　　　　　　 26.8  5.5 -6.2  8.6  1.3 21  9.7                           
051945060813102729サマニー　　　　　　　　　　　　　　 15.4  3.5 12.3 17.2 10.0 30  0.0                           
051945060915103047リネンコジーン　　　　　　　　　　　 65.9 12.2-10.4-16.0 -9.0 11  0.0                           
051945061012101143オープンザウェイ　　　　　　　　　　 15.5  3.5 -5.8  8.7  1.5 21  0.0                           
051945061116109126コチョウジュニア　　　　　　　　　　 73.6 13.6-10.4 -4.6 -4.8 15  0.0                           
051945061215102750エアコンヴィーナ　　　　　　　　　　  3.5  1.5 19.1 20.5 13.2 33 14.0  2                        
051945061316103334ベイオブコトル　　　　　　　　　　　  5.3  1.8 10.0 16.6  9.1 29  8.9  3                        
051945061416102954マリノオークション　　　　　　　　　 11.5  2.8 20.0  4.8  7.8 28  7.2                           
051945070115101498ジスモンダ　　　　　　　　　　　　　 27.0  4.7-13.1 -4.7 -5.7 14  0.0                           
051945070215106310スターリバー　　　　　　　　　　　　 39.7  6.6-13.1 -9.1 -7.3 13  0.0                           
051945070314102558ネオヴィットーリア　　　　　　　　　  3.8  1.3 14.3  7.2  6.9 27 21.4A                          
051945070415106502カズミドリーム　　　　　　　　　　　 14.8  2.9  3.8  9.1  4.5 24 17.5  5                        
051945070516100628ブルーコーラル　　　　　　　　　　　  5.0  1.5 20.7 16.8 12.4 32  0.0                           
051945070615106280リンガスビンゴ　　　　　　　　　　　  3.2  1.3 20.0 17.2 12.3 32  5.8                           
051945070716101930バンブトンハート　　　　　　　　　　  2.5  1.2 15.0 19.0 11.5 31 18.1                           
051945070816100105ケイゴールド　　　　　　　　　　　　 17.7  3.4-13.1 -6.4 -6.3 14  0.0  5                        
051945080116104600チェサピークベイ　　　　　　　　　　  3.3  1.5 17.7 12.0  9.7 30  8.2                           
051945080214105551レッドボヌール　　　　　　　　　　　 10.7  3.7  1.3  6.6  2.8 23  0.0                           
051945080316100758マイネルステレール　　　　　　　　　  7.4  2.9 15.6  9.9  8.3 28  0.0                           
051945080416103976ビギングローリー　　　　　　　　　　 11.1  3.9  0.0-14.2 -5.2 15 15.4  0                        
051945080516101773ディスモーメント　　　　　　　　　　  7.2  2.9  1.8-11.2 -3.6 16 21.4                           
051945080616105206ダノンラスター　　　　　　　　　　　  1.9  1.2 21.0 28.3 16.7 37 18.1  2                        
051945080716102056レオビヨンド　　　　　　　　　　　　 14.1  4.8-12.5 -6.1 -6.0 14  0.0                           
051945090114104374パレスハングリー　　　　　　　　　　 17.8  4.3 20.0  8.4  9.1 39  0.0                           
051945090214105320グラットシエル　　　　　　　　　　　  4.4  1.7 15.0 15.7 10.3 40 14.0  2                        
051945090315105868サクラアリュール　　　　　　　　　　  3.8  1.6 22.0 14.9 12.1 42 12.8                           
051945090415101738ミラクルヒッター　　　　　　　　　　 38.0  8.3-13.4-10.6 -7.9 22  0.0                           
051945090516106069フーズサイド　　　　　　　　　　　　 22.5  5.2 -0.6 20.2  7.2 37  0.0  1  196   35              
051945090615100548ロジティナ　　　　　　　　　　　　　 12.0  3.1  0.5 11.7  4.4 34  0.0                           
051945090716105179フィールオーケー　　　　　　　　　　 11.6  3.0 12.8 -8.2  0.8 31 14.5                           
051945090812104329アバオアクー　　　　　　　　　　　　 24.9  5.7 -6.2 -3.9 -3.3 27  0.0                           
051945090915103197キタサンヴィクター　　　　　　　　　 13.8  3.5  9.9 -2.8  1.9 32 11.6                           
051945091015105834レオステップアップ　　　　　　　　　 26.1  5.9 -8.7 -9.6 -6.1 24  0.0                           
051945091116104257サトノファイター　　　　　　　　　　  9.4  2.8  3.6 -0.6  0.9 31  6.8                           
051945091216110133イッツリット　　　　　　　　　　　　 13.9  3.5 -2.3-14.0 -5.8 24  0.0                           
051945091316104963フィードバック　　　　　　　　　　　  4.5  1.7 13.4 21.0 11.7 42  6.2                           
051945100115105849スタークニナガ　　　　　　　　　　　104.9 21.4-13.4-14.5 -9.3 21  0.0                           
051945100215103675プレトリア　　　　　　　　　　　　　 26.4  6.0  1.3-14.2 -4.8 25  0.0  0                        
051945100316100433タマモメイトウ　　　　　　　　　　　 28.3  6.4-12.5 -8.3 -6.8 23  0.0                           
051945100414105682ベストアクター　　　　　　　　　　　  6.1  2.1 20.0 12.7 10.7 41  8.9                           
051945100515104950アプルーヴァル　　　　　　　　　　　  6.4  2.1  9.9  9.4  6.4 36  6.7                           
051945100615105970アンリミット　　　　　　　　　　　　  4.0  1.7 16.8 17.5 11.5 41 12.8 15                        
051945100716104630ブーザー　　　　　　　　　　　　　　  4.3  1.7 13.0 22.1 12.0 42 11.6  4                        
051945100814101095ロードアルバータ　　　　　　　　　　 45.3  9.9-11.4-10.6 -7.3 23  0.0                           
051945100913105140ピナクルズ　　　　　　　　　　　　　 38.6  8.5-10.0-13.6 -8.0 22  0.0                           
051945101014109007クリノヴィクトリア　　　　　　　　　194.4 39.2-13.4-16.3-10.0 20  0.0  0                        
051945101115104719ヴェロニカグレース　　　　　　　　　 47.5 10.3-11.4 -8.2 -6.4 24  0.0                           
051945101216101865カルリーノ　　　　　　　　　　　　　  7.0  2.3 17.9 11.8  9.7 40  0.0                           
051945101315105082ムスコローソ　　　　　　　　　　　　 19.4  4.7  2.0 -2.0 -0.1 30  0.0                           
051945101415101480オジョーノキセキ　　　　　　　　　　 18.6  4.5-11.4-18.1-10.1 20  0.0                           
051945101516105211オースミカテドラル　　　　　　　　　  7.5  2.4  3.6  3.6  2.4 32 26.4                           
051945101615101116トーセンリラ　　　　　　　　　　　　 37.8  8.4-11.4-10.9 -7.4 23  0.0                           
051945110116104858ジョディー　　　　　　　　　　　　　 40.6  8.3 -9.7-10.0 -6.6 48  0.0                           
051945110214106280ディメンシオン　　　　　　　　　　　 13.3  3.2 -0.4 14.1  5.1 60 14.4                           
051945110315103350カンタービレ　　　　　　　　　　　　 14.5  3.4-11.4  8.4 -0.3 55 15.3                           
051945110415102382オールフォーラヴ　　　　　　　　　　 25.9  5.5  2.6  4.3  2.4 57  0.0                           
051945110515104877ダノングレース　　　　　　　　　　　 13.1  3.2 -4.9 -3.1 -2.6 52 10.3                           
051945110613103682フロンテアクイーン　　　　　　　　　 24.7  5.3  6.6 -3.1  0.8 56  0.0                           
051945110715104126サトノガーネット　　　　　　　　　　 32.7  6.8-11.4-12.6 -8.0 47  0.0                           
051945110815100600スカーレットカラー　　　　　　　　　  8.5  2.5  8.4  5.9  4.7 60 10.3                           
051945110914105535ソウルスターリング　　　　　　　　　 31.4  6.6 20.0-12.7  1.3 56  0.0                           
051945111013102273エイシンティンクル　　　　　　　　　 23.2  5.0-11.4  2.2 -2.6 52  0.0                           
051945111113101932ペルソナリテ　　　　　　　　　　　　 63.5 12.3-10.0 -6.4 -5.3 50  0.0  0                        
051945111215105093レッドランディーニ　　　　　　　　　 47.3  9.6-11.4 -9.9 -7.1 48  0.0                           
051945111313102955クロコスミア　　　　　　　　　　　　  5.1  1.8 15.7 11.3  8.9 64  6.7                           
051945111415105036プリモシーン　　　　　　　　　　　　  3.7  1.5 17.7  8.5  8.4 63 11.6  4                        
051945111515105046ラッキーライラック　　　　　　　　　  3.6  1.5 16.7 28.7 15.5 71 15.0                           
051945111615110077ランドネ　　　　　　　　　　　　　　 66.1 12.8-11.7-13.9 -8.6 46  0.0                           
051945120116103647ジョガールボニート　　　　　　　　　  6.3  2.1  7.6 17.3  8.6 29  0.0  3                        
051945120212105606レンズフルパワー　　　　　　　　　　 27.3  6.3-10.4-16.0 -9.0 11  0.0                           
051945120316103414ノーベルプライズ　　　　　　　　　　  3.2  1.5 14.1  7.2  6.9 27 18.1A                          
051945120415100828ハルメキ　　　　　　　　　　　　　　 28.9  6.6-10.4-10.0 -6.8 13  0.0                           
051945120516105215ベルポート　　　　　　　　　　　　　 31.9  7.2 -7.7-13.7 -7.3 13  0.0  0                        
051945120616100327セイクリッドサン　　　　　　　　　　  7.9  2.5 12.0 17.2  9.9 30 13.5                           
051945120716110088リトルモンスター　　　　　　　　　　  8.0  2.5  4.8 14.3  6.7 27 10.3                           
051945120816104749フジノタカネ　　　　　　　　　　　　  9.2  2.8  9.4 12.1  7.3 27 18.6                           
051945120914102727ファイトエルフ　　　　　　　　　　　117.9 24.3-11.4 -8.2 -6.4 14  0.0                           
051945121015110021ステラストラータ　　　　　　　　　　 17.7  4.4-10.0  7.1 -0.4 20  0.0                           
051945121115104816ヴェルトゥアル　　　　　　　　　　　 46.9 10.3-10.0-10.0 -6.7 13  0.0                           
051945121213110121クワッドアーチ　　　　　　　　　　　 89.4 18.5-10.0-14.1 -8.2 12  0.0  0                        
051945121316110142パイオニアバローズ　　　　　　　　　 11.3  3.0  0.1  5.8  2.2 22  8.2  4                        
051945121414100916クリップスプリンガ　　　　　　　　　  6.2  2.1  8.2  5.7  4.6 25  0.0                           
051945121516103101ジョイナイト　　　　　　　　　　　　 14.3  3.6  4.2  4.9  3.1 23  0.0                           
051945121615100363ラブヘネシー　　　　　　　　　　　　 97.2 20.1-10.0 -9.1 -6.3 14  0.0                           
081945010117103933リッカロッキー　　　　　　　　　　　 11.7  2.6 10.9 16.8  9.0 14  9.4  4                        
081945010217105608カヴァス　　　　　　　　　　　　　　  4.7  1.5 11.2 16.1  8.9 14  9.6                           
081945010317105208ローヌグレイシア　　　　　　　　　　 12.7  2.7 10.5 -2.4  3.1  8 22.6                           
081945010417110156ジェットマックス　　　　　　　　　　  2.3  1.2 21.8 20.7 14.2 19 18.0                           
081945010517104211シゲルアマノガワ　　　　　　　　　　 33.1  6.0-15.0-13.1 -9.4 -4  0.0                           
081945010617101485ハクアイウィンザー　　　　　　　　　  4.4  1.5 14.0 21.6 11.6 17 10.8                           
081945010717104780スペラーレ　　　　　　　　　　　　　 15.8  3.2  3.8-13.1 -2.5  2  0.0                           
081945010817106071ワイドレッジャドロ　　　　　　　　　 25.1  4.7-12.9-14.9 -9.2 -4  0.0                           
081945010917105827サマーソルト　　　　　　　　　　　　 42.5  7.5-12.9-14.9 -9.2 -4  0.0                           
081945011017106226アンストッパブル　　　　　　　　　　  6.5  1.9  7.1 10.0  5.6 11 10.3                           
081945020117104944サンデーミラージュ　　　　　　　　　  2.7  1.2 14.1 19.5 11.0 16 15.0                           
081945020217103656ロードドミニオン　　　　　　　　　　 30.7  5.4 -0.2 -1.1 -0.4  5  0.0                           
081945020317101805コルテジア　　　　　　　　　　　　　  3.6  1.3 18.0 20.5 12.8 18 21.3                           
081945020417105834ラボエーム　　　　　　　　　　　　　 19.4  3.7 -2.0  6.8  1.3  6  0.0                           
081945020517101706マルカブレーブ　　　　　　　　　　　 25.8  4.6-10.8  6.5 -2.0  3  0.0                           
081945020617110085デュボンタン　　　　　　　　　　　　 25.9  4.6-10.8-19.8 -9.9 -5  0.0                           
081945020717102264シェイクスピア　　　　　　　　　　　 24.1  4.3 -5.6 -3.3 -3.0  2  0.0                           
081945020817102666マイネルクライマー　　　　　　　　　 11.2  2.4 10.9  5.0  5.5 10 19.8                           
081945020917101415ウインマイティー　　　　　　　　　　  3.1  1.2 19.2 39.2 18.8 24  8.8                           
081945021017101857ジュンジュン　　　　　　　　　　　　 37.0  6.3-11.4 -1.9 -4.8  0  0.0                           
081945021117100154ピエナボヘミアン　　　　　　　　　　 22.9  4.2 -2.6 13.8  3.2  8 14.4                           
081945030117106707リトルシャイン　　　　　　　　　　　 67.4 14.1 -8.5-13.8 -7.3 -7  0.0                           
081945030217101399バトル　　　　　　　　　　　　　　　 42.8  9.5-10.9-13.1 -7.9 -8  0.0                           
081945030317102625ワンスウィートデイ　　　　　　　　　  4.5  1.7  5.8  4.5  3.5  3  0.0                           
081945030417102873ヴィンチェーレ　　　　　　　　　　　 14.6  3.7 -1.4  4.6  0.9  1  8.8                           
081945030517106336タイキワンダラス　　　　　　　　　　 15.0  3.8 -0.3-11.8 -3.7 -4  0.0                           
081945030617103263チェスナットホーク　　　　　　　　　 67.3 14.1 -9.7-10.5 -6.7 -7  0.0                           
081945030717103059ハクサンブレーヴ　　　　　　　　　　 52.0 11.4-11.4-13.9 -8.4 -8  0.0                           
081945030817102473デイスター　　　　　　　　　　　　　 30.0  6.8 -5.6  1.5 -1.6 -2  0.0                           
081945030917103872ドーン　　　　　　　　　　　　　　　  6.3  2.1  8.5-20.0 -2.9 -3 12.6  0                        
081945031017106055メイショウオイワキ　　　　　　　　　  4.0  1.6 13.2  3.2  5.8  6 18.0  0                        
081945031117105927アナザーエンド　　　　　　　　　　　  6.7  2.2  6.5 13.8  6.5  7 20.5                           
081945031217102719リュウノイノリ　　　　　　　　　　　  9.4  2.8  7.6 -4.5  1.4  1  0.0                           
081945031317104977テンサイドカップ　　　　　　　　　　 42.5  9.4 -9.7 -7.6 -5.8 -6  0.0                           
081945031417104472カズオルヴァル　　　　　　　　　　　  4.6  1.7  1.1 13.0  4.3  4 21.3                           
081945040116103254オールマイト　　　　　　　　　　　　 32.1  5.9-11.7-17.7 -9.6-10  0.0  0                        
081945040214100621リボンナイト　　　　　　　　　　　　  8.0  2.1 11.9 12.2  8.0  8 13.5                           
081945040314103872オースミベリル　　　　　　　　　　　 13.5  2.9  4.9  6.8  3.8  4 22.6                           
081945040415104586レッドアルディ　　　　　　　　　　　 32.3  5.9 -7.6-14.3 -7.1 -7  0.0                           
081945040515104582ケイティクレバー　　　　　　　　　　  3.2  1.4 23.4 16.6 13.6 14 16.4                           
081945040613110043ゼンノサーベイヤー　　　　　　　　　  5.6  1.7  5.5 23.8  9.2  9  9.6  1  351   47              
081945040713102344リネンソング　　　　　　　　　　　　 42.2  7.6 -9.7-10.5 -6.7 -7  0.0                           
081945040813105528セネッティ　　　　　　　　　　　　　  2.9  1.3 18.0 17.1 11.7 12 18.0                           
081945040915102813メイショウイライザ　　　　　　　　　  7.5  2.1 13.2  6.5  6.8  7  0.0                           
081945041015100451コスモロブロイ　　　　　　　　　　　 38.3  6.9 -9.7 -7.6 -5.8 -6  0.0                           
081945041116101130アキンド　　　　　　　　　　　　　　 24.3  4.6 -9.7 -2.2 -4.2 -4  0.0                           
081945041216102620ディード　　　　　　　　　　　　　　 23.7  4.5 -8.7-14.4 -7.5 -8  0.0  0                        
081945050117101783サウザンドスマイル　　　　　　　　　 50.6  8.7-10.9  5.9 -2.2 -2 22.5                           
081945050217101213アラビカ　　　　　　　　　　　　　　  6.3  1.8 12.5  8.3  7.1  7  9.6                           
081945050317104470ダンツガゼール　　　　　　　　　　　 13.4  2.8  2.4  6.3  2.8  3  0.0                           
081945050417105535ステラアルバ　　　　　　　　　　　　 17.7  3.5 -5.6  2.7 -1.2 -1  0.0                           
081945050517102221サウンドワイズ　　　　　　　　　　　 46.0  8.0 -7.2-10.2 -5.7 -6  0.0                           
081945050617103328ウインドラブリーナ　　　　　　　　　 27.1  5.0-10.9 13.4  0.0  0  0.0                           
081945050717106131キーダイヤ　　　　　　　　　　　　　  4.8  1.6  6.1 16.5  7.2  7  8.8                           
081945050817100127クリノソフィア　　　　　　　　　　　 31.6  5.7-10.3  0.5 -3.6 -4  0.0                           
081945050917103804タッシーエルモ　　　　　　　　　　　 20.2  3.9 -4.0 -3.4 -2.5 -2  0.0                           
081945051017106335ソングオブザハート　　　　　　　　　 86.7 14.1-11.4-14.4 -8.5 -8  0.0                           
081945051117104099センショウレサイヤ　　　　　　　　　 25.3  4.7  5.0 24.0  9.0  9  9.3  3                        
081945051217103062カルサヴィナ　　　　　　　　　　　　122.7 19.6-10.8 -6.6 -5.9 -6  0.0                           
081945051317105563レシステンシア　　　　　　　　　　　  2.2  1.2 15.9 25.4 13.4 13 18.0                           
081945051417104287オスカーステージ　　　　　　　　　　 33.5  6.0 -0.2  5.0  1.4  1  0.0                           
081945051517103133ウォーターハミング　　　　　　　　　 55.2  9.2 -6.9 -8.5 -5.1 -5  0.0                           
081945051617102516エレヴァート　　　　　　　　　　　　 49.2  8.5 -2.6-10.0 -4.0 -4  0.0                           
081945051717104975アグロウ　　　　　　　　　　　　　　 15.7  3.2 -3.6  8.6  1.3  1  9.4                           
081945051817101718タガノヴィアトゥル　　　　　　　　　 45.4  7.9-10.8-13.5 -8.0 -8 19.8                           
081945060114101588シャイニーピース　　　　　　　　　　  8.1  2.0  3.6 12.5  5.1 25 19.1  5                        
081945060216104219シホノフォルテ　　　　　　　　　　　  2.1  1.2 21.9 18.9 13.7 34 18.0                           
081945060316105584ブルーコンパクタ　　　　　　　　　　 18.1  3.4 -4.0-15.1 -6.0 14  0.0                           
081945060415104428ダノンインパルス　　　　　　　　　　 13.2  2.7  9.6 15.3  8.1 28 14.4                           
081945060514100508アルムチャレンジ　　　　　　　　　　  7.5  1.9  3.8  1.8  1.9 22  0.0                           
081945060616101755メイショウランセツ　　　　　　　　　 26.2  4.5-11.4 -8.2 -6.6 13  0.0                           
081945060715100019ワイズワン　　　　　　　　　　　　　 19.0  3.5-10.9-16.1 -8.8 11  0.0  0                        
081945060816100589セロシア　　　　　　　　　　　　　　  4.3  1.5 12.5 24.1 11.8 32 17.0  1  170   42              
081945060916103066シャンパンクーペ　　　　　　　　　　 12.0  2.5  1.1  2.1  1.0 21  0.0                           
081945061016106527プレイヤーズハイ　　　　　　　　　　 15.4  3.0 -5.7  3.1 -1.2 19 12.5                           
081945070115106165アトミカ　　　　　　　　　　　　　　 17.0  3.6  1.2 11.4  3.9 24  0.0                           
081945070216102303パレニア　　　　　　　　　　　　　　  5.3  1.7 15.0 21.8 12.0 32 19.6                           
081945070315104754アトレヴィード　　　　　　　　　　　 23.3  4.7-10.9 -5.3 -5.6 14  0.0  0                        
081945070413103963ラタンドレス　　　　　　　　　　　　 18.4  3.9 -0.2  6.0  1.7 22  0.0                           
081945070516105276セラピア　　　　　　　　　　　　　　  2.4  1.3 17.3 33.0 16.2 36  8.1                           
081945070616100710アイメイドイット　　　　　　　　　　 23.0  4.6 -5.6 -6.2 -3.9 16 18.0                           
081945070716103062ルーアン　　　　　　　　　　　　　　 16.1  3.5 10.1  9.7  6.6 27 24.5  5                        
081945070813104252ニホンピロプレー　　　　　　　　　　 28.0  5.5-11.7-17.7 -9.6 10  0.0  0                        
081945070915103580ファステンバーグ　　　　　　　　　　 22.3  4.5 -4.1-12.0 -5.1 15  0.0                           
081945071016101769ペイシャクレア　　　　　　　　　　　  7.4  2.1 13.2  6.5  6.8 27  7.2                           
081945071114101752エナホープ　　　　　　　　　　　　　 35.5  6.8-10.9 -2.3 -4.7 15  0.0                           
081945071215100608アングルティール　　　　　　　　　　 22.8  4.6 -5.6 -9.5 -4.9 15  0.0  0                        
081945071316104481サルトアトランテ　　　　　　　　　　  5.5  1.7 13.7  5.0  6.5 27  8.2                           
081945080115103227マンナム　　　　　　　　　　　　　　  3.1  1.2 17.5 21.5 12.9 33 10.8  2                        
081945080214103870フォレストタウン　　　　　　　　　　 17.6  2.7 -0.5  0.9  0.1 20  0.0                           
081945080316104273シゲルヒカルダイヤ　　　　　　　　　 17.6  2.7 -5.6  6.3 -0.2 20 11.8                           
081945080415102747フィールドドウサン　　　　　　　　　 22.1  3.2  1.5  5.0  2.0 22  0.0                           
081945080516102524スマートフルーレ　　　　　　　　　　  1.9  1.2 19.7 29.3 16.0 36 18.0                           
081945080615101328マイティバローズ　　　　　　　　　　  5.9  1.4 14.1  9.6  8.1 28 17.8                           
081945080714100641キングレイスター　　　　　　　　　　 26.2  3.6 -8.5-15.1 -7.6 12  0.0                           
081945080814105999エンドレスコール　　　　　　　　　　  8.0  1.7  7.6 16.1  7.6 28 19.8  4                        
081945090116104907バラックパリンカ　　　　　　　　　　  3.2  1.3 14.2 16.1 10.0 40 18.0                           
081945090215105210フィールインラヴ　　　　　　　　　　 37.4  7.0-14.0  8.6 -2.6 27  0.0                           
081945090313100488ホットファイヤー　　　　　　　　　　 37.1  7.0-14.0-10.2 -8.2 22  0.0                           
081945090415101631スピンドクター　　　　　　　　　　　 25.1  4.9-11.4 -3.4 -5.2 25  0.0                           
081945090515104138バイマイサイド　　　　　　　　　　　  3.7  1.4 16.4 24.8 13.5 43  6.7  1  141   51              
081945090616104397タイセイモナーク　　　　　　　　　　 11.1  2.6 -0.2 11.6  3.4 33 14.4  5                        
081945090715104068ミッキーバード　　　　　　　　　　　  7.4  2.1 20.5  5.4  9.1 39 12.6                           
081945090813103370ダイナミックアロー　　　　　　　　　 36.9  6.9-10.9-10.2 -7.1 23  0.0                           
081945090916103263ルタンブル　　　　　　　　　　　　　  7.8  2.2  7.7 14.4  7.1 37 20.5                           
081945091014105970アロマドゥルセ　　　　　　　　　　　  3.2  1.3 16.4 16.6 11.0 41  8.8                           
081945100113106133ティソーナ　　　　　　　　　　　　　 34.4  6.8 -9.7-11.9 -7.1 28  0.0                           
081945100213103604アグネスフォルテ　　　　　　　　　　 26.5  5.4-10.9-16.8 -9.0 26  0.0  0                        
081945100314100595ミスディレクション　　　　　　　　　 33.9  6.7 -5.6-15.2 -6.6 28  0.0  0                        
081945100413106088サトノケンシロウ　　　　　　　　　　  6.7  2.0  7.8  9.5  5.7 41  0.0  5                        
081945100515103930バイオレントブロー　　　　　　　　　 35.0  6.9 -5.9 -7.6 -4.4 31 19.8                           
081945100614102243ドリームソルジャー　　　　　　　　　  6.4  2.0 13.0  3.5  5.8 41 11.7  0                        
081945100715104868ネプチュナイト　　　　　　　　　　　  6.5  2.0 11.8 11.1  7.7 43 16.0                           
081945100815102257レッドラフェスタ　　　　　　　　　　  3.2  1.4 14.5 15.9 10.1 45 18.0                           
081945100915104227バレーノロッソ　　　　　　　　　　　 25.2  5.2 -5.1 -0.3 -2.0 33  0.0                           
081945101014105125エーティーラッセン　　　　　　　　　 15.9  3.6 -8.1-20.0 -9.0 26  0.0  0                        
081945101114105249アルメリアブルーム　　　　　　　　　 11.5  2.8  2.9 25.9  8.8 44 11.8                           
081945101215102591アシュリン　　　　　　　　　　　　　  3.7  1.5  3.8 28.7 10.0 45  8.8                           
081945110116104721アウィルアウェイ　　　　　　　　　　  8.4  2.4 12.5  1.0  4.9 50  0.0                           
081945110213104320タマモブリリアン　　　　　　　　　　121.0 22.6-14.0-19.5-11.0 34  0.0                           
081945110312105252フミノムーン　　　　　　　　　　　　 59.0 11.3-10.9-12.0 -7.6 37  0.0                           
081945110414105801メイソンジュニア　　　　　　　　　　 25.3  5.4 -5.6 -8.3 -4.5 40  0.0  0                        
081945110515104176フロンティア　　　　　　　　　　　　 12.6  3.0  6.8  6.9  4.6 50  0.0                           
081945110614106006ミラアイトーン　　　　　　　　　　　  2.5  1.4 20.5 24.0 14.7 60 18.0  2                        
081945110715100772エイシンデネブ　　　　　　　　　　　  6.1  2.0 14.4  7.7  7.6 53  8.8                           
081945110814104515クインズサリナ　　　　　　　　　　　 31.4  6.5-10.9  2.0 -3.4 42  0.0  5                        
081945110914100687エントリーチケット　　　　　　　　　 45.7  9.2-10.9-14.8 -8.4 37 22.5                           
081945111014102185ジョイフル　　　　　　　　　　　　　 22.3  4.8  1.2 -4.7 -1.0 44  0.0                           
081945111113106441ミキノドラマー　　　　　　　　　　　 39.4  8.0 -9.7-10.5 -6.7 38  0.0                           
081945111213106051ビップライブリー　　　　　　　　　　 13.5  3.2 10.1  8.8  6.3 51 24.1                           
081945111314106012ハウメア　　　　　　　　　　　　　　 16.9  3.9 -9.7 -4.3 -4.8 40  0.0                           
081945111414103400メイショウカズヒメ　　　　　　　　　 35.3  7.2-10.9-19.5 -9.8 35  0.0                           
081945111512110030パラダイスガーデン　　　　　　　　　 51.5 10.2 -9.7 -7.2 -5.7 39  0.0                           
081945111614105621カラクレナイ　　　　　　　　　　　　 10.9  2.7  9.3 18.3  8.9 54 10.3                           
081945111714103077ウインストラグル　　　　　　　　　　 30.9  6.4-10.9 13.2  0.0 45 13.2                           
081945111815110046シャドウノエル　　　　　　　　　　　 13.3  3.2 -5.6-14.3 -6.3 39  0.0                           
081945120113103668ブリーズスズカ　　　　　　　　　　　 29.8  5.6 -5.6-15.1 -6.6 23  9.8                           
081945120214103434アスターストーリー　　　　　　　　　 42.8  7.8-10.9 -9.6 -6.9 23  0.0                           
081945120315105573エクスパートラン　　　　　　　　　　 61.9 10.7-10.9-20.0-10.0 20 14.5  0                        
081945120416102334コンカラー　　　　　　　　　　　　　  3.9  1.4 18.4  8.0  9.1 39 21.3                           
081945120516100158ダイシンクローバー　　　　　　　　　 24.2  4.7 -5.6 -7.2 -4.2 26  0.0                           
081945120614102200アフターバーナー　　　　　　　　　　  3.8  1.4 14.5 13.4  9.3 39 19.6                           
081945120714104962ナムラヘラクレス　　　　　　　　　　 22.8  4.5 -8.3  7.3 -0.9 29  0.0                           
081945120815101229マイネルオスカル　　　　　　　　　　  7.4  2.1 15.5 10.5  8.8 39  0.0                           
081945120913105629スーパーライナー　　　　　　　　　　 19.2  3.9 -1.7  4.6  0.8 31  0.0                           
081945121016105898カルカリーナ　　　　　　　　　　　　 30.4  5.7  2.5 -5.7 -0.8 29  0.0                           
081945121116100955キコクイーン　　　　　　　　　　　　 19.2  3.9  2.9  8.6  3.6 34  0.0                           
081945121214102730ヴォカツィオーネ　　　　　　　　　　 38.8  7.1-11.0-11.1 -7.4 23  0.0                           
081945121314101156ワンダーウマス　　　　　　　　　　　  2.7  1.3 15.4 15.3 10.2 40 18.0                           
