031711010114100751コスモフリップ　　　　　　　　　　　  8.6  2.6-10.0 -8.6 -6.2 -1  0.0  0                        
031711010214105190クイーンズスタイル　　　　　　　　　  9.0  2.7  6.8 13.0  6.8 12  9.2                           
031711010314102959ペイシャリサ　　　　　　　　　　　　 14.6  3.6 -3.3 -2.0 -1.7  3 21.3                           
031711010414101816チェス　　　　　　　　　　　　　　　  5.9  2.0 10.0 -9.0 -0.3  5  7.3                           
031711010514105669ピネローロ　　　　　　　　　　　　　 10.6  2.8  6.0 11.0  5.8 11  9.8                           
031711010614102569ブロードビーチ　　　　　　　　　　　 27.2  6.1-10.8-10.8 -7.2 -2  0.0                           
031711010714106074クインアマランサス　　　　　　　　　 53.1 11.3-10.8 -8.0 -6.2 -1  0.0  0                        
031711010814105736アモーレ　　　　　　　　　　　　　　 19.4  4.6-11.3 -4.5 -5.0  0  0.0                           
031711010914103036プリンセスヨウク　　　　　　　　　　  6.0  2.0  8.7  8.8  5.8 11  0.0                           
031711011014101213ラインアストロ　　　　　　　　　　　  3.0  1.5 20.0 10.5  9.9 15  6.7                           
031711011114102075ミハテヌユメ　　　　　　　　　　　　 64.0 13.1-11.3 -2.7 -4.4  1  0.0                           
031711011214102646ミヤギインザムーン　　　　　　　　　101.0 20.3-10.8-10.8 -7.2 -2  0.0                           
031711011314100572アネモネ　　　　　　　　　　　　　　 33.1  7.3-10.0 -7.4 -5.7 -1  0.0                           
031711011414105336リュミエールドール　　　　　　　　　  8.9  2.7 11.8  8.5  6.7 12  0.0                           
031711011514103706ハートブレイク　　　　　　　　　　　 33.2  7.3-10.0 -9.6 -6.5 -2  0.0                           
031711020114100306ジーガーミッシェル　　　　　　　　　 87.6 15.6-10.0-14.4 -8.3 -3  0.0  0                        
031711020214102498アイビーグラチア　　　　　　　　　　 42.3  8.1-11.3-17.9-10.0 -5  0.0  0                        
031711020314106442ユトリチャン　　　　　　　　　　　　  3.1  1.4 18.3 24.0 14.3 19 13.0  3                        
031711020414104824トミケンアディム　　　　　　　　　　 31.2  6.2-10.0  4.3 -1.4  4  0.0                           
031711020514100449ユウギリジョウ　　　　　　　　　　　  5.9  1.8 12.5 16.0  9.6 15  8.5                           
031711020614100939ミコエバー　　　　　　　　　　　　　 29.7  5.9-10.0 -2.0 -3.7  1  0.0                           
031711020714100383コッコリーノ　　　　　　　　　　　　 88.1 15.7-10.0-10.0 -6.7 -2  0.0                           
031711020814103078ジャルダンヴェール　　　　　　　　　  5.3  1.7  6.0 24.9 10.9 16  7.9  4                        
031711020914104920モクシュラ　　　　　　　　　　　　　 38.2  7.4 -2.0  2.2  0.2  5 12.1                           
031711021014100557ヤマニンシーベリー　　　　　　　　　  3.6  1.5 20.0 15.7 11.8 17  6.9                           
031711021114102983ナムラウラン　　　　　　　　　　　　 70.8 12.8-10.0-10.0 -6.7 -2  0.0                           
031711021214103755フォーエバースカイ　　　　　　　　　 40.4  7.8-10.0-10.0 -6.7 -2  0.0                           
031711021314104285ノアスパーク　　　　　　　　　　　　 36.9  7.2-11.3 -2.0 -4.1  1  0.0                           
031711021414102570モズカタクラ　　　　　　　　　　　　 14.0  3.2  3.5  8.5  4.2  9  0.0                           
031711021514100778サラデコラシオン　　　　　　　　　　 16.3  3.6-10.0  4.0 -1.5  3  0.0                           
031711021614105487コールオンミー　　　　　　　　　　　 18.8  4.0-10.0  2.6 -2.0  3  0.0                           
031711030114101522ブルーオーシャン　　　　　　　　　　 85.4 13.2-11.3  4.5 -1.7  3  0.0                           
031711030214104395ショウナンナナイロ　　　　　　　　　 16.4  3.2 -5.5 -7.7 -4.5  1  0.0  0                        
031711030314104498ユメノユメ　　　　　　　　　　　　　 24.6  4.4  6.0  1.5  2.3  7  0.0                           
031711030414109101フライングゲット　　　　　　　　　　  6.3  1.7 17.5  5.1  7.1 12  7.9                           
031711030514104070ジクウ　　　　　　　　　　　　　　　 32.3  5.5-10.0 -6.3 -5.3  0  0.0                           
031711030614110019ヒロミノテソーロ　　　　　　　　　　 28.3  4.9  6.0 11.3  5.9 11  0.0                           
031711030714104593クアトロヴィーヴァ　　　　　　　　　 16.6  3.2  6.0  5.4  3.8  9  0.0                           
031711030814100575ジュティアン　　　　　　　　　　　　 48.8  8.0 -7.0 -7.5 -4.8  0  0.0                           
031711030914105936パッキーノ　　　　　　　　　　　　　 57.2  9.1-11.3 -2.0 -4.1  1  0.0                           
031711031014104540テイエムセイント　　　　　　　　　　 42.5  7.1-10.0-10.0 -6.7 -2  0.0                           
031711031114105690トラムポルカ　　　　　　　　　　　　 30.1  5.2-11.3-11.5 -7.6 -3  0.0                           
031711031214103298テルペリオン　　　　　　　　　　　　  3.1  1.3  7.9 18.1  9.0 14 14.2                           
031711031314105759マサハヤスター　　　　　　　　　　　  2.5  1.3 20.0 19.8 13.3 18 13.0                           
031711031414106055ネオヴァヴェル　　　　　　　　　　　 82.2 12.7-10.0 27.0  6.9 12 13.8                           
031711031514104008ブルーベック　　　　　　　　　　　　  7.4  1.9 10.0  5.3  4.9 10  0.0                           
031711040110109123ルー　　　　　　　　　　　　　　　　  4.1  1.6 12.3 12.5  8.3  8  7.3                           
031711040213103952プレシャスタイム　　　　　　　　　　 23.9  5.3 -1.3 -2.5 -1.3 -1  0.0                           
031711040312105282モアザンイナフ　　　　　　　　　　　 27.5  6.0  1.2  0.4  0.5  1  0.0                           
031711040409105006オビーディエント　　　　　　　　　　 43.0  9.0 -4.7 -5.5 -3.4 -3  0.0                           
031711040513102855コージェント　　　　　　　　　　　　  4.3  1.6 17.5 13.0 10.0 10  7.5                           
031711040610105871ケントヒーロー　　　　　　　　　　　 53.3 11.0-11.3-16.4 -9.4 -9  0.0                           
031711040710106460クリノチョモラーリ　　　　　　　　　 57.9 11.6-10.0-10.0 -6.7 -7  0.0                           
031711040812100996レジェンドパワー　　　　　　　　　　  4.7  1.7  3.0 11.0  4.9  5 16.5  5                        
031711040912103657トーセンモバイル　　　　　　　　　　 20.3  4.7  6.0  6.0  4.0  4  0.0                           
031711041013106047レッドバルトーク　　　　　　　　　　  8.4  2.5  2.5  6.9  3.3  3  0.0                           
031711041111100912アラタマシャトル　　　　　　　　　　 27.9  6.1-10.8-10.8 -7.2 -7  0.0                           
031711041211106314ウインレーベン　　　　　　　　　　　  3.6  1.5 16.2 15.4 10.5 11 13.0                           
031711041312103168ララクードゥリオン　　　　　　　　　 33.2  7.1-10.0 -6.7 -5.5 -5  0.0                           
031711041412105765シゲルナマハゲ　　　　　　　　　　　 48.6 10.1 -5.5-10.8 -5.6 -6  0.0                           
031711050109106336セイクリッドロード　　　　　　　　　 19.9  4.5 -3.3 -2.0 -1.7 18  0.0                           
031711050212100999セイウンアワード　　　　　　　　　　 65.6 12.9 -2.0-10.0 -4.3 16  0.0                           
031711050310103151ゴースルー　　　　　　　　　　　　　 40.6  8.4-10.0 -2.0 -3.7 16 12.1                           
031711050412103946スズカプレスト　　　　　　　　　　　  3.6  1.5 18.7 16.1 11.5 32  6.7                           
031711050511104321サトノセレリティ　　　　　　　　　　  6.8  2.1 -1.3  3.6  0.9 21  0.0                           
031711050612106290ブライアンキング　　　　　　　　　　 16.7  3.9  4.1  3.6  2.5 23  0.0                           
031711050713105989アドマイヤフォルム　　　　　　　　　  8.6  2.5  1.7  1.2  0.9 21  0.0                           
031711050811103385ハギノセゾン　　　　　　　　　　　　 61.0 12.0 -7.0 -7.5 -4.8 15  0.0                           
031711050911105272ウインイルソーレ　　　　　　　　　　 47.5  9.7-11.3-15.3 -9.0 11  0.0  0                        
031711051012104966ハギノパトリオット　　　　　　　　　  4.0  1.5 10.0 11.9  7.4 27  7.9                           
031711051110100880ドリームハヤテ　　　　　　　　　　　 14.4  3.5  0.4  9.2  3.5 23  9.2  4                        
031711051212103216サンディアタッチ　　　　　　　　　　 35.2  7.4-10.0 -6.7 -5.5 15  0.0                           
031711051313100361アズマタックン　　　　　　　　　　　  3.8  1.5 14.3 13.4  9.2 29 14.2                           
031711051411105541クリノキングムーン　　　　　　　　　 32.8  6.9-10.8-10.8 -7.2 13  0.0                           
031711060112104634エリオットベイ　　　　　　　　　　　 37.4  7.3-10.0 10.7  0.9 21  0.0  5                        
031711060213103930ミュートロギア　　　　　　　　　　　 45.4  8.8-11.3-10.5 -7.2 13  0.0                           
031711060310104563ドリームリヴァール　　　　　　　　　  4.4  1.6 12.3 10.3  7.5 27  7.9                           
031711060412105503タイキオールブルー　　　　　　　　　 18.2  4.0  8.5  0.6  2.8 23  9.8                           
031711060513100550サンマルドライヴ　　　　　　　　　　 17.2  3.8 -4.7 -5.5 -3.4 17  0.0                           
031711060611103679レオニーズ　　　　　　　　　　　　　  3.9  1.5 14.4 16.2 10.3 30  7.3                           
031711060712106376ワンダージンテーゼ　　　　　　　　　 19.2  4.2  6.5  8.0  4.9 25  0.0                           
031711060812105321ローレルウラノス　　　　　　　　　　 86.6 15.8-10.0 -4.4 -4.6 15  0.0                           
031711060913102271カワキタピリカ　　　　　　　　　　　 13.9  3.2  6.8 12.0  6.4 26  0.0                           
031711061013106266キキズブルーム　　　　　　　　　　　 71.5 13.1-10.0 -6.8 -5.5 15  0.0                           
031711061112101375ディナスティーア　　　　　　　　　　  3.0  1.4 17.9 20.1 12.7 33  6.3  2                        
031711061213102549ミュゼリバイアサン　　　　　　　　　  6.0  1.9 20.0 12.6 10.6 31 16.5                           
031711061312100286クリノダイシャリン　　　　　　　　　 31.5  6.3-10.0 -6.7 -5.5 15  0.0                           
031711061413109026エフハリスト　　　　　　　　　　　　 81.2 14.8 -1.7 -7.5 -3.3 17  0.0                           
031711061513100996ショウサングランド　　　　　　　　　 64.5 11.9-10.8-10.8 -7.2 13  0.0                           
031711070114106526トランプマジック　　　　　　　　　　 48.4  7.3-10.0 -4.2 -4.5  0  0.0                           
031711070214106479アネッロドーロ　　　　　　　　　　　 84.2 12.0-11.3-13.3 -8.3 -3  0.0                           
031711070314105178メリークン　　　　　　　　　　　　　  1.9  1.2 20.0  8.2  9.0 14 13.0                           
031711070414104460サーストンユメコ　　　　　　　　　　 11.7  2.3 15.5 19.3 11.7 17  0.0  4                        
031711070514103417ウィズアウィッシュ　　　　　　　　　  4.2  1.5 13.8 15.0  9.6 15 14.2                           
031711070614103375ローブ　　　　　　　　　　　　　　　 39.4  6.1  6.0-11.2 -2.3  3  0.0                           
031711070714101125シゲルハリネズミ　　　　　　　　　　 55.4  8.1-10.0-10.0 -6.7 -2  0.0                           
031711070814105479ルパルク　　　　　　　　　　　　　　  8.5  2.0  9.9 11.8  7.3 12 15.3                           
031711070914104096スカーレットジェム　　　　　　　　　 16.2  2.9-10.0-11.2 -7.1 -2  0.0                           
031711071014100621リボンナイト　　　　　　　　　　　　 36.6  5.7-10.0-10.0 -6.7 -2  0.0                           
031711071114102947ターシャフォンテン　　　　　　　　　100.8 14.2-10.0-10.0 -6.7 -2  0.0                           
031711071214103656リワードクラング　　　　　　　　　　 62.1  9.0-10.0-20.0-10.3 -5  0.0  0                        
031711071314103697スウォンジー　　　　　　　　　　　　 60.4  8.8-11.3-11.5 -7.6 -3  0.0                           
031711071414101291ビップアンフィル　　　　　　　　　　 12.2  2.4 10.0  8.7  6.2 11  0.0                           
031711071514100841テイエムアカツキ　　　　　　　　　　 19.6  3.4  4.2  6.0  3.5  8  0.0                           
031711071614100864キチロクエンパイア　　　　　　　　　 35.7  5.6-11.3 -9.0 -6.7 -2  0.0                           
031711080112102169ウィズアットレース　　　　　　　　　 18.8  4.6 -3.3  5.1  0.9 21  0.0                           
031711080212104140ダイワズットラブ　　　　　　　　　　 15.8  4.0-11.3 -8.6 -6.5 13  0.0                           
031711080313100689ウメマツサクラ　　　　　　　　　　　 14.2  3.6 11.8 -5.5  1.5 22  9.8                           
031711080413103720ユッセ　　　　　　　　　　　　　　　 24.9  5.8-10.0 -0.5 -3.2 17  0.0                           
031711080512102059スズカブレーン　　　　　　　　　　　 12.7  3.3 -2.0  9.0  2.7 23  0.0                           
031711080611100930トウシンムサシ　　　　　　　　　　　 60.5 12.8-10.8-14.9 -8.7 11  0.0  0                        
031711080713106459グレースシャンティ　　　　　　　　　 93.5 19.4-10.0 -4.4 -4.6 15  0.0                           
031711080811109160クラウンアイリス　　　　　　　　　　  6.3  2.1 16.9 12.3  9.6 30  8.5                           
031711080911106417ツキミチャン　　　　　　　　　　　　 37.2  8.3  0.3 -1.6 -0.5 20  0.0                           
031711081011106102ヴァッフシュテルケ　　　　　　　　　 12.6  3.3  0.6 10.2  3.9 24  0.0                           
031711081112103772アスターペニー　　　　　　　　　　　 33.7  7.6-10.8-10.8 -7.2 13  0.0                           
031711081213105028コパノディール　　　　　　　　　　　 34.3  7.7-10.0-15.0 -8.5 12  0.0                           
031711081312105598メイショウサワヤカ　　　　　　　　　 44.5  9.9-10.0-10.0 -6.7 13  0.0                           
031711081412102648ニシノアンジュ　　　　　　　　　　　  4.2  1.7 13.8  9.0  7.4 27 13.0                           
031711081513102278フェルクレール　　　　　　　　　　　  4.3  1.7 22.5  9.4 10.2 30  6.9                           
031711081611104420ダブルコーク　　　　　　　　　　　　  5.1  1.9 15.4 16.3 10.6 31  7.9                           
031711090113100401リリーシューター　　　　　　　　　　 22.0  4.8 -5.5 -4.7 -3.4 17  0.0                           
031711090212100657ヨドノナイト　　　　　　　　　　　　  8.1  2.4  8.5  2.2  3.4 23  9.1                           
031711090313105979セカンドエフォート　　　　　　　　　  2.8  1.4 18.2 18.7 12.3 32 13.0                           
031711090412101963フクノドービル　　　　　　　　　　　126.3 23.6-11.3-20.0-10.7  9  0.0  0                        
031711090513102337ソウマ　　　　　　　　　　　　　　　 31.8  6.6-10.0 -2.0 -3.7 16  0.0                           
031711090612104539キングリオ　　　　　　　　　　　　　 12.5  3.0 22.5  9.0 10.1 30  0.0                           
031711090712104173グランシャリオ　　　　　　　　　　　 39.2  8.0-10.0 -7.1 -5.6 14  0.0                           
031711090813109095ハシカミ　　　　　　　　　　　　　　  5.2  1.8 14.4  4.1  5.8 26  0.0                           
031711090913103735メイショウトビザル　　　　　　　　　 20.1  4.5 11.6  0.7  3.7 24  0.0  0                        
031711091013105701ディゼトワール　　　　　　　　　　　 70.8 13.5-11.3-10.6 -7.3 13  0.0                           
031711091113101511ヤマチョウルンバ　　　　　　　　　　 83.5 15.8-11.3 -2.7 -4.4 16  0.0                           
031711091213102598アイアンマン　　　　　　　　　　　　 52.2 10.4-10.8 -4.6 -4.9 15  0.0  5                        
031711091313102384ベルウッドタマド　　　　　　　　　　 32.3  6.7-11.3 20.0  3.9 24  0.0                           
031711091413101822ハギノグランコート　　　　　　　　　  5.7  1.9 14.2 16.7 10.4 30 16.5  3                        
031711091513104514ベストインザスカイ　　　　　　　　　  5.3  1.8  9.3 11.7  7.1 27  7.5  4                        
031711100114105476ショワドゥロワ　　　　　　　　　　　  5.6  2.0 18.5-10.9  1.6 22  0.0                           
031711100214105971ユノディエール　　　　　　　　　　　 16.3  4.2  4.2  2.1  2.0 22 10.9                           
031711100314105772ミッキーロイヤル　　　　　　　　　　 11.1  3.0  8.7 14.1  7.8 28  9.8  1  184   57              
031711100414100515ドンリッチ　　　　　　　　　　　　　  8.3  2.7  4.1 15.3  6.8 27  9.1  4                        
031711100514102243ドリームソルジャー　　　　　　　　　 12.3  3.3 -5.5 -2.4 -2.5 17  0.0                           
031711100614106160ミッキースワロー　　　　　　　　　　  4.8  1.8 20.0  3.3  7.2 27  0.0                           
031711100714105130キャリアベスト　　　　　　　　　　　 61.2 13.3-10.0 -4.7 -4.7 15  0.0                           
031711100814106225ウィズワンアセント　　　　　　　　　 24.0  5.8 -7.0 -7.5 -4.8 15 12.6                           
031711100914101754マイネルユニブラン　　　　　　　　　 10.8  3.0 -3.3  1.0 -0.6 19  9.7                           
031711101014103487エヴェリーナ　　　　　　　　　　　　 22.3  5.4 -1.3-11.5 -4.6 15  0.0                           
031711101114101390グリトニル　　　　　　　　　　　　　 20.9  5.2 -5.0 -5.1 -3.4 17  0.0  0                        
031711101214105781インシュラー　　　　　　　　　　　　  4.3  1.7 15.0  5.9  6.7 27  6.7                           
031711101314104660シシオウ　　　　　　　　　　　　　　  7.7  2.5 16.8 10.0  8.7 29  0.0                           
031711110113103950リルティングインク　　　　　　　　　 38.3  7.8-11.3 -9.4 -6.8 23  0.0                           
031711110213103940フジノパンサー　　　　　　　　　　　  4.0  1.5  6.0 18.5  8.6 39 15.3  2                        
031711110312102404エリーティアラ　　　　　　　　　　　 13.9  3.3 -3.3 12.0  3.4 33  0.0                           
031711110412104768レオパルディナ　　　　　　　　　　　 24.5  5.2 -5.5-10.8 -5.6 24  0.0                           
031711110511100628レインボーラヴラヴ　　　　　　　　　 15.0  3.5  9.8 12.0  7.3 37  0.0                           
031711110609104888レヴァンタール　　　　　　　　　　　 70.8 13.5-10.0 -2.0 -3.7 26  0.0                           
031711110711103132エルカミーノレアル　　　　　　　　　 16.4  3.8  1.2  2.2  1.2 31  0.0                           
031711110812105689リッパーザウィン　　　　　　　　　　  3.4  1.4 18.1 26.1 15.0 45  6.7  2                        
031711110911105260ベルモントラハイナ　　　　　　　　　 59.2 11.4-10.0 -8.4 -6.1 24  0.0  0                        
031711111011103075デンコウヒノマル　　　　　　　　　　 63.1 12.1-10.8-10.8 -7.2 23  0.0                           
031711111111105534トシストロング　　　　　　　　　　　  3.9  1.5 13.0 17.2 10.2 40  7.3                           
031711111213103410オフクヒメ　　　　　　　　　　　　　 32.6  6.7 -5.5-10.8 -5.6 24  0.0                           
031711111313100210ダイアモンドノーム　　　　　　　　　 39.9  8.1-10.0-18.3 -9.7 20  0.0  0                        
031711111411100582ハピネス　　　　　　　　　　　　　　  7.6  2.3  8.0  7.8  5.3 35  8.1                           
031711111509105734ファンデルワールス　　　　　　　　　 33.3  6.9-10.0  6.5 -0.6 29  0.0                           
031711111613104491ミエノドリーマー　　　　　　　　　　 74.1 14.1-11.3 -3.0 -4.5 26 14.9                           
031711120113105339アイアムプレシャス　　　　　　　　　117.5 24.7-10.0 -1.7 -3.6 16  0.0                           
031711120213105846クイックモーション　　　　　　　　　  7.4  2.4  6.8 -5.0  0.2 20  8.6                           
031711120313100603アイスコールド　　　　　　　　　　　 15.9  4.1 -1.3  3.2  0.8 21 10.4                           
031711120412102287ダブルフラワー　　　　　　　　　　　  5.2  1.9  8.0 -2.1  1.6 22  7.3  5                        
031711120513104536ヒメタチバナ　　　　　　　　　　　　  3.9  1.7  1.3 18.0  7.0 27  6.7                           
031711120613102094ガーネットバローズ　　　　　　　　　 42.5  9.6  7.5-10.0 -1.4 19  0.0                           
031711120713105489レッドアルカナ　　　　　　　　　　　 71.0 15.2-11.3 -3.0 -4.5 16  0.0                           
031711120812104609ジャポニカーラ　　　　　　　　　　　  6.1  2.1  0.0 16.0  5.9 26  0.0  5                        
031711120911105232ヴァンデミエール　　　　　　　　　　 25.4  6.0-11.3-18.8-10.3 10  0.0                           
031711121013106086マコトクラダリング　　　　　　　　　 45.6 10.3-10.8-10.8 -7.2 13  0.0                           
031711121113106106サトノオニキス　　　　　　　　　　　 11.5  3.1 11.3 14.1  8.6 29  0.0  1  184   57              
031711121212103146ゴージャスガール　　　　　　　　　　 41.5  9.4-11.3-11.5 -7.6 12  0.0                           
031711121312100991テイエムフタエマル　　　　　　　　　 19.0  4.7-10.8 -2.4 -4.1 16  0.0                           
031711121413105131ラブリーアモン　　　　　　　　　　　  7.8  2.5  9.3 13.0  7.6 28  9.7                           
031711121513103444トモジャクール　　　　　　　　　　　 82.5 17.6-10.0 -1.8 -3.7 16  0.0                           
031711121613106017アフィニータ　　　　　　　　　　　　  7.3  2.4 15.0  8.3  7.5 28  8.1                           
061735010114102808トーアポリネシア　　　　　　　　　　 41.6  8.3-10.0-14.6 -8.4 -3  0.0                           
061735010214100982ワガミヨニフル　　　　　　　　　　　 31.7  6.5 -6.5 -6.4 -4.3  1  0.0  0                        
061735010314103810スターカプリーヌ　　　　　　　　　　 48.0  9.4-11.0 -6.3 -5.6 -1  0.0                           
061735010414109084スカーレットベスト　　　　　　　　　 98.2 18.1-10.0-10.4 -6.8 -2  0.0                           
061735010514106043ホーセズネック　　　　　　　　　　　  8.4  2.4  8.3 19.1  9.5 14 17.5  4                        
061735010614106545ハッピークイン　　　　　　　　　　　 95.6 17.7-10.0-14.6 -8.4 -3  0.0                           
061735010714103887パシオンシャンス　　　　　　　　　　 26.6  5.5-10.0 -1.7 -3.6  1  0.0                           
061735010814105259ドナペリドット　　　　　　　　　　　 15.2  3.5  3.0 -1.6  0.3  5  0.0                           
061735010914101613ノリノリコユキ　　　　　　　　　　　  3.9  1.5 10.7 15.2  8.8 14 11.6                           
061735011014104616リカセンス　　　　　　　　　　　　　 97.7 18.1-11.0-17.3 -9.6 -5  0.0  0                        
061735011114105650トップシークレット　　　　　　　　　 38.3  7.7-11.3 -9.5 -6.9 -2  0.0                           
061735011214106453スカイソング　　　　　　　　　　　　  5.0  1.7 10.8 11.9  7.6 13 15.2A                          
061735011314104826シゲルパンダ　　　　　　　　　　　　 24.1  5.1-10.0  1.7 -2.4  3  0.0  5                        
061735011414103578メイショウルミナス　　　　　　　　　  3.2  1.4 20.0 17.1 12.3 17  7.5C                          
061735011514103281グマナスティ　　　　　　　　　　　　  5.6  1.8 10.0 22.9 11.4 16 13.5                           
061735011614102958スプリングアゲン　　　　　　　　　　 69.2 13.0-10.0-14.6 -8.4 -3  0.0                           
061735020114102657ゴールドアドミラル　　　　　　　　　 15.7  3.4-10.0 -0.4 -3.1  2  0.0  5                        
061735020214102099シュタルク　　　　　　　　　　　　　 30.7  6.0-11.3 -8.3 -6.4 -1  0.0                           
061735020314103782マスカレードシチー　　　　　　　　　  7.8  2.2  7.9 27.9 12.6 18  9.6                           
061735020414102652シンボリスーマラン　　　　　　　　　 27.1  5.4 -1.4-11.8 -4.7  0  0.0  0                        
061735020514105771シグネットリング　　　　　　　　　　  3.7  1.5 16.1 16.1 10.7 16 11.6C                          
061735020614102545ダンディードリーム　　　　　　　　　 21.8  4.5 -6.4 -4.9 -3.7  1  0.0                           
061735020714109075リヴァイアサン　　　　　　　　　　　  5.9  1.8  6.3  5.5  3.9  9 12.5                           
061735020814104387サラノア　　　　　　　　　　　　　　 74.3 13.2-11.3-12.1 -7.8 -3  0.0                           
061735020914104470ディーエスレイダー　　　　　　　　　 52.5  9.8-11.3-12.6 -8.0 -3  0.0  0                        
061735021014100789コハク　　　　　　　　　　　　　　　  7.8  2.2  1.2  8.9  3.6  9  0.0                           
061735021114104315エルドールサージュ　　　　　　　　　  2.9  1.4 12.0 15.7  9.4 14 18.1                           
061735021214102196サーストンバッカ　　　　　　　　　　 25.5  5.1 -4.3  4.9  0.5  6 13.0A                          
061735021314102741アルミランテ　　　　　　　　　　　　 24.2  4.9 -3.7  6.6  1.3  6  0.0                           
061735021414101573デリツィエ　　　　　　　　　　　　　 33.1  6.4-13.6  5.4 -2.1  3  0.0                           
061735030114103458リョウランプリーモ　　　　　　　　　  8.6  2.5-10.0 11.8  1.3  6  7.2                           
061735030214102484アシャカセルクル　　　　　　　　　　  2.9  1.4 12.0 16.5  9.6 15 18.1                           
061735030314100304ネコフッピー　　　　　　　　　　　　 33.8  6.9-10.0-11.5 -7.2 -2  0.0                           
061735030414100409ヘルディン　　　　　　　　　　　　　  5.5  1.8 20.0  9.0  9.3 14  0.0                           
061735030514100341クルクルミラクル　　　　　　　　　　 53.5 10.5-10.0 -9.7 -6.6 -2  0.0  0                        
061735030614105734ウォーターメロン　　　　　　　　　　  5.3  1.8 17.7 18.2 12.0 17 15.1                           
061735030714100776フェスティヴドレス　　　　　　　　　 56.4 10.8-11.0-10.4 -7.1 -2  0.0                           
061735030814104952グラスリーケット　　　　　　　　　　 81.7 15.3-10.0 -7.6 -5.8 -1  0.0                           
061735030914109100キャプテンルフィ　　　　　　　　　　  4.5  1.6 15.0  9.4  7.9 13  5.8 1                         
061735031014101108ロードミュートス　　　　　　　　　　 34.4  7.0 -4.6  1.5 -0.8  4  0.0                           
061735031114102225サンデトロイト　　　　　　　　　　　111.1 20.6-10.4-16.5 -9.2 -4  0.0  0                        
061735031214102240ノアブリジット　　　　　　　　　　　 17.2  3.9 -9.2  6.8 -0.3  5  0.0                           
061735031314103504オーネットマーロン　　　　　　　　　 24.1  5.1-11.3-12.0 -7.8 -3  0.0                           
061735031414102436デルマイヨマンテ　　　　　　　　　　 32.1  6.6 -8.7 -2.4 -3.5  2  9.1                           
061735031514104330ストリートダイナー　　　　　　　　　 30.8  6.3 -5.9 -0.2 -1.8  3 12.3                           
061735031614106351キャプテンハウテン　　　　　　　　　 32.2  6.6  1.3  8.8  3.6  9  0.0                           
061735040114104758トロイメライ　　　　　　　　　　　　 43.7  9.0 -5.1 -7.8 -4.4  1  0.0                           
061735040214104055アバンドーネ　　　　　　　　　　　　 28.5  6.1-10.0 -5.9 -5.2  0  0.0                           
061735040314100612ルートフォーミー　　　　　　　　　　 26.2  5.6-11.3 -1.9 -4.1  1  0.0                           
061735040414102438デルマカゼタチヌ　　　　　　　　　　  7.1  2.2  6.5 15.9  7.8 13  9.6A                          
061735040514104743ロングマリアベール　　　　　　　　　 69.7 13.6-12.5-10.1 -7.5 -2  0.0                           
061735040614104503ナオトラ　　　　　　　　　　　　　　  6.6  2.1  6.2 25.0 11.0 16 21.4  2                        
061735040714103199コウユーモエルコイ　　　　　　　　　102.3 19.6 20.7-16.7  0.1  5  0.0  0                        
061735040814100196エオスフォス　　　　　　　　　　　　  4.4  1.7 15.0 15.0 10.0 15  5.8                           
061735040914105586グレイスニコ　　　　　　　　　　　　  3.2  1.5 18.3 30.1 16.5 22 18.1                           
061735041014105890ノーブルクラウン　　　　　　　　　　  7.1  2.2 13.3 10.7  7.9 13  7.2                           
061735041114105924コースタルブルー　　　　　　　　　　 69.4 13.5-11.3-13.2 -8.2 -3  0.0                           
061735041214102612クリノアンヌ　　　　　　　　　　　　 60.4 11.9-11.0 -6.3 -5.6 -1  0.0                           
061735041314104181イノデザイヤ　　　　　　　　　　　　 31.1  6.6 -2.9 -1.9 -1.6  3  0.0                           
061735041414103627メイスンブルーム　　　　　　　　　　  7.8  2.3  0.7  7.3  2.9  8  0.0                           
061735041514104210ノーブルリング　　　　　　　　　　　 51.7 10.5-11.3-14.1 -8.6 -4  0.0                           
061735041614101326カズノスイセイ　　　　　　　　　　　 15.6  3.7-10.0 20.7  4.6 10  0.0                           
061735050114105945ヘリファルテ　　　　　　　　　　　　 15.9  4.1 11.0 14.3  8.5 14 13.0  3                        
061735050214102879ジュンマシュウ　　　　　　　　　　　  8.3  2.6-10.0  1.9 -2.3  3  6.7  0                        
061735050314100916クリップスプリンガ　　　　　　　　　 18.1  4.5  4.4  6.1  3.6  9  0.0                           
061735050414104302ジャガーゲイム　　　　　　　　　　　166.3 34.8-11.3-12.0 -7.8 -3  0.0                           
061735050514103096テイエムシャッフル　　　　　　　　　 21.7  5.2-10.0-11.6 -7.3 -2  0.0  0                        
061735050614100553ヤマニンゼーレ　　　　　　　　　　　 44.4 10.0-11.3-12.0 -7.8 -3  0.0                           
061735050714100578トゥーシェ　　　　　　　　　　　　　 11.2  3.1 -1.2 11.5  3.9  9  0.0                           
061735050814101715ハードアタック　　　　　　　　　　　  4.5  1.8 13.6 14.2  9.3 14 14.0                           
061735050914101655ルーラーキング　　　　　　　　　　　  7.1  2.4  1.4 16.3  6.4 11 21.4                           
061735051014101517メイプルストロング　　　　　　　　　 11.7  3.2 11.9 -3.1  2.4  7  8.2                           
061735051114103262ルチアーノカフェ　　　　　　　　　　 56.3 12.2-10.0-11.3 -7.1 -2  0.0                           
061735051214100203エリーヒストリー　　　　　　　　　　 80.7 17.2-11.3-11.7 -7.7 -3  0.0                           
061735051314105339アルーリングデイズ　　　　　　　　　 25.8  6.1 -1.8  7.0  2.0  7 10.6                           
061735051414105709インペリアルフィズ　　　　　　　　　 14.9  3.8 12.0-11.3 -0.5  4  0.0                           
061735051514100740マイネルクラース　　　　　　　　　　  4.4  1.8  9.8 16.8  9.1 14  0.0  3                        
061735051614103378ライフライン　　　　　　　　　　　　122.2 25.7-10.0-20.0-10.3 -5  0.0                           
061735051714105077エンジェルドンキ　　　　　　　　　　 10.7  3.0 20.0  7.3  8.7 14  0.0                           
061735051814101676マイネルハレオ　　　　　　　　　　　 60.8 13.1-10.0-14.0 -8.1 -3  0.0                           
061735060114103693スピニングスターズ　　　　　　　　　 39.5  6.5 -8.7 11.4  1.6  7  0.0  5                        
061735060214100560ヤマニンレナータ　　　　　　　　　　 72.9 11.1-10.0 -8.9 -6.3 -1  0.0                           
061735060314100794コルビージャック　　　　　　　　　　 39.9  6.5-10.0-11.0 -7.0 -2  0.0                           
061735060414103974チチブリュウセイ　　　　　　　　　　 38.6  6.3-11.3 -6.4 -5.7 -1  0.0  0                        
061735060514103901ウイントリニティー　　　　　　　　　 14.4  2.8  6.0  8.7  5.0 10  0.0                           
061735060614105707デルマオウショウ　　　　　　　　　　 37.3  6.1 -6.2-10.6 -5.7 -1  0.0                           
061735060714105574ベストダンス　　　　　　　　　　　　 13.1  2.6  5.5  7.2  4.3  9  0.0                           
061735060814103014モンスーンジャイア　　　　　　　　　 33.7  5.6 -4.1-11.8 -5.6 -1  0.0                           
061735060914102520フィフティマッハ　　　　　　　　　　 77.7 11.7-10.4-12.2 -7.6 -3  0.0                           
061735061014103191オールデン　　　　　　　　　　　　　  3.5  1.4 10.0 18.0  9.6 15 19.8                           
061735061114106435グロースアルティヒ　　　　　　　　　  8.3  2.1  6.0  5.1  3.7  9  6.8                           
061735061214102944ペイシャリル　　　　　　　　　　　　 30.0  5.1  0.5  6.0  2.3  7  0.0                           
061735061314105911ドラゴンワーグナー　　　　　　　　　  6.1  1.7 15.6 19.0 11.6 17 15.1                           
061735061414104957ニーマルサンデー　　　　　　　　　　  2.2  1.2 15.0 22.5 12.8 18 18.1                           
061735070114105780サルタート　　　　　　　　　　　　　 25.9  6.1-11.3 11.4  0.8 21  0.0  5                        
061735070214103893チェリースプリング　　　　　　　　　 66.2 14.2-10.0 -6.2 -5.3 15  0.0                           
061735070314105116プリティマックス　　　　　　　　　　 14.8  3.8-10.0 14.4  2.3 22 13.7                           
061735070414100078ケイティクエスト　　　　　　　　　　 36.8  8.4-11.3 -6.3 -5.7 14  0.0                           
061735070514101637リトルレグルス　　　　　　　　　　　 11.4  3.1  9.3 12.1  7.2 27  7.2                           
061735070614100620エッシャー　　　　　　　　　　　　　  6.5  2.2  7.5  9.2  5.6 26  8.9  5                        
061735070714102814アースヴィグラス　　　　　　　　　　 29.6  6.9-11.3-14.0 -8.5 11  0.0                           
061735070814106239アシャカダイキ　　　　　　　　　　　  4.2  1.8  7.1 14.9  7.6 28 18.1                           
061735070914101140オリエント　　　　　　　　　　　　　  9.4  2.9  7.5  7.9  5.1 25  0.0                           
061735071014104212ポンテドーロ　　　　　　　　　　　　 11.5  3.1  6.0  6.8  4.3 24  7.7                           
061735071114101006タケデンサンダー　　　　　　　　　　 14.6  3.8-11.3  7.0 -0.8 19  9.1                           
061735071214101418ジョーカトゥーラ　　　　　　　　　　 13.6  3.6 11.4  5.6  5.5 25  0.0  5                        
061735071314104970ヴィーグリーズ　　　　　　　　　　　 49.0 11.0-11.3-11.5 -7.6 12  0.0                           
061735071414101545シーエーパイロット　　　　　　　　　 11.6  3.2 20.0  0.0  6.0 26  0.0                           
061735071514105337アメイズミー　　　　　　　　　　　　  4.7  1.9 10.8 24.1 12.1 32  5.8                           
061735071614103729オモイサイフ　　　　　　　　　　　　 53.4 11.9-12.5-10.1 -7.5 13  0.0                           
061735080113104871グラスレグナム　　　　　　　　　　　 14.3  3.0-10.0  7.9 -0.1 20  0.0                           
061735080213104027グランセノーテ　　　　　　　　　　　 13.6  2.8 -2.1  3.1  0.5 21 10.9                           
061735080313102344リネンソング　　　　　　　　　　　　 50.7  8.6-10.0-14.6 -8.4 12  0.0                           
061735080412100009ヴァッハウ　　　　　　　　　　　　　 11.9  2.6 20.0  6.8  8.5 28  0.0                           
061735080512103815ポルトボナール　　　　　　　　　　　 14.0  2.9  7.4  6.0  4.4 24  0.0                           
061735080613100491カブキモノ　　　　　　　　　　　　　  2.1  1.2 21.0 17.5 12.7 33 18.1                           
061735080710101155クリノロッキー　　　　　　　　　　　 14.4  3.0 -5.8  0.8 -1.4 19  0.0                           
061735080813102345ビレッジエンパイア　　　　　　　　　 28.4  5.1-10.0-15.1 -8.5 11  0.0                           
061735080912102209ソワンドタイガー　　　　　　　　　　 45.7  7.9-10.0-16.8 -9.2 11  0.0  0                        
061735081013102378グラスアクト　　　　　　　　　　　　 13.1  2.8 -8.7  5.4 -0.6 19 17.5                           
061735081112105632オケアノス　　　　　　　　　　　　　  7.5  2.0 20.7  3.7  7.6 28  6.2A                          
061735081212100005マイネルネッツ　　　　　　　　　　　  4.8  1.6 15.6 13.2  9.5 30 11.6                           
061735090111105053ヤマニンバステト　　　　　　　　　　 30.2  5.3  6.0 -1.6  1.2 31  0.0                           
061735090211103348ヤマニンエルフィン　　　　　　　　　 25.2  4.5  7.5  2.8  3.3 33  0.0                           
061735090313100615ルネイション　　　　　　　　　　　　  4.1  1.5 12.0 17.7 10.1 40 19.8                           
061735090412105999トーセンラーク　　　　　　　　　　　 12.8  2.7 10.4  7.0  5.7 36  0.0                           
061735090513106130クィーンズベスト　　　　　　　　　　  2.2  1.2 25.1 17.1 13.8 44 18.1                           
061735090612102815レトロクラシック　　　　　　　　　　 15.8  3.1 -1.2 -0.6 -0.6 29  7.7                           
061735090712104418ブルックデイル　　　　　　　　　　　  5.6  1.6 15.1 12.2  9.0 39  8.9                           
061735090813105927オージャイト　　　　　　　　　　　　 15.9  3.2 -3.5 11.4  3.1 33  0.0  5                        
061735090913101145トウカイシェーン　　　　　　　　　　 24.1  4.4-12.5 -1.4 -4.3 26  0.0                           
061735091011109234キズナエンドレス　　　　　　　　　　 34.7  6.0-11.3-10.7 -7.3 23  0.0                           
061735091112100225ウインマハロ　　　　　　　　　　　　 27.4  4.9-10.4 -7.8 -6.0 24  0.0                           
061735091213106398コパノマリーン　　　　　　　　　　　 12.5  2.6  2.9  2.5  1.8 32  6.7  0                        
061735100113103564アドマイヤキズナ　　　　　　　　　　  6.2  2.0 15.5 25.4 14.0 49 10.3                           
061735100211104056ペンタトニック　　　　　　　　　　　  4.5  1.7  7.5 12.7  6.9 42  8.2                           
061735100311103696ショウナンマルシェ　　　　　　　　　 16.9  3.9 -8.7-12.2 -7.1 28  0.0                           
061735100413103589イチダイ　　　　　　　　　　　　　　  5.9  1.9 10.9 12.0  7.7 43  6.2                           
061735100513105309ウムブルフ　　　　　　　　　　　　　  5.9  1.9 11.3 21.6 11.3 46  6.8  1  157   51              
061735100610103182ワールドレーヴ　　　　　　　　　　　  6.3  2.0  6.3 12.2  6.4 41  7.7C                          
061735100712104926グランアルマダ　　　　　　　　　　　 12.4  3.0  7.5 14.7  7.6 43  8.2                           
061735100813105652サトノエトワール　　　　　　　　　　  3.1  1.4 25.1 20.1 14.9 50 18.1                           
061735100910103873ロングシャドウ　　　　　　　　　　　 28.2  6.0-11.3-10.7 -7.3 28  0.0                           
061735110114106049ナイトバナレット　　　　　　　　　　  9.5  3.1  1.2-12.1 -4.1 51  0.0                           
061735110214106166ランガディア　　　　　　　　　　　　  6.2  2.2  4.2 13.7  6.3 61 23.1                           
061735110314100288セイカチトセ　　　　　　　　　　　　 38.9  9.4-11.3 -7.0 -6.0 49  0.0                           
061735110414105801メイソンジュニア　　　　　　　　　　 42.0 10.1 -3.6 -0.3 -1.2 54  0.0                           
061735110514103607マンカストラップ　　　　　　　　　　 39.9  9.6-10.0 -9.1 -6.3 49  0.0                           
061735110614101417ジョーストリクトリ　　　　　　　　　 52.2 12.4 -7.5  8.7  0.9 56  0.0                           
061735110714105080スズカゼ　　　　　　　　　　　　　　 38.4  9.3 20.7 -6.7  3.8 59  0.0  0                        
061735110814103615ダイイチターミナル　　　　　　　　　 23.6  6.0 -0.8 -2.2 -1.0 54  0.0                           
061735110914102161カリビアンゴールド　　　　　　　　　 23.4  5.9-10.0  1.3 -2.5 52  0.0                           
061735111014102878クライムメジャー　　　　　　　　　　  5.3  2.0 17.3 20.6 12.7 68  9.9                           
061735111114103268ジャッキー　　　　　　　　　　　　　 50.1 11.9-10.0  5.8 -0.9 54  0.0                           
061735111214104432スズカメジャー　　　　　　　　　　　  5.1  2.0 10.8  3.3  4.4 59 12.0                           
061735111314103389イノバティブ　　　　　　　　　　　　 34.1  8.3 -6.2 -6.2 -4.1 51  0.0                           
061735111414105983タイセイスターリー　　　　　　　　　  5.2  2.0 -4.2  7.2  1.4 56  5.9                           
061735111514103009タイムトリップ　　　　　　　　　　　  7.4  2.5 13.6 24.0 12.9 68  7.7                           
061735111614102036ボンセルヴィーソ　　　　　　　　　　  7.2  2.5 12.6  9.6  7.3 62 23.7                           
061735120113104189パーソナルブルー　　　　　　　　　　 27.6  5.6  6.0 -2.8  0.8 21  0.0  0                        
061735120213104386トモジャポルックス　　　　　　　　　 20.6  4.4 -9.2 -7.8 -5.6 14 23.3                           
061735120313103299コスモコレクション　　　　　　　　　 16.8  3.7-10.0  5.6 -0.9 19  0.0                           
061735120413102841プッシュアゲン　　　　　　　　　　　 25.5  5.2-10.0 -5.4 -5.0 15  0.0  0                        
061735120513102476キョウエイスコール　　　　　　　　　  3.5  1.5 18.9 21.6 13.6 34  5.8                           
061735120613104169ユアザスター　　　　　　　　　　　　 13.1  3.1  3.7  8.0  4.0 24  0.0  2                        
061735120713105452オレオールカフェ　　　　　　　　　　 20.4  4.4  6.0 -2.1  1.0 21 13.0C                          
061735120812102178ウインバローラス　　　　　　　　　　  6.1  1.9 10.0  1.5  3.5 24 15.2                           
061735120913101414キチロクステージ　　　　　　　　　　 24.3  5.0  6.1  4.6  3.5 24  0.0                           
061735121013103332ロマンティックサン　　　　　　　　　 92.8 16.8-11.3 -9.9 -7.0 13  0.0                           
061735121112105640プラセンタ　　　　　　　　　　　　　131.0 23.5-10.4 -7.0 -5.7 14  0.0                           
061735121212104945チェルカトーレ　　　　　　　　　　　 12.5  2.9 -8.4  7.2  0.1 20  0.0                           
061735121312105841ティアップサンダー　　　　　　　　　 15.2  3.4-10.0  5.9 -0.8 19  7.7                           
061735121412101143オープンザウェイ　　　　　　　　　　 18.3  4.0 -1.0  0.4 -0.2 20  0.0                           
061735121512104594タイセイラビッシュ　　　　　　　　　  3.3  1.5 12.0 18.3 10.3 30 10.6                           
061735121612101124ナミノリゴリラ　　　　　　　　　　　 74.1 13.6 20.0 -9.7  2.4 22  0.0                           
091725010114100499タガノエヴァンジル　　　　　　　　　 66.9  9.0 -6.5-10.5 -5.5 -1  0.0                           
091725010214101015サマーマロン　　　　　　　　　　　　 71.1  9.6-10.9-10.5 -7.1 -2  0.0                           
091725010314102684ハンドレッドライフ　　　　　　　　　 14.4  2.6  4.2  7.7  3.8  9 11.0                           
091725010414102176ヴァージャー　　　　　　　　　　　　 28.9  4.4 -5.7 -3.6 -3.2  2  0.0                           
091725010514102616タンバレジーナ　　　　　　　　　　　 68.8  9.3-11.7-11.6 -7.8 -3  0.0                           
091725010614106007ラモントルドール　　　　　　　　　　 13.2  2.4  3.3  8.4  3.7  9  0.0                           
091725010714100384テイエムローレン　　　　　　　　　　103.3 13.6-11.6-10.2 -7.3 -2  0.0                           
091725010814100098ピカロ　　　　　　　　　　　　　　　  6.7  1.6 10.8 16.6  8.9 14 18.2  4                        
091725010914101229ソウォン　　　　　　　　　　　　　　 61.3  8.3-10.9-10.3 -7.1 -2  0.0                           
091725011014106147シュクレビジュー　　　　　　　　　　 11.0  2.1  9.0  8.1  5.7 11  8.4                           
091725011114100501タガノリアン　　　　　　　　　　　　  3.2  1.3 14.6 29.0 14.1 19 19.0                           
091725011214104314ファミーユボヌール　　　　　　　　　  2.0  1.2 20.9 29.5 16.5 22 17.4                           
091725011314102561ネオヴレクール　　　　　　　　　　　242.2 31.0-10.9-11.6 -7.5 -2  0.0                           
091725011414103979アルマバテーム　　　　　　　　　　　 79.9 10.7  0.6  6.7  2.2  7  0.0                           
091725011514103738シャンノース　　　　　　　　　　　　 66.8  9.0 -7.7 -7.2 -5.0  0  0.0                           
091725011614102771カンガルールブタン　　　　　　　　　 74.0  9.9-11.7  7.0 -2.2  3  0.0                           
091725020114101485テイルインジエアー　　　　　　　　　 59.6  8.2-10.9-12.9 -7.9 -3  0.0                           
091725020214104052インティ　　　　　　　　　　　　　　 25.8  4.0 -2.7-11.2 -4.3  1  5.8                           
091725020314104979コパノベスト　　　　　　　　　　　　 21.9  3.5-11.7-16.2 -9.1 -4  0.0                           
091725020414102538ハナズクリーム　　　　　　　　　　　135.4 17.8-10.9-10.5 -7.1 -2  0.0                           
091725020514105165メイショウシエロ　　　　　　　　　　 33.6  5.0-11.7-11.6 -7.8 -3  0.0                           
091725020614104036ハギノプレスト　　　　　　　　　　　 47.5  6.8-11.7 -1.9 -4.9  0  0.0                           
091725020714104324オースミイーグル　　　　　　　　　　 35.7  5.3 -7.7 -7.0 -4.9  0  8.4                           
091725020814106118マジカルスペル　　　　　　　　　　　  2.2  1.2 18.9 18.1 12.4 17  9.2                           
091725020914103984ティンガティンガ　　　　　　　　　　 50.7  7.3 -7.7-11.0 -6.1 -1  0.0  0                        
091725021014104762ナッシングエルス　　　　　　　　　　 37.2  5.5-10.9 -7.5 -6.2 -1  0.0  0                        
091725021114105081プリンスオブペスカ　　　　　　　　　 43.5  6.3-11.7-12.0 -7.9 -3  0.0                           
091725021214103582メイショウマトイ　　　　　　　　　　  2.8  1.2 15.8 19.7 11.7 17 19.0                           
091725021314102727ファイトエルフ　　　　　　　　　　　 29.0  4.4  0.0  3.5  1.0  6  0.0                           
091725021414100169キョウワベルナルド　　　　　　　　　 15.7  2.7  1.1-13.5 -3.6  1  6.9  0                        
091725021514102305ダンツブレーブ　　　　　　　　　　　  7.0  1.7 13.5 13.3  8.9 14 20.5C                          
091725021614101957オースタラ　　　　　　　　　　　　　 24.1  3.8 -2.6  0.7 -0.7  4  9.6                           
091725030114100580ハッピーマテリアル　　　　　　　　　 12.8  3.0 -3.9  2.9 -0.6  4  9.0A                          
091725030214110041クーファディーヴァ　　　　　　　　　 13.1  3.0 -2.6 -9.9 -3.9  1  0.0                           
091725030314100798オーミシューマン　　　　　　　　　　 19.8  4.3 13.0 11.1  8.1 13  0.0                           
091725030414106505ワンダースペラーレ　　　　　　　　　 49.9  9.6-10.9-10.5 -7.1 -2  0.0                           
091725030514106008キセキノホシ　　　　　　　　　　　　  4.3  1.6 13.6 14.2  9.2 14 17.2                           
091725030614103859ジョーカルーア　　　　　　　　　　　  4.6  1.6 13.1 14.0  9.0 14 12.7                           
091725030714103522ピエナムーン　　　　　　　　　　　　 73.6 13.5-10.9 -6.8 -6.0 -1  0.0                           
091725030814104353シュプリームゾーン　　　　　　　　　 42.4  8.2 -6.3  5.2 -0.8  4  8.4                           
091725030914110052ワンダーセトラ　　　　　　　　　　　  2.8  1.3 18.0 22.2 13.3 18 17.4C                          
091725031014110125サウンドスカイメサ　　　　　　　　　 19.3  4.2 -5.8 -7.9 -4.5  1  0.0                           
091725031114104133メイショウクジャク　　　　　　　　　  9.0  2.5  3.3  8.4  3.7  9  4.8                           
091725031214102025オースミシュエット　　　　　　　　　160.9 28.7-10.9-12.8 -7.8 -3  0.0                           
091725031314102472ハクユウマックス　　　　　　　　　　 16.0  3.6 -4.9-17.3 -7.0 -2  8.3                           
091725031414105210ヒロノオンリーワン　　　　　　　　　 46.1  8.9-11.7  4.3 -3.0  2  0.0  0                        
091725031514104876ニホンピロカミーユ　　　　　　　　　 71.0 13.0-11.7-11.6 -7.8 -3  0.0                           
091725031614103206メイショウリュウク　　　　　　　　　 78.0 14.2 -7.7 -2.8 -3.7  1  0.0                           
091725040114105839ノルナゲスト　　　　　　　　　　　　 15.7  3.1 -3.3 -7.5 -3.5  2  0.0                           
091725040214101680カンナ　　　　　　　　　　　　　　　126.2 19.5-10.9-14.0 -8.2 -3  0.0                           
091725040314106470ペイバック　　　　　　　　　　　　　 39.5  6.7-11.7  7.9 -1.9  3  9.8                           
091725040414101148サンライズフォルテ　　　　　　　　　 55.7  9.0-10.9-10.8 -7.2 -2  0.0                           
091725040514102182チャッティレディ　　　　　　　　　　 27.2  4.8 -0.5 -6.0 -2.0  3  0.0  5                        
091725040614100875ウインスーペリア　　　　　　　　　　 60.0  9.6-10.9 -9.5 -6.8 -2  0.0                           
091725040714105428エアニューゲート　　　　　　　　　　  5.0  1.6 10.5  8.6  6.4 11 13.1                           
091725040814105748グレンマクナス　　　　　　　　　　　  2.0  1.2 22.6 24.4 15.6 21 17.4                           
091725040914100055ショウナンラスター　　　　　　　　　 76.1 12.0-11.7-15.1 -8.8 -4  0.0  0                        
091725041014106165ハートクレスト　　　　　　　　　　　 16.2  3.2  5.1 24.8  9.3 14 18.5  2                        
091725041114105490サウンドラブリー　　　　　　　　　　 16.1  3.2 -7.7-19.7 -8.7 -4  0.0  0                        
091725041214106457マヴェリックライト　　　　　　　　　 30.3  5.3 -7.7-10.8 -6.1 -1  0.0                           
091725041314105265マスターコード　　　　　　　　　　　  6.0  1.7 12.2 12.0  8.1 13 14.4                           
091725041414103166サダムドミニック　　　　　　　　　　 47.2  7.9 -6.9  3.9 -1.4  4  0.0                           
091725041514106257ローズカスケイド　　　　　　　　　　 56.5  9.1 -8.6-10.2 -6.2 -1  0.0                           
091725041614105970アロマドゥルセ　　　　　　　　　　　 10.8  2.3 11.4 11.8  7.7 13  6.9                           
091725050114103576メイショウブレナム　　　　　　　　　 18.7  4.2 -6.0  4.1 -1.0 19  0.0                           
091725050214104684ジュエアトゥー　　　　　　　　　　　  7.9  2.3  6.0-11.1 -1.1 19  0.0                           
091725050314102062アスターメープル　　　　　　　　　　 77.3 14.6-10.9-13.2 -8.0 12 15.6  0                        
091725050414103010ヴァリーゲイト　　　　　　　　　　　 72.7 13.7 -7.7-14.7 -7.2 13  0.0                           
091725050514104161ラニカイシチー　　　　　　　　　　　 48.1  9.6-10.9-16.2 -8.9 11  0.0                           
091725050614103366シャイニングボルト　　　　　　　　　  3.2  1.4 11.3 19.9 10.1 30 10.8  1  138   62              
091725050714102571ウラガーノ　　　　　　　　　　　　　  5.3  1.8 13.4 24.0 12.1 32 16.7                           
091725050814100782カムカム　　　　　　　　　　　　　　 63.1 12.0-14.0-14.2 -9.4 11  0.0                           
091725050914104401サウンドテーブル　　　　　　　　　　 32.4  6.6-11.7 -3.4 -5.3 15  0.0  0                        
091725051014100253ペスカネラ　　　　　　　　　　　　　 37.4  7.6-10.9 -7.0 -6.1 14 10.3                           
091725051114105166ハクサンベル　　　　　　　　　　　　 15.9  3.7 -3.9  9.5  1.4 21  0.0                           
091725051214103866ブルーミン　　　　　　　　　　　　　 12.9  3.1 -0.1  8.8  2.6 23 17.4                           
091725051314102477アシャカリアン　　　　　　　　　　　 10.9  2.7  9.6 11.2  6.9 27 13.7                           
091725051414103942オスカークイーン　　　　　　　　　　 46.1  9.2-10.9 11.6 -0.5 19  0.0                           
091725051514102973メイショウギガース　　　　　　　　　  3.9  1.6 11.0 28.9 12.7 33  5.9  1  107   68              
091725051614104933タイセイマルス　　　　　　　　　　　 25.1  5.3 -9.7-10.3 -6.6 13  0.0                           
091725060114105848サトノマサムネ　　　　　　　　　　　 22.7  4.6  6.0  5.7  3.9 24 12.0                           
091725060214103307タイセイプロスパー　　　　　　　　　 40.8  7.8 -7.7-11.5 -6.3 14 12.2                           
091725060314102359コウエイダリア　　　　　　　　　　　 16.6  3.6 -6.9-11.1 -5.9 14  0.0                           
091725060414105348ジャーミネイト　　　　　　　　　　　 15.8  3.5 -3.1 -4.2 -2.4 18  0.0                           
091725060514105582セイイーグル　　　　　　　　　　　　 20.9  4.4 -7.7 -1.5 -3.3 17  0.0                           
091725060614102300ダイシンクイント　　　　　　　　　　 18.8  4.0  9.5  5.9  5.3 25  7.1                           
091725060714103580メイショウオワラ　　　　　　　　　　  6.6  2.0  5.6  8.7  4.7 25 10.8  5                        
091725060814101361バトルスピリッツ　　　　　　　　　　  5.1  1.7 11.6 28.7 12.9 33  5.9                           
091725060914101801サンアンカレッジ　　　　　　　　　　 22.0  4.5 -9.7 -1.9 -4.1 16  0.0                           
091725061014100537ジャコマル　　　　　　　　　　　　　 43.2  8.2 -1.4-14.7 -4.9 15  0.0                           
091725061114101109ケンビション　　　　　　　　　　　　 45.9  8.7-10.9-10.3 -7.1 13  0.0                           
091725061214103559フェルトベルク　　　　　　　　　　　 28.6  5.7 -7.6-14.0 -7.0 13 24.0                           
091725061314101055エイシンクローバー　　　　　　　　　 31.4  6.2-10.9 -7.9 -6.4 14  0.0  0                        
091725061414104390ライオネルカズマ　　　　　　　　　　 16.8  3.7  2.1 11.2  4.1 24  5.5                           
091725061514105800レッドラシーマ　　　　　　　　　　　 32.1  6.3-10.9 -8.3 -6.5 14  0.0                           
091725061614103358スズカフロンティア　　　　　　　　　 28.2  5.6-10.9 -1.6 -4.5 16  0.0                           
091725061714105304サングレーザー　　　　　　　　　　　  2.5  1.3 17.8 23.2 13.5 33 17.4                           
091725070112101643イサチルホープ　　　　　　　　　　　  5.3  1.8 12.2 16.7  9.5 29 12.7                           
091725070213105866チュウワメジャー　　　　　　　　　　 27.8  6.1-11.7 -7.9 -6.7 13  0.0  0                        
091725070313103391ペプチドブラッサム　　　　　　　　　 59.3 11.9-11.7-14.8 -8.7 11  0.0  0                        
091725070413103963ラタンドレス　　　　　　　　　　　　 58.1 11.7-10.9-11.1 -7.3 13 13.8A                          
091725070513103738メイショウノボサン　　　　　　　　　 17.1  4.1  4.6 10.9  5.0 25  0.0                           
091725070612101499マッカナバラ　　　　　　　　　　　　 66.0 13.2-11.7-11.1 -7.6 12  0.0                           
091725070712103185ヒラボクテイオー　　　　　　　　　　  5.6  1.9  8.6 12.9  7.0 27 12.5                           
091725070813105236ダノンメモリー　　　　　　　　　　　  3.1  1.5 16.8 15.4 10.8 31 17.4                           
091725070913110127キタサンシリーズ　　　　　　　　　　 52.7 10.9-10.9-14.0 -8.2 12  0.0                           
091725071012102422ラバニーユ　　　　　　　　　　　　　 19.7  4.6  1.0  7.0  2.5 22  0.0                           
091725071113101817クライシス　　　　　　　　　　　　　  5.1  1.8  8.3 13.9  7.2 27  4.1                           
091725071212100231ウインソワレ　　　　　　　　　　　　 56.8 11.4 -6.9-12.8 -6.4 14  0.0                           
091725071313102057テレチャウ　　　　　　　　　　　　　102.4 20.1-10.9-13.0 -7.9 12  0.0  0                        
091725071413104020オースミマルス　　　　　　　　　　　 57.8 11.6 -7.7-16.8 -7.9 12  0.0  0                        
091725071513103784シゲルオニカマス　　　　　　　　　　  5.2  1.8 14.0  9.9  8.1 28 20.5  5                        
091725071613103957トーコーブリザード　　　　　　　　　 35.9  7.7 -9.2 -1.6 -3.9 16  0.0                           
091725080113102912フジノナデシコ　　　　　　　　　　　 26.7  5.4-10.9-14.0 -8.2 12  0.0                           
091725080212104423キングズアフェアー　　　　　　　　　 21.6  4.5 -7.0 -6.7 -4.6 15 17.0                           
091725080313104575トウショウコマンチ　　　　　　　　　  6.1  1.9 15.2  5.7  7.3 27  4.5                           
091725080413105895ナンヨーアーミー　　　　　　　　　　 47.3  9.1 -6.0-14.0 -6.4 14 13.8                           
091725080513105931デューズワイルズ　　　　　　　　　　 13.9  3.2 -6.4-16.6 -7.3 13  0.0  0                        
091725080613103256エイシンリベラル　　　　　　　　　　127.1 22.7-10.9 -9.5 -6.8 13  0.0                           
091725080713105969アドマイヤリアル　　　　　　　　　　  4.1  1.6 13.9 33.5 15.1 35 11.8  1  191   43              
091725080813100430クリノプラハ　　　　　　　　　　　　 41.4  8.0-11.7  8.7 -1.7 18  0.0                           
091725080913110080チャイマックス　　　　　　　　　　　  6.4  2.0  3.7 29.4 10.2 30  0.0                           
091725081013103900コパノアラジン　　　　　　　　　　　 11.5  2.7 11.0-11.6  0.6 21 21.0                           
091725081113104817ラインフィール　　　　　　　　　　　 27.6  5.6 -7.7-12.0 -6.4 14  0.0                           
091725081213100194ホッコースイセイ　　　　　　　　　　 26.6  5.4-10.9 -6.8 -6.0 14  0.0                           
091725081313101152ガウェイン　　　　　　　　　　　　　 19.3  4.2  7.4 -5.5  1.1 21  0.0                           
091725081413101713タガノアーバニティ　　　　　　　　　 79.3 14.4-14.0-12.9 -9.0 11  0.0                           
091725081512103076シップーコウライ　　　　　　　　　　  2.8  1.4 13.3 22.4 11.6 32 17.4                           
091725090111103545トウキョウタフガイ　　　　　　　　　 19.9  3.6  4.7  2.6  2.5 33  0.0                           
091725090213105933ケイブルグラム　　　　　　　　　　　  6.2  1.7 11.6  9.6  7.1 37 18.6                           
091725090312100276ララエクラテール　　　　　　　　　　 15.6  3.0  6.6  4.0  3.6 34  8.4                           
091725090411103554ランドオザリール　　　　　　　　　　 25.6  4.4-11.7-14.5 -8.6 21  0.0  0                        
091725090512102740デンコウインパルス　　　　　　　　　 18.9  3.4 -7.4 -2.6 -3.5 27  0.0                           
091725090612104686ライトファンタジア　　　　　　　　　  4.2  1.4 14.2 12.1  8.8 39 11.8                           
091725090713110008リッチーリッチー　　　　　　　　　　  2.0  1.2 20.3 27.7 15.8 46 15.4  1  138   62              
091725090810104412サダムロードショー　　　　　　　　　 21.7  3.8-10.9  7.9 -1.6 28  0.0                           
091725090913103370ダイナミックアロー　　　　　　　　　 26.5  4.5  0.7-14.1 -4.0 26 10.3                           
091725091013104248ニホンピロカーン　　　　　　　　　　 20.1  3.6 -3.1 -2.0 -1.7 28  0.0  0                        
091725091111102894ビップレボルシオン　　　　　　　　　 20.0  3.6  1.2  8.4  3.0 33 10.2                           
091725091211103559ダンディーズムーン　　　　　　　　　 42.0  6.7-10.8-15.1 -8.5 22  0.0  0                        
091725091310104432ステイザコース　　　　　　　　　　　 34.2  5.6  2.9  6.7  3.1 33  7.5                           
091725100111103959ツィンクルソード　　　　　　　　　　 44.1  8.2-10.9-12.0 -7.6 27  0.0                           
091725100213105321エスティタート　　　　　　　　　　　  5.5  1.7 15.4 22.1 12.3 47 20.5                           
091725100312104510ネオスターダム　　　　　　　　　　　 17.3  3.7 -0.1  1.4  0.4 35  9.6                           
091725100412105774ナガラフラワー　　　　　　　　　　　 40.5  7.6 -1.5-12.5 -4.3 31  0.0  0                        
091725100511100018センセーション　　　　　　　　　　　 53.5  9.8-14.0-11.5 -8.6 26  0.0                           
091725100611109191テイエムゲッタドン　　　　　　　　　 80.7 14.1 -7.7-11.1 -6.2 29  0.0                           
091725100711100740メイショウブイダン　　　　　　　　　153.6 26.2-10.9-11.2 -7.4 28  0.0                           
091725100811104500オースミチャド　　　　　　　　　　　 46.7  8.6-10.9-12.0 -7.6 27  0.0                           
091725100911103929スペシャルギフト　　　　　　　　　　 19.4  4.0  9.1 -5.2  1.8 37  0.0                           
091725101011100363ドラゴンストリート　　　　　　　　　 27.3  5.3-11.7 -5.4 -5.9 29  0.0                           
091725101112100560テルメディカラカラ　　　　　　　　　  6.4  1.9  8.9 25.6 10.9 46 10.7                           
091725101213106051ビップライブリー　　　　　　　　　　  2.7  1.3 17.6 22.1 13.1 48 17.4                           
091725101312104923ラクアミ　　　　　　　　　　　　　　 50.6  9.3-10.9 -3.4 -5.0 30  0.0                           
091725101410104262ダノンルージュ　　　　　　　　　　　 49.6  9.1-11.7 -7.0 -6.4 29  0.0                           
091725101512101393スカイパッション　　　　　　　　　　 15.1  3.3 -7.1 -2.7 -3.4 32  5.1                           
091725101612102308マテンロウハピネス　　　　　　　　　 64.5 11.4 -7.7-11.6 -6.3 29  0.0                           
091725101712104809アンタラジー　　　　　　　　　　　　  4.0  1.5  9.7 13.7  7.7 43 11.8                           
091725101811103332ワードイズボンド　　　　　　　　　　 69.0 12.1-11.7-17.1 -9.4 26  0.0  0                        
091725110110102402ウエスタンレベッカ　　　　　　　　　 83.0 15.1-11.7-17.1 -9.4 46  0.0  0                        
091725110213101040クリノラホール　　　　　　　　　　　 46.2  8.9 -7.7 -2.0 -3.4 52 13.8                           
091725110312104105クイーンズリング　　　　　　　　　　  4.5  1.6 14.9 30.0 14.5 69 12.7                           
091725110413102955クロコスミア　　　　　　　　　　　　 27.6  5.6 -3.7  6.7  0.7 56  0.0                           
091725110512104733トーセンビクトリー　　　　　　　　　 11.3  2.7  4.2  2.7  2.3 57  5.1                           
091725110612104870ミッキークイーン　　　　　　　　　　  2.8  1.3 21.1 18.1 13.2 68 17.4                           
091725110710102094メイショウマンボ　　　　　　　　　　 27.5  5.6-11.7 -6.8 -6.3 49  0.0                           
091725110813105318ジュールポレール　　　　　　　　　　  9.1  2.5  5.3 19.0  7.6 63  0.0                           
091725110912104906タッチングスピーチ　　　　　　　　　 33.7  6.7 -7.1 -2.7 -3.4 52  8.4                           
091725111011105890ヒルノマテーラ　　　　　　　　　　　 35.9  7.1-10.9-11.6 -7.5 48  0.0                           
091725111113105721アットザシーサイド　　　　　　　　　 16.8  3.7 -7.7 -2.1 -3.5 52  0.0                           
091725111213106329デンコウアンジュ　　　　　　　　　　 33.9  6.7 -7.7-14.0 -7.0 48  0.0                           
091725111313104783エテルナミノル　　　　　　　　　　　 49.6  9.5-11.7-13.2 -8.3 47  0.0                           
091725111411102236ダンツキャンサー　　　　　　　　　　 66.4 12.2-10.9-14.5 -8.3 47  0.0                           
091725111510104287デニムアンドルビー　　　　　　　　　 21.9  4.6 11.0  1.1  4.4 59 16.0                           
091725111613106072アドマイヤリード　　　　　　　　　　  4.4  1.6 16.7 11.3  9.5 65 11.8                           
091725120113101748キングラディウス　　　　　　　　　　 40.2  7.6-10.9-10.8 -7.2 23  0.0                           
091725120213104326カフジナイサー　　　　　　　　　　　 16.8  3.6  1.2 -9.1 -2.3 28 10.2  0                        
091725120313104045ロバストミノル　　　　　　　　　　　  6.2  1.9 12.6 13.8  8.8 39 15.3                           
091725120412105830オルナ　　　　　　　　　　　　　　　  4.7  1.6 15.5 17.4 10.9 41 17.2  3                        
091725120511101761タイマツリ　　　　　　　　　　　　　 75.5 13.3-10.9-14.7 -8.4 22  0.0                           
091725120613103668ブリーズスズカ　　　　　　　　　　　 65.5 11.6 -7.7-14.7 -7.2 23  0.0                           
091725120712102298ロードプレステージ　　　　　　　　　  5.9  1.8 12.9  8.2  7.2 37  5.5                           
091725120811106393マイネルボルソー　　　　　　　　　　 34.7  6.6 -9.7-10.3 -6.6 23  0.0                           
091725120912103981アクセラレート　　　　　　　　　　　 18.8  3.9 -3.9 16.2  3.4 33  0.0  3                        
091725121010102597タニノマンボ　　　　　　　　　　　　 58.4 10.4 -7.7-16.2 -7.7 22  0.0                           
091725121112104595スワーヴジョージ　　　　　　　　　　 16.1  3.5  2.8 19.5  6.9 37 15.7  3                        
091725121212105360ヴァローア　　　　　　　　　　　　　  8.3  2.3  5.1 -6.7 -0.1 30  7.4                           
091725121313105538カフジキング　　　　　　　　　　　　  2.5  1.3 17.2 19.4 12.1 42  9.2                           
091725121409102471ハイランドジャガー　　　　　　　　　 64.9 11.5-10.9 -2.5 -4.7 25  0.0                           
