041932010117105334ドゥラモット　　　　　　　　　　　　  4.1  1.5 13.5 16.3 10.0 15 14.2                           
041932010217100915ロッソモラーレ　　　　　　　　　　　 18.7  3.6-12.5  5.8 -1.6  3  0.0                           
041932010317102424ワスカランテソーロ　　　　　　　　　  2.2  1.2 20.0 35.5 19.0 24 13.0                           
041932010417106637セーリング　　　　　　　　　　　　　 10.8  2.4-12.5  6.0 -1.5  3  0.0                           
041932010517102391ロードオマージュ　　　　　　　　　　  8.8  2.2  7.5  9.2  5.6 11  8.5                           
041932010617106081ミラベル　　　　　　　　　　　　　　 40.1  6.9-10.8-10.8 -7.2 -2  0.0                           
041932010717106535コスモタイシ　　　　　　　　　　　　 11.4  2.5  7.5  8.9  5.5 11  0.0                           
041932010817100203メモリーオブブルー　　　　　　　　　 34.7  6.0-10.0-10.8 -7.0 -2  0.0                           
041932010917106303アイブランコ　　　　　　　　　　　　 13.1  2.7-10.0  2.7 -2.0  3  0.0                           
041932011017104422エンジョイ　　　　　　　　　　　　　  8.1  2.1 25.0 11.7 11.8 17  7.5                           
041932011117106047プリザーブドローズ　　　　　　　　　 55.2  9.0-10.0-10.0 -6.7 -2  0.0                           
041932011217102396ロードアンバー　　　　　　　　　　　 30.4  5.4-10.0-10.0 -6.7 -2  0.0                           
041932020117104047カンタベリーアロマ　　　　　　　　　 25.0  4.7  6.0 -9.0 -1.5  3  9.8                           
041932020217109021ルナランス　　　　　　　　　　　　　 39.2  7.0-10.0-10.0 -6.7 -2  0.0                           
041932020317109160エクメディノツルギ　　　　　　　　　 40.0  7.1-10.0 -2.0 -3.7  1  0.0                           
041932020417104174キタノマナザシ　　　　　　　　　　　 33.9  6.1-10.0-10.0 -6.7 -2  0.0                           
041932020517104946レヴィ　　　　　　　　　　　　　　　 38.0  6.8-10.0-10.0 -6.7 -2  0.0                           
041932020617104428イマージュ　　　　　　　　　　　　　 33.1  6.0-12.5  1.0 -3.4  2  0.0                           
041932020717103189クリノテルチャン　　　　　　　　　　 26.9  5.0  7.5-16.3 -3.7  1  0.0                           
041932020817101017テーオープライム　　　　　　　　　　  3.2  1.4 18.7 16.8 11.8 17  7.3                           
041932020917105867カイトガイア　　　　　　　　　　　　 37.9  6.8-12.5  3.3 -2.5  2  0.0                           
041932021017103491ハヤブサペコムスメ　　　　　　　　　  5.3  1.6 10.0  7.4  5.7 11  7.5                           
041932021117101963アルカウン　　　　　　　　　　　　　  2.8  1.3 20.0 29.3 16.7 22  6.7                           
041932021217102934ゴーゴーチアフル　　　　　　　　　　 21.1  4.1  6.5  0.4  2.1  7  0.0                           
041932021317101310シゲルナガレボシ　　　　　　　　　　  5.8  1.7 15.0 11.0  8.5 14 16.5                           
041932021417103681アオイベクター　　　　　　　　　　　 23.6  4.5-10.0 -1.3 -3.5  2  0.0                           
041932030116109096フクノワイルド　　　　　　　　　　　  4.8  1.8 -5.5  8.6  1.5 22 14.2                           
041932030216105186フィルストバーン　　　　　　　　　　  3.1  1.5 15.0 17.5 10.9 31 13.0                           
041932030316103809トーセンギムレット　　　　　　　　　 24.6  5.4-12.5  3.2 -2.6 17  0.0                           
041932030413102133クラウンロマン　　　　　　　　　　　 35.3  7.4  6.0-13.8 -3.3 17  0.0                           
041932030514104240フラッグアドミラル　　　　　　　　　 27.6  5.9-12.5 -1.5 -4.3 16  0.0                           
041932030613105383チビノヴァルタン　　　　　　　　　　 14.1  3.4 12.5  4.3  5.3 25  0.0                           
041932030716102055グロリアスホープ　　　　　　　　　　 15.8  3.7 10.0 24.7 12.1 32  0.0                           
041932030813105595ロードキング　　　　　　　　　　　　 14.9  3.6  0.2  2.6  1.0 21  0.0                           
041932030914103928チェリートリトン　　　　　　　　　　 22.5  5.0-10.0 -2.6 -4.0 16  0.0                           
041932031016100904カセノウィナー　　　　　　　　　　　  5.8  1.9 17.5 20.0 12.6 33  7.9                           
041932031116106330アイヅリュウコ　　　　　　　　　　　 44.9  9.3 25.0 -3.6  6.2 26  0.0                           
041932031216100650ファンタスティック　　　　　　　　　 39.9  8.3-12.5-10.0 -7.4 13  0.0                           
041932031315101387トミケンエンデレア　　　　　　　　　  5.8  1.9 18.8  6.0  7.8 28  0.0                           
041932031412104696セレブレイトソング　　　　　　　　　 36.7  7.7-10.8-10.8 -7.2 13  0.0                           
041932031516100421モサ　　　　　　　　　　　　　　　　 23.9  5.2  1.1 -7.2 -2.3 18 10.9                           
041932040116102217スズカキッド　　　　　　　　　　　　 52.2  8.0-12.5-10.0 -7.4 -7  0.0                           
041932040211102579ラインスピリット　　　　　　　　　　  6.8  1.8 10.0  9.4  6.4  6 16.5                           
041932040312105342レオクイック　　　　　　　　　　　　  6.7  1.7 16.0 16.4 10.8 11  7.5                           
041932040415105959ミラクルパレット　　　　　　　　　　 46.0  7.1-10.0 -9.7 -6.6 -7  0.0                           
041932040515101779ニシノオクタゴン　　　　　　　　　　 12.8  2.5-12.5 11.7  0.5  1  0.0                           
041932040615102272ベラソヴラーノ　　　　　　　　　　　 39.3  6.2-11.5 -2.0 -4.2 -4  0.0                           
041932040712104138ビーハグ　　　　　　　　　　　　　　  2.7  1.3 16.0 27.5 14.9 15 14.2                           
041932040813103434ショーストーム　　　　　　　　　　　 39.7  6.2 -2.0-14.7 -6.0 -6  0.0                           
041932040912101673タイセイアプローズ　　　　　　　　　  2.6  1.2 16.3 16.3 10.9 11  6.7                           
041932041014109037クリノハプスブルク　　　　　　　　　 46.6  7.2-10.0-20.0-10.3-10  0.0                           
041932041115103922ルクスムンディー　　　　　　　　　　 16.8  3.1  6.5  6.5  4.3  4  0.0                           
041932041215105142ダンツカホウ　　　　　　　　　　　　 35.9  5.7 -5.5 -8.1 -4.6 -5  0.0  0                        
041932041312105920コウエイサムライ　　　　　　　　　　 38.5  6.1-12.5 -5.1 -5.6 -6  0.0                           
041932050117106060スイスライツ　　　　　　　　　　　　  9.3  2.4 18.8  6.0  7.8  8  9.1                           
041932050217101158アイアムイチオシ　　　　　　　　　　 32.1  5.8-10.0  5.8 -0.9 -1  0.0                           
041932050317104167ハンデンラファール　　　　　　　　　 15.4  3.2  6.0 -9.2 -1.6 -2  0.0                           
041932050417101580スーシーホー　　　　　　　　　　　　 41.5  7.3-10.0  2.5 -2.1 -2 12.1                           
041932050517105902ジョイ　　　　　　　　　　　　　　　 64.3 10.7-12.5 -4.7 -5.5 -5  0.0                           
041932050617106059トウカイマナ　　　　　　　　　　　　  2.5  1.3 20.0 21.6 13.9 14  6.7                           
041932050717102604サイモンバトラー　　　　　　　　　　  6.2  1.8  6.0 14.8  7.2  7  0.0                           
041932050817102852キラービー　　　　　　　　　　　　　 72.5 12.0-10.0-10.0 -6.7 -7  0.0                           
041932050917105712ジョウハリ　　　　　　　　　　　　　 27.6  5.1-10.0 -5.1 -4.9 -5  0.0                           
041932051017103007リュウノチョッパー　　　　　　　　　 34.6  6.2-12.5  2.7 -2.8 -3  0.0                           
041932051117100199タッシーアンジェラ　　　　　　　　　  7.2  2.0 12.1 10.0  7.3  7  0.0                           
041932051217102628ゴーイングヒーロー　　　　　　　　　 44.2  7.7  6.0-13.7 -3.2 -3  0.0                           
041932051317103493バウンティハンター　　　　　　　　　  3.7  1.4 12.5 30.4 14.9 15 14.2  2                        
041932051417100537シゲルサソリザ　　　　　　　　　　　 66.4 11.0-12.5  2.7 -2.8 -3  0.0                           
041932051517103881ゲンパチヴィガ　　　　　　　　　　　 32.9  5.9-10.0 -5.3 -4.9 -5 10.9                           
041932060117106240アビエルト　　　　　　　　　　　　　  3.4  1.5 18.7 16.8 11.8 17  6.7                           
041932060217109140キリシマコテツ　　　　　　　　　　　141.8 27.9-10.0 -9.2 -6.4 -1  0.0                           
041932060317101582パトローナム　　　　　　　　　　　　 33.7  7.3-10.0  6.0 -0.8  4  0.0                           
041932060417102937エスケイサムソン　　　　　　　　　　 85.0 17.0-10.0 -9.2 -6.4 -1  0.0                           
041932060517104398パスカル　　　　　　　　　　　　　　  8.4  2.5 10.0 40.0 17.7 23 17.7                           
041932060617101977ユアオーダー　　　　　　　　　　　　139.7 27.5-11.3 -4.0 -4.9  0  0.0                           
041932060717100858サノチナ　　　　　　　　　　　　　　 21.1  4.9  6.0-20.0 -5.5 -1  0.0                           
041932060817101003マイファンキー　　　　　　　　　　　 11.7  3.0  8.8  2.4  3.5  9  0.0                           
041932060917100132アスピラシオン　　　　　　　　　　　 42.6  9.1-10.0 -5.1 -4.9  0  0.0                           
041932061017101931リーディングレディ　　　　　　　　　 41.0  8.8-10.0  5.8 -0.9  4  0.0                           
041932061117101546アンビルクローラー　　　　　　　　　  5.5  1.9 15.0  0.9  4.8 10  7.9                           
041932061217104939ロマンスピネル　　　　　　　　　　　 12.7  3.2  6.0  5.2  3.7  9  0.0                           
041932061317103856モンテスデラルーナ　　　　　　　　　 17.6  4.2-10.0-10.0 -6.7 -2 10.4                           
041932061417102012リッチクレマチス　　　　　　　　　　  6.1  2.0-12.5  9.0 -0.4  5  0.0                           
041932061517104253ジュニパーベリー　　　　　　　　　　  4.7  1.7 20.0 10.2  9.7 15  6.9                           
041932061617101396キーナッツ　　　　　　　　　　　　　 71.4 14.4-12.5-10.0 -7.4 -2  0.0                           
041932070115106353クリノクノイチ　　　　　　　　　　　137.7 23.8-10.8-10.8 -7.2 13  0.0                           
041932070215106310スターリバー　　　　　　　　　　　　 44.3  8.3-10.0 -9.0 -6.3 14  0.0                           
041932070316102430ノボオリエンス　　　　　　　　　　　 17.4  3.7-12.5 -9.3 -7.2 13  0.0                           
041932070416103403チャンダナ　　　　　　　　　　　　　 31.2  6.0-10.0  4.9 -1.2 19  0.0                           
041932070514101889アルミューテン　　　　　　　　　　　  8.7  2.4 12.0  5.2  5.5 26  8.1                           
041932070614105389ドロウアカード　　　　　　　　　　　  2.9  1.4 18.7 22.5 13.9 34  6.7                           
041932070713102729サマニー　　　　　　　　　　　　　　  8.8  2.4  7.5  8.0  5.2 25  0.0                           
041932070815100441ビーユアヒーロー　　　　　　　　　　 20.0  4.2  0.2 -3.5 -1.2 19  0.0                           
041932070916105226グラウクス　　　　　　　　　　　　　  3.6  1.5 14.4 14.9  9.8 30 14.2                           
041932071016100927モテモテ　　　　　　　　　　　　　　 27.7  5.4-10.8-15.8 -9.0 11  0.0  0                        
041932071115103431キョウエイオビエド　　　　　　　　　 29.9  5.8 -2.0-16.6 -6.7 13  0.0                           
041932071214101831ラッシュバンガード　　　　　　　　　 89.1 15.6-10.0-17.4 -9.4 11  0.0                           
041932071314103990モハー　　　　　　　　　　　　　　　  6.8  2.0  9.4 12.7  7.5 27 15.3                           
041932071416101155ケプラー　　　　　　　　　　　　　　 15.9  3.5  2.6  0.6  1.0 21  0.0                           
041932071514103896メイショウハチク　　　　　　　　　　 19.2  4.0  2.9 -3.5 -0.4 20  0.0  0                        
041932080114103594ワイルドグラス　　　　　　　　　　　 36.8  6.6-10.0 -3.8 -4.4 16  0.0                           
041932080215106102ネコマヒカ　　　　　　　　　　　　　 13.8  2.9 -4.7 -1.6 -2.0 18  0.0  0                        
041932080315102868スズヨブラック　　　　　　　　　　　 31.5  5.8-10.0 -4.0 -4.5 16  0.0                           
041932080416103291レシプロケイト　　　　　　　　　　　  2.2  1.2 21.7 21.7 14.5 34 13.0                           
041932080516104705スターリーパレード　　　　　　　　　  5.7  1.7 12.8  8.0  6.8 27  7.9                           
041932080616102853メメランタン　　　　　　　　　　　　  5.0  1.6 12.3 12.2  8.2 28 14.2                           
041932080714100838ショウナンサニー　　　　　　　　　　  5.7  1.7  9.9 15.1  8.5 29  8.1                           
041932080816102872ダンツスピリット　　　　　　　　　　  9.4  2.4  8.0 10.1  6.1 26  0.0  4                        
041932080915106180サージュミノル　　　　　　　　　　　  8.0  2.1  4.2  7.8  4.1 24  0.0                           
041932090116103815トーセングラン　　　　　　　　　　　 19.1  4.3-10.0 11.7  1.3 21  0.0                           
041932090216100070マイネルセリオン　　　　　　　　　　 22.0  4.7-12.5 10.7  0.2 20  0.0                           
041932090316105169ジャストアジゴロ　　　　　　　　　　  3.0  1.4 16.8 20.0 12.4 32 13.0                           
041932090414102327クリノオスマン　　　　　　　　　　　  4.4  1.6 18.8  2.7  6.6 27  7.3                           
041932090515106094フラッシュスタイル　　　　　　　　　 20.7  4.6-12.5 -7.0 -6.3 14  0.0                           
041932090614103687コンゴウトシオー　　　　　　　　　　 45.7  9.1-10.0 -4.5 -4.7 15  0.0                           
041932090715106175リッキー　　　　　　　　　　　　　　 33.5  6.9-10.8-10.8 -7.2 13  0.0                           
041932090816104295テンペスタージ　　　　　　　　　　　 16.1  3.7-12.5  2.0 -3.0 17  0.0                           
041932090916104393アマネセール　　　　　　　　　　　　  4.9  1.7 13.3 10.8  7.9 28 15.3                           
041932091015100157ロゼフェニックス　　　　　　　　　　 18.5  4.2-10.0 -5.1 -4.9 15  0.0                           
041932091115100218ウインインペリアル　　　　　　　　　 46.6  9.3-10.8-10.8 -7.2 13  0.0                           
041932091216106456アースドラゴン　　　　　　　　　　　 11.9  2.9  6.0 10.2  5.5 26  0.0  5                        
041932091316102276ロードブレス　　　　　　　　　　　　 19.9  4.4-10.8-10.8 -7.2 13 10.9                           
041932091416104625バイキングクラップ　　　　　　　　　 18.9  4.2-12.5 17.4  2.6 23  0.0                           
041932091516105264レッドジェニファー　　　　　　　　　 20.8  4.6 -5.5-10.8 -5.6 14  0.0                           
041932100116100746マイネルミュトス　　　　　　　　　　  5.8  1.8 12.5  7.3  6.4 26 15.3                           
041932100215104887ナンヨープランタン　　　　　　　　　  7.3  2.1 17.0 12.6  9.7 30  0.0                           
041932100315102164エピックスター　　　　　　　　　　　 11.2  2.6-12.5 11.7  0.5 21  0.0                           
041932100414103163エテレインミノル　　　　　　　　　　  6.6  2.0  7.8  7.7  5.2 25  8.1                           
041932100516105171ピノクル　　　　　　　　　　　　　　  3.1  1.4 12.8 25.6 13.2 33  6.7                           
041932100615104144ブラゾンダムール　　　　　　　　　　 15.4  3.4  6.5 -5.5 -0.1 20  0.0                           
041932100714103615ダイイチターミナル　　　　　　　　　 31.1  6.0  7.5-18.2 -4.4 16  0.0                           
041932100816100273グレルグリーン　　　　　　　　　　　 12.5  2.9 25.0  6.8 10.0 30  0.0                           
041932100916110076オーケーブロッサム　　　　　　　　　 41.1  7.8-10.8-10.8 -7.2 13  0.0                           
041932101015109078ナスノシンフォニー　　　　　　　　　  3.4  1.4 15.0 16.0 10.4 30 14.2                           
041932110112104164ミュゼエイリアン　　　　　　　　　　 72.0 14.5-12.5  6.6 -1.3 44  0.0                           
041932110215104796アルーシャ　　　　　　　　　　　　　  7.7  2.4-10.0 24.0  5.8 51  8.1  3                        
041932110313104550トウショウドラフタ　　　　　　　　　 49.6 10.5 12.5 -5.3  1.8 47  0.0                           
041932110413101315キングハート　　　　　　　　　　　　 42.0  9.0-10.0 -9.0 -6.3 39  0.0                           
041932110514103009タイムトリップ　　　　　　　　　　　 13.8  3.4-12.5-10.8 -7.7 37  0.0                           
041932110616105009プールヴィル　　　　　　　　　　　　  5.4  1.9 15.3 13.6  9.6 55 14.2                           
041932110715104721アンコールプリュ　　　　　　　　　　  6.5  2.1  6.5 11.4  6.1 51  7.9                           
041932110813104320タマモブリリアン　　　　　　　　　　112.6 22.3-10.8-15.8 -9.0 36  0.0  0                        
041932110914105996デアレガーロ　　　　　　　　　　　　  3.1  1.5 18.8 35.4 18.6 64  6.7  1  201   82              
041932111015105214メイケイダイハード　　　　　　　　　 28.2  6.2 -5.0-10.8 -5.5 40  0.0                           
041932111112105538ツーエムマイスター　　　　　　　　　 18.7  4.4  4.2  4.3  2.8 48  0.0                           
041932111215100635エントシャイデン　　　　　　　　　　  8.0  2.5  7.5 12.4  6.8 52  8.6  5                        
041932111316100665ディープダイバー　　　　　　　　　　 17.2  4.1  0.6  0.4  0.3 45  0.0                           
041932111412104085ヴェネト　　　　　　　　　　　　　　 71.4 14.4-10.8-10.8 -7.2 38  0.0                           
041932111513103082サフランハート　　　　　　　　　　　 59.9 12.2-10.0-10.3 -6.8 38  0.0                           
041932111613109027キャプテンペリー　　　　　　　　　　 26.2  5.8-12.5-12.5 -8.3 37  0.0  0                        
041932111715104438リバティハイツ　　　　　　　　　　　 12.4  3.2  2.6  5.4  2.8 48  0.0                           
041932120114106210アオイテソーロ　　　　　　　　　　　  5.3  1.9  6.0 15.0  7.3 37 14.2                           
041932120215105009ケールダンセール　　　　　　　　　　120.4 24.5-10.8-10.8 -7.2 23  0.0                           
041932120316105702タイトロープウィン　　　　　　　　　 13.1  3.4 -2.0 12.6  4.0 34  0.0  5                        
041932120415101074ナムラキヌ　　　　　　　　　　　　　 41.7  9.1-10.8-10.6 -7.1 23  0.0                           
041932120515100130ケイツーリラ　　　　　　　　　　　　  6.4  2.1  7.5 -9.2 -1.1 29  0.0                           
041932120615104977グラマラスライフ　　　　　　　　　　 11.8  3.1-10.0 16.0  2.9 33  0.0                           
041932120716104992キャンディスイート　　　　　　　　　 15.6  3.9 25.0 -2.0  6.8 37 10.4                           
041932120815105429ミラビリア　　　　　　　　　　　　　 30.4  6.8-12.5-10.0 -7.4 23  0.0                           
041932120915103853シネマソングス　　　　　　　　　　　 18.0  4.4-12.5 -3.6 -5.1 25  0.0                           
041932121015102647シンコーメグチャン　　　　　　　　　 12.9  3.3 -2.5 -4.7 -2.5 28  0.0                           
041932121114101763ショーカノン　　　　　　　　　　　　 37.0  8.2-12.5 -9.2 -7.1 23  0.0                           
041932121216105305フラッシングジェム　　　　　　　　　  7.2  2.3 10.0 12.0  7.4 37  8.5                           
041932121315102983ミラクルブラッド　　　　　　　　　　 15.6  3.9-12.5-11.4 -7.9 22  0.0                           
041932121415104170デルニエオール　　　　　　　　　　　 21.6  5.1 -1.1 -6.9 -2.9 27  0.0                           
041932121516101194グレースゼット　　　　　　　　　　　  3.4  1.6 16.1 14.9 10.3 40 13.0                           
051942010117103661タイセイブーティー　　　　　　　　　 11.7  2.2 12.0  9.2  7.0 12  7.7                           
051942010217100514ナックライオン　　　　　　　　　　　 53.1  7.7-11.4-10.4 -7.2 -2  0.0                           
051942010317102607ニシノジェイピー　　　　　　　　　　 58.2  8.1-10.0-14.0 -8.1 -3  0.0                           
051942010417104400シュプレムラン　　　　　　　　　　　 10.9  2.1-10.0  0.7 -2.7  2  7.2                           
051942010517104254ユーアーマイソウル　　　　　　　　　 29.1  4.5 -9.2 -1.4 -3.3  2  0.0                           
051942010617106558ホットミスト　　　　　　　　　　　　  2.0  1.2 25.1 23.4 16.1 21 18.1  1  147   64              
051942010717104044バトルモモタロー　　　　　　　　　　 65.4  9.1-10.0-18.1 -9.6 -5  0.0                           
051942010817106434リュウノブルック　　　　　　　　　　 32.1  4.9-10.0  1.0 -2.6  2  0.0                           
051942010917103776マイネルエスペルト　　　　　　　　　  9.1  2.0  7.2  4.9  4.0  9  0.0                           
051942011017103310カッチョカバロ　　　　　　　　　　　  3.5  1.3 20.0 12.9 10.7 16 19.8                           
051942011117101904コスモケルビン　　　　　　　　　　　  6.3  1.6  6.0  5.3  3.7  9  8.9                           
051942020117104377トーセンコパン　　　　　　　　　　　 13.6  3.4-10.4 18.6  3.7  9 21.0  4                        
051942020217105954セイウンハテンコウ　　　　　　　　　  7.5  2.4 12.0 12.2  8.1 13  6.7                           
051942020317102164ハディア　　　　　　　　　　　　　　 46.8 10.1-10.0  5.7 -0.9  4  0.0                           
051942020417101246コスモピオニール　　　　　　　　　　 41.7  9.0-11.4 -2.0 -4.2  1  0.0                           
051942020517100556ユラ　　　　　　　　　　　　　　　　 94.5 19.1-11.4-10.0 -7.1 -2  0.0                           
051942020617101041パイプライン　　　　　　　　　　　　  3.6  1.6  6.0 17.6  8.3 13  7.5                           
051942020717106709ビッグワンビリーブ　　　　　　　　　 61.0 12.6 -9.7  6.0 -0.7  4  0.0                           
051942020817102015ケイティディライト　　　　　　　　　  8.3  2.5  6.0  8.6  5.0 10  0.0                           
051942020917106239ホープブロッサム　　　　　　　　　　  9.5  2.8 -3.6 -4.4 -2.7  2  8.2  0                        
051942021017102992ペリトモレノ　　　　　　　　　　　　  9.0  2.7-10.0  8.4  0.1  5  7.7                           
051942021117103473スズカコーズマンボ　　　　　　　　　 16.1  3.9-10.0-12.2 -7.5 -2  0.0                           
051942021217103117ラブリーエンジェル　　　　　　　　　 80.0 16.3-11.4-17.1 -9.7 -5  0.0  0                        
051942021317105397ワセダウォリアー　　　　　　　　　　  4.7  1.8 20.7 18.6 13.0 18  5.8  5                        
051942021417106296ラカルマ　　　　　　　　　　　　　　 32.8  7.2 -9.2-10.4 -6.6 -2  0.0                           
051942021517104548トーアクルス　　　　　　　　　　　　137.2 27.5-12.5-10.1 -7.5 -2  0.0                           
051942021617106461ソクシン　　　　　　　　　　　　　　  6.7  2.2 20.0 10.7  9.9 15 15.2                           
051942030117104181ハッピールーラ　　　　　　　　　　　 14.3  2.9  7.5  2.6  3.2  8  0.0                           
051942030217103615グラスカルメン　　　　　　　　　　　 41.8  7.1-10.0  3.6 -1.7  3  0.0                           
051942030317101610シバノレイワ　　　　　　　　　　　　 28.7  5.1-10.0-10.4 -6.8 -2  0.0                           
051942030417102577ハーフジャック　　　　　　　　　　　 57.9  9.4-10.0-10.0 -6.7 -2  0.0                           
051942030517106278オウサマプリン　　　　　　　　　　　 59.7  9.7-13.1 -9.5 -7.4 -2  0.0                           
051942030617101928マイネルシスネロス　　　　　　　　　  2.3  1.2 21.0 16.3 12.3 17 18.1                           
051942030717103283ゴールドパラディン　　　　　　　　　  5.4  1.6 13.8 11.1  8.2 13  6.8                           
051942030817106735センノベステス　　　　　　　　　　　 47.1  8.0-11.4-16.0 -9.3 -4  0.0                           
051942030917105972ヴァルナ　　　　　　　　　　　　　　  4.5  1.5 13.7 12.3  8.6 14 21.4                           
051942031017100931エースインザハート　　　　　　　　　 19.3  3.7  2.7  9.8  4.4  9  0.0  5                        
051942031117100300イッツオーライト　　　　　　　　　　 42.9  7.3  6.0 -6.6 -0.6  4  0.0                           
051942031217104641ツクバゴールド　　　　　　　　　　　  3.9  1.4 18.8 22.4 13.9 19 14.0  1  308   20              
051942040117104740ダイワリチャード　　　　　　　　　　  4.5  1.6 10.0  9.4  6.4  6 19.8                           
051942040217102960バトルカグヤ　　　　　　　　　　　　 35.4  7.0 -6.0 -0.8 -2.1 -2  0.0                           
051942040317104454ディーバダンス　　　　　　　　　　　154.0 27.7-10.0-13.6 -8.0 -8  0.0                           
051942040417101984マイネルアルモニコ　　　　　　　　　 19.6  4.3 -0.3-12.7 -4.7 -5  0.0                           
051942040517100231ハルノマリーナ　　　　　　　　　　　 42.9  8.4 -1.8-10.0 -4.2 -4  0.0                           
051942040617102466イザラ　　　　　　　　　　　　　　　  2.8  1.4 14.0 19.6 11.4 11  5.3                           
051942040717105736ヤマヒビキ　　　　　　　　　　　　　 85.1 15.6-10.4-16.2 -9.1 -9  0.0  0                        
051942040817104234スズノヤマト　　　　　　　　　　　　  9.2  2.5 10.6  6.1  5.4  5 14.5                           
051942040917106294シュシュダムール　　　　　　　　　　 41.7  8.2 -3.9 -9.5 -4.7 -5  0.0                           
051942041017100008ドンマニフィコ　　　　　　　　　　　 11.3  2.7-12.5  1.4 -3.2 -3  0.0                           
051942041117106587ベスティア　　　　　　　　　　　　　 49.7  9.6-10.0-16.3 -9.0 -9 15.7                           
051942041217104677オメガデラックス　　　　　　　　　　  5.3  1.7 13.8 10.8  8.1  8 15.2                           
051942041317101613ホルダンモル　　　　　　　　　　　　 91.5 16.7-10.0 -5.0 -4.8 -5  0.0                           
051942041417101747シラカワカツコ　　　　　　　　　　　 98.4 17.9-11.4 -1.4 -3.9 -4  0.0                           
051942041517104221トルニ　　　　　　　　　　　　　　　 18.5  4.1 12.8 -2.7  2.8  3  0.0                           
051942041617102578ワキノフオルテ　　　　　　　　　　　 37.5  7.4 -2.9 12.8  3.8  4  0.0  4                        
051942041717106609ラファエル　　　　　　　　　　　　　  8.7  2.4  4.1 12.5  5.8  6  0.0                           
051942041817104595ハシレコウマ　　　　　　　　　　　　260.1 46.3-10.4-16.2 -9.1 -9  0.0  0                        
051942050117105408ダノングロワール　　　　　　　　　　  2.4  1.2 20.5 15.9 12.0 12 18.1                           
051942050217101244イッツエルメス　　　　　　　　　　　 36.4  6.3 -1.7-15.1 -6.0 -6  0.0  0                        
051942050317103312ホウオウトラスト　　　　　　　　　　 18.2  3.5  2.4-14.1 -4.4 -4  0.0  0                        
051942050417101376ビレッジイーグル　　　　　　　　　　  7.7  2.0  9.1  3.9  4.2  4  7.2                           
051942050517100048マルターズデセオ　　　　　　　　　　  7.5  2.0  9.1 10.1  6.4  6  0.0                           
051942050617101318タイガ　　　　　　　　　　　　　　　 46.1  7.8-11.4 -9.5 -6.9 -7  0.0                           
051942050717101686ランサムトラップ　　　　　　　　　　 64.5 10.4-13.4-20.0-11.4-11  0.0                           
051942050817104776ジュールサイクル　　　　　　　　　　 14.5  3.0 -3.7  5.3  0.8  1  0.0                           
051942050917102375ロードソリッド　　　　　　　　　　　  5.1  1.6 18.6 15.9 11.4 11 15.1  5                        
051942051017103751サクラトゥジュール　　　　　　　　　  3.7  1.4 15.0 22.6 12.8 13 19.8  2                        
051942051117101091アンリーシュ　　　　　　　　　　　　 32.4  5.7-10.0 -8.9 -6.3 -6  0.0                           
051942060115100491ヒロノブシドウ　　　　　　　　　　　 28.2  6.5-10.0 -6.2 -5.3 15  0.0                           
051942060215110065ニシノトランザム　　　　　　　　　　 41.0  9.2-12.5-12.9 -8.5 12  0.0  0                        
051942060315100093ユイノチョッパー　　　　　　　　　　  4.6  1.8 10.0  7.9  5.9 26 15.2                           
051942060416110163オフウィドゥス　　　　　　　　　　　  4.3  1.7 17.7 19.4 12.4 32 10.6  5                        
051942060516100805グレートバニヤン　　　　　　　　　　  7.6  2.4 11.1  7.2  6.0 26  0.0                           
051942060613102117オーシャンビュー　　　　　　　　　　 35.5  8.0 -8.7 -1.4 -3.1 17  0.0                           
051942060716103584ペイシャムートン　　　　　　　　　　  6.6  2.2  6.0 10.4  5.6 26 17.5                           
051942060814100542スフィーダグリーン　　　　　　　　　 63.2 13.4-13.1 -9.5 -7.4 13  0.0                           
051942060916104027メンディ　　　　　　　　　　　　　　  6.3  2.1  8.1 13.5  7.4 27 16.3                           
051942061016105671シゲルヒスイ　　　　　　　　　　　　  4.4  1.7 10.7 20.3 10.7 31  0.0                           
051942061116101055ネオブレイブ　　　　　　　　　　　　  8.1  2.6-10.0  6.5 -0.6 19  8.2                           
051942061216110071エスカレードフジ　　　　　　　　　　 89.2 18.7-11.4-19.3-10.5 10  0.0  0                        
051942061315104142ミッキーチャイルド　　　　　　　　　 45.3 10.1-11.4-10.7 -7.3 13  0.0                           
051942070116100505フィリーズラン　　　　　　　　　　　  5.3  1.8 10.0 12.2  7.5 27  0.0                           
051942070213101246スケールアップ　　　　　　　　　　　 60.8 11.8-13.1-15.7 -9.7 10  0.0                           
051942070316100216タマモキャペリン　　　　　　　　　　  3.3  1.5 14.6  8.2  7.4 27 10.6                           
051942070415104602ヴィーヴルサヴィ　　　　　　　　　　 33.7  7.0 -9.2-19.3 -9.8 10  0.0  0                        
051942070515105202ニシノベースマン　　　　　　　　　　  8.1  2.4 -2.9  7.7  2.0 22 17.5  5                        
051942070615102909シキシマ　　　　　　　　　　　　　　 63.9 12.4-13.1-10.0 -7.6 12  0.0                           
051942070714103702ブルーオラーリオ　　　　　　　　　　 35.5  7.4-13.4 -4.7 -5.7 14  0.0                           
051942070815104477デュアルマンデート　　　　　　　　　  4.1  1.6 20.7 17.7 12.7 33 14.0  2                        
051942070915104461ササノユキオルフェ　　　　　　　　　 12.7  3.1 20.0  8.2  9.0 29  0.0  5                        
051942071016102368ヤンチャプリヒメ　　　　　　　　　　 16.9  3.9  6.0  7.5  4.6 25  8.6A                          
051942071115102565セイウンデルレイ　　　　　　　　　　 17.4  4.0-10.4 -4.7 -4.8 15  0.0                           
051942071215103663フレンドアリス　　　　　　　　　　　 15.8  3.7  4.2  0.0  1.3 21  0.0                           
051942071315103867ウメタロウ　　　　　　　　　　　　　  7.0  2.2  6.0 36.2 15.1 35 16.3                           
051942071414102135サンマルライバル　　　　　　　　　　 87.4 16.7-10.0 -8.8 -6.2 14  0.0                           
051942080112102070コスモヨハネ　　　　　　　　　　　　 33.2  6.5 -1.3 -7.6 -3.2 27  0.0                           
051942080215101342マジックバローズ　　　　　　　　　　 20.0  4.3  7.5 -2.6  1.3 31 12.3  0                        
051942080315100854ニシノウララ　　　　　　　　　　　　109.5 19.5-10.0-18.1 -9.6 20  0.0                           
051942080416104638セリユーズ　　　　　　　　　　　　　  2.7  1.3 15.0 17.1 10.8 41 12.8                           
051942080516105802ロザムール　　　　　　　　　　　　　 17.0  3.7 10.0  2.2  3.8 34  0.0                           
051942080614102449トミケンボハテル　　　　　　　　　　 48.2  9.2-11.4 -8.2 -6.4 24  0.0                           
051942080715104161エイムアンドエンド　　　　　　　　　 12.1  2.8  4.8 -9.9 -2.2 28  7.2                           
051942080815110016モズダディー　　　　　　　　　　　　  7.7  2.2 11.1  9.1  6.7 37 13.5                           
051942080915102307ソールライト　　　　　　　　　　　　 51.1  9.7-10.4 -6.0 -5.3 25  0.0                           
051942081014105476ショワドゥロワ　　　　　　　　　　　 14.2  3.2 -6.5  7.6  0.8 31  7.7                           
051942081115105086レイナデルビエント　　　　　　　　　 39.5  7.6-10.0 -8.6 -6.2 24  0.0                           
051942081214100786ドウディ　　　　　　　　　　　　　　 77.9 14.0-10.0 -8.8 -6.2 24  0.0                           
051942081316101292ポルーニン　　　　　　　　　　　　　  4.8  1.6 22.6  8.1  9.8 40  6.2                           
051942081415106187メジェールスー　　　　　　　　　　　 29.4  5.9 -6.0  0.5 -1.6 28  0.0                           
051942081514105250キングリッド　　　　　　　　　　　　  4.3  1.6  9.1 17.1  9.0 39  8.2  4                        
051942090111103696ショウナンマルシェ　　　　　　　　　 83.5 16.7-11.4  2.2 -2.6 32  0.0                           
051942090213105945フェイズベロシティ　　　　　　　　　  6.1  2.0 13.5  9.0  7.3 42 16.3  2                        
051942090314103156ベイビーステップ　　　　　　　　　　 25.9  5.8-10.0  2.2 -2.2 33  0.0                           
051942090414106040レジェンドセラー　　　　　　　　　　 36.1  7.8 -9.4 -8.6 -6.0 29  0.0  0                        
051942090511103702グランドサッシュ　　　　　　　　　　 40.4  8.7-10.0 -8.2 -6.0 29  0.0                           
051942090615101654アフリカンゴールド　　　　　　　　　  4.0  1.6 19.9 16.4 12.0 47  0.0  1  148   60              
051942090715100831トラストケンシン　　　　　　　　　　 13.3  3.3  1.3  6.4  2.7 38 18.7                           
051942090811101125オジュウチョウサン　　　　　　　　　  9.2  2.7 -3.6 16.8  5.1 40  0.0                           
051942090914100731マイネルヴンシュ　　　　　　　　　　  5.1  1.8 12.0  4.9  5.4 40 15.1                           
051942091015104090サトノオンリーワン　　　　　　　　　 24.0  5.4 -6.5 -7.4 -4.7 30  0.0  5                        
051942091115105076バレリオ　　　　　　　　　　　　　　  3.9  1.6 17.8 15.9 11.2 46 10.6  5                        
051942091215105108ロサグラウカ　　　　　　　　　　　　 16.9  4.1  3.3 14.4  6.3 41  0.0                           
051942091315101465ミスマンマミーア　　　　　　　　　　 16.7  4.0 -2.9 -3.9 -2.3 33  8.2                           
051942091413104671スティルウォーター　　　　　　　　　 96.1 19.2-12.5-10.1 -7.5 28  0.0                           
051942091513106000フォイヤーヴェルク　　　　　　　　　 31.1  6.8-12.5-11.5 -8.0 27  0.0                           
051942100114106529ビックリシタナモー　　　　　　　　　 19.4  3.8-12.5 -1.4 -4.3 41  0.0                           
051942100214106118マジカルスペル　　　　　　　　　　　 10.8  2.4  9.9  0.4  3.1 48  0.0                           
051942100313105373イーグルフェザー　　　　　　　　　　 42.3  7.4-11.4 -8.7 -6.6 38  0.0                           
051942100414109171サルサディオーネ　　　　　　　　　　 10.7  2.4 -2.9  0.7 -0.6 44  0.0                           
051942100513100389クリーンファンキー　　　　　　　　　 69.1 11.4-13.4-11.5 -8.2 37  0.0                           
051942100612105474ニットウスバル　　　　　　　　　　　 46.5  8.1-10.0-10.6 -6.9 38  0.0                           
051942100713105808レッドゲルニカ　　　　　　　　　　　 47.9  8.3-10.0-12.7 -7.7 37 11.6                           
051942100813110083ベストマッチョ　　　　　　　　　　　 25.9  4.8 -9.2 -1.6 -3.3 42  0.0                           
051942100915100348ショーム　　　　　　　　　　　　　　 12.4  2.7 14.6  2.0  5.1 50  7.7                           
051942101016110013デュープロセス　　　　　　　　　　　  2.2  1.3 25.1 23.4 16.1 61 18.1  1  147   64              
051942101112105582ムーンクレスト　　　　　　　　　　　161.1 25.7-12.5-10.1 -7.5 38  0.0                           
051942101215101858ヌーディーカラー　　　　　　　　　　 46.4  8.1-12.5-10.1 -7.5 38  0.0                           
051942101314110109イーグルバローズ　　　　　　　　　　 16.4  3.3  5.2 11.6  5.8 51  0.0  5                        
051942101414103977ダンツゴウユウ　　　　　　　　　　　 25.0  4.6-12.5 -0.6 -4.0 41 13.0                           
051942101513102815ワンダーリーデル　　　　　　　　　　  4.5  1.6 18.8 12.8 10.3 55 14.0                           
051942101614101173アディラート　　　　　　　　　　　　 12.2  2.6 15.0  5.3  6.4 51  7.2                           
051942110115100344ケイアイノーテック　　　　　　　　　 17.6  3.3 -0.4  6.2  2.2 57 15.3                           
051942110215104317ギベオン　　　　　　　　　　　　　　 16.5  3.2  4.7 -0.8  1.1 56  0.0                           
051942110314105785アエロリット　　　　　　　　　　　　  3.7  1.3 15.0 20.5 12.0 67 11.6  2                        
051942110415104688インディチャンプ　　　　　　　　　　  4.7  1.5  8.8 15.4  8.3 63 18.4                           
051942110516104650ランフォザローゼス　　　　　　　　　 27.7  4.8-10.0 -3.4 -4.2 51  0.0                           
051942110614105258ペルシアンナイト　　　　　　　　　　  7.5  1.9  2.4 16.0  6.6 62 10.3  3                        
051942110715100744マイネルファンロン　　　　　　　　　 25.1  4.4-11.4-11.4 -7.6 47  0.0                           
051942110815104624ハッピーグリン　　　　　　　　　　　 41.1  6.8 -9.5-10.0 -6.5 48  0.0                           
051942110916102179ダノンキングリー　　　　　　　　　　  2.2  1.2 16.2 27.0 14.8 70 18.1  1  265   57              
051942111014110031モズアスコット　　　　　　　　　　　 13.2  2.7  9.4  7.6  5.6 61  0.0                           
051942120113101748キングラディウス　　　　　　　　　　 88.8 20.7-10.4-16.0 -9.0 21  0.0                           
051942120216104389ルプレジール　　　　　　　　　　　　 11.7  3.4 -2.1  6.1  1.6 32  0.0                           
051942120312102486コンクエストシチー　　　　　　　　　 74.7 17.5-12.5 -4.6 -5.4 25  0.0                           
051942120416105181オンザウェイ　　　　　　　　　　　　 11.3  3.3-10.0  9.4  0.4 30  8.6                           
051942120515104697ヴァイザー　　　　　　　　　　　　　  8.6  2.9  0.7  0.5  0.4 30 10.9                           
051942120614101361バトルスピリッツ　　　　　　　　　　  5.7  2.2-10.0  8.3  0.0 30 14.0C                          
051942120715103377サイモンジルバ　　　　　　　　　　　 73.0 17.1-13.4-20.0-11.4 19  0.0                           
051942120816102412ヨンク　　　　　　　　　　　　　　　 26.1  6.7 -7.3  5.2 -0.3 30  0.0                           
051942120914105562ダイワエトワール　　　　　　　　　　  9.1  3.0  7.3 25.3 11.5 41  0.0                           
051942121015100131ロジヒューズ　　　　　　　　　　　　  8.1  2.8  9.6 11.2  7.0 37  7.2                           
051942121114100765ゴールドブラッド　　　　　　　　　　  5.5  2.1  9.3  6.6  5.2 35  7.5C1                         
051942121215104554トークフレンドリー　　　　　　　　　 15.9  4.4-10.0  9.0  0.3 30  0.0                           
051942121314101093メヌエット　　　　　　　　　　　　　  7.5  2.6 13.8 -2.3  3.3 33 13.5                           
051942121416102697サニークラウド　　　　　　　　　　　  5.9  2.2 15.0 10.6  8.4 38  0.0                           
051942121514104192オールウェイズゼア　　　　　　　　　 36.6  9.1-11.4-16.3 -9.4 21 10.6  0                        
051942121615103320クアトレフォイル　　　　　　　　　　 74.4 17.4-11.4-10.0 -7.1 23  0.0                           
081942010117103650タマモゼーゼマン　　　　　　　　　　 24.8  4.9  0.0 -3.8 -1.1  4  0.0                           
081942010217104709レインボーメイプル　　　　　　　　　  2.4  1.3 20.7 26.9 15.7 21 18.0  1  187   48              
081942010317105538ベッロコルサ　　　　　　　　　　　　  5.7  1.8 17.5  6.0  8.2 13 21.3                           
081942010417101295テイエムワールド　　　　　　　　　　  6.5  1.9 -0.2 20.0  5.9 11  7.2  4                        
081942010517105821ゼットハクセン　　　　　　　　　　　 29.2  5.6-10.9-13.1 -7.9 -3  0.0                           
081942010617102837フィニアル　　　　　　　　　　　　　  9.4  2.5  3.8 -3.8  0.3  5  9.4                           
081942010717100742キキキキン　　　　　　　　　　　　　 35.0  6.6 -4.1 -8.5 -4.1  1  0.0                           
081942010817103260ホウオウグラス　　　　　　　　　　　 17.4  3.7 -4.2  1.4 -1.1  4  0.0                           
081942010917106264ビアイ　　　　　　　　　　　　　　　  4.6  1.6 12.6 17.3  9.8 15 19.6                           
081942011017100224ライジングペガサス　　　　　　　　　 18.5  3.9 -5.6-13.1 -6.0 -1  0.0                           
081942011117104120フシミパオラー　　　　　　　　　　　 47.9  8.8-10.9-11.1 -7.3 -2  0.0                           
081942011217102624イッツマイビジネス　　　　　　　　　 15.7  3.4 11.2 -1.8  3.6  9  0.0                           
081942020117103680ビービージャッカル　　　　　　　　　 44.8  8.6 -8.7-15.7 -7.9 -3 16.9                           
081942020217102834ペイダート　　　　　　　　　　　　　 15.2  3.4  9.6  2.4  4.2  9  0.0                           
081942020317109008ワークアウト　　　　　　　　　　　　  5.7  1.8  7.0 15.8  7.3 12  0.0                           
081942020417103632スマートコマンダー　　　　　　　　　  2.8  1.4 19.2 17.8 12.4 17 18.0                           
081942020517103798コンゴウレイワ　　　　　　　　　　　 33.4  6.6 -1.6 -6.8 -2.6  2  0.0                           
081942020617100475サワーソップ　　　　　　　　　　　　 58.9 10.8-10.9-10.2 -7.1 -2  0.0                           
081942020717100084ナムラカミカゼ　　　　　　　　　　　 17.4  3.8-11.4-12.2 -7.8 -3  0.0                           
081942020817100265クリノヴジュアル　　　　　　　　　　 13.4  3.1  1.8 10.4  3.8  9  0.0                           
081942020917103876ペルルドール　　　　　　　　　　　　 12.0  2.8 11.2 14.1  8.3 13  0.0                           
081942021017100630ダイメイコリーダ　　　　　　　　　　 19.6  4.2-10.9-15.0 -8.5 -3  0.0  0                        
081942021117106611フレイムウィングス　　　　　　　　　 21.9  4.5 -8.1 -8.5 -5.5 -1  9.8                           
081942021217101291パイプライナー　　　　　　　　　　　 25.2  5.1 -5.6 -5.4 -3.7  1 18.9                           
081942021317104905メイケイカガヤキ　　　　　　　　　　 69.2 12.6-10.9-14.8 -8.4 -3  0.0  0                        
081942021417105807メイショウオーギシ　　　　　　　　　 24.2  5.0  6.5-14.4 -1.9  3 12.6  0                        
081942021517105827サマーソルト　　　　　　　　　　　　 46.8  9.0-11.4-15.7 -8.9 -4  0.0                           
081942021617102196タマモパッション　　　　　　　　　　  4.3  1.6 14.8 15.1 10.0 15 19.6                           
081942030117104940ピエナファリア　　　　　　　　　　　 44.2  6.6-10.9-14.4 -8.3 -3  0.0  0                        
081942030217106125メイショウボサツ　　　　　　　　　　  7.5  1.8 10.5 13.1  7.8 13  7.2                           
081942030317105133ラヴォアドゥース　　　　　　　　　　 10.9  2.2  9.2  6.4  5.3 10 13.5  0                        
081942030417104782テランガ　　　　　　　　　　　　　　 20.2  3.4-10.9 -0.5 -4.1  1  0.0  3                        
081942030517102400ラストブラッサム　　　　　　　　　　 12.2  2.3 10.4  2.7  4.6 10  0.0                           
081942030617106541ダンツサトリア　　　　　　　　　　　 22.3  3.7-11.4 -8.2 -6.6 -2  0.0                           
081942030717105495ラインハイト　　　　　　　　　　　　  6.5  1.7  6.5 13.9  6.6 12 17.8                           
081942030817104194スターズプレミア　　　　　　　　　　  2.0  1.2 21.8 27.7 16.3 21 18.0  1  141   51              
081942030917105216アージオン　　　　　　　　　　　　　  3.5  1.3 13.0 18.4 10.3 15 19.6                           
081942040117101380ベルダーイメル　　　　　　　　　　　  5.0  1.7 13.9 11.7  8.6  9 16.4                           
081942040217105798メイショウラグーン　　　　　　　　　 47.8  9.1-10.9 -4.2 -5.3 -5  0.0                           
081942040317106345アンシミラー　　　　　　　　　　　　 72.1 13.1-11.4-19.8-10.1-10  0.0                           
081942040417101214ユーラシア　　　　　　　　　　　　　 28.9  5.8  2.9 -0.3  1.0  1  0.0                           
081942040517100101アイファーブラック　　　　　　　　　 32.8  6.5-10.9-17.7 -9.3 -9  0.0  0                        
081942040617101197トウカイバリエンテ　　　　　　　　　 48.2  9.2-11.4-15.6 -8.9 -9  0.0  0                        
081942040717104193ダノンアレー　　　　　　　　　　　　  2.5  1.3 20.2 20.1 13.4 13 18.0                           
081942040817106380カズベナートル　　　　　　　　　　　 40.3  7.8 -8.7 -6.7 -5.2 -5  0.0                           
081942040917106500エイシンガネーシャ　　　　　　　　　  9.3  2.5  7.9  3.4  3.9  4 21.2                           
081942041017106071ワイドレッジャドロ　　　　　　　　　 60.9 11.2-11.4-15.7 -8.9 -9  0.0                           
081942041117100057ライトマン　　　　　　　　　　　　　 14.4  3.3 -5.6-11.3 -5.4 -5  0.0                           
081942041217100665ヒデノサードニクス　　　　　　　　　 50.9  9.7 -5.6-15.8 -6.8 -7  0.0                           
081942041317103695レイズアフォレスト　　　　　　　　　 93.5 16.8-11.4-11.3 -7.6 -8  0.0                           
081942041417105345グレーフェンベルク　　　　　　　　　  5.4  1.8 11.3  8.6  6.7  7  0.0                           
081942041517102942ワンダーアマルフィ　　　　　　　　　 25.6  5.2 10.4  8.5  6.4  6  0.0                           
081942041617103621ボルサリーノ　　　　　　　　　　　　  5.8  1.8 14.2 13.2  9.2  9 22.9                           
081942050117102699ジャストナウ　　　　　　　　　　　　 45.7  9.5-11.4 -8.5 -6.7 -7  0.0                           
081942050217104808デルマラッキーガイ　　　　　　　　　 18.4  4.3  1.0  4.7  1.8  2 15.3                           
081942050317103780トーホウウルマン　　　　　　　　　　 36.2  7.6-10.9-10.8 -7.2 -7  0.0                           
081942050417102498グランレミー　　　　　　　　　　　　 49.1 10.1-11.4 -6.8 -6.2 -6  0.0                           
081942050517104623ハナビマンカイ　　　　　　　　　　　 15.1  3.6  7.0 12.2  6.2  6 18.3                           
081942050617105585ヒュッゲ　　　　　　　　　　　　　　  7.0  2.2 10.0 11.7  7.2  7  0.0                           
081942050717104096サンライズヘルメス　　　　　　　　　 62.3 12.3-12.9 19.8  1.2  1  0.0                           
081942050817102398デイオブジョイ　　　　　　　　　　　 42.4  8.8-10.9-13.8 -8.1 -8  0.0                           
081942050917106244ジューンミュゲ　　　　　　　　　　　 73.2 14.4-11.4-10.2 -7.2 -7  0.0                           
081942051017105380アドマイヤメジャー　　　　　　　　　  5.3  1.8 14.2  7.1  7.3  7  9.6                           
081942051117102084ヒルノアントラ　　　　　　　　　　　  4.6  1.7  4.2 26.3  9.4  9  8.8                           
081942051217103927タニノヨセミテ　　　　　　　　　　　 67.0 13.2-10.9  0.5 -3.8 -4  0.0                           
081942051317103955パスクロスアゲン　　　　　　　　　　 43.9  9.1 -5.6-15.0 -6.6 -7  0.0  0                        
081942051417104627シルバータイド　　　　　　　　　　　  3.2  1.5 12.5 15.4  9.2  9 18.0                           
081942051517103672モリンガ　　　　　　　　　　　　　　 20.0  4.6 -8.7  0.5 -3.0 -3  0.0                           
081942051617104721サトノパシュート　　　　　　　　　　  6.1  2.0  9.6  0.6  3.7  4 12.6                           
081942060116100142アレグレモエティー　　　　　　　　　 17.3  6.1 -5.6-10.1 -5.1 15  0.0                           
081942060216103755オーパスメーカー　　　　　　　　　　  2.0  1.2 19.7 13.3 11.2 31 18.0                           
081942060315102387ソルファ　　　　　　　　　　　　　　  4.3  1.9 15.8 12.0  9.4 29 21.3                           
081942060413103688メイショウケンプウ　　　　　　　　　 23.4  8.0-11.4-14.7 -8.6 11  0.0  0                        
081942060514103592ティアドーロ　　　　　　　　　　　　 28.3  9.6-10.9-10.2 -7.1 13  0.0                           
081942060616101941ヘイセイラスト　　　　　　　　　　　  4.8  2.1 13.4  6.6  6.9 27 19.8                           
081942060716104725ヤンチャヒメ　　　　　　　　　　　　  3.4  1.5 14.4 15.2  9.8 30 16.4                           
081942070115105294ハトマーククィーン　　　　　　　　　 27.7  5.7-11.4-13.4 -8.2 12  0.0  0                        
081942070215102747フィールドドウサン　　　　　　　　　 14.8  3.4-10.9  5.0 -2.5 18  0.0                           
081942070316101555モルトグランデ　　　　　　　　　　　 16.2  3.6 -8.5 11.6  0.4 20  9.8                           
081942070416100419コパノカーリング　　　　　　　　　　  7.2  2.1 11.5 14.6  8.6 29  8.2                           
081942070516104193メイショウハナモリ　　　　　　　　　 13.6  3.2  1.1  8.7  3.0 23  0.0                           
081942070613104027グランセノーテ　　　　　　　　　　　 11.3  2.7  5.1 17.1  7.0 27 11.0                           
081942070716100567ヤマニンスプレモ　　　　　　　　　　 33.4  6.7 -8.7 -7.0 -5.3 15  0.0  0                        
081942070816102214トップウイナー　　　　　　　　　　　  2.3  1.3 23.7 21.3 15.1 35 18.0                           
081942070916103900エスケーアタランタ　　　　　　　　　 45.4  8.9-10.8-10.2 -7.0 13  0.0                           
081942071014103182アタミ　　　　　　　　　　　　　　　  7.0  2.1 16.9 11.1  9.5 30 19.6                           
081942071115104328テイケイドルチェ　　　　　　　　　　 38.5  7.7-11.4-11.3 -7.6 12  0.0                           
081942071215105312ミトノブラック　　　　　　　　　　　 11.9  2.9  7.6  5.7  4.5 24 14.4                           
081942071315102815メイショウテツワン　　　　　　　　　  7.2  2.1 11.5 20.4 10.3 30  0.0                           
081942080116103208サトノファクト　　　　　　　　　　　  7.7  2.4 15.5  8.3  8.2 28  0.0  5                        
081942080215104209デクレアラー　　　　　　　　　　　　 23.2  5.4-10.9  5.1 -2.5 18  0.0                           
081942080316110010メトロポール　　　　　　　　　　　　  7.9  2.5  6.6 15.3  7.0 27 11.0                           
081942080416104755リャスナ　　　　　　　　　　　　　　  3.6  1.6 10.9  8.2  6.5 26 18.0                           
081942080516104751ブラックダンサー　　　　　　　　　　 10.9  2.9-10.9  1.0 -3.7 16 15.3                           
081942080616104691セグレドスペリオル　　　　　　　　　 47.2 10.2 -3.6  3.8 -0.2 20  0.0                           
081942080714105662トルネードアレイ　　　　　　　　　　 45.8  9.9-10.9-11.3 -7.4 13  0.0                           
081942080815102735サンレイポケット　　　　　　　　　　 82.0 16.8-10.9-17.7 -9.3 11  0.0  0                        
081942080915106063リーゼントアイリス　　　　　　　　　 26.0  5.9-10.9 -6.3 -5.9 14 10.8                           
081942081016102636ラシェーラ　　　　　　　　　　　　　 23.2  5.4  1.2-11.4 -3.0 17 18.0                           
081942081116105255ディープサドラーズ　　　　　　　　　  9.4  2.8 10.4 13.7  7.9 28 10.1                           
081942081216105223ルプリュフォール　　　　　　　　　　  4.8  1.8  1.1-14.3 -3.9 16  0.0                           
081942081316104983トップオブメジャー　　　　　　　　　 16.8  4.1  0.6  1.5  0.7 21  0.0                           
081942081416101049モズレジーナ　　　　　　　　　　　　  7.0  2.3  9.1 13.1  7.3 27  9.6                           
081942081516101718マルモネオフォース　　　　　　　　　 26.6  6.0 -4.4-20.0 -7.6 12  0.0  0                        
081942090114104329メイショウカミシマ　　　　　　　　　  3.4  1.2 15.4 17.4 10.9 41 16.4                           
081942090215103414サンライズローリエ　　　　　　　　　  5.5  1.4 15.2 10.0  8.6 39 18.4                           
081942090316104668カリボール　　　　　　　　　　　　　  1.7  1.2 20.2 20.3 13.5 43 18.0                           
081942090414102096メイショウナンプウ　　　　　　　　　 31.9  4.2-14.0-11.3 -8.5 21  0.0                           
081942090513100488ホットファイヤー　　　　　　　　　　 34.3  4.4-10.3 -5.8 -5.5 24  0.0                           
081942090615106466サイモンサーマル　　　　　　　　　　 30.1  4.0-10.9-15.8 -8.7 21  0.0                           
081942090715104024メイショウイサナ　　　　　　　　　　 14.1  2.2  3.3 19.5  7.1 37  0.0                           
081942090815103145ナムラムツゴロー　　　　　　　　　　  7.8  1.6 12.2  8.5  7.0 37 12.6                           
081942100115100512タガノアム　　　　　　　　　　　　　 15.1  3.4 10.4  8.6  6.4 41 24.1                           
081942100213102849ベルクリア　　　　　　　　　　　　　  8.0  2.3 12.4 13.4  8.6 44 10.3                           
081942100315103374バーニングペスカ　　　　　　　　　　  6.8  2.0 12.5 16.2  9.4 44  8.2                           
081942100415102824メイショウコゴミ　　　　　　　　　　 11.5  2.7 -3.6-14.4 -5.6 29  0.0  0                        
081942100515106500テーオージーニアス　　　　　　　　　 20.0  4.2  1.7-15.8 -4.1 31  0.0                           
081942100614104214ノーフィアー　　　　　　　　　　　　  8.9  2.4 -9.7 -3.9 -4.7 30  0.0                           
081942100715102566セパヌイール　　　　　　　　　　　　 59.7 10.9-10.9-13.1 -7.9 27 20.7                           
081942100815106125リュウノユキナ　　　　　　　　　　　  5.8  1.9 14.5  6.3  7.2 42  8.8                           
081942100915100589ヤマニンレジスタ　　　　　　　　　　 18.0  3.9  1.1 -5.8 -1.3 34  0.0  0                        
081942101014100268シャワーブーケ　　　　　　　　　　　 29.7  5.9-11.4 -6.1 -6.0 29  0.0                           
081942101114102226デザートストーム　　　　　　　　　　  2.3  1.3 21.8 26.3 15.9 51 18.0                           
081942101214104731ブラックランナー　　　　　　　　　　 34.7  6.8-10.9-12.0 -7.6 27  0.0                           
081942101314102562アーバンイェーガー　　　　　　　　　 30.3  6.0 -9.7  0.4 -3.4 32  0.0                           
081942110113102360ノーブルマーズ　　　　　　　　　　　 14.7  2.9  7.2 -1.3  2.3 57  0.0                           
081942110211104019アルバート　　　　　　　　　　　　　 76.7 11.7-10.9-16.1 -8.8 46  0.0  0                        
081942110314100656クリンチャー　　　　　　　　　　　　 33.0  5.5-10.9-11.3 -7.4 48  0.0                           
081942110415104995エタリオウ　　　　　　　　　　　　　  4.0  1.5 11.5 18.4  9.7 65  8.8                           
081942110514101985チェスナットコート　　　　　　　　　 33.0  5.5-10.9-11.9 -7.6 47  0.0                           
081942110615104649シルヴァンシャー　　　　　　　　　　 15.6  3.0  3.6 -1.9  0.8 56  0.0  0                        
081942110713105975ドレッドノータス　　　　　　　　　　 29.3  5.0-10.9  1.5 -3.5 51 17.1                           
081942110814102894パリンジェネシス　　　　　　　　　　 37.7  6.2 -8.7-11.0 -6.5 49  0.0                           
081942110914105427エアウィンザー　　　　　　　　　　　 11.9  2.5  8.2 14.1  7.2 62  9.6                           
081942111015104671ウラヌスチャーム　　　　　　　　　　 16.6  3.2 15.0 17.7 10.8 66 27.9  1  166   48              
081942111116104702アドマイヤジャスタ　　　　　　　　　 18.4  3.4  2.5-11.0 -2.4 53  0.0                           
081942111213103569リッジマン　　　　　　　　　　　　　 34.7  5.8-11.4  7.0 -2.1 53  0.0                           
081942111313105785メートルダール　　　　　　　　　　　 32.0  5.4-11.2-10.5 -7.3 48  0.0                           
081942111414106010ダンビュライト　　　　　　　　　　　 22.1  3.9 -0.2  7.2  2.1 57  0.0                           
081942111515104897レノヴァール　　　　　　　　　　　　 50.1  8.1-10.9-10.2 -7.1 48 22.5                           
081942111615104063グローリーヴェイズ　　　　　　　　　  2.1  1.2 17.4 10.7  9.6 65 19.2                           
081942111713101249ウインテンダネス　　　　　　　　　　 94.5 14.3-11.4-10.2 -7.2 48  0.0                           
081942120116103143エイティーンガール　　　　　　　　　  5.9  1.8 12.9 11.9  8.3 38  9.6  4                        
081942120214103601ゲンパチケンシン　　　　　　　　　　 56.3 10.0-10.9-15.7 -8.7 21  0.0                           
081942120315102817メイショウツバキ　　　　　　　　　　 36.2  6.8-10.9 -4.6 -5.4 25  0.0                           
081942120414104912ショウナンマッシブ　　　　　　　　　 29.7  5.7 -9.7 -1.0 -3.9 26  0.0                           
081942120514106138ベルカプリ　　　　　　　　　　　　　 40.9  7.6-10.8-13.4 -8.0 22  0.0  0                        
081942120616104989カレンモエ　　　　　　　　　　　　　  3.0  1.4 18.5 14.7 11.2 41 15.0 1                         
081942120713100041マリエラ　　　　　　　　　　　　　　 12.2  2.8 -5.6 17.1  3.1 33  0.0                           
081942120816105553ブリングイットオン　　　　　　　　　 32.1  6.1-10.9  1.5 -3.5 26  0.0                           
081942120916106363ローゼンクリーガー　　　　　　　　　  7.8  2.2 13.2 18.2 10.3 40 19.8                           
081942121015104667アルモニカ　　　　　　　　　　　　　 10.7  2.5  7.9 19.7  8.8 39 13.5  2                        
081942121115102391ロードラズライト　　　　　　　　　　 39.3  7.3-10.9-14.4 -8.3 22  0.0                           
081942121214105417フナウタ　　　　　　　　　　　　　　 31.5  6.0  1.2-13.5 -3.6 26  0.0                           
081942121315101571コンパウンダー　　　　　　　　　　　 18.2  3.8  1.1 -0.4  0.3 30  0.0                           
081942121415103340メイショウキョウジ　　　　　　　　　  3.3  1.4 20.1 11.6 10.9 41 19.6                           
