011924010117104140ネモフィラブルー　　　　　　　　　　 18.4  3.4-10.2 -6.4 -5.4  0  0.0  5                        
011924010217101223マオノエピ　　　　　　　　　　　　　  7.0  1.8  8.2  3.3  3.7  9  0.0                           
011924010317100324マラジェッツ　　　　　　　　　　　　  7.0  1.8  5.0  1.7  2.1  7  0.0                           
011924010417110006アルファウェーブ　　　　　　　　　　  2.0  1.2 20.0 25.9 15.5 20 13.8                           
011924010517106662インウィクトス　　　　　　　　　　　  4.5  1.5  8.0  5.0  4.2  9 15.0                           
011924010617100026レディトゥラン　　　　　　　　　　　 19.3  3.6 -4.7 -5.0 -3.2  2  0.0                           
011924010717104435トーセンソワレ　　　　　　　　　　　  5.5  1.6 11.7  4.3  5.1 10 16.3                           
011924010817100232クラウンマハロ　　　　　　　　　　　 13.6  2.7-10.2 -4.0 -4.5  0  0.0                           
011924020116101444フェアザスピリッツ　　　　　　　　　 27.0  5.3-10.2-20.0-10.4 -5  0.0  0                        
011924020216104923カーヴィー　　　　　　　　　　　　　 14.0  3.1  0.7 -5.3 -1.7  3  0.0                           
011924020316103491グランデオーロラ　　　　　　　　　　 24.1  4.8 -6.7-12.8 -6.7 -2  0.0                           
011924020416102185ファロ　　　　　　　　　　　　　　　  7.0  2.0  6.2  9.7  5.4 10 16.3                           
011924020516103522キョウエイメサイア　　　　　　　　　  8.6  2.3  7.5  9.6  5.8 11  0.0                           
011924020616101473ゴールデンチョイス　　　　　　　　　  2.3  1.3 19.5 21.0 13.6 19 13.8  2                        
011924020716103342ムーンアルテミス　　　　　　　　　　 48.8  9.0-10.2-10.7 -7.0 -2  0.0                           
011924020816100383テイエムダイリン　　　　　　　　　　  5.5  1.8 13.0 11.6  8.2 13  0.0                           
011924020916102127フロレンザール　　　　　　　　　　　  9.1  2.4 11.3  3.2  4.6 10  0.0                           
011924021016100066グラマラススカイ　　　　　　　　　　 25.6  5.0-10.2 -0.7 -3.3  2  0.0                           
011924021116100170アイファーアクター　　　　　　　　　 14.1  3.1 -2.0-12.8 -5.3  0  0.0                           
011924021216104328ツクバハナコ　　　　　　　　　　　　 12.1  2.8  7.3  6.3  4.5  9 20.0                           
011924030116104945ベルファーリング　　　　　　　　　　 17.6  3.3  8.9  4.0  4.1  9  0.0  5                        
011924030216104991サトノプロミネント　　　　　　　　　 23.2  4.1-10.2 -2.0 -3.8  1  0.0                           
011924030316104460クルミネイト　　　　　　　　　　　　 39.3  6.5-10.2-16.3 -9.0 -4  0.0  0                        
011924030416104652コルネット　　　　　　　　　　　　　 25.0  4.4  7.8-10.5 -1.5  3  0.0                           
011924030516103908フルヒロブラック　　　　　　　　　　 42.4  7.0-10.2 -3.1 -4.2  1  0.0                           
011924030616104920ビッグバジェット　　　　　　　　　　  7.1  1.9 12.3  3.3  4.9 10  0.0                           
011924030716100913タイセイアヴァンセ　　　　　　　　　 24.2  4.3 -0.3 -4.8 -1.9  3  0.0                           
011924030816103072ショウナンアーサー　　　　　　　　　 31.4  5.4 -7.0 -3.1 -3.2  2  0.0                           
011924030916104383エクスプローシブ　　　　　　　　　　  3.4  1.4 12.0 17.8 10.1 15 15.0                           
011924031016105493ホウオウエーデル　　　　　　　　　　 11.3  2.4  8.1  9.9  6.1 11 17.5                           
011924031116102661マテラブレス　　　　　　　　　　　　 25.5  4.5-10.2-10.5 -6.9 -2  0.0                           
011924031216104890ラヴィアンレーヴ　　　　　　　　　　  2.4  1.2 15.5 13.2  9.5 14 13.8                           
011924031316105222ネルソンタッチ　　　　　　　　　　　 14.1  2.8  5.0-15.3 -4.1  1  0.0                           
011924031416104246ヴェルトラウン　　　　　　　　　　　 47.9  7.8-10.2-10.5 -6.9 -2  0.0                           
011924040116105364マーガレットリバー　　　　　　　　　 24.0  5.7 -6.7 -2.5 -2.9  2  0.0                           
011924040216104958レッドルーナ　　　　　　　　　　　　 14.2  3.7-10.2-15.5 -8.7 -4  0.0  0                        
011924040316100188シゲルクロダイヤ　　　　　　　　　　  3.7  1.6 17.2 30.0 16.2 21 13.8                           
011924040416102658マーブルサニー　　　　　　　　　　　 12.7  3.4  9.7  8.5  6.0 11  0.0                           
011924040516105884オビワンズドーン　　　　　　　　　　 26.9  6.3 -7.0 -5.3 -4.0  1  0.0                           
011924040616106283キモンボーイ　　　　　　　　　　　　  7.1  2.3-10.0  9.0  0.3  5 17.5                           
011924040716105675モーンストルム　　　　　　　　　　　  5.2  1.9 12.0 19.2 10.6 16  0.0                           
011924040816102459エメラルドカット　　　　　　　　　　 49.2 10.9-10.2 -2.0 -3.8  1  0.0                           
011924040916102333マーベラスアゲン　　　　　　　　　　  5.7  2.0 10.7  7.5  6.0 11  0.0                           
011924041016104090ラインコマンダー　　　　　　　　　　 21.6  5.1-10.2  6.4 -0.7  4  0.0                           
011924041116104276チェスターコート　　　　　　　　　　 13.1  3.4 -2.3  1.4 -0.2  5  0.0                           
011924041216102121タイキマイスター　　　　　　　　　　 29.4  6.8-10.2-10.5 -6.9 -2  0.0                           
011924041316103125スワーヴカール　　　　　　　　　　　  8.0  2.5 -6.2  2.2 -1.1  4 18.8                           
011924041416102007ピンクキャンディー　　　　　　　　　 23.2  5.5 12.1 -1.7  3.0  8  0.0                           
011924050117103376コレクションラヴ　　　　　　　　　　  4.0  1.4 10.8 19.1 10.2 10 16.3  3                        
011924050217102009キタノブラスハット　　　　　　　　　 13.7  2.9-10.0 -5.3 -4.9 -5  0.0                           
011924050317100873サウンドプリズム　　　　　　　　　　  3.1  1.3 16.1 16.6 10.9 11 15.0                           
011924050417102610ヒマラヤジョバーナ　　　　　　　　　 23.2  4.4-10.2 -4.9 -4.9 -5  0.0                           
011924050517101693コスモカルナック　　　　　　　　　　  5.4  1.7 11.0 12.9  8.0  8  0.0                           
011924050617102491カガジャスティス　　　　　　　　　　 11.9  2.6 -5.2 -9.3 -5.0 -5  0.0                           
011924050717106017ユーメイドリーム　　　　　　　　　　  3.0  1.3 17.5 12.5  9.8 10 13.8                           
011924050817103618マロンパフェ　　　　　　　　　　　　 14.9  3.1-10.2 -0.7 -3.3 -3  0.0                           
011924060115103853シネマソングス　　　　　　　　　　　  4.2  1.6 13.7 30.0 15.1 35 15.0                           
011924060215105129シャテーヌ　　　　　　　　　　　　　 21.9  5.0 -3.8 -4.9 -2.9 17  0.0                           
011924060313101023ショウナンマシェリ　　　　　　　　　  4.5  1.7 10.9  3.8  4.7 25  0.0                           
011924060415100384ドヒョウギワ　　　　　　　　　　　　 28.9  6.4 -0.6  9.6  3.3 23  0.0                           
011924060516105497ブライトアクトレス　　　　　　　　　  3.8  1.6 16.6 23.8 13.7 34 13.8  2                        
011924060615101449ミッキーマンドリン　　　　　　　　　 23.4  5.3 -7.0-11.6 -6.4 14  0.0                           
011924060716106313ビオレイメル　　　　　　　　　　　　 23.8  5.4 -3.5-10.5 -4.9 15  0.0                           
011924060814105745ロッタラブ　　　　　　　　　　　　　 12.2  3.1-10.2  4.2 -1.5 18  0.0                           
011924060916103188カグラヒメ　　　　　　　　　　　　　  6.0  2.0 15.3  5.4  6.6 27  0.0                           
011924061014105799ミザイ　　　　　　　　　　　　　　　 20.1  4.7-10.2-10.5 -6.9 13  0.0                           
011924061116101941ヘイセイラスト　　　　　　　　　　　 13.3  3.3  0.5 20.0  7.5 27  0.0                           
011924061214105520クールデザイン　　　　　　　　　　　 12.2  3.1  0.6 -2.5 -0.7 19 20.0                           
011924070115102051ホウオウサンドラ　　　　　　　　　　  9.3  2.7  3.8 10.2  4.9 25  0.0                           
011924070216103071サトノアイビス　　　　　　　　　　　 17.5  4.2-10.2-10.5 -6.9 13  0.0                           
011924070315102851ファルコンレイナ　　　　　　　　　　 32.8  7.1 -7.0 -9.6 -5.6 14  0.0                           
011924070414103036プリンセスヨウク　　　　　　　　　　  7.3  2.3  7.7 13.5  7.3 27 17.5                           
011924070516102722エルピド　　　　　　　　　　　　　　  3.6  1.6 13.7  6.5  6.5 26 13.8                           
011924070616104157ベアクアウフ　　　　　　　　　　　　  5.7  1.9  1.5  5.4  2.4 22 16.3                           
011924070716105513タイドオブハピネス　　　　　　　　　 17.0  4.1-10.2-10.7 -7.0 13  0.0                           
011924070815105581セグレートシチー　　　　　　　　　　  8.7  2.6  6.5 13.0  6.7 27  0.0                           
011924070915102013クリノカサット　　　　　　　　　　　 15.5  3.8  9.8-10.3 -0.8 19  0.0                           
011924071016101956オルダージュ　　　　　　　　　　　　  4.3  1.7 17.3 15.5 10.9 31  0.0                           
011924071112100999セイウンアワード　　　　　　　　　　 22.4  5.1-10.4 -3.9 -4.6 15  0.0                           
011924071214106065フラウティスタ　　　　　　　　　　　 15.4  3.7 -3.5-10.5 -4.9 15  0.0                           
011924080115106298センティフォリア　　　　　　　　　　 38.5  8.5-10.0 -7.5 -5.8 14  0.0                           
011924080216105108ダンスロマネスク　　　　　　　　　　  5.4  1.9  9.3 14.7  8.2 28  0.0                           
011924080315100236ウインプライマリー　　　　　　　　　 27.1  6.2-10.0-10.5 -6.8 13  0.0                           
011924080416101648ワタシノワルツ　　　　　　　　　　　 33.5  7.5-10.2-10.5 -6.9 13  0.0                           
011924080515104593フラッグサルート　　　　　　　　　　 11.0  2.9 -0.3 -2.5 -1.0 19  0.0                           
011924080614105794アドマイヤローザ　　　　　　　　　　  5.5  1.9  8.8  3.8  4.0 24 17.5                           
011924080714105271クライベイビー　　　　　　　　　　　 31.6  7.1-10.2-12.9 -7.8 12  0.0                           
011924080814105436エレクトロニカ　　　　　　　　　　　  3.4  1.6 12.8 20.8 11.5 31 13.8                           
011924080916100232ウインメルシー　　　　　　　　　　　 13.4  3.4  2.9  7.7  3.7 24  0.0                           
011924081016104871マイタイムオブデイ　　　　　　　　　 26.3  6.0 -7.0 -5.7 -4.2 16  0.0                           
011924081116103376プライムシスター　　　　　　　　　　 41.5  9.1 -3.0 -4.3 -2.5 18  0.0  5                        
011924081215104621レッドフィオナ　　　　　　　　　　　  6.1  2.1 15.7  6.3  7.0 27  0.0                           
011924081315100230ウインラナキラ　　　　　　　　　　　  5.3  1.9 13.7 17.1 10.4 30 15.0                           
011924090114106182ロジムーン　　　　　　　　　　　　　 13.1  3.3 -7.0 -6.4 -4.4 16  0.0                           
011924090215109059ソフトポジション　　　　　　　　　　 25.9  5.7 -4.7 -4.1 -2.9 17  0.0                           
011924090315102371ロードラナキラ　　　　　　　　　　　  9.1  2.7  0.6 -0.5  0.0 20 18.8                           
011924090416102768セントセシリア　　　　　　　　　　　 20.2  4.7  6.1  2.7  2.8 23  0.0  5                        
011924090516105994スマイルスター　　　　　　　　　　　  4.0  1.6 12.8 24.3 12.8 33 15.0  1  155   57              
011924090616101907プリミエラムール　　　　　　　　　　 22.7  5.1-10.0 -8.0 -5.9 14  0.0                           
011924090715102745クリノアリエル　　　　　　　　　　　  6.0  2.0 13.7 13.0  8.9 29  0.0                           
011924090815102272ベラソヴラーノ　　　　　　　　　　　 36.0  7.7-10.2-10.7 -7.0 13  0.0                           
011924090915105932アイネバーフェイル　　　　　　　　　 45.1  9.4 -7.0-16.9 -8.3 12  0.0                           
011924091016106316ミモザイエロー　　　　　　　　　　　  3.7  1.6 13.1 18.4 10.7 31 13.8                           
011924091115100405ギンコイエレジー　　　　　　　　　　 18.1  4.3 -7.0 -1.1 -2.5 17  0.0  5                        
011924091215105145デンセツノマジョ　　　　　　　　　　  6.8  2.2 12.5 15.5  9.4 29  0.0                           
011924091316102319エンパイアシュアー　　　　　　　　　 45.9  9.6-11.0-10.7 -7.2 13  0.0                           
011924091416104431スズカカナロア　　　　　　　　　　　 13.2  3.3  1.4-20.0 -6.9 13  0.0  0                        
011924100115105278キタサンタイドー　　　　　　　　　　  3.6  1.6 15.2 18.3 11.3 41  0.0                           
011924100213102513リキサンダイオー　　　　　　　　　　 20.2  4.9-10.2-13.9 -8.2 22  0.0                           
011924100316102556アノ　　　　　　　　　　　　　　　　  5.2  1.9 11.4 12.2  7.9 38 15.0                           
011924100414102919メイショウイッポン　　　　　　　　　 39.5  8.8 -3.5 -5.5 -3.1 27  0.0                           
011924100513106143リアリスト　　　　　　　　　　　　　 30.5  6.9 -4.2  3.1 -0.1 30  0.0                           
011924100615101512キャベンディッシュ　　　　　　　　　  9.4  2.9  6.1  2.9  2.9 33  0.0                           
011924100711106393マイネルボルソー　　　　　　　　　　 19.8  4.8 -3.8-15.9 -7.0 23  0.0                           
011924100814105638クレスコブレイブ　　　　　　　　　　 32.0  7.3-10.2-10.5 -6.9 23  0.0                           
011924100915104534スパイスマジック　　　　　　　　　　 14.8  3.8-10.2-12.2 -7.5 22  0.0                           
011924101015104526スワーヴアラミス　　　　　　　　　　  6.5  2.2 12.9 17.2 10.2 40  0.0                           
011924101113102881リヴァイバル　　　　　　　　　　　　 10.7  2.9  8.5 16.4  8.6 39 21.3                           
011924101214102730ヴォカツィオーネ　　　　　　　　　　  8.6  2.7  1.8  9.0  3.8 34 18.8                           
011924101315100748マイネルカイノン　　　　　　　　　　  7.0  2.3 11.1 10.2  7.1 37  0.0                           
011924101413102553ワイルドゲーム　　　　　　　　　　　 48.8 10.7 -7.0-10.7 -6.0 24  0.0                           
011924110113105736ナックビーナス　　　　　　　　　　　  8.6  2.8 12.5  9.4  7.2 57  0.0                           
011924110214105996デアレガーロ　　　　　　　　　　　　 15.4  4.0  8.6 -6.8  0.1 50  0.0  0                        
011924110313103082サフランハート　　　　　　　　　　　 33.9  7.9-10.2-10.5 -6.9 43  0.0                           
011924110413104230セイウンコウセイ　　　　　　　　　　  8.7  2.8  9.3 -2.8  1.8 52  0.0                           
011924110513104606ペイシャフェリシタ　　　　　　　　　 48.5 11.1 -7.0 -4.1 -3.6 46  0.0                           
011924110616102692ハッピーアワー　　　　　　　　　　　 20.3  5.1-10.0 -2.5 -3.9 46 23.8                           
011924110715101621タワーオブロンドン　　　　　　　　　  5.0  1.9  6.0 15.3  7.4 57  0.0                           
011924110813100783シュウジ　　　　　　　　　　　　　　 19.0  4.8 -6.0-11.8 -6.1 44  0.0                           
011924110915105850カイザーメランジェ　　　　　　　　　 32.2  7.6-10.2-15.9 -8.9 41  0.0                           
011924111016110079アスターペガサス　　　　　　　　　　  6.1  2.1  1.2  1.3  0.8 51  0.0  0                        
011924111115100416ライオンボス　　　　　　　　　　　　 22.0  5.4 -6.0-20.0 -9.1 41  0.0                           
011924111214102625ダイメイフジ　　　　　　　　　　　　 35.2  8.2 -3.8-10.5 -5.0 45  0.0                           
011924111315102377ダノンスマッシュ　　　　　　　　　　  4.3  1.8 12.3 34.4 16.3 66 13.8                           
011924111415101599ライトオンキュー　　　　　　　　　　 48.9 11.2 -1.0 -8.9 -3.6 46  0.0                           
011924111512110030パラダイスガーデン　　　　　　　　　 38.8  9.0-10.2-10.7 -7.0 43  0.0                           
011924111614106168リナーテ　　　　　　　　　　　　　　  6.1  2.1 14.5 17.2 10.7 61 17.5                           
011924120111101513ケージーキンカメ　　　　　　　　　　 38.2  8.7 -3.5-10.5 -4.9 25  0.0                           
011924120215100476ウインスラーヴァ　　　　　　　　　　 16.5  4.2-10.2 -2.8 -4.1 26  0.0                           
011924120313102295ロードプレミアム　　　　　　　　　　 14.3  3.7 -2.6  0.5 -0.6 29  0.0                           
011924120415106157ムーンレイカー　　　　　　　　　　　  4.2  1.8 13.8 20.9 11.8 42  0.0                           
011924120515100887ダブルシャープ　　　　　　　　　　　  4.7  1.8 13.7 10.5  8.0 38 15.0                           
011924120615104074ターフェルムジーク　　　　　　　　　  6.0  2.1  8.9 13.3  7.5 38  0.0                           
011924120715110027アメリカンワールド　　　　　　　　　 17.5  4.4-10.2 -5.0 -4.9 25  0.0                           
011924120813104025プレイヤーサムソン　　　　　　　　　 27.5  6.5 -7.0-20.0 -9.4 21  0.0                           
011924120915103079ウォーターパルフェ　　　　　　　　　 22.1  5.3  3.8  4.5  2.8 33  0.0                           
011924121015105352ジョブックコメン　　　　　　　　　　  9.0  2.8 15.3  0.2  4.7 35 18.8                           
011924121114100063プレシャスブルー　　　　　　　　　　 18.1  4.5  0.8 -5.2 -1.7 28  0.0                           
011924121212103962エニグマバリエート　　　　　　　　　 31.7  7.4-10.2-10.7 -7.0 23  0.0                           
011924121313104780フォーラウェイ　　　　　　　　　　　 11.5  3.1 -0.6-10.5 -4.0 26  0.0                           
011924121416101865カルリーノ　　　　　　　　　　　　　  6.3  2.2  9.4  2.8  3.8 34 17.5                           
04192a010117102732シゲルトリトン　　　　　　　　　　　 11.0  2.5  6.0 20.0  9.1 14  0.0  4                        
04192a010217106652イチゴパフェ　　　　　　　　　　　　136.3 22.1-10.0 -9.0 -6.3 -1  0.0                           
04192a010317106700セイレーンズベルン　　　　　　　　　 12.8  2.8 10.0 -8.4 -0.1  5  7.7                           
04192a010417105738ビクトリアドリーム　　　　　　　　　103.8 17.0-10.0-14.0 -8.1 -3  0.0  0                        
04192a010517104253ジュニパーベリー　　　　　　　　　　  2.9  1.3 20.0 26.0 15.5 21 18.1                           
04192a010617105933セキセキ　　　　　　　　　　　　　　 79.7 13.2-13.4-12.0 -8.4 -3  0.0                           
04192a010717101310シゲルナガレボシ　　　　　　　　　　 53.0  9.2-10.0 -6.5 -5.4  0  0.0                           
04192a010817103661タイセイブーティー　　　　　　　　　  4.7  1.5 15.0 12.6  9.1 14 12.5  3                        
04192a010917102536ディープシーブルー　　　　　　　　　 65.2 10.9-10.0 -8.4 -6.1 -1  0.0                           
04192a011017103963ヤマタケピースフル　　　　　　　　　 59.0  9.9-10.0-10.0 -6.7 -2  0.0                           
04192a011117104047カンタベリーアロマ　　　　　　　　　 31.3  5.7-10.0  9.0  0.3  5  0.0                           
04192a011217101931リーディングレディ　　　　　　　　　  8.4  2.2  6.0  6.9  4.3  9  9.6C                          
04192a011317101008グレートコート　　　　　　　　　　　 24.7  4.7 -8.2-12.7 -7.1 -2  0.0                           
04192a011417101524レムリアンシード　　　　　　　　　　  3.1  1.3 12.0 20.4 11.1 16 14.0                           
04192a011517104012アルディビート　　　　　　　　　　　 31.3  5.7-10.0-10.4 -6.8 -2  0.0                           
04192a020117103725メモリア　　　　　　　　　　　　　　  2.7  1.4 15.0  8.9  7.8 13 12.8                           
04192a020217103613エッセンシャル　　　　　　　　　　　 45.5  9.1-10.0 -3.3 -4.2  1  0.0                           
04192a020317104264ハワーマハル　　　　　　　　　　　　 59.0 11.2 -8.9-13.2 -7.5 -3  0.0                           
04192a020417102525カラーズオブラヴ　　　　　　　　　　 36.4  7.4-10.0 -4.7 -4.7  0  0.0                           
04192a020517103832ババルダージュ　　　　　　　　　　　  5.2  1.8 10.0 16.7  9.1 14  5.8  2                        
04192a020617101844ビチュリス　　　　　　　　　　　　　 38.6  7.8-10.4  7.6 -0.3  5  0.0                           
04192a020717103051タチアオイ　　　　　　　　　　　　　  5.3  1.8 11.6 11.0  7.5 13  6.2                           
04192a020817104257アルトゥーロ　　　　　　　　　　　　 48.7  9.6  6.0-13.2 -3.0  2  0.0                           
04192a020917103211レイチェリー　　　　　　　　　　　　  7.4  2.2  6.0 11.5  6.0 11 18.7                           
04192a021017104398パスカル　　　　　　　　　　　　　　  5.6  1.8  6.0 20.8  9.4 14  6.7                           
04192a021117100650ヴォレクィーン　　　　　　　　　　　 62.2 11.8-13.4-13.2 -8.9 -4  0.0                           
04192a021217104558マクゴナガル　　　　　　　　　　　　 58.5 11.2-10.0-14.3 -8.2 -3  0.0                           
04192a021317102586デルマガーネット　　　　　　　　　　 59.5 11.3-10.0 -3.3 -4.2  1  0.0                           
04192a021417101546アンビルクローラー　　　　　　　　　  6.8  2.1 12.0  5.0  5.4 10 17.5                           
04192a030116104374ヘヴンズコーヴ　　　　　　　　　　　 29.9  6.7-16.8 -3.2 -6.2 -1  0.0  0                        
04192a030216102135サバイバルルージュ　　　　　　　　　 87.7 18.0-10.0 -6.1 -5.2  0  0.0                           
04192a030316105515ホウオウビクトリー　　　　　　　　　 16.3  4.0-13.4  9.8 -0.4  5  0.0  5                        
04192a030416101191アメリオラシオン　　　　　　　　　　 26.2  6.0-10.0 20.3  4.4  9  0.0                           
04192a030516105521ルッキングフライ　　　　　　　　　　147.2 29.8-13.4 -5.7 -6.1 -1  0.0                           
04192a030616103449ニシノモエ　　　　　　　　　　　　　 69.7 14.4-10.0-17.5 -9.4 -4  0.0  0                        
04192a030716104844ポルトラーノ　　　　　　　　　　　　 17.0  4.2 10.1 -0.3  2.9  8 13.7  5                        
04192a030816102983フィナルタ　　　　　　　　　　　　　 65.3 13.5-10.0 -8.0 -5.9 -1  0.0                           
04192a030916104786ポイントオブオナー　　　　　　　　　  7.4  2.4 10.2 17.6  9.5 15 15.1                           
04192a031016105013デュアライズ　　　　　　　　　　　　  2.9  1.5 15.0 23.9 13.3 18 18.1                           
04192a031116104953パールヴァイン　　　　　　　　　　　 24.4  5.6-10.0 -3.8 -4.4  1  0.0                           
04192a031216104215エスコーバタハト　　　　　　　　　　 41.5  9.1-13.4-11.5 -8.2 -3  0.0                           
04192a031316101439カフェシュヴァルツ　　　　　　　　　 16.6  4.1-10.0-11.2 -7.1 -2  0.0                           
04192a031416104658ブレーヴユニコーン　　　　　　　　　  7.7  2.4 10.0 -5.5  1.0  6  6.8                           
04192a031516105536アーブルルージュ　　　　　　　　　　 12.9  3.3  9.4  4.7  4.5 10  0.0  0                        
04192a031616101362シュテルンシチー　　　　　　　　　　 14.5  3.7  6.0  4.7  3.5  9  0.0  0                        
04192a031716104998アスティ　　　　　　　　　　　　　　 13.3  3.4-10.0 -4.7 -4.7  0  0.0                           
04192a031816103202ハンターバレー　　　　　　　　　　　  7.2  2.3-10.0  6.8 -0.5  4 11.6 1                         
04192a040116104370ダイレクトフライト　　　　　　　　　 33.9  6.6-10.0-10.9 -7.0 -2  0.0                           
04192a040216101632アキセブン　　　　　　　　　　　　　158.9 27.7-10.0-12.1 -7.4 -2  0.0  0                        
04192a040316104597キアレッツァ　　　　　　　　　　　　 17.7  3.8  0.0  8.9  3.3  8  8.6A 0                        
04192a040416102407ルンルンバニラ　　　　　　　　　　　  7.5  2.1-10.0 10.3  0.8  6  9.6                           
04192a040516102049サンダーソニア　　　　　　　　　　　 13.8  3.1  6.0  9.1  5.1 10  7.7                           
04192a040616104159アースエアブリーズ　　　　　　　　　 26.0  5.2-10.0 -9.0 -6.3 -1  0.0                           
04192a040716103595デルマアンバリッド　　　　　　　　　179.4 31.2-10.0 -2.0 -3.7  1  0.0                           
04192a040816102323セイドアモール　　　　　　　　　　　  3.3  1.4 12.0  8.9  6.9 12 18.1                           
04192a040916100059アランチオーネ　　　　　　　　　　　 96.7 17.1-13.4 -8.1 -7.0 -2  0.0                           
04192a041016104996アサクサアンデス　　　　　　　　　　  5.6  1.8  6.0 18.8  8.7 14  0.0                           
04192a041116103068アペタイザー　　　　　　　　　　　　  8.4  2.3 10.0  2.5  3.9  9  7.2  0                        
04192a041216106095イデアノオモイ　　　　　　　　　　　 92.7 16.4-10.0-10.0 -6.7 -2  0.0                           
04192a041316103215スマートエリス　　　　　　　　　　　  3.3  1.4 18.3 12.8 10.2 15 14.0                           
04192a041416105386スパイラルチャージ　　　　　　　　　 49.0  9.2  6.0 -1.7  1.2  6  0.0                           
04192a041516103331ハルシオンデイズ　　　　　　　　　　 14.3  3.2-10.0 17.6  3.5  8  0.0                           
04192a050117103843ウシュバテソーロ　　　　　　　　　　  5.7  2.0 11.5 20.8 11.1 11 14.0  4                        
04192a050217103734ボンジョルノ　　　　　　　　　　　　 11.6  3.0 12.6  0.0  3.8  4  0.0  5                        
04192a050317100406シャドウブロッサム　　　　　　　　　  6.0  2.0 13.8  9.7  7.7  8 12.5                           
04192a050417101911コスモレペティール　　　　　　　　　 26.9  6.0-10.0-10.0 -6.7 -7  0.0                           
04192a050517104774ナックダイヤ　　　　　　　　　　　　 12.5  3.2 -9.3 -8.5 -5.9 -6  0.0                           
04192a050617105566リグージェ　　　　　　　　　　　　　  7.9  2.4 15.4 11.8  8.9  9  9.6                           
04192a050717105490ヴィディア　　　　　　　　　　　　　 12.3  3.1 -1.0  2.1  0.5  0  0.0                           
04192a050817105631アナンダライト　　　　　　　　　　　  9.4  2.8-10.0 14.6  2.4  2  7.7                           
04192a050917104717グランクロワ　　　　　　　　　　　　 49.0 10.4-10.0 -6.0 -5.2 -5  0.0                           
04192a051017102911カズポルトチェルボ　　　　　　　　　  7.9  2.4 -2.1 -5.6 -2.7 -3  0.0                           
04192a051117105283アドマイヤミモザ　　　　　　　　　　  3.0  1.5 22.0 19.0 13.6 14 18.1                           
04192a051217101180ジョウショウバイオ　　　　　　　　　 36.1  7.8-13.4-11.5 -8.2 -8  0.0                           
04192a060116105644マーヴェラスクイン　　　　　　　　　  4.7  1.9 12.0 13.4  8.5 14 10.6                           
04192a060216104747ヴィクトリーキー　　　　　　　　　　 16.2  4.3-10.0-15.6 -8.7 -4  0.0                           
04192a060316101879エメラルドアゲン　　　　　　　　　　 50.2 11.7-10.0 -9.5 -6.5 -1  0.0                           
04192a060416105879ミヤビペルラ　　　　　　　　　　　　  7.1  2.4  1.6  6.3  2.8  8  0.0                           
04192a060516104870エスプランデル　　　　　　　　　　　  5.7  2.1 12.9  6.1  6.1 11 12.5                           
04192a060616101258ミヤコノユメ　　　　　　　　　　　　155.9 34.0-10.0-10.4 -6.8 -2  0.0                           
04192a060716101583ペイシャレーサー　　　　　　　　　　171.4 37.3-13.4 -8.1 -7.0 -2  0.0                           
04192a060816104746スワーヴシャルル　　　　　　　　　　  7.2  2.4  6.0 15.1  7.3 12 17.5  5                        
04192a060916101778ヴォアラ　　　　　　　　　　　　　　  9.2  2.9 10.0  8.4  6.1 11  0.0                           
04192a061016103679ビュレットベリー　　　　　　　　　　149.2 32.6-13.4 -9.8 -7.6 -3  0.0                           
04192a061116106507アムールリンクス　　　　　　　　　　 65.8 14.7-18.3-13.4-10.4 -5  0.0                           
04192a061216101687ブラックミーティア　　　　　　　　　 15.7  4.2  6.0-11.3 -2.3  3  0.0                           
04192a061316102172アイコニック　　　　　　　　　　　　  5.0  1.9  9.9 11.0  7.0 12 14.0                           
04192a061416106376ベルレガッタ　　　　　　　　　　　　 14.3  3.8 20.0 20.3 13.4 18  0.0                           
04192a061516106324ガビーズドリーム　　　　　　　　　　 21.9  5.5-10.0 -6.3 -5.3  0 13.7  0                        
04192a061616100704ピュアデボーション　　　　　　　　　 31.1  7.5-13.4-18.5-10.8 -6  0.0  0                        
04192a061716102389デュアリティ　　　　　　　　　　　　 34.5  8.2-10.0 -7.8 -5.9 -1  0.0  0                        
04192a061816110143ソーシック　　　　　　　　　　　　　 35.5  8.5-10.0 11.1  1.1  6  0.0                           
04192a070114102124ブルースカイハーツ　　　　　　　　　  3.7  1.5 16.4 19.5 12.1 32 12.8                           
04192a070214106148ヨシヒコ　　　　　　　　　　　　　　 25.0  5.6  6.0  4.9  3.6 24  0.0                           
04192a070314101390グリトニル　　　　　　　　　　　　　 36.1  7.7-13.1 -9.0 -7.2 13  0.0                           
04192a070415105048ジンゴイスト　　　　　　　　　　　　  4.2  1.6 13.8  6.7  6.6 27  8.2                           
04192a070516103400ヒマワリオジョウ　　　　　　　　　　 72.2 14.5-13.1-15.2 -9.5 10  0.0  0                        
04192a070614105709インペリアルフィズ　　　　　　　　　  6.1  2.0  6.0  8.0  4.7 25  0.0                           
04192a070716103984ノアクリスティン　　　　　　　　　　 68.8 13.8-18.3 -8.1 -8.5 12  0.0                           
04192a070816106304チェリーレッド　　　　　　　　　　　  9.1  2.7  6.0  7.2  4.4 24  7.7  5                        
04192a070915104994ミレフォリウム　　　　　　　　　　　  4.2  1.6 11.0 23.9 12.1 32 21.4                           
04192a071014106047ピスカデーラ　　　　　　　　　　　　 19.6  4.6  3.6  0.5  1.3 21  0.0                           
04192a071115105455ウェディングベール　　　　　　　　　  4.8  1.7 10.0 10.8  7.0 27 13.5                           
04192a080116100466オイシイナア　　　　　　　　　　　　 35.1  7.8  7.2 -4.4  0.5 21  0.0                           
04192a080214102959ペイシャリサ　　　　　　　　　　　　 41.2  9.1-13.4-18.5-10.8  9 15.7  0                        
04192a080314106348マイネルレンカ　　　　　　　　　　　 17.2  4.3-10.0 -3.3 -4.2 16  0.0                           
04192a080415104977グラマラスライフ　　　　　　　　　　 12.1  3.2-10.0 10.7  0.9 21  8.2                           
04192a080512104064ブレイクエース　　　　　　　　　　　 57.2 12.1-13.4-10.2 -7.8 12  0.0                           
04192a080615103768スズノアリュール　　　　　　　　　　 38.9  8.6-10.0-19.6-10.2 10  0.0  0                        
04192a080716101055ネオブレイブ　　　　　　　　　　　　  6.2  2.1  6.0 18.6  8.6 29  6.3  5                        
04192a080814105430コトブキホーク　　　　　　　　　　　 77.2 16.1-10.0 -6.4 -5.3 15  0.0  5                        
04192a080916104576ドンヒューズ　　　　　　　　　　　　  5.2  1.9 15.0 16.2 10.4 30 14.0                           
04192a081016105179フィールオーケー　　　　　　　　　　  7.8  2.5 17.3 20.0 12.5 33  0.0  4                        
04192a081116106547エコロドリーム　　　　　　　　　　　  9.0  2.7  1.4  4.9  2.2 22 18.6                           
04192a081216103069キングスバレイ　　　　　　　　　　　  3.5  1.6 10.0 20.1 10.4 30  5.3  2                        
04192a081314104512アイヅヒリュウ　　　　　　　　　　　 25.5  5.9-13.4 -8.5 -7.1 13  0.0                           
04192a081416100842トラストシンゲン　　　　　　　　　　 26.1  6.0-10.0-17.2 -9.3 11  0.0  0                        
04192a081516101062フクサンダーク　　　　　　　　　　　  6.2  2.1 12.0 14.1  8.8 29  6.7  5                        
04192a090115102942キボウノダイチ　　　　　　　　　　　 27.3  6.3  2.5 -8.1 -2.2 28  0.0                           
04192a090215104658イダエンペラー　　　　　　　　　　　  9.1  2.8 -2.1 -2.1 -1.4 29 10.9                           
04192a090316104881アンブロークン　　　　　　　　　　　  4.4  1.7 15.0 23.3 13.0 43 14.0                           
04192a090414105914ユアスイスイ　　　　　　　　　　　　 71.2 15.1-12.5-11.2 -7.9 22  0.0  0                        
04192a090514106136コーラルプリンセス　　　　　　　　　 18.8  4.6  6.1 -8.1 -1.1 29  0.0                           
04192a090614104076ジョーアラビカ　　　　　　　　　　　  7.9  2.5  7.5  9.5  5.7 36  0.0  5                        
04192a090711104859ボールドジャパン　　　　　　　　　　 41.7  9.3-10.0-12.7 -7.7 22  0.0                           
04192a090815100846アビーム　　　　　　　　　　　　　　  4.9  1.8  5.1 18.8  8.4 38  6.3                           
04192a090914105391ハイアーグラウンド　　　　　　　　　 11.3  3.1-10.4 -6.0 -5.3 25  8.2                           
04192a091013100731ピースマインド　　　　　　　　　　　 45.5 10.1-12.5 -5.1 -5.6 24  0.0                           
04192a091114106049ナイトバナレット　　　　　　　　　　 19.8  4.9  3.6 -1.9  0.4 30  9.1                           
04192a091216101292ポルーニン　　　　　　　　　　　　　  4.3  1.7 21.2 15.3 12.0 42 12.8                           
04192a091314102394エミーリオ　　　　　　　　　　　　　 21.7  5.2 -1.5  5.3  1.5 31  9.7                           
04192a091416102312ネリッサ　　　　　　　　　　　　　　  7.9  2.5 11.7  2.6  4.5 34  0.0  0                        
04192a100114105801メイソンジュニア　　　　　　　　　　 18.6  4.3  3.6  1.9  1.8 47  0.0                           
04192a100214106404ブレスジャーニー　　　　　　　　　　 16.4  3.8 11.1 -0.7  3.1 48  0.0                           
04192a100313103934カルヴァリオ　　　　　　　　　　　　 49.5 10.1-10.0 -1.1 -3.4 42 12.5                           
04192a100412105538ツーエムマイスター　　　　　　　　　 47.0  9.6-12.5 -8.1 -6.7 38  0.0                           
04192a100512104737レアリスタ　　　　　　　　　　　　　 39.4  8.2-10.0-11.1 -7.1 38  0.0  0                        
04192a100614101974キャナルストリート　　　　　　　　　  3.4  1.5  6.0 21.4  9.6 55 18.1                           
04192a100712105238エメラルエナジー　　　　　　　　　　 26.6  5.7 -9.7-12.8 -7.6 37  0.0  0                        
04192a100813101392キョウワゼノビア　　　　　　　　　　  9.5  2.7 10.1  8.4  6.1 51  9.6                           
04192a100915110091リョーノテソーロ　　　　　　　　　　 34.8  7.3 20.0-13.5  1.0 46  0.0                           
04192a101015104176フロンティア　　　　　　　　　　　　  4.1  1.6 18.8 17.2 11.9 57 19.8  2                        
04192a101113103817ストーミーシー　　　　　　　　　　　 11.7  2.9  6.0  5.9  4.0 49  0.0  5                        
04192a101215104124ソーグレア　　　　　　　　　　　　　 23.1  5.1-14.3-10.0 -8.0 37  0.0                           
04192a101313105727レインボーフラッグ　　　　　　　　　 15.1  3.6 -6.0 -2.4 -2.7 42  0.0                           
04192a101415104721アンコールプリュ　　　　　　　　　　 19.2  4.4-12.5 -9.5 -7.2 38  0.0                           
04192a101513100332ショウナンライズ　　　　　　　　　　  6.1  2.0 10.4 11.6  7.4 52  6.3                           
04192a101613104550トウショウドラフタ　　　　　　　　　 26.9  5.8 -9.3-10.0 -6.5 39  0.0                           
04192a110117103814エレナアヴァンティ　　　　　　　　　 11.2  2.8-10.0  6.8 -0.5 49  0.0                           
04192a110217102689クリアサウンド　　　　　　　　　　　 19.9  4.4 10.0  0.9  3.3 53  0.0                           
04192a110317102088グランチェイサー　　　　　　　　　　 17.8  4.0-10.0  5.6 -0.9 49  0.0                           
04192a110417102171セツメンノトビウオ　　　　　　　　　 28.5  5.9-10.0-12.7 -7.7 42  0.0                           
04192a110517105257トライフォーリアル　　　　　　　　　 14.5  3.4 20.7 13.5 11.2 61  0.0  5                        
04192a110617106613ウーマンズハート　　　　　　　　　　  3.1  1.4 15.0 20.7 12.1 62 18.0                           
04192a110717105193ビッククインバイオ　　　　　　　　　 15.0  3.5  6.0  1.7  2.4 52  0.0                           
04192a110817106290トロワマルス　　　　　　　　　　　　 74.9 14.0 -3.9 -8.5 -4.3 46  0.0                           
04192a110917105466タイムマシン　　　　　　　　　　　　 22.5  4.8  0.3 10.9  4.1 54  9.7                           
04192a111017102511グライユル　　　　　　　　　　　　　 22.9  4.9-10.0-13.5 -7.9 42  0.0                           
04192a111117105172モーベット　　　　　　　　　　　　　  4.1  1.6 20.0 16.1 11.9 62 14.0C                          
04192a111217101429ウインカーネリアン　　　　　　　　　 18.5  4.1 12.0  8.1  6.6 57  0.0                           
04192a111317105196ペールエール　　　　　　　　　　　　  5.6  1.8 12.0 12.2  8.1 58  6.7                           
04192a111417100167カイアワセ　　　　　　　　　　　　　 71.1 13.4-10.0 -9.0 -6.3 44 12.0                           
04192a111517103255シコウ　　　　　　　　　　　　　　　 34.0  6.9 10.0 -3.9  1.6 52 11.0                           
04192a111617103064サナチャン　　　　　　　　　　　　　 46.0  9.1-10.0-10.2 -6.7 43  0.0                           
04192a120114105032シルバーストーン　　　　　　　　　　 13.6  3.2  6.0 11.3  5.9 26  0.0  5                        
04192a120214103702ブルーオラーリオ　　　　　　　　　　 24.7  5.1-13.4  0.7 -3.8 16  9.1                           
04192a120314110102ブランメジェール　　　　　　　　　　  7.7  2.2  6.0 27.2 11.8 32  0.0  1  233   43              
04192a120416110048スポーカンテソーロ　　　　　　　　　  5.3  1.7 15.0  8.1  7.5 27 21.4                           
04192a120515105561ミルトシャトル　　　　　　　　　　　115.3 20.9-10.0-12.0 -7.4 13  0.0                           
04192a120615106085ダウンタウンキラリ　　　　　　　　　 23.1  4.8-10.0-14.2 -8.2 12  0.0  0                        
04192a120715105382マローネメタリコ　　　　　　　　　　  7.8  2.3 13.6 19.5 11.2 31 17.5  2                        
04192a120815104382ナイツブリッジ　　　　　　　　　　　 28.6  5.8-13.4 -1.1 -4.4 16  0.0  0                        
04192a120916104122ワイメアバレイ　　　　　　　　　　　 58.8 11.0  3.7 -9.9 -2.5 17  0.0  0                        
04192a121016102614ヒイナヅキ　　　　　　　　　　　　　  2.8  1.4 12.0 34.1 16.1 36 18.1  1  155   47              
04192a121116103518アポロビビ　　　　　　　　　　　　　  4.4  1.6-10.0 11.9  1.4 21  0.0                           
04192a121215100260タマスカイブルー　　　　　　　　　　113.8 20.6-10.0-12.8 -7.7 12  0.0  0                        
04192a121316102368ヤンチャプリヒメ　　　　　　　　　　 36.2  7.2-10.0  3.9 -1.6 18  0.0                           
04192a121416103493マサノビジョン　　　　　　　　　　　125.3 22.6-10.4-12.7 -7.8 12  0.0                           
04192a121516106288アポロチーター　　　　　　　　　　　 14.8  3.4 20.0 12.3 10.5 31  0.0                           
10192a010113105685メメニシコリ　　　　　　　　　　　　  2.9  1.2 14.9 36.8 16.5 17 19.6                           
10192a010215103494ジョーカーワイルド　　　　　　　　　  2.8  1.2 23.7 16.7 13.7 14 18.0                           
10192a010314101569アオアラシ　　　　　　　　　　　　　 21.6  3.9 -4.7 -1.1 -2.1 -2  9.3                           
10192a010415105893ハギノフロンティア　　　　　　　　　  4.0  1.4 14.5 12.1  8.9  9  9.6                           
10192a010514100621リボンナイト　　　　　　　　　　　　 18.6  3.5-15.8 16.1 -1.0 -1  0.0                           
10192a010615101785ニシノベイオウルフ　　　　　　　　　 12.1  2.5 -9.7 -4.8 -5.0 -5 13.5                           
10192a010715109128カシノランペイジ　　　　　　　　　　  6.0  1.7 13.8 15.3  9.6 10  0.0                           
10192a010815105669ダイチョウセブン　　　　　　　　　　 18.2  3.5 -4.5 -1.0 -2.0 -2 10.1  5                        
10192a020117106130ルガーサント　　　　　　　　　　　　  2.5  1.2 29.1 25.9 18.4 23 18.0                           
10192a020217100726ディアデイジー　　　　　　　　　　　 30.2  4.5-15.8 -8.1 -8.2 -3  0.0                           
10192a020317100667ナムラリュウグウ　　　　　　　　　　 33.1  4.9 -4.7-15.3 -6.3 -1  0.0  0                        
10192a020417101883マリスドランジュ　　　　　　　　　　  7.1  1.7 11.3 11.8  7.7 13 17.8                           
10192a020517104206シゲルミズガメザ　　　　　　　　　　 11.1  2.1  7.3 12.3  6.4 11 24.5                           
10192a020617100540スマートアペックス　　　　　　　　　  2.5  1.2 18.3 22.7 13.5 19 17.0                           
10192a020717103937アイファーパープル　　　　　　　　　 20.3  3.3-15.8-17.8-11.1 -6  0.0  0                        
10192a020817101028クリノヤタガラス　　　　　　　　　　 30.2  4.5  0.7 -1.7 -0.3  5  0.0                           
10192a020917106433ハナノルージュ　　　　　　　　　　　 27.7  4.2-14.5-10.4 -8.4 -3  0.0                           
10192a021017110154コウエイバクシン　　　　　　　　　　  7.5  1.8 15.9  7.2  8.0 13  0.0                           
10192a030116102853メメランタン　　　　　　　　　　　　  2.3  1.2 18.3 27.6 15.0 20 18.0  2                        
10192a030216105019ブラックタートル　　　　　　　　　　 42.3  7.4-10.0-12.4 -7.4 -2  0.0                           
10192a030316102039メイショウセンテ　　　　　　　　　　130.9 20.8-10.0 -8.1 -6.1 -1  0.0                           
10192a030416102399ワンダークラッシー　　　　　　　　　 20.7  4.0  2.0  4.6  2.1  7  0.0                           
10192a030516106398オールフォース　　　　　　　　　　　 55.1  9.2-11.4-13.6 -8.3 -3  0.0                           
10192a030616102597ナリタブルグ　　　　　　　　　　　　 87.5 14.2-10.0 -3.7 -4.8  0  0.0                           
10192a030716103997リュウノイカリ　　　　　　　　　　　 40.1  7.0 -4.7 -5.5 -3.4  2  0.0                           
10192a030816106578カイマナ　　　　　　　　　　　　　　 19.1  3.7  7.3  8.5  5.2 10  0.0  5                        
10192a030916102147メイショウプルーム　　　　　　　　　 34.3  6.1-10.0-12.3 -7.4 -2  0.0                           
10192a031016100799フォリオール　　　　　　　　　　　　  5.0  1.6 13.7 14.0  9.2 14 18.4                           
10192a031116106076ニホンピロファルコ　　　　　　　　　 19.8  3.9-10.0  4.2 -2.4  3 11.8  3                        
10192a031216102197ファストフォース　　　　　　　　　　  4.0  1.4 23.7 34.6 19.1 24 16.4                           
10192a031316102533タカノアンジェラス　　　　　　　　　 12.7  2.7 10.6 17.0  9.0 14 12.6                           
10192a031416103685ザプラウドワンズ　　　　　　　　　　 20.5  4.0 -4.7-13.9 -5.9 -1  0.0  0                        
10192a031516102571フェブタイズ　　　　　　　　　　　　 28.8  5.2-10.0 -6.3 -5.6 -1  0.0                           
10192a031616105967ハイロードシチー　　　　　　　　　　 28.3  5.1 -2.5  5.0  0.6  6  0.0                           
10192a040116100256ウインアミーリア　　　　　　　　　　  9.4  2.9  1.4 -1.3  0.1  5  0.0                           
10192a040216103696カリマンタン　　　　　　　　　　　　 49.5 11.3-10.0-20.0 -9.7 -5  0.0  0                        
10192a040316106367ケイティシャイン　　　　　　　　　　 63.5 13.9-10.0-10.3 -6.8 -2  0.0                           
10192a040416103127フィオレドーロ　　　　　　　　　　　  5.3  1.9 10.7 24.3 11.2 16 21.3                           
10192a040516104801エッセンツァ　　　　　　　　　　　　  6.2  2.2  9.3  7.4  5.6 11 22.9                           
10192a040616102784ドリームウィング　　　　　　　　　　 31.4  7.4-15.8-13.6 -9.9 -5  0.0                           
10192a040716105621ニホンピロハービン　　　　　　　　　 21.0  5.3  0.7-17.8 -5.1  0  0.0  0                        
10192a040816104657スノーユニバンス　　　　　　　　　　  4.5  1.8 24.5 10.2 12.0 17  0.0                           
10192a040916106269メグスタサンライズ　　　　　　　　　 87.0 18.8-10.0 -8.1 -6.1 -1  0.0                           
10192a041016105264レッドジェニファー　　　　　　　　　  6.6  2.3  5.7  8.0  4.5  9 21.2                           
10192a041116104542カラミンサ　　　　　　　　　　　　　  4.8  1.8 13.8 -5.5  3.4  8  8.8                           
10192a041216105969ハミングデイズ　　　　　　　　　　　 33.3  7.8-11.4 -4.7 -5.6 -1  0.0  0                        
10192a041316104878リアオリヴィア　　　　　　　　　　　 12.0  3.3  0.7 -0.5  0.1  5 10.7                           
10192a041416100192アサカフロンティア　　　　　　　　　 28.0  6.7-10.0-11.9 -7.2 -2  0.0                           
10192a041516105810ショウナンタンゴ　　　　　　　　　　 87.0 18.8-11.4-12.1 -7.8 -3  0.0                           
10192a041616103301スパニッシュレディ　　　　　　　　　 28.1  6.7 -8.7  8.5 -0.6  4  0.0                           
10192a050117110035サマーエモーション　　　　　　　　　  4.0  1.4 14.4 13.0  9.2  9 19.6                           
10192a050217102850メイショウラツワン　　　　　　　　　  2.1  1.2 20.0 29.8 16.3 16 18.0                           
10192a050317103283ゴールドパラディン　　　　　　　　　  8.2  2.0  4.6-15.5 -3.0 -3 13.5A                          
10192a050417101192イチザサンデー　　　　　　　　　　　 20.0  3.6 -2.7 -3.4 -2.0 -2  0.0                           
10192a050517105073ウェイヴァリー　　　　　　　　　　　  6.5  1.7  9.3 15.2  8.0  8  6.7                           
10192a050617102599テイエムファルコン　　　　　　　　　 24.8  4.3-10.0 11.0 -0.4  0  0.0                           
10192a050717105602ラズルダズル　　　　　　　　　　　　  7.0  1.8  5.4  0.3  2.1  2 10.3                           
10192a050817106536モズトンボ　　　　　　　　　　　　　 11.4  2.3 -4.7 -0.9 -2.0 -2  0.0                           
10192a050917106644ドリームオスカル　　　　　　　　　　 27.8  4.7-11.0-11.9 -7.6 -8 12.0                           
10192a060116102232メイショウフェイト　　　　　　　　　 61.2 11.4 -8.1 -5.5 -4.6  0  0.0                           
10192a060216101591メイショウハヤナリ　　　　　　　　　 24.9  5.1 -4.7-11.9 -5.3  0  0.0                           
10192a060316101551ダイシンリカール　　　　　　　　　　 23.9  5.0 -7.4-14.1 -6.9 -2 16.2                           
10192a060416106146サニーサインズ　　　　　　　　　　　 66.8 12.4-10.0-12.2 -7.3 -2  0.0                           
10192a060516100841ムギ　　　　　　　　　　　　　　　　 19.2  4.2-10.0  6.2 -1.8  3  0.0                           
10192a060616105871ラハイナヌーン　　　　　　　　　　　  3.0  1.4 16.7 23.2 13.1 18 18.0A                          
10192a060716106488エイシントキシラズ　　　　　　　　　  4.0  1.5 10.7  3.8  5.1 10 16.4                           
10192a060816102413クリーンガーベラ　　　　　　　　　　 25.8  5.3 -4.7 -5.8 -3.5  2  0.0                           
10192a060916103201ガバナンスコード　　　　　　　　　　141.1 25.4-10.0-14.2 -7.9 -3  0.0                           
10192a061016102171ステラバローズ　　　　　　　　　　　  4.7  1.6 12.3 12.1  8.1 13  9.6                           
10192a061116106004プロポーズ　　　　　　　　　　　　　 38.4  7.6-15.8 -6.3 -7.7 -3  0.0                           
10192a061216101341ジョーカリン　　　　　　　　　　　　 15.8  3.6  2.0  9.7  3.6  9  0.0                           
10192a061316102615ゾロ　　　　　　　　　　　　　　　　 50.4  9.7-10.0-10.3 -6.8 -2  0.0                           
10192a061416101234トウケイココノエ　　　　　　　　　　 47.4  9.2  0.7 -0.8  0.0  5  0.0  0                        
10192a061516101260グレーフィンソニア　　　　　　　　　 11.8  2.8  2.8  6.1  2.9  8 19.8                           
10192a061616102801ロングファイナリー　　　　　　　　　 53.4 10.3-11.4-16.0 -9.0 -4  0.0  0                        
10192a061716101459ブラボーフェスタ　　　　　　　　　　 58.0 10.8-10.0-11.4 -7.1 -2  0.0                           
10192a061816100617スマッシングハーツ　　　　　　　　　 13.6  3.1  7.3-13.6 -1.4  4  0.0                           
10192a070116103086サイベリアン　　　　　　　　　　　　 30.9  6.3-11.4 -5.4 -5.8 14  0.0                           
10192a070216104245リフタスフェルト　　　　　　　　　　  4.0  1.5 17.9 11.9 10.1 30 19.6                           
10192a070312105194サンマルメジャール　　　　　　　　　 59.5 11.3-11.4-15.5 -8.8 11  0.0                           
10192a070416102749ガンケン　　　　　　　　　　　　　　  3.1  1.4 10.0 12.1  7.3 27 15.0                           
10192a070515102656マラビージャ　　　　　　　　　　　　 26.1  5.5-14.5-13.4 -9.3 11  0.0                           
10192a070614103798メイショウソウビ　　　　　　　　　　 15.0  3.5  0.7 -2.8 -0.6 19 14.4  0                        
10192a070715106185ミンナノシャチョウ　　　　　　　　　 16.0  3.7 -2.5  4.6  0.5 20  0.0                           
10192a070816100979リネンリボン　　　　　　　　　　　　 12.5  3.0  9.5 -4.8  2.0 22 11.0                           
10192a070916102433メイショウジガネ　　　　　　　　　　 47.0  9.3-10.0-12.3 -7.4 13  0.0                           
10192a071015106042アイファーブレーヴ　　　　　　　　　 33.5  6.8-14.5-10.3 -8.4 12  0.0                           
10192a071115105141サンマルリトリート　　　　　　　　　  7.5  2.2 12.4  9.3  7.3 27  7.2A                          
10192a071216101232ガーデンガーデン　　　　　　　　　　 20.3  4.5-10.0-17.8 -9.0 11  0.0  0                        
10192a071315101178レナータ　　　　　　　　　　　　　　  4.2  1.5 14.1 11.6  8.6 29 11.7                           
10192a071414105976ジャンヌ　　　　　　　　　　　　　　 65.2 12.3-10.0-10.3 -6.8 13  0.0                           
10192a080115103101メモリーコバルト　　　　　　　　　　  4.3  1.6 11.3 22.9 11.0 31 17.0                           
10192a080216100846サルサレイア　　　　　　　　　　　　 11.6  3.0  2.0  7.7  3.0 23 14.4                           
10192a080316104428テイクザヘルム　　　　　　　　　　　  4.6  1.7 10.3  5.5  5.4 25  9.6                           
10192a080416101159デュアラブル　　　　　　　　　　　　  6.8  2.2 10.7  6.2  5.8 26 10.3  0                        
10192a080516103724シュジンコウ　　　　　　　　　　　　 48.7 10.3-10.0 -8.8 -6.3 14  0.0                           
10192a080616101792ペプチドフシチョウ　　　　　　　　　 37.0  8.0 -4.7 -6.3 -3.6 16 13.2                           
10192a080716105250エターナルディーバ　　　　　　　　　 11.4  2.9  2.9  6.3  3.0 23  0.0                           
10192a080816104852マハーラーニー　　　　　　　　　　　 30.3  6.6-15.8-11.9 -9.4 11 18.0                           
10192a080916105998ワインレッドローズ　　　　　　　　　 44.1  9.4-10.0 -5.1 -5.2 15  0.0                           
10192a081015103341デイジーブリランテ　　　　　　　　　 60.1 12.2-11.4 -1.5 -4.6 15  0.0                           
10192a081115101327クロフネプリンセス　　　　　　　　　 62.5 12.7-15.8-19.3-11.6  8  0.0                           
10192a081215105112ロックザボート　　　　　　　　　　　 25.3  5.7-10.0 -1.8 -4.2 16  0.0                           
10192a081316102483ハクサンライラック　　　　　　　　　 12.3  3.1 12.0 11.0  7.7 28  0.0                           
10192a081415102358イチザティアラ　　　　　　　　　　　 25.8  5.8-10.0-17.8 -9.0 11  0.0  0                        
10192a081516100984サツキサンダー　　　　　　　　　　　  3.6  1.5  5.3 25.7  9.7 30  8.1                           
10192a090116105985ナナカマドカ　　　　　　　　　　　　 61.4  9.7-10.0 -8.6 -6.2 14  0.0                           
10192a090215104171ヘブンリーデイズ　　　　　　　　　　  2.8  1.3 19.2 23.5 14.1 34 18.0  1  120   66              
10192a090315104651アリストライン　　　　　　　　　　　 20.2  3.8-15.8 -4.6 -7.2 13 12.5                           
10192a090416105715アルベニス　　　　　　　　　　　　　 27.5  4.8 -4.7  6.2  0.1 20 16.2                           
10192a090515105061ミーティアトレイル　　　　　　　　　 14.4  2.9 -4.7 -2.8 -2.6 17  0.0                           
10192a090615103021ワタシヲマッテル　　　　　　　　　　 12.7  2.6 11.8  9.2  7.1 27  8.8                           
10192a090716101983マジェスティ　　　　　　　　　　　　 12.9  2.6  2.0 -1.8  0.2 20  0.0                           
10192a090816100585リーガルメイン　　　　　　　　　　　  5.4  1.6 13.0 23.3 11.8 32  9.6  3                        
10192a090916105582ヤマカツシシマル　　　　　　　　　　 27.6  4.8-14.5-13.8 -9.5 11 17.1                           
10192a091016105157レッドムルガン　　　　　　　　　　　 29.2  5.1-10.0-13.7 -7.8 12  0.0                           
10192a091116106114リッカローズ　　　　　　　　　　　　 46.5  7.7 -4.7 -8.8 -4.4 16  0.0                           
10192a091216104819ダノングレーター　　　　　　　　　　  2.9  1.3 18.3 19.0 12.4 32  6.2                           
10192a091316104433キタサンブラウン　　　　　　　　　　 37.4  6.3 -4.7-10.5 -4.9 15  0.0                           
10192a100115103340メイショウキョウジ　　　　　　　　　  2.8  1.3 18.2  9.2  9.4 39  5.7                           
10192a100216109115ダンツブライト　　　　　　　　　　　 29.4  5.8-10.0-13.8 -7.8 22  0.0                           
10192a100312105305ミカエルシチー　　　　　　　　　　　 25.4  5.1-10.0 -8.4 -6.2 24  0.0  0                        
10192a100415102392シグナライズ　　　　　　　　　　　　  4.0  1.5 14.0 15.6  9.8 40 19.6                           
10192a100515103673トンボイ　　　　　　　　　　　　　　 27.0  5.4 -4.7 -5.1 -3.3 27  0.0                           
10192a100613100041マリエラ　　　　　　　　　　　　　　 19.8  4.2  5.3 11.3  5.3 35 15.3                           
10192a100715100964ウィズ　　　　　　　　　　　　　　　  8.4  2.3  0.7 16.2  5.1 35 10.3                           
10192a100815102477メープル　　　　　　　　　　　　　　 79.4 14.1-10.0-15.8 -8.4 22  0.0  0                        
10192a100916109123カシノティーダ　　　　　　　　　　　 64.4 11.6-14.5-12.7 -9.1 21  0.0                           
10192a101016110068トップソリスト　　　　　　　　　　　  5.8  1.8 11.0 17.4  9.3 39  9.6                           
10192a101115106187メジェールスー　　　　　　　　　　　 31.4  6.1-15.8 -8.5 -8.3 22  0.0                           
10192a101216105439エムティアン　　　　　　　　　　　　 17.8  3.8  2.7  5.3  2.6 33  0.0                           
10192a101315102657リュニヴェール　　　　　　　　　　　 41.8  7.9-10.0-11.4 -7.1 23 20.7                           
10192a101414101285トウカイレーヌ　　　　　　　　　　　  8.5  2.3  9.5 12.1  7.1 37  9.4                           
10192a101515105742トニーファイブ　　　　　　　　　　　 41.6  7.9-14.5-10.9 -8.6 21  0.0                           
10192a101613100724ショウナンアヴィド　　　　　　　　　 71.0 12.7-10.0-10.9 -6.9 23  0.0                           
10192a110115104921アロハリリー　　　　　　　　　　　　 11.6  3.2-15.8  5.3 -4.2 41  0.0                           
10192a110212101801レトロロック　　　　　　　　　　　　  8.2  2.7  9.3  7.6  5.7 51 13.5                           
10192a110315104910ハイヒール　　　　　　　　　　　　　 14.1  3.8  9.5  0.1  3.5 49  0.0                           
10192a110414106132トリコロールブルー　　　　　　　　　  4.4  1.8  5.3 20.7  8.2 53  8.1                           
10192a110512103405ベステンダンク　　　　　　　　　　　 24.0  5.8-10.0-11.9 -7.2 38  0.0                           
10192a110613103338ジョルジュサンク　　　　　　　　　　 34.6  8.1 -8.7 -8.8 -5.8 39  0.0                           
10192a110713109022ボールライトニング　　　　　　　　　 24.6  6.0 -4.7 -5.3 -3.3 42 18.0                           
10192a110813105646マウントゴールド　　　　　　　　　　  5.0  1.9 10.4 11.8  7.4 52  8.8  2                        
10192a110914104273プラチナムバレット　　　　　　　　　 51.5 11.8-10.0 -8.1 -6.1 39  0.0                           
10192a111015104582ケイティクレバー　　　　　　　　　　 27.9  6.7-11.4 -6.3 -6.1 39  0.0                           
10192a111114105825アウトライアーズ　　　　　　　　　　  5.6  2.0  0.7  7.9  2.6 48 16.0                           
10192a111213106121サーブルオール　　　　　　　　　　　  5.0  1.9  8.8 12.3  6.9 52  0.0                           
10192a111316100733マイネルフラップ　　　　　　　　　　  8.5  2.8  8.7 16.7  8.2 53 26.2                           
10192a120114100268シャワーブーケ　　　　　　　　　　　 11.5  3.0 -6.4  8.1  0.1 30  0.0                           
10192a120214105805バルコラベーロ　　　　　　　　　　　  8.6  2.7  9.0-13.9 -0.9 29 11.0                           
10192a120314102711リリーメーカー　　　　　　　　　　　 37.5  8.4-10.0-10.3 -6.8 23 21.6                           
10192a120414103596ウイナーズロード　　　　　　　　　　 30.6  6.9-15.8 -8.1 -8.2 22  0.0                           
10192a120514100831ヤサシサ　　　　　　　　　　　　　　 13.0  3.4 -1.8 -2.0 -1.3 29  0.0  0                        
10192a120615101830コウエイアンカ　　　　　　　　　　　  6.8  2.2  3.3  6.5  3.2 33 17.8                           
10192a120716101889スタークォーツ　　　　　　　　　　　  4.3  1.7 15.1 23.4 12.6 43 19.6                           
10192a120813104121ミスズマンボ　　　　　　　　　　　　 14.0  3.6 -2.6 -1.8 -1.5 29  0.0                           
10192a120913103792オンリーワンスター　　　　　　　　　 22.2  5.2-10.0 10.3 -0.6 29  0.0                           
10192a121015105736アウトバーン　　　　　　　　　　　　 19.5  4.7 -4.7  4.2 -0.5 30  0.0  3                        
10192a121114100820スターペスマリア　　　　　　　　　　  4.2  1.7 14.7 20.3 11.5 41  9.9                           
10192a121216105174ファビュラスギフト　　　　　　　　　  7.7  2.5  2.6  4.0  2.2 32  0.0                           
10192a121315105870ナンクルナイサー　　　　　　　　　　 19.2  4.7 -4.7  9.9  1.2 31  0.0                           
10192a121414100190スナークライデン　　　　　　　　　　 25.3  5.8  0.7  7.4  2.5 32 11.3                           
