052116010118106611ケプチャン　　　　　　　　　　　　　 50.2 11.2-10.0-10.0 -6.7 -2  0.0                           
052116010218100380ウォーターリリー　　　　　　　　　　 95.6 20.2-11.7-19.5-10.7 -6  0.0  0                        
052116010318106805シーレカズマ　　　　　　　　　　　　 23.4  5.6-10.0 -2.0 -3.7  1 13.7                           
052116010418103033ドリップワン　　　　　　　　　　　　 31.7  7.3-11.0-14.1 -8.5 -3  0.0                           
052116010518102324ショウナンアドール　　　　　　　　　  6.2  2.1  6.0 13.5  6.8 12  9.4                           
052116010618105817ロジネイア　　　　　　　　　　　　　 14.6  3.8 -7.8  5.5 -0.3  5  0.0                           
052116010718103483ヴィオマージュ　　　　　　　　　　　  6.4  2.2  8.3 10.4  6.3 11  0.0                           
052116010818103727カザルス　　　　　　　　　　　　　　 39.2  8.9  6.0 -8.8 -1.4  4  0.0                           
052116010918104821ユメノシラベ　　　　　　　　　　　　 20.4  5.0-10.0 -8.9 -6.3 -1 13.0                           
052116011018105807ニンジャゴー　　　　　　　　　　　　  5.6  2.0 11.5  3.6  4.8 10  0.0                           
052116011118102927ヴァンキッシュ　　　　　　　　　　　104.0 21.9-11.7 -2.9 -4.6  0  0.0                           
052116011218104120ステイホームバブル　　　　　　　　　  7.8  2.5-10.0  6.2 -0.7  4 11.5                           
052116011318102256ロングジャーニー　　　　　　　　　　  6.4  2.2  5.6 15.0  7.2 12  0.0                           
052116011418104068リュウノマーチャン　　　　　　　　　 78.1 16.6-10.0-11.9 -7.4 -2  0.0                           
052116011518100173ラインオブフェイト　　　　　　　　　  3.6  1.6 16.4  6.3  7.2 12 15.9                           
052116011618102338アラカザーム　　　　　　　　　　　　 26.2  6.1 20.0-17.5 -0.4  5  0.0                           
052116020118100812フルコース　　　　　　　　　　　　　 28.6  6.3-11.0-20.0-10.6-11  0.0  0                        
052116020218103635ニシノラフカット　　　　　　　　　　 17.1  4.1-10.0  9.1  0.3  0  0.0  5                        
052116020318103812スラップショット　　　　　　　　　　  6.9  2.2  3.8-19.5 -6.0 -6  0.0  0                        
052116020418102214トップオアシス　　　　　　　　　　　 12.8  3.2-10.4  4.9 -1.3 -1 23.1                           
052116020518103753エストラテーガ　　　　　　　　　　　 20.5  4.8-10.0 -2.0 -3.7 -4  0.0                           
052116020618104528ペダンクルアーチ　　　　　　　　　　  5.4  1.9  3.7 10.2  4.8  5  8.6                           
052116020718101125ミラーウォーカーズ　　　　　　　　　120.0 23.7-10.0-20.0-10.3-10  0.0  0                        
052116020818101736サーフアンドターフ　　　　　　　　　106.8 21.2-10.0 -0.6 -3.2 -3  0.0                           
052116020918104215ピロコレーヌ　　　　　　　　　　　　169.0 33.2-10.0 -8.9 -6.3 -6  0.0                           
052116021018102551エスジープリンセス　　　　　　　　　  6.2  2.1 10.0 13.0  7.8  8  9.4                           
052116021118102758イールドブラック　　　　　　　　　　  3.1  1.5-10.4 17.4  3.3  3 15.9                           
052116021218106912ルピナスアイ　　　　　　　　　　　　119.0 23.6-11.7 -2.6 -4.5 -4  0.0                           
052116021318101748アタカヒール　　　　　　　　　　　　 13.5  3.4 12.0 10.1  7.3  7  0.0                           
052116021418102453ネオヒューズ　　　　　　　　　　　　  9.1  2.7-10.0-11.3 -7.1 -7  0.0                           
052116021518104494ハシュマル　　　　　　　　　　　　　 15.8  3.8-10.0  6.0 -0.8 -1  0.0                           
052116021618101081ロト　　　　　　　　　　　　　　　　 24.8  5.6 -5.7-10.5 -5.6 -6  0.0                           
052116030118102474ジャヤワルダナ　　　　　　　　　　　 61.1 13.4-11.0-10.7 -7.2 -2  0.0                           
052116030218101894ターニングアップ　　　　　　　　　　 27.0  6.4-10.0-13.5 -7.9 -3  0.0  0                        
052116030318105423インヴァリアンス　　　　　　　　　　 12.1  3.3  6.0  6.2  4.1  9  0.0                           
052116030418102231トラストドーベル　　　　　　　　　　 31.9  7.5-11.7-10.4 -7.3 -2  0.0                           
052116030518104874コンソレーション　　　　　　　　　　  7.1  2.4 12.8 13.3  8.7 14  9.4                           
052116030618103661モーリスシチー　　　　　　　　　　　 38.9  9.0 -5.4-10.5 -5.5  0 16.7                           
052116030718102464クロノフルール　　　　　　　　　　　 18.2  4.6 -8.4 -7.7 -5.3  0  0.0  0                        
052116030818100647ディープステイト　　　　　　　　　　 68.2 14.9-11.7-12.9 -8.2 -3  0.0                           
052116030918102202オブデュモンド　　　　　　　　　　　  3.5  1.6 15.0 21.2 12.3 17  8.0  2                        
052116031018100976デルマタモン　　　　　　　　　　　　 24.0  5.8 -5.0  0.0 -1.5  3  0.0  0                        
052116031118110074メリオダス　　　　　　　　　　　　　  6.9  2.3 12.7 19.6 11.0 16 17.3                           
052116031218110061キトゥンズルンバ　　　　　　　　　　  7.7  2.5 -2.6 11.6  3.5  8  0.0                           
052116031318103858ショウナンカホウ　　　　　　　　　　  7.5  2.5 15.7  3.8  6.1 11  0.0                           
052116031418102440ワイドモーゼ　　　　　　　　　　　　 50.8 11.6-11.7-12.8 -8.2 -3  0.0                           
052116031518100859シュルードアイズ　　　　　　　　　　  7.3  2.4  6.0  9.7  5.4 10  0.0                           
052116031618105170グランデモナルカ　　　　　　　　　　 16.2  4.2-10.0 -9.1 -6.3 -1 13.0                           
052116040118105265グランスエーニョ　　　　　　　　　　  8.1  2.2  6.0  6.0  4.0 24  9.4                           
052116040218100044ビーカレイジャス　　　　　　　　　　 11.5  2.7-10.0  8.7  0.2 20  0.0                           
052116040318104086ジュラメント　　　　　　　　　　　　 22.0  4.4 -5.9  7.7  1.1 21  0.0                           
052116040418101667ララシャルロット　　　　　　　　　　 20.5  4.2-12.5 -3.1 -4.9 15 12.3                           
052116040518105762フィールザワールド　　　　　　　　　 16.5  3.6  3.9 18.5  8.0 28  0.0                           
052116040618105438ロスコフ　　　　　　　　　　　　　　  4.6  1.7 13.3 17.3 10.3 30  8.6                           
052116040718106144レオカクテル　　　　　　　　　　　　 51.0  9.4-11.7  4.9 -1.7 18  0.0                           
052116040818101750アイノファンタジー　　　　　　　　　 36.7  7.0-11.7 -1.1 -3.9 16  0.0                           
052116040918110091コズミックマインド　　　　　　　　　 24.1  4.8-11.7 10.5  0.3 20  0.0                           
052116041018105611ショウナンアストラ　　　　　　　　　 26.5  5.2 -7.4  8.1  0.8 21  0.0                           
052116041118100219ショウリノカンパイ　　　　　　　　　  8.8  2.4  5.4 17.5  8.0 28 10.1                           
052116041218106693グランツアーテム　　　　　　　　　　  2.5  1.3 19.5 28.4 16.3 36 15.9                           
052116041318100049フクノラプラーニュ　　　　　　　　　 97.2 16.9-10.0-10.5 -6.8 13  0.0                           
052116041418106752ゼローソ　　　　　　　　　　　　　　 33.0  6.3 -0.3 -4.0 -1.6 18  0.0                           
052116041518100276シャドウヘリテイジ　　　　　　　　　 34.4  6.6-10.0-10.0 -6.7 13  0.0                           
052116041618104860ゴーストレート　　　　　　　　　　　 20.7  4.3-10.4 -5.9 -5.3 15  0.0                           
052116050118104625シャドウアルテミス　　　　　　　　　 14.6  3.1 -5.2  1.2 -1.1  4  0.0                           
052116050218104773ホットポッド　　　　　　　　　　　　 48.8  8.7 -2.6 -9.6 -4.3  1  0.0                           
052116050318105086シテフローラル　　　　　　　　　　　  2.2  1.2 20.5 26.1 15.7 21 15.9                           
052116050418106598ドルフィンクエスト　　　　　　　　　 56.2  9.7-11.7-14.6 -8.9 -4  0.0                           
052116050518104815ティルピッツ　　　　　　　　　　　　114.7 19.0-10.0 -7.5 -5.8 -1  0.0                           
052116050618110043ゴールデンシロップ　　　　　　　　　  8.5  2.3  7.7  5.5  4.3  9 10.1                           
052116050718100992ムラサメマル　　　　　　　　　　　　 16.0  3.3  6.0  4.8  3.6  9  0.0                           
052116050818105148フェットデメール　　　　　　　　　　 39.6  7.2 -5.8-12.8 -6.4 -1  0.0                           
052116050918101941ノーブルパレス　　　　　　　　　　　 22.8  4.4 12.2  8.5  6.8 12  0.0                           
052116051018104586ダノンマデイラ　　　　　　　　　　　 15.2  3.2  0.5  6.2  2.4  7  0.0                           
052116051118104515アモーレグリーン　　　　　　　　　　 50.6  9.0-11.7 -8.9 -6.8 -2  0.0                           
052116051218101625ウインザナドゥ　　　　　　　　　　　  5.2  1.6 14.0 13.2  9.0 14 17.3                           
052116051318106664カフェファンタスト　　　　　　　　　127.4 21.1-11.7 -6.0 -5.7 -1  0.0                           
052116051418105244ハンザ　　　　　　　　　　　　　　　 26.0  4.9-11.7-10.0 -7.2 -2  0.0                           
052116051518103763ロッソネーリ　　　　　　　　　　　　 91.8 15.4-13.4-10.0 -7.7 -3  0.0                           
052116051618106756コスモマイン　　　　　　　　　　　　  5.2  1.6-10.4 13.2  1.7  7  9.4                           
052116060116101339プレイングラン　　　　　　　　　　　 19.0  3.8  6.6 19.5  9.1 29  0.0                           
052116060216105480ボーイズオブサマー　　　　　　　　　 33.8  6.2-13.4 -0.6 -4.2 16  0.0                           
052116060317105506トラモント　　　　　　　　　　　　　  3.5  1.4 16.2 17.3 11.2 31 17.3                           
052116060417103008ヤマノマタカ　　　　　　　　　　　　 13.5  2.9 10.5 10.8  7.1 27  0.0  5                        
052116060516100889ワンダーヴァレッタ　　　　　　　　　 96.6 16.0-10.0-15.7 -8.8 11  0.0  0                        
052116060617103525スキルショット　　　　　　　　　　　  6.6  1.9  6.0  9.0  5.1 25 10.1                           
052116060717104818ダルムシュタット　　　　　　　　　　 32.0  5.9-10.0 -7.0 -5.6 14  0.0                           
052116060817110150セイウンソルジャー　　　　　　　　　 18.7  3.8  8.9  6.0  4.9 25  0.0                           
052116060917110054グーガルドリームズ　　　　　　　　　 64.1 10.8-11.0 -3.7 -4.7 15  0.0                           
052116061014102442ヒロノワカムシャ　　　　　　　　　　 38.1  6.9-10.4-20.0-10.5 10  0.0  0                        
052116061117110066アメリカンフェイス　　　　　　　　　  2.7  1.3 21.4 16.1 12.3 32 15.9                           
052116061217104756アラタ　　　　　　　　　　　　　　　 16.0  3.3-10.0  6.0 -0.8 19  0.0                           
052116061315109031ハンドリー　　　　　　　　　　　　　 32.6  6.0-10.0-17.5 -9.4 11  0.0                           
052116061417104767エターナルボンド　　　　　　　　　　  6.5  1.9 10.0 13.8  8.1 28  9.4                           
052116070116103092コルドゥーン　　　　　　　　　　　　 98.7 15.9-10.0-20.0-10.3 10  0.0  0                        
052116070216100742ナミブ　　　　　　　　　　　　　　　 23.2  4.3 -8.5 12.0  1.9 22  0.0                           
052116070317105374フィリオアレグロ　　　　　　　　　　  2.2  1.2 22.4 25.9 16.2 36 15.9                           
052116070417105910エクセレントラン　　　　　　　　　　  6.5  1.8 12.0 15.3  9.2 29 18.8                           
052116070516104639ミライオー　　　　　　　　　　　　　 26.4  4.9-11.7 11.2  0.6 21  0.0                           
052116070616105270ラヴィンジャー　　　　　　　　　　　  7.6  2.0 10.0 16.4  9.0 29 10.1                           
052116070717104690パーディシャー　　　　　　　　　　　 13.8  2.9 -3.9-11.5 -5.4 15  0.0                           
052116070815106231アルスラーン　　　　　　　　　　　　 19.9  3.9 20.0  6.8  8.5 28 12.3                           
052116070917110061コスモクウ　　　　　　　　　　　　　 32.5  5.8-11.7-10.5 -7.4 13  0.0                           
052116071017104185フェスティヴスーリ　　　　　　　　　 38.4  6.8-10.0 -0.6 -3.2 17  0.0                           
052116071117103736サクラヴァルール　　　　　　　　　　 14.6  3.0  3.9  6.2  3.4 23  0.0                           
052116071217106303アイブランコ　　　　　　　　　　　　  4.6  1.6 16.9 17.0 11.3 31  0.0  4                        
052116071317104670ビートザウイングス　　　　　　　　　 19.9  3.9 11.2  7.0  5.9 26  0.0                           
052116080117102037シャチ　　　　　　　　　　　　　　　 47.9  8.9-10.0 -2.6 -4.0 26  0.0                           
052116080214102449トミケンボハテル　　　　　　　　　　 11.5  2.7  4.5 10.1  5.1 35 10.8                           
052116080314102888アドマイヤシナイ　　　　　　　　　　 44.3  8.3-10.0 -6.2 -5.3 25  0.0                           
052116080416100030レディードリー　　　　　　　　　　　 39.8  7.5-11.0  6.0 -1.1 29  0.0                           
052116080516105858チビラーサン　　　　　　　　　　　　  3.9  1.5 18.2 25.0 14.6 45 17.3                           
052116080617105172モーベット　　　　　　　　　　　　　  2.8  1.3 15.0 21.2 12.3 42 15.9C 2                        
052116080715104346エバーミランダ　　　　　　　　　　　 15.4  3.4-10.0  6.9 -0.5 30  0.0                           
052116080814105476ショワドゥロワ　　　　　　　　　　　 36.3  6.9-10.0  6.6 -0.6 29  0.0                           
052116080916102080ショーヒデキラ　　　　　　　　　　　  4.7  1.6 13.2 20.2 11.4 41  9.4                           
052116081014103189エメラルスター　　　　　　　　　　　 24.5  4.9 -5.4  1.4 -1.1 29  0.0  5                        
052116081114105853アーザムブルー　　　　　　　　　　　 18.1  3.8-10.0 -2.7 -4.0 26  0.0                           
052116081217105483ゴールドティア　　　　　　　　　　　  5.6  1.8 19.0 12.6 10.3 40  0.0                           
052116090116100706レオンドーロ　　　　　　　　　　　　 38.4  7.6-10.0-14.6 -8.4 27  0.0                           
052116090217101797フィオリキアリ　　　　　　　　　　　 25.7  5.3 -6.0 -6.6 -4.2 31  0.0  0                        
052116090316103064ショウナンバビアナ　　　　　　　　　122.8 22.3-10.0-10.5 -6.8 28  0.0                           
052116090416101366ローズテソーロ　　　　　　　　　　　 37.7  7.5-11.0-14.1 -8.5 27  0.0                           
052116090516104899アクアミラビリス　　　　　　　　　　  8.2  2.4  7.5  5.4  4.2 39  0.0                           
052116090616104858ジョディー　　　　　　　　　　　　　 14.4  3.3-10.0 -4.3 -4.6 30 12.2                           
052116090715106173レオコックブルー　　　　　　　　　　 60.0 11.2-12.5-10.1 -7.5 28  0.0                           
052116090817105348ショウリュウハル　　　　　　　　　　  9.1  2.5 10.1  6.1  5.3 40  0.0                           
052116090917104637デゼル　　　　　　　　　　　　　　　  2.5  1.3 25.1 19.0 14.5 49 15.9                           
052116091015104779フィニフティ　　　　　　　　　　　　 12.8  3.0  7.5 11.1  6.3 41  0.0                           
052116091117101823チェーンオブラブ　　　　　　　　　　 20.0  4.4 20.0 11.7 10.3 45  0.0                           
052116091216104896イノセントミューズ　　　　　　　　　 41.4  8.2-12.5-10.1 -7.5 28  0.0                           
052116091316105051シングフォーユー　　　　　　　　　　 26.8  5.5 -5.7  6.2  0.6 36  0.0                           
052116091417104771ラルナブリラーレ　　　　　　　　　　  6.6  2.0 15.0  9.4  7.9 43 18.8  5                        
052116091517102192ショウナンハレルヤ　　　　　　　　　  5.6  1.9 15.2 16.1 10.5 45  8.7                           
052116091616105136サヴォワールエメ　　　　　　　　　　 63.8 11.9-12.5-10.1 -7.5 28  0.0                           
052116100116102199テーオーターゲット　　　　　　　　　  4.0  1.6 18.8 10.8  9.6 55  8.6                           
052116100217103504スリーグランド　　　　　　　　　　　  5.7  2.0 19.9  7.8  8.8 54 18.8                           
052116100315100348ショーム　　　　　　　　　　　　　　 27.4  6.1 -9.3 -3.1 -3.9 41  0.0                           
052116100415105549ドリュウ　　　　　　　　　　　　　　 75.2 15.2-10.0 -9.4 -6.4 39  0.0                           
052116100516104057ヒラソール　　　　　　　　　　　　　 30.0  6.6 -2.1 -8.1 -3.6 41  0.0                           
052116100617103718ウルトラマリン　　　　　　　　　　　  8.9  2.7  7.5  2.5  3.2 48 10.9                           
052116100715103392モルフェオルフェ　　　　　　　　　　 36.9  8.0-10.0-12.7 -7.7 37  0.0                           
052116100815104641レッドフレイ　　　　　　　　　　　　 19.8  4.7 -7.2 -5.2 -4.1 41  0.0                           
052116100917101719タガノビューティー　　　　　　　　　  3.9  1.6 20.2 18.7 12.9 58  8.0                           
052116101017105246フォーテ　　　　　　　　　　　　　　 17.2  4.1 -6.0 -2.1 -2.6 42  0.0                           
052116101115110062スパーダ　　　　　　　　　　　　　　 28.4  6.3 20.0 -2.0  5.3 50  0.0                           
052116101216102605ヴァニラアイス　　　　　　　　　　　 12.9  3.3 10.1  4.3  4.6 50  0.0                           
052116101316101154ロードグラディオ　　　　　　　　　　 23.9  5.4-12.5 -3.0 -4.8 40  0.0                           
052116101415101281ロイヤルパールス　　　　　　　　　　 56.4 11.6-12.5-10.1 -7.5 38  0.0                           
052116101516102177メイショウウズマサ　　　　　　　　　 29.1  6.5-12.5  2.3 -2.9 42  0.0  2                        
052116101616105885ニューモニュメント　　　　　　　　　  7.2  2.3  9.9 11.2  7.1 52 10.1                           
052116110118105147ディオスバリエンテ　　　　　　　　　  7.8  2.3 11.6 17.0  9.7 60 23.1                           
052116110218102657キングストンボーイ　　　　　　　　　  6.7  2.1 12.0 10.1  7.3 57  0.0  3                        
052116110318104980ステラヴェローチェ　　　　　　　　　  2.9  1.4 17.0 16.0 11.0 61 14.3                           
052116110418104261プラチナトレジャー　　　　　　　　　 16.4  3.8  0.5-12.0 -4.3 46  0.0                           
052116110518105157ディープリッチ　　　　　　　　　　　 31.6  6.6-11.7-13.6 -8.5 42  0.0                           
052116110618102943タイソウ　　　　　　　　　　　　　　 42.8  8.7 -6.9  4.8 -0.3 50  0.0                           
052116110718105027エフフォーリア　　　　　　　　　　　  5.0  1.8 19.5 22.0 13.9 64  8.7                           
052116110818105143レフトゥバーズ　　　　　　　　　　　  6.7  2.1 11.9 12.2  8.0 58 10.8A 3                        
052116110918104948ヴィクティファルス　　　　　　　　　 21.1  4.7 15.7  3.2  5.9 56  0.0                           
052116111018104698ハートオブアシティ　　　　　　　　　 30.0  6.3-11.4-10.3 -7.2 43  0.0                           
052116111118105165シャフリヤール　　　　　　　　　　　  5.5  1.8 13.8 15.5  9.8 60  0.0                           
052116111218103684カイザーノヴァ　　　　　　　　　　　 41.8  8.6-11.4-14.2 -8.6 41  0.0                           
052116120114103444ガチコ　　　　　　　　　　　　　　　 32.7  7.1-11.7-10.4 -7.3 23  0.0                           
052116120215103670ラヴノット　　　　　　　　　　　　　100.6 19.9-10.0 -3.2 -4.2 26  0.0                           
052116120316105702タイトロープウィン　　　　　　　　　 32.5  7.0-11.0 -8.8 -6.5 23  0.0                           
052116120415103256タツオウカランブ　　　　　　　　　　101.2 20.0-10.0 -5.8 -5.1 25  0.0                           
052116120517105828トリッチトラッチ　　　　　　　　　　  4.6  1.8 14.7 18.2 11.1 41  8.7                           
052116120616103953アイアムピッカピカ　　　　　　　　　 21.8  5.0-10.0  5.2 -1.1 29  0.0                           
052116120716106168ダウンタウンプリマ　　　　　　　　　 68.1 13.7-10.0-13.3 -7.9 22  0.0                           
052116120817104345ラキャラントシス　　　　　　　　　　  8.2  2.5 10.4 24.9 12.3 42 10.8                           
052116120916104739ラティーンセイル　　　　　　　　　　  3.4  1.5 10.0 25.1 12.2 42 15.9                           
052116121016104929エンドーツダ　　　　　　　　　　　　 17.6  4.2 -5.7  4.9  0.1 30  0.0                           
052116121116104515ベルクワイア　　　　　　　　　　　　 12.6  3.2  7.9  8.1  5.3 35  0.0                           
052116121216105816ワンダーマンボ　　　　　　　　　　　  7.6  2.4 15.7  6.9  7.2 37 10.1                           
052116121315102331カシマフウリン　　　　　　　　　　　 38.7  8.3-10.0 -2.0 -3.7 26  0.0                           
052116121416104596フォークテイル　　　　　　　　　　　  6.7  2.2  5.7  8.5  4.8 35  0.0                           
052116121516104830ユナカイト　　　　　　　　　　　　　 18.5  4.4  2.8-10.0 -2.8 27  0.0                           
052116121615109077シングシングシング　　　　　　　　　 12.5  3.2  2.0-14.6 -4.8 25 11.6                           
092112010118106178メイショウスコヤカ　　　　　　　　　 33.9  6.0  1.1 -9.3 -2.4  3  0.0                           
092112010218103052マラムレシュ　　　　　　　　　　　　 42.9  7.4-11.5 -7.5 -6.5 -1  0.0                           
092112010318101044スマートネクタル　　　　　　　　　　 21.7  4.1-10.9  5.8 -2.3  3  0.0                           
092112010418103578ヒロシゲクリスタル　　　　　　　　　 37.7  6.6-10.9-10.2 -7.1 -2  0.0                           
092112010518102618ハルキジェイソウル　　　　　　　　　 33.8  6.0 -4.2  6.3  0.3  5  0.0                           
092112010618102258ナツハヨル　　　　　　　　　　　　　 36.3  6.4 -1.6-13.4 -4.6  0  0.0                           
092112010718100579メイジュスマイル　　　　　　　　　　 65.1 10.6-10.9-11.2 -7.4 -2  0.0                           
092112010818104406ゴールドフィンガー　　　　　　　　　  4.5  1.6 16.4 12.5  9.8 15 12.4                           
092112010918103128トムティット　　　　　　　　　　　　 31.7  5.6-10.9 -3.7 -5.1  0  0.0  0                        
092112011018102223クチバシニチェリー　　　　　　　　　 88.3 14.1-11.5-18.2 -9.7 -5  0.0  0                        
092112011118104559ナリタローゼ　　　　　　　　　　　　  8.5  2.2 10.4-14.3 -0.5  5 20.6                           
092112011218105520ミラコロヴェルデ　　　　　　　　　　 14.0  2.9  6.5 11.5  5.8 11  0.0  4                        
092112011318103035ドローム　　　　　　　　　　　　　　  2.2  1.2 21.8 17.3 13.2 18 16.2                           
092112011418104139クローズネスト　　　　　　　　　　　  6.8  1.9  1.8 10.5  3.8  9 19.1                           
092112011518101833プリティワヒネ　　　　　　　　　　　 15.1  3.1 10.2  2.9  4.6 10  0.0                           
092112011618101891ポケットロケット　　　　　　　　　　 48.5  8.3  1.2-20.0 -5.6 -1  0.0  0                        
092112020118100938ラインポラリス　　　　　　　　　　　  3.9  1.6 10.7 16.4  8.8 14 17.7  4                        
092112020218101012クリノドラゴン　　　　　　　　　　　 15.1  3.6  2.4 10.4  4.0  9  0.0                           
092112020318105640トーセンポラリス　　　　　　　　　　  9.1  2.6 11.6  7.4  6.5 11 23.5                           
092112020418104165ニホンピロクリフ　　　　　　　　　　 42.0  8.7-11.5-10.1 -7.2 -2  0.0                           
092112020518103300テーオーアングル　　　　　　　　　　  8.9  2.6 10.2 11.6  7.2 12  0.0                           
092112020618102288セイウンジャック　　　　　　　　　　 40.6  8.5 -9.7-10.5 -6.7 -2  0.0                           
092112020718105315グランメテオール　　　　　　　　　　  5.6  1.9  0.3  9.4  2.9  8  0.0                           
092112020818103819ケイアイロベージ　　　　　　　　　　  3.6  1.5 17.2 24.6 13.7 19 11.3                           
092112020918106393サンライズヘリオス　　　　　　　　　  5.2  1.8  7.8 15.5  7.5 13 19.1                           
092112021018105993サムライスピアー　　　　　　　　　　 27.6  6.0  5.8 -1.7  1.6  7  0.0                           
092112021118106481ダンツタイフーン　　　　　　　　　　 29.6  6.3 -3.6 10.0  1.7  7  0.0                           
092112021218101962タガノイグナイト　　　　　　　　　　 24.6  5.4-11.5 -1.0 -4.5  0  0.0                           
092112021318106330エーティーゴーオー　　　　　　　　　 45.3  9.4-10.9-14.9 -8.5 -3  0.0                           
092112030118106039ラウディ　　　　　　　　　　　　　　  4.8  1.7 10.5 14.8  8.3 13 17.7                           
092112030218103312カフジロホ　　　　　　　　　　　　　 11.9  2.9  1.9  5.2  2.3  7  0.0                           
092112030318105242タイセイレガリア　　　　　　　　　　 25.0  5.2 -5.6 -7.2 -4.2  1  0.0  0                        
092112030418102116ケルフィリー　　　　　　　　　　　　 69.1 12.9-10.9-13.8 -8.1 -3  0.0  0                        
092112030518105841キーチャンス　　　　　　　　　　　　 42.8  8.4 -7.8  6.1 -1.0  4  0.0                           
092112030618101929スカリーワグ　　　　　　　　　　　　  2.7  1.3 21.8 20.6 14.2 19 16.2                           
092112030718103371ハギノクレド　　　　　　　　　　　　 41.4  8.2-11.5 -9.7 -7.1 -2  0.0                           
092112030818106524コンセプト　　　　　　　　　　　　　  6.6  2.0 13.4 15.1  9.4 14  0.0                           
092112030918104085ウォーバディ　　　　　　　　　　　　 27.2  5.6 -5.6  5.8 -0.3  5  0.0                           
092112031018103596タマモヒメギミ　　　　　　　　　　　  5.0  1.7 14.7 19.0 11.1 16 13.4                           
092112031118100580レスペディーザ　　　　　　　　　　　 19.5  4.3-10.9-15.7 -8.7 -4  0.0                           
092112031218102714ハイドアンドシーク　　　　　　　　　 15.3  3.5  5.8  7.0  4.2  9 23.5                           
092112031318104163ニホンピロビグラス　　　　　　　　　 49.1  9.6-10.9-14.7 -8.4 -3  0.0                           
092112031418106370タケショウワンダー　　　　　　　　　 53.2 10.3 -9.7 -5.2 -5.1  0  0.0                           
092112031518106522サイモンギザ　　　　　　　　　　　　 42.8  8.4-10.9 -4.6 -5.4  0  0.0                           
092112031618104293リュウノエルヴィス　　　　　　　　　 50.5  9.8 -9.7-10.5 -6.7 -2  0.0                           
092112040118105539トルトゥーガ　　　　　　　　　　　　 32.2  6.5 -8.0-20.0 -8.9 -9  0.0  0                        
092112040218104361ブルーモンターニュ　　　　　　　　　 43.9  8.7-11.5  9.3 -1.4 -1  0.0                           
092112040318102385タガノクリエイター　　　　　　　　　  6.9  2.1 11.5  9.0  6.9  7  0.0                           
092112040418105159クールファイブ　　　　　　　　　　　 12.8  3.0 -6.5 -5.5 -4.0 -4 22.1                           
092112040518104348ジョリーブレス　　　　　　　　　　　  7.4  2.2  4.4 -3.4  0.6  1  0.0  0                        
092112040618104089ダノンエクレール　　　　　　　　　　  4.6  1.7 10.6 40.0 15.9 16 17.7                           
092112040718100080アイファージャガー　　　　　　　　　 29.7  6.1 -5.6 -9.7 -5.0 -5  0.0                           
092112040818103345インビジブルサリー　　　　　　　　　 46.3  9.1 -5.9 -9.1 -4.9 -5  0.0                           
092112040918106468フィッツカラルド　　　　　　　　　　 13.8  3.2 -5.3 -3.2 -2.9 -3 16.5                           
092112041018110144ローズエンペラー　　　　　　　　　　  2.8  1.4 15.8 18.3 11.3 11 16.2                           
092112041118106503ドラマティコ　　　　　　　　　　　　 20.1  4.4 -3.4 -6.6 -3.2 -3  0.0                           
092112041218104307ヴァロワール　　　　　　　　　　　　 16.3  3.7-10.9  5.5 -2.3 -2  0.0                           
092112041318106343ベラジオエガオン　　　　　　　　　　 42.1  8.3-11.5 -7.5 -6.5 -6  0.0                           
092112041418104686ギブンアンソート　　　　　　　　　　 16.6  3.7  7.4 -5.3  1.1  1  0.0  5                        
092112041518102241カカンクオン　　　　　　　　　　　　 56.8 10.7 -5.6 -1.6 -2.5 -3  0.0                           
092112041618103825ニホンピロリアン　　　　　　　　　　 58.4 11.0-11.0-20.0-10.0-10  0.0  0                        
092112050118102490ライブリーキング　　　　　　　　　　 37.4  8.5 -5.6  5.2 -0.5  5  0.0                           
092112050218103088ヴィスコンティ　　　　　　　　　　　 40.8  9.2-10.9 -1.2 -4.4  1 32.4  0                        
092112050318110008フランクエトワール　　　　　　　　　  5.7  2.0 11.6 24.4 11.6 17  0.0  4                        
092112050418101175サイモンメガライズ　　　　　　　　　  5.4  1.9 14.2 13.7  9.3 14 19.1                           
092112050518105250ヘアケイリー　　　　　　　　　　　　  9.1  2.8 -4.6  0.6 -1.5  3  0.0                           
092112050618102227アナゴサン　　　　　　　　　　　　　 62.1 13.3-11.5-16.4 -9.1 -4  0.0  0                        
092112050718102705ショウナンカノア　　　　　　　　　　 23.2  5.5  1.2  5.8  2.2  7  0.0                           
092112050818100071テーオールソー　　　　　　　　　　　 32.9  7.6-10.9-12.8 -7.8 -3  0.0                           
092112050918105258バンベルク　　　　　　　　　　　　　  3.8  1.6  3.1 12.7  4.9 10 11.3                           
092112051018100394サトノラムセス　　　　　　　　　　　  5.3  1.9 20.2 20.9 13.7 19  0.0                           
092112051118104150エルソール　　　　　　　　　　　　　 36.3  8.3-10.9-12.5 -7.7 -3  0.0                           
092112051218104568ボーヴィヴィエンヌ　　　　　　　　　101.6 21.4-10.9 -6.4 -5.9 -1  0.0                           
092112051318100097スマートルシーダ　　　　　　　　　　  8.4  2.7  9.1  9.3  6.1 11  0.0                           
092112051418105424ブラックジャッカル　　　　　　　　　 43.9  9.9-10.9-12.3 -7.7 -3  0.0                           
092112051518101121モズアーマー　　　　　　　　　　　　 52.0 11.6-11.5-10.3 -7.3 -2  0.0                           
092112051618105468アルーリングギフト　　　　　　　　　  9.1  2.8  8.1 29.6 11.9 17 25.0                           
092112060117104125カモントゥミー　　　　　　　　　　　 11.5  2.3 -5.6 -0.4 -2.2 18 20.6  5                        
092112060213102034ウイングエンペラー　　　　　　　　　 35.4  5.7-10.9-20.0-10.0 10  0.0  0                        
092112060315103663フレンドアリス　　　　　　　　　　　 42.9  6.7-14.0-10.5 -8.3 12  0.0                           
092112060416100419コパノカーリング　　　　　　　　　　 21.1  3.7-14.0-10.3 -8.2 12  0.0                           
092112060515101771ニシノダンテ　　　　　　　　　　　　  4.3  1.5 15.4 12.2  9.3 29 12.4                           
092112060616101428サーストンネイジュ　　　　　　　　　 14.3  2.7  9.6  7.0  5.6 26  0.0                           
092112060716101345クリノベロニカ　　　　　　　　　　　 36.4  5.8 -9.7 -7.6 -5.8 14  0.0                           
092112060817102191コウイチ　　　　　　　　　　　　　　  1.9  1.2 21.8 17.9 13.4 33 16.2                           
092112060916104687レッドモアナ　　　　　　　　　　　　 12.7  2.5 -0.2  9.4  2.7 23 22.1                           
092112061017102837フィニアル　　　　　　　　　　　　　 25.8  4.3-10.9-14.7 -8.4 12  0.0                           
092112061117100874ヴァルゴスピカ　　　　　　　　　　　 22.9  3.9  5.8  1.4  2.5 23  0.0                           
092112061217110045フラミンゴフライト　　　　　　　　　  6.9  1.8  9.9 13.6  7.7 28  0.0                           
092112070117104623ハナビマンカイ　　　　　　　　　　　  5.0  1.5 12.1 10.8  7.7 28  0.0                           
092112070217105587ミッキーメテオ　　　　　　　　　　　  1.9  1.2 23.0 24.5 15.8 36 11.3                           
092112070317105642トゥルーヴィル　　　　　　　　　　　  6.2  1.7 13.4 14.0  9.1 29 20.6  5                        
092112070415105026シエラネバダ　　　　　　　　　　　　 17.2  3.2 -0.3-12.7 -3.9 16  0.0                           
092112070516102767プレイリードリーム　　　　　　　　　 16.2  3.0 -2.5  8.8  1.7 22  0.0                           
092112070617105283アドマイヤミモザ　　　　　　　　　　  4.6  1.4 16.4 21.4 12.4 32 17.7                           
092112070716101457シャイニングデイズ　　　　　　　　　 14.4  2.8  8.5 -3.8  2.0 22  0.0                           
092112070817100368ロックグラス　　　　　　　　　　　　 14.2  2.7  4.8 -2.3  1.1 21 22.1                           
092112080117106606アルサトワ　　　　　　　　　　　　　  5.9  1.7  0.5 -7.6 -2.1 28 19.1  0                        
092112080217104963オーマイダーリン　　　　　　　　　　  2.3  1.2 19.2 11.6 10.5 41 16.2                           
092112080316100550ヒルノダカール　　　　　　　　　　　  4.0  1.5 15.5 17.4 10.9 41 12.4  4                        
092112080415102127スズカノロッソ　　　　　　　　　　　 14.6  3.0 -4.2 -6.8 -3.6 26  0.0                           
092112080515100230ウインラナキラ　　　　　　　　　　　 19.3  3.7-10.9  0.4 -3.9 26  0.0                           
092112080617106125メイショウボサツ　　　　　　　　　　  7.9  2.1 13.1 16.5  9.8 40 22.1                           
092112080717105248オールザワールド　　　　　　　　　　  6.1  1.7 11.6 13.3  8.2 38  0.0  5                        
092112080817104989ストリクトコード　　　　　　　　　　  8.8  2.2  7.7  7.2  5.0 35  0.0                           
092112090118110119トップスターサン　　　　　　　　　　  7.2  2.1  8.4 19.7  9.0 29  0.0                           
092112090218102021ヤマニンルリュール　　　　　　　　　  3.0  1.3 15.9 21.4 12.3 32 16.2                           
092112090318101642ウインミニヨン　　　　　　　　　　　 27.5  5.4 -4.1-10.2 -4.6 15  0.0                           
092112090418104730シャドウエリス　　　　　　　　　　　 11.2  2.6  7.7  2.4  3.5 24 25.0                           
092112090518101486ルチェカリーナ　　　　　　　　　　　  9.3  2.5  4.4  7.6  3.9 24  0.0                           
092112090618105382レアシャンパーニュ　　　　　　　　　 16.1  3.5  1.1 -6.7 -1.6 18  0.0                           
092112090718106513シティレインボー　　　　　　　　　　  9.3  2.5 14.6 -1.7  4.8 25  0.0                           
092112090818106815ヴィアルークス　　　　　　　　　　　  3.4  1.4 15.5 15.5 10.3 30 12.4                           
092112090918105050ビップランバン　　　　　　　　　　　  4.8  1.6  3.2 25.6  8.9 29 19.1                           
092112100114105638クレスコブレイブ　　　　　　　　　　 27.2  4.8 -4.3-11.6 -5.1 30  0.0                           
092112100215105573エクスパートラン　　　　　　　　　　 52.1  8.5-10.9 -3.1 -4.9 30  0.0  5                        
092112100315101447クリノフラッシュ　　　　　　　　　　 12.2  2.5 13.4 23.5 12.0 47  0.0                           
092112100417105560アルコレーヌ　　　　　　　　　　　　  5.4  1.6 13.0 14.6  9.1 44 19.1  4                        
092112100517105395ライトウォーリア　　　　　　　　　　  2.8  1.3 17.6 11.9 10.0 45 16.2                           
092112100614103035ジェミニズ　　　　　　　　　　　　　 47.6  7.8-11.5-10.2 -7.3 28  0.0                           
092112100714105073スペクター　　　　　　　　　　　　　 27.1  4.7 -5.6 14.8  2.4 37  0.0                           
092112100815110100ツブラナヒトミ　　　　　　　　　　　 36.3  6.1 -5.6 -4.8 -3.5 32  0.0  0                        
092112100915100748マイネルカイノン　　　　　　　　　　 40.6  6.8-10.9  0.2 -3.9 31  0.0                           
092112101014103994ララメダイユドール　　　　　　　　　 26.9  4.7 -0.3-11.4 -3.5 31  0.0                           
092112101115101377サンライズセナ　　　　　　　　　　　 24.0  4.3 -5.6  6.4 -0.1 35  0.0                           
092112101216106126ソルトイブキ　　　　　　　　　　　　 12.1  2.5  6.5 23.3  9.4 44 14.4                           
092112101315104358フラワーストリーム　　　　　　　　　 81.1 12.5 -9.7 -7.8 -5.9 29  0.0                           
092112101417100887リネンファッション　　　　　　　　　  2.8  1.3 17.2 16.7 11.3 46 17.7                           
092112101516102303パレニア　　　　　　　　　　　　　　 46.2  7.6-11.5  0.2 -4.2 31  0.0                           
092112110115104624ハッピーグリン　　　　　　　　　　　 38.1  6.9-11.5 -9.4 -7.0 48  0.0                           
092112110215104287ステイフーリッシュ　　　　　　　　　  6.7  1.9 15.1 11.8  9.1 64  0.0                           
092112110314110081ベストアプローチ　　　　　　　　　　 42.7  7.7-12.5  6.9 -2.5 52  0.0                           
092112110416104648ラヴズオンリーユー　　　　　　　　　  2.2  1.2 23.0 29.2 17.2 72 16.2                           
092112110516105106ダンスディライト　　　　　　　　　　 12.7  2.8  4.6-15.7 -3.0 52  0.0                           
092112110615105057レイエンダ　　　　　　　　　　　　　 24.9  4.8-10.0-12.7 -7.5 48  0.0                           
092112110715105022ワグネリアン　　　　　　　　　　　　  5.2  1.7 11.6 13.1  8.2 63 17.7                           
092112110816100915モズベッロ　　　　　　　　　　　　　  7.1  2.0  6.5 16.6  7.4 62 20.6                           
092112110914106010ダンビュライト　　　　　　　　　　　  8.2  2.2 15.8  5.6  7.5 62  0.0                           
092112111015104665ジナンボー　　　　　　　　　　　　　 12.7  2.8 10.4  9.9  6.8 62  0.0                           
092112111116104659サトノルークス　　　　　　　　　　　 19.4  3.9 -1.3 -2.5 -1.2 54  0.0                           
092112120115102123スズカアーチスト　　　　　　　　　　 40.3  6.9  5.8  0.1  2.2 32  0.0                           
092112120214102543アポロマーキュリー　　　　　　　　　 37.8  6.6 -9.7-10.5 -6.7 23  0.0                           
092112120317103319テンテキセンセキ　　　　　　　　　　  2.6  1.3 15.9 24.7 13.2 43 16.2  1  157   62              
092112120417102257メイショウマサヒメ　　　　　　　　　  3.2  1.4 15.6 10.0  8.7 39 17.7                           
092112120515100018ドラセナ　　　　　　　　　　　　　　 22.9  4.2 -1.2 11.8  3.1 33  0.0  5                        
092112120617104112リュウノゾロ　　　　　　　　　　　　 27.5  4.9 -9.7  0.7 -3.3 27  0.0                           
092112120715100371テイエムギフテッド　　　　　　　　　 36.1  6.3-10.9-14.1 -8.2 22  0.0                           
092112120816103046ルモンド　　　　　　　　　　　　　　  6.0  1.7 12.1 11.4  7.9 38 19.1                           
092112120916105676シゲルルビー　　　　　　　　　　　　 39.3  6.8 -9.7-10.5 -6.7 23  0.0                           
092112121017103299メタルスパーク　　　　　　　　　　　 16.5  3.3  5.8  5.8  3.9 34  0.0                           
092112121115100894ダンケシェーン　　　　　　　　　　　  6.3  1.8 14.7 20.8 11.6 42 14.4                           
092112121216100762マイネルナイペス　　　　　　　　　　 36.0  6.3 -9.7-10.5 -6.7 23  0.0                           
092112121317106717テイエムレビュー　　　　　　　　　　 41.7  7.2-11.5 -9.5 -7.1 23  0.0                           
092112121415102499メラナイト　　　　　　　　　　　　　 23.0  4.3  1.2  5.7  2.2 32  0.0                           
102122010118105319マテンロウルビー　　　　　　　　　　 11.8  2.7-10.5  5.4 -2.2  3  0.0                           
102122010218104987グレイシャーパーク　　　　　　　　　 14.2  3.1-12.0-15.0 -8.9 -4  0.0                           
102122010318100030シゲルジョウム　　　　　　　　　　　 38.1  7.0-12.0-20.0-10.4 -5  0.0  0                        
102122010418105075プリンニシテヤルノ　　　　　　　　　 16.7  3.5  6.0  6.3  4.1  9  0.0  5                        
102122010518104631エンタイトルド　　　　　　　　　　　  6.3  2.0 11.3  9.0  6.8 12 15.0                           
102122010618102229イマジンヨウコ　　　　　　　　　　　 19.7  4.0  7.2  9.0  5.3 10  0.0                           
102122010718101990カンジンカナメ　　　　　　　　　　　 15.8  3.3 15.0 12.5  9.3 14  0.0                           
102122010818103495グラスピレ　　　　　　　　　　　　　 42.3  7.7-10.0-12.5 -7.4 -2  0.0                           
102122010918106345スズカマクフィ　　　　　　　　　　　 13.4  2.9-12.0 -9.0 -7.1 -2 17.5                           
102122011018103561ラグランジア　　　　　　　　　　　　 52.3  9.4 10.0-12.5 -0.1  5  0.0                           
102122011118104966ギブミーラブ　　　　　　　　　　　　 14.4  3.1-10.5  6.2 -2.0  3  0.0                           
102122011218103745スマートパルフェ　　　　　　　　　　 32.1  6.0-12.0-15.0 -8.9 -4  0.0                           
102122011318106439サトミノヒカリ　　　　　　　　　　　 14.6  3.1  6.0-12.5 -1.5  3 14.9                           
102122011418106240キチロクレディス　　　　　　　　　　 47.2  8.6-10.0-12.5 -7.4 -2  0.0                           
102122011518102071キオネヴェリテ　　　　　　　　　　　 53.1  9.5-12.0-15.9 -9.2 -4  0.0                           
102122011618104986スクウェアセイル　　　　　　　　　　  2.1  1.3 24.0 30.0 17.8 23 13.8                           
102122020118106415イッツアメモリー　　　　　　　　　　 35.3  7.8-10.0-12.5 -7.4 -2  0.0                           
102122020218101951タガノスペルノヴァ　　　　　　　　　 18.4  4.5-12.0  7.9 -2.0  3  0.0                           
102122020318101679カシノフォワード　　　　　　　　　　 51.8 11.2  6.0-12.5 -1.5  3  0.0                           
102122020418104343タッシーベリンダ　　　　　　　　　　 13.6  3.5 18.0-15.0  2.1  7  0.0                           
102122020518106200メイショウヒゾッコ　　　　　　　　　 18.6  4.5-12.0-15.0 -8.9 -4  0.0                           
102122020618101864ジンジャーミント　　　　　　　　　　 94.3 19.3-12.0-15.0 -8.9 -4  0.0                           
102122020718101108リッターヴォルト　　　　　　　　　　 22.1  5.1-10.0 15.0  0.8  6 18.4                           
102122020818105770クイントン　　　　　　　　　　　　　 41.7  9.1-10.0-15.0 -8.2 -3  0.0                           
102122020918102864ジョージバローズ　　　　　　　　　　 11.1  3.0-12.0 15.0  0.1  5  0.0                           
102122021018106909ゲツメンチャクリク　　　　　　　　　 65.0 13.5-10.0-12.5 -7.4 -2  0.0                           
102122021118106356スカイカンナ　　　　　　　　　　　　 16.1  4.0 12.0  0.2  4.5  9  0.0                           
102122021218104330ランスオブミューズ　　　　　　　　　  7.4  2.4 13.0  9.0  7.5 12 16.3                           
102122021318104780ミエノベルル　　　　　　　　　　　　  3.6  1.6 18.3 30.0 15.7 21 13.8                           
102122021418102074ゴルトメーネ　　　　　　　　　　　　 18.8  4.5-10.0-12.5 -7.4 -2  0.0                           
102122021518104333スカーレットジンク　　　　　　　　　  4.9  1.9 24.0  9.0 11.5 17 15.0                           
102122021618100354ノボインパクト　　　　　　　　　　　 25.4  5.8-10.0-12.5 -7.4 -2  0.0                           
102122021718101447マイネルニゲラ　　　　　　　　　　　 29.1  6.6-10.0-12.5 -7.4 -2  0.0                           
102122021818102791クレマチステソーロ　　　　　　　　　  9.0  2.7 15.0  7.5  7.8 13  0.0                           
102122030118101364ビービーダルク　　　　　　　　　　　  4.6  1.7 10.8 18.0  9.4 14 16.3                           
102122030218101593スナークショウエン　　　　　　　　　  5.6  1.9  7.2 26.4 10.6 16 17.5                           
102122030318106296セイブロッケン　　　　　　　　　　　  6.7  2.2 12.0 -9.0  1.7  7  0.0                           
102122030418103551ユスティニアン　　　　　　　　　　　  3.8  1.6 20.0 30.0 16.3 21 13.8                           
102122030518105741トーアテンニョ　　　　　　　　　　　 28.3  6.3-10.0-12.5 -7.4 -2  0.0                           
102122030618104098パワーインユニティ　　　　　　　　　 56.0 11.6-12.0-15.0 -8.9 -4  0.0                           
102122030718101589シビックモエ　　　　　　　　　　　　 27.7  6.2-10.5-15.0 -8.4 -3  0.0                           
102122030818100903ラスティネイル　　　　　　　　　　　 26.3  5.9  6.0-12.5 -1.5  3  0.0                           
102122030918102454ラグラスドシエル　　　　　　　　　　 30.1  6.7-12.0 13.3 -0.4  5  0.0  3                        
102122031018106181メイショウホガラカ　　　　　　　　　 18.4  4.4-12.0-15.0 -8.9 -4  0.0                           
102122031118106007スプリングローズ　　　　　　　　　　 19.0  4.5  7.2  9.0  5.3 10  0.0                           
102122031218102911クリムゾンハート　　　　　　　　　　  4.2  1.6 18.0 22.1 13.2 18 10.5  1  147   50              
102122031318104180イデアエスクロー　　　　　　　　　　 18.3  4.4-10.0  0.9 -3.4  2  0.0                           
102122040117105494アドマイヤミランダ　　　　　　　　　  3.1  1.4 15.0 13.0  9.4  9 13.8                           
102122040215103578スズカワークシップ　　　　　　　　　 25.8  5.4-10.5 -9.0 -6.6 -7  0.0                           
102122040317101685キーパンチ　　　　　　　　　　　　　  6.9  2.1 10.5 15.0  8.4  8 12.3                           
102122040412103491ダイワスキャンプ　　　　　　　　　　  8.8  2.5  6.0 12.5  5.9  6  0.0                           
102122040516104289ショウナンタイガ　　　　　　　　　　 28.9  6.0-10.5-12.3 -7.5 -8  0.0                           
102122040616102056レオビヨンド　　　　　　　　　　　　 16.0  3.6 24.0-15.0  4.3  4  0.0                           
102122040716102034メイショウウチデ　　　　　　　　　　  4.3  1.6 18.0 30.0 15.6 16 16.3                           
102122040815101170ダイシンカローリ　　　　　　　　　　 17.7  4.0-10.5-15.0 -8.4 -8  0.0                           
102122040917103189クリノテルチャン　　　　　　　　　　 22.4  4.8  6.0  7.5  4.4  4  0.0                           
102122041016103545モリトシュン　　　　　　　　　　　　 30.1  6.2-10.0-12.5 -7.4 -7  0.0                           
102122041115101987ミスズフリオーソ　　　　　　　　　　 34.5  7.0-12.0-15.0 -8.9 -9  0.0                           
102122041216101315ブルベアカーキ　　　　　　　　　　　  4.0  1.5 12.0 15.0  8.9  9 15.0                           
102122050118103115メイショウユウスイ　　　　　　　　　  3.7  1.4 24.0 30.0 17.8 23 15.0                           
102122050218105133キネシクス　　　　　　　　　　　　　  4.1  1.5 14.4 18.0 10.7 16 16.3                           
102122050318102016ヤマニンジャベリン　　　　　　　　　 14.4  3.3  7.2  6.6  4.6 10  0.0  5                        
102122050418102900フィリウスデイ　　　　　　　　　　　 11.7  2.8-12.0-15.0 -8.9 -4  0.0                           
102122050518102830ボーランズテソーロ　　　　　　　　　 26.6  5.4-10.0  0.2 -3.6  1  0.0                           
102122050618106436フレンドロマン　　　　　　　　　　　 42.4  8.2-10.5-12.5 -7.6 -3  0.0                           
102122050718104688モンテディオ　　　　　　　　　　　　  3.1  1.4 18.0  2.3  7.3 12 13.8                           
102122050818103179ハクサンキュート　　　　　　　　　　 46.7  8.9-10.0-12.5 -7.4 -2  0.0                           
102122050918104479ハービンクレア　　　　　　　　　　　 26.8  5.4-10.0-12.5 -7.4 -2  0.0                           
102122051018103543レヴォリオ　　　　　　　　　　　　　 26.5  5.4-10.0-12.5 -7.4 -2  0.0                           
102122051118105386カフジヴィオレッタ　　　　　　　　　 21.8  4.5-12.0  9.6 -1.5  3  0.0                           
102122051218103402アレレブルー　　　　　　　　　　　　  9.3  2.5 12.0  9.0  7.1 12 12.3                           
102122051318104655デルマアミダ　　　　　　　　　　　　 22.4  4.6 10.0  7.5  5.9 11  0.0                           
102122060117101794ロマネスク　　　　　　　　　　　　　 19.0  4.8-12.0-13.4 -8.4 12  0.0                           
102122060217100357レリスタット　　　　　　　　　　　　 14.3  3.8  6.0  7.5  4.4 24  0.0                           
102122060316100824ヴィクトリアポデル　　　　　　　　　 89.9 19.5-10.0-12.5 -7.4 13  0.0                           
102122060417104484エーティーメジャー　　　　　　　　　  7.5  2.5-12.0 30.0  4.6 25 13.1                           
102122060516102162エピックガール　　　　　　　　　　　  6.5  2.2  6.0 12.5  5.9 26  0.0                           
102122060617100969ショウナンバービー　　　　　　　　　 22.2  5.4-10.0-12.5 -7.4 13  0.0                           
102122060717103885アサケエース　　　　　　　　　　　　  5.8  2.1-12.0 15.0  0.1 20 16.3                           
102122060817105516メメントモリ　　　　　　　　　　　　  4.2  1.8-12.0 22.5  2.3 22  0.0                           
102122060917103023スウィートメリナ　　　　　　　　　　 21.6  5.3-10.0  7.5 -1.4 19  0.0                           
102122061017100169ソルトキャピタル　　　　　　　　　　 28.1  6.7-12.0-15.0 -8.9 11  0.0                           
102122061116101089ブルベアオーロ　　　　　　　　　　　  5.3  2.0-12.0 26.4  3.5 24 15.0                           
102122061217105632レッドヴェイパー　　　　　　　　　　 65.5 14.4-10.0-10.4 -6.8 13  0.0                           
102122061317103260ホウオウグラス　　　　　　　　　　　 40.1  9.3-10.5-12.5 -7.6 12  0.0                           
102122061414103213ノーブルプルート　　　　　　　　　　 23.8  5.8-10.5-12.5 -7.6 12  0.0                           
102122061517101355クリノサンシャイン　　　　　　　　　 21.5  5.3-10.0-15.0 -8.2 12 22.5                           
102122061615104158スーパーノーマル　　　　　　　　　　 28.8  6.9-10.0  7.5 -1.4 19  0.0                           
102122061715106063リーゼントアイリス　　　　　　　　　 26.9  6.5-10.0-12.5 -7.4 13  0.0                           
102122070116106181ユキノヴェルデ　　　　　　　　　　　 40.0  7.0-10.0-20.0 -9.7 10  0.0                           
102122070217106162シャーベットフィズ　　　　　　　　　 26.3  4.8-12.0-15.0 -8.9 11  0.0                           
102122070314105971ユノディエール　　　　　　　　　　　 25.6  4.7-12.0-10.2 -7.5 13  0.0                           
102122070417103048ニンギルス　　　　　　　　　　　　　 12.0  2.6 12.0  9.0  7.1 27  0.0                           
102122070517103272アンブローニュ　　　　　　　　　　　  9.2  2.3  6.0 25.0  9.7 30 12.3                           
102122070614100729コスモクウェンチ　　　　　　　　　　 11.9  2.6  2.0  7.5  3.0 23  0.0                           
102122070717103184トゥルブレンシア　　　　　　　　　　  6.4  1.8 24.0  9.0 11.5 32  0.0                           
102122070817101534オーヴァーネクサス　　　　　　　　　  1.9  1.2 14.4 30.0 14.3 34 13.8                           
102122070916101579マコトネネキリマル　　　　　　　　　 21.8  4.1-10.0  7.5 -1.4 19  0.0                           
102122071016102528マテラサンオウ　　　　　　　　　　　 11.5  2.5-12.0  9.0 -1.7 18  0.0                           
102122071114104419デフィ　　　　　　　　　　　　　　　  6.2  1.8 11.6 15.0  8.8 29 15.0                           
102122080117102457カインドリー　　　　　　　　　　　　  8.4  2.6 10.0 18.8  9.3 29  0.0                           
102122080216104556ジェットモーション　　　　　　　　　 18.5  4.5-10.5-10.3 -6.9 13  0.0                           
102122080315103983メイショウカクウン　　　　　　　　　 19.6  4.7-10.5-15.0 -8.4 12  0.0                           
102122080417101796リノ　　　　　　　　　　　　　　　　 29.3  6.6-10.5-15.0 -8.4 12  0.0                           
102122080517105616タイミングハート　　　　　　　　　　  4.7  1.8 13.3 22.5 11.6 32 10.5                           
102122080616105171ピノクル　　　　　　　　　　　　　　  3.7  1.6  7.2 16.8  7.7 28 13.8                           
102122080716102113ケルンキングダム　　　　　　　　　　  4.8  1.8 14.4  1.5  5.7 26 16.3                           
102122080815103021ワタシヲマッテル　　　　　　　　　　 40.6  8.9-10.0-12.5 -7.4 13  0.0                           
102122080915101982オールステリーナ　　　　　　　　　　 46.9 10.2-10.0-12.5 -7.4 13  0.0                           
102122081017104151ディープハーモニー　　　　　　　　　 24.8  5.7-10.5-16.8 -8.9 11  0.0  0                        
102122081117105368ユークレース　　　　　　　　　　　　  7.6  2.4  6.0 15.0  6.7 27 17.5                           
102122081217104948ダイワミラクル　　　　　　　　　　　  9.2  2.8  6.0  7.5  4.4 24  0.0                           
102122081317105655サングレデクリスト　　　　　　　　　 10.6  2.9  6.3-15.0 -2.2 18  0.0                           
102122090117100032ショウナンダイキチ　　　　　　　　　 32.3  6.7-12.0-15.0 -8.9 11  0.0                           
102122090216103505オールミラージュ　　　　　　　　　　 22.4  4.8-10.0-12.5 -7.4 13  0.0                           
102122090317105753アスターコルネット　　　　　　　　　 25.5  5.4-12.0-15.0 -8.9 11  0.0                           
102122090417100426グレアミラージュ　　　　　　　　　　 20.3  4.5-12.0  5.6 -2.7 17  0.0                           
102122090517105397ワセダウォリアー　　　　　　　　　　 50.3 10.1-10.0-12.5 -7.4 13  0.0                           
102122090617104082エスポワールミノル　　　　　　　　　  9.5  2.7 12.6 10.8  7.9 28 17.5                           
102122090714104240フラッグアドミラル　　　　　　　　　  4.3  1.6 15.0 18.8 11.1 31 15.0                           
102122090817110135トレーンベアラー　　　　　　　　　　  3.1  1.4  7.2 30.0 11.6 32  9.6                           
102122090916104716グリッサード　　　　　　　　　　　　  9.5  2.7-12.0 15.0  0.1 20  0.0                           
102122091017102270モズピンポン　　　　　　　　　　　　 13.7  3.3 12.0  8.2  6.9 27  0.0  5                        
102122091117101904コスモケルビン　　　　　　　　　　　 69.5 13.3-10.5-12.5 -7.6 12  0.0                           
102122091217106365スズカパンサー　　　　　　　　　　　  4.9  1.7 11.5 18.0  9.6 30 16.3                           
102122091316110154エヴァキュアン　　　　　　　　　　　 17.9  4.1-12.0  9.5 -1.5 18  0.0                           
102122091416105014テンナイトパール　　　　　　　　　　 32.1  6.7-10.0-12.5 -7.4 13  0.0                           
102122091517101945マイネルエンカント　　　　　　　　　 37.4  7.7 -2.5  7.5  1.3 21  0.0                           
102122100118104716テーオーラファエロ　　　　　　　　　 10.6  2.9  4.5  5.8  3.4 23  0.0                           
102122100218105105ウィンドリッパー　　　　　　　　　　  5.6  2.0 18.0 30.0 15.6 36 12.3                           
102122100318101796リキサントライ　　　　　　　　　　　 24.5  5.7-12.0-12.3 -8.1 12  0.0                           
102122100418104800ギャラントウォリア　　　　　　　　　 13.4  3.5-12.0-15.0 -8.9 11  0.0                           
102122100518104146ロックオンエイム　　　　　　　　　　 22.3  5.3-10.0  7.5 -1.4 19  0.0                           
102122100618103928グラティトゥー　　　　　　　　　　　  4.3  1.7 14.4  9.0  8.0 28 13.8                           
102122100718104162ニホンピロマリブ　　　　　　　　　　  5.0  1.8-12.0 -9.0 -7.1 13 16.3                           
102122100818100382ソウルラッシュ　　　　　　　　　　　  4.3  1.7 13.0 18.0 10.2 30 15.0                           
102122100918100026ワールドリバイバル　　　　　　　　　 25.8  6.0-12.0-15.0 -8.9 11  0.0                           
102122101018105490コートダルジャン　　　　　　　　　　  8.5  2.6 12.0 15.0  8.9 29  0.0                           
102122101118105477タイフォン　　　　　　　　　　　　　 14.4  3.7  7.2 -9.6 -0.2 20  0.0                           
102122101218102186キュンストラー　　　　　　　　　　　 29.9  6.9-10.0-12.5 -7.4 13  0.0                           
102122110115101571コンパウンダー　　　　　　　　　　　  9.3  2.7-12.0  9.0 -1.7 43 17.5                           
102122110217101765レジェーロ　　　　　　　　　　　　　 26.8  5.8 14.4-15.0  0.8 46  0.0                           
102122110314102878クライムメジャー　　　　　　　　　　 71.8 14.2-12.0-15.0 -8.9 36  0.0                           
102122110416104787グルーヴィット　　　　　　　　　　　  4.7  1.8  7.2 20.4  8.8 54  0.0                           
102122110515106187メジェールスー　　　　　　　　　　　 45.2  9.4-10.5-16.8 -8.9 36  0.0                           
102122110616101340アスタールビー　　　　　　　　　　　 26.7  5.8  0.5 15.0  4.7 50  0.0                           
102122110715104165アンヴァル　　　　　　　　　　　　　  3.2  1.5 24.0 12.3 12.5 57 13.8                           
102122110814103017ヒロイックアゲン　　　　　　　　　　 11.5  2.9 15.0 12.5  9.3 54 13.1                           
102122110916101465スギノヴォルケーノ　　　　　　　　　  6.8  2.2-12.0  9.0 -1.7 43 16.3                           
102122111017103814エレナアヴァンティ　　　　　　　　　 35.5  7.5-10.0-12.5 -7.4 38  0.0                           
102122111114102972メイショウカリン　　　　　　　　　　 49.3 10.2-12.0 -9.3 -7.2 38  0.0                           
102122111217101941マイネルグリット　　　　　　　　　　 42.4  8.9-12.0-15.3 -9.0 36  0.0  0                        
102122111315104537ボーンスキルフル　　　　　　　　　　 33.2  7.1-12.0 -9.0 -7.1 38  0.0                           
102122111414103751ラヴィングアンサー　　　　　　　　　 12.5  3.1-12.0  9.0 -1.7 43  0.0                           
102122111515103340メイショウキョウジ　　　　　　　　　 14.3  3.5  7.2  6.2  4.5 49  0.0                           
102122111617103385ヤマカツマーメイド　　　　　　　　　 33.8  7.2-10.5 -1.4 -4.3 41  0.0                           
102122111715101397イエローマリンバ　　　　　　　　　　 18.2  4.2-10.0 -7.3 -5.9 39  0.0                           
102122111816110148サンノゼテソーロ　　　　　　　　　　 44.5  9.3-10.0-12.5 -7.4 38  0.0                           
102122120113103160ハギノカエラ　　　　　　　　　　　　 13.8  3.0-12.0-15.0 -8.9 21  0.0                           
102122120217100251マリノソフィア　　　　　　　　　　　 24.5  4.7-10.0-13.8 -7.8 22  0.0                           
102122120316101958レッドルーヴル　　　　　　　　　　　 12.6  2.8  7.2 18.6  8.2 38  0.0                           
102122120417102294イズジョーノキセキ　　　　　　　　　  2.6  1.3 21.0 30.0 16.7 47 13.8                           
102122120516104641シーオブザムーン　　　　　　　　　　 16.6  3.4 -2.5  7.5  1.3 31  0.0                           
102122120617105202ドナキアーロ　　　　　　　　　　　　 22.9  4.4 12.0 18.0  9.8 40  0.0                           
102122120716104348ウルクラフト　　　　　　　　　　　　 30.5  5.7-10.5-15.0 -8.4 22  0.0                           
102122120817101449エヴァーガーデン　　　　　　　　　　  8.7  2.3 10.5 15.0  8.4 38 17.5                           
102122120916100634ベストクィーン　　　　　　　　　　　 27.7  5.2-12.0 10.4 -1.3 29  0.0                           
102122121015100225ウインルチル　　　　　　　　　　　　 42.1  7.6-12.0-15.0 -8.9 21  0.0                           
102122121116104698ゲンティアナ　　　　　　　　　　　　  6.2  1.8  7.2 17.2  7.8 38 11.4                           
102122121217105582ルビーカサブランカ　　　　　　　　　  3.7  1.5 24.0 14.6 13.2 43 15.0                           
102122121317104103キングスタイル　　　　　　　　　　　 34.1  6.3-12.0-13.6 -8.5 22  0.0  0                        
