062258010120100391リキサンクー　　　　　　　　　　　　 18.1  3.7  0.3  9.3  3.5  9  0.0                           
062258010220106946マジックタッチ　　　　　　　　　　　  3.8  1.5 18.1 16.0 11.3 16 17.3                           
062258010320103079デイズオブドリーム　　　　　　　　　  2.6  1.3 16.4 26.6 14.7 20 15.9                           
062258010420105949ケンキョ　　　　　　　　　　　　　　 35.8  6.6 -2.3 22.3  7.5 12 15.1                           
062258010520101842ボーダーパトロール　　　　　　　　　 16.1  3.4 -3.5  8.3  2.0  7 12.3                           
062258010620105930フブキ　　　　　　　　　　　　　　　 13.2  2.9  6.8 12.8  6.7 12  0.0                           
062258010720102192キョウエイノーブル　　　　　　　　　 45.5  8.2 -8.5 -5.2 -4.5  1  0.0                           
062258010820104824シンデレラスマイル　　　　　　　　　 11.1  2.5  7.6  9.8  5.9 11  0.0                           
062258010920104911キュベリン　　　　　　　　　　　　　 17.1  3.5  5.8 -2.0  1.0  6  0.0                           
062258011020101896サルトルーヴィル　　　　　　　　　　  9.0  2.4  8.1  8.5  5.5 11  0.0                           
062258011120106620ラージフィールド　　　　　　　　　　 38.1  6.9-11.6-13.6 -8.5 -3  0.0  0                        
062258011220101201ヴァルカン　　　　　　　　　　　　　 23.6  4.5 -3.4 -2.0 -1.8  3  0.0                           
062258011320105687ベルウッドアラシ　　　　　　　　　　 47.3  8.4-12.1-10.5 -7.5 -2  0.0                           
062258011420103898イグニション　　　　　　　　　　　　 15.3  3.2  4.7 10.9  5.4 10  0.0                           
062258011520106786スマイルフレンド　　　　　　　　　　116.4 19.3-12.1 -8.9 -6.9 -2  0.0                           
062258011620107135ハッポウヤブレ　　　　　　　　　　　 66.9 11.4-12.1-10.6 -7.5 -3  0.0                           
062258020120101387キングダラス　　　　　　　　　　　　 16.1  4.1  1.9 -1.1  0.2  5 13.0                           
062258020220106743ミユキアモーレミオ　　　　　　　　　159.7 33.5-12.1 -9.0 -6.9 -2  0.0                           
062258020320103841シュネーガッツ　　　　　　　　　　　 39.5  9.0-10.3 -6.3 -5.4  0  0.0                           
062258020420104343タイセイラプソディ　　　　　　　　　 24.5  5.8  0.9-10.1 -3.4  2  0.0                           
062258020520103003ピンポイントドロー　　　　　　　　　 63.7 13.8 -9.3-10.2 -6.5 -2  0.0                           
062258020620106146セイウンミライズ　　　　　　　　　　  7.4  2.4  8.1 13.7  7.5 12  0.0                           
062258020720103278パンタソス　　　　　　　　　　　　　 84.7 18.1-10.3-10.9 -7.1 -2  0.0                           
062258020820107118リアルマーヴェル　　　　　　　　　　  8.2  2.6 -1.5-10.6 -4.3  1  0.0                           
062258020920103293フェザーモチーフ　　　　　　　　　　  6.6  2.2  4.2 14.3  6.5 12  0.0                           
062258021020106554ヴェールトゥマラン　　　　　　　　　  4.7  1.9 12.7 16.3  9.8 15 17.3                           
062258021120104861タマモロック　　　　　　　　　　　　  6.3  2.2 16.2 15.8 10.7 16 18.8                           
062258021220104518オボッチャマ　　　　　　　　　　　　 22.2  5.3  6.4  8.1  4.9 10  0.0                           
062258021320106867エピックヒーロー　　　　　　　　　　 32.8  7.6 -5.3 -2.0 -2.3  3  0.0                           
062258021420100841スタンプブック　　　　　　　　　　　 12.4  3.3 -6.5 -2.0 -2.7  2  0.0                           
062258021520105742マイネルナラティヴ　　　　　　　　　 34.4  7.9-12.1-12.7 -8.3 -3  0.0                           
062258021620105456トロピカルタウン　　　　　　　　　　  4.2  1.8 14.8 17.5 10.9 16  8.0                           
062258030120101171ビスケット　　　　　　　　　　　　　114.7 23.9-12.6-12.4 -8.3 -3  0.0                           
062258030220105018スズハローム　　　　　　　　　　　　  6.3  2.1  5.3  9.3  5.0 10  0.0  5                        
062258030320101261コスモスプモーニ　　　　　　　　　　177.0 36.5-12.1 -3.2 -4.8  0  0.0                           
062258030420105570マンスール　　　　　　　　　　　　　  5.3  1.9 12.8  6.1  6.1 11  0.0                           
062258030520106986エンライトメント　　　　　　　　　　  6.1  2.1 10.5 14.7  8.5 14 10.1  5                        
062258030620100018グングニル　　　　　　　　　　　　　 57.3 12.2-12.1-16.0 -9.5 -4  0.0  0                        
062258030720102190トロピカルライト　　　　　　　　　　 12.3  3.3  5.0  6.1  3.7  9 11.6                           
062258030820105498キタノチェロキー　　　　　　　　　　 32.4  7.4-12.1-10.9 -7.6 -3  0.0                           
062258030920104732ハルオーブ　　　　　　　　　　　　　 20.4  5.0 -5.6  4.3 -0.1  5  0.0                           
062258031020104597ショウナンアビアス　　　　　　　　　  3.7  1.6 14.9 19.4 11.6 17 15.9                           
062258031120102685プロトカルチャー　　　　　　　　　　 38.9  8.7-12.1 -5.0 -5.5  0  0.0  0                        
062258031220100254ニシノレヴナント　　　　　　　　　　 15.6  4.0  9.2  7.5  5.5 11 13.0                           
062258031320106673ヒラボクムーン　　　　　　　　　　　 57.3 12.2-11.6-14.3 -8.7 -4  0.0                           
062258031420100406トクシーカイザー　　　　　　　　　　  5.8  2.0 15.7 22.3 12.9 18  9.4                           
062258031520102468トーセンサウダージ　　　　　　　　　 12.4  3.3  2.8 14.8  6.3 11  0.0                           
062258031620100371レジーナヌーボ　　　　　　　　　　　 56.6 12.1-11.6 -6.7 -5.9 -1  0.0                           
062258040120100209コトブキヘスペラス　　　　　　　　　 47.0  9.3-10.3-10.9 -7.1 -2  0.0                           
062258040220105835ゴールドバランサー　　　　　　　　　 21.9  4.7  6.9  9.0  5.4 10  0.0                           
062258040320100274セイルアウェイ　　　　　　　　　　　 53.0 10.4-12.1 -3.2 -4.8  0  0.0                           
062258040420103059ロイヤルワラント　　　　　　　　　　 44.3  8.8-12.1-10.5 -7.5 -2  0.0                           
062258040520105473ニシノオールマイト　　　　　　　　　149.8 27.4-12.1-10.0 -7.3 -2  0.0                           
062258040620106234グランドカリナン　　　　　　　　　　  8.5  2.4  9.7 15.0  8.4 13 10.1  4                        
062258040720101258コスモオピニオン　　　　　　　　　　 26.8  5.6  1.9  7.7  3.4  8 14.5                           
062258040820101684シンボリタイプ　　　　　　　　　　　 59.1 11.2-12.1 -6.3 -5.9 -1  0.0                           
062258040920103679ダニーデン　　　　　　　　　　　　　  3.8  1.5 14.7 15.0  9.9 15 17.3                           
062258041020101337コスモアバンサ　　　　　　　　　　　 18.4  4.1 -6.1  9.6  1.7  7  0.0                           
062258041120100233セイウンパシュート　　　　　　　　　  3.3  1.4 16.7 15.0 10.5 16 15.9                           
062258041220106382ディアマンテブルー　　　　　　　　　 22.9  4.9 -0.2-11.0 -4.1  1  0.0                           
062258041320101824エブアンドフロウ　　　　　　　　　　 80.6 15.1-12.6-10.0 -7.4 -2  0.0                           
062258041420104519シーズオブホープ　　　　　　　　　　 19.3  4.3  1.2 -6.7 -2.1  3  0.0                           
062258041520106356ミキチャン　　　　　　　　　　　　　 71.4 13.4-10.3  6.1 -0.9  4  0.0                           
062258041620105784ウィッチハット　　　　　　　　　　　 41.2  8.2-11.6-10.0 -7.1 -2  0.0                           
062258041720102665ショウミーザマネー　　　　　　　　　  8.7  2.5  3.2  6.0  3.2  8  0.0                           
062258041820100761マンマリアーレ　　　　　　　　　　　  5.4  1.8 10.1 12.3  7.5 13  0.0                           
062258050120100927シェルオパール　　　　　　　　　　　 15.7  3.8 -1.1-10.0 -4.0 -4  0.0                           
062258050220100746ショーエース　　　　　　　　　　　　 19.3  4.5 -8.7 13.9  2.5  2 26.0                           
062258050320106671プリュネルウィンク　　　　　　　　　  4.5  1.7 15.0  7.9  7.4  7  0.0                           
062258050420100893ヨドノストーリー　　　　　　　　　　  3.4  1.5 19.6 25.7 15.3 15  7.9  2                        
062258050520104027オーキデパフュメ　　　　　　　　　　 55.9 11.3-12.1-12.7 -8.3 -8  0.0                           
062258050620105700キタノファルコン　　　　　　　　　　 68.6 13.8-12.1-15.5 -9.3 -9  0.0  0                        
062258050720107096マジックアワー　　　　　　　　　　　  5.4  1.9 13.8  7.1  6.7  7  0.0                           
062258050820103959エターナルスノー　　　　　　　　　　 24.5  5.5 -5.2  7.1  1.0  1  0.0                           
062258050920106488トウカイラメール　　　　　　　　　　  8.9  2.6  6.6  3.8  3.4  3 10.9                           
062258051020106710ナイト　　　　　　　　　　　　　　　 38.2  8.1-11.6 -6.4 -5.8 -6  0.0                           
062258051120101338リネンスピリット　　　　　　　　　　 28.4  6.2 -8.5-10.9 -6.5 -7  0.0                           
062258051220101249ミラクルレインボー　　　　　　　　　 29.3  6.4 -7.8 -8.7 -5.5 -6  0.0                           
062258051320104744ノーブルアクト　　　　　　　　　　　 29.0  6.4 -3.4 -7.5 -3.8 -4 15.9                           
062258051420106958ビアンカ　　　　　　　　　　　　　　 13.6  3.4  4.0  8.0  4.1  4  0.0                           
062258051520105235モノノフイエロー　　　　　　　　　　 29.0  6.4 -0.8  1.0  0.1  0  0.0                           
062258051620100626サツキフラッシュ　　　　　　　　　　  8.8  2.6  7.2 15.5  7.8  8 10.1  5                        
062258060120100990アスピシャスデイ　　　　　　　　　　 36.3  6.2 -3.1 -8.4 -4.0 -4  0.0                           
062258060220110049デイタム　　　　　　　　　　　　　　 14.2  2.9  8.8  6.2  4.9  5  0.0                           
062258060320106825ミットシュラー　　　　　　　　　　　112.1 17.4-11.6-10.0 -7.1 -7  0.0                           
062258060420103307コスタノヴァ　　　　　　　　　　　　 11.2  2.4  2.6  3.7  2.1  2 10.1  5                        
062258060520100379クレーンロケット　　　　　　　　　　 41.8  7.1-12.1  6.1 -1.4 -1  0.0                           
062258060620105210ウインエレナ　　　　　　　　　　　　 13.6  2.8 12.5  3.9  5.2  5  0.0                           
062258060720103296ペモンディアル　　　　　　　　　　　  3.7  1.4 17.1 16.4 11.1 11 17.3                           
062258060820103517レッドシュヴェルト　　　　　　　　　  6.7  1.8 13.6 11.6  8.3  8  9.4                           
062258060920107170マインインパクト　　　　　　　　　　 75.7 11.9 -6.5 -3.1 -3.1 -3  0.0                           
062258061020103364ペリファーニア　　　　　　　　　　　  2.3  1.2 22.0 20.5 14.1 14 15.9                           
062258061120104336ダオラダオラ　　　　　　　　　　　　120.5 18.6 -8.8-11.8 -7.0 -7  0.0                           
062258061220102773ラプンタ　　　　　　　　　　　　　　 15.5  3.1 -6.6  8.6  1.2  1  0.0                           
062258061320104624カドノユトリ　　　　　　　　　　　　 26.5  4.7-11.6 -3.9 -4.9 -5  0.0                           
062258061420101086サンマルリアン　　　　　　　　　　　 40.7  6.9-12.1 -2.0 -4.4 -4  0.0                           
062258061520100262サンエスペランス　　　　　　　　　　 89.6 14.0 -8.8 -9.0 -5.9 -6  0.0                           
062258061620107216アースジェイソンテ　　　　　　　　　 28.5  5.0 -8.5  6.1 -0.3  0  0.0                           
062258070119104007タイキマクスウェル　　　　　　　　　 35.8  7.2 -7.8 -7.3 -5.0 15  0.0                           
062258070217101528セイシェルノユウヒ　　　　　　　　　  6.4  2.0  3.5 11.2  5.2 25  0.0                           
062258070316103409ジェイエルフラッグ　　　　　　　　　 64.0 12.1-11.6-14.0 -8.6 11  0.0                           
062258070419100234セイゲン　　　　　　　　　　　　　　  6.3  2.0  9.9 18.2  9.6 30  9.4                           
062258070519104717クオーレドーロ　　　　　　　　　　　 26.3  5.5 -8.5  4.5 -0.9 19  0.0                           
062258070619106488カイザーレオン　　　　　　　　　　　  7.5  2.2 11.7  8.0  6.4 26 10.8                           
062258070716109024ナスノコウラン　　　　　　　　　　　 69.3 13.0-10.3 -8.1 -6.1 14  0.0                           
062258070818101216クリノパイソン　　　　　　　　　　　 20.1  4.4  2.1  6.0  2.8 23  0.0                           
062258070919105148カズラポニアン　　　　　　　　　　　  4.7  1.7 14.7 15.0  9.9 30 17.3                           
062258071015104349サルーテ　　　　　　　　　　　　　　 38.9  7.8-12.1-12.3 -8.1 12  0.0                           
062258071118106606ビーマイセルフ　　　　　　　　　　　 43.3  8.6 -6.0  8.0  1.1 21  0.0                           
062258071219102341サイモンソーラン　　　　　　　　　　 18.4  4.1 -2.0-10.0 -4.3 16  0.0                           
062258071318101662ヴォーグマチネ　　　　　　　　　　　105.5 19.5-11.6-10.0 -7.1 13  0.0                           
062258071419102163フォーワンセルフ　　　　　　　　　　  2.8  1.4 21.5 21.3 14.3 34 15.9                           
062258071517104823トロワシャルム　　　　　　　　　　　 43.4  8.6-10.3  6.2 -0.8 19  0.0                           
062258071618101497デリシュレーヌ　　　　　　　　　　　 17.2  3.9  4.8 13.4  6.4 26  0.0                           
062258080119104518アイヴォリードレス　　　　　　　　　  2.9  1.3 20.8 23.6 14.9 45 15.9                           
062258080216110159ベストマジック　　　　　　　　　　　 26.8  5.2 -5.0 -2.4 -2.4 28  0.0                           
062258080316101493パドカトル　　　　　　　　　　　　　 67.4 11.7-12.9-10.1 -7.6 22  0.0                           
062258080418101817アイスマン　　　　　　　　　　　　　 22.0  4.4 -1.3  6.1  1.8 32  0.0                           
062258080517102984バーニングソウル　　　　　　　　　　 38.5  7.2-12.9 -3.0 -5.0 25  0.0                           
062258080617104267コルニリア　　　　　　　　　　　　　 42.4  7.8 -8.4-11.9 -6.9 23  0.0                           
062258080718100748アルマセクメト　　　　　　　　　　　 18.7  3.9  2.5  7.7  3.6 34  0.0                           
062258080817105135アコルドエール　　　　　　　　　　　 29.0  5.6-12.1 -2.2 -4.4 26  0.0                           
062258080917103677ネイチャーカレン　　　　　　　　　　  9.1  2.4  4.7 26.5 11.1 41  0.0                           
062258081015103867ウメタロウ　　　　　　　　　　　　　 89.8 15.4 -4.2 -7.3 -3.9 26  0.0                           
062258081117110156ジェットマックス　　　　　　　　　　 16.3  3.5 -9.1-15.8 -8.5 21  0.0  0                        
062258081219100938セイウンハルカニ　　　　　　　　　　  3.4  1.4 17.7 16.0 11.2 41 17.3                           
062258081317106555エターナルダイヤ　　　　　　　　　　108.3 18.4-11.6-10.2 -7.2 23  0.0                           
062258081418105877マイステージ　　　　　　　　　　　　  4.6  1.6 20.7 15.8 12.0 42  9.4  4                        
062258081517102872ニルカンタテソーロ　　　　　　　　　 25.8  5.0  7.7  8.0  5.2 35 13.0                           
062258081618103812スラップショット　　　　　　　　　　 28.4  5.5-10.3 -5.9 -5.3 25  0.0                           
062258090117105588モーソンピーク　　　　　　　　　　　  4.4  1.6 15.0 13.6  9.5 39 17.3 1                         
062258090218105086シテフローラル　　　　　　　　　　　 12.4  3.0 11.1  5.0  5.2 35 10.9                           
062258090319104742レッドバリエンテ　　　　　　　　　　  3.0  1.4 24.9 22.0 15.5 46 15.9                           
062258090416102229フィデリオグリーン　　　　　　　　　111.3 20.7-12.6-13.2 -8.6 21  0.0                           
062258090518101643ウインヴァカンス　　　　　　　　　　 66.3 12.6-10.0 -7.9 -5.9 24  0.0                           
062258090619100788マイネルメサイア　　　　　　　　　　 15.7  3.6 -1.6  5.2  1.4 31  0.0                           
062258090719102609サクセスシュート　　　　　　　　　　  6.1  2.0 12.1 16.3  9.6 40 10.1                           
062258090817100450トップリーチ　　　　　　　　　　　　 50.0  9.9-12.1-13.3 -8.5 21  0.0                           
062258090916104819ダノングレーター　　　　　　　　　　 55.9 10.7-12.9-10.1 -7.6 22  0.0                           
062258091018104841リリーブライト　　　　　　　　　　　 43.7  8.7-10.7 -2.0 -3.9 26  0.0                           
062258091117100251マリノソフィア　　　　　　　　　　　 67.4 12.8 -8.8-10.4 -6.5 24  0.0                           
062258091219105792アケルナルスター　　　　　　　　　　 31.9  6.6  5.6 -8.4 -1.4 29  0.0                           
062258091317101436ウインエアフォルク　　　　　　　　　 34.8  7.1 -3.2  7.9  1.9 32  0.0                           
062258091418104881ジオフロント　　　　　　　　　　　　 16.3  3.7 -7.0  8.7  1.1 31  0.0                           
062258091516103080ドリームインパクト　　　　　　　　　  4.4  1.6 10.3 19.2 10.1 40  0.0                           
062258091617101940レットミーアウト　　　　　　　　　　 33.0  6.7  4.5 -8.7 -1.8 28  0.0                           
062258100117103616ワルツフォーラン　　　　　　　　　　 11.5  3.0 11.0 12.4  7.8 43  0.0                           
062258100217103437タイキスウォード　　　　　　　　　　 16.8  4.1 -3.2 -5.6 -3.0 32  0.0                           
062258100318100478ニューフロンティア　　　　　　　　　  9.4  2.8 -1.2 10.0  3.3 38 10.1                           
062258100416104340ゴールドラグーン　　　　　　　　　　 30.5  6.7 -8.6 -2.0 -3.3 32  0.0                           
062258100518110070リンカーンテソーロ　　　　　　　　　 11.0  2.9 12.4 12.5  8.3 43  0.0                           
062258100618100886ジェットエンブレム　　　　　　　　　 16.5  4.0  5.4 -2.7  0.6 36 13.0                           
062258100713105645ジオラマ　　　　　　　　　　　　　　 72.1 14.6-12.9-17.2-10.2 25  0.0  0                        
062258100818106155ノアヴィグラス　　　　　　　　　　　 29.6  6.6-10.4-12.7 -7.8 27  0.0                           
062258100917110146ジゲン　　　　　　　　　　　　　　　  3.9  1.6 17.4 14.6 10.6 46 15.9                           
062258101017109026ワイドカント　　　　　　　　　　　　 36.3  7.9-12.9 -1.2 -4.3 31  0.0  5                        
062258101116110131ピアシック　　　　　　　　　　　　　 13.8  3.5  0.2  3.5  1.3 36 12.3  5                        
062258101215102211レッドランサー　　　　　　　　　　　 58.9 12.1-11.6-10.0 -7.1 28  0.0                           
062258101319105968チェイスザドリーム　　　　　　　　　  6.0  2.0 12.5-13.1 -1.1 34  9.4                           
062258101418102264アシタバ　　　　　　　　　　　　　　 37.0  8.0-10.0-10.1 -6.7 28  0.0                           
062258101517106295ラインガルーダ　　　　　　　　　　　 23.4  5.3  3.6 -5.3 -0.9 34  0.0                           
062258101618102666レーヴリアン　　　　　　　　　　　　  4.1  1.7 13.7 11.7  8.4 43  0.0                           
062258110117106203アカイイト　　　　　　　　　　　　　 61.4 10.1 -7.2  4.3 -0.6 59 36.8                           
062258110217102294イズジョーノキセキ　　　　　　　　　 43.8  7.6-11.1-14.0 -8.5 52  0.0  0                        
062258110319104909ボルドグフーシュ　　　　　　　　　　 10.6  2.4  0.3  9.7  3.6 64  0.0                           
062258110417105525アリストテレス　　　　　　　　　　　 36.5  6.5-11.1 -4.2 -4.9 55  0.0  0                        
062258110518105081ジェラルディーナ　　　　　　　　　　  8.5  2.2  2.3  8.8  3.9 64 19.1                           
062258110617105082ヴェラアズール　　　　　　　　　　　 10.6  2.4  8.5  5.2  4.5 64  0.0                           
062258110718105027エフフォーリア　　　　　　　　　　　 16.6  3.3  2.5 20.5  8.3 68  0.0                           
062258110817101415ウインマイティー　　　　　　　　　　 48.9  8.4-10.2-12.0 -7.5 53  0.0                           
062258110919105219イクイノックス　　　　　　　　　　　  2.6  1.3 18.7 23.3 14.2 74 15.9  1  202   39              
062258111019105346ジャスティンパレス　　　　　　　　　 17.9  3.6  3.5-11.0 -3.0 57  0.0                           
062258111116105239ラストドラフト　　　　　　　　　　　 63.1 10.4-12.1 -8.5 -6.7 53  0.0                           
062258111217105376ポタジェ　　　　　　　　　　　　　　 42.5  7.4-11.8 -3.0 -4.6 55  0.0                           
062258111318103559タイトルホルダー　　　　　　　　　　  3.4  1.4 20.9 13.1 11.1 71 17.3                           
062258111416104618ボッケリーニ　　　　　　　　　　　　 51.6  8.9-11.1-12.4 -7.9 52  0.0                           
062258111518106273ブレークアップ　　　　　　　　　　　 26.3  4.8-12.1  3.6 -2.3 58  0.0                           
062258111617102170ディープボンド　　　　　　　　　　　 19.4  3.8 -3.7 15.9  4.7 65  0.0                           
062258120119109109ソールズベリー　　　　　　　　　　　 47.7 10.3-11.6 -2.0 -4.2 26  0.0                           
062258120218104765イズンシーラブリー　　　　　　　　　  3.8  1.6 15.6 26.6 14.4 44  7.9                           
062258120318100073ルミナスライン　　　　　　　　　　　 44.4  9.7 -1.1 -8.4 -3.4 27  0.0                           
062258120419104386トーセンサンダー　　　　　　　　　　 17.9  4.4 -0.8 24.7  8.8 39 13.8                           
062258120519100688スウィートプロミス　　　　　　　　　 45.8 10.0-10.4 -9.7 -6.7 23  0.0                           
062258120617101571サイヤダンサー　　　　　　　　　　　  7.5  2.4  9.3  8.0  5.7 36 10.1                           
062258120719105775ホウオウノーサイド　　　　　　　　　  4.5  1.8 12.7 12.9  8.5 39  8.6  0                        
062258120818103205クムシラコ　　　　　　　　　　　　　 69.9 14.5-11.6  7.1 -0.9 29  0.0                           
062258120917101919コスモカッティーボ　　　　　　　　　 46.2 10.0-12.1 -6.4 -6.0 24  0.0                           
062258121019101270ヨール　　　　　　　　　　　　　　　  7.9  2.5 13.0 11.1  8.0 38  0.0                           
062258121119105317トップキャスト　　　　　　　　　　　 25.1  5.8-12.9 -7.6 -6.7 23  0.0                           
062258121219104915バンデルオーラ　　　　　　　　　　　  5.8  2.0 13.5  9.9  7.7 38  0.0                           
062258121317104234スズノヤマト　　　　　　　　　　　　 40.2  8.8 -8.9-15.5 -8.4 22  0.0  0                        
062258121419100581ヒルノローザンヌ　　　　　　　　　　 14.8  3.7  8.6  7.8  5.4 35 12.3                           
062258121518100141シャークスポット　　　　　　　　　　 11.0  2.9  6.8 -5.6  0.0 30 11.6                           
062258121619110066エンジェルシリカ　　　　　　　　　　 17.3  4.2 -4.2 13.1  3.5 34  0.0                           
092268010120100048ミテクレコノアシ　　　　　　　　　　 48.6  7.6-11.2-14.0 -8.3 -3  0.0  0                        
092268010220106576モノクロームスター　　　　　　　　　 41.9  6.7 -6.3 -2.8 -3.2  2  0.0                           
092268010320109032ハワイアンパレス　　　　　　　　　　 29.8  4.9-10.3-14.7 -8.2 -3  0.0                           
092268010420102589リオンエトワール　　　　　　　　　　 21.7  3.8  8.0  8.7  5.5 11 15.4                           
092268010520106051セザンワールド　　　　　　　　　　　 18.8  3.4  8.3  9.8  6.0 11 20.6                           
092268010620102687バックトゥザライト　　　　　　　　　  3.1  1.2 15.8 16.1 10.6 16 17.7                           
092268010720104565ニホンピロアレイ　　　　　　　　　　 58.7  8.8-11.2-14.7 -8.5 -4  0.0                           
092268010820100837リコルド　　　　　　　　　　　　　　 59.4  8.9-11.2-10.2 -7.2 -2  0.0                           
092268010920105914ヒロピアーナ　　　　　　　　　　　　 94.7 13.8 -6.2-14.9 -6.7 -2  0.0  0                        
092268011020101844ボストンコモン　　　　　　　　　　　 34.5  5.6 -5.8 -7.5 -4.4  1  0.0                           
092268011120105540アルムエアフォルク　　　　　　　　　  4.2  1.4 14.5 15.9 10.1 15  0.0                           
092268011220103023ヘラクレスノット　　　　　　　　　　 23.5  4.0 -3.5 -5.5 -2.9  2  0.0  0                        
092268011320104400テイエムノーブル　　　　　　　　　　 68.8 10.2-11.2-12.6 -7.9 -3  0.0                           
092268011420106754ブリリオ　　　　　　　　　　　　　　  2.4  1.2 22.5 22.6 15.0 20 16.2                           
092268011520105448カゼノジョー　　　　　　　　　　　　 50.4  7.9 -6.2-19.5 -8.1 -3  0.0                           
092268011620101251クリノトランプ　　　　　　　　　　　 29.4  4.9 -3.4  9.0  1.5  6  0.0  5                        
092268020120106183メイショウケンセイ　　　　　　　　　 24.3  5.4-11.2  5.9 -2.3  3  0.0                           
092268020220102977オールアイウォント　　　　　　　　　  4.9  1.7 12.8 17.8 10.0 15 19.1                           
092268020320101622ヴィヴラガレット　　　　　　　　　　 53.2 11.0-11.2 -6.2 -6.0 -1  0.0                           
092268020420104306スマートハンター　　　　　　　　　　 14.3  3.5  4.8  7.4  4.0  9  0.0                           
092268020520101600クレーフェアリー　　　　　　　　　　 12.7  3.2  4.2 -0.2  1.5  6  0.0  0                        
092268020620103435マヴォロンテ　　　　　　　　　　　　  3.6  1.5 16.3 13.5 10.0 15 11.3                           
092268020720104523マイネルフォーコン　　　　　　　　　  6.1  2.0 11.8 17.8  9.7 15 20.6                           
092268020820110021サブエガ　　　　　　　　　　　　　　  4.1  1.6 18.1 16.6 11.6 17 17.7                           
092268020920101408ペプチドカンナ　　　　　　　　　　　 85.9 16.9-11.2-20.0-10.1 -5  0.0                           
092268021020110063ネフェルウラー　　　　　　　　　　　 42.7  9.0-11.2-10.7 -7.3 -2  0.0                           
092268021120103979モカラエース　　　　　　　　　　　　 41.2  8.7-10.6-10.2 -6.9 -2  0.0                           
092268021220100619レヴィアタン　　　　　　　　　　　　 20.9  4.8 -0.1  5.4  1.6  7  0.0                           
092268021320103602ベルリエゾン　　　　　　　　　　　　 28.2  6.1-11.2 -4.3 -5.4  0  0.0  0                        
092268021420104188ウナヴォルタ　　　　　　　　　　　　 18.8  4.4  1.7 11.7  4.1  9  0.0                           
092268021520103004レディマーシャル　　　　　　　　　　 36.2  7.7-11.2-12.4 -7.8 -3  0.0  0                        
092268021620100715タイセイサーマル　　　　　　　　　　 37.2  7.9-11.2-17.0 -9.2 -4  0.0  0                        
092268030120104756タマモメガジョッキ　　　　　　　　　 45.8  8.1-11.2-11.4 -7.5 -3  0.0                           
092268030220105721ポーレット　　　　　　　　　　　　　  3.7  1.5 15.7 12.8  9.6 15 17.7                           
092268030320103369パンデアスカル　　　　　　　　　　　 13.5  2.9 -2.7  7.9  1.4  6  0.0                           
092268030420104741オリビアミノル　　　　　　　　　　　 14.5  3.1 -7.5-12.7 -6.6 -2  0.0                           
092268030520101806ツクヨミ　　　　　　　　　　　　　　 17.6  3.6  7.9  4.4  4.2  9 28.0                           
092268030620100103エイシンネクタル　　　　　　　　　　 25.2  4.7 -8.4  6.4 -1.2  4  0.0                           
092268030720105566マイクロレディ　　　　　　　　　　　 44.5  7.9-11.2 -9.7 -7.0 -2  0.0                           
092268030820106796アメイジングスター　　　　　　　　　 16.1  3.3  5.3  8.6  4.5 10  0.0                           
092268030920105517ヒビキ　　　　　　　　　　　　　　　 12.6  2.7  3.0  3.5  2.2  7  0.0                           
092268031020101797シモズル　　　　　　　　　　　　　　  9.4  2.4 11.4 15.3  8.8 14  0.0                           
092268031120106918メイショウネムノキ　　　　　　　　　 41.8  7.4 -8.8-20.0 -9.2 -4  0.0                           
092268031220102967テイケイヴィーノ　　　　　　　　　　 52.3  9.1-11.3-10.1 -7.2 -2  0.0                           
092268031320102963ベルビューポイント　　　　　　　　　  2.5  1.3 20.3 13.6 11.5 17 16.2                           
092268031420102728ポルトドール　　　　　　　　　　　　 15.3  3.2 -2.3 -0.2 -0.9  4 17.5                           
092268031520105646アルアマル　　　　　　　　　　　　　 33.4  6.1 -6.2-10.4 -5.4  0  0.0                           
092268040120100939レオマニフィク　　　　　　　　　　　 16.1  4.0 -4.3 -6.5 -3.5 -4 25.0                           
092268040220105533タガノチョコラータ　　　　　　　　　  3.6  1.6 13.0 23.3 11.8 12 16.2                           
092268040320107168アヴァンタージュ　　　　　　　　　　  6.4  2.1 14.2 17.6 10.5 10 14.4                           
092268040420102910ハイクライテリア　　　　　　　　　　  4.8  1.8 13.6 13.3  9.0  9  0.0                           
092268040520103045マサハヤウォルズ　　　　　　　　　　 12.0  3.1 10.0  0.0  3.7  4  0.0                           
092268040620100642クールシュヴェル　　　　　　　　　　 29.8  6.7  1.1  5.9  2.2  2  0.0                           
092268040720100604テーオーレガシー　　　　　　　　　　 19.0  4.6 -1.7 -6.2 -2.5 -2  0.0                           
092268040820102804レッドバルデス　　　　　　　　　　　 18.8  4.5-12.7  6.6 -2.7 -3  0.0                           
092268040920101761トーホウジェンマ　　　　　　　　　　 29.7  6.7 -8.7-10.2 -6.3 -6  0.0                           
092268041020101379ホッコーソムニウム　　　　　　　　　  7.0  2.3  7.0 13.0  6.5  6  0.0                           
092268041120102052トルメンタ　　　　　　　　　　　　　 39.9  8.7-10.3-10.2 -6.8 -7  0.0                           
092268041220100243ランドティターン　　　　　　　　　　  5.9  2.0  5.5 -2.4  1.3  1 19.1                           
092268041320104199テイエムスペシャル　　　　　　　　　 37.4  8.2-11.2-12.6 -7.9 -8  0.0                           
092268041420101621ラーク　　　　　　　　　　　　　　　 30.3  6.8-11.2-20.0-10.1-10  0.0                           
092268050118109129イロエンピツ　　　　　　　　　　　　  9.4  2.3  8.5  5.1  4.6  5  0.0                           
092268050219103869スズヴァレット　　　　　　　　　　　 15.5  3.1 -2.7 -4.9 -2.5 -2  0.0                           
092268050314110107アスタースウィング　　　　　　　　　  4.0  1.4 15.7 18.5 11.3 11 17.7                           
092268050418104965シグネチャーセル　　　　　　　　　　 22.3  4.1 -3.6-10.6 -4.5 -4  0.0                           
092268050518106569エナジーロッソ　　　　　　　　　　　  2.2  1.2 21.6 16.1 12.8 13 16.2                           
092268050618105935スリーケイエヌ　　　　　　　　　　　 15.5  3.1 -1.2 -0.5 -0.6 -1  0.0                           
092268050717104888リメンバーメモリー　　　　　　　　　  4.6  1.5  8.3 23.1 10.0 10 19.1  1  257   39              
092268050815105691ニホンピロマドン　　　　　　　　　　 24.6  4.4-11.2  8.8 -1.5 -1  0.0                           
092268050917103381ティートラップ　　　　　　　　　　　  7.9  2.0 10.8 14.7  8.4  8 14.4                           
092268060120103993オーシンエンジェル　　　　　　　　　 12.7  3.1  3.0  6.2  3.0  3  0.0                           
092268060220100791プールファム　　　　　　　　　　　　 18.2  4.1-11.2 -1.8 -4.6 -5 17.5                           
092268060320100900ピーシャ　　　　　　　　　　　　　　 56.1 10.9-10.3-14.1 -8.0 -8  0.0  0                        
092268060420102834エクローサ　　　　　　　　　　　　　 29.6  6.2 -6.4-10.2 -5.4 -5  0.0                           
092268060520102839デルレイビーチ　　　　　　　　　　　  5.6  1.9 12.1 11.0  7.7  8 19.1                           
092268060620102666セピアス　　　　　　　　　　　　　　  2.9  1.4 21.0 19.6 13.6 14 16.2                           
092268060720103828コステロアスール　　　　　　　　　　 36.4  7.5  0.3-11.5 -3.3 -3  0.0                           
092268060820100915カフジガラーニ　　　　　　　　　　　 75.2 14.4-11.8-20.0-10.3-10  0.0                           
092268060920100968オーケードラゴン　　　　　　　　　　 75.8 14.5-11.8 -7.5 -6.6 -7  0.0                           
092268061020106195トップモーリス　　　　　　　　　　　 52.3 10.5-11.2-18.5 -9.7-10  0.0                           
092268061120102329エーデルサンライズ　　　　　　　　　 29.2  6.1-11.2 -7.5 -6.4 -6  0.0                           
092268061220105173ヤサカソレイユ　　　　　　　　　　　 48.9  9.9-11.8 -8.7 -6.9 -7  0.0                           
092268061320103450ピピオラ　　　　　　　　　　　　　　  7.6  2.3 13.3 -5.3  3.3  3  0.0  0                        
092268061420103274ロンシャンクイーン　　　　　　　　　 14.0  3.3 -1.7 -5.2 -2.2 -2  0.0                           
092268061520106594テネット　　　　　　　　　　　　　　 18.3  4.2  2.4  3.4  1.9  2  0.0                           
092268061620101620バズダイヤ　　　　　　　　　　　　　 38.7  7.9 -4.3 -1.7 -2.1 -2  0.0                           
092268061720100025マジカルウェーヴ　　　　　　　　　　 50.1 10.1 -6.2-10.2 -5.3 -5  0.0                           
092268061820106486エイルリシュリュー　　　　　　　　　  4.8  1.7 12.7 13.6  8.7  9 17.7                           
092268070119100635ラニカイ　　　　　　　　　　　　　　  4.1  1.5 15.4 24.1 12.9 33 17.7                           
092268070219102411メタルゴッド　　　　　　　　　　　　  2.2  1.2 20.9 22.6 14.4 34 16.2                           
092268070319105297ニューノーマル　　　　　　　　　　　 17.5  3.4  3.1 -0.3  1.0 21  0.0  5                        
092268070417104052トレッファー　　　　　　　　　　　　 23.7  4.3 -1.7-12.7 -4.4 16  0.0                           
092268070519106713クインズグレイト　　　　　　　　　　 14.2  2.9  1.5 -2.8 -0.3 20 16.5                           
092268070618102535キタサンマーベラス　　　　　　　　　 43.3  7.2-11.2  5.4 -2.5 18  0.0                           
092268070718106379ハイエログリフ　　　　　　　　　　　  8.2  2.1  9.0  3.1  4.2 24  0.0                           
092268070818105195ネグローニ　　　　　　　　　　　　　 34.3  5.9-11.2 -4.8 -5.5 14  0.0                           
092268070919102208エグモント　　　　　　　　　　　　　 11.9  2.5  6.4  7.3  4.5 25  0.0                           
092268071017101763ラブエスポー　　　　　　　　　　　　 20.8  3.9 -9.3 -4.2 -4.7 15  0.0                           
092268071118102586フライングバレル　　　　　　　　　　 20.4  3.8  3.8-10.4 -1.7 18  0.0                           
092268071219101203カレンラファータ　　　　　　　　　　  8.4  2.1  5.8-11.5 -1.3 19 20.6                           
092268080118106429ルシャリーブル　　　　　　　　　　　 13.8  3.1  4.1  6.9  3.6 24  0.0                           
092268080219103556サクハル　　　　　　　　　　　　　　 18.8  4.0  1.8 -4.8 -0.8 19  0.0                           
092268080319100936ニシノタマユラ　　　　　　　　　　　 14.1  3.2  6.8  6.3  4.4 24 22.1                           
092268080419105798ルワンジュ　　　　　　　　　　　　　 18.2  3.9  1.3 15.8  5.2 25  0.0                           
092268080518101455マルス　　　　　　　　　　　　　　　 42.5  8.0-11.8-10.5 -7.5 13  0.0                           
092268080619105906ダイリュウブラック　　　　　　　　　  3.2  1.4 18.7 18.1 12.3 32 11.3                           
092268080719102413エバニスタ　　　　　　　　　　　　　 25.9  5.2-11.2-11.6 -7.6 12  0.0                           
092268080819102106ブリュットミレジメ　　　　　　　　　 36.3  7.0 -9.5-10.1 -6.5 13  0.0                           
092268080919103040ティントリップ　　　　　　　　　　　  3.3  1.4 15.4 16.5 10.6 31 17.7                           
092268081017102178メルテッドハニー　　　　　　　　　　 33.8  6.5 -1.1 -3.9 -1.6 18  0.0                           
092268081119105218フェズカズマ　　　　　　　　　　　　 29.3  5.7 -9.1-10.4 -6.5 14  0.0                           
092268081219105456ダノンフューチャー　　　　　　　　　 19.8  4.2 -4.3-11.0 -4.9 15  0.0                           
092268081319101975ナムラフランク　　　　　　　　　　　  4.7  1.6 15.6 23.0 12.6 33 19.1                           
092268081418101551クリノザウルス　　　　　　　　　　　 42.5  8.0-11.3-10.5 -7.3 13  0.0                           
092268081519104097メイショウヒメゴゼ　　　　　　　　　 30.0  5.9 -1.8-11.4 -4.1 16  0.0                           
092268090119100932キタノセレナード　　　　　　　　　　  3.4  1.5  9.0 12.9  7.2 37 16.2                           
092268090218100719タケルジャック　　　　　　　　　　　 57.6 11.7-11.3-10.5 -7.3 23  0.0                           
092268090319102585ワンダーブレット　　　　　　　　　　  5.1  1.8 17.6  9.8  9.4 39 19.1                           
092268090417102043ファイヴレター　　　　　　　　　　　 33.3  7.2-11.3-10.5 -7.3 23  0.0                           
092268090518103993キゾク　　　　　　　　　　　　　　　 59.6 12.1-11.8-20.0-10.3 20  0.0                           
092268090616104519レッドエンヴィー　　　　　　　　　　 65.1 13.1-11.2-10.2 -7.2 23  0.0                           
092268090718101946タガノチュール　　　　　　　　　　　 49.3 10.4-11.2-12.3 -7.8 22  0.0                           
092268090818106259サンマルレジェンド　　　　　　　　　 22.3  5.0  4.0-18.0 -3.9 26  0.0  0                        
092268090919106691ビーアイオラクル　　　　　　　　　　  7.3  2.3 11.3 22.8 11.0 41  0.0                           
092268091019103984テイエムファクター　　　　　　　　　 19.0  4.5  0.2 12.0  3.7 34  0.0                           
092268091118106144レオカクテル　　　　　　　　　　　　 43.6  9.2-11.3-10.5 -7.3 23  0.0                           
092268091219102824メイショウキッド　　　　　　　　　　  4.6  1.7 12.4 14.6  8.9 39  0.0                           
092268091319100410ロードバルドル　　　　　　　　　　　 32.3  7.0 -9.3-10.5 -6.6 23  0.0                           
092268091419110116ペルアア　　　　　　　　　　　　　　  7.6  2.4  5.7 10.0  5.1 35 16.5                           
092268091519105993ラインオブソウル　　　　　　　　　　  7.0  2.2  7.2  8.3  5.1 35 20.6  4                        
092268100118102227アナゴサン　　　　　　　　　　　　　 12.1  3.0  1.5 -4.9 -0.9 34 23.5                           
092268100218100427ビッグリボン　　　　　　　　　　　　  4.8  1.7 13.7 24.0 12.2 47 19.1                           
092268100318104976マジカルステージ　　　　　　　　　　 48.6 10.1-11.2-10.9 -7.4 28  0.0                           
092268100418104712レイオブウォーター　　　　　　　　　 28.6  6.2-11.2-13.2 -8.1 27  0.0                           
092268100518104225リフレーミング　　　　　　　　　　　  5.3  1.8 15.1 18.7 11.1 46 14.4                           
092268100619105133スワヤンブナート　　　　　　　　　　 25.8  5.7 -1.6 -5.8 -2.3 33  0.0                           
092268100718105529ヘッズオアテールズ　　　　　　　　　  4.3  1.6 13.1 14.2  9.1 44  0.0                           
092268100818105115ビューティーウェイ　　　　　　　　　 28.4  6.2 -7.0-10.9 -5.8 29  0.0                           
092268100918102328アサケレディ　　　　　　　　　　　　  7.8  2.4  8.6 10.8  6.4 41  0.0  5                        
092268101018101010アウスヴァール　　　　　　　　　　　 30.8  6.6  0.4 -6.0 -1.7 33  0.0                           
092268101117104141ムジカ　　　　　　　　　　　　　　　  3.4  1.5 16.8 17.2 11.3 46 16.2                           
092268101217104988ナリタブレード　　　　　　　　　　　 62.3 12.4-11.8 -8.7 -6.9 28  0.0                           
092268101318104698ハートオブアシティ　　　　　　　　　 18.3  4.3 -3.4 10.1  1.8 37  0.0                           
092268110118103724ミスズグランドオー　　　　　　　　　  8.8  2.5 10.3  6.9  5.8 51  0.0                           
092268110217101560ケイアイドリー　　　　　　　　　　　  4.4  1.7 15.3 20.8 11.9 57 17.7  3                        
092268110314102562アーバンイェーガー　　　　　　　　　 28.4  6.0 -9.5 -7.6 -5.8 39  0.0                           
092268110417106438スナークダヴィンチ　　　　　　　　　 37.2  7.7 -2.0 -6.6 -2.7 42  0.0                           
092268110515103109メイショウミライ　　　　　　　　　　 32.3  6.8-11.2-11.4 -7.5 37  0.0                           
092268110617105389ショウナンアニメ　　　　　　　　　　 42.8  8.7-11.2-12.8 -7.9 37  0.0                           
092268110718105158デュアリスト　　　　　　　　　　　　  3.1  1.5 20.8 15.5 12.3 57 16.2                           
092268110816102749ガンケン　　　　　　　　　　　　　　 39.8  8.2-11.2 -4.5 -5.5 40  0.0                           
092268110918106183ボイラーハウス　　　　　　　　　　　 12.4  3.0  4.7  3.6  2.8 48  0.0                           
092268111018101984クインズメリッサ　　　　　　　　　　  6.2  2.0 12.1 16.2  9.3 54 19.1                           
092268111117106018コパノマーキュリー　　　　　　　　　 41.5  8.5-11.2-12.4 -7.8 37  0.0  0                        
092268111217105916エンプティチェア　　　　　　　　　　 41.9  8.6-11.2-12.3 -7.8 37  0.0  0                        
092268111316104000シャイニーブランコ　　　　　　　　　 42.7  8.7 -6.2 -7.5 -4.5 40  0.0                           
092268111416102668イメル　　　　　　　　　　　　　　　 28.3  6.0-11.2-12.3 -7.8 37  0.0  0                        
092268111517106572ファイアランス　　　　　　　　　　　  7.9  2.4  6.7  7.2  4.6 50 14.4                           
092268111618105276リアンクール　　　　　　　　　　　　 13.0  3.1  5.0-10.4 -1.3 44  0.0                           
092268120118104595デルマセイシ　　　　　　　　　　　　 23.6  5.2-11.2-12.3 -7.8 22  0.0  0                        
092268120219109094ブッシュガーデン　　　　　　　　　　  3.9  1.5 15.2 15.6 10.3 40 17.7                           
092268120317104870レッドルピナス　　　　　　　　　　　 19.9  4.5 -4.8 -4.8 -3.2 27  0.0                           
092268120419100210ウインバグース　　　　　　　　　　　 12.2  3.0  6.0 15.6  6.9 37 15.4                           
092268120519105449アルトシュタット　　　　　　　　　　  4.2  1.6 13.9  9.4  7.9 38  0.0                           
092268120618104332タマモダイジョッキ　　　　　　　　　 14.5  3.5  7.7 22.8  9.7 40  0.0                           
092268120716105622ウインスピリタス　　　　　　　　　　 27.1  5.9  1.3 -4.8 -1.0 29  0.0                           
092268120818104603スーパーホープ　　　　　　　　　　　  6.0  2.0 11.4 21.4 10.6 41 20.6                           
092268120919102327ケデシュ　　　　　　　　　　　　　　  3.6  1.5 16.4 16.5 11.0 41 16.2                           
092268121015103210スズカフェラリー　　　　　　　　　　 23.7  5.2 -8.6  5.4 -1.5 28  0.0                           
092268121118104340テリーヌ　　　　　　　　　　　　　　 40.3  8.4-11.2-10.2 -7.2 23  0.0                           
092268121218102091ウルトラソニック　　　　　　　　　　 14.4  3.5  1.5  5.2  2.1 32  0.0                           
