052057010118106767イエローレンギョウ　　　　　　　　　188.0 36.1-11.4 -2.6 -4.4  1  0.0                           
052057010218105460プレフェリータ　　　　　　　　　　　  6.0  2.0 10.4  7.6  5.9 11  0.0  0                        
052057010318101466インプルーヴ　　　　　　　　　　　　 21.7  4.9-10.0 12.0  1.4  6  0.0  5                        
052057010418104754リファインドマナー　　　　　　　　　  5.1  1.8 15.0 11.4  8.7 14  5.8                           
052057010518106854ルイネーション　　　　　　　　　　　102.0 19.9-11.0 -5.8 -5.4  0  0.0                           
052057010618102990グルナピーク　　　　　　　　　　　　  3.0  1.4 17.5 23.7 13.9 19 18.1                           
052057010718106439サトミノヒカリ　　　　　　　　　　　 45.4  9.5-10.4-12.4 -7.7 -3  0.0                           
052057010818104371タイセイラグーン　　　　　　　　　　 12.2  3.1  1.9 13.8  5.6 11  8.2                           
052057010918104640コモレビキラリ　　　　　　　　　　　 11.7  3.0  6.6 25.5 11.3 16  7.7                           
052057011018104389アポロスマイル　　　　　　　　　　　  5.6  1.9 11.8 15.5  9.2 14 15.2                           
052057011118104238キティラ　　　　　　　　　　　　　　 29.6  6.4-10.0 -1.6 -3.6  1  0.0                           
052057011218103657アウリイ　　　　　　　　　　　　　　 38.7  8.2 -8.7-12.8 -7.3 -2  0.0                           
052057011318105171フェアリーテイル　　　　　　　　　　 28.1  6.1 -3.9-13.9 -6.3 -1 13.0  0                        
052057011418101499クリスタルスワン　　　　　　　　　　 34.9  7.4-10.0 -9.4 -6.4 -1  0.0                           
052057011518109058マネッチア　　　　　　　　　　　　　142.6 27.5-13.1-10.0 -7.6 -3  0.0                           
052057011618102987アオイシチフク　　　　　　　　　　　 10.9  2.8  5.2  8.7  4.8 10  0.0                           
052057020118102329オリエンタルメラク　　　　　　　　　 27.7  6.1-10.4 25.4  6.2 11  0.0                           
052057020218100963マスケティアーズ　　　　　　　　　　168.0 32.6-11.4 -2.6 -4.4  1  0.0                           
052057020318105984グランディス　　　　　　　　　　　　 11.8  3.0  6.1  3.9  3.3  8  0.0                           
052057020418105476メイレンシュタイン　　　　　　　　　 29.4  6.4-11.0 -9.3 -6.7 -2  0.0  0                        
052057020518103163アルマブレイド　　　　　　　　　　　 25.0  5.5  6.0-10.4 -2.0  3  0.0                           
052057020618103564アルトヴォラーレ　　　　　　　　　　  3.7  1.6 15.5 13.1  9.5 14 18.1                           
052057020718102787エムオーワンダー　　　　　　　　　　 83.0 16.4-10.0 -8.8 -6.2 -1  0.0                           
052057020818101546ラブリーハミング　　　　　　　　　　 48.1 10.1 -8.7 -5.0 -4.4  1  0.0                           
052057020918101903ヘーベー　　　　　　　　　　　　　　 67.2 13.4-10.0-17.5 -9.4 -4  0.0                           
052057021018105237セラフィナイト　　　　　　　　　　　  6.6  2.1  9.3  9.0  6.1 11  6.8                           
052057021118104377コパノデナリス　　　　　　　　　　　 71.1 14.2-11.4 -6.0 -5.6 -1  0.0                           
052057021218104533サンフィニティ　　　　　　　　　　　 14.5  3.5-10.4  9.8  0.5  5  8.2                           
052057021318100658コスモノート　　　　　　　　　　　　 12.4  3.1 11.1  5.5  5.3 10  0.0                           
052057021418106656ウィスク　　　　　　　　　　　　　　 37.7  8.0  6.0-13.6 -3.2  2  0.0                           
052057021518106506シルバースピリット　　　　　　　　　  5.5  1.9  9.4 17.1  9.1 14 15.1A 3                        
052057021618100373アップストリーム　　　　　　　　　　  4.1  1.6 15.1 21.4 12.4 17 14.0                           
052057021718102198ゴールドベレー　　　　　　　　　　　 22.8  5.1-11.0  6.0 -1.1  4  0.0                           
052057021818106568ミカンタルト　　　　　　　　　　　　144.5 28.1-11.4-20.0-10.8 -6  0.0  0                        
052057030118102248セイギャラクシー　　　　　　　　　　 33.7  7.5-11.0-10.0 -7.0 -2 15.7                           
052057030218105138アイディアリスト　　　　　　　　　　 29.2  6.6 -1.4  2.9  0.6  6 10.1                           
052057030318101024サノノバーディ　　　　　　　　　　　 24.1  5.6-10.0 -4.8 -4.8  0  0.0                           
052057030418100859シュルードアイズ　　　　　　　　　　  7.7  2.4-10.0 11.2  1.1  6  7.2                           
052057030518100253ファビュラスノヴァ　　　　　　　　　  4.3  1.7 17.4 13.2 10.1 15  5.8                           
052057030618102939アポログランツ　　　　　　　　　　　 14.0  3.6 10.2 -1.4  2.5  8  0.0                           
052057030718100758スパラキシス　　　　　　　　　　　　  5.9  2.0 12.0 17.9 10.2 15  6.3                           
052057030818101505シゲルサンヨ　　　　　　　　　　　　 30.1  6.8-10.0-10.0 -6.7 -2  0.0                           
052057030918102440ワイドモーゼ　　　　　　　　　　　　 24.0  5.6 -6.2-12.8 -6.6 -2  0.0                           
052057031018106129アレデラヴァン　　　　　　　　　　　 44.0  9.6-10.0 -9.4 -6.4 -1  0.0  0                        
052057031118101983ズールウォリアー　　　　　　　　　　  4.1  1.7  1.5 22.3  8.6 14  7.5                           
052057031218101462フレーゲル　　　　　　　　　　　　　 44.9  9.8-10.0-10.1 -6.7 -2  0.0                           
052057031318100971デルマジゾウ　　　　　　　　　　　　 13.7  3.5-10.0  3.1 -1.9  3  7.7  0                        
052057031418102636コーチェラ　　　　　　　　　　　　　 47.9 10.4-10.0  5.9 -0.8  4  0.0                           
052057031518105680トーセンダニエル　　　　　　　　　　  7.1  2.3 10.4  3.5  4.4  9 16.3A                          
052057031618105930ノアウィンザー　　　　　　　　　　　 24.5  5.7-10.4  3.2 -1.9  3  0.0                           
052057040118104788トゥーフェイス　　　　　　　　　　　 13.4  3.1  3.7  3.4  2.4  7 10.9                           
052057040218105524エクセレントタイム　　　　　　　　　 25.9  5.3 20.0 10.0  9.7 15  0.0                           
052057040318104113シャイニングパール　　　　　　　　　 11.6  2.8  7.7  4.8  4.1  9  0.0  0                        
052057040418104526イポラニ　　　　　　　　　　　　　　111.1 20.2-10.0-15.5 -8.7 -4  0.0  0                        
052057040518101726フィロクセニア　　　　　　　　　　　213.5 38.2-10.4 -0.6 -3.3  2  0.0                           
052057040618102138マイネルキュリアス　　　　　　　　　 32.5  6.5-11.4-10.3 -7.2 -2  0.0                           
052057040718101019ライヴビスケット　　　　　　　　　　 44.4  8.7-10.0 -4.8 -4.8  0  0.0                           
052057040818104110サトノフォーチュン　　　　　　　　　  6.1  1.9 15.7 13.0  9.5 14  6.7                           
052057040918102127ガンバンテイン　　　　　　　　　　　 46.9  9.1-10.0 -2.0 -3.7  1  0.0                           
052057041018105587ハナノミチ　　　　　　　　　　　　　 16.3  3.7  4.3  6.2  3.6  9  8.2                           
052057041118104761トレヴィス　　　　　　　　　　　　　 34.7  6.9-11.4 -8.9 -6.7 -2  0.0                           
052057041218110061キトゥンズルンバ　　　　　　　　　　  5.5  1.8  9.4  5.8  4.9 10  6.3                           
052057041318104857レッドアウレア　　　　　　　　　　　  4.3  1.6 14.9 10.4  8.3 13 14.0                           
052057041418100471オリヒメペコ　　　　　　　　　　　　 28.8  5.9-11.0 -7.8 -6.2 -1  0.0                           
052057041518102153ワンダーレコール　　　　　　　　　　121.5 22.0-13.4-10.0 -7.7 -3  0.0                           
052057041618105328アルマドラード　　　　　　　　　　　  2.9  1.4 15.2 24.7 13.6 19 18.1B 2                        
052057050118100719タケルジャック　　　　　　　　　　　  7.7  2.2  7.5 18.6  9.1  9  0.0  3                        
052057050218104665ダノンブレット　　　　　　　　　　　  5.1  1.6 19.1 13.9 10.8 11 15.2                           
052057050318102708モッツノキセキ　　　　　　　　　　　 33.3  6.3-10.0 -9.4 -6.4 -6  0.0                           
052057050418102129ヒットアロット　　　　　　　　　　　 28.8  5.6 -9.2 -1.3 -3.2 -3  0.0                           
052057050518106891ダイスギミッチー　　　　　　　　　　 50.8  9.3-13.4-10.0 -7.7 -8  0.0                           
052057050618105178グランワルツ　　　　　　　　　　　　  2.6  1.3 15.0 13.7  9.5 10 18.1                           
052057050718106505シー　　　　　　　　　　　　　　　　  8.1  2.2 12.0 18.3 10.3 10  7.2                           
052057050818101624ウインジュノー　　　　　　　　　　　 66.7 11.7-10.0 -9.8 -6.6 -7  0.0                           
052057050918100772ハイライフ　　　　　　　　　　　　　 15.0  3.3  4.0 -6.1 -1.0 -1  0.0                           
052057051018104762キャニオニング　　　　　　　　　　　 32.7  6.2 -3.9 -7.9 -4.1 -4  0.0  0                        
052057051118106567マジックビューティ　　　　　　　　　  4.3  1.5 18.6 17.7 12.1 12 19.8                           
052057051218103862ブレーヴトライ　　　　　　　　　　　 19.3  4.0  6.0  6.8  4.3  4  0.0                           
052057051318102917ネイチャーシップ　　　　　　　　　　 26.3  5.2-11.0-12.8 -8.0 -8  0.0                           
052057060118102008ヤマニンアマルタス　　　　　　　　　 33.9  6.6-10.0  7.0 -0.4  0  0.0                           
052057060218101046オニジオオタニ　　　　　　　　　　　 51.4  9.6-10.0 -4.1 -4.5 -5  0.0                           
052057060318104697サザンナイツ　　　　　　　　　　　　  4.8  1.7 10.0 24.0 11.8 12 14.0  3                        
052057060418101878ハコダテブショウ　　　　　　　　　　 11.2  2.6 -4.9 10.2  2.3  2  7.2  5                        
052057060518102853モーントシャイン　　　　　　　　　　 27.8  5.5 -0.7  7.8  2.7  3  0.0                           
052057060618110098オンラインドリーム　　　　　　　　　  2.5  1.3 20.2 17.3 12.4 12 18.1                           
052057060718110069ペルセウステソーロ　　　　　　　　　  5.9  1.8 12.0 14.9  9.1  9  0.0                           
052057060818103217マントゥノン　　　　　　　　　　　　 19.8  4.2  1.5  9.6  4.0  4  0.0                           
052057060918104269セキノアトラス　　　　　　　　　　　 27.4  5.4-10.0-10.0 -6.7 -7  8.6                           
052057061018102446ラブエターナル　　　　　　　　　　　 27.5  5.4-10.0 -0.6 -3.2 -3  0.0                           
052057061118102400キョウエイノータス　　　　　　　　　 81.7 14.5 -3.6-11.9 -5.4 -5  0.0                           
052057061218100255マリノアズラ　　　　　　　　　　　　 27.8  5.5 20.0  6.0  8.2  8  0.0                           
052057061318100121ファステストシチー　　　　　　　　　 30.4  6.0 12.4  5.2  5.6  6  0.0                           
052057061418100556キタノフェスタ　　　　　　　　　　　217.7 37.6-11.4 -0.6 -3.6 -4  0.0                           
052057061518104003オオモリクン　　　　　　　　　　　　149.0 25.9-13.4-15.7 -9.8-10  0.0  0                        
052057061618104537リュクスフレンド　　　　　　　　　　  9.2  2.5  6.0  6.0  4.0  4 16.3                           
052057061718101369ティプシーワールド　　　　　　　　　 40.0  7.6-10.0 -2.0 -3.7 -4  0.0                           
052057061818106720ヴィーヴァライアン　　　　　　　　　 24.3  4.9-11.0-20.0-10.6-11  0.0  0                        
052057070117104317ジェロボーム　　　　　　　　　　　　  5.9  2.0 13.5 13.7  9.1 29  6.3                           
052057070217104799シーシーサザン　　　　　　　　　　　  9.5  2.7  1.3 25.6  9.8 30  9.6                           
052057070317101761ラブロッソー　　　　　　　　　　　　 37.7  7.9-10.0-10.1 -6.7 13  0.0                           
052057070415106301ショーコーズ　　　　　　　　　　　　166.8 31.8-10.4-12.4 -7.7 12  0.0                           
052057070517105615アテナノワール　　　　　　　　　　　 31.1  6.6 -9.4-11.5 -7.0 13  0.0                           
052057070617105925ミモザゴール　　　　　　　　　　　　 11.1  2.8-10.4 -2.0 -3.9 16 14.5                           
052057070716109110ストラトフォード　　　　　　　　　　 23.3  5.1-10.0  6.0 -0.8 19 13.7                           
052057070817106612バルトリ　　　　　　　　　　　　　　  4.1  1.6 13.7 20.0 11.4 31  5.8A 5                        
052057070917105940ジェラペッシュ　　　　　　　　　　　 29.8  6.4-11.0  6.2 -1.0 19  0.0                           
052057071017100641カイトレッド　　　　　　　　　　　　 17.9  4.2  0.3  3.6  1.4 21  0.0                           
052057071117105342シャンボールロッソ　　　　　　　　　 29.8  6.4-13.4-10.9 -8.0 12  0.0                           
052057071215109077シングシングシング　　　　　　　　　 11.1  2.8  9.1 17.5  9.1 29 10.9                           
052057071317101539シャーレ　　　　　　　　　　　　　　 18.2  4.2  4.2-10.0 -2.4 18  8.7                           
052057071417103501プリンサン　　　　　　　　　　　　　 42.7  8.8-10.0-12.2 -7.5 13  0.0                           
052057071517104668ヘライア　　　　　　　　　　　　　　  3.4  1.5 12.0 25.1 12.8 33  5.3                           
052057071616105229アサクサマヤ　　　　　　　　　　　　 23.0  5.1  6.0 11.1  5.9 26  0.0  1  254   28              
052057080117110173ヴァンデリオン　　　　　　　　　　　  7.4  2.2 -5.5  7.7  1.2 21  0.0                           
052057080215104785アドマイヤヒビキ　　　　　　　　　　103.0 19.4-10.0-13.9 -8.1 12  0.0                           
052057080317104262タシロ　　　　　　　　　　　　　　　 96.5 18.2-10.0 -2.9 -4.1 16  0.0                           
052057080417100662ワンモアエフォート　　　　　　　　　 40.4  8.2-11.0-20.0-10.6  9  0.0  0                        
052057080515100547ケイアイマリブ　　　　　　　　　　　 15.7  3.7 -3.6-12.9 -5.8 14  0.0                           
052057080617101597ミツカネプリンス　　　　　　　　　　  5.7  1.9 20.7 16.7 12.3 32  8.9                           
052057080717104560ブルーダイヤカフェ　　　　　　　　　  2.9  1.4 15.0 15.0 10.0 30 18.1                           
052057080816110090マキ　　　　　　　　　　　　　　　　  4.7  1.7 11.3 13.2  8.2 28 14.0                           
052057080917100067ネオトゥルー　　　　　　　　　　　　 16.4  3.8 10.0 11.0  7.0 27  0.0                           
052057081017110177マジカルマジカル　　　　　　　　　　  7.6  2.3  6.0 23.0 10.2 30  0.0                           
052057081116110054スマートグランダム　　　　　　　　　 46.2  9.3 -9.2 10.6  1.1 21  0.0                           
052057081217102819ダイチヴィット　　　　　　　　　　　 34.6  7.1-10.4 -5.0 -5.0 15  0.0                           
052057081317100746アポロセイラン　　　　　　　　　　　 18.1  4.1  8.6  8.7  5.8 26  8.7                           
052057081415102586リキサンゴルト　　　　　　　　　　　 93.3 17.6-10.4 -8.7 -6.3 14  0.0                           
052057081517102612ソラン　　　　　　　　　　　　　　　 37.7  7.7 -4.3 -5.8 -3.4 17  0.0                           
052057081615105172アースビヨンド　　　　　　　　　　　 20.0  4.5 20.0-14.6  0.6 21 18.3                           
052057090116103414ノーベルプライズ　　　　　　　　　　 28.9  6.1  0.5  3.0  1.3 31  0.0                           
052057090216103341パイロジェン　　　　　　　　　　　　 25.9  5.5-10.4-12.0 -7.5 22  0.0                           
052057090317102110ニシノミンクス　　　　　　　　　　　 31.5  6.6-10.0  4.0 -1.5 28  0.0                           
052057090415103867ウメタロウ　　　　　　　　　　　　　 32.9  6.8-11.4-14.6 -8.8 21  0.0                           
052057090515102018シセイタケル　　　　　　　　　　　　 22.3  4.8-11.0  6.2 -1.0 29 12.3                           
052057090615105052ボナヴィーゴ　　　　　　　　　　　　 27.6  5.8 -2.9 -5.4 -2.8 27 10.1                           
052057090716104749フジノタカネ　　　　　　　　　　　　 25.4  5.4 -5.3-11.7 -5.9 24 13.0                           
052057090817102901メイショウナパワン　　　　　　　　　 18.4  4.2  7.2 -3.1  1.0 31  0.0                           
052057090916101943ショウナンガナドル　　　　　　　　　  6.0  1.9-10.0  7.8 -0.1 30  0.0                           
052057091017103482コパシーナ　　　　　　　　　　　　　  7.9  2.3 16.7 16.7 11.1 41  6.8                           
052057091117104706オメガエリタージュ　　　　　　　　　 11.9  2.9 10.0  0.1  3.0 33  0.0                           
052057091215103590モンテルース　　　　　　　　　　　　 40.1  8.1-12.5 -8.1 -6.7 23  0.0                           
052057091317104619コウソクスピード　　　　　　　　　　  2.7  1.4 19.3 22.6 14.1 44 18.1                           
052057091416104746スワーヴシャルル　　　　　　　　　　  5.6  1.9 18.8 17.2 11.9 42 11.6  5                        
052057091515104916ミッキーハイド　　　　　　　　　　　 39.9  8.1 -9.2  1.5 -2.2 28  0.0                           
052057091616103713モズベイビー　　　　　　　　　　　　 19.6  4.4-12.5 -4.1 -5.3 25  0.0                           
052057100115100659キーフラッシュ　　　　　　　　　　　  8.1  2.3  9.9  5.1  4.8 40  0.0                           
052057100215100222ウインフォルティス　　　　　　　　　 12.2  2.9 11.4  3.5  4.7 40  0.0                           
052057100317104867ヒロイックテイル　　　　　　　　　　  3.1  1.4 21.8 16.5 12.6 48 18.1                           
052057100415104010フィールザファラオ　　　　　　　　　 17.4  3.8 20.0-12.9  1.3 36  0.0                           
052057100516100171アイファーキングズ　　　　　　　　　  8.5  2.4 15.5  8.7  7.8 43  6.7                           
052057100616100617スマッシングハーツ　　　　　　　　　 12.8  3.0 -2.1  6.6  1.8 37  8.2                           
052057100715100529タガノボンバー　　　　　　　　　　　 22.4  4.6-12.5 -2.5 -4.7 30  0.0                           
052057100816106450タイサイ　　　　　　　　　　　　　　 27.2  5.5-12.5 -3.9 -5.2 30  0.0                           
052057100914105356アドラメレク　　　　　　　　　　　　 59.2 10.9-12.5-11.9 -8.1 27  0.0  0                        
052057101014103582メイショウマトイ　　　　　　　　　　 77.3 14.0-12.5-10.1 -7.5 28  0.0                           
052057101115104589マサハヤニース　　　　　　　　　　　 10.8  2.6  7.5  0.0  2.3 37 10.3                           
052057101215104549テトラルキア　　　　　　　　　　　　 37.9  7.4-10.0  4.5 -1.4 34  0.0                           
052057101314106091ダンサクドゥーロ　　　　　　　　　　 49.9  9.5-12.5-10.1 -7.5 28  0.0                           
052057101415104625トワイライトタイム　　　　　　　　　 41.8  8.1  0.0 -2.1 -0.8 34  0.0                           
052057101517104175キタノオクトパス　　　　　　　　　　  3.6  1.5 18.6 25.8 15.0 50 19.8  2                        
052057101615105131マイネルアンファン　　　　　　　　　 89.0 16.0-13.4-12.9 -8.8 26  0.0                           
052057110118100409ドゥラヴェルデ　　　　　　　　　　　  3.2  1.3 18.6 17.0 11.8 62 19.8                           
052057110218103559タイトルホルダー　　　　　　　　　　  8.9  2.2  9.2  4.3  4.3 54  7.2                           
052057110318104963ダノンザキッド　　　　　　　　　　　  2.7  1.3 22.7 20.5 14.3 64 14.3                           
052057110418105573レインフロムヘヴン　　　　　　　　　  6.8  1.9 12.1 17.1  9.9 60  0.0                           
052057110518105667トーセンジャック　　　　　　　　　　 65.8 10.7-13.1 -2.6 -4.9 45  0.0                           
052057110618104261プラチナトレジャー　　　　　　　　　 13.5  2.8  6.5  9.1  5.3 55  0.0                           
052057110718104114ヴェローチェオロ　　　　　　　　　　 13.8  2.9 -2.4  6.4  1.6 52 15.5                           
052057110818106411モメントグスタール　　　　　　　　　 26.8  4.8-10.0 -5.9 -5.2 45  0.0  0                        
052057110918105722モリノカンナチャン　　　　　　　　　 20.9  4.0 -3.9  7.6  1.6 52  0.0                           
052057111018105085ジュンブルースカイ　　　　　　　　　  5.8  1.7 17.0 14.6 10.5 60 16.9                           
052057120114104265ツヅク　　　　　　　　　　　　　　　 87.7 14.6-13.1-13.5 -8.9 21  0.0  0                        
052057120216100298ミニオンペール　　　　　　　　　　　  7.2  2.0 15.7 15.0 10.2 40  6.7                           
052057120313103646クインズサン　　　　　　　　　　　　  6.2  1.8 18.8 12.5 10.2 40 15.2                           
052057120417103722セイウンパワフル　　　　　　　　　　  5.1  1.7 10.0 18.3  9.7 40  5.8                           
052057120515104161エイムアンドエンド　　　　　　　　　 29.3  5.4 -6.0  0.1 -1.8 28  0.0                           
052057120616100097エクレアスピード　　　　　　　　　　 12.4  2.7 12.0  4.5  5.3 35  7.7                           
052057120712102070コスモヨハネ　　　　　　　　　　　　 25.3  4.8 -3.9 -6.5 -3.6 26  0.0                           
052057120814100549ヤマニンベリンダ　　　　　　　　　　 47.2  8.4-10.0-10.1 -6.7 23  0.0                           
052057120916105797コスモエスパーダ　　　　　　　　　　 40.4  7.3-11.4 -0.6 -3.6 26  0.0                           
052057121014102033ダノンハイパワー　　　　　　　　　　 25.2  4.8  0.0 10.6  3.9 34 11.6                           
052057121116105199ココフィーユ　　　　　　　　　　　　  8.6  2.3  6.0  4.1  3.3 33  0.0                           
052057121216103668ヘイワノツカイ　　　　　　　　　　　 27.9  5.2 -7.3  1.0 -1.8 28  0.0  0                        
052057121317105332ヴェスターヴァルト　　　　　　　　　  2.2  1.2 16.3 27.9 15.1 45 18.1                           
092057010118103021タイセイシェダル　　　　　　　　　　  3.1  1.4 16.8 22.3 12.9 18 16.2                           
092057010218106211テイエムマグマ　　　　　　　　　　　 15.9  3.5 -0.9  1.4  0.1  5 17.5                           
092057010318103993キゾク　　　　　　　　　　　　　　　  3.6  1.5 13.7 12.0  8.6 14 17.7                           
092057010418102350テーオールノワール　　　　　　　　　  8.8  2.4 -3.9 14.7  3.0  8  0.0                           
092057010518100531キタノインディ　　　　　　　　　　　  7.7  2.2  3.1 14.4  5.5 10  0.0                           
092057010618103830センスオブユニティ　　　　　　　　　 23.6  4.9-10.8-10.1 -7.0 -2  0.0                           
092057010718104222セルヴォ　　　　　　　　　　　　　　  9.4  2.6  3.7 18.2  6.8 12  0.0                           
092057010818103054マクフライト　　　　　　　　　　　　 25.8  5.2 -5.7  5.7 -0.4  5  0.0                           
092057010918101644ウインフェーデ　　　　　　　　　　　 28.2  5.7-11.5 -2.1 -4.8  0  0.0                           
092057011018106185メイショウサロベツ　　　　　　　　　 23.2  4.8-10.9 -5.0 -5.5  0  0.0                           
092057011118100774メガゴールド　　　　　　　　　　　　  4.9  1.7 14.4 10.6  8.5 13 19.1                           
092057020118104251コパノジャンピング　　　　　　　　　 16.0  3.3  1.1  6.6  2.4  7  0.0                           
092057020218102859コマンダンテ　　　　　　　　　　　　  4.8  1.5 19.7 15.3 11.8 17 19.1                           
092057020318102667ニューアリオン　　　　　　　　　　　 18.1  3.6-11.5 -3.8 -5.4  0  0.0                           
092057020418101103クリノキララ　　　　　　　　　　　　 16.8  3.4  8.5  6.1  4.9 10  0.0                           
092057020518102001ビュヴォン　　　　　　　　　　　　　 20.5  4.0 -0.2  5.0  1.4  6  0.0                           
092057020618104130シゲルホンブチョウ　　　　　　　　　 70.3 11.7-11.5-18.2 -9.7 -5  0.0  0                        
092057020718102372ランドボルケーノ　　　　　　　　　　  3.2  1.3 17.5 25.6 14.1 19 17.7                           
092057020818100828キタノマンゲツ　　　　　　　　　　　 43.6  7.7-10.9 12.0 -0.4  5 22.7  5                        
092057020918101677コパノピッチング　　　　　　　　　　 13.3  2.8  3.8 13.9  5.6 11  0.0                           
092057021018102747ブリリアントビーム　　　　　　　　　116.9 19.0-11.5-10.2 -7.3 -2  0.0                           
092057021118100107アイファーベア　　　　　　　　　　　 46.2  8.1-10.9-20.0-10.0 -5  0.0  0                        
092057021218100381ノーブルスター　　　　　　　　　　　 41.1  7.3 -5.6-15.0 -6.6 -2  0.0                           
092057021318106306トーホウグロリアス　　　　　　　　　  2.9  1.3 12.6 18.8 10.3 15 16.2                           
092057021418102600ロードサージュ　　　　　　　　　　　 23.6  4.5-10.9-11.9 -7.6 -3  0.0                           
092057021518102371ザント　　　　　　　　　　　　　　　 33.9  6.1-10.9 -4.0 -5.2  0  0.0                           
092057030118102139ステイハングリー　　　　　　　　　　 46.3  8.7-10.9-10.2 -7.1 -2  0.0                           
092057030218104155ブラックジュエリー　　　　　　　　　 41.0  7.8-10.9-14.6 -8.4 -3  0.0                           
092057030318100619トーホウロゼリア　　　　　　　　　　 28.0  5.5 -0.2  6.5  1.9  7  0.0                           
092057030418103499プリュムドール　　　　　　　　　　　 23.4  4.7-11.5  8.0 -1.8  3  0.0  5                        
092057030518103765グランキティ　　　　　　　　　　　　 86.1 15.3-10.9-10.2 -7.1 -2  0.0                           
092057030618100397ハーツラプソディ　　　　　　　　　　  7.1  2.1  9.2 22.9 10.2 15  0.0                           
092057030718104545レッツゴーアスク　　　　　　　　　　  6.7  2.0 -0.3 14.9  4.4  9 20.6                           
092057030818103918マテンロウアスカ　　　　　　　　　　 35.1  6.8 -7.5-10.2 -5.8 -1  0.0                           
092057030918105081ジェラルディーナ　　　　　　　　　　  3.0  1.4 15.9 21.8 12.4 17 11.3  1  182   46              
092057031018100579メイジュスマイル　　　　　　　　　　 47.6  8.9-10.9-11.2 -7.4 -2  0.0                           
092057031118104092トウシンモンブラン　　　　　　　　　  6.6  2.0 16.6 12.0  9.7 15 19.1                           
092057031218105286ミスフィガロ　　　　　　　　　　　　  3.7  1.5 15.9 15.9 10.6 16 17.7                           
092057031318101954タガノコハクゾラ　　　　　　　　　　 46.5  8.8 -8.3-15.6 -7.7 -3  0.0  0                        
092057031418105405ファーストソリスト　　　　　　　　　 32.4  6.3 -1.6-13.1 -4.5  0  0.0                           
092057031518105519スペキアリス　　　　　　　　　　　　 20.2  4.3 -5.6  6.2 -0.2  5  0.0                           
092057031618104345ランスオブアース　　　　　　　　　　 45.7  8.6 -6.5 10.0  0.6  6  0.0                           
092057040117103331シェーンクラート　　　　　　　　　　 12.6  4.6 -9.7 -0.2 -3.6 -4 14.4                           
092057040214103095サマーサプライズ　　　　　　　　　　 13.1  4.7 -6.1 -1.9 -2.8 -3  0.0                           
092057040315106185ミンナノシャチョウ　　　　　　　　　 19.8  7.1-11.7-20.0-10.3-10  0.0  0                        
092057040416102620ディード　　　　　　　　　　　　　　  2.8  1.3 17.6 24.0 13.7 14 17.7  2                        
092057040514103077ウインストラグル　　　　　　　　　　  3.1  1.5 15.8 28.5 14.3 14 19.1                           
092057040617105329インザムード　　　　　　　　　　　　  2.1  1.2 21.7 20.8 14.2 14 16.2                           
092057050118100948テイエムサラトガ　　　　　　　　　　 34.9  6.2-11.5-11.6 -7.7 -8  0.0                           
092057050218102451ゲンパチミーティア　　　　　　　　　  2.7  1.3 21.8 26.6 16.0 16 16.2                           
092057050318104330ランスオブミューズ　　　　　　　　　 11.1  2.5  1.1  8.0  2.8  3  0.0  5                        
092057050418103316ジューンビアンカ　　　　　　　　　　 15.1  3.1 -2.5  5.2  0.6  1 16.5                           
092057050518106761フクシマブリリオ　　　　　　　　　　 35.7  6.3-10.3 -5.0 -5.3 -5  0.0                           
092057050618102530エムケイゴールド　　　　　　　　　　 17.6  3.5-11.5  5.5 -2.6 -3  0.0                           
092057050718106552メイショウフンケイ　　　　　　　　　 10.8  2.4 12.6  8.3  7.1  7  0.0                           
092057050818104735ピエナレモン　　　　　　　　　　　　  3.2  1.4 16.4 15.9 10.8 11 17.7                           
092057050918104032ロードフォールズ　　　　　　　　　　 24.9  4.6-10.9 -1.2 -4.4 -4  0.0                           
092057051018102742リュウノイカヅチ　　　　　　　　　　 28.8  5.2  3.2-16.4 -3.7 -4  0.0  0                        
092057051118102911クリムゾンハート　　　　　　　　　　  5.4  1.6  9.6 20.8  9.8 10 19.1                           
092057051218104912ムニショネッテ　　　　　　　　　　　 24.3  4.5-10.9-11.7 -7.5 -8  0.0                           
092057060118102048ハイエストポイント　　　　　　　　　 18.3  3.6  1.6  9.3  3.4  8  0.0  1  140   56              
092057060218106701ルヴァンノワール　　　　　　　　　　 22.0  4.1 -3.6  7.2  0.8  6 18.5                           
092057060318105985エイシンイシュタル　　　　　　　　　 20.6  3.9 -5.6 -0.3 -2.1  3  0.0                           
092057060418104633テーオーダヴィンチ　　　　　　　　　  2.6  1.2 16.8 16.6 11.1 16 16.2                           
092057060518104991ニシノコウメイ　　　　　　　　　　　 19.3  3.7 -0.2 32.1  9.6 15  0.0                           
092057060618105386カフジヴィオレッタ　　　　　　　　　 32.3  5.7-10.9-11.5 -7.4 -2  0.0                           
092057060718104324モンストルシチー　　　　　　　　　　 34.8  6.1-10.9-14.9 -8.5 -3  0.0  0                        
092057060818104240アイコンテーラー　　　　　　　　　　 43.6  7.4-11.5 -8.0 -6.6 -2  0.0                           
092057060918101486ルチェカリーナ　　　　　　　　　　　  3.2  1.3 20.2 22.3 14.1 19 17.7                           
092057061018106474タイキフロリゼル　　　　　　　　　　 17.9  3.5 11.6  7.0  6.4 11  0.0                           
092057061118100222イッツマイドリーム　　　　　　　　　 23.6  4.3 -5.6 -0.9 -2.3  3  0.0                           
092057061218105904エイシンティアラ　　　　　　　　　　 56.5  9.2-11.5 -4.8 -5.7 -1  0.0                           
092057061318105258バンベルク　　　　　　　　　　　　　  4.6  1.5 11.7 16.1  9.1 14 19.1                           
092057061418106833ビューティフローラ　　　　　　　　　 27.8  5.0 -0.2  6.8  2.0  7  0.0                           
092057070117105005アルヴェント　　　　　　　　　　　　  9.2  2.2  5.0 -3.6  0.8 21  0.0  0                        
092057070217102145クリノニキータ　　　　　　　　　　　 38.1  6.2-11.0 -9.1 -6.8 13  0.0                           
092057070317104659ラフリッグフェル　　　　　　　　　　  2.4  1.2 20.8 32.6 17.4 37 16.2                           
092057070417106600ブラックヒューマー　　　　　　　　　 14.2  2.8  5.3  0.2  2.0 22  0.0  5                        
092057070517102885ソニックビースト　　　　　　　　　　 13.6  2.7 -0.2  6.3  1.8 22 15.4                           
092057070617101828ロニセラ　　　　　　　　　　　　　　 11.2  2.3  4.1 10.2  4.6 25  0.0                           
092057070716104643レッドエステーラ　　　　　　　　　　 40.5  6.5-11.5  5.3 -2.6 17  0.0  3                        
092057070817101372クーファアチャラ　　　　　　　　　　 14.7  2.8  0.7 15.7  5.0 25 25.0                           
092057070916105998ワインレッドローズ　　　　　　　　　 22.4  3.9 -5.6  5.8 -0.3 20  0.0                           
092057071017100087ナムラパフィン　　　　　　　　　　　 30.0  5.0 -8.3-13.5 -7.1 13  0.0  0                        
092057071117106558ホットミスト　　　　　　　　　　　　 29.7  5.0 -5.3 -6.9 -4.0 16  0.0                           
092057071217105012チェルアルコ　　　　　　　　　　　　  3.2  1.4 15.1 21.3 11.9 32 17.7                           
092057071316101648ワタシノワルツ　　　　　　　　　　　 35.5  5.8-10.9-10.2 -7.1 13  0.0                           
092057080117105082ヴェラアズール　　　　　　　　　　　  5.4  1.8 10.5 18.8  9.5 29 13.4  2                        
092057080216104832マイサンシャイン　　　　　　　　　　  5.2  1.7 10.4 14.3  8.1 28  0.0                           
092057080314100591マナローラ　　　　　　　　　　　　　 12.4  3.0  2.3 19.5  6.7 27 23.5                           
092057080417102383ロードセッション　　　　　　　　　　 18.4  4.1 -5.6 -2.8 -2.9 17  0.0                           
092057080517106505チェーロ　　　　　　　　　　　　　　 23.1  4.9 -5.6 -2.0 -2.7 17  0.0  5                        
092057080617105796メイショウハクサン　　　　　　　　　  5.7  1.8  6.7  7.0  4.6 25 20.6                           
092057080717103583ニホンピロストーム　　　　　　　　　  2.6  1.3 17.6 25.6 14.1 34 16.2                           
092057080817105416フラーレン　　　　　　　　　　　　　 16.8  3.8 -5.6-16.4 -7.0 13  0.0  0                        
092057080916103252ジェミニキング　　　　　　　　　　　 29.4  6.0-11.5  2.0 -3.6 16  0.0  3                        
092057081017106071ワイドレッジャドロ　　　　　　　　　  6.2  1.9  9.7 17.8  8.9 29  0.0                           
092057090118110037ブルースピリット　　　　　　　　　　  5.7  1.8  7.8 21.6  9.3 29 19.1                           
092057090218102123セントポーリア　　　　　　　　　　　 36.4  7.2 -9.7-10.5 -6.7 13  0.0                           
092057090318105204ピクシーナイト　　　　　　　　　　　  3.2  1.4 21.8 22.1 14.6 35 16.2                           
092057090418105978エイシンシトリン　　　　　　　　　　 34.2  6.8-11.5-20.0-10.2 10  0.0                           
092057090518100480デルマヤクシ　　　　　　　　　　　　  6.9  2.1 10.9  7.5  6.2 26 15.4                           
092057090618105067ゴールドチャリス　　　　　　　　　　  7.8  2.2  8.0 10.0  5.9 26  0.0  5                        
092057090718105391エイボンクリフ　　　　　　　　　　　 17.8  3.9 -7.5  7.2 -0.6 19  0.0                           
092057090818110113ヒトヨギリ　　　　　　　　　　　　　  3.6  1.5 11.5 14.1  8.4 28 17.7                           
092057090918105961エイシンミラクル　　　　　　　　　　 51.5  9.9-15.0-10.5 -8.6 11  0.0                           
092057091018104234ピンクカメハメハ　　　　　　　　　　 24.8  5.1  1.2  9.6  3.3 23  0.0                           
092057091118105497グランデフィオーレ　　　　　　　　　  6.0  1.9 11.7 12.8  8.1 28  0.0                           
092057100117105339サトノシャローム　　　　　　　　　　  4.1  1.5 18.0 13.2 10.6 41 17.7                           
092057100216104933ハギノアップロード　　　　　　　　　 10.7  2.6  6.6  7.4  4.6 35  0.0                           
092057100317105106プリマヴィスタ　　　　　　　　　　　 20.2  4.4-10.9-14.6 -8.4 22  0.0                           
092057100417104748サウンドレベッカ　　　　　　　　　　  3.0  1.4 19.7 25.6 14.9 45 16.2                           
092057100513105355アグネスリバティ　　　　　　　　　　 25.7  5.3-11.5-10.3 -7.3 23  0.0                           
092057100617100006リノキアナ　　　　　　　　　　　　　  8.9  2.5  0.0  6.5  2.0 32  0.0                           
092057100716104762プライドランド　　　　　　　　　　　  7.2  2.1  2.5 14.3  5.2 35  0.0                           
092057100817105477アイアンバローズ　　　　　　　　　　  4.3  1.6 14.5 11.2  8.7 39 13.4                           
092057100914104328リリーモントルー　　　　　　　　　　 29.9  6.1-10.9 -6.9 -6.1 24  0.0                           
092057101016104035ダディーズマインド　　　　　　　　　 11.9  2.9  5.8  5.4  3.7 34 25.0                           
092057110114104230グッドラックサマー　　　　　　　　　 68.8 12.1-15.0-10.5 -8.6 26  0.0                           
092057110216102236ププッピドゥ　　　　　　　　　　　　 15.8  3.4-10.9  5.1 -2.5 33  0.0  4                        
092057110316103256オーシャンズルーラ　　　　　　　　　 29.9  5.8 -1.3 -8.3 -3.0 32  0.0                           
092057110416101637ゴールドリング　　　　　　　　　　　 60.8 10.8-11.5-10.2 -7.3 28  0.0                           
092057110517103504スリーグランド　　　　　　　　　　　  2.5  1.3 21.8 20.4 14.1 49 16.2                           
092057110616100214スナークスター　　　　　　　　　　　 36.0  6.8 -0.2  5.2  1.5 36  0.0                           
092057110716104952シェパードボーイ　　　　　　　　　　  4.6  1.6  9.9 12.9  7.5 43 17.7                           
092057110814104037メイショウヴォルガ　　　　　　　　　 94.7 16.5-14.0-16.6-10.1 25  0.0                           
092057110916103343ハッピーゴラッキー　　　　　　　　　  8.1  2.2  6.5 20.7  8.6 44 14.4  3                        
092057111017106018コパノマーキュリー　　　　　　　　　  5.7  1.8  4.2 10.2  4.6 40 19.1                           
092057111115102566セパヌイール　　　　　　　　　　　　 39.3  7.4 -1.6-13.1 -4.5 30  0.0                           
092057111214104873アサケパワー　　　　　　　　　　　　 28.9  5.6 -7.1-10.1 -5.6 29  0.0                           
092057111315102824メイショウコゴミ　　　　　　　　　　 18.4  3.9  5.9 -1.4  1.7 37  0.0                           
092057111416100598マッスルビーチ　　　　　　　　　　　 15.8  3.4-14.0 10.3 -2.0 33  0.0  4                        
092057111516100423メリーメーキング　　　　　　　　　　 15.0  3.3  8.5 -3.1  2.2 37  0.0                           
092057111613105325ターゲリート　　　　　　　　　　　　 60.8 10.8-14.0-10.5 -8.3 27  0.0                           
092057120116110008ミッドサマーハウス　　　　　　　　　  7.9  2.7 10.6 14.6  8.3 28 22.1                           
092057120217105536アミークス　　　　　　　　　　　　　 43.0 10.3-10.9 -6.2 -5.9 14  0.0                           
092057120317102403ヴィースバーデン　　　　　　　　　　 32.4  7.9 -5.3-12.9 -5.8 14  0.0                           
092057120417105153フリークアウト　　　　　　　　　　　  5.9  2.1  7.2 12.9  6.5 27  0.0                           
092057120517103137グランフェスタ　　　　　　　　　　　 37.0  8.9-10.9-10.2 -7.1 13  0.0                           
092057120616104971オメガハートクィン　　　　　　　　　 12.4  3.5  1.2-15.7 -4.3 16  0.0                           
092057120717110112コンバットマーチ　　　　　　　　　　 50.7 12.0-10.9-13.1 -7.9 12  0.0                           
092057120817105993ムーンライト　　　　　　　　　　　　  4.9  1.9 14.7 19.2 11.1 31 16.2                           
092057120917102889カケル　　　　　　　　　　　　　　　 25.8  6.4-11.0  5.5 -2.4 18  0.0                           
092057121016104359ブランシェット　　　　　　　　　　　 40.8  9.8 -4.1 -8.3 -4.0 16  0.0                           
092057121117105451ドゥーベ　　　　　　　　　　　　　　  6.9  2.4  2.4 11.9  4.4 24 14.4                           
092057121216101153ダノンシティ　　　　　　　　　　　　 14.7  4.0 -0.2  4.5  1.3 21 26.5                           
092057121317101903マイネルホイッスル　　　　　　　　　 35.7  8.6 -5.6  5.8 -0.3 20  0.0                           
092057121417104196ヴェルザスカ　　　　　　　　　　　　  8.1  2.7 13.8  0.1  5.1 25  0.0                           
092057121517104484エーティーメジャー　　　　　　　　　 78.2 17.7-10.9 -8.7 -6.6 13  0.0                           
092057121615105182フェスタマドンナ　　　　　　　　　　 36.5  8.8-11.5-18.2 -9.7 10  0.0  0                        
092057121716105226グラウクス　　　　　　　　　　　　　 58.0 13.3-10.9 -9.6 -6.9 13  0.0                           
092057121817105626スワーヴドン　　　　　　　　　　　　  5.2  2.0  7.1 14.2  6.9 27  0.0                           
