062355010121103475タイムレスブルーム　　　　　　　　　 43.2  7.6 -8.0  0.5 -2.2  3  0.0                           
062355010221104310コパノアルベール　　　　　　　　　　 13.1  2.8 10.8 11.9  7.6 13  0.0                           
062355010321102295チュウワキャリア　　　　　　　　　　  2.7  1.3 23.1 17.1 13.2 18  8.0                           
062355010421106884ミストレビノ　　　　　　　　　　　　 30.4  5.5-11.6 -8.6 -6.6 -2  0.0                           
062355010521106869ムゲーテスペランサ　　　　　　　　　 28.5  5.2 -1.2-12.7 -5.0  0  0.0                           
062355010621104117ノブノリッキー　　　　　　　　　　　  7.2  2.0  2.7 14.5  6.1 11 10.1                           
062355010721107276ロックシティボーイ　　　　　　　　　108.1 17.6-12.1-11.6 -7.9 -3  0.0                           
062355010821102395ナックブリーズ　　　　　　　　　　　157.1 25.2-11.6-12.2 -8.0 -3  0.0                           
062355010921103549ホウオウフロイト　　　　　　　　　　 94.8 15.5 -8.8 -1.5 -3.2  2  0.0                           
062355011021104068サクラサルーテ　　　　　　　　　　　 12.7  2.7  3.2 11.0  5.0 10  0.0  5                        
062355011121105907フォートボヤール　　　　　　　　　　  3.3  1.4 14.9 12.5  9.1 14 17.3                           
062355011221102371クインズポラリス　　　　　　　　　　  6.9  1.9 15.0 22.0 12.6 18 18.8                           
062355011321103422ジョブックノワ　　　　　　　　　　　 47.9  8.3-12.1  7.1 -1.0  4  0.0                           
062355011421106315サンスイシサン　　　　　　　　　　　 89.6 14.7-12.1 -1.5 -4.2  1  0.0                           
062355011521102519ミックスアップ　　　　　　　　　　　 60.2 10.1 -2.2-10.0 -4.3  1  0.0                           
062355011621102752マニーブルース　　　　　　　　　　　 13.1  2.8  1.1 -2.0 -0.4  5  0.0                           
062355020121105896ケープウィッカム　　　　　　　　　　 16.8  4.4 -1.6-14.5 -5.8 -1  0.0                           
062355020221103040イッツナッシング　　　　　　　　　　  4.4  1.8 13.7 12.0  8.5 14  7.9                           
062355020321101623モンテマッジョーレ　　　　　　　　　 20.2  5.2 -8.8 -4.4 -4.3  1  0.0                           
062355020421101407ローズパンラズナ　　　　　　　　　　  5.6  2.0 13.1  6.6  6.3 11  0.0                           
062355020521100028ネオエトワール　　　　　　　　　　　  5.3  2.0 13.6 17.6 10.5 16 17.3                           
062355020621101482ポチョラーダ　　　　　　　　　　　　 37.6  8.9-11.6-10.3 -7.3 -2  0.0                           
062355020721103494オメガジャカランダ　　　　　　　　　 82.4 18.2 -6.2-10.3 -5.6 -1  0.0                           
062355020821103087クレミーノ　　　　　　　　　　　　　 44.8 10.5-10.5 -7.6 -5.9 -1  0.0                           
062355020921101591ファーマシャイン　　　　　　　　　　 47.4 11.0 -8.8 -7.4 -5.4  0  0.0                           
062355021021100469カフェアローロ　　　　　　　　　　　 22.6  5.6 -3.3  2.0 -0.3  5  0.0                           
062355021121100886ビップレーヌ　　　　　　　　　　　　  6.0  2.1 12.4 20.1 11.1 16  0.0                           
062355021221105365パルファンソオン　　　　　　　　　　  9.4  3.0  6.3  8.3  4.9 10 11.6                           
062355021321107234サクラヒメ　　　　　　　　　　　　　 76.6 17.0-12.1-11.3 -7.8 -3  0.0                           
062355021421105597ティアード　　　　　　　　　　　　　 23.2  5.7-11.6-10.0 -7.1 -2  0.0                           
062355021521104850セージグリーン　　　　　　　　　　　  5.7  2.1 11.3 15.4  9.0 14 20.2                           
062355021621103067マーニク　　　　　　　　　　　　　　 31.2  7.5 -8.4 -2.6 -3.5  2  0.0                           
062355030121103489ダンガリー　　　　　　　　　　　　　 28.1  5.6 -9.4 -7.6 -5.6 -1  0.0                           
062355030221104166ソーラーエクリプス　　　　　　　　　 63.7 11.6-12.1-11.3 -7.8 -3  0.0                           
062355030321103525アデランテ　　　　　　　　　　　　　  7.3  2.1 16.3  9.3  8.3 13  9.4                           
062355030421107080セイウンマカロン　　　　　　　　　　 20.0  4.3  1.7  7.1  3.1  8  0.0                           
062355030521103119ニシノアヤカゼ　　　　　　　　　　　 15.8  3.5 -6.3  9.0  1.4  6  0.0                           
062355030621104120サクラトップセラー　　　　　　　　　 53.0 10.0 -8.0 -9.8 -6.0 -1  0.0                           
062355030721101160ピエナブリックス　　　　　　　　　　 89.8 16.1-11.6-10.9 -7.5 -2  0.0                           
062355030821103324ヨウルプッキ　　　　　　　　　　　　 41.3  7.9-11.6 -7.9 -6.4 -1  0.0                           
062355030921104497マイネルスピカ　　　　　　　　　　　 25.4  5.1 -8.1  4.6 -0.7  4 13.8                           
062355031021105965ダノンマカルー　　　　　　　　　　　  3.1  1.4 19.5 20.0 13.2 18  7.9                           
062355031121103673ハイジア　　　　　　　　　　　　　　 52.6 10.0-12.1-10.0 -7.3 -2  0.0                           
062355031221104781ジュレブランシュ　　　　　　　　　　  9.0  2.5  7.7  9.0  5.6 11 11.5                           
062355031321106209プレジール　　　　　　　　　　　　　  8.9  2.5  8.8 10.0  6.3 11 10.9                           
062355031421101253クラウンシエンタ　　　　　　　　　　  3.6  1.5 13.2 15.1  9.5 14  8.7                           
062355031521102107タニセンラッキー　　　　　　　　　　153.3 27.0-12.6-10.0 -7.4 -2  0.0                           
062355031621101427ガーデンプランナー　　　　　　　　　  8.1  2.3 11.5  6.0  5.7 11  0.0                           
062355040121106812レディマキシマ　　　　　　　　　　　  7.3  2.3  8.0 12.6  7.0 12  0.0                           
062355040221105788バロネッサ　　　　　　　　　　　　　  3.4  1.5 20.1 17.5 12.4 17 15.9                           
062355040321106280セプテントリオ　　　　　　　　　　　 60.5 12.0-12.1-18.3-10.3 -5  0.0  0                        
062355040421106792コスモカノア　　　　　　　　　　　　 26.6  5.8 -0.4-10.3 -3.9  1  0.0                           
062355040521107302ブライトフラワー　　　　　　　　　　 83.3 16.3-12.1 -7.0 -6.2 -1  0.0                           
062355040621103133ドンタカーミ　　　　　　　　　　　　 38.4  8.1-11.6-15.2 -9.1 -4  0.0                           
062355040721100029ネオグラン　　　　　　　　　　　　　108.9 21.1-12.1 -9.1 -7.0 -2  0.0                           
062355040821103732エリカサファイア　　　　　　　　　　  4.9  1.7 11.9 15.0  9.1 14 18.8                           
062355040921106088シュタイフブリーゼ　　　　　　　　　 15.3  3.7  2.9 -9.4 -2.6  2  0.0                           
062355041021101580メイショウヨゾラ　　　　　　　　　　  4.3  1.6 21.5 22.7 14.8 20 17.3                           
062355041121104837ニシノフルール　　　　　　　　　　　 29.0  6.3-12.1  7.3 -1.0  4  0.0                           
062355041221105518ヴェラベレッツァ　　　　　　　　　　 16.4  3.9  1.4  7.5  3.2  8  0.0                           
062355041321106198ウインベルレーヌ　　　　　　　　　　 26.5  5.8 -0.5  7.0  2.4  7  0.0                           
062355041421101231ショウナンナツゾラ　　　　　　　　　  6.9  2.2  8.9  9.8  6.3 11  0.0                           
062355041521101832ベネボレンス　　　　　　　　　　　　 33.2  7.1-12.6-11.7 -8.1 -3  0.0                           
062355041621102430ダッシュチョウサン　　　　　　　　　 64.8 12.8-12.6-13.4 -8.7 -4  0.0                           
062355050121102394オーシンダイヤ　　　　　　　　　　　 51.3 10.3 -3.2-10.0 -4.6 -5  0.0                           
062355050221101706クィーンルーラー　　　　　　　　　　 69.6 13.3-12.1 -9.8 -7.2 -7  0.0                           
062355050321101669ロデオクイーン　　　　　　　　　　　 33.5  6.9-12.6-11.3 -7.9 -8  0.0                           
062355050421104482ウィナールーツ　　　　　　　　　　　 35.7  7.3 -4.9 -2.0 -2.2 -2  0.0                           
062355050521100609レイズショコラ　　　　　　　　　　　 24.5  5.2  3.7  9.9  4.7  5  0.0                           
062355050621105853リュケイオン　　　　　　　　　　　　  2.7  1.4 15.0 26.6 14.3 14 15.9  2                        
062355050721105356ターコイズフリンジ　　　　　　　　　  5.7  1.9 14.3 11.0  8.3  8 17.3                           
062355050821104890ロンギングドルチェ　　　　　　　　　 24.7  5.3  7.5  8.0  5.2  5  0.0                           
062355050921105822エバーアリエル　　　　　　　　　　　 29.9  6.2 -7.6  7.5  0.5  0  0.0                           
062355051021101549アドマイヤマツリ　　　　　　　　　　  6.5  2.0 16.5 15.0 10.4 10  0.0                           
062355051121101853マオノサムライ　　　　　　　　　　　 73.7 14.1-11.6-13.9 -8.6 -9  0.0                           
062355051221105151ダノンタイムリー　　　　　　　　　　 11.9  2.9  5.4 21.4  9.5  9  0.0                           
062355051321107357ホークビッツ　　　　　　　　　　　　 89.6 17.0-12.1-10.9 -7.6 -8  0.0                           
062355051421102126バエル　　　　　　　　　　　　　　　 85.4 16.2 -9.8 -2.0 -3.7 -4  0.0                           
062355051521103512ツインクルステージ　　　　　　　　　 15.0  3.5 -2.2 -1.2 -1.1 -1 11.6                           
062355051621105561ミッキーラッキー　　　　　　　　　　  6.7  2.1  2.3  6.2  3.0  3 10.1                           
062355051721104938ワンダホー　　　　　　　　　　　　　 16.0  3.7 -0.5-15.2 -5.7 -6  0.0                           
062355051821106137シルバーフィズ　　　　　　　　　　　 34.4  7.1-11.6-10.3 -7.3 -7  0.0                           
062355060121101803メトゥス　　　　　　　　　　　　　　  3.6  1.5 18.4 13.0 10.3 10  8.6                           
062355060221106345ミルトコルサ　　　　　　　　　　　　  6.1  2.0 13.7  6.1  6.3  6 10.1                           
062355060321100485ランドエース　　　　　　　　　　　　 17.1  3.9 -1.5 19.8  6.8  7  0.0                           
062355060421107117リモートビジン　　　　　　　　　　　130.6 24.5-12.1-11.6 -7.9 -8  0.0                           
062355060521102055グランバイオレット　　　　　　　　　 14.6  3.5  1.3 -3.0 -0.7 -1  0.0                           
062355060621101097キタノワイオリ　　　　　　　　　　　 22.8  4.9 -8.8  5.6 -0.6 -1  0.0                           
062355060721100550リネンニューイヤー　　　　　　　　　 17.0  3.9-10.1-15.2 -8.6 -9 12.3                           
062355060821107372ラブリーポップ　　　　　　　　　　　124.4 23.4-10.1-10.4 -6.8 -7  0.0                           
062355060921102527キミハレモネード　　　　　　　　　　 50.9 10.2-10.1-11.9 -7.4 -7  0.0                           
062355061021106009ペイシャツネ　　　　　　　　　　　　 36.1  7.4-11.6 -2.0 -4.2 -4  0.0                           
062355061121100328グリントリッター　　　　　　　　　　  6.0  1.9  9.7  6.0  5.1  5  9.4                           
062355061221103636ミユキマーベリック　　　　　　　　　 63.6 12.3 -5.1-12.0 -5.9 -6  0.0                           
062355061321100662ベニシア　　　　　　　　　　　　　　  3.6  1.5 10.8  5.0  5.1  5 15.9                           
062355061421100071アオイカメリア　　　　　　　　　　　 47.8  9.6 -6.5 -2.0 -2.7 -3  0.0                           
062355061521104205プチブール　　　　　　　　　　　　　 10.7  2.7  4.2  2.8  2.3  2  0.0                           
062355061621105118マインドユアリズム　　　　　　　　　 24.3  5.2  0.1 -3.0 -1.1 -1  0.0                           
062355070119100913ポリクシニーズ　　　　　　　　　　　 30.8  5.8-11.6-13.9 -8.6 11  0.0                           
062355070220105797アンノウンレディ　　　　　　　　　　 21.1  4.3 -7.4  6.8  0.3 20  0.0                           
062355070320104625コスモバイオレット　　　　　　　　　 22.3  4.4 -2.1 16.5  5.4 25  0.0                           
062355070420103728ヤングローゼス　　　　　　　　　　　  4.1  1.6 16.4 16.4 10.9 31 17.3                           
062355070520102862レシプロシティ　　　　　　　　　　　 11.4  2.6  4.9 12.1  5.9 26 10.8                           
062355070620100742ブラックヴァール　　　　　　　　　　  8.4  2.3  7.2  4.6  3.8 24  0.0                           
062355070720104778チャイボーグ　　　　　　　　　　　　 75.0 12.9-12.1 -5.6 -5.7 14  0.0                           
062355070816100742ナミブ　　　　　　　　　　　　　　　 50.0  9.1-12.1 -7.9 -6.5 13  0.0                           
062355070919105643ナンヨーアゼリア　　　　　　　　　　 37.1  6.9 -4.4  6.2  1.0 21  0.0                           
062355071020102526トーセンウォルト　　　　　　　　　　 32.0  6.0-11.6-11.9 -7.8 12  0.0                           
062355071120105496ニシノコウフク　　　　　　　　　　　  2.5  1.3 22.7 15.1 12.3 32 15.9                           
062355071219106851ラエール　　　　　　　　　　　　　　 18.6  3.9 -1.3 11.0  3.6 24 12.3                           
062355071319100907ゼアズノープレイス　　　　　　　　　 50.6  9.2-12.1 -5.6 -5.7 14  0.0                           
062355071418102917ネイチャーシップ　　　　　　　　　　 15.8  3.4  1.4 10.6  4.3 24  0.0                           
062355071518102151マイネルヒッツェ　　　　　　　　　　 28.1  5.4 -0.8-15.2 -5.8 14  0.0                           
062355071620103955ルーチェロッサ　　　　　　　　　　　  9.0  2.4  1.1 14.9  5.8 26  0.0                           
062355080121102717ジャグアール　　　　　　　　　　　　 10.7  2.5  3.2 10.4  4.8 10 10.9                           
062355080221109062バスターショット　　　　　　　　　　 97.6 17.0-11.6-12.6 -8.1 -3  0.0  0                        
062355080321103813ソルベット　　　　　　　　　　　　　 21.7  4.4 -3.7-14.9 -6.6 -2  0.0                           
062355080421103106サイモンモーニング　　　　　　　　　 38.2  7.2 -6.5  2.0 -1.2  4  0.0                           
062355080521104326ユキノロイヤル　　　　　　　　　　　 13.9  3.1  0.0  9.1  3.3  8  0.0                           
062355080621110146ゴールデンルーキー　　　　　　　　　 69.9 12.3-12.1-12.7 -8.3 -3  0.0                           
062355080721110042サクソフィーナ　　　　　　　　　　　  8.2  2.3  7.7 -2.0  1.6  7 10.1                           
062355080821105076エンツォ　　　　　　　　　　　　　　 13.8  3.1 10.5  5.0  5.0 10  0.0                           
062355080921106836ウォーブルースター　　　　　　　　　115.0 19.9-10.1-11.0 -7.1 -2  0.0                           
062355081021106454ファイアンス　　　　　　　　　　　　 38.3  7.2 -8.4-11.0 -6.6 -2  0.0                           
062355081121104143アンコーナ　　　　　　　　　　　　　  7.1  2.1 16.3  9.3  8.3 13  9.4                           
062355081221100293ホーハイト　　　　　　　　　　　　　 34.1  6.5-12.1-10.7 -7.6 -3  0.0                           
062355081321102204リュウノハイル　　　　　　　　　　　 50.0  9.3-12.1-11.6 -7.9 -3  0.0                           
062355081421104844グロッシェン　　　　　　　　　　　　  5.5  1.8 12.7 15.0  9.3 14 17.3                           
062355081521110003アンドアイラヴハー　　　　　　　　　  2.3  1.3 21.9 24.3 15.5 20  7.9                           
062355081621101639ソルトブリーズ　　　　　　　　　　　 24.1  4.8 -6.5 11.1  2.1  7  0.0                           
062355090117103299メタルスパーク　　　　　　　　　　　 20.6  4.4  0.2  7.7  2.9 33  0.0                           
062355090217106689クリノナイスガイ　　　　　　　　　　 29.5  6.0 -7.6-10.6 -6.2 24  0.0                           
062355090318106610ビヨンドザシーン　　　　　　　　　　115.5 20.9 -6.0-10.6 -5.7 24  0.0                           
062355090418106220メイショウシロガネ　　　　　　　　　 16.2  3.6  5.6 -2.1  0.9 31  0.0                           
062355090519104929エコルフリューゲル　　　　　　　　　  6.5  2.0 13.8  1.0  4.5 35  0.0                           
062355090617105720クリノキングボス　　　　　　　　　　112.4 20.4-12.1-17.9-10.2 20  0.0  0                        
062355090719101325アイファーエポック　　　　　　　　　 15.3  3.5  2.3  6.4  3.0 33  0.0                           
062355090817103267エクストラノート　　　　　　　　　　  8.3  2.4  5.9  1.5  2.3 32  0.0                           
062355090920100604テーオーレガシー　　　　　　　　　　  3.1  1.4 19.8 16.6 12.0 42 15.9                           
062355091018101033サノノヒーロー　　　　　　　　　　　 97.1 17.7-11.6 -7.0 -6.0 24  0.0                           
062355091118101232ヒヤ　　　　　　　　　　　　　　　　 73.2 13.5-12.9-10.1 -7.6 22  0.0                           
062355091218100719タケルジャック　　　　　　　　　　　 24.5  5.1-10.1-11.9 -7.4 23  0.0                           
062355091319106414アスクビックスター　　　　　　　　　  3.8  1.5 18.5 16.4 11.6 42 17.3                           
062355091418105908カサデガ　　　　　　　　　　　　　　 70.5 13.0-12.1 -9.3 -7.0 23  0.0                           
062355091517103788フリーフロー　　　　　　　　　　　　  8.8  2.4 12.4-11.7 -0.6 29 10.9                           
062355091617102043ファイヴレター　　　　　　　　　　　 13.0  3.0  4.9 17.0  7.7 38 11.5  3                        
062355100118104149ディベルティール　　　　　　　　　　 40.7  9.0 -4.2 11.0  2.8 33  0.0  5                        
062355100219100898タッカーシルバー　　　　　　　　　　  6.5  2.2  3.4 -0.4  0.9 31 18.8                           
062355100318100748アルマセクメト　　　　　　　　　　　 71.9 14.9 -8.8-12.1 -7.1 23  0.0                           
062355100419106730マイアミュレット　　　　　　　　　　 23.8  5.5 -9.0 17.9  3.9 34  0.0  4                        
062355100520101134ニフェーデービル　　　　　　　　　　  7.4  2.4  8.5  8.7  5.7 36  0.0                           
062355100619102481エクサープト　　　　　　　　　　　　 42.9  9.4-10.0 -7.9 -5.9 24  0.0                           
062355100720105250ビルカール　　　　　　　　　　　　　  3.7  1.6 14.5 15.1  9.9 40  8.0                           
062355100819102505タヤスゴールド　　　　　　　　　　　 19.1  4.6 -5.7  7.3  1.0 31  0.0                           
062355100917104560ブルーダイヤカフェ　　　　　　　　　 21.0  5.0  4.0  6.0  3.4 33  0.0                           
062355101019103692トウカイファクター　　　　　　　　　 16.2  4.0 -8.1  9.3  1.0 31  0.0                           
062355101118104022サウスジェラート　　　　　　　　　　 17.6  4.3 -4.8  6.0  0.8 31  0.0                           
062355101217102872ニルカンタテソーロ　　　　　　　　　  8.6  2.6  9.1  8.0  5.7 36 10.8                           
062355101320106249エイシンケプラー　　　　　　　　　　 32.1  7.2-12.1  3.2 -2.5 28  0.0                           
062355101419102761グレタ　　　　　　　　　　　　　　　  4.7  1.8 12.7 11.3  8.0 38  8.7                           
062355101520101560ダラムキャッスル　　　　　　　　　　 25.4  5.8  1.4-11.1 -3.7 26  0.0                           
062355101620101983クリノアルバトロス　　　　　　　　　 13.7  3.5  7.4 23.2 10.7 41 11.5                           
062355110119105454ルージュエクレール　　　　　　　　　 34.2  8.3 -8.1-15.1 -8.0 42  0.0  0                        
062355110219105768フィールシンパシー　　　　　　　　　 25.0  6.3 -8.3 20.0  4.8 55 15.1                           
062355110318104914アナザーリリック　　　　　　　　　　 55.8 12.9 -8.2-10.0 -6.1 44  0.0                           
062355110419104982ルージュスティリア　　　　　　　　　 34.8  8.5-11.8 -8.1 -6.5 43  0.0                           
062355110517102936ミスニューヨーク　　　　　　　　　　 11.6  3.3  7.7 17.6  8.8 59 18.9                           
062355110618100671フィアスプライド　　　　　　　　　　  5.7  2.1 18.4 12.4 10.1 60 10.1                           
062355110719105505サーマルウインド　　　　　　　　　　  9.3  3.0  4.1 19.0  8.2 58 10.9  5                        
062355110820102763ライトクオンタム　　　　　　　　　　 27.5  6.8 -7.2-14.1 -7.3 43  0.0  0                        
062355110919104057サウンドビバーチェ　　　　　　　　　 17.3  4.6  5.5  6.8  4.1 54  0.0                           
062355111020102942ヒップホップソウル　　　　　　　　　  5.1  2.0 13.4 12.6  8.6 59  0.0  5                        
062355111119103973ルージュリナージュ　　　　　　　　　 24.4  6.1  3.0  7.0  3.5 53  0.0                           
062355111220102928ソーダズリング　　　　　　　　　　　  5.3  2.0 15.5 16.8 10.8 61  0.0                           
062355111320106967キタウイング　　　　　　　　　　　　 21.6  5.5 -6.0  6.6  0.6 51  0.0                           
062355111419100205ウインピクシス　　　　　　　　　　　 13.1  3.7 -4.3  6.3  1.0 51  0.0                           
062355111520103368コナコースト　　　　　　　　　　　　  5.2  2.0 19.6 26.1 15.4 65 15.8                           
062355111617103201クリノプレミアム　　　　　　　　　　 37.3  9.0-10.2-11.6 -7.3 43  0.0                           
062355120120106047フェイマスドクター　　　　　　　　　 12.0  3.2  3.1 12.6  5.6 26  0.0                           
062355120219104059スマートオリーブ　　　　　　　　　　 15.9  4.0 -0.7  5.3  1.7 22 13.0                           
062355120319102736イルザ　　　　　　　　　　　　　　　 11.7  3.1 -9.3-10.0 -6.5 14  0.0                           
062355120419101765ビッグパレード　　　　　　　　　　　  7.9  2.5  4.6  7.6  4.2 24 10.1                           
062355120520106983ネバレチュゴー　　　　　　　　　　　  4.4  1.8 17.6 17.5 11.7 32 15.9                           
062355120619101266ザアトム　　　　　　　　　　　　　　 13.9  3.6  1.9 11.0  4.6 25  0.0  5                        
062355120720103575シュバルツガイスト　　　　　　　　　  4.4  1.8 13.1 13.2  8.8 29  8.7                           
062355120818104723マグナムハート　　　　　　　　　　　103.1 21.7-12.1-17.9-10.2 10  0.0  0                        
062355120920103349イルディヴィーノ　　　　　　　　　　 23.2  5.5 -8.5  9.0  0.8 21  0.0                           
062355121020101230ヤングワールド　　　　　　　　　　　 16.9  4.3 -5.6 -3.8 -3.1 17  0.0                           
062355121119105008トーアスカーレット　　　　　　　　　 19.0  4.7 -0.5-11.7 -4.4 16  0.0                           
062355121220103900プラティクレール　　　　　　　　　　  6.6  2.2 11.5 22.1 11.6 32  9.4  3                        
062355121320100143ディーズメイト　　　　　　　　　　　 34.4  7.9-11.6-11.3 -7.6 12  0.0                           
062355121420107199ダンスインザリング　　　　　　　　　 28.1  6.5  3.3 -7.4 -1.7 18  0.0                           
062355121519105580カリカ　　　　　　　　　　　　　　　 23.5  5.6 -6.0-12.0 -6.2 14  0.0                           
062355121619102186オーロラアーク　　　　　　　　　　　 35.7  8.1 -8.8  4.0 -1.2 19  0.0                           
072345010121107356ドレアンティア　　　　　　　　　　　 22.6  5.3 -4.9-15.0 -6.3 -1  0.0                           
072345010221102916クリノリヴィング　　　　　　　　　　 50.4 10.9-11.6-15.9 -9.0 -4  0.0                           
072345010321100919カフジホルミウム　　　　　　　　　　 14.8  3.7  7.0  9.0  5.3 10  0.0                           
072345010421100859パルマノーヴァ　　　　　　　　　　　 36.0  8.0-11.6-15.0 -8.8 -4  0.0                           
072345010521103997ラヴィンローゼス　　　　　　　　　　 15.2  3.8-12.5-15.0 -9.1 -4  0.0                           
072345010621104639ラストボーン　　　　　　　　　　　　  4.1  1.7 22.2 -9.0  5.4 10  0.0 1                         
072345010721103332アイスブレイカー　　　　　　　　　　 55.7 11.7-10.9  7.5 -1.7  3  0.0                           
072345010821104195スマートパナセア　　　　　　　　　　 36.7  8.2-12.5  3.9 -3.4  2  0.0                           
072345010921101837ダイシンオリーブ　　　　　　　　　　  6.1  2.1 12.5 20.0 10.6 16  0.0                           
072345011021107078ツーエムピシュー　　　　　　　　　　 15.6  3.9  8.7 -6.9  1.1  6  0.0                           
072345011121106173イナズマホリデー　　　　　　　　　　 30.8  6.9-10.3 -9.5 -6.6 -2  0.0                           
072345011221102625ペイシャエール　　　　　　　　　　　 30.8  6.9-10.9-12.5 -7.7 -3  0.0                           
072345011321104519ガラシュ　　　　　　　　　　　　　　  4.7  1.8 15.3 18.0 11.0 16  0.0                           
072345011421104782ミッキードラマー　　　　　　　　　　  4.2  1.7 16.2 18.8 11.6 17  0.0                           
072345011521104485アーウイン　　　　　　　　　　　　　 14.7  3.7  0.0  9.0  2.7  8  0.0                           
072345011621102039テイエムドルオー　　　　　　　　　　 43.3  9.5-12.5-15.0 -9.1 -4  0.0                           
072345020120101341ムーランブルー　　　　　　　　　　　  9.3  2.7  5.7  7.5  4.3 24  0.0                           
072345020220104240ノッテルーナ　　　　　　　　　　　　 34.3  7.2-11.6  6.9 -2.2 18  0.0                           
072345020319104448ファムスパーブ　　　　　　　　　　　 17.6  4.1 -4.6-15.0 -6.2 14  0.0                           
072345020419101015アファン　　　　　　　　　　　　　　 26.1  5.6  2.5  9.0  3.6 24  0.0                           
072345020520100719キャロルビアンカ　　　　　　　　　　 23.5  5.1 -2.3  9.5  2.0 22  0.0                           
072345020620106209メイショウコボケ　　　　　　　　　　  3.3  1.5 18.6 14.2 11.1 31  0.0                           
072345020717105132パラティーノヒル　　　　　　　　　　115.0 22.1-12.3-12.5 -8.3 12  0.0                           
072345020820106519モズアンタレス　　　　　　　　　　　 20.7  4.7-11.6-15.0 -8.8 11  0.0                           
072345020919102312エターナルプライド　　　　　　　　　 35.8  7.5-10.9-12.5 -7.7 12  0.0                           
072345021019104644ハローサブリナ　　　　　　　　　　　  8.8  2.6  4.7  9.0  4.4 24  0.0                           
072345021120102757ベファーナ　　　　　　　　　　　　　 28.3  6.1  1.6-15.0 -3.9 16  0.0                           
072345021220104472プレッジ　　　　　　　　　　　　　　  5.4  1.8  4.9 15.0  6.3 26  0.0                           
072345021320103525グラングスト　　　　　　　　　　　　  8.9  2.6 -0.7-15.0 -4.8 15  0.0                           
072345021420106579ルナビス　　　　　　　　　　　　　　  4.3  1.6 16.1 19.9 11.9 32  0.0                           
072345021518100903ラスティネイル　　　　　　　　　　　 44.9  9.2-10.9-12.5 -7.7 12  0.0                           
072345030119105541ルージュシェノン　　　　　　　　　　  6.0  2.0 13.3  9.0  7.6 28  0.0                           
072345030220106941スペンサーバローズ　　　　　　　　　 17.9  4.3 -6.7-12.5 -6.2 14  0.0                           
072345030320102840ブーバー　　　　　　　　　　　　　　 25.7  5.8 -1.4-12.5 -4.3 16  0.0                           
072345030420106816ディクレアブルーム　　　　　　　　　  6.0  2.0 12.6 22.5 11.4 31  0.0                           
072345030520105855レッドリターン　　　　　　　　　　　 45.9  9.9-10.9-12.5 -7.7 12  0.0                           
072345030617100426グレアミラージュ　　　　　　　　　　 24.3  5.5-11.6 -4.7 -5.7 14  0.0                           
072345030719105359シンエン　　　　　　　　　　　　　　 12.9  3.3  3.4-15.0 -3.3 17  0.0                           
072345030820110127ジョヴィアン　　　　　　　　　　　　  3.1  1.5 25.0 30.0 18.2 38  0.0                           
072345030919105285メッセージソング　　　　　　　　　　 32.5  7.2 -4.9-15.0 -6.3 14  0.0                           
072345031019102282ウイスキータイム　　　　　　　　　　 16.1  4.0 -0.6  7.5  2.0 22  0.0                           
072345031120100130エスジースパークル　　　　　　　　　 40.7  8.8 -6.9-12.5 -6.3 14  0.0                           
072345031219104776ライブインステラ　　　　　　　　　　 18.6  4.4 -4.0  7.5  0.8 21  0.0                           
072345031319105627タイセイロージー　　　　　　　　　　 45.9  9.9-10.9-12.5 -7.7 12  0.0                           
072345031420102955ポワンキュルミナン　　　　　　　　　  7.8  2.4  2.0 15.0  5.2 25  0.0                           
072345031519110026ボブズヤアンクル　　　　　　　　　　 20.3  4.8-11.6-15.0 -8.8 11  0.0                           
072345031619103427イエヴァンポルッカ　　　　　　　　　 13.4  3.4 -0.3 12.5  3.6 24  0.0                           
072345040121104981メイクユーマイン　　　　　　　　　　  4.5  1.5 14.2 22.5 12.0 17  0.0                           
072345040221104803ベレンガリア　　　　　　　　　　　　 16.7  3.5 12.5  9.0  7.3 12  0.0                           
072345040321106613チェリアーナ　　　　　　　　　　　　 42.7  7.7-11.6 -9.0 -7.0 -2  0.0                           
072345040421103537トゥルーサクセサー　　　　　　　　　  2.8  1.3 17.5 18.8 12.1 17  0.0                           
072345040521106824マイネルエムロード　　　　　　　　　 64.4 11.0 -6.7-12.5 -6.2 -1  0.0                           
072345040621102760テンダーデイズ　　　　　　　　　　　 14.8  3.1  3.8  4.7  2.8  8  0.0                           
072345040721106694ソウルアンドジャズ　　　　　　　　　 16.2  3.4  2.1  7.5  3.0  8  0.0                           
072345040821103591ベルベストランナー　　　　　　　　　 17.3  3.6  8.8  9.0  5.9 11  0.0                           
072345040921107209リトルアイドル　　　　　　　　　　　 38.3  6.9-10.9-12.5 -7.7 -3  0.0                           
072345041021100935ララマセラシオン　　　　　　　　　　 61.3 10.4-12.3-12.5 -8.3 -3  0.0                           
072345041121101302サンプルメリア　　　　　　　　　　　 22.4  4.3 -1.0 -6.5 -2.3  3  0.0                           
072345041221105132オオタニズスマイル　　　　　　　　　 46.4  8.3-12.5-10.7 -7.8 -3  0.0                           
072345041321105690レドンホール　　　　　　　　　　　　 17.9  3.7-12.5-15.0 -9.1 -4  0.0                           
072345041421105434ショウナンガチ　　　　　　　　　　　  3.3  1.4 17.0 18.0 11.6 17  0.0                           
072345041521101155ピエナオルフェ　　　　　　　　　　　 58.9 10.1-10.5-15.9 -8.6 -4  0.0                           
072345050121102836メイショウアラセツ　　　　　　　　　 14.5  3.6-11.6-15.0 -8.8 -9  0.0                           
072345050221106606ヤマニントレモロ　　　　　　　　　　  7.7  2.4  8.5  9.0  5.8  6  0.0                           
072345050321106057タニセンドリーム　　　　　　　　　　 31.8  7.0-10.9-12.5 -7.7 -8  0.0                           
072345050421106937シュプリームアロー　　　　　　　　　 26.8  6.0-12.5 -8.0 -7.0 -7  0.0                           
072345050521110112ウェットシーズン　　　　　　　　　　  3.3  1.5 17.7 18.8 12.1 12  0.0                           
072345050621104207レッドモンストル　　　　　　　　　　  7.5  2.3  3.8 15.0  5.9  6  0.0                           
072345050721110129オールドマイン　　　　　　　　　　　  5.1  1.8 15.1 18.0 10.9 11  0.0                           
072345050821103574インジケーター　　　　　　　　　　　 15.5  3.8 -2.3  9.0  1.9  2  0.0                           
072345050921107056タイセイマーシャル　　　　　　　　　 11.0  2.9-12.5-15.0 -9.1 -9  0.0                           
072345051021105147クワッドルッツ　　　　　　　　　　　 34.0  7.4 -0.1-20.0 -6.0 -6  0.0                           
072345051121101034ビッグブロック　　　　　　　　　　　 34.5  7.5-10.9-12.5 -7.7 -8  0.0                           
072345051221106066メッエフアパラ　　　　　　　　　　　 23.1  5.3 -6.7-12.5 -6.2 -6  0.0                           
072345051321100133ルミナスボディ　　　　　　　　　　　  5.1  1.8 22.5 30.0 17.3 17  0.0                           
072345060121101365サバイバルリベラル　　　　　　　　　 58.7 11.6-10.9 -3.3 -5.0  0  0.0                           
072345060221105868バーケンティン　　　　　　　　　　　 11.9  3.0-11.6-15.0 -8.8 -4  0.0                           
072345060321107169ネムレスクイーン　　　　　　　　　　 11.5  2.9  1.7  7.5  2.9  8  0.0                           
072345060421106200ウインオーブ　　　　　　　　　　　　 29.3  6.3 -4.6-11.5 -5.1  0  0.0                           
072345060521104956エールヴァーゲ　　　　　　　　　　　 24.5  5.4-12.5-15.0 -9.1 -4  0.0                           
072345060621104978マルカオペラ　　　　　　　　　　　　 14.6  3.5 -3.4  9.0  1.5  6  0.0                           
072345060721110024スカイレディ　　　　　　　　　　　　 19.3  4.4 -5.1 15.0  2.6  8  0.0                           
072345060821109112アツヒメ　　　　　　　　　　　　　　 78.2 15.3-12.3-12.5 -8.3 -3  0.0                           
072345060921107242ルージュラメンテ　　　　　　　　　　  6.1  2.0 13.8 15.0  9.6 15  0.0                           
072345061021105912ラントリサント　　　　　　　　　　　  3.4  1.5 19.6 22.5 13.9 19  0.0                           
072345061121106627インフルブルーム　　　　　　　　　　  4.1  1.6 19.8-13.4  3.2  8  0.0                           
072345061221105261ナリノイングリッド　　　　　　　　　 11.5  2.9 10.2 -9.0  1.0  6  0.0                           
072345061321100612セロリ　　　　　　　　　　　　　　　  8.8  2.6 13.1 18.0 10.2 15  0.0                           
072345061421104766ベッティーナ　　　　　　　　　　　　 36.3  7.6-10.9-12.5 -7.7 -3  0.0                           
072345061521104321カレンワッツアップ　　　　　　　　　 53.2 10.9-11.6-15.0 -8.8 -4  0.0                           
072345070119105759フジフォンテ　　　　　　　　　　　　 12.5  3.1  0.0 25.0  7.5 28  0.0                           
072345070219104761ジルバーン　　　　　　　　　　　　　  4.5  1.8 21.6 22.5 14.7 35  0.0                           
072345070319106820マテウス　　　　　　　　　　　　　　 38.5  8.0-11.6-15.0 -8.8 11  0.0                           
072345070420105712セントアイヴス　　　　　　　　　　　 31.9  6.7-10.9-12.5 -7.7 12  0.0                           
072345070519110076ワンダフルヘヴン　　　　　　　　　　 20.1  4.6-12.3-12.5 -8.3 12  0.0                           
072345070619103020ロードラプソディ　　　　　　　　　　  9.5  2.7  2.0 15.0  5.2 25  0.0                           
072345070719103302ユリシーズ　　　　　　　　　　　　　 49.3 10.0-12.3-15.0 -9.0 11  0.0                           
072345070819106014スピリトーゾ　　　　　　　　　　　　 32.6  6.9-12.3-15.0 -9.0 11  0.0                           
072345070920101717ネイロン　　　　　　　　　　　　　　 14.1  3.4 -5.4 -9.0 -4.7 15  0.0                           
072345071020110069モズアカボス　　　　　　　　　　　　 24.9  5.4-11.6-13.4 -8.3 12  0.0                           
072345071120105638インザビギニング　　　　　　　　　　  9.0  2.6 -6.3  8.8  0.3 20  0.0  5                        
072345071220106927リュクスドレフォン　　　　　　　　　  3.2  1.5 15.6 30.0 14.7 35  0.0                           
072345071318106715ナムラスワガー　　　　　　　　　　　 18.2  4.2  0.7  0.1  0.3 20  0.0                           
072345071420102343サンライズパスカル　　　　　　　　　  8.9  2.6 13.7 18.0 10.4 30  0.0                           
072345071520110100シゲルソロソロ　　　　　　　　　　　 13.2  3.2  5.7 21.5  8.5 29  0.0                           
072345080119103996タイキエクセロン　　　　　　　　　　 15.9  4.0-12.5-15.0 -9.1 11  0.0                           
072345080220101481サザンレイク　　　　　　　　　　　　 33.6  7.6-10.9-12.5 -7.7 12  0.0                           
072345080319103308カフェベラノッテ　　　　　　　　　　 14.3  3.7  8.1  7.5  5.2 25  0.0                           
072345080420102849テンコマンドゥール　　　　　　　　　 58.1 12.4 -2.7  7.5  1.3 21  0.0                           
072345080519104903チャオベッラ　　　　　　　　　　　　 36.2  8.2-11.6-15.0 -8.8 11  0.0                           
072345080620100702ジューンアース　　　　　　　　　　　  4.1  1.7 16.3 22.5 12.7 33  0.0                           
072345080719101673リッキーヤスオカ　　　　　　　　　　 29.4  6.8-11.6 -8.0 -6.7 13  0.0                           
072345080819105131レーヌデゼトワール　　　　　　　　　 60.6 12.9-10.9-12.5 -7.7 12  0.0                           
072345080919102274アインシュペンナー　　　　　　　　　  4.5  1.8 17.1 18.0 11.7 32  0.0                           
072345081017104773オルガンザ　　　　　　　　　　　　　 42.9  9.5-10.9-12.5 -7.7 12  0.0                           
072345081118103293ヨドノゴールド　　　　　　　　　　　  8.1  2.6 12.3  9.0  7.2 27  0.0                           
072345081219104053テーオートルネード　　　　　　　　　  7.4  2.4 13.2 30.0 13.8 34  0.0                           
072345081320101373バトゥーキ　　　　　　　　　　　　　  5.2  1.9 14.4 15.0  9.8 30  0.0                           
072345081420102881プリンスノット　　　　　　　　　　　 12.5  3.3-11.6-15.0 -8.8 11  0.0                           
072345081520106951サルジュターグ　　　　　　　　　　　 86.8 18.2-10.9-12.5 -7.7 12  0.0                           
072345081620104751ゼットカレン　　　　　　　　　　　　 15.1  3.9  0.7  9.0  3.0 23  0.0                           
072345090119105824アレナリア　　　　　　　　　　　　　 14.9  3.8  2.7 18.0  6.4 26  0.0                           
072345090219100915ゼンノインヴォーク　　　　　　　　　  7.1  2.3 12.5  9.0  7.3 27  0.0                           
072345090320107121イケイケドンドン　　　　　　　　　　 23.4  5.5-10.9-12.5 -7.7 12  0.0                           
072345090418104791タイセイアーサー　　　　　　　　　　 37.3  8.4-10.9-12.5 -7.7 12  0.0                           
072345090520106677スピーディブレイク　　　　　　　　　 22.1  5.3  1.0-12.5 -3.4 17  0.0                           
072345090620100306モルトヴェローチェ　　　　　　　　　 30.1  6.9 -6.7-12.5 -6.2 14  0.0                           
072345090720102935シリアルノヴェル　　　　　　　　　　 45.7 10.2-10.9-12.5 -7.7 12  0.0                           
072345090818102163ギンノサジ　　　　　　　　　　　　　 35.0  7.9 -2.6-12.5 -4.7 15  0.0                           
072345090919104098メイショウホーコン　　　　　　　　　 52.1 11.5-11.6-15.0 -8.8 11  0.0                           
072345091019100774マイネルシーマー　　　　　　　　　　 21.8  5.2  5.0  7.5  4.1 24  0.0                           
072345091119104112メイショウウネビ　　　　　　　　　　  7.2  2.4  6.8  4.2  3.8 24  0.0                           
072345091220102081テンクウハット　　　　　　　　　　　 18.6  4.6 -5.4-15.0 -6.5 14  0.0                           
072345091319104459グランシエロ　　　　　　　　　　　　  3.2  1.6 14.9 18.8 11.1 31  0.0                           
072345091420110042ファミリーラヴ　　　　　　　　　　　 44.5  9.9-10.3 -7.1 -5.9 14  0.0                           
072345091520105746コスモバラタ　　　　　　　　　　　　 11.8  3.2-10.9  7.5 -1.7 18  0.0                           
072345091620105773コスモフリーゲン　　　　　　　　　　 14.5  3.7 -6.7-12.5 -6.2 14  0.0                           
072345091719104674エバーハンティング　　　　　　　　　 28.9  6.7-10.9-12.5 -7.7 12  0.0                           
072345091820103538オーシャントライブ　　　　　　　　　  6.7  2.3  6.9  9.0  5.2 25  0.0                           
072345100121101023アイファーバトル　　　　　　　　　　 16.4  3.5 -2.3  7.5  1.4 46  0.0                           
072345100221110132ジャスパーノワール　　　　　　　　　  4.0  1.4 19.1 24.0 14.2 59  0.0                           
072345100321109157テイエムチュララン　　　　　　　　　 26.2  5.1-11.6-15.0 -8.8 36  0.0                           
072345100421106730スタビライザー　　　　　　　　　　　 25.2  4.9-10.3-10.8 -7.0 38  0.0                           
072345100521104006クリスアーサー　　　　　　　　　　　  4.1  1.5 17.6 18.0 11.9 57  0.0                           
072345100621106395ハッピーサプライズ　　　　　　　　　 23.4  4.6-10.9-12.5 -7.7 37  0.0                           
072345100721105111レーザーショー　　　　　　　　　　　 15.5  3.3  2.5  7.5  3.2 48  0.0                           
072345100821110027エトヴプレ　　　　　　　　　　　　　  2.6  1.3 21.2 12.8 11.6 57  0.0                           
072345100921100899ビッグドリーム　　　　　　　　　　　  4.2  1.5 14.2 15.0  9.7 55  0.0                           
072345110119106390タイセイエピソード　　　　　　　　　 13.5  3.1 -4.6-15.0 -6.2 29  0.0                           
072345110217106303アイブランコ　　　　　　　　　　　　 13.6  3.1 -2.3  7.5  1.4 36  0.0                           
072345110318103736ゴダイリキ　　　　　　　　　　　　　 17.5  3.8  2.0 -6.1 -1.1 34  0.0                           
072345110417103285アースライザー　　　　　　　　　　　 11.9  2.8 10.3-12.5  0.0 35  0.0                           
072345110519103148インベルシオン　　　　　　　　　　　 28.6  5.7 -3.0  9.0  1.6 37  0.0                           
072345110617106012ダッチマン　　　　　　　　　　　　　 32.9  6.5-11.6-15.2 -8.8 26  0.0                           
072345110718106311ラヴォラーレ　　　　　　　　　　　　 33.2  6.5-10.9-12.5 -7.7 27  0.0                           
072345110817105602ラズルダズル　　　　　　　　　　　　  6.0  1.9 14.4  9.0  8.0 43  0.0                           
072345110919100551アルムブラーヴ　　　　　　　　　　　  9.0  2.5  3.7 -2.0  0.8 36  0.0                           
072345111018104959ラフストリーム　　　　　　　　　　　 42.8  8.2-10.9  7.5 -1.7 33  0.0                           
072345111119105473レッドバロッサ　　　　　　　　　　　 29.5  5.9 -3.8-15.2 -6.0 29  0.0                           
072345111218109080レプンカムイ　　　　　　　　　　　　 12.7  2.9  9.3  3.8  4.6 40  0.0                           
072345111320104304スマートサニー　　　　　　　　　　　  2.3  1.3 23.3 30.0 17.5 53  0.0                           
072345111419109100メンアットワーク　　　　　　　　　　  9.1  2.5 -6.7 25.0  5.0 40  0.0                           
072345120118106145アコルダール　　　　　　　　　　　　 44.3 10.7-11.6-15.0 -8.8 11  0.0                           
072345120219103876アパショナード　　　　　　　　　　　  7.9  2.7 15.0 12.0  9.1 29  0.0                           
072345120320103495マルクパージュ　　　　　　　　　　　 17.6  4.7 -6.3 22.5  4.4 24  0.0                           
072345120418104561エンブレムコード　　　　　　　　　　 12.0  3.4 -1.2 -9.0 -3.1 17  0.0                           
072345120520101575サザーランド　　　　　　　　　　　　 34.4  8.5-11.6-15.0 -8.8 11  0.0                           
072345120620101557パルティクラール　　　　　　　　　　  8.5  2.8  7.1 -6.1  0.8 21  0.0                           
072345120719104586リュミエールノワル　　　　　　　　　  7.5  2.6  5.2 25.0  9.4 29  0.0                           
072345120819103953シグルドリーヴァ　　　　　　　　　　 33.2  8.2 -6.3  9.0  0.4 20  0.0                           
072345120920102329エーデルサンライズ　　　　　　　　　 14.0  3.9 -6.3  9.0  0.4 20  0.0                           
072345121020101217アスクドリームモア　　　　　　　　　  4.5  1.9 18.6 -9.0  4.1 24  0.0                           
072345121119105144スクルトゥーラ　　　　　　　　　　　 26.5  6.7-10.9-12.5 -7.7 12  0.0                           
072345121219106510ユキノエリザベス　　　　　　　　　　 45.7 11.0-10.9-12.5 -7.7 12  0.0                           
072345121319105404リゴレット　　　　　　　　　　　　　 19.9  5.3 -0.7-15.0 -4.8 15  0.0                           
072345121420105561ケイアイクビラ　　　　　　　　　　　  8.1  2.7  1.6  6.9  2.7 23  0.0                           
072345121518104938ヴェールクレール　　　　　　　　　　  6.3  2.3  9.6  9.0  6.2 26  0.0                           
072345121620106593ジークシュベルト　　　　　　　　　　 44.9 10.9-11.6-15.0 -8.8 11  0.0                           
072345121720102321テーオーヴァイナー　　　　　　　　　 39.9  9.7-12.5-10.7 -7.8 12  0.0                           
072345121819103013ロードガーディアン　　　　　　　　　 42.9 10.4 -7.2-15.0 -7.1 13  0.0                           
092355010121102259クリノオリーブ　　　　　　　　　　　  4.3  1.8 17.4  9.8  9.3 14 16.2                           
092355010221101723オスピタリテ　　　　　　　　　　　　 36.8  8.6-11.0-13.2 -8.0 -3  0.0  0                        
092355010321100775ナリタマフディー　　　　　　　　　　 48.9 11.2-10.1  5.7 -2.0  3  0.0                           
092355010421105857ウィンターガーデン　　　　　　　　　  6.0  2.1  8.1 14.3  7.3 12  0.0  5                        
092355010521101755マナ　　　　　　　　　　　　　　　　 36.8  8.6-11.3-11.4 -7.6 -3  0.0  0                        
092355010621106125ネオアステーリ　　　　　　　　　　　 43.4 10.0 -7.2-17.0 -7.7 -3  0.0                           
092355010721101752ケルンピュール　　　　　　　　　　　 86.3 18.7-11.0 -8.8 -6.7 -2  0.0                           
092355010821103146ルミナスサンライズ　　　　　　　　　  5.0  1.9 11.3 29.1 12.9 18 12.4                           
092355010921103597タマモワンカラット　　　　　　　　　 52.3 11.9-11.0-10.2 -7.1 -2  0.0                           
092355011021103170ローズソーン　　　　　　　　　　　　 11.1  3.1  3.5 13.3  5.3 10 23.5                           
092355011121100134アイスノート　　　　　　　　　　　　 12.4  3.4  0.2  8.0  2.5  7  0.0                           
092355011221102389トウカイポワール　　　　　　　　　　  5.6  2.0 16.4  4.6  7.4 12 19.1                           
092355011321103656ダズリングレイ　　　　　　　　　　　 27.7  6.6  0.2 -2.1 -0.6  4  0.0                           
092355011421104349ケンタッキーダンス　　　　　　　　　107.5 23.2-11.3 -8.3 -6.6 -2  0.0                           
092355011521101725リリーズブルーム　　　　　　　　　　 17.4  4.5  2.4  5.0  2.4  7  0.0  3                        
092355011621102633フーコサンライズ　　　　　　　　　　  5.6  2.0 14.3  7.6  7.5 13  0.0                           
092355020121102991レガッタ　　　　　　　　　　　　　　 13.8  3.0  5.7  3.2  3.0  8  0.0                           
092355020221105839サンダーユニバンス　　　　　　　　　  2.9  1.3 17.2 17.6 11.6 17 16.2  3                        
092355020321104679ルパンモージュ　　　　　　　　　　　 19.4  4.0  0.2-10.3 -3.0  2 25.0                           
092355020421106175スナークダリ　　　　　　　　　　　　 26.6  5.1  6.3  9.3  5.1 10  0.0  5                        
092355020521102242サンライズマウレア　　　　　　　　　 13.8  3.0  9.3  4.6  4.8 10  0.0                           
092355020621100056ハッピーモンスター　　　　　　　　　 29.8  5.7 -4.6-10.2 -4.7  0  0.0                           
092355020721102722スマートレザルト　　　　　　　　　　 16.8  3.5 -0.1  6.1  1.8  7  0.0                           
092355020821101193ウフフトルンナ　　　　　　　　　　　 41.1  7.6 -8.5-10.8 -6.4 -1  0.0                           
092355020921105241マインドユアベイブ　　　　　　　　　 30.0  5.7-11.0  1.2 -3.7  1  0.0                           
092355021021101461カツラノキサノキ　　　　　　　　　　  3.5  1.3 15.8 27.3 14.0 19 17.7                           
092355021121105142ヴィアダクト　　　　　　　　　　　　  3.5  1.3 16.0 18.3 11.4 16 13.4                           
092355021221106094ベストリターナー　　　　　　　　　　 49.6  9.0-11.8 -8.3 -6.8 -2  0.0                           
092355021321106196ウインメラナイト　　　　　　　　　　 42.0  7.7 -8.8-10.3 -6.3 -1  0.0                           
092355030121106304ピンネシリ　　　　　　　　　　　　　 56.0  9.7-11.0-11.8 -7.6 -3  0.0                           
092355030221100676ディーズミソロジー　　　　　　　　　 73.2 12.5-12.2-17.0 -9.6 -5  0.0                           
092355030321100145ロードリレーション　　　　　　　　　 11.4  2.6 10.1  7.1  5.8 11 20.6                           
092355030421105275リュサントノレ　　　　　　　　　　　 23.8  4.6 -7.9 -3.3 -3.9  1  0.0                           
092355030521106490ウィッシュドリーム　　　　　　　　　 29.3  5.5  0.2 -1.7 -0.4  5  0.0                           
092355030621102960ソルトロング　　　　　　　　　　　　 62.3 10.7-12.2-17.7 -9.8 -5  0.0  0                        
092355030721106124オータムルーチェ　　　　　　　　　　 56.9  9.9-11.0-10.2 -7.1 -2  0.0                           
092355030821110008ルディック　　　　　　　　　　　　　  2.8  1.3 17.2 18.3 11.8 17 16.2                           
092355030921102118クリノイザナミ　　　　　　　　　　　 23.1  4.5 -3.1  6.5  0.8  6  0.0                           
092355031021110139ガーデンカメリア　　　　　　　　　　  4.7  1.5 12.6 14.1  8.9 14 19.1                           
092355031121105495ブリックバーン　　　　　　　　　　　 15.4  3.3 -0.6  7.3  2.0  7  0.0                           
092355031221110122アメリカンチケット　　　　　　　　　  3.5  1.4 17.7 17.0 11.6 17 12.4                           
092355031321106176スナークサファイア　　　　　　　　　 28.8  5.4 -6.8-15.6 -7.2 -2  0.0  0                        
092355031421103945ルクスアルム　　　　　　　　　　　　 21.0  4.2 -3.3  5.7  0.5  5  0.0                           
092355031521101738レイエル　　　　　　　　　　　　　　 37.2  6.8  0.2 -2.0 -0.5  4  0.0                           
092355031621100170ヴァンドーム　　　　　　　　　　　　 31.9  6.0  0.2  0.8  0.3  5  0.0                           
092355040119106696ファジュル　　　　　　　　　　　　　 22.7  5.0 -5.6 13.8  2.1 22  0.0                           
092355040218100297サンデイビス　　　　　　　　　　　　 24.9  5.4 -4.1  1.0 -1.2 19  0.0                           
092355040318105810ラジェドール　　　　　　　　　　　　 36.4  7.6-11.2-10.6 -7.3 13  0.0                           
092355040417105375メリディアンローグ　　　　　　　　　  6.2  2.0 13.2  9.7  7.8 28 20.6                           
092355040518100220ホッコーハナミチ　　　　　　　　　　 33.1  7.0-11.0 -7.5 -6.3 14  0.0                           
092355040618100953シングンジョーイ　　　　　　　　　　 48.9 10.0-11.2-10.6 -7.3 13  0.0                           
092355040718106573スマッシャー　　　　　　　　　　　　  4.0  1.6 15.9 18.2 11.3 31 17.7                           
092355040816105007ポートロイヤル　　　　　　　　　　　 14.6  3.5  1.8  0.5  0.8 21  0.0                           
092355040918104994アランデル　　　　　　　　　　　　　 23.4  5.1 -4.8 -6.2 -3.6 16  0.0                           
092355041017104700ナリノモンターニュ　　　　　　　　　  4.7  1.7 12.9 11.2  8.1 28 13.4                           
092355041118104949フォイアーロート　　　　　　　　　　 15.3  3.6 -1.6 -7.2 -2.7 17  0.0                           
092355041215105583イベリア　　　　　　　　　　　　　　 13.6  3.3  0.8 10.3  3.4 23  0.0                           
092355041317104810ヴィアメント　　　　　　　　　　　　  3.4  1.5 16.9 19.1 11.9 32 16.2                           
092355041417100728シャイニーズラン　　　　　　　　　　 42.2  8.7-11.0-13.2 -8.0 12  0.0  0                        
092355050121110084マーブルマウンテン　　　　　　　　　  7.5  2.1  9.1  4.8  4.8  5  0.0                           
092355050221105136ルボーカドゥー　　　　　　　　　　　 11.2  2.6  5.5-10.3 -1.1 -1  0.0                           
092355050321103710ヘルメース　　　　　　　　　　　　　  3.0  1.4 15.2 12.8  9.4  9 16.2                           
092355050421102139クリノアクアマリン　　　　　　　　　 42.4  8.0-11.0 -6.9 -6.1 -6  0.0                           
092355050521106929クールシェリー　　　　　　　　　　　  6.7  2.0 10.3  7.4  6.0  6 19.1                           
092355050621103116ヤブサメ　　　　　　　　　　　　　　 13.2  3.0  6.6 12.8  6.3  6  0.0                           
092355050721103218モリエヌス　　　　　　　　　　　　　 13.9  3.1 -5.6 14.2  2.2  2  0.0                           
092355050821101175ツキヨノウサギ　　　　　　　　　　　 28.3  5.6 -6.0-11.4 -5.6 -6  0.0  0                        
092355050921110087ラブコメディ　　　　　　　　　　　　  3.6  1.5 18.0 15.8 11.3 11 12.4                           
092355051021100478ジュエルドレーサー　　　　　　　　　  7.8  2.2  7.3  8.8  5.3  5 22.1                           
092355051121101484シャインネイト　　　　　　　　　　　 25.9  5.1-11.6-13.0 -8.2 -8  0.0                           
092355060121105090ミリオーレアルバ　　　　　　　　　　  8.0  2.1  8.4 11.7  6.6  7 14.4                           
092355060221100298アオレレ　　　　　　　　　　　　　　 15.2  3.1 -7.9  6.2 -1.0 -1  0.0                           
092355060321103010オウケンベリー　　　　　　　　　　　 10.8  2.4  8.5  7.4  5.3  5  0.0                           
092355060421100741メイショウムカバキ　　　　　　　　　  4.3  1.4 13.5 16.3  9.8 10 19.1                           
092355060521100144ロードトレゾール　　　　　　　　　　  2.5  1.2 20.9 18.2 13.1 13 16.2                           
092355060621103938ルクスミッシェル　　　　　　　　　　 28.8  5.2-11.8-12.2 -8.0 -8  0.0  0                        
092355060721101641バイユー　　　　　　　　　　　　　　 16.1  3.2 -1.2 -4.2 -1.7 -2  0.0                           
092355060821102968アンダーザバンブー　　　　　　　　　  3.5  1.3 15.9 18.5 11.4 11 17.7                           
092355060921104688フェイマスグラース　　　　　　　　　 15.9  3.2  3.3 -6.5 -0.7 -1  0.0                           
092355070121105906リンドバーグ　　　　　　　　　　　　 13.9  2.8 -2.8-10.3 -4.1  1  0.0                           
092355070221107005クロームノワール　　　　　　　　　　 35.5  5.9-11.8-10.2 -7.4 -2  0.0                           
092355070321104092ペンナヴェローチェ　　　　　　　　　  2.2  1.2 22.5 25.2 15.8 21 16.2                           
092355070421104141シャローム　　　　　　　　　　　　　 21.0  3.8-11.0 -7.5 -6.3 -1  0.0                           
092355070521102168クライミーアリバー　　　　　　　　　 14.2  2.8  2.0  6.0  2.5  8  0.0                           
092355070621106207ウインリベラーレ　　　　　　　　　　  3.8  1.3 13.8  8.9  7.7 13 17.7                           
092355070721104936ワーキングアセット　　　　　　　　　  4.3  1.4 13.6 19.8 10.9 16 13.4                           
092355070821100953ウォーターリヒト　　　　　　　　　　  5.3  1.5 13.4  4.6  6.3 11 20.6                           
092355080120100994マルモリキング　　　　　　　　　　　  7.7  2.3 12.3 23.3 11.5 32  0.0  2                        
092355080220107203イツモハラペコ　　　　　　　　　　　 81.5 16.0-11.0 -8.3 -6.5 13  0.0                           
092355080320106874グローバリスト　　　　　　　　　　　 18.5  4.3 -6.8 -3.9 -3.7 16  0.0                           
092355080419101399ザウリ　　　　　　　　　　　　　　　  5.0  1.8 16.0 15.7 10.6 31 19.1  4                        
092355080518103117カネトシディーバ　　　　　　　　　　 68.5 13.5-11.0 -8.1 -6.5 14  0.0                           
092355080619100683パレフォーコン　　　　　　　　　　　 26.5  5.8 -5.5 -8.8 -4.7 15  0.0                           
092355080720100747レゾルシオン　　　　　　　　　　　　  8.7  2.6  2.7  1.9  1.6 22 15.4                           
092355080820101540タイセイランナー　　　　　　　　　　 58.5 11.6 -5.1 -1.0 -2.2 18  0.0  5                        
092355080919106028ピースキーパー　　　　　　　　　　　 22.4  5.0 -2.9 -4.5 -2.4 18  0.0  5                        
092355081018100241クリノアンビシャス　　　　　　　　　 44.7  9.3-11.0 -4.2 -5.3 15  0.0                           
092355081119101624スターザサンライズ　　　　　　　　　 25.1  5.5-11.0 -9.9 -7.0 13  0.0                           
092355081218101299アスクドンキバック　　　　　　　　　 27.9  6.0-11.0 -8.2 -6.5 14  0.0                           
092355081320101578リュウ　　　　　　　　　　　　　　　  3.6  1.5 19.2 18.2 12.5 32 16.2                           
092355081420104287サンガネーブ　　　　　　　　　　　　  4.0  1.6 14.3 12.7  9.1 29 17.7                           
092355081520105167スナークメモリー　　　　　　　　　　 12.1  3.0  8.5 18.3  8.6 29  0.0  2                        
092355081618100813アイヴォリーアイ　　　　　　　　　　 47.6  9.9-10.1-10.2 -6.8 13  0.0                           
092355090119106364シュガーコルト　　　　　　　　　　　 36.0  6.5 -5.5 -1.5 -2.5 28  0.0                           
092355090218106078レッドスパロー　　　　　　　　　　　 74.7 12.4-11.2-10.6 -7.3 23  0.0                           
092355090319102265ショウサンキズナ　　　　　　　　　　 17.9  3.6  3.5  8.7  3.9 34 17.5                           
092355090420104790エンツォウーノ　　　　　　　　　　　  3.4  1.4 19.5 15.7 11.9 42 17.7                           
092355090519106854ジャスパージェット　　　　　　　　　 37.4  6.7-11.0-11.4 -7.5 23  0.0                           
092355090619107004パトリオットラン　　　　　　　　　　 12.4  2.7  6.1  7.2  4.4 34  0.0                           
092355090717102171セツメンノトビウオ　　　　　　　　　 46.7  8.2-11.0-14.6 -8.4 22  0.0                           
092355090819101930ウインメイフラワー　　　　　　　　　 31.6  5.8-11.0 -8.2 -6.5 24  0.0                           
092355090920106936ロードトラスト　　　　　　　　　　　  2.7  1.3 16.1 16.8 10.9 41 16.2                           
092355091020105651メジェド　　　　　　　　　　　　　　 22.1  4.2 -1.3 -1.8 -1.0 29  0.0                           
092355091119104010タマモエース　　　　　　　　　　　　 95.4 15.7-11.0-15.6 -8.7 21  0.0  0                        
092355091220106770ダディーズウォリア　　　　　　　　　  7.9  2.1 13.7  6.2  6.9 37 19.1                           
092355091319102066バレストラ　　　　　　　　　　　　　 17.2  3.5 -5.1 -5.2 -3.4 27  0.0                           
092355091419100360グローツラング　　　　　　　　　　　  9.3  2.4  8.8 13.0  7.1 37  0.0                           
092355091518101590バイス　　　　　　　　　　　　　　　 34.0  6.2-11.0-15.6 -8.7 21  0.0  0                        
092355091618105137ヴェールアップ　　　　　　　　　　　 21.0  4.1-11.0-12.3 -7.7 22  0.0                           
092355100120107030ウインエーデル　　　　　　　　　　　 13.1  3.1 10.9 12.9  7.9 38  0.0                           
092355100220103099ビヨンドザヴァレー　　　　　　　　　  7.3  2.2 11.6  8.9  6.9 37 20.6                           
092355100319103858ヒルノショパン　　　　　　　　　　　 23.2  4.9 -2.0 -5.4 -2.4 28  0.0                           
092355100419106925ムーンリットナイト　　　　　　　　　 28.1  5.8 -1.9 -2.1 -1.3 29  0.0                           
092355100519102458ワンダーキサラ　　　　　　　　　　　 40.3  8.0-11.0-10.6 -7.2 23  0.0                           
092355100618105382レアシャンパーニュ　　　　　　　　　 31.6  6.4-11.8-10.2 -7.4 23  0.0                           
092355100719106932エヴィダンシア　　　　　　　　　　　 40.5  8.1-11.0 -7.8 -6.4 24  0.0                           
092355100820103061シュタールヴィント　　　　　　　　　 15.2  3.5 -5.1 -3.5 -2.9 27  0.0                           
092355100919101609ディオ　　　　　　　　　　　　　　　  3.7  1.5 17.7 15.5 11.1 41 17.7                           
092355101019100675オオキニ　　　　　　　　　　　　　　 31.5  6.4-11.0 -2.5 -4.8 25  0.0                           
092355101120103545エンデミズム　　　　　　　　　　　　  6.4  2.0 14.1 11.7  8.7 39 19.1                           
092355101219104721ピラティス　　　　　　　　　　　　　 26.1  5.4 -5.8-11.1 -5.5 25  0.0                           
092355101320103899セーヌドゥレーヴ　　　　　　　　　　  3.3  1.5 16.6 15.7 10.8 41 11.3                           
092355101420103692アルナージェイン　　　　　　　　　　  8.6  2.4  8.6  6.8  5.2 35  0.0  5                        
092355110119105237スリーパーダ　　　　　　　　　　　　  6.7  2.3  1.2 10.5  3.6 49  0.0                           
092355110216102073ホープフルサイン　　　　　　　　　　 23.6  5.5 -4.5 -2.2 -2.3 43  0.0                           
092355110316104668カリボール　　　　　　　　　　　　　 20.6  5.0 -5.2-10.5 -5.1 40  0.0                           
092355110419102576クリノマジン　　　　　　　　　　　　  8.8  2.7  8.6  8.0  5.6 51  0.0                           
092355110519104841カルネアサーダ　　　　　　　　　　　 10.9  2.9  5.1 14.5  6.2 51  0.0                           
092355110618106388メイショウホシアイ　　　　　　　　　  8.6  2.7  8.6 19.1  8.9 54  0.0                           
092355110718100040アビッグチア　　　　　　　　　　　　 23.8  5.5-11.2-10.6 -7.3 38  0.0                           
092355110818106055ヨシノイースター　　　　　　　　　　  3.1  1.5 20.9 16.0 12.5 57 16.2                           
092355110918101452スンリ　　　　　　　　　　　　　　　 20.1  4.9-10.1-12.1 -7.3 38  0.0                           
092355111016110119ジャスパージャック　　　　　　　　　 20.8  5.0 -6.7-11.4 -5.9 39  0.0                           
092355111120102564ムーンプローブ　　　　　　　　　　　 12.0  3.2  6.2  1.2  2.6 48 23.5                           
092355111218102360メディーヴァル　　　　　　　　　　　 71.6 14.9-11.6-10.3 -7.3 38  0.0                           
092355111318106504サトノアイ　　　　　　　　　　　　　 25.0  5.8-11.0-12.6 -7.8 37  0.0                           
092355111417104852キャプテンドレイク　　　　　　　　　 17.0  4.2  0.2 -0.9 -0.2 45  0.0                           
092355111518104331ヴァトレニ　　　　　　　　　　　　　 21.9  5.1 -7.9 -0.4 -3.0 42 32.4                           
092355111619104108エナジーグラン　　　　　　　　　　　 15.7  3.9  7.9  2.1  3.5 49 17.5                           
092355120120104550ワイドアラジン　　　　　　　　　　　  3.5  1.4 17.3 14.9 10.8 31 17.7  4                        
092355120220103772エイトスターズ　　　　　　　　　　　 16.5  3.5  6.6 -1.5  2.0 22  0.0                           
092355120320103509ドナウパール　　　　　　　　　　　　  2.8  1.3 20.2 18.7 13.0 33 16.2                           
092355120420105305アウフヘーベン　　　　　　　　　　　  5.2  1.7 12.0  5.7  6.1 26 13.4                           
092355120519101612アスクオンディープ　　　　　　　　　 24.5  4.7 -5.1  4.6 -0.5 20  0.0                           
092355120620105733キャリーハピネス　　　　　　　　　　 11.4  2.6  4.9  7.3  4.0 24  0.0                           
092355120720103664バトルハーデン　　　　　　　　　　　  6.3  1.9  6.7 13.4  6.5 26 20.6                           
092355120819104531バンフィエルド　　　　　　　　　　　 35.2  6.5-11.0-10.2 -7.1 13  0.0                           
092355120920106399ユメハハテシナク　　　　　　　　　　 18.6  3.8  0.7-11.8 -3.3 17  0.0                           
092355121020104175カシノインディード　　　　　　　　　 30.5  5.8 -8.5-14.6 -7.5 13  0.0                           
092355121119106590アンジェリーナ　　　　　　　　　　　 16.6  3.5 -7.1  3.2 -1.6 18  0.0                           
