022316010120101034アイアンムーン　　　　　　　　　　　  2.9  1.5 20.7 18.9 13.1 18 15.8                           
022316010220106330ラウラーナ　　　　　　　　　　　　　  8.1  2.5  6.1 18.0  8.4 13  0.0                           
022316010320100648アピールラン　　　　　　　　　　　　 12.0  3.0  1.0 13.3  5.2 10  0.0                           
022316010420102360クリノグローリー　　　　　　　　　　 19.1  4.5 -2.8-13.9 -5.9 -1  0.0  0                        
022316010520103345ノヴィアル　　　　　　　　　　　　　  9.3  2.7  8.0  9.7  6.0 11  0.0                           
022316010620106149アスキーアート　　　　　　　　　　　 18.3  4.3  2.9 -4.0 -0.6  4  0.0  5                        
022316010720102826カリーナベローチェ　　　　　　　　　 12.8  3.2  7.1 -7.0 -0.4  5 23.0                           
022316010820104415スピニングマーリン　　　　　　　　　 27.3  6.0-12.7-10.7 -7.7 -3  0.0                           
022316010920106622ガンバリーレ　　　　　　　　　　　　 57.3 11.6-12.4-10.7 -7.6 -3  0.0                           
022316011020101870ラブコ　　　　　　　　　　　　　　　 32.2  7.0-12.7  8.6 -0.7  4  0.0                           
022316011120104885グラスミラー　　　　　　　　　　　　  5.9  2.0 12.1  6.4  6.0 11  0.0                           
022316011220102958コンスピキュアス　　　　　　　　　　 19.1  4.5 -1.2  5.8  1.8  7 28.8                           
022316011320100891ヨドノルーキー　　　　　　　　　　　 13.1  3.3-10.5 -2.0 -3.9  1  0.0                           
022316011420104909レゼルノワール　　　　　　　　　　　 26.0  5.7 -7.2-10.7 -6.1 -1  0.0                           
022316011520103904イスラデルノルテ　　　　　　　　　　 21.9  5.0  5.3  0.8  1.9  7  0.0                           
022316011620104604ソルトベール　　　　　　　　　　　　 42.1  8.9 -7.5 -4.4 -3.9  1  0.0                           
022316020120104240ノッテルーナ　　　　　　　　　　　　 13.6  2.8 -5.4  2.4 -0.7  4  0.0                           
022316020220102341テーオードリアン　　　　　　　　　　  9.0  2.2  7.6  9.0  5.6 11 20.2                           
022316020320100646ロイヤルナタール　　　　　　　　　　 11.4  2.5  9.2 -3.0  1.7  7  0.0                           
022316020420102875シャンデル　　　　　　　　　　　　　  4.6  1.5 14.9 15.0 10.0 15 17.3                           
022316020520103556ブルーペクトライト　　　　　　　　　  5.4  1.6 14.7 10.4  8.2 13  0.0                           
022316020620102577ホンマモン　　　　　　　　　　　　　 17.1  3.4  1.3 -9.0 -2.9  2  0.0                           
022316020720100166パラディ　　　　　　　　　　　　　　  2.1  1.2 23.3 18.9 13.9 19 15.8                           
022316020820101981シルバービスケッツ　　　　　　　　　 10.6  2.3 -5.9-10.6 -5.7 -1  0.0                           
022316020920105165アルマケルブ　　　　　　　　　　　　 19.9  3.8 -7.2 -5.0 -4.0  1  0.0                           
022316030120100914リーゼントミニー　　　　　　　　　　 18.3  4.2 -4.3 -4.7 -3.0  2  0.0                           
022316030220103898イグニション　　　　　　　　　　　　 15.3  3.6 -1.0  6.4  2.0  7  0.0                           
022316030320100879ビップナージャ　　　　　　　　　　　 15.9  3.8  3.7  7.7  3.9  9  0.0                           
022316030420100351モルフェブーケ　　　　　　　　　　　 23.5  5.1-10.0-10.7 -6.9 -2  0.0                           
022316030520103445プラウドウィッチ　　　　　　　　　　  5.6  1.9 12.7 27.0 13.7 19 20.2  2                        
022316030620100874スノーヴァース　　　　　　　　　　　  5.3  1.8 16.6 10.8  8.9 14  0.0                           
022316030720102840ブーバー　　　　　　　　　　　　　　 15.9  3.8  8.0 -3.0  1.3  6  0.0                           
022316030820101492シンリンゲンカイ　　　　　　　　　　  3.2  1.5 20.6  7.3  8.9 14 15.8                           
022316030920100161ロードサミット　　　　　　　　　　　 14.1  3.4-10.3-10.3 -6.9 -2  0.0                           
022316031020104363バスドラムガール　　　　　　　　　　  4.6  1.7 17.2  4.4  6.8 12 17.3                           
022316031120106970スングリダンダン　　　　　　　　　　 17.4  4.1 -5.7-10.7 -5.6 -1  0.0                           
022316031220104139スリーパイロ　　　　　　　　　　　　 31.3  6.7-13.4 -8.2 -7.0 -2  0.0                           
022316040120102551シンギュラチャーム　　　　　　　　　 32.8  6.9-12.7-10.7 -7.7 -3  0.0                           
022316040220103871ビヨンドザバラード　　　　　　　　　 64.5 12.6-12.7 -1.5 -4.4  1  0.0                           
022316040320110043ターキッシュアート　　　　　　　　　 27.0  5.8  1.1 -1.8 -0.3  5  0.0                           
022316040420106986エンライトメント　　　　　　　　　　  3.2  1.4 21.4  4.4  8.0 13 15.8                           
022316040520105747レアリーズレーヴ　　　　　　　　　　 13.2  3.2  1.0  0.5  0.5  5  0.0                           
022316040620106584メトロフィルム　　　　　　　　　　　 33.7  7.1-10.5 -3.4 -4.4  1  0.0  0                        
022316040720103098ブルーハートリリー　　　　　　　　　 24.4  5.3 -7.9 -1.8 -3.0  2  0.0                           
022316040820103478エイカイフォーユー　　　　　　　　　 15.0  3.5 -3.5  0.4 -0.9  4 24.5  5                        
022316040920103537ジーククローネ　　　　　　　　　　　  5.0  1.7 18.9 16.0 11.5 17 18.7                           
022316041020103094バロックダンス　　　　　　　　　　　  4.4  1.6 18.2 12.8 10.2 15  0.0                           
022316041120103254マテンロウカノン　　　　　　　　　　  8.7  2.5  3.7 11.6  5.4 10  0.0                           
022316041220104008ブロードイメル　　　　　　　　　　　 37.0  7.7-12.7-10.3 -7.6 -3  0.0                           
022316041320105187ウインジュルネ　　　　　　　　　　　  7.7  2.3  5.9  2.4  2.7  8  0.0                           
022316041420104281アムブロシアー　　　　　　　　　　　 20.8  4.7 -0.1 -9.6 -3.5  1  0.0                           
022316050121100356クールベイビー　　　　　　　　　　　  2.5  1.3 25.4  1.5  8.2  8 17.3                           
022316050221102029スウィバンビーナ　　　　　　　　　　 15.7  5.9-12.4 -6.4 -6.1 -6  0.0                           
022316050321106347ピクラリーダ　　　　　　　　　　　　  7.0  3.1 -0.8  5.1  1.6  2  0.0                           
022316050421104734ビバヴェローナ　　　　　　　　　　　 19.0  7.1 -7.5  6.2  0.0  0  0.0                           
022316050521104910フラムリンガム　　　　　　　　　　　  3.5  1.7 14.8 13.5  9.4  9 18.7                           
022316050621103277メイショウマサユメ　　　　　　　　　  2.4  1.2 28.5 31.5 20.1 20 15.8                           
022316060120104012メイショウウナバラ　　　　　　　　　 25.2  5.0-11.7-10.3 -7.3 -2  0.0                           
022316060220105137ヴァンナチュール　　　　　　　　　　  3.6  1.4 21.2 19.5 13.5 19 17.3                           
022316060320101465フクノブルジュ　　　　　　　　　　　  4.1  1.5 15.1 12.8  9.2 14 18.7                           
022316060420100937ヤマニンファシオ　　　　　　　　　　 14.9  3.3  4.8  0.5  1.6  7  0.0                           
022316060520101724サーフライド　　　　　　　　　　　　 28.0  5.5-13.4-10.7 -7.9 -3  0.0                           
022316060620104840グッドハビッツ　　　　　　　　　　　 11.8  2.7 10.1 10.4  6.8 12  0.0                           
022316060720104757コモドアーズ　　　　　　　　　　　　 15.2  3.3  5.8  2.0  2.5  7  0.0                           
022316060820102876シュテルンロット　　　　　　　　　　 23.1  4.6-10.3-10.3 -6.9 -2  0.0                           
022316060920104518オボッチャマ　　　　　　　　　　　　  2.9  1.3 17.9 22.9 13.8 19 15.8                           
022316061020104034バブルアップハート　　　　　　　　　  6.5  1.9 14.2  9.6  7.8 13  0.0                           
022316070118102665サツキハピネス　　　　　　　　　　　  8.6  2.3 10.4  6.4  5.5 25  0.0                           
022316070220101143イージーオンミー　　　　　　　　　　  7.6  2.1 10.0  7.9  5.9 26  0.0                           
022316070320106811タイキラフター　　　　　　　　　　　  3.0  1.3 20.6 26.1 15.8 36 15.8  2                        
022316070420106439ボーンイングランデ　　　　　　　　　  3.1  1.4 21.2 20.8 14.0 34 17.3                           
022316070520107044ジーファー　　　　　　　　　　　　　 25.1  4.8-13.4-10.3 -7.8 12  0.0                           
022316070620103619スティーロポリス　　　　　　　　　　  7.9  2.1  5.2 10.7  5.5 25  0.0                           
022316070720103036サトノミスチーフ　　　　　　　　　　 22.2  4.3-13.4  4.8 -2.3 18  0.0                           
022316070819106866ノートルプロメス　　　　　　　　　　  5.7  1.7 10.5 12.4  7.7 28 18.7                           
022316070918102163ギンノサジ　　　　　　　　　　　　　 11.8  2.6  0.4  0.5  0.3 20  0.0                           
022316080120106370サンマルパトロール　　　　　　　　　 15.3  3.7 -5.2 14.6  3.8 24  0.0                           
022316080219106690タマモタップダンス　　　　　　　　　 12.9  3.2  3.1  4.9  2.7 23 21.6                           
022316080320101230ヤングワールド　　　　　　　　　　　  9.3  2.7 -0.4 10.3  3.7 24  0.0                           
022316080418102813リキサンハート　　　　　　　　　　　 13.9  3.4 -1.9 -1.8 -1.2 19  0.0                           
022316080520106873オウギノカナメ　　　　　　　　　　　  3.8  1.6 21.1 14.1 11.5 32  0.0                           
022316080619105352インダミタブル　　　　　　　　　　　 22.1  5.0 -6.8-14.8 -7.5 13  0.0  0                        
022316080719101325アイファーエポック　　　　　　　　　 36.3  7.7 -9.0-10.7 -6.6 13  0.0                           
022316080820101873グラシアス　　　　　　　　　　　　　 14.7  3.6  3.1  2.7  1.9 22  0.0                           
022316080920105860ジェントルタッチ　　　　　　　　　　 14.0  3.4  3.4 -4.0 -0.4 20  0.0                           
022316081020104793サンライズグルーヴ　　　　　　　　　 14.8  3.6 -0.5  2.4  0.7 21  0.0                           
022316081119104005ブレットフライ　　　　　　　　　　　 18.3  4.3 -6.1 -2.5 -2.7 17  0.0                           
022316081220102061ローズスター　　　　　　　　　　　　 10.7  2.8  0.0 11.5  4.2 24 20.2                           
022316081320103612モンテイゾラ　　　　　　　　　　　　 18.1  4.2 -5.8-12.9 -6.5 14  0.0                           
022316081420100635サンテックス　　　　　　　　　　　　  3.9  1.7 14.8 17.3 10.8 31 17.3                           
022316090119105480ジェンヌ　　　　　　　　　　　　　　  5.2  2.0 15.9 13.3  9.6 40 17.3                           
022316090218102176エレフセリア　　　　　　　　　　　　 11.2  3.1  6.2 12.0  6.3 36  0.0                           
022316090318103543レヴォリオ　　　　　　　　　　　　　 22.9  5.6 -8.2-10.7 -6.4 24  0.0                           
022316090418104711エトワールマタン　　　　　　　　　　 15.2  4.0  9.1-12.9 -2.0 28  0.0                           
022316090517105048アルディエンテ　　　　　　　　　　　 14.6  3.9 -1.4  8.8  2.8 33  0.0                           
022316090618104512エルディアブロ　　　　　　　　　　　 10.7  3.0 -2.9-16.2 -6.8 23  0.0                           
022316090719105062エーデルブルーメ　　　　　　　　　　  4.2  1.8 14.2  4.8  6.0 36 15.8                           
022316090818103377テリオスマナ　　　　　　　　　　　　 11.9  3.3  0.8-10.3 -3.5 26  0.0                           
022316090919100675オオキニ　　　　　　　　　　　　　　  6.2  2.2 10.1 18.1  9.7 40  0.0                           
022316091017105616タイミングハート　　　　　　　　　　 12.8  3.5 -5.7  0.8 -1.4 29  0.0                           
022316091119103885キントリヒ　　　　　　　　　　　　　  7.9  2.6  8.6  1.5  3.1 33  0.0                           
022316091218105521ナックイルシーブ　　　　　　　　　　 32.8  7.7-12.7-18.5-10.6 19  0.0                           
022316091319102937コスモフロイデ　　　　　　　　　　　 15.0  3.9 -4.4 -7.6 -4.1 26 28.8                           
022316100119102436ミズノコキュウ　　　　　　　　　　　 19.6  4.6 -0.4 -5.3 -2.1 28  0.0                           
022316100217103886ラキ　　　　　　　　　　　　　　　　 47.3 10.0-13.4-14.3 -9.3 21  0.0                           
022316100319105317トップキャスト　　　　　　　　　　　 16.1  3.9 -7.3-10.3 -6.0 24  0.0                           
022316100418104765イズンシーラブリー　　　　　　　　　  4.3  1.7 16.9 28.5 15.5 46 17.3  1  253   88              
022316100520100443エイシンエイト　　　　　　　　　　　 11.7  3.0  3.1  0.5  1.1 31  0.0                           
022316100619103120リトス　　　　　　　　　　　　　　　 25.5  5.7 -8.3 -5.1 -4.4 26  0.0                           
022316100720107176ワックスフラワー　　　　　　　　　　  6.3  2.1 14.0 10.6  8.1 38  0.0                           
022316100818101964アルムファーツリー　　　　　　　　　  8.4  2.5 -2.0  4.3  1.0 31  0.0                           
022316100918102491メイショウエニシア　　　　　　　　　 17.7  4.2  0.7 -7.0 -2.4 28  0.0                           
022316101018106152ルルルージュ　　　　　　　　　　　　 24.7  5.5 -2.4 -1.3 -1.2 29  0.0                           
022316101120100909ジューンオレンジ　　　　　　　　　　  3.5  1.6 22.0 17.1 12.9 43 15.8                           
022316101219104549テンメジャーガール　　　　　　　　　 12.0  3.1 -2.4  6.2  1.6 32  0.0                           
022316101320104674バレリーナ　　　　　　　　　　　　　  8.0  2.4 11.2  1.6  3.9 34 20.2                           
022316110117104819ダノンファスト　　　　　　　　　　　 15.7  3.8  8.9  0.8  3.0 48  0.0                           
022316110218103954ブラッティーキッド　　　　　　　　　  4.5  1.7 17.8 13.3 10.2 55  0.0                           
022316110319103593ハセドン　　　　　　　　　　　　　　  3.7  1.5 15.2 17.1 10.8 56 15.8                           
022316110417104232ディアセオリー　　　　　　　　　　　 18.0  4.2 -7.8 -4.2 -3.9 41  0.0                           
022316110519102737セキフウ　　　　　　　　　　　　　　 13.6  3.3 -3.6  6.2  1.2 46 23.0                           
022316110619102490オディロン　　　　　　　　　　　　　 30.7  6.6 -4.0 -7.0 -3.8 41  0.0                           
022316110717104129イバル　　　　　　　　　　　　　　　 37.9  8.0-10.0-14.3 -8.2 37  0.0                           
022316110818106183ボイラーハウス　　　　　　　　　　　 22.8  5.1 -8.2-10.7 -6.4 39  0.0                           
022316110917104851アオイクレアトール　　　　　　　　　 44.0  9.2-12.7-14.6 -9.2 36  0.0                           
022316111018106084ペプチドナイル　　　　　　　　　　　  8.9  2.6  9.7  9.2  6.3 51  0.0                           
022316111119104089メイショウユズルハ　　　　　　　　　  7.1  2.2 11.3  6.5  5.8 51  0.0                           
022316111217105279アドマイヤルプス　　　　　　　　　　  3.9  1.6 11.9 27.1 13.5 59 17.3  4                        
022316111318104462キタノリューオー　　　　　　　　　　 24.1  5.3 -3.7 -2.5 -2.0 43  0.0                           
022316120117106588ハリウッドヒルズ　　　　　　　　　　  5.8  2.0 16.8 11.5  9.3 29 18.7                           
022316120219102137シロン　　　　　　　　　　　　　　　  8.1  2.5  9.8  1.6  3.5 24 20.2                           
022316120317101624クリノヴィンセント　　　　　　　　　 51.3 10.8-12.7-10.7 -7.7 12  0.0                           
022316120419106179ハートホイップ　　　　　　　　　　　  8.3  2.5 13.5  9.9  7.7 28  0.0                           
022316120520101378アイヲツグモノ　　　　　　　　　　　  4.8  1.8 14.0 16.8 10.4 30  0.0  3                        
022316120619110051シュガーフロート　　　　　　　　　　  3.4  1.5 18.8 17.9 12.2 32 15.8                           
022316120720100997マルモリディライト　　　　　　　　　 18.6  4.4  1.8  0.9  0.9 21  0.0                           
022316120818104471グレイトミッション　　　　　　　　　 18.4  4.4  4.7  0.5  1.6 22  0.0                           
022316120920103844フリントロック　　　　　　　　　　　 15.0  3.7 -7.4  0.8 -1.9 18  0.0                           
022316121020100151スクルプトーリス　　　　　　　　　　 11.9  3.1  6.2  0.3  2.0 22  0.0                           
022316121119103584オラヴェリタス　　　　　　　　　　　 11.3  2.9  0.8 -7.0 -2.3 18  0.0                           
022316121219110106オカンモシャチョウ　　　　　　　　　 29.5  6.5-13.4-13.0 -8.8 11  0.0                           
022316121320110094ニトロジャーニー　　　　　　　　　　 32.8  7.1-13.4-10.7 -7.9 12  0.0                           
052338010121106476ルッキズム　　　　　　　　　　　　　 26.5  8.2-14.3-11.0 -8.3 -3  0.0                           
052338010221106834コラソンビート　　　　　　　　　　　  1.7  1.2 22.3 17.5 13.1 18 15.9                           
052338010321106963グラビティブラスト　　　　　　　　　 13.9  4.5-14.7 -2.0 -5.1  0  0.0                           
052338010421110014ブライトアゲイン　　　　　　　　　　  3.7  1.5 12.6 25.2 13.0 18  0.0  4                        
052338010521103323オーキッドロマンス　　　　　　　　　  4.8  1.9  3.9 16.7  7.3 12 18.8                           
052338010621107089ニシノアウェイク　　　　　　　　　　  5.0  2.0 16.3 14.1 10.1 15 20.2                           
052338020120102833イスラブリーサ　　　　　　　　　　　 16.4  4.5 -5.5  4.0 -0.2  5  0.0                           
052338020220105056ヒメワカバ　　　　　　　　　　　　　  7.9  2.7  5.5 20.2  9.1 14 10.1                           
052338020320105948ドゥラミチャン　　　　　　　　　　　 30.6  7.7-12.1  2.2 -2.8  2  0.0                           
052338020420101175リッキーマキアート　　　　　　　　　 33.7  8.4 -8.3 -2.4 -3.4  2  0.0                           
052338020520103506スカイラー　　　　　　　　　　　　　  5.4  2.1  3.5 10.8  5.0 10  8.0                           
052338020620103221シルバーニース　　　　　　　　　　　  5.6  2.1 13.0 11.1  8.0 13  8.7                           
052338020720102779トモエ　　　　　　　　　　　　　　　 23.9  6.2 -5.4 -2.0 -2.4  3  0.0                           
052338020820105896ジェイウォーリア　　　　　　　　　　 86.8 20.1-12.1 -9.4 -7.1 -2  0.0                           
052338020920102698ビートポップ　　　　　　　　　　　　 19.7  5.3 -8.1 -2.0 -3.2  2 14.4                           
052338021020101788エフロレセンス　　　　　　　　　　　  9.1  3.0  1.9 14.5  5.9 11  0.0                           
052338021120101560ダラムキャッスル　　　　　　　　　　  8.3  2.8  7.5 -1.4  1.7  7 10.8                           
052338021220103196アマギール　　　　　　　　　　　　　 11.3  3.3  5.4  1.9  2.3  7  0.0                           
052338021320101239リヨン　　　　　　　　　　　　　　　 76.5 17.8-12.1 -7.1 -6.2 -1  0.0                           
052338021420100410ワレラホシノコ　　　　　　　　　　　 23.7  6.1 -8.1-11.4 -6.6 -2  0.0                           
052338021520105578トウロウノオノ　　　　　　　　　　　  6.0  2.2 14.1 17.5 10.6 16  0.0                           
052338021620101325ラウロスカイ　　　　　　　　　　　　  9.4  3.1  9.7 11.4  7.1 12 12.3  5                        
052338030120105930フブキ　　　　　　　　　　　　　　　 27.9  6.0  7.2  2.7  3.2  8  0.0                           
052338030220103253ピエフォール　　　　　　　　　　　　  3.8  1.6 19.2 20.0 13.1 18  8.7                           
052338030320103982スターウイン　　　　　　　　　　　　 68.5 13.3-12.1-10.1 -7.3 -2  0.0                           
052338030420100867ハクサンオリヒメ　　　　　　　　　　  7.5  2.3 13.1 24.4 12.9 18  0.0                           
052338030520104436クウレイナニ　　　　　　　　　　　　 38.9  8.1-12.1-12.7 -8.3 -3  0.0  0                        
052338030620104868シンコッチョウ　　　　　　　　　　　 39.8  8.2-12.1-11.3 -7.8 -3  0.0                           
052338030720106562バンブトンプロ　　　　　　　　　　　 66.5 13.0-12.1 -7.9 -6.5 -2  0.0                           
052338030820105091ゴールドバッハ　　　　　　　　　　　  5.1  1.8 11.3  8.0  6.3 11  9.4                           
052338030920105687ベルウッドアラシ　　　　　　　　　　 23.8  5.2-10.0  5.3 -1.1  4  0.0                           
052338031020100552ルビコントレイル　　　　　　　　　　 42.8  8.8-12.1 -2.0 -4.4  1  0.0                           
052338031120104206プロテア　　　　　　　　　　　　　　  6.4  2.0 15.7 11.9  9.1 14 20.2                           
052338031220105837ゴールドスピーダー　　　　　　　　　 37.5  7.8 -2.3 -2.0 -1.4  4  0.0                           
052338031320106028キークラシック　　　　　　　　　　　 19.9  4.5  3.4 -2.4  0.1  5  0.0  5                        
052338031420101363カウノスライト　　　　　　　　　　　 60.2 11.8-10.1-12.9 -7.8 -3  0.0                           
052338031520104827テンプロファイター　　　　　　　　　 17.4  4.0-12.1  1.4 -3.1  2 11.5                           
052338031620105055ドナルビー　　　　　　　　　　　　　  3.6  1.5 15.8  5.0  6.6 12  8.0                           
052338040120105788マイネルペルセウス　　　　　　　　　 16.2  3.1 -8.1  7.6  0.4  5  0.0  5                        
052338040220109045オセアジャーディン　　　　　　　　　 19.6  3.7  4.2  5.8  3.4  8 13.0                           
052338040320106193レイジングウェイブ　　　　　　　　　 17.6  3.4  1.0 -3.6 -1.0  4  0.0                           
052338040420103207リベイラパレス　　　　　　　　　　　  2.2  1.2 22.6 20.0 14.1 19  7.9                           
052338040520100178ウインクリエ　　　　　　　　　　　　 34.6  5.9-14.3  1.0 -3.9  1  0.0                           
052338040620105189ウインリュクス　　　　　　　　　　　 33.6  5.7 -2.3 -7.6 -3.5  2  0.0                           
052338040720105807ヤマブキ　　　　　　　　　　　　　　 61.6  9.7-12.1-14.1 -8.8 -4  0.0                           
052338040820101922ホウオウアルマン　　　　　　　　　　  8.5  2.1  6.6  6.0  4.2  9  0.0                           
052338040920101429ローディアマント　　　　　　　　　　 19.2  3.6  1.7  6.4  2.9  8  0.0                           
052338041020105665インディストーン　　　　　　　　　　  4.3  1.4 17.4 15.0 10.7 16 18.8                           
052338041120103377サトノアンタレス　　　　　　　　　　  4.1  1.4 16.1 15.4 10.5 15 17.3                           
052338050121100065ジョードプル　　　　　　　　　　　　 60.6 11.3-12.1-11.7 -7.9 -8  0.0                           
052338050221103976エコロレイズ　　　　　　　　　　　　 14.9  3.4  0.1 28.3 10.4 10  0.0                           
052338050321106687カガリターン　　　　　　　　　　　　 77.5 14.2-12.1-10.9 -7.6 -8 17.3                           
052338050421103342カルフ　　　　　　　　　　　　　　　 74.4 13.7-12.1  6.5 -1.2 -1  0.0                           
052338050521105309ユネバウォクアロン　　　　　　　　　 96.9 17.6-13.0-11.0 -7.9 -8  0.0                           
052338050621105555トラジェクトワール　　　　　　　　　  3.4  1.5 15.0 21.5 12.4 12 17.3                           
052338050721102685セイウンチドリ　　　　　　　　　　　  3.4  1.4 17.6 15.0 10.8 11  8.0                           
052338050821104724トーセンクライネ　　　　　　　　　　 31.0  6.2 -7.4 -1.1 -2.6 -3  0.0                           
052338050921106102エコロライジン　　　　　　　　　　　  7.8  2.3 12.8 17.6 10.3 10 10.1                           
052338051021105885キャネル　　　　　　　　　　　　　　  5.2  1.7  9.2  7.8  5.6  6  9.4                           
052338051121106540タガノエクレール　　　　　　　　　　 25.9  5.3 -1.1-15.1 -5.9 -6  0.0                           
052338051221104475アルテミーナ　　　　　　　　　　　　 89.3 16.3-12.9-10.1 -7.6 -8  0.0                           
052338051321105524ダイクロアイト　　　　　　　　　　　 22.8  4.8  2.7  9.1  4.1  4  0.0  5                        
052338051421105688セブンマイスター　　　　　　　　　　  8.6  2.4  9.5  3.2  4.0  4  0.0  5                        
052338051521106488ココロオドル　　　　　　　　　　　　 27.0  5.5 -1.8  4.2  1.0  1  0.0                           
052338051621104995エレクトリックブギ　　　　　　　　　 18.9  4.1 -2.5  6.0  1.5  1  0.0                           
052338060120110049デイタム　　　　　　　　　　　　　　 17.0  3.6 -3.9 10.1  2.5  8  0.0                           
052338060220101397トロピコ　　　　　　　　　　　　　　 32.7  6.2-12.1 -7.1 -6.2 -1  0.0                           
052338060320101541ジョアジョルナータ　　　　　　　　　 40.2  7.5 -8.0 12.1  2.0  7  0.0                           
052338060420103569ブレガーロード　　　　　　　　　　　 22.7  4.5 -4.5  3.2 -0.2  5  0.0  5                        
052338060520105417チーフインザスカイ　　　　　　　　　105.4 18.1-12.1-10.8 -7.6 -3  0.0                           
052338060620110003エリカボニータ　　　　　　　　　　　 22.7  4.5 -0.3  3.0  1.0  6  0.0                           
052338060720101551ダノンワンナップ　　　　　　　　　　  4.9  1.7 13.5 10.5  7.9 13  8.7                           
052338060820103623ウィングマン　　　　　　　　　　　　 24.1  4.8  4.3 -5.8 -0.8  4  0.0                           
052338060920105868ロッシーニ　　　　　　　　　　　　　 45.0  8.3-12.1-10.0 -7.3 -2  0.0                           
052338061020102278ハクシンジャベリン　　　　　　　　　190.3 32.1-12.1 -7.1 -6.2 -1  0.0                           
052338061120106013インテンスシチー　　　　　　　　　　 17.0  3.6  1.6  5.3  2.4  7  0.0                           
052338061220103134レッドセリオン　　　　　　　　　　　 11.8  2.7  5.6 14.0  6.8 12  0.0  5                        
052338061320101655マンダリンボレロ　　　　　　　　　　  2.4  1.3 19.7 28.2 16.3 21 15.9                           
052338061420105047エクセルスコール　　　　　　　　　　 98.4 16.9-12.1-20.0-11.0 -6  0.0  0                        
052338061520110080モダナイズクィーン　　　　　　　　　  5.9  1.8  6.0 13.3  6.7 12  9.4                           
052338061620103003ピンポイントドロー　　　　　　　　　  8.9  2.4 15.3  7.7  7.4 12 20.2                           
052338070119106851ラエール　　　　　　　　　　　　　　 46.8  7.7-12.1 -6.5 -6.0 14  0.0                           
052338070219100913ポリクシニーズ　　　　　　　　　　　 39.1  6.6-12.1-14.4 -8.9 11  0.0  0                        
052338070320105781マイネルケレリウス　　　　　　　　　  8.5  2.1 10.0  7.6  5.8 26  0.0                           
052338070418103242ピナ　　　　　　　　　　　　　　　　 26.1  4.6-12.6 -0.6 -4.0 16  0.0                           
052338070520100233セイウンパシュート　　　　　　　　　  4.8  1.5 15.5 13.3  9.5 30  8.7                           
052338070620102918オルソビアンコ　　　　　　　　　　　 13.7  2.8  5.4  6.7  4.1 24 11.6                           
052338070719105643ナンヨーアゼリア　　　　　　　　　　 14.0  2.8 -0.5  3.1  1.0 21  0.0                           
052338070820103242ブレイディヴェーグ　　　　　　　　　  2.0  1.2 23.6 17.5 13.5 33 15.9                           
052338070919100773マイネルカグラ　　　　　　　　　　　 44.2  7.3-14.7 -9.7 -8.0 12  0.0                           
052338071020102862レシプロシティ　　　　　　　　　　　 11.7  2.5  6.1  6.7  4.3 24 10.8                           
052338071120107121イケイケドンドン　　　　　　　　　　  5.3  1.6 15.8  8.5  7.9 28  9.4                           
052338080120101341ムーランブルー　　　　　　　　　　　 33.3  6.4-10.2-13.9 -8.2 12  0.0                           
052338080219104953インペリアルライン　　　　　　　　　  5.2  1.7  3.9  9.9  4.8 25  0.0                           
052338080319100584ネッスンドルマ　　　　　　　　　　　 86.7 15.2-12.1-10.0 -7.3 13  0.0                           
052338080419106629ブラックルパン　　　　　　　　　　　 64.8 11.5-12.1-11.0 -7.7 12  0.0                           
052338080520102333サロンドブラック　　　　　　　　　　  8.9  2.4 11.9 12.0  8.0 28  0.0                           
052338080620106941スペンサーバローズ　　　　　　　　　 46.3  8.7  4.9 -2.0  0.7 21  0.0                           
052338080720104945ベルウッドグラス　　　　　　　　　　 13.5  3.0  8.3  6.6  4.9 25 11.6                           
052338080818106162リュウセイグン　　　　　　　　　　　 62.8 11.2-12.1-10.0 -7.3 13  0.0                           
052338080920109094ナスノカンゲツ　　　　　　　　　　　 36.4  6.9 -8.1  4.0 -1.0 19  0.0                           
052338081020100850マオノアラシ　　　　　　　　　　　　  2.5  1.3 20.8 17.5 12.7 33 15.9                           
052338081120106155モジャータルマエ　　　　　　　　　　 12.0  2.8  5.4  7.6  4.4 24  0.0                           
052338081219101533フクノエヴリー　　　　　　　　　　　 44.4  8.3 -6.4  8.0  1.0 21  0.0                           
052338081319101814チャールストン　　　　　　　　　　　 41.8  7.9-10.2 24.5  5.9 26 15.1                           
052338081418105493ピュアブラッド　　　　　　　　　　　 20.1  4.2 -2.0  6.4  1.7 22  0.0                           
052338081520100042エドノトップラン　　　　　　　　　　  4.7  1.6 15.0 17.5 10.9 31 17.3                           
052338081620100838ポンサン　　　　　　　　　　　　　　 20.4  4.3 -6.3 -4.1 -3.4 17  0.0                           
052338090116104665ミトロジー　　　　　　　　　　　　　 17.0  3.4  4.3  6.4  3.6 34  0.0                           
052338090217101230ピースディオン　　　　　　　　　　　 19.3  3.8 -2.3  3.4  0.6 31  0.0                           
052338090320102817マラキナイア　　　　　　　　　　　　  2.0  1.2 20.6 17.7 12.7 43 15.9                           
052338090417103299メタルスパーク　　　　　　　　　　　 24.8  4.6 -8.0  9.7  1.2 31 13.7                           
052338090518105237セラフィナイト　　　　　　　　　　　 12.4  2.7  3.9  6.0  3.4 33 10.9                           
052338090619105087サンライズロナウド　　　　　　　　　  6.2  1.8 15.2 16.7 10.7 41  9.4  5                        
052338090719102146ジョンソンテソーロ　　　　　　　　　 51.5  8.8 -9.6-10.0 -6.5 23  0.0                           
052338090817104670ビートザウイングス　　　　　　　　　 33.8  6.0-12.1-10.0 -7.3 23  0.0                           
052338090919105559ロジマンボ　　　　　　　　　　　　　  5.7  1.7 15.0 12.1  8.9 39  0.0                           
052338091018103796ケンアンビシャス　　　　　　　　　　 23.3  4.3 -8.5-13.9 -7.6 22  0.0                           
052338091118106426ニシノオイカゼ　　　　　　　　　　　 35.7  6.3 -9.5 -9.4 -6.3 24  0.0                           
052338091219104767ヴェールランス　　　　　　　　　　　  6.2  1.8 11.5 11.0  7.5 37 10.1                           
052338100119102454サクセスローレル　　　　　　　　　　 17.4  4.0  8.8  3.8  4.0 39  0.0                           
052338100217101700スペロデア　　　　　　　　　　　　　109.1 20.7-12.9-10.1 -7.6 27  0.0                           
052338100319106575サトノルフィアン　　　　　　　　　　 10.8  2.7 -0.3  2.1  0.7 36  0.0                           
052338100417102037シャチ　　　　　　　　　　　　　　　 55.2 10.8-12.1-12.3 -8.1 27  0.0                           
052338100518106345スズカマクフィ　　　　　　　　　　　 35.4  7.4-12.1 -6.3 -5.9 29  0.0                           
052338100618103729スリートップキズナ　　　　　　　　　 33.2  6.9 -1.3 -6.8 -2.9 32  0.0                           
052338100717106230スズカデレヤ　　　　　　　　　　　　 31.9  6.7-12.9-10.1 -7.6 27  0.0                           
052338100818104392グリュースゴット　　　　　　　　　　 28.9  6.1 -8.3-15.8 -8.3 27  0.0  0                        
052338100918105350フルヴォート　　　　　　　　　　　　 12.1  3.0 10.2  5.7  5.2 40 11.6                           
052338101019105859エーティーマクフィ　　　　　　　　　  4.3  1.6 14.8 12.7  9.1 44  8.6                           
052338101117100005リトルクレバー　　　　　　　　　　　 23.1  5.0 -2.5 -5.6 -2.8 32  0.0                           
052338101218100389シャンブル　　　　　　　　　　　　　 27.4  5.8 -2.0 -7.9 -3.5 32  0.0                           
052338101319105560ヴァーンフリート　　　　　　　　　　  4.9  1.7 15.2 15.9 10.4 45 18.8                           
052338101419105164クラーベドラド　　　　　　　　　　　 37.8  7.8-12.9-10.1 -7.6 27  0.0                           
052338101519105913ライラボンド　　　　　　　　　　　　 10.9  2.8 11.7 10.8  7.5 42 10.9                           
052338101618101267ワールドタキオン　　　　　　　　　　  3.2  1.4 22.1 21.3 14.4 49  7.9                           
052338110119100765コムストックロード　　　　　　　　　 25.3  6.4-10.1 -1.4 -3.5 41  0.0                           
052338110218103929ビューティフルデイ　　　　　　　　　  5.3  2.0  9.2 14.6  8.1 53  8.0                           
052338110318103003ペイシャフェスタ　　　　　　　　　　 48.6 11.7-10.1 -3.3 -4.2 41  0.0                           
052338110416106232カイザーミノル　　　　　　　　　　　 14.6  4.0  1.5 -2.7 -0.5 44  0.0                           
052338110520104056オールパルフェ　　　　　　　　　　　  9.4  3.1  3.5 10.7  5.0 50 10.8                           
052338110619105775ホウオウノーサイド　　　　　　　　　 10.7  3.1  8.5  8.4  5.6 51 12.2                           
052338110718104861レイモンドバローズ　　　　　　　　　  5.4  2.1 14.1 10.4  8.0 53  8.6                           
052338110818105296モントライゼ　　　　　　　　　　　　 18.0  4.8 -5.1 -4.4 -3.1 42  0.0                           
052338110919105505サーマルウインド　　　　　　　　　　  5.9  2.2 10.4 13.5  8.1 53  9.4                           
052338111018100394サトノラムセス　　　　　　　　　　　 26.8  6.8 -0.5-10.1 -3.9 41  0.0                           
052338111117105298ストーンリッジ　　　　　　　　　　　  9.4  3.1  7.8  5.9  4.5 50  0.0                           
052338111219100438グラスミヤラビ　　　　　　　　　　　 15.7  4.3-12.1  6.5 -1.2 44  0.0                           
052338111317104172メイショウチタン　　　　　　　　　　 26.2  6.6-12.9 -4.1 -5.4 40  0.0                           
052338111418104750テンハッピーローズ　　　　　　　　　  6.2  2.3 16.9 13.6 10.1 55 10.1                           
052338111516101865カルリーノ　　　　　　　　　　　　　 44.5 10.8-12.1-12.4 -8.2 37  0.0                           
052338120120106697トニトゥルス　　　　　　　　　　　　 77.5 14.2 -8.0-14.7 -7.8 12  0.0                           
052338120219105379クルールデュヴァン　　　　　　　　　 36.1  7.1-12.1-10.0 -7.3 13  0.0                           
052338120318103159グランドライズ　　　　　　　　　　　 28.4  5.7-10.0 -2.0 -3.7 16 14.5                           
052338120420105492ニシノピウモッソ　　　　　　　　　　 14.3  3.3  5.6  6.0  3.9 24  0.0                           
052338120518104772レッドレジェーラ　　　　　　　　　　 33.1  6.6-12.1-12.1 -8.1 12  0.0                           
052338120620103034ドライブアローカス　　　　　　　　　 10.9  2.7 14.7 11.9  8.8 29  0.0                           
052338120720106200イニッツィオ　　　　　　　　　　　　  4.0  1.5 18.8 10.5  9.5 29  8.6                           
052338120819101185サザンステート　　　　　　　　　　　 23.9  4.9 -3.3  0.0 -1.0 19 12.2                           
052338120920107073ジェイケイファイン　　　　　　　　　 39.1  7.7 -4.3-10.4 -5.1 15  0.0                           
052338121018105370ゾディアックサイン　　　　　　　　　 34.6  6.8-12.1-11.9 -8.0 12  0.0  0                        
052338121120106386プラチナジュビリー　　　　　　　　　  3.0  1.4 14.2 12.1  8.7 29  8.0                           
052338121220110083ラックスアットゼア　　　　　　　　　  4.7  1.6 18.1 16.9 11.6 32  9.4                           
052338121319110009シアージスト　　　　　　　　　　　　 14.8  3.4  1.9  6.4  2.9 23 11.5                           
052338121420104664グッドロマンス　　　　　　　　　　　 26.0  5.3 -3.9  6.0  1.0 21  0.0                           
052338121519101914リングストゥワイス　　　　　　　　　 25.8  5.3-10.2-13.9 -8.2 12  0.0                           
052338121619107007パワポケビー　　　　　　　　　　　　 41.5  8.1-12.1-12.4 -8.2 12  0.0                           
092338010120102694デルマシタテナゲ　　　　　　　　　　 36.2  6.4-11.2 -5.8 -5.8 -1  0.0  5                        
092338010220105597ヤマニンエカ　　　　　　　　　　　　 38.6  6.8 -5.6-10.2 -5.1  0  0.0                           
092338010320103041ツァウバークライス　　　　　　　　　 19.5  3.8 -4.5 10.7  1.6  7  0.0                           
092338010420100302アルフェニン　　　　　　　　　　　　 18.1  3.6  6.7  7.3  4.6 10  0.0                           
092338010520105600ヤマニンブルトンヌ　　　　　　　　　  2.4  1.3 21.0  9.9 10.7 16 16.2                           
092338010620106876ステラノーツ　　　　　　　　　　　　  3.9  1.5 18.7 17.3 12.0 17 17.7  2                        
092338010720102766ジアッシズ　　　　　　　　　　　　　  8.7  2.2 11.4 12.2  7.8 13  0.0                           
092338010820100327ルシール　　　　　　　　　　　　　　 37.9  6.7-11.2-12.4 -7.8 -3  0.0                           
092338010920100448カワカミエレガンス　　　　　　　　　 40.1  7.0-11.8-12.7 -8.1 -3  0.0                           
092338011020102153クリノトンイ　　　　　　　　　　　　 82.7 13.4-11.2 -7.1 -6.2 -1  0.0                           
092338011120100354ワイドバレンシア　　　　　　　　　　 37.1  6.5 -6.2 -7.0 -4.4  1  0.0                           
092338011220106184メイショウチェリー　　　　　　　　　 39.4  6.9-11.8-12.7 -8.1 -3  0.0                           
092338011320102835キャッチザロマンス　　　　　　　　　 28.7  5.2 -2.6 -3.9 -2.1  3  0.0                           
092338011420106430ワンダフルグレイス　　　　　　　　　  7.5  2.0 11.5 11.7  7.7 13 19.1                           
092338011520103991タマモネモフィラ　　　　　　　　　　  8.3  2.1  5.7 16.7  7.1 12 14.4                           
092338020120105423サウンドアルジュナ　　　　　　　　　 61.6 11.9-11.8-14.3 -8.6 -4  0.0                           
092338020220103042アクトゥールキネマ　　　　　　　　　 94.0 17.8-11.2-10.2 -7.2 -2  0.0                           
092338020320103579アルタビスタ　　　　　　　　　　　　 13.2  3.2  4.5  2.0  2.3  7  0.0                           
092338020420101620バズダイヤ　　　　　　　　　　　　　 50.2 10.0-11.2-13.0 -8.0 -3  0.0                           
092338020520103706デュメイカズマ　　　　　　　　　　　 16.7  3.8  2.9 10.5  4.2  9  0.0                           
092338020620103624ジャスティンボルト　　　　　　　　　  5.5  1.8 12.7 17.9 10.0 15 13.4  2                        
092338020720104000メイショウタクボク　　　　　　　　　 20.1  4.5 -0.2  5.3  1.5  7  0.0                           
092338020820100581バスキュラント　　　　　　　　　　　 62.8 12.1-11.2-14.3 -8.4 -3  0.0                           
092338020920101808ハワイアンタイム　　　　　　　　　　 22.3  4.8  0.1 -5.9 -1.7  3  0.0                           
092338021020103443ユレマー　　　　　　　　　　　　　　 34.4  7.1-11.2-12.4 -7.8 -3  0.0                           
092338021120102344コパノサントス　　　　　　　　　　　  7.7  2.3  9.3  9.3  6.2 11  0.0                           
092338021220100242テーオーレーズン　　　　　　　　　　 45.7  9.2 -5.5-10.0 -5.0  0  0.0                           
092338021320105031シュハリ　　　　　　　　　　　　　　 52.4 10.5 -3.3  7.4  1.0  6  0.0                           
092338021420102628ダルジェント　　　　　　　　　　　　  3.5  1.5 14.7 25.7 13.1 18 16.2                           
092338021520101872デイトナモード　　　　　　　　　　　  3.7  1.5 18.6 20.8 13.1 18 17.7                           
092338021620100792ハクサンバード　　　　　　　　　　　 19.5  4.4  2.1  8.3  3.3  8 25.0                           
092338021720103190テイクジオース　　　　　　　　　　　 26.3  5.6 -8.3 -9.3 -5.8 -1  0.0                           
092338021820100076テイエムエポック　　　　　　　　　　 36.2  7.4-11.2-12.4 -7.8 -3  0.0                           
092338030120103118ブレイヴアロウ　　　　　　　　　　　 15.7  3.2 -0.6  1.4  0.2  5  0.0                           
092338030220104289ネイサンバローズ　　　　　　　　　　 31.2  5.6 -2.8-11.3 -4.4  1  0.0                           
092338030320100150ロードパレス　　　　　　　　　　　　 33.4  5.9-10.0 -4.4 -5.0  0  0.0  5                        
092338030420101056ハットリ　　　　　　　　　　　　　　 27.0  4.9 -9.7-12.1 -7.2 -2  0.0                           
092338030520101766ミヤジシャルマン　　　　　　　　　　  2.8  1.3 17.7 14.3 10.8 16 16.2                           
092338030620105734オーバーザドリーム　　　　　　　　　 24.6  4.5 -6.2  9.0  0.4  5 17.5                           
092338030720104686リュウキヘイ　　　　　　　　　　　　 65.3 10.7-11.2-15.7 -8.8 -4  0.0                           
092338030820102261モズマワシゲリ　　　　　　　　　　　 35.1  6.2 -3.1 -8.6 -3.7  1  0.0                           
092338030920106327プラチナリボン　　　　　　　　　　　 43.5  7.5-11.2 -7.7 -6.4 -1  0.0                           
092338031020100753ワンダーハイパー　　　　　　　　　　 30.3  5.4-10.4 -7.1 -5.9 -1  0.0                           
092338031120100593ヴォランテ　　　　　　　　　　　　　 22.2  4.2  6.1  4.1  3.5  8  0.0                           
092338031220101219マックスアデュー　　　　　　　　　　 34.4  6.1-11.2-14.3 -8.4 -3  0.0                           
092338031320102979チリセラーノ　　　　　　　　　　　　 23.3  4.3 -3.8-13.0 -5.3  0  0.0                           
092338031420105873ガウロン　　　　　　　　　　　　　　  4.2  1.4 16.1 11.1  9.2 14 19.1                           
092338031520102687バックトゥザライト　　　　　　　　　  3.1  1.3 18.6 16.3 11.7 17 17.7                           
092338040120102245カネトシストーム　　　　　　　　　　 86.7 14.0-11.3-11.5 -7.6 -3  0.0                           
092338040220103483サンライズプライド　　　　　　　　　 19.5  3.8  7.1 10.5  5.8 11  0.0                           
092338040320104650トモジャケーヤ　　　　　　　　　　　  3.0  1.4 20.7 18.5 13.1 18 17.7                           
092338040420103894ホウオウマーメイド　　　　　　　　　 11.1  2.4  4.8 10.5  4.9 10 14.4                           
092338040520100619レヴィアタン　　　　　　　　　　　　  8.3  2.1  2.9  5.6  2.7  8  0.0                           
092338040620105937シゲルゴキゲン　　　　　　　　　　　 53.0  9.0-11.2 -8.1 -6.5 -2  0.0                           
092338040720106289エイシンテムジン　　　　　　　　　　 30.7  5.5 -6.6  0.6 -2.2  3 29.4                           
092338040820104920ダンツターセル　　　　　　　　　　　 36.7  6.5-12.8-12.7 -8.5 -4  0.0                           
092338040920106518エイシンレジューム　　　　　　　　　  2.9  1.4 19.9 16.9 12.4 17 16.2                           
092338041020101685タッチーフェイス　　　　　　　　　　 74.9 12.2-11.2 -6.1 -5.9 -1  0.0                           
092338041120103555ジャスティンユウジ　　　　　　　　　 13.1  2.8  3.9 -0.6  1.3  6  0.0                           
092338041220105577オールズフェア　　　　　　　　　　　 73.8 12.0-11.2-12.4 -7.8 -3  0.0                           
092338041320104916シゲルオトコギ　　　　　　　　　　　 30.4  5.5 -6.1  0.2 -2.2  3  0.0                           
092338041420103559リプレゼント　　　　　　　　　　　　 15.3  3.1  3.3 12.7  5.0 10  0.0                           
092338041520100916ヴィクトリーアイ　　　　　　　　　　 75.8 12.3-11.2-10.2 -7.2 -2  0.0                           
092338041620100715タイセイサーマル　　　　　　　　　　 11.5  2.5 -2.3 24.4  6.5 11  0.0                           
092338050121105598ダノンスウィッチ　　　　　　　　　　  2.0  1.2 21.5 23.2 14.8 15 16.2                           
092338050221110063メイプルギャング　　　　　　　　　　  6.9  2.8  0.8 15.1  4.8  5 22.1  3                        
092338050321105374クイックバイオ　　　　　　　　　　　  4.0  1.7 13.3 19.0 10.6 11 17.7                           
092338050421106683ジーティームテキ　　　　　　　　　　 15.5  5.4 -4.1-11.1 -4.8 -5  0.0                           
092338050521105283ブルーミンデザイン　　　　　　　　　  6.3  2.6  4.8 15.4  6.4  6 13.4                           
092338050621105559ギャンブルルーム　　　　　　　　　　  9.4  3.7 10.3 -3.1  2.8  3  0.0                           
092338050721105867ショウナンハウル　　　　　　　　　　  6.7  2.7  4.4 10.4  4.7  5  0.0                           
092338060120103323ナウズザタイム　　　　　　　　　　　 27.2  5.0 -6.2  0.1 -2.2 18  0.0                           
092338060220100160シブースト　　　　　　　　　　　　　 11.8  2.6  4.5 12.9  5.5 26  0.0                           
092338060319105442ウィングヘヴン　　　　　　　　　　　  2.8  1.3 19.2 16.7 12.1 32 16.2                           
092338060419105287フォンメイリー　　　　　　　　　　　 28.2  5.2 -8.5 -7.0 -5.2 15  0.0                           
092338060520106950レッツゴーローズ　　　　　　　　　　  3.2  1.4 17.4 27.9 14.8 35 17.7                           
092338060620105167スナークメモリー　　　　　　　　　　 24.5  4.6 -3.4 -9.5 -4.1 16  0.0                           
092338060719104733トゥーレツリー　　　　　　　　　　　 19.5  3.9-10.1-10.2 -6.8 13  0.0                           
092338060819106605ランスオブウェイブ　　　　　　　　　 30.1  5.5 -9.5-11.6 -7.0 13  0.0  0                        
092338060919102794スカンジナビア　　　　　　　　　　　  7.9  2.1 10.3 11.1  7.1 27 14.4                           
092338061020106393ノボリクレバー　　　　　　　　　　　  6.0  1.8 10.8 11.1  7.3 27 19.1                           
092338061119105975フェルンマンボ　　　　　　　　　　　  8.4  2.2 10.4  7.8  6.2 26  0.0                           
092338070120105730スカパラダイス　　　　　　　　　　　 15.3  3.1 -2.6  6.2  0.9 21  0.0                           
092338070220104940マコトヴィクラント　　　　　　　　　 16.8  3.3 -4.9 -8.6 -4.4 16  0.0                           
092338070320101344フリンジティアラ　　　　　　　　　　 14.7  3.0  7.5  9.4  5.6 26  0.0                           
092338070420106667サトノクローク　　　　　　　　　　　  2.8  1.3 20.7 22.1 14.2 34 16.2                           
092338070519100831プリマヴィータ　　　　　　　　　　　 20.4  3.9 -6.4-16.0 -7.1 13 20.6                           
092338070620100912ジューンアヲニヨシ　　　　　　　　　  2.9  1.3 17.1 19.7 12.2 32 17.7                           
092338070719106226ブロンドケリー　　　　　　　　　　　 20.0  3.8 -8.4  3.1 -2.2 18  0.0                           
092338070820106593ジークシュベルト　　　　　　　　　　 11.3  2.4-11.2  7.4 -1.9 18  0.0                           
092338070918101134リツィタル　　　　　　　　　　　　　 10.7  2.3  5.8 13.0  6.0 26  0.0                           
092338071016102904ボンベール　　　　　　　　　　　　　  5.7  1.7 13.5 12.3  8.6 29 19.1                           
092338080119106038ヒルノロワール　　　　　　　　　　　 32.6  6.2-11.2 -8.3 -6.6 13  0.0                           
092338080220103099ビヨンドザヴァレー　　　　　　　　　  3.9  1.5 14.7 13.3  9.4 29 17.7                           
092338080320102640サイモンオリーブ　　　　　　　　　　 40.3  7.5-11.2 -9.3 -6.9 13  0.0                           
092338080420103271ショウナンアレクサ　　　　　　　　　 11.5  2.6 10.9  9.7  6.9 27  0.0                           
092338080520102798スマラグドス　　　　　　　　　　　　 17.5  3.7 -3.4  0.5 -1.1 19  0.0                           
092338080620103666マキシ　　　　　　　　　　　　　　　  2.6  1.3 21.6 18.3 13.4 33 16.2                           
092338080720104776トンジンチ　　　　　　　　　　　　　 11.3  2.6  5.4  3.6  3.1 23 15.4                           
092338080820103731ミントマーク　　　　　　　　　　　　 12.3  2.8  4.3 10.5  4.7 25  0.0                           
092338080920103061シュタールヴィント　　　　　　　　　  5.2  1.7 13.0 16.7  9.8 30 19.1                           
092338081020106680サスケ　　　　　　　　　　　　　　　  6.3  1.9  9.7 11.2  6.9 27  0.0                           
092338090116102113ケルンキングダム　　　　　　　　　　 33.1  5.9-11.2 -8.2 -6.6 23  0.0                           
092338090217102940ワンダーカタリナ　　　　　　　　　　 11.0  2.4  6.5  5.5  4.0 34 15.4                           
092338090318104674サトノペルセウス　　　　　　　　　　  6.2  1.8 12.0 13.8  8.5 39  0.0                           
092338090420102890イティネラートル　　　　　　　　　　  5.9  1.7 11.7  9.6  7.2 37 19.1                           
092338090520103482スカイロケット　　　　　　　　　　　  3.2  1.4 17.3 10.8  9.6 40 17.7                           
092338090618102091ウルトラソニック　　　　　　　　　　 16.4  3.3  6.7  5.1  4.0 34  0.0                           
092338090718103902サウンドブライアン　　　　　　　　　 22.2  4.2-11.2 -4.8 -5.5 24  0.0  5                        
092338090818104633テーオーダヴィンチ　　　　　　　　　  2.7  1.3 20.1 33.0 17.3 47 16.2                           
092338090918104322プレジールミノル　　　　　　　　　　 37.3  6.6 -6.2 -1.6 -2.8 27  0.0                           
092338091017105794メイショウフォイル　　　　　　　　　 36.4  6.4-11.2-10.2 -7.2 23  0.0                           
092338091111106610シベリアンタイガー　　　　　　　　　 63.3 10.4-11.2-10.6 -7.3 23  0.0                           
092338091217105070チャーミングアクト　　　　　　　　　 20.7  4.0 -2.5 19.1  4.8 35  0.0                           
092338100115110028アメリカンファクト　　　　　　　　　 24.1  5.6 -7.5  4.4 -1.4 34  0.0                           
092338100219103472テーオーステルス　　　　　　　　　　 18.8  4.6  3.8  0.9  1.7 37  0.0  5                        
092338100317105027エターナリー　　　　　　　　　　　　 35.0  7.9-10.1 -7.0 -5.8 29  0.0                           
092338100418100445メモリーエフェクト　　　　　　　　　 43.3  9.6 -8.3-13.4 -7.1 28  0.0                           
092338100517105807メイショウオーギシ　　　　　　　　　 27.2  6.3-11.8 -2.0 -4.9 30  0.0                           
092338100618101514ラヴケリー　　　　　　　　　　　　　  5.1  1.9 14.8 13.6  9.5 45 19.1                           
092338100718104152イフティファール　　　　　　　　　　  5.2  1.9  9.3 21.6  9.9 45 20.6                           
092338100818104894トーセンアラン　　　　　　　　　　　 31.1  7.1 -6.0 -1.0 -2.5 33  0.0                           
092338100919100688スウィートプロミス　　　　　　　　　 34.8  7.8 -7.6-10.6 -6.0 29  0.0                           
092338101019106604スミ　　　　　　　　　　　　　　　　 37.0  8.3-11.2 -8.9 -6.8 28  0.0                           
092338101119106699モズリッキー　　　　　　　　　　　　  4.6  1.8 19.2 14.2 11.3 46 12.4                           
092338101217103437タイキスウォード　　　　　　　　　　 14.5  3.7 -1.6 -0.6 -0.8 34  0.0                           
092338101319101907スプラウティング　　　　　　　　　　  8.6  2.7 11.5 10.2  7.3 42  0.0                           
092338101418101966タガノペカ　　　　　　　　　　　　　 31.3  7.1 -6.2 -7.0 -4.4 31  0.0                           
092338101517109026ワイドカント　　　　　　　　　　　　 82.7 17.3-11.2-12.6 -7.9 27  0.0                           
092338101620110105マニバドラ　　　　　　　　　　　　　  3.9  1.6 12.5 14.5  8.9 44 16.2                           
092338110119103588ライラック　　　　　　　　　　　　　 37.6  5.7 -3.3 -4.9 -2.7 57  0.0                           
092338110216106606カラテ　　　　　　　　　　　　　　　 75.3 10.6-11.0 -6.2 -5.9 54  0.0                           
092338110318104963ダノンザキッド　　　　　　　　　　　 20.9  3.5  3.5  5.3  2.9 63  0.0                           
092338110416104618ボッケリーニ　　　　　　　　　　　　 28.1  4.5  6.3 -0.7  2.1 62  0.0                           
092338110519105219イクイノックス　　　　　　　　　　　  1.6  1.1 20.7 24.0 14.8 75 15.9  2                        
092338110618105269スルーセブンシーズ　　　　　　　　　 20.5  3.5 -8.7  6.4 -1.3 59 25.9                           
092338110719100109プラダリア　　　　　　　　　　　　　 80.9 11.3-11.0 -3.2 -5.0 55  0.0                           
092338110817105082ヴェラアズール　　　　　　　　　　　 18.4  3.2  4.1 -4.1  0.3 60  0.0                           
092338110919105346ジャスティンパレス　　　　　　　　　  6.3  1.8 17.2 18.9 12.0 72 17.7                           
092338111017102170ディープボンド　　　　　　　　　　　 19.5  3.4  3.4  8.0  3.6 64  0.0                           
092338111118105081ジェラルディーナ　　　　　　　　　　 13.1  2.5  8.8 13.0  7.1 67 19.1                           
092338111219104706アスクビクターモア　　　　　　　　　 14.6  2.7 14.2 10.4  8.3 68  0.0                           
092338111319105056ジオグリフ　　　　　　　　　　　　　 37.1  5.7 -9.0 -8.9 -6.0 54  0.0  0                        
092338111418106273ブレークアップ　　　　　　　　　　　 20.4  3.5 -4.6-10.2 -4.7 55  0.0                           
092338111516110103ユニコーンライオン　　　　　　　　　 46.1  6.9-10.1-13.2 -7.7 52  0.0                           
092338111616100915モズベッロ　　　　　　　　　　　　　163.9 22.2-11.0 -8.3 -6.5 53  0.0  0                        
092338111720103626ドゥラエレーデ　　　　　　　　　　　 88.2 12.3-10.1-12.3 -7.4 53  0.0                           
092338120120102565スクーバー　　　　　　　　　　　　　  3.5  1.5 18.5 12.9 10.7 41 16.2                           
092338120220106877スマートアイ　　　　　　　　　　　　 12.7  3.1  6.4 -2.7  1.5 32  0.0                           
092338120319103065ゼットレヨン　　　　　　　　　　　　 23.2  5.0 -5.8  0.0 -2.1 28  0.0                           
092338120418110017スカイナイル　　　　　　　　　　　　 24.3  5.2 -0.7  2.7  0.6 31  0.0                           
092338120520105622パラシュラーマ　　　　　　　　　　　  5.2  1.8 13.9 14.9  9.6 40 19.1                           
092338120618101928コウバコ　　　　　　　　　　　　　　 92.5 17.6-11.2 -8.3 -6.6 23  0.0                           
092338120718103611デルマカンノン　　　　　　　　　　　 27.6  5.8 -3.4 -3.8 -2.4 28  0.0                           
092338120812100683マイネルプロンプト　　　　　　　　　 32.9  6.8-11.2-10.2 -7.2 23  0.0                           
092338120920105157ミルトハンター　　　　　　　　　　　  3.8  1.5 17.8 17.2 11.7 42 12.4  1  123   59              
092338121020104679コパノハンプトン　　　　　　　　　　  6.3  2.0 12.5  6.0  6.4 36 20.6                           
092338121117106270ナムラボス　　　　　　　　　　　　　 66.3 12.8-12.7 -6.8 -6.7 23  0.0                           
092338121217106394サウンドサンビーム　　　　　　　　　 19.2  4.3 -6.2 14.3  2.0 32  0.0                           
092338121318100985ペプチドサンライズ　　　　　　　　　 60.7 11.8-10.1-15.0 -8.2 22  0.0                           
092338121419103040ティントリップ　　　　　　　　　　　 14.6  3.5  4.5 -3.6  0.6 31  0.0                           
092338121519105860オースミメッシーナ　　　　　　　　　 28.1  6.0-11.2 -4.5 -5.5 25  0.0                           
092338121619102491プレイテシア　　　　　　　　　　　　 50.6 10.2-11.2 -6.8 -6.1 24  0.0                           
