062235010119100265ヴェスパーローズ　　　　　　　　　　104.5 20.5-12.1 -3.1 -4.8  0  0.0                           
062235010219100150キョウコウトッパ　　　　　　　　　　  6.8  2.2  8.8 11.0  6.7 12 10.1                           
062235010319105489ケカリネイアウ　　　　　　　　　　　 17.1  4.1 -1.8  5.2  1.4  6  0.0                           
062235010419101273ハローメリールー　　　　　　　　　　  5.3  1.8 15.8 16.8 10.9 16  9.4                           
062235010519100322パイツィーレン　　　　　　　　　　　  4.3  1.7 17.1 12.6  9.8 15  8.6                           
062235010619102700ライクアパール　　　　　　　　　　　 39.2  8.3-12.6 -1.2 -4.2  1  0.0                           
062235010719102747マキアージュ　　　　　　　　　　　　  3.5  1.5 15.6 12.0  9.1 14  8.0                           
062235010819102441エコロシルヴィー　　　　　　　　　　  7.0  2.2  8.3 10.2  6.2 11 10.9                           
062235010919104362ルーチェディルーナ　　　　　　　　　 15.5  3.7  0.4 -2.0 -0.6  4  0.0                           
062235011019106470アイファーマオ　　　　　　　　　　　 88.1 17.4-12.1 -6.1 -5.9 -1  0.0                           
062235011119101014シーイング　　　　　　　　　　　　　 52.6 10.9-11.6 -9.7 -7.0 -2  0.0                           
062235011219101960フリフリ　　　　　　　　　　　　　　 58.6 11.8-12.1 -8.7 -6.8 -2  0.0                           
062235011319101279アヴェマリア　　　　　　　　　　　　 69.3 13.9-12.6 -5.4 -5.8 -1  0.0                           
062235011419104964スローテキーラ　　　　　　　　　　　 20.4  4.7 -5.8  6.0  0.5  5  0.0                           
062235011519102326エレガントミッシー　　　　　　　　　 11.3  2.9 11.9  9.3  7.0 12 11.6  5                        
062235011619101696メイクザウインド　　　　　　　　　　133.5 26.1-10.3-11.6 -7.3 -2  0.0                           
062235020119104056トップオブジェラス　　　　　　　　　  7.4  2.5 14.4  8.3  7.4 12 21.7                           
062235020219105704ハッピーオーラ　　　　　　　　　　　 77.7 17.3-12.4-10.0 -7.4 -2  0.0                           
062235020319102777ヤマニンクイッカー　　　　　　　　　 36.3  8.7-12.1-14.6 -9.0 -4  0.0  0                        
062235020419104609インブリウム　　　　　　　　　　　　  7.8  2.6  8.7  5.3  4.6 10  0.0                           
062235020519103391マヨン　　　　　　　　　　　　　　　  4.7  1.9 18.6 11.4  9.8 15  7.9                           
062235020619105392フロールシュタット　　　　　　　　　  6.1  2.2 12.4 10.2  7.5 12  9.4                           
062235020719101154チョロヤマ　　　　　　　　　　　　　 19.2  5.0 -7.0  6.0  0.1  5  0.0                           
062235020819103925ブルーバレル　　　　　　　　　　　　 63.1 14.2-12.9-14.1 -9.0 -4  0.0                           
062235020919106121レインボーエンゼル　　　　　　　　　  5.1  2.0 15.5 26.3 14.3 19  0.0                           
062235021019104737ネクタリス　　　　　　　　　　　　　 18.3  4.8 -2.7 -6.0 -3.0  2  0.0  0                        
062235021119105759フジフォンテ　　　　　　　　　　　　 28.3  6.9 -3.3 -6.3 -3.3  2  0.0                           
062235021219103543マイネルサハラ　　　　　　　　　　　  6.2  2.2  8.2 17.4  8.8 14 10.1                           
062235021319101059サヨノミニスター　　　　　　　　　　 36.3  8.7-12.9-10.1 -7.6 -3  0.0                           
062235021419105953アンダーレ　　　　　　　　　　　　　 35.0  8.4-11.6-13.4 -8.4 -3  0.0                           
062235021519103982フロンテアブルー　　　　　　　　　　  8.2  2.7  9.4 -7.9 -0.1  5 12.3                           
062235030119105775ホウオウノーサイド　　　　　　　　　  2.0  1.2 21.6 28.3 16.9 22 15.9                           
062235030219106263ザビッグマン　　　　　　　　　　　　 36.1  6.1-11.6 -8.6 -6.6 -2  0.0                           
062235030319102340クインズソフィア　　　　　　　　　　 10.8  2.3 11.6 12.5  8.1 13  0.0                           
062235030419100414ムッシュージョイ　　　　　　　　　　  4.8  1.6 16.1  6.4  7.2 12  8.7                           
062235030519104356ディオアステリア　　　　　　　　　　  8.1  2.1 13.8 12.8  8.8 14 10.1                           
062235030619104230エンライ　　　　　　　　　　　　　　 40.8  6.8-11.6-15.5 -9.2 -4  0.0  0                        
062235030719109036バリアンス　　　　　　　　　　　　　 15.2  3.0  7.3  0.3  2.3  7 23.1                           
062235030819100662アティトラン　　　　　　　　　　　　 23.4  4.2 -3.4 11.5  3.2  8  0.0                           
062235030919100158グレースミューズ　　　　　　　　　　106.3 16.3-11.6 -9.8 -7.1 -2  0.0                           
062235031019107043ホワイトレッグス　　　　　　　　　　134.0 20.3-11.6-11.6 -7.7 -3  0.0                           
062235031119101610シカゴフットワーク　　　　　　　　　  7.2  1.9  9.1 10.0  6.4 11  0.0                           
062235031219102417ベルウッドメルシー　　　　　　　　　 21.7  3.9  0.3 -2.0 -0.6  4  0.0                           
062235031319101484タイコネン　　　　　　　　　　　　　 96.4 14.8-12.1 -5.8 -5.8 -1  0.0                           
062235031419103379キタノコレット　　　　　　　　　　　117.6 17.9 -8.8 -8.6 -5.8 -1  0.0                           
062235031519106435キネンビ　　　　　　　　　　　　　　 91.5 14.1-13.0-10.6 -7.8 -3  0.0                           
062235031619109138ベルウッドウズメ　　　　　　　　　　 33.0  5.6-10.7  5.2 -1.3  4  0.0                           
062235040119101495マリノメローラ　　　　　　　　　　　 47.6  8.2-11.6 -6.3 -5.8 -1  0.0                           
062235040219101956キタノホマレボシ　　　　　　　　　　 18.7  3.7  1.0 -9.7 -3.3  2  0.0                           
062235040319104264ナムラロロ　　　　　　　　　　　　　 25.1  4.6 -3.4 13.4  3.9  9  0.0                           
062235040419102411メタルゴッド　　　　　　　　　　　　 17.2  3.4 -0.3-11.4 -4.3  1  0.0                           
062235040519109089エレダール　　　　　　　　　　　　　 39.6  6.9 -2.3 -3.3 -1.9  3  0.0                           
062235040619104809エトーソ　　　　　　　　　　　　　　 40.5  7.1-10.0-14.1 -8.2 -3  0.0                           
062235040719101979ジェイエルエース　　　　　　　　　　  4.6  1.5 14.1 10.7  8.2 13 18.8                           
062235040819104610リトルポピー　　　　　　　　　　　　  3.5  1.4 18.5 21.5 13.4 18 17.3  4                        
062235040919100764ローズピリオド　　　　　　　　　　　 18.5  3.6  3.7-12.8 -3.6  1  0.0                           
062235041019102312エターナルプライド　　　　　　　　　 98.4 15.8 -8.8-14.6 -8.0 -3  0.0  0                        
062235041119101121ララエフォール　　　　　　　　　　　  2.5  1.2 22.3 17.4 13.1 18 15.9                           
062235041219106966スリージャスティス　　　　　　　　　158.1 25.0-12.1-10.0 -7.3 -2  0.0                           
062235041319100049メイプルプリン　　　　　　　　　　　 63.1 10.4-12.1-15.0 -9.1 -4  0.0                           
062235041419104534エレオス　　　　　　　　　　　　　　 25.7  4.7 -3.3 -2.0 -1.7  3  0.0                           
062235041519100526ラッフルズプレース　　　　　　　　　 11.7  2.6  8.4  6.0  4.7 10  0.0                           
062235041619102230ウインプロヴァンス　　　　　　　　　 84.3 13.7 -8.5-13.5 -7.5 -3  0.0                           
062235050119110129アルタマール　　　　　　　　　　　　 96.5 18.0-12.1-15.5 -9.3 -4  0.0  0                        
062235050219100522ノアチェリー　　　　　　　　　　　　 26.8  5.6 -1.0-15.0 -5.8 -1  0.0                           
062235050319101394リトルウイナー　　　　　　　　　　　 89.3 16.7-12.6 -3.1 -4.9  0  0.0                           
062235050419105440ビヨンドザリミット　　　　　　　　　 26.7  5.6 -6.7  4.5 -0.4  5  0.0                           
062235050519109100メンアットワーク　　　　　　　　　　 11.1  2.7  5.9 15.3  7.4 12  0.0                           
062235050619103527ジャストビギニング　　　　　　　　　 47.2  9.4-11.6-15.5 -9.2 -4  0.0  0                        
062235050719103364ハリウッドフェーム　　　　　　　　　  3.4  1.5 18.3 19.7 12.7 18 15.9                           
062235050819105808ホウオウユニコーン　　　　　　　　　 40.1  8.1 -4.8 -2.4 -2.3  3  0.0  0                        
062235050919106396パガニーニ　　　　　　　　　　　　　 15.3  3.5 -7.0  1.6 -1.5  3  0.0                           
062235051019103221ローズナイトシチー　　　　　　　　　 13.5  3.2 -0.3  7.6  2.7  8  0.0                           
062235051119104040アクロビンジャー　　　　　　　　　　  5.0  1.7 16.9 12.2  9.5 15 18.8                           
062235051219104826トリプルスリル　　　　　　　　　　　 13.5  3.2  1.0  5.2  2.2  7 10.8                           
062235051319105065パラレルヴィジョン　　　　　　　　　  3.6  1.5 13.7 19.3 11.2 16  8.7                           
062235051419102937コスモフロイデ　　　　　　　　　　　 34.5  7.0  0.2 10.0  3.7  9  0.0                           
062235051519102649ガイフウカイセイ　　　　　　　　　　 48.1  9.5-12.1 -9.7 -7.2 -2  0.0                           
062235051619100308シルバーサドル　　　　　　　　　　　 64.9 12.3-11.6 -9.1 -6.8 -2  0.0                           
062235051719103355オーケードリーム　　　　　　　　　　 45.1  9.0 -3.2 -3.0 -2.1  3  0.0                           
062235051819110046トプカプパレス　　　　　　　　　　　 30.5  6.3  0.5  0.0  0.2  5  0.0                           
062235060119102465ゲールズヒーロー　　　　　　　　　　139.7 22.3-12.6-15.0 -9.3 -4  0.0                           
062235060219104031アポ　　　　　　　　　　　　　　　　  6.6  1.9 11.2  5.6  5.4 10  0.0  0                        
062235060319100310ミラーレイク　　　　　　　　　　　　 20.5  4.0  4.6  8.1  4.3  9 13.0                           
062235060419102739エムアイリーズン　　　　　　　　　　 33.6  6.0 -3.3-10.0 -4.7  0  0.0                           
062235060519102483ロイズピーク　　　　　　　　　　　　  9.4  2.4  3.4 12.9  5.8 11  0.0                           
062235060619101841クールボス　　　　　　　　　　　　　 33.8  6.1 -3.3 -4.7 -2.7  2  0.0                           
062235060719106779ハクサンポラリス　　　　　　　　　　110.9 17.8-12.6 -6.8 -6.3 -1  0.0                           
062235060819102865ヴェクトライズ　　　　　　　　　　　 27.1  5.0 -8.9  5.5 -0.7  4 13.7                           
062235060919103553シルバーキングダム　　　　　　　　　  2.5  1.3 21.1 15.0 11.8 17  8.0                           
062235061019104123ルルネージュ　　　　　　　　　　　　 19.4  3.8 -3.1 -6.4 -3.3  2  0.0                           
062235061119106323ピンクペッパー　　　　　　　　　　　 13.0  2.8 -3.1-13.1 -5.7 -1 10.8                           
062235061219103955セイショウスマイル　　　　　　　　　 14.0  2.9  3.3  5.2  2.9  8  0.0                           
062235061319102615キタノパフューム　　　　　　　　　　 98.5 15.9-12.1 -1.2 -4.1  1  0.0                           
062235061419106027プリンスミノル　　　　　　　　　　　 45.3  7.9 -3.2-13.4 -5.9 -1  0.0                           
062235061519101794ヒメカミノイタダキ　　　　　　　　　  3.7  1.5 17.0  9.6  8.6 14 17.3                           
062235061619109145ジュンオーズ　　　　　　　　　　　　 45.8  8.0-12.6-10.6 -7.7 -3  0.0                           
062235070119101689パルガン　　　　　　　　　　　　　　 25.5  5.8  2.1-12.9 -4.1 16  0.0                           
062235070219100286カンピオーネ　　　　　　　　　　　　 11.0  2.9  6.8  1.3  2.5 23  0.0                           
062235070319106690タマモタップダンス　　　　　　　　　 19.9  4.7 -0.5  2.4  0.7 21  0.0                           
062235070419105143インディゴブラック　　　　　　　　　  3.4  1.5 21.9 14.0 11.7 32 15.9                           
062235070519103767ミエノナイスガイ　　　　　　　　　　 31.3  6.9-10.3-10.0 -6.8 13  0.0                           
062235070619105148カズラポニアン　　　　　　　　　　　  7.5  2.4 16.2 10.5  8.7 29 10.9                           
062235070719104958シンボリックレルム　　　　　　　　　 28.0  6.3-11.6 -5.8 -5.6 14  0.0                           
062235070819104044メイショウカゲカツ　　　　　　　　　  4.9  1.8 13.2 15.5  9.6 30 17.3  5                        
062235070919101168レッドラパルマ　　　　　　　　　　　  5.2  1.8  3.4 14.2  6.2 26  0.0                           
062235071019100584ネッスンドルマ　　　　　　　　　　　 39.1  8.5 -8.8-10.0 -6.3 14  0.0                           
062235071119100659レベレンシア　　　　　　　　　　　　  6.8  2.2 11.5  7.5  6.2 26 10.1                           
062235071219105571エンパイアウエスト　　　　　　　　　 12.0  3.1  3.0  7.6  3.7 24  0.0                           
062235071319101680ロイヤルソウル　　　　　　　　　　　 50.0 10.7 -8.8-10.0 -6.3 14  0.0                           
062235071419100492ニシノボルテージ　　　　　　　　　　 91.4 18.5-11.6-12.7 -8.1 12  0.0                           
062235080118105282ブラウシュヴァルツ　　　　　　　　　 19.8  3.9 -6.1-12.6 -6.4 14  0.0                           
062235080218104837ノーダブルディップ　　　　　　　　　  7.9  2.1 11.0 12.5  7.9 28 20.2                           
062235080317105636レッドアダン　　　　　　　　　　　　 32.0  5.8-12.1  5.8 -1.5 18  0.0                           
062235080418103298タイセイルージュ　　　　　　　　　　 59.3  9.9-12.1 -8.7 -6.8 13  0.0                           
062235080518106588ゲンパチリベロ　　　　　　　　　　　  3.0  1.3 19.2 20.0 13.1 33 15.9                           
062235080618102131スウィートブルーム　　　　　　　　　 20.5  4.0  5.6  5.2  3.6 24  0.0                           
062235080718106832ブライズルーム　　　　　　　　　　　  6.3  1.8 18.0  8.0  8.3 28  9.4                           
062235080818100406ヴィントミューレ　　　　　　　　　　 51.1  8.9-12.1-13.8 -8.7 11  0.0  0                        
062235080918100188レッジャードロ　　　　　　　　　　　 15.5  3.2  1.1  6.1  2.6 23  0.0                           
062235081017101746マイネルデステリョ　　　　　　　　　 27.3  5.1 -8.8  4.6 -1.0 19  0.0                           
062235081118105030スノーハレーション　　　　　　　　　 13.5  2.9  4.1-11.3 -2.9 17  0.0                           
062235081218101566モンサンラディウス　　　　　　　　　 60.7 10.2-12.1 -8.6 -6.8 13  0.0                           
062235081318104827スマートワン　　　　　　　　　　　　  3.0  1.3 14.9 12.5  9.1 29  8.7                           
062235081417100160レベンディス　　　　　　　　　　　　 34.4  6.2-10.3 -4.0 -4.6 15  0.0                           
062235081518103242ピナ　　　　　　　　　　　　　　　　114.4 18.6-12.6 -1.2 -4.2 16  0.0                           
062235090116100368オンワードセルフ　　　　　　　　　　 78.6 15.5-10.0-10.1 -6.7 23  0.0                           
062235090215106286サダムラピュタ　　　　　　　　　　　 44.7  9.3-12.9-10.1 -7.6 22  0.0                           
062235090318100443ショウナンアーチー　　　　　　　　　  4.7  1.7 16.8  9.9  8.7 39 18.8                           
062235090418104729ワセダハーツ　　　　　　　　　　　　  7.3  2.3 12.2  8.4  6.7 37 10.1                           
062235090517101525ネオストーリー　　　　　　　　　　　102.2 19.9-12.1-10.0 -7.3 23  0.0                           
062235090617105706ウインレゼルヴ　　　　　　　　　　　 42.9  9.0-10.7 11.1  0.9 31  0.0                           
062235090717105634メラーキ　　　　　　　　　　　　　　  7.9  2.4 14.4 16.0 10.2 40 10.9                           
062235090818105159クールファイブ　　　　　　　　　　　 27.2  5.9 -8.9-10.0 -6.3 24  0.0                           
062235090916102324ヒッチコック　　　　　　　　　　　　 26.4  5.8 -3.8 -1.6 -1.7 28  0.0                           
062235091018105448ディクテオン　　　　　　　　　　　　  4.2  1.6 13.2 13.0  8.7 39 17.3                           
062235091115102558トウカイオルデン　　　　　　　　　　 82.9 16.3-12.1 -8.0 -6.6 23  0.0                           
062235091216104987コバルトブルー　　　　　　　　　　　 25.8  5.7 -4.0  6.5  1.2 31  0.0                           
062235091317102758グッドリドゥンス　　　　　　　　　　 29.4  6.3 -4.5 -3.1 -2.5 28  0.0                           
062235091418105432ジジ　　　　　　　　　　　　　　　　 13.1  3.2  1.8  8.8  3.8 34  0.0  5                        
062235091517105910エクセレントラン　　　　　　　　　　 20.0  4.6  2.3  9.0  4.0 34  0.0                           
062235091616100106フィストバンプ　　　　　　　　　　　  3.4  1.5 13.9 40.0 18.8 49  0.0  1  133   67              
062235100116100881ショウナンアオゾラ　　　　　　　　　 16.4  3.8  0.2 -6.1 -2.2 33  0.0                           
062235100213105594ナンヨーアミーコ　　　　　　　　　　 85.4 16.3 -8.8-13.7 -7.7 27  0.0                           
062235100317103895テーオーマルクス　　　　　　　　　　 32.9  6.9-12.9-10.1 -7.6 27  0.0                           
062235100418105064ショウリュウレーヴ　　　　　　　　　  3.6  1.6 14.8 14.6  9.8 45 15.9                           
062235100516105673トーセンリスト　　　　　　　　　　　 69.3 13.4-10.4 -2.5 -4.0 31  0.0                           
062235100617105661ジュビリーヘッド　　　　　　　　　　  3.7  1.6 18.3 20.0 12.8 48  8.7                           
062235100717100216チェリーブリーズ　　　　　　　　　　107.2 20.3-12.1-10.0 -7.3 28  0.0                           
062235100817104270トキメキ　　　　　　　　　　　　　　  8.5  2.5  7.5 14.6  7.6 43 10.8                           
062235100916110119ジャスパージャック　　　　　　　　　 14.0  3.3-14.3 -8.7 -7.5 28  0.0                           
062235101017106000フォースオブウィル　　　　　　　　　  7.4  2.2 11.0  5.8  5.4 40  0.0                           
062235101118100650ゼログラヴィティ　　　　　　　　　　  7.0  2.2 14.0 19.6 11.4 46  9.4                           
062235101216101956オルダージュ　　　　　　　　　　　　 58.3 11.3-10.4-10.0 -6.8 28  0.0                           
062235101318100756シュアーヴアリア　　　　　　　　　　 14.9  3.5 -3.2  7.7  1.9 37  0.0                           
062235101418104949フォイアーロート　　　　　　　　　　 20.7  4.6 -7.1-10.1 -5.8 29  0.0                           
062235101516104227ジョニーズララバイ　　　　　　　　　 38.6  7.9-12.9 -5.9 -6.0 29  0.0                           
062235101617100367サトノファビュラス　　　　　　　　　 18.9  4.3  0.4  8.2  3.1 38 13.7                           
062235110119100965マテンロウオリオン　　　　　　　　　  2.6  1.3 23.6 10.0 10.7 66 14.5                           
062235110219105529ティーガーデン　　　　　　　　　　　  3.7  1.5 13.4 13.8  9.1 64  0.0  5                        
062235110319103280モチベーション　　　　　　　　　　　 71.9 12.3-11.6 -9.8 -7.1 48  0.0                           
062235110419105347アバンチュリエ　　　　　　　　　　　 11.3  2.6 11.3 10.2  7.1 62  0.0                           
062235110519103806ベルウッドブラボー　　　　　　　　　 40.0  7.3-12.1  5.2 -1.7 53  0.0                           
062235110619110105ジャングロ　　　　　　　　　　　　　  7.9  2.2 11.0 12.5  7.9 63 17.1                           
062235110719105483リューベック　　　　　　　　　　　　 10.9  2.5 11.8  8.8  6.8 62 18.9                           
062235110819105505サーマルウインド　　　　　　　　　　  8.3  2.2  7.1  5.6  4.2 59 21.7  0                        
062235110919103451エイシンシュトルム　　　　　　　　　 26.1  5.0-11.6-10.6 -7.4 48  0.0                           
062235111019105877デルマグレムリン　　　　　　　　　　  8.2  2.2 -4.4 -7.7 -4.1 51  0.0                           
062235111119102888エンペザー　　　　　　　　　　　　　 11.9  2.7 10.4  8.1  6.1 61  0.0                           
062235120115102743クリノクーニング　　　　　　　　　　 28.5  6.0 -8.8-15.8 -8.4 12  0.0                           
062235120216102615ゾロ　　　　　　　　　　　　　　　　 21.7  4.7  8.6  6.0  4.8 25  0.0                           
062235120318105473エアーレジーナ　　　　　　　　　　　 31.7  6.5-12.1  5.2 -1.7 18  0.0                           
062235120418106616メイショウムート　　　　　　　　　　 21.9  4.7-12.1-15.5 -9.3 11  0.0  0                        
062235120518103446ダノンマヴロス　　　　　　　　　　　  3.5  1.5 15.7 12.5  9.3 29  8.0                           
062235120618105423インヴァリアンス　　　　　　　　　　  3.7  1.5 14.3 11.5  8.5 29 17.3                           
062235120718102062ランスルー　　　　　　　　　　　　　  4.3  1.6 14.5 18.8 11.2 31 18.8  3                        
062235120818100681サンズオブタイム　　　　　　　　　　  5.0  1.7 10.9 15.0  8.8 29 10.1                           
062235120918110132アメリカンエール　　　　　　　　　　 13.2  3.2  8.0 15.3  8.0 28  0.0                           
062235121018104819エコロカナワン　　　　　　　　　　　  9.5  2.7 12.5  3.8  5.1 25  0.0                           
062235121118103477ホウオウヴォーヌ　　　　　　　　　　 26.6  5.6-11.6-11.1 -7.6 12  0.0                           
092225010119101535サンボールダー　　　　　　　　　　　 79.0 12.7-11.6-11.3 -7.6 -3  0.0                           
092225010219105849ドゥライトアルディ　　　　　　　　　 15.1  3.1  3.8  9.0  4.1  9  0.0                           
092225010319105287フォンメイリー　　　　　　　　　　　 21.9  4.1 -0.7 -4.8 -1.7  3  0.0                           
092225010419103018ライトストリーム　　　　　　　　　　 65.8 10.7-11.6-10.2 -7.3 -2  0.0                           
092225010519102208エグモント　　　　　　　　　　　　　 47.0  8.1-11.6 -7.5 -6.5 -2  0.0                           
092225010619104657ルールザウイングス　　　　　　　　　 28.3  5.1 -5.2-12.6 -5.7 -1  0.0                           
092225010719102059ブランアルディ　　　　　　　　　　　 52.9  9.0 -8.4 -1.9 -3.7  1  0.0                           
092225010819103971クレスコジョケツ　　　　　　　　　　  4.0  1.4 17.3 19.7 12.3 17 17.7                           
092225010919103024ハーディネス　　　　　　　　　　　　  5.0  1.6 16.0 13.3  9.9 15 13.4                           
092225011019102329テーオーアンジュ　　　　　　　　　　 52.0  8.8-11.8-11.1 -7.7 -3  0.0                           
092225011119100187クロミツ　　　　　　　　　　　　　　 47.1  8.1 -6.3 -4.1 -3.5  1  0.0                           
092225011219104867シェンフォン　　　　　　　　　　　　 17.7  3.5 -0.9  4.3  1.0  6  0.0                           
092225011319102198トモエセンニンギリ　　　　　　　　　 34.0  6.0 -5.6 -4.8 -3.5  2  0.0                           
092225011419102266ベルジェンヌ　　　　　　　　　　　　 42.0  7.3-10.3 -9.0 -6.5 -1  0.0                           
092225011519105256プレミアムスマイル　　　　　　　　　 10.7  2.4  7.5 14.5  7.1 12 20.6                           
092225011619104703カンティプール　　　　　　　　　　　  2.3  1.2 19.7 20.5 13.4 18 16.2                           
092225020119103197クレド　　　　　　　　　　　　　　　  5.4  1.7 14.0 13.7  9.2 14 13.4                           
092225020219103199ジョーリベリカ　　　　　　　　　　　 10.9  2.5  5.9 14.7  6.6 12 22.1                           
092225020319103407メイショウアジロ　　　　　　　　　　  2.4  1.3 17.9 23.0 13.5 18 16.2                           
092225020419109163テイエムキバイモン　　　　　　　　　 23.7  4.6  2.1 11.1  4.1  9  0.0                           
092225020519100560ヤマカツメリッサ　　　　　　　　　　 85.3 14.4-10.3 -9.5 -6.6 -2  0.0                           
092225020619106945セイキングダム　　　　　　　　　　　 36.0  6.6-11.6 -8.1 -6.7 -2  0.0                           
092225020719103239ガーレ　　　　　　　　　　　　　　　 26.0  5.0 -6.4-15.3 -6.9 -2  0.0                           
092225020819100447クリノゴールド　　　　　　　　　　　 55.7  9.7 -7.4 -0.4 -2.8  2  0.0                           
092225020919109047グランデ　　　　　　　　　　　　　　  4.4  1.5 16.7 19.0 11.8 17  0.0  2                        
092225021019106292キモンヤマブキ　　　　　　　　　　　  8.4  2.2  8.4  9.2  5.8 11  0.0                           
092225021119101684ガレットジョーカー　　　　　　　　　 49.3  8.8-11.6-12.6 -8.0 -3  0.0                           
092225021219103721キクノヴェール　　　　　　　　　　　 23.8  4.6  2.9  4.3  2.4  7  0.0                           
092225021319106876スカイ　　　　　　　　　　　　　　　 88.1 14.9-11.6-10.2 -7.3 -2  0.0                           
092225021419103794ヴィーガン　　　　　　　　　　　　　 18.1  3.7 -8.1 -8.5 -5.5 -1 23.5                           
092225021519105617アマノカイザー　　　　　　　　　　　 32.9  6.1 -8.1 -7.3 -5.2  0  0.0                           
092225021619106427ニホンピロオーサー　　　　　　　　　132.7 22.1-11.8-18.5 -9.9 -5  0.0  0                        
092225030119103824スズカマジェスタ　　　　　　　　　　 27.7  5.4 -4.9 -5.7 -3.5  1  0.0                           
092225030219101025タガノウイングス　　　　　　　　　　 23.0  4.6 -1.8 -9.9 -3.6  1  0.0                           
092225030319103719モズクルードラゴン　　　　　　　　　 94.9 16.4-11.6 -8.6 -6.8 -2  0.0                           
092225030419103984テイエムファクター　　　　　　　　　  8.7  2.4 13.9 11.7  8.6 14 14.4                           
092225030519103397メイショウヨウホウ　　　　　　　　　 44.3  8.2-11.6 -8.3 -6.7 -2  0.0                           
092225030619103515ワイズマンコート　　　　　　　　　　 44.2  8.2 -9.5 -8.3 -6.0 -1  0.0                           
092225030719100689リリーアロー　　　　　　　　　　　　 10.8  2.5  5.4  9.3  4.8 10  0.0                           
092225030819101840モーゲン　　　　　　　　　　　　　　 16.3  3.5 -1.0 12.0  3.2  8  0.0  5                        
092225030919100108プリモスペランツァ　　　　　　　　　  3.0  1.4 15.8 21.2 12.2 17 16.2  1  126   67              
092225031019101785ハヴェリー　　　　　　　　　　　　　 32.2  6.2-11.8-11.2 -7.7 -3  0.0                           
092225031119102949ゴールデンベッセル　　　　　　　　　 38.7  7.3 -6.4 -2.2 -3.0  2  0.0                           
092225031219101471クリノレジェンド　　　　　　　　　　 39.5  7.4 -8.1 -0.4 -3.1  2  0.0                           
092225031319102803ワンダージュノ　　　　　　　　　　　 71.2 12.5-11.6-12.1 -7.9 -3  0.0                           
092225031419102337サンライズタイタン　　　　　　　　　 27.5  5.4 -6.1 -3.4 -3.3  2 26.5  0                        
092225031519101974ナムラダイゴロー　　　　　　　　　　  3.5  1.4 18.5 22.4 13.5 19 17.7                           
092225031619104464ハーツアズワン　　　　　　　　　　　  5.3  1.7 17.1 13.1 10.2 15  0.0                           
092225040119103725ショウナンパラボラ　　　　　　　　　 17.8  3.7 -1.1 -2.1 -1.0  4  0.0                           
092225040219100537タガノタンゴ　　　　　　　　　　　　 28.3  5.3 -8.1  4.2 -1.7  3  0.0                           
092225040319101079アスクビギンアゲン　　　　　　　　　  6.8  1.9 11.4-11.6  0.7  6 19.1                           
092225040419104864ピンクライオネス　　　　　　　　　　 74.8 12.7-10.3-11.4 -7.2 -2  0.0  0                        
092225040519100575ベラコリーダ　　　　　　　　　　　　 33.7  6.2-10.6-14.2 -8.1 -3  0.0                           
092225040619101193モーダルジャズ　　　　　　　　　　　  2.4  1.3 21.6 27.6 16.2 21 16.2                           
092225040719102097オースミミライ　　　　　　　　　　　 39.6  7.2 -6.6-14.9 -6.9 -2  0.0  0                        
092225040819100198ウインシュプリーム　　　　　　　　　 55.9  9.7-11.6 -8.1 -6.7 -2  0.0                           
092225040919105319デミ　　　　　　　　　　　　　　　　  9.1  2.4  7.2  2.2  3.3  8  0.0                           
092225041019102778ヤマニンリリアーナ　　　　　　　　　 49.1  8.8 -9.9-10.2 -6.7 -2  0.0                           
092225041119103125ウォーターレクラ　　　　　　　　　　 17.4  3.6  2.1-14.1 -3.5  2 23.5                           
092225041219103887シックザイン　　　　　　　　　　　　 31.4  5.9-11.8 11.3 -0.9  4  0.0                           
092225041319102757ララアンセストラル　　　　　　　　　 18.5  3.8  1.4 -3.9 -0.7  4  0.0                           
092225041419106420ゲンパチソル　　　　　　　　　　　　 35.0  6.5-11.6-15.1 -8.8 -4  0.0                           
092225041519105435ドンクライベイビー　　　　　　　　　 13.7  3.0  6.4  8.7  5.0 10  0.0                           
092225041619105500サトノドルチェ　　　　　　　　　　　  4.4  1.6 17.1 14.4 10.6 16 12.4                           
092225050119104853パーティーベル　　　　　　　　　　　 15.3  2.9  3.9 -1.8  0.9 21  0.0                           
092225050219103591テイクザワールド　　　　　　　　　　 29.2  4.8 -7.6-10.2 -5.8 14  0.0                           
092225050319102661ソルトゴールド　　　　　　　　　　　 26.3  4.4 -2.9  1.3 -0.7 19  0.0                           
092225050419100625ピジョンブラッド　　　　　　　　　　 22.5  3.9 -9.6-12.4 -7.2 13  0.0                           
092225050519104636シュプリンガー　　　　　　　　　　　  8.0  2.0  6.3  3.1  3.2 23  0.0                           
092225050619101536サンレブンワース　　　　　　　　　　 15.3  2.9 -1.8 -3.2 -1.6 18  0.0                           
092225050719102231シルヴァンエルフ　　　　　　　　　　 12.1  2.4  6.9  9.2  5.3 25 20.6                           
092225050819101479ウインアウォード　　　　　　　　　　 15.6  2.9  3.3 -2.5  0.5 20  0.0                           
092225050919104761ジルバーン　　　　　　　　　　　　　 13.8  2.7 -1.1 -0.1 -0.4 20 15.4                           
092225051019104194ブリッツファング　　　　　　　　　　  2.8  1.3 20.9 21.6 14.1 34 17.7                           
092225051119103101ロードアラビアン　　　　　　　　　　  2.6  1.3 19.2 16.1 11.9 32 16.2                           
092225060119102856トーホウラビアン　　　　　　　　　　 66.6 12.9-11.6  3.8 -3.1 17  0.0  5                        
092225060219106574ベルマーレミノル　　　　　　　　　　 58.5 11.4-11.8-15.4 -8.9 11  0.0  0                        
092225060319103360ジョーブリッランテ　　　　　　　　　 19.7  4.4 -3.0  7.3  1.1 21  0.0                           
092225060419103233ニシノデフィレ　　　　　　　　　　　  3.0  1.4 18.0 19.8 12.5 33 11.3                           
092225060519105459ソウテン　　　　　　　　　　　　　　  5.3  1.8 12.2 23.3 11.5 31 19.1                           
092225060619102522ドグマ　　　　　　　　　　　　　　　  4.6  1.7 11.9 18.8 10.0 30  0.0  3                        
092225060719103193トリップトゥムーン　　　　　　　　　 22.2  4.8  3.7  7.7  3.7 24 26.5                           
092225060819100643エクロール　　　　　　　　　　　　　  9.0  2.6 11.0  8.4  6.6 27 22.1                           
092225060919101399ザウリ　　　　　　　　　　　　　　　 33.1  6.9 -8.1 -3.2 -3.9 16  0.0                           
092225061019103102ファンデル　　　　　　　　　　　　　 76.1 14.7-11.6-10.2 -7.3 13  0.0                           
092225061119105130プラソン　　　　　　　　　　　　　　 23.9  5.2 -9.9-11.2 -7.0 13  0.0                           
092225061219103814スカイトレイル　　　　　　　　　　　 27.6  5.9-11.6 -6.4 -6.2 14  0.0                           
092225061319100548タガノミア　　　　　　　　　　　　　 38.4  7.9-11.6 -8.2 -6.7 13  0.0                           
092225061419103584オラヴェリタス　　　　　　　　　　　 37.4  7.7-11.8-11.2 -7.7 12  0.0                           
092225061519104525ラキエータ　　　　　　　　　　　　　  6.2  2.0 11.2 17.5  9.4 29  0.0  3                        
092225061619102751ジューンヨシツネ　　　　　　　　　　 20.7  4.6  2.8  8.3  3.5 24  0.0                           
092225070117103046スリーシャーペン　　　　　　　　　　 25.7  4.8 -8.0-14.7 -7.3 13  0.0                           
092225070217106220ブロフェルド　　　　　　　　　　　　 18.0  3.6 -6.9 -4.6 -3.9 16  0.0                           
092225070318106492メイショウキリモン　　　　　　　　　 20.1  3.9 -8.1-12.4 -6.7 13  0.0                           
092225070418110114ジャスパードリーム　　　　　　　　　 14.1  3.0 -3.5 13.0  2.6 23 23.5                           
092225070517105824キースローガン　　　　　　　　　　　  5.9  1.7 15.8 21.7 12.3 32 14.4  2                        
092225070618101371マリオンエール　　　　　　　　　　　 12.5  2.7  8.3 10.2  6.1 26 22.1  5                        
092225070718101178サンライズグリット　　　　　　　　　  2.7  1.3 21.4 15.7 12.6 33 16.2  4                        
092225070818100858メイショウマントル　　　　　　　　　 33.4  6.0 -8.1-16.9 -8.0 12  0.0  0                        
092225070918100679インテンスフレイム　　　　　　　　　  5.2  1.6 10.0  9.8  6.6 27  0.0                           
092225071018103079ウォーターアンク　　　　　　　　　　  3.3  1.4 14.1 21.1 11.5 32  0.0                           
092225080118106469フロストエッジ　　　　　　　　　　　 49.8  9.5-11.6 -9.9 -7.2 13  0.0                           
092225080218105471ビオグラフィア　　　　　　　　　　　 15.8  3.5  4.9  2.0  2.4 22  0.0                           
092225080318104884ヴィレーヌ　　　　　　　　　　　　　 29.7  5.9-11.6-10.2 -7.3 13  0.0                           
092225080417100403プライムライン　　　　　　　　　　　  3.8  1.5 19.4 15.3 11.7 32 17.7                           
092225080517101722タガノトランキーロ　　　　　　　　　  8.4  2.4 13.9 12.9  9.0 29 15.4                           
092225080618105284ピエトラサンタ　　　　　　　　　　　  7.3  2.1  7.3 17.8  8.0 28  0.0                           
092225080717103048ニンギルス　　　　　　　　　　　　　 32.7  6.5-10.6-13.1 -7.8 12  0.0                           
092225080818102703ドンカポノ　　　　　　　　　　　　　  3.0  1.4 19.3 23.0 14.0 34 16.2                           
092225080916103123ボマイェ　　　　　　　　　　　　　　  7.0  2.1  8.5  7.3  5.3 25  0.0                           
092225081018102091ウルトラソニック　　　　　　　　　　 43.1  8.3 -9.6-14.9 -8.0 12  0.0  0                        
092225081113105979セカンドエフォート　　　　　　　　　 42.8  8.3 -8.8-14.8 -7.7 12  0.0  0                        
092225081218106383ヴェラート　　　　　　　　　　　　　 52.6 10.0-10.3 -8.4 -6.3 14  0.0                           
092225081317100426グレアミラージュ　　　　　　　　　　 16.7  3.7  2.5  6.6  2.9 23  0.0                           
092225081418101632ウイングリュック　　　　　　　　　　 37.8  7.4-10.3-12.6 -7.6 12  0.0                           
092225081518105096レッドフランカー　　　　　　　　　　 30.0  6.0 -8.1 -8.6 -5.6 14  0.0  0                        
092225081617100416リーゼントフラム　　　　　　　　　　 30.9  6.2 -9.7-15.1 -8.1 12 29.4                           
092225090117104314レアリザトゥール　　　　　　　　　　 28.3  5.4 -9.3 -7.4 -5.6 24  0.0                           
092225090216100126ダディーズトリップ　　　　　　　　　 22.4  4.4  1.7 -1.0  0.3 30 26.5                           
092225090316102767プレイリードリーム　　　　　　　　　  2.9  1.3 19.6 19.2 12.9 43 16.2  2                        
092225090418105809リーブルミノル　　　　　　　　　　　 27.3  5.2 -8.8-15.4 -7.8 22  0.0  0                        
092225090516104819ダノングレーター　　　　　　　　　　 13.7  3.0  5.3  7.1  4.1 34  0.0                           
092225090618106357ハーツオブシャカ　　　　　　　　　　  5.9  1.8  5.4 12.5  5.7 36 13.4                           
092225090717105297ナオミラフィネ　　　　　　　　　　　 12.9  2.8  9.4 13.6  7.5 38  0.0                           
092225090818102943タイソウ　　　　　　　　　　　　　　  3.3  1.4 19.5 12.3 10.8 41 17.7                           
092225090917106570サマービート　　　　　　　　　　　　  7.9  2.2  1.3-10.2 -2.6 27  0.0                           
092225091018100410ダノンターキッシュ　　　　　　　　　  6.5  1.9 10.7  6.7  5.9 36  0.0                           
092225100117105493ルヴァン　　　　　　　　　　　　　　 23.5  3.8 -4.2  7.3  0.6 36  0.0                           
092225100218104225リフレーミング　　　　　　　　　　　  5.1  1.5 16.7  7.5  8.4 43 17.7                           
092225100316100107ミヤビパーフェクト　　　　　　　　　 40.0  6.0 -9.6-11.0 -6.8 28  0.0                           
092225100417100006リノキアナ　　　　　　　　　　　　　 12.5  2.3  2.4  5.8  2.6 38 22.1                           
092225100517106032タイセイシリウス　　　　　　　　　　 28.5  4.4-11.6 -6.3 -6.1 29  0.0                           
092225100616100550ヒルノダカール　　　　　　　　　　　 13.0  2.4  9.8 10.4  6.7 42  0.0                           
092225100717105495ラインハイト　　　　　　　　　　　　 24.1  3.9 -8.1 -5.7 -4.7 30  0.0                           
092225100817105248オールザワールド　　　　　　　　　　  6.7  1.7 12.9 13.4  8.8 44  0.0  4                        
092225100918104541プログノーシス　　　　　　　　　　　  1.7  1.2 23.2 25.3 16.1 51 16.2                           
092225101017102808オレンジペコ　　　　　　　　　　　　 48.7  7.1 -6.7 -7.5 -4.7 30  0.0                           
092225101117104988ナリタブレード　　　　　　　　　　　 12.3  2.3  8.2 10.9  6.3 41 14.4  5                        
092225110117101741ローレルアイリス　　　　　　　　　　 57.2 10.9-11.6-10.2 -7.3 48  0.0                           
092225110218105020アンドヴァラナウト　　　　　　　　　  4.8  1.7 11.6 19.8 10.2 65 14.4                           
092225110317104637デゼル　　　　　　　　　　　　　　　  4.8  1.7 14.3 12.9  9.1 64 19.1                           
092225110417106414メイショウミモザ　　　　　　　　　　 35.6  7.2-10.3 -9.3 -6.6 48  0.0                           
092225110518104903アカイトリノムスメ　　　　　　　　　  3.8  1.5 13.5 18.8 10.6 66  0.0                           
092225110617104141ムジカ　　　　　　　　　　　　　　　 15.6  3.6 -2.6-13.1 -4.9 50  0.0                           
092225110718101189テーオーラフィット　　　　　　　　　 25.0  5.3 -8.1 -7.5 -5.2 50  0.0                           
092225110817104771ラルナブリラーレ　　　　　　　　　　 19.0  4.2 -4.4 -2.8 -2.5 53  0.0  5                        
092225110918105081ジェラルディーナ　　　　　　　　　　  3.3  1.4 18.5 24.7 14.2 69 16.2                           
092225111017102822クリスティ　　　　　　　　　　　　　 17.9  4.0  5.3 -2.8  1.1 56  0.0                           
092225111115101447クリノフラッシュ　　　　　　　　　　 37.8  7.6-11.6 -8.7 -6.9 48  0.0                           
092225111217104804マジックキャッスル　　　　　　　　　 11.3  2.8  4.9 12.5  5.5 61  0.0                           
092225120114102329クリノレオノール　　　　　　　　　　103.1 20.3-11.3-10.6 -7.3 23  0.0                           
092225120217101800エヴァン　　　　　　　　　　　　　　 22.7  5.1 -6.1-14.8 -6.7 23  0.0  0                        
092225120318101573セイレーン　　　　　　　　　　　　　 39.6  8.4 -9.5-14.8 -7.9 22  0.0  0                        
092225120415103366ミッキーマインド　　　　　　　　　　 24.5  5.5 -8.1-11.8 -6.5 23  0.0  0                        
092225120516103900エスケーアタランタ　　　　　　　　　 55.6 11.2-11.6-14.7 -8.7 21  0.0                           
092225120618105457ルーリング　　　　　　　　　　　　　 34.0  7.3 -8.9-10.2 -6.3 24  0.0                           
092225120718106697エイユーストロング　　　　　　　　　 21.0  4.9 -9.2-13.1 -7.3 23  0.0                           
092225120818102660ビーアイフェリペ　　　　　　　　　　  2.8  1.4 21.2 17.0 12.9 43 16.2                           
092225120918100623ミラクル　　　　　　　　　　　　　　 11.8  3.0  6.3 12.1  5.9 36 16.5                           
092225121017103952ディーズローリエ　　　　　　　　　　 26.3  5.8-11.6-14.1 -8.5 22  0.0                           
092225121117100924エスシーミホーク　　　　　　　　　　 13.4  3.3  0.7 -0.2  0.2 30  0.0                           
092225121217101726オカリナ　　　　　　　　　　　　　　  8.8  2.6 12.3-12.6  0.7 31  0.0                           
092225121318101966タガノペカ　　　　　　　　　　　　　  7.6  2.3 10.9 12.5  7.7 38 19.1                           
092225121414104716アッティーヴォ　　　　　　　　　　　  6.3  2.1 16.8  8.4  8.7 39  0.0                           
092225121517102191コウイチ　　　　　　　　　　　　　　  8.1  2.4 -8.4-15.3 -7.7 22  0.0                           
092225121618106380ミスズメジャー　　　　　　　　　　　 19.8  4.6  4.7  1.5  2.2 32 26.5                           
