022314010120104608サンアレックス　　　　　　　　　　　 27.6  6.3-12.7-10.3 -7.6 -3  0.0                           
022314010220107044ジーファー　　　　　　　　　　　　　 26.1  6.0-11.7-10.3 -7.3 -2  0.0                           
022314010320106671プリュネルウィンク　　　　　　　　　  6.7  2.2  8.7 13.7  7.6 13  0.0                           
022314010420104109ブルーブルースカイ　　　　　　　　　 36.7  8.2-12.7-10.7 -7.7 -3  0.0                           
022314010520103110ウィンクルティアラ　　　　　　　　　  7.4  2.4  5.7  8.4  4.8 10  0.0                           
022314010620105170オールスイート　　　　　　　　　　　 20.8  5.0 -0.9 -5.3 -2.2  3  0.0                           
022314010720100038ゴールデンレディー　　　　　　　　　 35.8  8.0-11.7  3.3 -2.3  3  0.0                           
022314010820107081クリノクリスタル　　　　　　　　　　  6.8  2.2 11.1 11.7  7.6 13 20.2                           
022314010920100496ローズパイ　　　　　　　　　　　　　 15.6  3.9  0.8  3.9  1.7  7  0.0                           
022314011020103975イリュージョン　　　　　　　　　　　  3.6  1.6 17.2 17.8 11.7 17 15.8                           
022314011120103700ルージュミシェル　　　　　　　　　　 10.9  2.9  3.1 -8.0 -2.0  3  0.0                           
022314011220100914リーゼントミニー　　　　　　　　　　 12.1  3.2  7.5  9.0  5.6 11  0.0                           
022314011320105165アルマケルブ　　　　　　　　　　　　 35.1  7.8-12.7-10.3 -7.6 -3  0.0                           
022314011420102809デルマオシダシ　　　　　　　　　　　  4.9  1.9 20.3 13.2 10.9 16 17.3                           
022314020120100897ルソレイユ　　　　　　　　　　　　　 20.4  4.8 -5.1 -5.0 -3.4  2  0.0                           
022314020220103283エルディアナ　　　　　　　　　　　　 11.6  3.0  4.1 -1.7  0.6  6  0.0                           
022314020320101992ライクアフラワー　　　　　　　　　　  4.3  1.7 19.9 15.5 11.7 17  0.0                           
022314020420103481カズボニファシオ　　　　　　　　　　 19.2  4.6 -8.0-10.3 -6.2 -1  0.0                           
022314020520110051ザングウィル　　　　　　　　　　　　 21.6  5.0  3.6 -3.2 -0.1  5 30.2  5                        
022314020620101122シエロエスティーボ　　　　　　　　　  6.1  2.0 15.9 23.9 13.5 19 18.7  1  121   57              
022314020720103844フリントロック　　　　　　　　　　　 13.4  3.4  5.4  2.6  2.6  8  0.0                           
022314020820110038ラブソル　　　　　　　　　　　　　　 16.3  4.0 -8.2 -5.0 -4.3  1  0.0                           
022314020920100124アイアンランラン　　　　　　　　　　120.7 24.3-12.7-10.7 -7.7 -3  0.0                           
022314021020100286ルリイロ　　　　　　　　　　　　　　 17.9  4.3  4.4  1.9  2.0  7  0.0                           
022314021120105561ケイアイクビラ　　　　　　　　　　　  3.8  1.6 14.8  2.4  5.3 10  0.0                           
022314021220104787コンフルエンス　　　　　　　　　　　 37.5  8.2-12.7-10.3 -7.6 -3  0.0                           
022314021320103870ウィズアットダンス　　　　　　　　　 50.7 10.9-12.7-10.7 -7.7 -3  0.0                           
022314021420101606アイリーンテーラー　　　　　　　　　 34.8  7.7-10.4-10.3 -6.9 -2  0.0                           
022314021520100154ソニックライト　　　　　　　　　　　  6.9  2.2  7.2 10.3  5.9 11 20.2                           
022314021620106712ファルマリン　　　　　　　　　　　　 31.1  6.9-12.7-10.3 -7.6 -3  0.0                           
022314030120106147プロパルジョン　　　　　　　　　　　 26.0  5.8-12.7-10.8 -7.8 -3  0.0                           
022314030220102375ニクソンテソーロ　　　　　　　　　　 24.1  5.5-12.4-10.7 -7.6 -3  0.0                           
022314030320110103ワインワインレッド　　　　　　　　　  4.9  1.8  8.9  7.8  5.5 11 18.7                           
022314030420104102テイエムシャイン　　　　　　　　　　 20.6  4.8-10.3  0.8 -2.8  2  0.0                           
022314030520105075マルヨクレハ　　　　　　　　　　　　 14.0  3.5 -1.0  6.4  2.0  7  0.0                           
022314030620103799マロンドレ　　　　　　　　　　　　　  7.8  2.4 10.1 20.1 10.4 15  0.0  3                        
022314030720101215フクシマルーラー　　　　　　　　　　 29.8  6.6-12.7 -7.5 -6.6 -2  0.0                           
022314030820104139スリーパイロ　　　　　　　　　　　　 20.1  4.7-10.4 -8.2 -6.1 -1  0.0                           
022314030920106374タムロショウリュー　　　　　　　　　  8.1  2.5 11.1  9.0  6.6 12  0.0                           
022314031020110047ウェイオブサクセス　　　　　　　　　  4.2  1.6 10.8  3.4  4.5  9 17.3                           
022314031120110094ニトロジャーニー　　　　　　　　　　  3.8  1.6 22.3 15.7 12.4 17 15.8                           
022314031220105409ディアドコス　　　　　　　　　　　　  7.8  2.4 13.4  4.4  5.6 11  0.0                           
022314040120103889アーテルナイト　　　　　　　　　　　  4.5  1.7 16.9 10.4  8.9 14 17.3                           
022314040220103939ホウオウプレシャス　　　　　　　　　  3.3  1.5 23.9 14.6 12.5 18  0.0                           
022314040320100070クリノヒーロー　　　　　　　　　　　 38.3  8.1-13.4-13.9 -9.1 -4  0.0  0                        
022314040420104765サトノウェーブ　　　　　　　　　　　  7.6  2.3 11.8 16.0  9.4 14 20.2                           
022314040520105593ヤマニンドナティ　　　　　　　　　　  8.9  2.6  2.1 -5.0 -1.2  4  0.0                           
022314040620101724サーフライド　　　　　　　　　　　　 26.6  5.8-12.7-10.7 -7.7 -3  0.0                           
022314040720100263ビーチブルース　　　　　　　　　　　 45.6  9.5-12.7-10.7 -7.7 -3  0.0                           
022314040820105944ニシノシャイニング　　　　　　　　　  7.2  2.2  7.3  6.3  4.5  9  0.0                           
022314040920101681ロードイモータル　　　　　　　　　　 11.2  2.9 -6.4-10.7 -5.8 -1  0.0                           
022314041020100937ヤマニンファシオ　　　　　　　　　　 16.0  3.8  7.1  3.3  3.3  8  0.0                           
022314041120103774シホノインプルソ　　　　　　　　　　  8.3  2.5 12.1  8.8  6.9 12 21.6                           
022314041220100819ヘイワ　　　　　　　　　　　　　　　 42.6  8.9-10.2 -5.3 -5.0  0  0.0                           
022314041320101893チュウワモーニング　　　　　　　　　 13.3  3.3 -1.4-14.3 -5.7 -1  0.0                           
022314050121102915インペリオ　　　　　　　　　　　　　 10.9  2.9  2.2  4.4  2.3  2  0.0                           
022314050221102952オベイユアマスター　　　　　　　　　 16.8  4.2  1.5-10.3 -3.3 -3  0.0                           
022314050321102916クリノリヴィング　　　　　　　　　　 25.5  5.9-12.7-10.3 -7.6 -8  0.0                           
022314050421104138ピオニエーレ　　　　　　　　　　　　 12.4  3.3 -3.6 -7.0 -3.6 -4  0.0                           
022314050521101769ドレッド　　　　　　　　　　　　　　  5.7  2.0 15.3 19.5 11.7 12  0.0                           
022314050621100594アンバーニードル　　　　　　　　　　  4.9  1.8 16.7 -1.5  4.5  4 18.7  0                        
022314050721103273ベルパッション　　　　　　　　　　　  4.2  1.7 19.3 17.1 12.1 12 15.8                           
022314050821106443サンディビーチ　　　　　　　　　　　  9.3  2.8  7.8  0.1  2.4  2  0.0                           
022314050921110074スリータイガー　　　　　　　　　　　  4.3  1.7 10.0  9.4  6.4  6 17.3                           
022314051021103144サノノスピード　　　　　　　　　　　 17.7  4.4-12.7-10.5 -7.7 -8  0.0                           
022314051121102193コファーズ　　　　　　　　　　　　　 13.0  3.4 -3.7-12.9 -5.8 -6  0.0                           
022314060120100640プラニスフェリオ　　　　　　　　　　  3.7  1.5 18.8 17.9 12.2 17 15.8  4                        
022314060220105793プレシャスストーン　　　　　　　　　 28.0  6.0 -5.1-10.7 -5.5  0  0.0                           
022314060320101890マツリダパーチェ　　　　　　　　　　 34.3  7.2-12.7-10.7 -7.7 -3  0.0                           
022314060420102452フェスティヴビーム　　　　　　　　　 21.5  4.8 -8.1 -7.8 -5.3  0  0.0                           
022314060520103645スワッグチェーン　　　　　　　　　　  7.9  2.4  9.2 10.0  6.4 11 20.2                           
022314060620101187シャイニーゼネラル　　　　　　　　　 18.7  4.3 -8.1 -5.3 -4.4  1  0.0                           
022314060720102941ラバタンシン　　　　　　　　　　　　  3.7  1.5 19.0 17.3 12.0 17  0.0                           
022314060820103319アンタッチャブル　　　　　　　　　　  5.1  1.8 15.6 10.4  8.5 13  0.0                           
022314060920104333ハーツファンタジア　　　　　　　　　 39.2  8.2-13.4-10.7 -7.9 -3  0.0                           
022314061020101146ガルヴァニック　　　　　　　　　　　  9.1  2.6  7.5  7.6  5.0 10 21.6                           
022314061120101568エンジェルスアスク　　　　　　　　　 13.8  3.3 -1.4 -3.5 -1.7  3  0.0                           
022314061220105005ヘキレキイッセン　　　　　　　　　　 36.3  7.6-12.4 -7.6 -6.5 -2  0.0                           
022314061320107017エイシンジェンマ　　　　　　　　　　  9.2  2.6 11.0 -2.0  2.6  8  0.0                           
022314070120101856セイカティターニア　　　　　　　　　 21.0  4.8-12.4 -4.8 -5.5 15  0.0                           
022314070220104675ヘニータイフーン　　　　　　　　　　 11.6  2.9  2.2 -1.7  0.0 20  0.0                           
022314070319102066バレストラ　　　　　　　　　　　　　  7.6  2.3  5.7  7.4  4.4 24 21.6                           
022314070420104636ノーブルマルシェ　　　　　　　　　　 18.5  4.3 -1.2-12.8 -5.1 15  0.0                           
022314070519105073ワイルドベティ　　　　　　　　　　　 22.9  5.1 -8.1 -4.0 -3.9 16  0.0  5                        
022314070620105649モンネトワ　　　　　　　　　　　　　  5.1  1.8 17.1 16.1 11.0 31 17.3                           
022314070720103246ウィンターダフネ　　　　　　　　　　  3.0  1.4 20.9 24.2 15.1 35 15.8                           
022314070820103929オルノア　　　　　　　　　　　　　　 12.9  3.2  1.2 -5.0 -1.5 19  0.0                           
022314070920101807コンプラセンシア　　　　　　　　　　  7.4  2.3  4.2  0.9  1.6 22  0.0                           
022314071020102949ツインビスケッツ　　　　　　　　　　 27.4  5.9-10.4-10.6 -7.0 13  0.0                           
022314071119105528デームフォーチュン　　　　　　　　　  5.5  1.9 10.6  3.6  4.5 24  0.0                           
022314071219106031サンマルソムニア　　　　　　　　　　 31.0  6.6-11.7 -9.0 -6.8 13  0.0                           
022314080118105357ラピカズマ　　　　　　　　　　　　　 13.6  3.8  3.8  0.5  1.3 21 24.5                           
022314080219100437バブアルシャムス　　　　　　　　　　 61.6 14.5-10.0-10.3 -6.8 13  0.0                           
022314080318104559ナリタローゼ　　　　　　　　　　　　  6.8  2.4  9.8 12.0  7.3 27  0.0  5                        
022314080420104973トゥービートライン　　　　　　　　　 62.1 14.6-10.4-10.5 -7.0 13  0.0                           
022314080518104471グレイトミッション　　　　　　　　　 25.7  6.6-12.4-10.7 -7.6 12  0.0                           
022314080620102299アシャカタカ　　　　　　　　　　　　  5.7  2.2 12.0  8.3  6.6 27  0.0                           
022314080720103356クファシル　　　　　　　　　　　　　  5.5  2.1 15.1 11.4  8.7 29 15.8                           
022314080820100151スクルプトーリス　　　　　　　　　　  6.0  2.2 16.1 15.4 10.5 30  0.0                           
022314080919100911エヴリーサンクス　　　　　　　　　　 64.2 15.1-10.2-10.7 -7.0 13  0.0                           
022314081020101378アイヲツグモノ　　　　　　　　　　　  6.3  2.3  5.9 10.8  5.7 26  0.0  5                        
022314081118106613プルスウルトラ　　　　　　　　　　　 30.8  7.8 -3.6  6.2  1.2 21  0.0                           
022314081219106179ハートホイップ　　　　　　　　　　　 27.2  6.9 -8.3-10.7 -6.4 14  0.0                           
022314081318100772ハイライフ　　　　　　　　　　　　　 35.6  8.9-12.7-10.3 -7.6 12  0.0                           
022314081419106103モウショウ　　　　　　　　　　　　　 15.4  4.3-12.7-10.7 -7.7 12  0.0                           
022314081518103063フィルムスコア　　　　　　　　　　　 32.5  8.1 -8.4 -8.0 -5.5 15  0.0                           
022314081619106596バトルシャイニング　　　　　　　　　  5.5  2.1  9.5  6.2  5.1 25 17.3                           
022314090120100498ブライトファントム　　　　　　　　　 13.0  3.5 -6.1 15.0  3.7 24  0.0                           
022314090219101007タケトンボ　　　　　　　　　　　　　 11.0  3.1 14.3  1.2  4.7 25  0.0                           
022314090318106354バガン　　　　　　　　　　　　　　　  5.2  1.9 16.2  1.3  5.3 25 17.3                           
022314090420103655ダークブロンド　　　　　　　　　　　  7.0  2.4 10.3 12.0  7.5 27  0.0  5                        
022314090519105334イヴィステラ　　　　　　　　　　　　 10.8  3.0 -0.6 -0.7 -0.4 20  0.0  5                        
022314090617104215プリティユニバンス　　　　　　　　　  7.1  2.4  2.9-20.0 -6.5 14  0.0                           
022314090719105908グランドゴールド　　　　　　　　　　  5.5  2.0 13.0 11.1  8.0 28 18.7                           
022314090819100702コスモエクスプレス　　　　　　　　　 18.4  4.7 -4.4  2.7 -0.3 20  0.0                           
022314090918104070セルジュ　　　　　　　　　　　　　　 21.5  5.3-12.7-20.0-11.1  9  0.0                           
022314091020102430コスモフーレイ　　　　　　　　　　　  8.7  2.8  5.0 -2.0  0.8 21  0.0                           
022314091119104675アップストローク　　　　　　　　　　  4.4  1.8  9.5 11.1  6.9 27 15.8                           
022314100118102048ハイエストポイント　　　　　　　　　  2.8  1.3 21.6 28.1 16.8 47 15.8                           
022314100218106610ビヨンドザシーン　　　　　　　　　　 32.3  5.9 -5.9 -5.5 -3.8 26  0.0                           
022314100318103711シンヨモギネス　　　　　　　　　　　  7.3  2.0 11.1  4.9  5.1 35  0.0                           
022314100418100247テンウォークライ　　　　　　　　　　 19.0  3.8-11.7-10.7 -7.4 23  0.0                           
022314100518101704サハラヴァンクール　　　　　　　　　 26.8  5.0-12.4-10.7 -7.6 22  0.0                           
022314100620106381リネンマリン　　　　　　　　　　　　 28.1  5.2 -2.4  0.5 -0.5 29  0.0                           
022314100718110132アメリカンエール　　　　　　　　　　 17.1  3.5 -5.5 -5.3 -3.6 26  0.0                           
022314100818100440クリーンドリーム　　　　　　　　　　 17.8  3.6  0.7  3.3  1.4 31  0.0                           
022314100919106414アスクビックスター　　　　　　　　　  7.4  2.0 10.1 11.9  7.4 37 20.2                           
022314101019102484クーシフォン　　　　　　　　　　　　 55.2  9.4-11.7 -2.5 -4.4 26  0.0                           
022314101119106165スマートセプター　　　　　　　　　　  3.3  1.4 21.3 26.6 16.1 46 17.3                           
022314101219103418ミキノプリンス　　　　　　　　　　　 35.9  6.5-13.4 -9.7 -7.6 22  0.0                           
022314101317103378リアルシング　　　　　　　　　　　　  9.2  2.4  5.4  0.3  1.7 32  0.0                           
022314110118103498アイルビーザワン　　　　　　　　　　 53.4 11.2-12.7-17.7-10.3 25  0.0                           
022314110218110035シュバルツカイザー　　　　　　　　　  6.7  2.2 10.9  3.3  4.5 39  0.0  2                        
022314110319103010オードゥメール　　　　　　　　　　　 24.8  5.5 -2.7 -4.4 -2.4 33  0.0                           
022314110418103926ショウナンラスボス　　　　　　　　　 13.8  3.4 -1.4  6.4  1.9 37  0.0                           
022314110518110037ブルースピリット　　　　　　　　　　 13.6  3.4  2.9  0.0  0.9 36  0.0                           
022314110619100659レベレンシア　　　　　　　　　　　　 13.2  3.3  1.1  2.2  1.1 36 23.0                           
022314110719102522ドグマ　　　　　　　　　　　　　　　 11.7  3.0  2.5  2.2  1.6 37  0.0                           
022314110818100756シュアーヴアリア　　　　　　　　　　 16.0  3.9 -3.0 -5.1 -2.8 32  0.0                           
022314110918103086ヴァーチャリティ　　　　　　　　　　 30.7  6.7-10.0-10.3 -6.8 28  0.0                           
022314111018106077イルクオーレ　　　　　　　　　　　　  2.8  1.4 18.7 21.3 13.4 48 15.8                           
022314111119106184カフジテトラゴン　　　　　　　　　　 19.8  4.6 -3.4  8.2  2.0 37  0.0                           
022314111219105806ドロップオブライト　　　　　　　　　  7.8  2.4 13.3-18.1 -2.6 32  0.0                           
022314111319104518アイヴォリードレス　　　　　　　　　  9.2  2.7  4.0  1.6  1.8 37 20.2                           
022314111417104873エグレムニ　　　　　　　　　　　　　 38.0  8.1 -5.4-11.7 -5.9 29  0.0                           
022314111518105112フォドラ　　　　　　　　　　　　　　 33.6  7.3-12.7-17.9-10.4 25  0.0  0                        
022314111618106837テーオーメアリー　　　　　　　　　　 45.9  9.7-10.4-10.7 -7.0 28  0.0                           
022314120120100997マルモリディライト　　　　　　　　　  9.0  3.0  0.7  5.5  2.2 22 23.0                           
022314120218106717プロトサマニ　　　　　　　　　　　　 55.6 12.9-12.7-10.6 -7.7 12  0.0                           
022314120319106713クインズグレイト　　　　　　　　　　 32.3  8.0-12.7 -2.2 -4.6 15  0.0                           
022314120417103309ホウオウエンジェル　　　　　　　　　 22.9  5.8-13.4 -1.5 -4.6 15  0.0                           
022314120520103191ブライトサイン　　　　　　　　　　　  9.1  3.0  4.6  7.8  4.2 24  0.0                           
022314120620100105エイシンフェンサー　　　　　　　　　  7.2  2.5 11.3  8.5  6.5 27  0.0                           
022314120720100121イイヒニナル　　　　　　　　　　　　  7.2  2.5  5.5 13.5  6.6 27  0.0                           
022314120820103267アトモストリミッツ　　　　　　　　　  6.6  2.4  3.0 11.0  4.9 25  0.0                           
022314120918104938ヴェールクレール　　　　　　　　　　  5.3  2.1  9.6 40.0 17.5 38 17.3  1  357   36              
022314121020101848バロットボックス　　　　　　　　　　 17.9  4.8 -0.4  0.5  0.1 20  0.0                           
022314121119105765ハウファアイルゴー　　　　　　　　　 49.9 12.0-13.4-10.7 -7.9 12  0.0                           
022314121220105145カワキタマックス　　　　　　　　　　 15.6  4.2 -1.3 -1.8 -1.0 19  0.0                           
022314121318102669スズノナデシコ　　　　　　　　　　　  5.2  2.0 13.8 14.3  9.4 29 15.8                           
022314121419100772ポルタフォルトゥナ　　　　　　　　　 27.1  6.8 -4.3 -5.3 -3.2 17  0.0                           
022314121519105258オルコス　　　　　　　　　　　　　　 15.3  4.2 -1.6 10.1  3.2 23  0.0                           
052336010119105458クアトロマジコ　　　　　　　　　　　  4.1  1.6 17.6 10.0  8.9  9  9.4                           
052336010218102807ニシノソワレ　　　　　　　　　　　　  3.8  1.5 16.8 20.8 12.7 13 17.3                           
052336010318102989エバーサニーハート　　　　　　　　　 12.2  3.8 -2.9  6.0  1.3  1 10.1                           
052336010417104700ナリノモンターニュ　　　　　　　　　  1.6  1.2 21.7 17.7 13.0 13 15.9                           
052336010519104410ミゲル　　　　　　　　　　　　　　　 16.2  4.9 -5.2  3.9 -0.1  0  0.0                           
052336010619101023アルカンサス　　　　　　　　　　　　 13.8  4.2 -2.9 -6.5 -3.3 -3  0.0                           
052336020120102734エリーズダイヤ　　　　　　　　　　　  3.5  1.4 19.5 13.8 10.9 16 17.3                           
052336020220106840アイアムロージー　　　　　　　　　　 71.3 12.6-12.1-10.4 -7.4 -2  0.0                           
052336020320103617レディエンフェイス　　　　　　　　　  3.0  1.4 16.3 15.5 10.6 16  8.0                           
052336020420104111チェイスザウェイ　　　　　　　　　　 40.4  7.6-12.1 -7.3 -6.3 -1  0.0                           
052336020520101965レディバローズ　　　　　　　　　　　 12.5  2.9 12.9  7.4  6.6 12  0.0                           
052336020620103301エーリチェ　　　　　　　　　　　　　  5.3  1.7  9.5  1.0  3.2  8  9.4                           
052336020720103375オランジー　　　　　　　　　　　　　 12.5  2.8  8.9  6.0  4.9 10 10.8                           
052336020820105245ベアエクセレント　　　　　　　　　　  7.0  2.0 12.0 12.9  8.3 13 10.1                           
052336020920105522クレメンティ　　　　　　　　　　　　 24.3  4.8  3.0 -2.0  0.2  5  0.0                           
052336021020100855チェリーロマンス　　　　　　　　　　153.5 26.4-12.6-11.7 -8.1 -3  0.0                           
052336021120104730フエルテテソーロ　　　　　　　　　　 39.3  7.4-12.1 -2.0 -4.4  1  0.0                           
052336021220102893ギフトオブザナイル　　　　　　　　　 36.3  6.9-12.1-12.8 -8.3 -3  0.0                           
052336021320105855レッドリターン　　　　　　　　　　　 42.9  8.1-10.8-12.9 -8.0 -3  0.0                           
052336021420106954タイセイキューティ　　　　　　　　　 20.3  4.2 -0.6  8.6  3.0  8  0.0                           
052336021520103480レインボーティアラ　　　　　　　　　 61.4 11.0-12.1 -2.0 -4.4  1  0.0                           
052336021620104897スペシャルディガー　　　　　　　　　 69.3 12.3-10.0-12.7 -7.7 -3  0.0                           
052336030120105670タッチャブル　　　　　　　　　　　　 10.6  2.6 10.7  8.0  6.1 11 10.1                           
052336030220105471マンノステータス　　　　　　　　　　 11.3  2.7 -4.3  6.5  1.1  6 10.9                           
052336030320104085ボンドオブラヴ　　　　　　　　　　　  4.1  1.5 17.0 13.0  9.9 15 17.3                           
052336030420102758ソブリンルーラー　　　　　　　　　　 11.5  2.8 -0.4  6.8  2.4  7  0.0                           
052336030520100417セイウンデイスター　　　　　　　　　 12.7  3.0  6.1  7.7  4.7 10  0.0                           
052336030620110027ランドオブサンド　　　　　　　　　　  3.0  1.4 14.1 16.4 10.2 15  8.0  5                        
052336030720104509パディントンブーツ　　　　　　　　　 29.8  6.1 -6.8  5.8  0.1  5  0.0                           
052336030820103087ラッキーコイン　　　　　　　　　　　  4.1  1.5 18.3 13.5 10.4 15  9.4                           
052336030920101742メイショウカガ　　　　　　　　　　　 13.6  3.2  9.0 11.6  7.0 12  0.0                           
052336031020103155ステイマックウォー　　　　　　　　　 23.8  5.0-13.0-12.1 -8.3 -3  0.0                           
052336031120100045キラータイトル　　　　　　　　　　　 44.2  8.7-14.7-10.0 -8.1 -3  0.0                           
052336040120106703マーニャ　　　　　　　　　　　　　　 86.7 14.6-12.1 -7.0 -6.2 -1  0.0                           
052336040220105803マイネルラッシュ　　　　　　　　　　  9.2  2.4  5.8  8.0  4.7 10  0.0                           
052336040320104732ハルオーブ　　　　　　　　　　　　　  4.7  1.6 15.9  8.0  7.7 13  8.7                           
052336040420104250マジカルガール　　　　　　　　　　　 16.4  3.4  7.7  6.0  4.5 10  0.0                           
052336040520103152ショウナンアキーム　　　　　　　　　 49.6  8.9-10.1 -9.4 -6.5 -1  0.0                           
052336040620101845フライウィズミー　　　　　　　　　　  6.6  1.9  9.2 18.2  9.4 14 10.1                           
052336040720101188シャイニーヤマト　　　　　　　　　　 41.5  7.5-12.1-15.4 -9.3 -4  0.0  0                        
052336040820105782マルメラーダ　　　　　　　　　　　　  6.5  1.9 14.3 12.6  8.9 14  9.4                           
052336040920103960オメガキャプテン　　　　　　　　　　  2.3  1.3 20.5  6.5  8.5 14 15.9                           
052336041020106621イルマティック　　　　　　　　　　　121.4 20.2-12.1 -9.8 -7.2 -2  0.0                           
052336041120107173スペロ　　　　　　　　　　　　　　　 97.9 16.4 -8.0 -8.8 -5.6 -1  0.0                           
052336041220104968ワレハカゼノコ　　　　　　　　　　　 22.0  4.3 -7.3 -0.3 -2.3  3 12.2                           
052336041320105244トレジャートリップ　　　　　　　　　101.2 16.9 -8.3-13.7 -7.5 -3  0.0                           
052336041420110045ミカサエスカサ　　　　　　　　　　　 27.2  5.2 -0.2  6.0  2.1  7  0.0                           
052336041520103984グラスヴィガー　　　　　　　　　　　 22.8  4.4 -4.1  3.4  0.0  5  0.0                           
052336041620102109デルマカタスカシ　　　　　　　　　　 36.7  6.7-12.1 12.0  0.8  6  0.0  5                        
052336050121107176ファビュラスロード　　　　　　　　　  5.9  1.7 16.4  6.4  7.3  7 18.8                           
052336050221106472チョメチョメ　　　　　　　　　　　　 19.6  3.8  7.7  7.5  5.1  5  0.0                           
052336050321101110リベルテ　　　　　　　　　　　　　　 33.5  6.0 -6.3-12.5 -6.5 -6  0.0                           
052336050421101440マウリノ　　　　　　　　　　　　　　 11.9  2.6  2.2  2.0  1.4  1  0.0                           
052336050521106827マイネルバーテクス　　　　　　　　　 19.5  3.8 -2.8 -7.0 -3.4 -3  0.0                           
052336050621101738レイエル　　　　　　　　　　　　　　 24.1  4.5  1.1 -3.3 -0.9 -1  0.0                           
052336050721102194アルアーシャ　　　　　　　　　　　　  8.8  2.3 11.8 13.1  8.3  8  0.0  3                        
052336050821105611ボルケーノ　　　　　　　　　　　　　  2.9  1.3 20.8 21.0 13.9 14 15.9                           
052336050921101392ファインデイ　　　　　　　　　　　　 35.8  6.4 -6.4 -8.9 -5.2 -5  0.0                           
052336051021105661レガーロデルシエロ　　　　　　　　　  3.1  1.3 15.9 17.7 11.3 11 17.3                           
052336051121106914アオイラリュヌ　　　　　　　　　　　 30.1  5.5-12.1 -8.9 -6.9 -7  0.0                           
052336051221104760センドネージュ　　　　　　　　　　　 26.8  4.9 -6.0 -6.7 -4.3 -4  0.0                           
052336051321106782コスモブッドレア　　　　　　　　　　 28.6  5.2 -6.2 -2.0 -2.6 -3  0.0                           
052336060120100077ユーカリプタス　　　　　　　　　　　  5.3  1.9 15.3  6.9  7.1 12 10.9                           
052336060220101252グレートキングベア　　　　　　　　　  4.7  1.8 10.5 11.7  7.4 12 10.1                           
052336060320102690ソレア　　　　　　　　　　　　　　　 16.3  4.1  3.8  9.9  4.8 10  0.0                           
052336060420110004フジマサグッド　　　　　　　　　　　100.5 20.7-12.1 -9.7 -7.2 -2  0.0                           
052336060520102108デルマヒキオトシ　　　　　　　　　　184.8 37.5-12.6-11.7 -8.1 -3  0.0                           
052336060620101983クリノアルバトロス　　　　　　　　　  4.1  1.6 14.6  8.5  7.5 12  8.0                           
052336060720101683コラエテーナ　　　　　　　　　　　　 46.8 10.2 -8.1  4.2 -0.9  4  0.0                           
052336060820106977モイスチャー　　　　　　　　　　　　 32.1  7.2 -6.7 -6.4 -4.4  1  0.0                           
052336060920106433ワンダーブレス　　　　　　　　　　　 48.5 10.6-12.1-12.1 -8.1 -3  0.0                           
052336061020101109トウカイフィエロ　　　　　　　　　　  4.3  1.7 16.4 19.3 12.0 17  8.6                           
052336061120104204サンセットベリー　　　　　　　　　　 35.7  8.0 -1.3 -2.9 -1.5  4  0.0  5                        
052336061220106086ダイナマイトレディ　　　　　　　　　 41.4  9.1-12.1-10.7 -7.6 -3  0.0                           
052336061320102316ミュークカルム　　　　　　　　　　　124.1 25.4-12.6 -7.9 -6.7 -2  0.0                           
052336061420102074スクリプタム　　　　　　　　　　　　 30.8  6.9 -4.9  7.4  1.2  6  0.0                           
052336061520106479サイタブラウン　　　　　　　　　　　  4.4  1.7 14.5 16.1 10.3 15 18.8                           
052336061620104312スマートローラ　　　　　　　　　　　 51.1 11.1-12.1 -7.9 -6.5 -2  0.0                           
052336070120100621マイバラード　　　　　　　　　　　　 20.8  4.1  7.2 -2.9  1.1 21  0.0  5                        
052336070220103920フェミナフォルテ　　　　　　　　　　 12.7  2.8  7.3 14.1  7.4 27 10.8                           
052336070319106716ヒドゥンキング　　　　　　　　　　　 45.9  8.2-12.1 -7.1 -6.2 14  0.0                           
052336070418101455マルス　　　　　　　　　　　　　　　163.4 26.8-12.1-12.1 -8.1 12  0.0                           
052336070520106973デイドリームビーチ　　　　　　　　　106.3 17.7-10.4-11.0 -7.2 13  0.0                           
052336070620105749マイネルモーント　　　　　　　　　　  8.1  2.2 14.6  7.5  7.1 27  0.0                           
052336070719101185サザンステート　　　　　　　　　　　 13.9  3.0-12.1-10.0 -7.3 13  0.0                           
052336070820105650リチャ　　　　　　　　　　　　　　　 22.9  4.4 -6.1 -2.0 -2.6 17  0.0                           
052336070919107009ポケットシンデレラ　　　　　　　　　 32.8  6.0-12.6-10.0 -7.4 13  0.0                           
052336071018102151マイネルヒッツェ　　　　　　　　　　 35.3  6.5 -7.7  6.9  0.2 20  0.0                           
052336071117103353サーストンシカゴ　　　　　　　　　　 60.8 10.4-10.5 -5.0 -5.0 15  0.0                           
052336071218106352キヨラ　　　　　　　　　　　　　　　 63.2 10.8 -8.0 -2.0 -3.1 17  0.0                           
052336071320101199ロードプレイヤー　　　　　　　　　　  4.0  1.5 19.2 11.4  9.9 30 17.3                           
052336071420103899セーヌドゥレーヴ　　　　　　　　　　  4.9  1.6 13.5 13.5  9.0 29  9.4                           
052336071520103486トラマンダーレ　　　　　　　　　　　  2.5  1.3 16.4 20.1 12.3 32 15.9                           
052336080120107191ドウダンミッチー　　　　　　　　　　  5.8  1.7 17.0 14.1 10.3 30  0.0                           
052336080220106983ネバレチュゴー　　　　　　　　　　　  6.4  1.8 17.8 12.5  9.9 30 10.1                           
052336080319100567ロジヴィクトリア　　　　　　　　　　 21.5  4.1 -0.4  8.8  3.1 23  0.0                           
052336080419104128クイーンアポーン　　　　　　　　　　 43.6  7.7-10.1 -6.5 -5.4 15  0.0                           
052336080519102102ゲキザル　　　　　　　　　　　　　　 92.2 15.2-12.1-10.0 -7.3 13  0.0                           
052336080619104316サヨノフィールド　　　　　　　　　　 14.4  3.0  7.2  9.2  5.5 26 10.8                           
052336080719105112フミバレンタイン　　　　　　　　　　 15.0  3.1 -2.5  6.0  1.5 21  0.0                           
052336080819101266ザアトム　　　　　　　　　　　　　　 31.1  5.7-13.0  0.1 -3.9 16  0.0  5                        
052336080919102479フエキ　　　　　　　　　　　　　　　 74.0 12.3-12.6-12.8 -8.5 12  0.0                           
052336081019105148カズラポニアン　　　　　　　　　　　 44.1  7.8 -8.1-10.0 -6.1 14  0.0                           
052336081119106520スノーホルンロード　　　　　　　　　  3.4  1.4 11.1 13.9  8.4 28 17.3                           
052336081219102613セッカチケーン　　　　　　　　　　　 36.6  6.6 -3.4 -5.2 -2.9 17  0.0                           
052336081319100624ルチア　　　　　　　　　　　　　　　 39.2  7.0-12.1-11.9 -8.0 12  0.0                           
052336081418102332ストロングカレント　　　　　　　　　 82.5 13.6-12.1-10.0 -7.3 13  0.0                           
052336081520102669ホロニックパス　　　　　　　　　　　  2.7  1.3 20.9 26.6 16.0 36 15.9                           
052336081619101340ブルーデイジー　　　　　　　　　　　110.0 18.0-12.1 -5.0 -5.5 15  0.0                           
052336090119100796シーグラス　　　　　　　　　　　　　  9.0  2.0  2.5  5.9  2.9 33  0.0                           
052336090219106370ジャスティンヴェル　　　　　　　　　  9.2  2.0  7.1 10.7  6.1 36  0.0  5                        
052336090319105111キャルレイ　　　　　　　　　　　　　  3.6  1.3 16.5 12.1  9.4 39 17.3                           
052336090417105720クリノキングボス　　　　　　　　　　 36.4  5.3-14.7-20.0-11.7 18  0.0  0                        
052336090518105338マッハモンルード　　　　　　　　　　 15.6  2.7  1.2 -0.8  0.1 30  0.0                           
052336090619106307パワータイショウ　　　　　　　　　　 24.8  3.8-12.9-10.1 -7.6 22  0.0                           
052336090718105524エクセレントタイム　　　　　　　　　  4.9  1.4 15.5  6.8  7.1 37 18.8                           
052336090820103466キングズレイン　　　　　　　　　　　  1.9  1.2 23.0 21.1 14.6 45 15.9                           
052336100119105439エターナルタイム　　　　　　　　　　  2.8  1.4 21.2 22.8 14.7 50  7.9                           
052336100218105011ショウナンアレス　　　　　　　　　　  4.7  1.8 13.4 11.9  8.4 43  8.7                           
052336100317100461ワンスカイ　　　　　　　　　　　　　 42.6  8.5 -6.5-12.1 -6.4 29  0.0                           
052336100418102608ヴェルトハイム　　　　　　　　　　　 14.4  3.4 -9.4 -7.9 -5.7 29  0.0                           
052336100518101728マイヨアポア　　　　　　　　　　　　 41.5  8.3-12.1 -3.8 -5.0 30  0.0                           
052336100619105431ソネットフレーズ　　　　　　　　　　 22.8  4.8 -2.8  2.8  0.2 35  0.0                           
052336100719100450ファロロジー　　　　　　　　　　　　 14.9  3.5  0.6  7.5  2.9 38  0.0                           
052336100819100935ニシノラブウインク　　　　　　　　　 28.4  5.9 -7.0 13.0  2.7 38  0.0                           
052336100915101660バールドバイ　　　　　　　　　　　　 23.9  5.1-10.5  3.5 -1.9 33  0.0  5                        
052336101019106985セッタレダスト　　　　　　　　　　　  8.1  2.4 13.8  6.0  6.3 41  9.4                           
052336101119100581ヒルノローザンヌ　　　　　　　　　　 20.1  4.4  7.8 -0.8  2.0 37  0.0                           
052336101219105459ソウテン　　　　　　　　　　　　　　 13.3  3.1  4.6  2.2  2.2 37 10.9                           
052336101317103291グルアーブ　　　　　　　　　　　　　 95.5 17.8-12.1-10.0 -7.3 28  0.0                           
052336101419105139スコールユニバンス　　　　　　　　　 17.9  4.0 -0.3 -1.2 -0.5 34 13.0                           
052336101518100397ハーツラプソディ　　　　　　　　　　 18.4  4.1 -4.3 -5.0 -3.1 32  0.0                           
052336101619100684ボルザコフスキー　　　　　　　　　　 11.4  2.8  9.6  7.6  5.7 41 10.1                           
052336110120104144オマツリオトコ　　　　　　　　　　　 12.5  2.9  2.4 11.7  5.0 55  0.0                           
052336110220100665ジャスパーバローズ　　　　　　　　　 30.3  5.9 -4.9-10.3 -5.2 45  0.0                           
052336110320101874ペリエール　　　　　　　　　　　　　  2.5  1.3 18.7 15.4 11.3 61 15.9  2                        
052336110420104738ラフエイジアン　　　　　　　　　　　 28.1  5.5-10.0-13.0 -7.8 42  0.0                           
052336110520110062ワールズコライド　　　　　　　　　　 18.2  3.9  5.6  8.7  4.9 55  0.0                           
052336110620101275アイファーテイオー　　　　　　　　　 83.7 14.7-11.0 -8.6 -6.5 44  0.0                           
052336110720103039サンライズジーク　　　　　　　　　　 19.4  4.1 -3.0-12.2 -5.4 45  0.0                           
052336110820103086カレンアルカンタラ　　　　　　　　　 51.2  9.5 -3.0  0.9 -0.6 49  0.0                           
052336110920110153グレートサンドシー　　　　　　　　　  4.7  1.6 17.2 25.0 14.3 64 13.8                           
052336111020105144ニシキギミッチー　　　　　　　　　　 24.1  4.8-10.9  5.8 -1.1 49  0.0                           
052336111120100418ニシノカシミヤ　　　　　　　　　　　 30.7  6.0 -4.8 -5.8 -3.6 46  0.0                           
052336111220104982ヘンリー　　　　　　　　　　　　　　 15.1  3.3 -0.2  2.2  0.7 51  0.0                           
052336111320106565ブライアンセンス　　　　　　　　　　  4.8  1.6 16.6 15.3 10.6 61 18.8                           
052336111420110034ハードワイヤード　　　　　　　　　　 34.5  6.6 -7.8 -4.9 -4.1 46  0.0                           
052336111520106196メイショウモズ　　　　　　　　　　　 17.7  3.8-11.0 -9.4 -6.7 43  0.0                           
052336120119101998サンマルクレイジー　　　　　　　　　 57.5 11.3-12.1  3.9 -2.2 18  0.0                           
052336120220103311エナジーチャイム　　　　　　　　　　 29.0  6.2  0.2 -1.8 -0.6 19  0.0                           
052336120320106771トモジャシーマ　　　　　　　　　　　 10.7  2.7  0.5 -9.7 -3.4 17  0.0                           
052336120420104753サトノヴィレ　　　　　　　　　　　　  3.7  1.5 19.9 15.1 11.5 32 15.9                           
052336120520102298トレブランシュ　　　　　　　　　　　 10.9  2.8 13.7 10.5  8.0 28  0.0                           
052336120619101793クイーンドライヴ　　　　　　　　　　175.8 33.2-12.1-11.6 -7.9 12  0.0                           
052336120720100355ナックブレイブ　　　　　　　　　　　 78.8 15.3-12.1-10.8 -7.6 12  0.0                           
052336120818106110アンフィニ　　　　　　　　　　　　　 66.1 12.9-11.2 -2.0 -4.1 16  0.0                           
052336120919100722フリューゲルホルン　　　　　　　　　 23.3  5.1-12.6 -3.8 -5.2 15  0.0                           
052336121019104046サトノレギオン　　　　　　　　　　　 13.6  3.3 -2.0  7.1  2.0 22  0.0  5                        
052336121120109061コンチトーホク　　　　　　　　　　　 64.0 12.5-10.1-11.7 -7.3 13  0.0                           
052336121220103328スプレモフレイバー　　　　　　　　　  8.3  2.5 12.4 27.8 13.9 34  0.0                           
052336121320107001キョウエイブリッサ　　　　　　　　　  5.3  1.8 15.3  5.6  6.6 27  9.4                           
052336121418105515パノティア　　　　　　　　　　　　　 20.5  4.6 -3.7  7.9  1.8 22  0.0                           
052336121519105177ビジュノワール　　　　　　　　　　　  3.7  1.5 12.0 18.2 10.3 30 17.3                           
052336121618105102キャロライナリーパ　　　　　　　　　 22.9  5.0 -8.1-11.1 -6.5 14 13.7                           
092336010120105306カセノミオ　　　　　　　　　　　　　  3.1  1.3 21.1 16.9 12.8 18 17.7                           
092336010220104728エコロミューズ　　　　　　　　　　　 70.6 11.3-12.2-17.3 -9.7 -5  0.0                           
092336010320101986クリノキスミント　　　　　　　　　　 70.6 11.3-11.2 -7.7 -6.4 -1  0.0                           
092336010420102124イトサン　　　　　　　　　　　　　　 57.1  9.2 -6.2 -8.2 -4.7  0  0.0                           
092336010520102314グッデイドリーム　　　　　　　　　　 44.0  7.5-11.2-11.6 -7.6 -3  0.0                           
092336010620106932リリノエ　　　　　　　　　　　　　　 19.8  3.8  7.9 -6.8  0.9  6  0.0                           
092336010720100270ナパヴァレー　　　　　　　　　　　　 56.3  9.1 -9.4-15.7 -8.2 -3  0.0                           
092336010820106293エイシンゼータ　　　　　　　　　　　 41.5  7.1 -9.7  0.7 -3.3  2  0.0                           
092336010920103451スーパーファルクス　　　　　　　　　  2.7  1.3 15.0 14.4  9.8 15 16.2                           
092336011020105827ルールメイプル　　　　　　　　　　　 13.0  2.7 10.5  8.3  6.3 11 15.4                           
092336011120102635エーテルノカゼ　　　　　　　　　　　 26.8  4.8  0.2 -5.1 -1.5  4  0.0                           
092336011220104642アイキューテーラー　　　　　　　　　 38.6  6.6-10.1-11.1 -7.0 -2  0.0                           
092336011320101823ファイアネイド　　　　　　　　　　　  4.6  1.5 14.1 12.9  9.0 14 19.1                           
092336011420101183スマイルサンライズ　　　　　　　　　 36.9  6.4 -3.4-13.0 -5.1  0  0.0                           
092336011520105240ハクアイアテナ　　　　　　　　　　　 12.5  2.6  9.0 10.2  6.4 11  0.0                           
092336011620100637フェアリーハイ　　　　　　　　　　　 43.8  7.4-11.2-13.0 -8.0 -3  0.0                           
092336020120106663ファベルジェエッグ　　　　　　　　　 51.7 10.7-11.8  5.3 -2.7  2  0.0                           
092336020220100208フクノカトレア　　　　　　　　　　　  9.4  2.7  5.3-12.4 -1.8  3  0.0                           
092336020320101345エスタビエン　　　　　　　　　　　　 16.4  3.9  9.7 -5.9  1.8  7  0.0                           
092336020420104300シントーチャチャ　　　　　　　　　　 26.9  5.9 -5.5 -1.5 -2.5  3  0.0                           
092336020520103056ヴァルダリス　　　　　　　　　　　　 17.5  4.1 -1.6 -0.3 -0.7  4  0.0                           
092336020620101792プロスペリダード　　　　　　　　　　  3.2  1.5 14.3 14.0  9.4 14 16.2                           
092336020720110066ガルミッシュ　　　　　　　　　　　　 47.9 10.0-11.8-11.2 -7.7 -3  0.0                           
092336020820105089グランデサラス　　　　　　　　　　　 24.7  5.5 -3.4-11.6 -4.7  0  0.0                           
092336020920101038スリーブリランテ　　　　　　　　　　  8.8  2.6  3.8  4.0  2.6  8 20.6                           
092336021020104889オーブアンドセプタ　　　　　　　　　 47.1  9.8 -7.0-10.2 -5.6 -1  0.0                           
092336021120100808ワカタツフェイス　　　　　　　　　　  4.8  1.8 11.7 21.8 10.8 16 17.7  3                        
092336021220104986ロジウムエポック　　　　　　　　　　  8.4  2.5 13.7  9.9  8.0 13  0.0                           
092336021320110030ユアデスティニー　　　　　　　　　　 15.2  3.7 -4.7  7.4  0.5  5  0.0                           
092336021420101679シゲルノヴァ　　　　　　　　　　　　 60.8 12.2 -9.7 -8.1 -6.0 -1  0.0                           
092336021520101798オータムクイーン　　　　　　　　　　 14.2  3.5 10.2  8.6  6.3 11 16.5                           
092336021620106394オンリーラヴ　　　　　　　　　　　　 79.3 15.7-11.2-14.8 -8.5 -4  0.0  0                        
092336021720100370フェリキタス　　　　　　　　　　　　 39.8  8.4-11.2 -6.8 -6.1 -1  0.0                           
092336021820110076メリタテス　　　　　　　　　　　　　 25.2  5.6-11.2-13.2 -8.1 -3  0.0                           
092336030120104497サイモンザナドゥ　　　　　　　　　　  6.0  1.9 13.4 11.9  8.5 13  0.0                           
092336030220105541タガノチェイス　　　　　　　　　　　 60.6 11.0-10.2-11.6 -7.2 -2  0.0  0                        
092336030320106820タイキクラージュ　　　　　　　　　　  3.8  1.5 17.0 12.1  9.9 15 17.7                           
092336030420110093ドナスウェット　　　　　　　　　　　  9.0  2.5 -3.5  3.6 -0.2  5  0.0                           
092336030520101553タイセイマイティ　　　　　　　　　　 15.0  3.3  4.2 -2.9  0.7  6  0.0                           
092336030620103258ドルヴァル　　　　　　　　　　　　　 42.6  8.1 -8.5 -3.1 -4.0  1  0.0                           
092336030720103297ダノンジュリアス　　　　　　　　　　 11.3  2.7 13.8  8.3  7.6 13 22.1                           
092336030820102589リオンエトワール　　　　　　　　　　 23.1  4.7 -3.8  2.3 -0.7  4  0.0                           
092336030920110098マレフィセントラヴ　　　　　　　　　 23.3  4.7 -2.4 -1.0 -1.2  4  0.0                           
092336031020109014クリノファルコン　　　　　　　　　　 44.0  8.4-11.2 -9.4 -6.9 -2  0.0                           
092336031120101302ゲットザフェイム　　　　　　　　　　 15.0  3.3 -1.7  0.9 -0.4  5 17.5                           
092336031220106051セザンワールド　　　　　　　　　　　  2.9  1.4 18.5 17.8 12.1 17 16.2                           
092336031320103880エンシャントヌーン　　　　　　　　　 56.3 10.2 -6.2-10.2 -5.3  0  0.0                           
092336031420104054シゲルショウタイム　　　　　　　　　 47.6  9.0-11.2-13.9 -8.3 -3  0.0                           
092336031520110107ジャスパーワールド　　　　　　　　　 33.6  6.5 -4.9-12.5 -5.5 -1  0.0                           
092336031620109042ドデカハーツ　　　　　　　　　　　　 48.5  9.1-11.8 -9.4 -7.1 -2  0.0                           
092336040120100728ヘイローグラン　　　　　　　　　　　 21.6  4.7 -6.2 -7.9 -4.6  0  0.0                           
092336040220100401テイエムルンバ　　　　　　　　　　　  6.4  2.0 14.7 14.6  9.8 15 14.4                           
092336040320105613マンティコア　　　　　　　　　　　　  4.1  1.6 16.2  5.1  7.5 12 17.7                           
092336040420100974テイエムサンローズ　　　　　　　　　 23.7  5.1  6.7  8.3  4.9 10  0.0                           
092336040520100179ウインフィエルテ　　　　　　　　　　 29.6  6.3-10.1 -1.9 -4.3  1  0.0                           
092336040620106321タノムデホンマ　　　　　　　　　　　 41.1  8.4 -1.2 -0.4 -0.6  4  0.0                           
092336040720106127ベントディパーチェ　　　　　　　　　 63.3 12.3-11.2-11.0 -7.4 -2  0.0                           
092336040820101888ブルクラシコ　　　　　　　　　　　　 19.0  4.3 -6.6 -1.7 -2.9  2  0.0                           
092336040920110044ボタニカルガーデン　　　　　　　　　  3.3  1.4 15.8 11.6  9.3 14 16.2                           
092336041020101699シゲルマッハ　　　　　　　　　　　　 25.9  5.5 -4.3 -3.1 -2.5  2  0.0                           
092336041120100752エレナユニヴァース　　　　　　　　　 85.1 16.3-11.8-10.2 -7.4 -2  0.0                           
092336041220110001ポテンザ　　　　　　　　　　　　　　  4.4  1.6 16.1 12.0  9.5 15 19.1                           
092336041320100542ワンダーカラフル　　　　　　　　　　 20.0  4.5  4.1  5.5  3.2  8  0.0                           
092336041420104120エリカグロリア　　　　　　　　　　　 15.9  3.7 -2.3 -7.0 -2.9  2  0.0                           
092336041520103748アシャカデュラン　　　　　　　　　　 63.5 12.3-11.2 -9.3 -6.9 -2  0.0                           
092336041620104242スマイルモネ　　　　　　　　　　　　 39.8  8.2-11.2 -1.6 -4.6  0  0.0                           
092336050121104803ベレンガリア　　　　　　　　　　　　 11.6  3.0  6.5 11.2  5.7  6  0.0                           
092336050221104370ダイヤフレンド　　　　　　　　　　　 35.5  7.8-11.8 -6.8 -6.4 -6  0.0                           
092336050321105543コートリーバウ　　　　　　　　　　　  6.1  2.1 10.7  9.3  6.7  7 20.6                           
092336050421107170イーグルノワール　　　　　　　　　　  4.0  1.6 16.7 14.8 10.6 11 16.2                           
092336050521105926レディントン　　　　　　　　　　　　  4.1  1.6 15.7 15.8 10.5 10 12.4                           
092336050621100297ブルボンクイーン　　　　　　　　　　 22.3  5.1-11.3 -2.0 -4.7 -5  0.0                           
092336050721101415フイノマジワリ　　　　　　　　　　　 25.1  5.7 -8.8 -3.9 -4.4 -4  0.0                           
092336050821105371グレッソネイ　　　　　　　　　　　　  4.7  1.7 15.8 12.1  9.4  9 19.1                           
092336050921103591ベルベストランナー　　　　　　　　　 10.8  2.9  8.9 -2.9  2.4  2  0.0                           
092336051021103982ダイメイイチョウ　　　　　　　　　　  8.9  2.7  6.4 11.7  5.9  6  0.0                           
092336051121105828スノーライトニング　　　　　　　　　 12.3  3.2 -0.7  3.2  0.7  1  0.0                           
092336060120100150ロードパレス　　　　　　　　　　　　 38.2  8.7 -8.3-11.6 -6.5 -2  0.0  0                        
092336060220106491メイショウジェンマ　　　　　　　　　 15.3  4.0  2.9  6.3  3.0  8  0.0                           
092336060320105938マテンロウイーグル　　　　　　　　　  5.4  2.0  5.3  3.5  3.0  8  0.0                           
092336060420102897バラージファイア　　　　　　　　　　 43.6  9.9-11.2-11.7 -7.6 -3  0.0                           
092336060520106311マルモルミエール　　　　　　　　　　 13.0  3.5 10.4 -9.9  0.8  6  0.0                           
092336060620105504ローズジャスティス　　　　　　　　　 64.2 13.9-11.2-11.1 -7.4 -2  0.0                           
092336060720103591ジャクソンルーツ　　　　　　　　　　 21.8  5.3-11.2 -3.0 -5.0  0  0.0  0                        
092336060820105952ワンボイス　　　　　　　　　　　　　  7.7  2.5 -0.5 14.1  4.0  9 14.4                           
092336060920101919ダイメイセブン　　　　　　　　　　　 12.5  3.4  7.8 -1.8  2.3  7 23.5                           
092336061020103126レイジングスラスト　　　　　　　　　  3.8  1.7 19.9 14.1 11.5 17  0.0                           
092336061120100562ワンダーマーシー　　　　　　　　　　 16.7  4.2  0.3  2.4  0.8  6  0.0  5                        
092336061220100693ナムラデュラン　　　　　　　　　　　  8.9  2.8  4.8 27.9 10.1 15 22.1                           
092336061320105550タガノフリューゲル　　　　　　　　　  6.8  2.3  6.7 17.1  7.6 13 19.1                           
092336061420101593ブルーアーカイブ　　　　　　　　　　 37.0  8.5 -8.8  5.3 -1.6  3  0.0                           
092336061520109076ケンヴァイザッハ　　　　　　　　　　 44.5 10.1-11.8 -9.3 -7.1 -2  0.0                           
092336061620104371マジカルモーション　　　　　　　　　 14.4  3.8 -3.3 -6.8 -3.3  2  0.0                           
092336070120110120ガンウルフ　　　　　　　　　　　　　 13.2  3.4 -1.1  8.8  2.2 22 26.5                           
092336070219106173シャランガーナ　　　　　　　　　　　 41.1  9.1 -9.7-11.1 -6.9 13  0.0                           
092336070320110081テーオーグランビル　　　　　　　　　  4.8  1.8 15.3 12.4  9.3 29 17.7                           
092336070420102965マルカシャルマン　　　　　　　　　　 30.3  6.9 -5.5 -9.9 -5.0 15  0.0                           
092336070519100195ウインバリオス　　　　　　　　　　　 20.4  4.9 -1.6 -1.9 -1.2 19  0.0                           
092336070620106727システムリブート　　　　　　　　　　 13.0  3.4  3.8 -2.6  0.6 21  0.0                           
092336070719100548タガノミア　　　　　　　　　　　　　 30.0  6.8-11.2  5.5 -2.5 18  0.0                           
092336070820103538オーシャントライブ　　　　　　　　　  6.1  2.1 13.0 11.9  8.3 28  0.0                           
092336070919106251スウィートスカー　　　　　　　　　　 32.6  7.4 -6.0 -8.6 -4.8 15  0.0                           
092336071020105750マイネルメモリー　　　　　　　　　　  6.9  2.3  9.3-10.0  0.4 20  0.0                           
092336071119104080ダノンフロイデ　　　　　　　　　　　  3.8  1.6 15.7 17.5 11.0 31 11.3                           
092336071219106590アンジェリーナ　　　　　　　　　　　 12.2  3.2-11.2  3.5 -3.1 17  0.0                           
092336071320103113マランジュ　　　　　　　　　　　　　  5.8  2.0  9.4  8.7  6.1 26 19.1                           
092336080120104302スマートファントム　　　　　　　　　  5.0  1.7 12.8 16.6  9.7 30 14.4                           
092336080220105761マイネルカーライル　　　　　　　　　 14.9  3.4 -3.4 -2.1 -1.9 18  0.0                           
092336080320103082カネフラ　　　　　　　　　　　　　　  3.2  1.4 19.2 15.4 11.7 32 16.2                           
092336080420102888バールデュヴァン　　　　　　　　　　 29.0  5.9 -6.7 -9.9 -5.4 15  0.0                           
092336080519102568マーゴットワーズ　　　　　　　　　　 27.5  5.6-11.2-10.2 -7.2 13  0.0                           
092336080620104902ハクサンビーナス　　　　　　　　　　  8.0  2.3  7.7  8.1  5.3 25  0.0                           
092336080720100760シルキーバローズ　　　　　　　　　　  4.7  1.6 14.5 13.8  9.5 29 19.1                           
092336080819101691ファインバーグ　　　　　　　　　　　 16.2  3.6 -4.1 -1.5 -2.0 18  0.0                           
092336080917106366メイショウサンガ　　　　　　　　　　 22.2  4.7 -8.1 16.6  2.0 22  0.0                           
092336081020103509ドナウパール　　　　　　　　　　　　  3.6  1.5 15.4  6.5  7.6 28 17.7                           
092336090117101322ヒルノエドワード　　　　　　　　　　 30.7  6.1 -8.5 -5.9 -4.9 25  0.0                           
092336090218103368メイショウカイト　　　　　　　　　　 14.5  3.3 -0.5  7.1  1.9 32  0.0                           
092336090319106925ムーンリットナイト　　　　　　　　　  4.5  1.6 16.8 14.2 10.4 40 17.7                           
092336090419102106ブリュットミレジメ　　　　　　　　　  7.7  2.2 10.3  9.9  6.7 37  0.0                           
092336090516105750サダムゲンヤ　　　　　　　　　　　　 33.1  6.5-11.2 -8.4 -6.6 23  0.0                           
092336090618105129ロンズデーライト　　　　　　　　　　  7.6  2.2 12.3 13.0  8.4 38 20.6                           
092336090719103661ロールアップ　　　　　　　　　　　　  5.9  1.8 15.8 18.6 11.4 41 19.1                           
092336090819105415ベルクレスタ　　　　　　　　　　　　  2.7  1.3 16.8 20.8 12.4 42 11.3                           
092336090918106663エアミアーニ　　　　　　　　　　　　  7.6  2.2  9.0 15.7  8.0 38  0.0                           
092336091017103123ヤマニンプレシオサ　　　　　　　　　 23.5  4.8 -7.3 -7.1 -4.8 25  0.0                           
092336091117102518ネバーゴーンアウト　　　　　　　　　 27.0  5.4-11.2-10.6 -7.3 23  0.0                           
092336100118102196ゴールドブリーズ　　　　　　　　　　 19.7  4.7 -1.7 -4.0 -1.8 33  0.0                           
092336100217102952マイネルクロンヌ　　　　　　　　　　  4.9  1.8 14.2 11.7  8.7 44 19.1                           
092336100318104665ダノンブレット　　　　　　　　　　　 10.8  2.9  7.1  3.2  3.6 39  0.0                           
092336100418102087クインズバジル　　　　　　　　　　　 43.6  9.4-11.2  5.6 -2.4 33  0.0                           
092336100519102593ルイナールカズマ　　　　　　　　　　 24.1  5.5 -6.4 -6.2 -4.2 31  0.0  0                        
092336100619105133スワヤンブナート　　　　　　　　　　 15.0  3.7 -1.7 -6.0 -2.4 33  0.0                           
092336100719103038セレッソ　　　　　　　　　　　　　　 15.1  3.8  7.9  0.2  3.0 38  0.0                           
092336100819104589トウセツ　　　　　　　　　　　　　　  3.6  1.5 18.6 15.7 11.5 47 16.2                           
092336100919104768ドライゼ　　　　　　　　　　　　　　 11.6  3.0 -2.9  6.7  0.9 36  0.0                           
092336101019104116コパノニコルソン　　　　　　　　　　  4.7  1.8 17.6 20.0 12.5 47 17.7                           
092336101117104137コパノリッチマン　　　　　　　　　　 50.4 10.8-11.8-12.6 -8.1 27  0.0  0                        
092336101219100876セブンスレター　　　　　　　　　　　 39.1  8.5 -4.8  4.0 -0.6 34  0.0                           
092336101318105846メイショウオキビ　　　　　　　　　　 44.2  9.6-10.1 -9.4 -6.5 28  0.0                           
092336101418101337ヒミノフラッシュ　　　　　　　　　　  9.0  2.7  5.6  9.5  4.9 40 14.4                           
092336101517101036クリノホノオ　　　　　　　　　　　　 40.0  8.7 -8.5  4.9 -1.6 33  0.0                           
092336101617101239カネコメノボル　　　　　　　　　　　 63.0 13.0-11.8 -8.4 -6.8 28  0.0                           
092336110119100637シンシアウィッシュ　　　　　　　　　 13.4  3.0  6.3  1.9  2.9 53  0.0                           
092336110218104977シャーレイポピー　　　　　　　　　　 22.7  4.5 -3.5 -2.1 -1.9 48  0.0                           
092336110319100464ヒヅルジョウ　　　　　　　　　　　　 13.1  2.9 -2.5  9.9  2.1 52  0.0                           
092336110418100427ビッグリボン　　　　　　　　　　　　  2.7  1.3 18.6 23.5 13.9 64 16.2                           
092336110517104691ホウオウエミーズ　　　　　　　　　　 18.7  3.9  3.7 19.6  7.2 57  0.0                           
092336110619100547タガノフィナーレ　　　　　　　　　　 30.2  5.8-11.2-10.2 -7.2 43  0.0                           
092336110718104345ランスオブアース　　　　　　　　　　 22.6  4.5 -8.4-12.7 -6.9 43  0.0                           
092336110817101415ウインマイティー　　　　　　　　　　  4.0  1.5 13.0 18.8 10.4 60 17.7                           
092336110919104124ストーリア　　　　　　　　　　　　　  4.9  1.6 12.4 15.1  9.1 59 19.1                           
092336111019100653ハギノメーテル　　　　　　　　　　　 36.3  6.9-10.1-10.3 -6.8 43  0.0                           
092336111119106410ビジン　　　　　　　　　　　　　　　 23.9  4.7 -6.3 -1.0 -2.6 47  0.0                           
092336111219105329サンカルパ　　　　　　　　　　　　　 23.7  4.7 -2.9  6.0  0.7 51  0.0                           
092336111319100824ゴールドエクリプス　　　　　　　　　 14.1  3.1  2.0 -2.3  0.0 50  0.0                           
092336120119106390タイセイエピソード　　　　　　　　　 18.9  4.6  2.8 -2.3  0.3 30  0.0                           
092336120219110096エアアネモイ　　　　　　　　　　　　 17.4  4.2 -5.7  6.1 -0.3 30  0.0                           
092336120318102040ヴィヴァン　　　　　　　　　　　　　  7.3  2.3 15.4  9.2  8.4 38 14.4                           
092336120419105441ヴォルゴグラード　　　　　　　　　　 34.4  7.6-11.2-15.7 -8.8 21  0.0                           
092336120517102043ファイヴレター　　　　　　　　　　　 66.7 13.8-11.2-10.6 -7.3 23  0.0                           
092336120615101170ダイシンカローリ　　　　　　　　　　 68.8 14.2-11.8-17.9 -9.7 20  0.0                           
092336120719106527レディベル　　　　　　　　　　　　　 66.5 13.8-11.2-13.2 -8.1 22  0.0                           
092336120820104760ゼットリアン　　　　　　　　　　　　  3.2  1.5 18.2 23.1 13.6 44 16.2                           
092336120920106884テーオーリカード　　　　　　　　　　  5.9  2.1 -2.7  1.5 -0.5 29  0.0                           
092336121017105895イルミネーター　　　　　　　　　　　 25.2  5.8 -0.6 -6.8 -2.3 28  0.0                           
092336121119106475カネトシブルーム　　　　　　　　　　 17.5  4.3 -5.8-13.9 -6.3 24  0.0                           
092336121220101968ベンダバリラビア　　　　　　　　　　  7.2  2.3 14.2  6.2  7.1 37 19.1                           
092336121318103828ニホンピロハーバー　　　　　　　　　 12.9  3.3  7.3-14.3 -1.6 28  0.0                           
092336121418100679インテンスフレイム　　　　　　　　　  7.4  2.4  1.9 20.8  6.9 37  0.0                           
092336121519105544レッドベルアーム　　　　　　　　　　 13.7  3.5 10.9  0.8  4.2 34 25.0                           
092336121618103730タイセイドリーマー　　　　　　　　　 43.4  9.5-11.2-10.2 -7.2 23  0.0                           
