062225010119104354フェリシダ　　　　　　　　　　　　　 25.9  4.5  3.4  7.1  3.6  9  0.0                           
062225010219100129キタノキャスター　　　　　　　　　　 87.1 13.1-11.6 -9.7 -7.0 -2  0.0                           
062225010319100910ゼンノテンバ　　　　　　　　　　　　  4.2  1.4 16.0 13.5  9.8 15 18.8                           
062225010419101199ビービードルチェ　　　　　　　　　　 60.1  9.2 -6.1-15.7 -7.6 -3  0.0  0                        
062225010519102131デルマメデューサ　　　　　　　　　　 56.6  8.7-12.1-10.0 -7.3 -2  0.0                           
062225010619102464ファインバローロ　　　　　　　　　　103.5 15.4-11.6-15.0 -9.0 -4  0.0                           
062225010719106690タマモタップダンス　　　　　　　　　  2.2  1.2 22.4 25.0 15.9 21 15.9                           
062225010819104610リトルポピー　　　　　　　　　　　　  3.6  1.3 15.9 23.7 13.5 18 17.3  2                        
062225010919106453ショウナンカンキ　　　　　　　　　　 17.6  3.3 -3.9-10.2 -4.9  0  0.0                           
062225011019104623サトノブレス　　　　　　　　　　　　 43.1  7.0 -6.7-10.5 -5.9 -1  0.0                           
062225011119103921ミニョン　　　　　　　　　　　　　　 49.5  7.9 -8.8 -6.9 -5.2  0  0.0                           
062225011219106663シャムトラダイコウ　　　　　　　　　 33.9  5.6 -6.6 -1.9 -2.7  2  0.0                           
062225011319100186ヤサカシュエット　　　　　　　　　　 23.5  4.1  4.0  5.8  3.3  8  0.0                           
062225011419105173ドレミフォン　　　　　　　　　　　　101.6 15.1-11.6-12.7 -8.1 -3  0.0                           
062225011519104950リメインステディ　　　　　　　　　　 14.8  2.9  2.9  8.0  3.8  9  0.0                           
062225011619105110エフティイライザ　　　　　　　　　　 30.1  5.1 -6.5  5.3  0.0  5  0.0                           
062225020119102462ジャンヌデュモン　　　　　　　　　　 49.0  9.9-11.6 -5.4 -5.5  0  0.0                           
062225020219106411ティーライトニング　　　　　　　　　  5.7  2.0 16.3 10.5  8.7 14 17.3                           
062225020319104906ルージュエピス　　　　　　　　　　　  8.7  2.5  5.4 13.3  6.5 11  0.0                           
062225020419106782テイエムラニッコ　　　　　　　　　　 50.1 10.1-11.6-13.4 -8.4 -3  0.0                           
062225020519101540リンガスキャット　　　　　　　　　　 10.9  2.8  5.0  2.7  2.5  7 11.5                           
062225020619109036バリアンス　　　　　　　　　　　　　 42.9  8.8-12.1-12.7 -8.3 -3  0.0                           
062225020719102709ハクサンセーラー　　　　　　　　　　  8.7  2.5 11.1 16.0  9.2 14  0.0                           
062225020819102835フランドルブリエ　　　　　　　　　　 33.3  6.9-11.6 -9.7 -7.0 -2  0.0                           
062225020919100855トラストパッキャオ　　　　　　　　　  2.7  1.4 20.2 27.6 16.2 21 15.9                           
062225021019103240リキサンウィン　　　　　　　　　　　 77.6 14.9-12.1-14.1 -8.8 -4  0.0                           
062225021119105170オールフラッグ　　　　　　　　　　　 15.7  3.7  5.6 -2.4  0.8  6  0.0  0                        
062225021219105019グットウインド　　　　　　　　　　　 61.9 12.0-12.1-12.4 -8.2 -3  0.0                           
062225021319102470ダイチヴィヴァン　　　　　　　　　　 11.2  2.8  7.7  1.8  3.0  8  0.0                           
062225021419101295ホワイトガーベラ　　　　　　　　　　 11.5  2.9  1.2 12.8  5.1 10 13.0                           
062225021519101812アブソルートピッチ　　　　　　　　　  9.4  2.7  4.7 -0.2  1.3  6  0.0                           
062225021619100377ナノハナバタケ　　　　　　　　　　　 96.1 18.3-12.6-17.2-10.1 -5  0.0                           
062225030119102951アイファーロブスト　　　　　　　　　 83.6 13.7-12.6 -1.2 -4.2  1  0.0                           
062225030219106998ストロングフォース　　　　　　　　　 12.3  2.7  2.3 -1.2  0.3  5 11.5                           
062225030319105666ブレイク　　　　　　　　　　　　　　 22.3  4.2 -1.7-12.6 -5.1  0  0.0                           
062225030419106387トップスティール　　　　　　　　　　 20.2  4.0 -4.5  1.0 -1.0  4  0.0                           
062225030519104811シュヴァリエール　　　　　　　　　　 12.1  2.6  6.7 16.9  8.2 13  0.0                           
062225030619103151キーワード　　　　　　　　　　　　　  4.2  1.6 15.0 18.5 11.3 16 17.3                           
062225030719103592ベイビールビオ　　　　　　　　　　　 16.1  3.3  2.9 11.6  5.1 10  0.0                           
062225030819105392フロールシュタット　　　　　　　　　  8.1  2.1  7.5 20.4  9.7 15  0.0                           
062225030919103577ツキニホエル　　　　　　　　　　　　 52.7  9.1-12.1 -6.8 -6.1 -1  0.0                           
062225031019101119テンクウノツバサ　　　　　　　　　　 11.4  2.5  2.3  8.1  3.7  9  0.0                           
062225031119100234セイゲン　　　　　　　　　　　　　　  2.3  1.3 22.6 25.5 16.1 21 15.9                           
062225031219106263ザビッグマン　　　　　　　　　　　　 43.6  7.7-13.0 -8.6 -7.1 -2  0.0                           
062225031319104189ライパチ　　　　　　　　　　　　　　 49.6  8.6-11.6 -5.4 -5.5  0  0.0                           
062225031419104222パフオブウインド　　　　　　　　　　 18.4  3.7  8.4  6.9  5.1 10 13.0                           
062225031519100696ノーブルキャナル　　　　　　　　　　181.2 29.0-12.1-12.7 -8.3 -3  0.0                           
062225040119102058ヴェーチェル　　　　　　　　　　　　 64.5 14.7 -8.2 -6.4 -4.8  0  0.0                           
062225040219103880カルーナブルガリス　　　　　　　　　  5.0  2.0 16.7 15.4 10.7 16  8.0                           
062225040319104128クイーンアポーン　　　　　　　　　　 21.7  5.5 -6.1 -5.4 -3.8  1  0.0                           
062225040419103955セイショウスマイル　　　　　　　　　 18.1  4.8 -3.2 -8.6 -4.1  1 13.0                           
062225040519104492フレッシュラムール　　　　　　　　　 30.2  7.4 -5.0-10.9 -5.5  0  0.0                           
062225040619101662グラサージュ　　　　　　　　　　　　 35.8  8.7 -5.0-10.0 -5.2  0  0.0                           
062225040719100150キョウコウトッパ　　　　　　　　　　  5.7  2.1 10.9  1.0  3.6  9  0.0                           
062225040819101671モンサンレジャンド　　　　　　　　　  7.8  2.6 12.5  5.2  5.7 11  0.0                           
062225040919102441エコロシルヴィー　　　　　　　　　　  5.2  2.0  9.4 14.2  8.0 13  8.7                           
062225041019104592カプラローラ　　　　　　　　　　　　  7.8  2.6  7.4 25.7 11.6 17 23.1                           
062225041119102615キタノパフューム　　　　　　　　　　 76.6 17.4 -7.8 -1.2 -2.8  2  0.0                           
062225041219100138トワイライトドレス　　　　　　　　　 33.6  8.2 -6.1-10.5 -5.7 -1  0.0                           
062225041319103085ビップレジアス　　　　　　　　　　　 41.6 10.0-11.6 -0.8 -3.8  1  0.0                           
062225041419106704カンザシ　　　　　　　　　　　　　　 12.5  3.5 -4.5  8.0  1.6  7  0.0                           
062225041519100567ロジヴィクトリア　　　　　　　　　　  5.5  2.1 14.0 22.4 12.4 17  9.4  2                        
062225041619104939ラブレボ　　　　　　　　　　　　　　 30.2  7.4 -0.9 -2.0 -1.0  4  0.0                           
062225050119105291ヴァロンダンス　　　　　　　　　　　 11.0  2.6 10.0 13.7  8.0 13  0.0                           
062225050219110129アルタマール　　　　　　　　　　　　174.8 29.8-12.1-15.5 -9.3 -4  0.0  0                        
062225050319105187ヴァンガーズハート　　　　　　　　　  2.4  1.3 20.4 13.3 11.0 16 15.9                           
062225050419103795コネイブル　　　　　　　　　　　　　 50.1  9.3-12.1 -6.9 -6.2 -1  0.0                           
062225050519102609サクセスシュート　　　　　　　　　　  8.1  2.2  8.7  7.9  5.5 11 10.1                           
062225050619100565ビーアンビシャス　　　　　　　　　　 12.5  2.8 -3.8  5.8  1.0  6  0.0                           
062225050719104040アクロビンジャー　　　　　　　　　　  5.0  1.7 16.1 20.4 12.3 17  0.0 1                         
062225050819106716ヒドゥンキング　　　　　　　　　　　 43.6  8.1-12.1 -8.7 -6.8 -2  0.0                           
062225050919110068スイートザーズ　　　　　　　　　　　 61.0 10.8-12.1-15.8 -9.4 -4  0.0                           
062225051019104454クルベリ　　　　　　　　　　　　　　  6.9  2.0 15.2 14.9 10.0 15  0.0                           
062225051119100076フラワースプリング　　　　　　　　　 63.1 11.2-12.1-12.4 -8.2 -3  0.0                           
062225051219101081ギャルソンアスク　　　　　　　　　　 19.9  4.1 -4.8  7.1  1.2  6 13.0                           
062225051319102853ラカンパネラ　　　　　　　　　　　　 31.7  6.1 -1.0 20.6  7.3 12 13.7                           
062225051419107073ハイスペックマン　　　　　　　　　　134.9 23.2-12.1-11.6 -7.9 -3  0.0                           
062225051519100049メイプルプリン　　　　　　　　　　　 60.3 10.7-11.6-15.0 -9.0 -4  0.0                           
062225051619100522ノアチェリー　　　　　　　　　　　　  9.3  2.5 13.0 18.0 10.5 15 10.9                           
062225060119100331アースロマン　　　　　　　　　　　　 22.4  4.5 -3.8  5.8  1.0  6  0.0                           
062225060219105036ヒシアラカン　　　　　　　　　　　　  3.1  1.4 19.6 19.7 13.1 18 15.9  2                        
062225060319101486アルティマナイト　　　　　　　　　　 20.0  4.1 -4.6  1.0 -1.0  4 13.0                           
062225060419104619ワーキングスタイル　　　　　　　　　  6.8  2.0  9.0  6.0  4.9 10  0.0                           
062225060519103937メルト　　　　　　　　　　　　　　　 13.6  3.0  6.5  1.9  2.6  8  0.0                           
062225060619100990キバルスター　　　　　　　　　　　　 70.4 12.3-11.6-12.3 -8.0 -3  0.0                           
062225060719105985ジャスティンパワー　　　　　　　　　  5.4  1.7 15.7 16.4 10.7 16  9.4                           
062225060819105829グラフィティウォー　　　　　　　　　 44.0  8.2-11.6 -3.5 -4.8  0  0.0                           
062225060919107030ギンリン　　　　　　　　　　　　　　 88.9 15.4-12.1-11.6 -7.9 -3  0.0                           
062225061019102703ダビド　　　　　　　　　　　　　　　 23.8  4.7 -2.0  4.8  1.2  6 14.5                           
062225061119103956エコロエース　　　　　　　　　　　　 16.5  3.5  5.7  4.1  3.2  8  0.0                           
062225061219105761エティエンヌ　　　　　　　　　　　　 18.2  3.8 -1.4 16.5  5.6 11  0.0                           
062225061319105460ミッキーキング　　　　　　　　　　　  3.3  1.4 11.6 22.1 11.6 17  8.6                           
062225061419101456オレノマサムネ　　　　　　　　　　　 53.1  9.7-12.1 -8.6 -6.8 -2  0.0                           
062225070119105949エターナルビクトリ　　　　　　　　　  8.1  2.7  5.4  5.9  3.8 24  0.0                           
062225070219105111キャルレイ　　　　　　　　　　　　　 10.7  3.1  9.0 10.6  6.6 27  0.0                           
062225070319104467トーセンクライスト　　　　　　　　　 29.9  7.2  0.0-13.7 -5.0 15  0.0                           
062225070419105807ルークスヘリオス　　　　　　　　　　 11.2  3.2  2.0  7.7  3.4 23  0.0                           
062225070519104675アップストローク　　　　　　　　　　  6.8  2.3  9.2  9.7  6.3 26  9.4                           
062225070619104329マリノプリエール　　　　　　　　　　 31.9  7.7-11.6-12.5 -8.1 12  0.0                           
062225070719100722フリューゲルホルン　　　　　　　　　  8.3  2.7 -1.9  8.1  2.4 22  0.0                           
062225070819103096ニシノムネヲウツ　　　　　　　　　　 28.7  7.0 -1.3  5.5  1.6 22  0.0                           
062225070919103132ブリンディジ　　　　　　　　　　　　 15.3  4.1-12.1 19.6  3.6 24  0.0                           
062225071019105276ブラックボイス　　　　　　　　　　　 11.0  3.1 10.9  6.0  5.5 25 26.0                           
062225071119100768マイネルニコラス　　　　　　　　　　  8.6  2.8 -2.9-12.8 -5.6 14  0.0                           
062225071219105069コリエンテス　　　　　　　　　　　　  6.7  2.3  8.5  8.7  5.7 26  8.7 10                        
062225071319103005ダノンジャッカル　　　　　　　　　　  3.8  1.7 20.3 21.8 14.1 34 15.9                           
062225080118102211フェスティヴノンノ　　　　　　　　　 10.9  2.9  5.9 12.0  6.2 26 10.9                           
062225080218103618クローリスノキセキ　　　　　　　　　  7.5  2.3  9.4  6.0  5.0 25 10.1                           
062225080317100679ダイシンユノ　　　　　　　　　　　　 87.0 17.4-13.0-10.2 -7.6 12  0.0                           
062225080418101549コパノセイバー　　　　　　　　　　　 39.8  8.5-12.1-10.0 -7.3 13  0.0                           
062225080518103570キャンディキューブ　　　　　　　　　 22.8  5.1 -3.3-10.5 -4.8 15  0.0                           
062225080616102368ヤンチャプリヒメ　　　　　　　　　　 40.6  8.7 -3.3 -6.8 -3.5 17  0.0                           
062225080716102949マリノリヴィエール　　　　　　　　　 85.5 17.1-11.6 -8.6 -6.6 13  0.0                           
062225080818100593タイガーリリー　　　　　　　　　　　  4.0  1.6 14.2 19.2 11.3 31  8.6                           
062225080918101379サンマルセレッソ　　　　　　　　　　 35.1  7.6 -3.1 -6.8 -3.4 17  0.0                           
062225081018100403エレファンティネ　　　　　　　　　　 60.8 12.3-11.6-11.1 -7.6 12  0.0                           
062225081117101771ヤマニンエルモサ　　　　　　　　　　 14.6  3.6  8.8  0.0  2.6 23  0.0                           
062225081218104520シャドウファックス　　　　　　　　　  3.9  1.6 19.7 17.5 12.3 32 15.9                           
062225081318105484レコレータ　　　　　　　　　　　　　  4.2  1.6 16.1 18.5 11.6 32  9.4                           
062225081418102289ネオトリニティー　　　　　　　　　　 28.0  6.2 -7.0  6.0  0.1 20  0.0                           
062225081517105940ジェラペッシュ　　　　　　　　　　　 31.3  6.8 -8.1-10.8 -6.4 14  0.0  0                        
062225081618103007ミヤコノアカリ　　　　　　　　　　　 13.1  3.3 -0.7 10.2  3.5 24  0.0                           
062225090118104327ヒートヘイズ　　　　　　　　　　　　 20.6  4.4 -5.1  0.5 -1.3 29  0.0                           
062225090217106232オウケンロジータ　　　　　　　　　　 36.6  7.2-10.3-20.0-10.4 20  0.0  0                        
062225090318102362オセアダイナスティ　　　　　　　　　  3.1  1.4 20.5 14.2 11.4 41 15.9                           
062225090418100074マイネルタイムリー　　　　　　　　　 86.6 15.7-12.1 -9.8 -7.2 23  0.0                           
062225090517105225ピュアブレンド　　　　　　　　　　　 30.4  6.1-12.1-12.8 -8.3 22  0.0                           
062225090617104164グラスデスティーノ　　　　　　　　　 44.7  8.7 -6.7 -8.6 -5.2 25  0.0                           
062225090718100808アラモードバイオ　　　　　　　　　　 13.3  3.1  3.6 -1.1  0.7 31 24.6                           
062225090818102290ブルーカルセドニー　　　　　　　　　  3.8  1.6 17.4 23.8 13.9 44  8.7                           
062225090917102848アベックフォルス　　　　　　　　　　 12.4  2.9  6.1  9.0  5.1 35  0.0                           
062225091016102412ヨンク　　　　　　　　　　　　　　　 13.0  3.0  7.7  9.4  5.8 36  0.0  5                        
062225091116104845ガルヴィハーラ　　　　　　　　　　　 15.2  3.4  9.3  8.9  6.1 36 13.0A 5                        
062225091215103677モリトユウブ　　　　　　　　　　　　 46.3  8.9-12.1 -2.0 -4.4 26  0.0                           
062225091316100694アドアステラ　　　　　　　　　　　　 12.3  2.9  8.4  9.7  6.1 36  0.0  5                        
062225091418103641ロードオブザチェコ　　　　　　　　　 84.5 15.4-12.1-13.4 -8.5 21  0.0                           
062225091517104857フィアレスハート　　　　　　　　　　 22.7  4.7 -6.1-10.0 -5.5 25  0.0                           
062225091618100821タイセイスラッガー　　　　　　　　　  7.1  2.1  8.6  7.7  5.4 35  0.0                           
062225100117110041サトノジヴェルニー　　　　　　　　　 12.0  3.0  8.5 -5.9  0.4 35  0.0                           
062225100216104423アーズローヴァー　　　　　　　　　　 34.2  7.1-10.0 -3.6 -4.3 31  0.0                           
062225100317104270トキメキ　　　　　　　　　　　　　　  8.0  2.4  4.7 14.7  6.8 42 10.1                           
062225100418104949フォイアーロート　　　　　　　　　　 27.7  5.9-12.9 -5.4 -5.8 29  0.0                           
062225100515104753クルークヴァール　　　　　　　　　　 51.0 10.3 -9.9-10.1 -6.7 28  0.0                           
062225100618105595エムオーシャトル　　　　　　　　　　 16.1  3.8  4.6  8.9  4.6 40  0.0                           
062225100718110129スーパーウーパー　　　　　　　　　　 59.2 11.5-12.9 -8.7 -7.1 28  0.0                           
062225100817101248コスモアンジュ　　　　　　　　　　　  7.0  2.2 17.1 21.5 13.0 48  8.7                           
062225100917106137グレイトゲイナー　　　　　　　　　　 12.2  3.0 -2.7 -8.7 -4.0 31 11.5                           
062225101017105661ジュビリーヘッド　　　　　　　　　　  2.5  1.4 22.0 20.5 14.1 49 15.9                           
062225101116103415ショウナンバニラ　　　　　　　　　　 27.3  5.8-11.6 -6.4 -5.8 29  0.0                           
062225101216105630レノーア　　　　　　　　　　　　　　 30.8  6.5 -2.8 -2.2 -1.6 33  0.0                           
062225101317103295チェアリングソング　　　　　　　　　  7.8  2.3  8.3  8.0  5.4 40  0.0                           
062225101418103932フミロア　　　　　　　　　　　　　　 22.3  4.9 -3.2 -3.2 -2.1 33 13.8                           
062225101517105233ペコリーノロマーノ　　　　　　　　　 23.7  5.1 -7.3  1.1 -1.8 33  0.0                           
062225101617101370カワキタアジン　　　　　　　　　　　 19.1  4.3  5.4  3.8  3.0 38  0.0                           
062225110116105802ロザムール　　　　　　　　　　　　　 30.0  6.9-10.3  5.5 -1.1 49  0.0                           
062225110216105051シングフォーユー　　　　　　　　　　  9.1  2.8 -2.6  5.2  1.1 51  0.0                           
062225110317102936ミスニューヨーク　　　　　　　　　　  3.5  1.6 21.4 17.3 12.8 63 13.0                           
062225110416104808ドナアトラエンテ　　　　　　　　　　 11.5  3.1 10.0 -1.0  2.6 53  0.0                           
062225110516100794ジュランビル　　　　　　　　　　　　 47.1 10.4-11.8 -8.9 -6.8 43  0.0                           
062225110618105830クールキャット　　　　　　　　　　　 15.2  3.9 -4.2  6.3  1.0 51 13.0  5                        
062225110717104964シャムロックヒル　　　　　　　　　　 25.0  5.8 -7.8-15.6 -8.1 42  0.0                           
062225110817105307ゴルトベルク　　　　　　　　　　　　 18.9  4.7 -2.7  2.2  0.0 50  0.0                           
062225110917105607テルツェット　　　　　　　　　　　　  5.7  2.0 14.1 13.8  9.3 59  9.4                           
062225111016103084ローザノワール　　　　　　　　　　　 42.6  9.5-11.5-10.4 -7.3 43  0.0                           
062225111117105582ルビーカサブランカ　　　　　　　　　  5.5  2.0 17.2 18.0 11.8 62 15.8                           
062225111217102342スマイルカナ　　　　　　　　　　　　 28.6  6.6-12.1 -5.8 -5.8 44  0.0                           
062225111318100487スライリー　　　　　　　　　　　　　 14.2  3.7  5.1  7.2  4.2 54 12.2                           
062225111417101792アブレイズ　　　　　　　　　　　　　 25.9  6.0-11.5-10.7 -7.4 43  0.0                           
062225111516104593フェアリーポルカ　　　　　　　　　　 10.9  3.0  8.5  3.4  3.8 54  6.5                           
062225111617103201クリノプレミアム　　　　　　　　　　 35.2  8.0-12.1-15.8 -9.4 41  0.0                           
062225120117104234スズノヤマト　　　　　　　　　　　　 11.9  2.9  2.2-12.8 -4.0 26 10.9                           
062225120218102216ロンギングバース　　　　　　　　　　 57.9 11.1-10.3-10.0 -6.8 23  0.0                           
062225120318100756シュアーヴアリア　　　　　　　　　　 15.4  3.6 -4.9 12.8  3.2 33  0.0                           
062225120418103296サニーオーシャン　　　　　　　　　　  4.5  1.7 13.7 23.6 12.8 43  8.7                           
062225120516100319ホーリーライン　　　　　　　　　　　 42.8  8.6 -6.2  4.1 -0.4 30  0.0                           
062225120618104534アスクキングコング　　　　　　　　　  6.2  2.0 11.8 12.9  8.3 38  0.0                           
062225120715100043ドクターデューン　　　　　　　　　　 26.4  5.5 -8.8  6.3 -0.3 30 15.1                           
062225120817105229アルムブラスト　　　　　　　　　　　 17.0  3.9  8.0  7.3  5.1 35  0.0                           
062225120918101730スイーツマジック　　　　　　　　　　 35.8  7.3 -6.1-15.5 -7.5 22  0.0  0                        
062225121018100073ルミナスライン　　　　　　　　　　　  8.4  2.4 10.8 11.7  7.5 38 10.1                           
062225121118103538エーアイダンサー　　　　　　　　　　 69.8 13.2-12.1 -7.6 -6.4 24  0.0                           
062225121217103871ゲンパチアイアン　　　　　　　　　　 21.1  4.6-10.3-10.0 -6.8 23  0.0                           
062225121316104430バスクベレー　　　　　　　　　　　　 18.5  4.1  1.3 -1.9 -0.3 30  0.0                           
062225121417104092プレシオーソ　　　　　　　　　　　　  2.9  1.4 22.5 21.2 14.5 45 15.9                           
062225121516100503ルフィアンキック　　　　　　　　　　 36.5  7.4-11.6-15.0 -9.0 21  0.0                           
062225121618104041マウンテンムスメ　　　　　　　　　　 22.9  4.9  2.6  7.5  3.5 34  0.0                           
072221010119105786ハイアキュレイト　　　　　　　　　　 25.0  4.6 -2.8  9.0  1.7  7  0.0                           
072221010219101349ペイシャフラガール　　　　　　　　　 75.5 12.1-10.9-12.5 -7.7 -3  0.0                           
072221010319101550ツーエムロケット　　　　　　　　　　 57.2  9.3-10.8-17.2 -9.1 -4  0.0                           
072221010419106972ロストボール　　　　　　　　　　　　 26.3  4.8 -1.2 15.0  4.1  9  0.0                           
072221010519100171アルマイメル　　　　　　　　　　　　  2.8  1.3 23.6 30.0 17.7 23 13.8                           
072221010619105292ヴァレッタカズマ　　　　　　　　　　  3.0  1.3 19.0 13.1 10.9 16 15.0                           
072221010719100029タロファイター　　　　　　　　　　　 32.2  5.7-12.0-10.3 -7.5 -2  0.0                           
072221010819105058ミユキアイラブユー　　　　　　　　　 15.1  3.1  9.8  7.5  5.8 11  0.0                           
072221010919100697カツミチャン　　　　　　　　　　　　 29.0  5.2 -7.8-15.0 -7.4 -2 16.6                           
072221011019106278アイアコス　　　　　　　　　　　　　 13.1  2.7 -7.3  7.5 -0.4  5  0.0                           
072221011119103299キタノデイジョブ　　　　　　　　　　 78.0 12.5-10.9-12.5 -7.7 -3  0.0                           
072221011219106037サマーモーリス　　　　　　　　　　　 57.2  9.3 -5.2-12.5 -5.7 -1  0.0                           
072221011319101698ダノンマジック　　　　　　　　　　　  6.1  1.7 13.3 25.0 12.4 17 16.3                           
072221011419106326スケサンカクサン　　　　　　　　　　 46.7  7.9-10.9  7.5 -1.7  3  0.0                           
072221011519103719モズクルードラゴン　　　　　　　　　 33.2  5.8-12.0 -9.3 -7.2 -2  0.0                           
072221011619100244ドルズプライスレス　　　　　　　　　 12.0  2.6  7.7 12.5  6.6 12  0.0                           
072221020119100558タガノテフテフ　　　　　　　　　　　 13.0  3.4 -2.9  0.8 -0.8  4  0.0                           
072221020219101632ホットジュエル　　　　　　　　　　　 20.7  4.9  1.4  9.0  3.2  8  0.0                           
072221020319101187クリノフラッグ　　　　　　　　　　　 19.5  4.7  5.3 15.2  6.5 12  0.0  4                        
072221020419104583レインボーミスト　　　　　　　　　　 21.7  5.1-12.0-15.0 -8.9 -4  0.0                           
072221020519101938エニアグラム　　　　　　　　　　　　 19.8  4.7 -8.3-15.0 -7.5 -3  0.0                           
072221020619104792ファディッシュ　　　　　　　　　　　  8.6  2.6 -5.5 18.8  3.6  9  0.0                           
072221020719100546タガノカンデラ　　　　　　　　　　　  3.8  1.6 20.0 22.5 14.1 19 13.8                           
072221020819106376ウェイバックホーム　　　　　　　　　  9.3  2.8  5.0 18.0  7.2 12  0.0                           
072221020919106586エリザベスミノル　　　　　　　　　　  7.0  2.3  0.8-17.2 -4.9  0 17.5                           
072221021019106340サクラトップラン　　　　　　　　　　  4.5  1.7 16.3 10.3  9.1 14 15.0                           
072221021119101869ベストフィーチャー　　　　　　　　　 25.5  5.8 -7.5-15.0 -7.3 -2  0.0                           
072221021219106713クインズグレイト　　　　　　　　　　  5.7  2.0  6.3 16.7  7.3 12 11.4                           
072221021319100208ウインチャチャ　　　　　　　　　　　 38.5  8.5-12.0-14.9 -8.9 -4  0.0                           
072221030119110098エントリーコード　　　　　　　　　　 93.1 17.6-12.7-15.0 -9.2 -4  0.0                           
072221030219105874ヤマカツオードリー　　　　　　　　　 42.8  8.7-12.7-15.0 -9.2 -4  0.0                           
072221030319105134カラーインデックス　　　　　　　　　  9.3  2.6  5.4 15.0  6.5 11  0.0                           
072221030419104931スリーエクセレント　　　　　　　　　 33.4  6.9 -2.8 -7.5 -3.3  2  0.0                           
072221030519106648リーディングトーン　　　　　　　　　 93.1 17.6-10.9-12.5 -7.7 -3  0.0                           
072221030619104818メイケイバートン　　　　　　　　　　  6.2  2.0 17.3  0.9  6.6 12 16.3                           
072221030719100447クリノゴールド　　　　　　　　　　　 42.8  8.7-12.0 -5.3 -6.0 -1  0.0                           
072221030819104114パレスガード　　　　　　　　　　　　 46.6  9.4-12.7  9.6 -1.8  3  0.0                           
072221030919101874コズミックフロスト　　　　　　　　　 12.1  3.0 -1.6-12.5 -4.3  1  0.0                           
072221031019102336グラッテンハーレ　　　　　　　　　　 96.8 18.3-10.9-12.5 -7.7 -3  0.0                           
072221031119100666イラーレ　　　　　　　　　　　　　　  3.9  1.6 15.6 18.0 11.1 16 15.0                           
072221031219106876スカイ　　　　　　　　　　　　　　　 43.6  8.8-12.0-15.0 -8.9 -4  0.0                           
072221031319106028ピースキーパー　　　　　　　　　　　  7.3  2.2 11.1  9.0  6.8 12 12.3                           
072221031419105489ケカリネイアウ　　　　　　　　　　　 19.5  4.4 -3.4  7.5  1.0  6  0.0                           
072221031519100560ヤマカツメリッサ　　　　　　　　　　 43.8  8.8-12.0-15.0 -8.9 -4  0.0                           
072221031619104897デルマゴモリー　　　　　　　　　　　 28.4  6.0 -6.5-12.5 -6.1 -1  0.0                           
072221031719103714メイショウソラフネ　　　　　　　　　  3.3  1.5 21.9 30.0 17.0 22 13.8                           
072221031819104207クランプ　　　　　　　　　　　　　　 19.6  4.4 -2.4  7.5  1.4  6  0.0                           
072221040119106579クロノスミノル　　　　　　　　　　　 13.8  3.7 -9.8-17.2 -8.8 -4  0.0                           
072221040219102728サフランブライト　　　　　　　　　　  9.3  3.0  3.5-17.0 -3.8  1  0.0  0                        
072221040319102819ルーラータイム　　　　　　　　　　　  5.3  2.0  7.7 25.0 10.3 15 16.3                           
072221040419104173グランドクォーツ　　　　　　　　　　 38.1  9.0-10.9-12.5 -7.7 -3  0.0                           
072221040519102563メイトゥリアーク　　　　　　　　　　 34.7  8.2-10.9-12.5 -7.7 -3  0.0                           
072221040619102987ナヴィゲイター　　　　　　　　　　　 15.2  4.0 -4.1-15.0 -6.0 -1 23.8                           
072221040719101471クリノレジェンド　　　　　　　　　　 20.6  5.2 -8.6 -5.3 -4.7  0  0.0                           
072221040819102453ウォータージオード　　　　　　　　　  7.7  2.6  4.1  9.0  4.2  9  0.0                           
072221040919104472ジュンコメタ　　　　　　　　　　　　 44.1 10.3-12.0 -4.9 -5.9 -1  0.0                           
072221041019105087サンライズロナウド　　　　　　　　　  4.4  1.8 14.8 10.5  8.6 14 13.8                           
072221041119100159ハデスブレイン　　　　　　　　　　　  5.2  2.0 13.3 30.0 13.9 19  0.0                           
072221041219102152マディソンテソーロ　　　　　　　　　 11.8  3.3  0.0 12.5  3.8  9 14.0                           
072221041319106694ホーリーサンライズ　　　　　　　　　 14.9  4.0 -1.9  9.0  2.0  7  0.0                           
072221041419102997シゲルチータ　　　　　　　　　　　　 29.5  7.1 -1.9 -4.9 -2.2  3  0.0                           
072221041519103079ディープギルドン　　　　　　　　　　 18.4  4.8 -1.6-17.2 -5.7 -1  0.0                           
072221050119100184エイユーマドンナ　　　　　　　　　　 33.9  6.7-12.0-15.0 -8.9 -4  0.0                           
072221050219105151ミッキーフローガ　　　　　　　　　　  6.9  2.1 12.9 18.0 10.1 15 17.5                           
072221050319105598ウイングラドナス　　　　　　　　　　 33.4  6.6-10.9  7.5 -1.7  3  0.0                           
072221050419104520コントゥラット　　　　　　　　　　　 26.1  5.3 -9.3  9.0 -0.7  4  0.0                           
072221050519100736マイネルオーサム　　　　　　　　　　 11.1  2.7  8.6  7.5  5.4 10  0.0                           
072221050619106610メイショウセロジネ　　　　　　　　　 28.9  5.8 -8.6 10.8  0.1  5  0.0  5                        
072221050719105311ベアーザベル　　　　　　　　　　　　  3.0  1.4 21.0 30.0 16.7 22 13.8                           
072221050819106647ハイグッドエース　　　　　　　　　　 33.6  6.6-12.0-15.0 -8.9 -4  0.0                           
072221050919104742レッドバリエンテ　　　　　　　　　　  5.2  1.7 15.5  9.0  8.4 13  0.0                           
072221051019100741コスモゴレアドール　　　　　　　　　 19.6  4.2 -1.7  9.6  2.3  7  0.0                           
072221051119101935マイトシップ　　　　　　　　　　　　 46.8  9.0-12.0 -9.0 -7.1 -2  0.0                           
072221051219104091メイショウブレゲ　　　　　　　　　　 13.8  3.2  1.2 10.3  3.5  9 14.0                           
072221051319102829ジロローザ　　　　　　　　　　　　　 51.8  9.9-12.0-15.0 -8.9 -4  0.0                           
072221051419105133スワヤンブナート　　　　　　　　　　  3.9  1.5 17.6 12.0 10.1 15 15.0                           
072221060119104882エミサソウツバサ　　　　　　　　　　 26.9  5.6-12.0-15.0 -8.9 11  0.0                           
072221060219102146ジョンソンテソーロ　　　　　　　　　 23.2  4.9  3.1-12.5 -2.6 17  0.0                           
072221060319100492ニシノボルテージ　　　　　　　　　　 38.2  7.7-10.9-12.5 -7.7 12  0.0                           
072221060419105609ディパッセ　　　　　　　　　　　　　 29.3  6.0-12.0-15.0 -8.9 11  0.0                           
072221060519101198マリオロード　　　　　　　　　　　　 16.1  3.7  2.9  9.0  3.8 24 21.3                           
072221060619106765デアノヴァ　　　　　　　　　　　　　  6.9  2.1  5.8 25.0  9.6 30  0.0                           
072221060719110015バハルダール　　　　　　　　　　　　  8.8  2.5  9.0 15.0  7.8 28 12.3                           
072221060819103091アキュートガール　　　　　　　　　　 32.4  6.6-12.0-15.0 -8.9 11  0.0                           
072221060919104089メイショウユズルハ　　　　　　　　　  2.4  1.3 21.2 30.0 16.8 37 13.8                           
072221061019110089ハナキリ　　　　　　　　　　　　　　 35.3  7.1 -5.4  2.9 -1.1 19  0.0                           
072221061119105473レッドバロッサ　　　　　　　　　　　 11.2  2.8 -2.1-12.1 -4.4 16  0.0                           
072221061219100094エナハツホ　　　　　　　　　　　　　  7.3  2.2 19.3 18.0 12.5 32 16.3                           
072221061319106604スミ　　　　　　　　　　　　　　　　 24.5  5.2-10.8-15.0 -8.5 12  0.0                           
072221061419106103モウショウ　　　　　　　　　　　　　 32.2  6.6 -4.2-15.0 -6.0 14  0.0                           
072221061519101999ジョーコモド　　　　　　　　　　　　 64.0 12.1 -7.5 -9.0 -5.4 15  0.0                           
072221061619105649ターゲサンブルック　　　　　　　　　 12.5  3.0 -9.6-15.0 -8.0 12  0.0                           
072221070118101166サイモンポーリア　　　　　　　　　　 21.8  5.9-10.9-12.5 -7.7 12  0.0                           
072221070217103370フジコウキ　　　　　　　　　　　　　 75.8 18.3-10.9-12.5 -7.7 12  0.0                           
072221070317101791ウーゴ　　　　　　　　　　　　　　　  8.2  2.9  7.2-15.0 -1.9 18 17.5                           
072221070418105513ハースファイア　　　　　　　　　　　  8.5  3.0  1.1-15.0 -4.1 16 21.3                           
072221070516105883コングールテソーロ　　　　　　　　　  7.8  2.8 -3.3 12.0  2.4 22 10.5                           
072221070618103048ノームストリーム　　　　　　　　　　 50.3 12.7-10.9-12.5 -7.7 12  0.0                           
072221070718102956ワンダースティング　　　　　　　　　 10.7  3.3 -2.7  9.0  1.7 22  0.0                           
072221070818102261ゼンノミチザネ　　　　　　　　　　　 13.5  3.9  3.4 18.0  6.6 27  0.0                           
072221070918101033サノノヒーロー　　　　　　　　　　　  8.2  2.9  6.8 15.0  7.0 27  0.0                           
072221071018103468チャーチャンテン　　　　　　　　　　 44.2 11.2-10.9-12.5 -7.7 12  0.0                           
072221071118101956タガノリバイバー　　　　　　　　　　  8.0  2.8 12.5-15.0  0.1 20 16.3                           
072221071217104190ショーショーショー　　　　　　　　　 13.3  3.9 -4.6  7.5  0.6 21  0.0                           
072221071318104783ナリノペッパー　　　　　　　　　　　 20.9  5.7 -2.0  7.5  1.5 22  0.0                           
072221071416103069キングスバレイ　　　　　　　　　　　  5.1  2.1  9.3 12.5  7.2 27  0.0                           
072221071518104533サンフィニティ　　　　　　　　　　　 27.9  7.3-10.9-12.5 -7.7 12  0.0                           
072221071618105471ビオグラフィア　　　　　　　　　　　  8.3  2.9 12.5 15.0  9.1 29  0.0                           
072221080115104528グレンフィナン　　　　　　　　　　　 30.1  6.5-10.9  7.5 -1.7 18  0.0                           
072221080218103198ハイラブサンケイ　　　　　　　　　　 13.1  3.2 -0.9 18.0  5.1 25  0.0                           
072221080317102787シュバルツイェガー　　　　　　　　　 25.7  5.6 -8.0  7.5 -0.7 19  0.0                           
072221080418104819エコロカナワン　　　　　　　　　　　 12.7  3.2 -2.5 15.0  3.6 24  0.0                           
072221080518103330マサカウマザンマイ　　　　　　　　　  7.0  2.2  8.4  7.5  5.3 25 11.4                           
072221080618100892エナジーボーイ　　　　　　　　　　　 30.9  6.6 -5.5-12.5 -5.8 14  0.0                           
072221080718104727ナリノヴィエンヌ　　　　　　　　　　 37.3  7.9-10.9-12.5 -7.7 12  0.0                           
072221080818100818ナムラゴロー　　　　　　　　　　　　 71.9 14.2-12.0  2.9 -3.5 16  0.0                           
072221080916100567ヤマニンスプレモ　　　　　　　　　　 32.7  7.0 -9.6-15.0 -8.0 12  0.0                           
072221081018105066マンインザミラー　　　　　　　　　　  2.7  1.4 20.7 22.5 14.3 34 13.8                           
072221081118104638ミステリーウェイ　　　　　　　　　　  7.2  2.2  1.2 13.1  4.4 24 17.5                           
072221081218103055ランカンカン　　　　　　　　　　　　 16.6  3.9  1.0-12.5 -3.4 17  0.0                           
072221081317110157アランチャアミーゴ　　　　　　　　　  8.2  2.5 14.1 15.0  9.7 30 18.8                           
072221081417102942ワンダーアマルフィ　　　　　　　　　  6.2  2.0 13.0  9.0  7.5 27  0.0                           
072221081516100305セイカヤマノ　　　　　　　　　　　　 32.3  6.9 -8.1-12.5 -6.7 13  0.0                           
072221090117100812デルマクリスタル　　　　　　　　　　 60.2 10.8-10.9-12.5 -7.7 22  0.0                           
072221090218105340ゴールデンプルーフ　　　　　　　　　  3.6  1.5 17.2 18.0 11.7 42 15.0                           
072221090316110072チェルシーライオン　　　　　　　　　 36.9  7.0 -3.4  7.5  1.0 31  0.0                           
072221090417100604レディオマジック　　　　　　　　　　 14.9  3.3 -7.3  9.0  0.0 30  0.0                           
072221090517109074カミノホウオー　　　　　　　　　　　 27.1  5.4 -5.7-12.5 -5.8 24  0.0                           
072221090617109088シュアゲイト　　　　　　　　　　　　 25.3  5.0 -8.1-14.9 -7.4 23  0.0                           
072221090718104775パルデンス　　　　　　　　　　　　　 14.7  3.3 -0.2  7.5  2.2 32  0.0                           
072221090817102612ソラン　　　　　　　　　　　　　　　 37.7  7.2-10.9-12.5 -7.7 22  0.0                           
072221090914104716アッティーヴォ　　　　　　　　　　　 15.3  3.4  8.7  9.0  5.9 36 14.9                           
072221091018101686ウキウキホリデー　　　　　　　　　　 31.2  6.1 -8.0-12.5 -6.7 23  0.0                           
072221091117104129イバル　　　　　　　　　　　　　　　  3.0  1.4 19.7 18.6 12.8 43 13.8                           
072221091217100275サンキーウエスト　　　　　　　　　　 90.9 16.0-10.9-12.5 -7.7 22  0.0                           
072221091317106240アビエルト　　　　　　　　　　　　　  8.7  2.4  8.5 22.5  9.9 40  0.0                           
072221091417103367アマービレ　　　　　　　　　　　　　 15.9  3.5 -2.9-15.0 -5.6 24  0.0                           
072221091518105457ルーリング　　　　　　　　　　　　　 34.2  6.6 -8.6-15.0 -7.7 22  0.0                           
072221091617103123ヤマニンプレシオサ　　　　　　　　　  7.6  2.2  6.7 12.5  6.2 36 16.3                           
072221100118105477タイフォン　　　　　　　　　　　　　 16.2  3.6  2.8-11.8 -2.5 27  0.0                           
072221100217104196ヴェルザスカ　　　　　　　　　　　　 35.2  6.9 -9.3-20.0 -9.4 21  0.0                           
072221100318102227アナゴサン　　　　　　　　　　　　　  3.1  1.5 22.0 30.0 17.1 47 13.8                           
072221100416100126ダディーズトリップ　　　　　　　　　 19.0  4.1 -5.1-15.0 -6.4 24  0.0                           
072221100515103983メイショウカクウン　　　　　　　　　 36.3  7.1-12.0-15.0 -8.9 21  0.0                           
072221100615102942キボウノダイチ　　　　　　　　　　　 50.2  9.6-12.0-15.0 -8.9 21  0.0                           
072221100718103796ケンアンビシャス　　　　　　　　　　  8.8  2.4 11.8 12.5  8.1 38 16.3                           
072221100817104988ナリタブレード　　　　　　　　　　　 10.6  2.6 10.3  6.2  5.6 36  0.0                           
072221100917106125メイショウボサツ　　　　　　　　　　 16.0  3.6 -2.8 22.6  5.8 36 14.0  4                        
072221101017106722サイモンルモンド　　　　　　　　　　 22.3  4.6-12.0-15.0 -8.9 21  0.0                           
072221101117104232ディアセオリー　　　　　　　　　　　 45.2  8.7-10.9-12.5 -7.7 22  0.0                           
072221101218101343ゾンニッヒ　　　　　　　　　　　　　  3.7  1.5 19.1 22.5 13.8 44 15.0                           
072221101318106426ニシノオイカゼ　　　　　　　　　　　 65.9 12.0-10.9-12.5 -7.7 22  0.0                           
072221101416105048シーリアスラブ　　　　　　　　　　　  9.1  2.5  0.0-15.0 -4.5 26  0.0                           
072221101516104841ジャミールフエルテ　　　　　　　　　 28.9  5.8-12.0-15.0 -8.9 21  0.0                           
072221101617104151ディープハーモニー　　　　　　　　　 17.5  3.8 -1.5-17.2 -5.7 24  0.0                           
072221110115102824メイショウコゴミ　　　　　　　　　　 40.5  8.3-12.0-15.0 -8.9 26  0.0                           
072221110217105498ヴァルキュリア　　　　　　　　　　　  3.1  1.5 19.4 22.5 13.9 49 13.8                           
072221110317101124プリマジア　　　　　　　　　　　　　  5.7  1.9  4.5 12.5  5.4 40  0.0                           
072221110416103140ナイスプリンセス　　　　　　　　　　 50.2 10.1-10.9-12.5 -7.7 27  0.0                           
072221110517102257メイショウマサヒメ　　　　　　　　　 12.2  3.0  4.9 10.3  4.9 40  0.0                           
072221110617101731ダイシンイナリ　　　　　　　　　　　 25.6  5.5 -5.4 -6.4 -3.9 31  0.0                           
072221110716100844アオイツヤヒメ　　　　　　　　　　　  7.1  2.2 16.6 18.0 11.5 46 12.3                           
072221110818110070リンカーンテソーロ　　　　　　　　　 33.2  6.9 -5.3-12.5 -5.7 29  0.0                           
072221110917105364アイムポッシブル　　　　　　　　　　 16.6  3.9 -4.6 -9.3 -4.5 31  0.0                           
072221111015110063フォルツァエフ　　　　　　　　　　　 40.1  8.2 -4.2  2.9 -0.7 34  0.0                           
072221111117110172ハリーバローズ　　　　　　　　　　　 12.1  3.0  7.5  9.0  5.4 40 18.8                           
072221111217103473スズカコーズマンボ　　　　　　　　　 39.3  8.1 -8.1  7.5 -0.7 34  0.0                           
072221111317100218ヤマメ　　　　　　　　　　　　　　　 56.2 11.0-10.9-12.5 -7.7 27  0.0                           
072221111415101257エピックアン　　　　　　　　　　　　 45.6  9.3-10.9-12.5 -7.7 27  0.0                           
072221111518105334グランパラディーゾ　　　　　　　　　  4.4  1.7 11.6 25.0 11.8 47 15.0                           
072221111616110070ララクリュサオル　　　　　　　　　　 18.9  4.3-12.0-15.0 -8.9 26  0.0                           
072221120118100658コスモノート　　　　　　　　　　　　  6.8  2.3  4.4  7.5  3.9 24 17.5                           
072221120217105998スパイラルバンブー　　　　　　　　　 25.0  6.0-10.9-12.5 -7.7 12  0.0                           
072221120317100357レリスタット　　　　　　　　　　　　 79.6 17.2-10.9-12.5 -7.7 12  0.0                           
072221120417103255シコウ　　　　　　　　　　　　　　　 76.4 16.5 -9.8-15.0 -8.1 12  0.0                           
072221120518103103ブラックハート　　　　　　　　　　　 14.3  3.8 -1.1 25.0  7.1 27  0.0                           
072221120615101929キングドンドルマ　　　　　　　　　　 70.1 15.2-10.9-12.5 -7.7 12  0.0                           
072221120718106552メイショウフンケイ　　　　　　　　　  5.1  1.9 11.5  5.0  5.7 26 10.5                           
072221120817100169ソルトキャピタル　　　　　　　　　　 47.0 10.7 -9.6-15.0 -8.0 12  0.0                           
072221120918104332タマモダイジョッキ　　　　　　　　　  4.1  1.7 18.5 30.0 15.8 36 13.8                           
072221121018106077イルクオーレ　　　　　　　　　　　　  9.3  2.9 -7.1-12.5 -6.4 14  0.0                           
072221121118102579アルバリーニョ　　　　　　　　　　　 12.4  3.3 -6.1  7.1 -0.1 20  0.0                           
072221121218105379ロジローズ　　　　　　　　　　　　　 31.1  7.3 -1.6-12.5 -4.3 16  0.0                           
072221121318104267ユキノフラッシュ　　　　　　　　　　  9.3  2.9  8.8  9.0  5.9 26  0.0                           
072221121416100288クワイエット　　　　　　　　　　　　 67.2 14.6 -8.6 -9.0 -5.9 14  0.0                           
072221121518103298タイセイルージュ　　　　　　　　　　 38.6  8.9-10.9-12.5 -7.7 12  0.0                           
072221121618103693パルクールラン　　　　　　　　　　　 42.6  9.8-12.0 -9.3 -7.2 13  0.0                           
072221121718104471グレイトミッション　　　　　　　　　 23.1  5.6 -1.8-12.5 -4.4 16  0.0                           
072221121818106388メイショウホシアイ　　　　　　　　　  6.0  2.1 12.3 18.0  9.9 30 16.3                           
092219010119102778ヤマニンリリアーナ　　　　　　　　　 36.7  5.8 -8.8-10.2 -6.3 -1  0.0                           
092219010219103029ブラックオパール　　　　　　　　　　 18.3  3.3 -3.0  3.4 -0.1  5  0.0                           
092219010319101082スズカアーム　　　　　　　　　　　　 18.8  3.3 -1.2  5.2  1.1  6 17.5                           
092219010419104875エギーユ　　　　　　　　　　　　　　  7.0  1.8 12.3 10.6  7.7 13  0.0                           
092219010519104703カンティプール　　　　　　　　　　　  2.0  1.2 22.7 25.3 15.9 21 16.2                           
092219010619101930ウインメイフラワー　　　　　　　　　  3.8  1.3 15.3 13.9  9.8 15 17.7                           
092219010719100627ヴァンダンジュ　　　　　　　　　　　  4.6  1.4 12.0 11.9  8.0 13 19.1                           
092219010819103406メイショウコウヨウ　　　　　　　　　 29.4  4.7-11.4-12.4 -7.9 -3  0.0                           
092219010919105534ルージュヴェルダ　　　　　　　　　　 13.9  2.6  1.5 -5.5 -1.1  4  0.0                           
092219020119104869ファンタジックラン　　　　　　　　　 20.2  5.2-13.2-11.5 -8.3 -3  0.0                           
092219020219105968チェイスザドリーム　　　　　　　　　 17.1  4.5  8.5  4.4  4.4  9 20.6                           
092219020319101809カレンブルーローズ　　　　　　　　　  7.5  2.5  7.2  5.9  4.4  9 19.1                           
092219020419102554ワンダークレイモア　　　　　　　　　  4.8  2.0 11.3 20.5 10.3 15  0.0                           
092219020519102164ジダイノチョウジ　　　　　　　　　　  8.3  2.7 -3.9 -5.9 -3.2  2  0.0  5                        
092219020619102157ダンスデミルリトン　　　　　　　　　 30.2  7.3-10.3-13.1 -7.7 -3  0.0                           
092219020719102786ウォータールグラン　　　　　　　　　  4.9  2.0 18.4  3.4  7.8 13  0.0                           
092219020819106427ニホンピロオーサー　　　　　　　　　 27.5  6.7-11.8 24.0  2.9  8  0.0                           
092219020919103199ジョーリベリカ　　　　　　　　　　　 12.2  3.4  5.3 24.4  9.3 14 25.0                           
092219021019104574マグネティズム　　　　　　　　　　　 25.9  6.3 -7.0-12.6 -6.3 -1  0.0                           
092219021119102448グンター　　　　　　　　　　　　　　 13.8  3.7  2.5 14.0  5.1 10  0.0                           
092219021219103276オーシンプラス　　　　　　　　　　　 23.6  5.8 -7.0-12.6 -6.3 -1  0.0                           
092219021319103418ミキノプリンス　　　　　　　　　　　 11.5  3.2  2.0-14.3 -3.6  1 23.5                           
092219021419106599プリティプリティー　　　　　　　　　 16.5  4.3 -3.1  6.6  0.8  6  0.0                           
092219021519100067コスモマスティフ　　　　　　　　　　 66.3 14.9-11.4-11.6 -7.7 -3  0.0                           
092219021619104060マスタープラン　　　　　　　　　　　 11.0  3.1  1.3 11.3  3.9  9  0.0                           
092219030119105562ドンチッチョ　　　　　　　　　　　　 16.7  2.5 -5.4 -6.8 -4.0  1  0.0                           
092219030219105253フォアランナー　　　　　　　　　　　  5.8  1.4 12.4 13.6  8.6 14 19.1                           
092219030319100615シャンバラ　　　　　　　　　　　　　  2.1  1.2 22.7 18.8 14.0 19 16.2                           
092219030419106633テイエムアラジン　　　　　　　　　　 11.9  2.0  6.2  9.5  5.1 10 14.4                           
092219030519105615カシノロックオン　　　　　　　　　　 23.3  3.2 -9.9 -7.3 -5.8 -1  0.0                           
092219030619102530エリックバローズ　　　　　　　　　　 22.8  3.1 -4.5-13.7 -5.8 -1  0.0  0                        
092219030719104715ニューダイアリーズ　　　　　　　　　  2.4  1.2 17.0 20.5 12.4 17 17.7                           
092219030819105002ワールドパレス　　　　　　　　　　　 17.9  2.6-10.3-20.0 -9.8 -5  0.0                           
092219040119105456ダノンフューチャー　　　　　　　　　  2.1  1.2 22.2 22.5 14.9 20 16.2                           
092219040219103041ショウグン　　　　　　　　　　　　　  8.5  2.1  9.6 22.0 10.1 15  0.0                           
092219040319100353テーオーインパクト　　　　　　　　　 37.0  6.2-11.4-12.6 -8.0 -3  0.0                           
092219040419106780タツフェーヴル　　　　　　　　　　　 12.6  2.6  2.3 -6.3 -1.0  4 15.4                           
092219040519104891ゲーテ　　　　　　　　　　　　　　　 14.5  2.9  1.8  9.5  3.5  9  0.0  5                        
092219040619106893ハマーフェイス　　　　　　　　　　　 31.5  5.3-10.3-12.6 -7.6 -3  0.0                           
092219040719101974ナムラダイゴロー　　　　　　　　　　  4.0  1.4 17.8 24.9 14.0 19 17.7                           
092219040819103558ファーストプライズ　　　　　　　　　 30.1  5.1 -3.3  0.8 -1.0  4  0.0                           
092219040919109144オセアプレシャス　　　　　　　　　　 24.4  4.3 -2.1-13.7 -4.9  0  0.0  0                        
092219041019103732ハクアイボリイ　　　　　　　　　　　 29.7  5.1-12.8 -0.3 -4.8  0  0.0  5                        
092219041119104118ベイパーコーン　　　　　　　　　　　  4.9  1.5 13.7 15.7  9.7 15  0.0                           
092219050119103022エンチャント　　　　　　　　　　　　 46.9  9.2-11.3-12.1 -7.8 -3  0.0                           
092219050219107019アシタカ　　　　　　　　　　　　　　 25.2  5.3 -2.1  4.9  0.7  6  0.0                           
092219050319105197ブラックシールド　　　　　　　　　　 16.3  3.7  3.8 -0.1  1.4  6  0.0  5                        
092219050419103484エイシンクリード　　　　　　　　　　 12.9  3.0  7.6 17.9  8.2 13 15.4  2                        
092219050519106048ヘクトパスカル　　　　　　　　　　　  3.1  1.4 16.4 15.4 10.6 16 16.2                           
092219050619104620テイケイレジーナ　　　　　　　　　　 56.7 10.7-11.4-12.4 -7.9 -3  0.0                           
092219050719106851ラエール　　　　　　　　　　　　　　 29.0  5.9 -7.0 -2.9 -3.4  2  0.0                           
092219050819105051アメジストブラック　　　　　　　　　  6.4  2.0 13.9 15.6  9.8 15  0.0                           
092219050919102664ノーモアワーズ　　　　　　　　　　　 57.9 10.9-11.3 -9.5 -7.0 -2  0.0                           
092219051019105777ホウオウスミヨシ　　　　　　　　　　 51.0 10.0-11.4-12.6 -8.0 -3  0.0                           
092219051119100296トロワスール　　　　　　　　　　　　 31.4  6.4-10.3 -8.4 -6.3 -1  0.0                           
092219051219110026ボブズヤアンクル　　　　　　　　　　  4.9  1.7 16.7 17.4 11.3 16 19.1                           
092219051319100664エグランタイン　　　　　　　　　　　 28.5  5.9-11.4-11.0 -7.5 -2  0.0                           
092219051419100012クリノガイア　　　　　　　　　　　　 57.3 10.8-13.2 -8.4 -7.4 -2  0.0                           
092219051519104476ガイアフォース　　　　　　　　　　　  3.9  1.5 17.8 27.3 14.7 20 17.7                           
092219051619106737カンパニュール　　　　　　　　　　　 25.0  5.2  3.0  4.8  2.5  8  0.0                           
092219060119100539タガノエスコート　　　　　　　　　　  5.7  1.5 11.7 13.3  8.3 28  0.0                           
092219060219105140カレンマックナイト　　　　　　　　　 29.1  4.5 -4.5-11.8 -5.2 15  0.0                           
092219060319103469エイシントゥラン　　　　　　　　　　 27.9  4.4-12.8-10.5 -7.8 12  0.0                           
092219060419104730トゥードジボン　　　　　　　　　　　  3.8  1.3 14.8 13.4  9.4 29 12.4                           
092219060519101629グランスラムアスク　　　　　　　　　 12.7  2.4  7.0 13.3  6.6 27  0.0                           
092219060619101846クラウンドマジック　　　　　　　　　  9.1  2.0  9.8  8.1  6.0 26 20.6                           
092219060719104364アスカノツバサ　　　　　　　　　　　 24.9  4.0-11.4-16.3 -9.1 11  0.0  0                        
092219060819105544レッドベルアーム　　　　　　　　　　  1.9  1.2 23.2 22.7 15.3 35 16.2  1  126   59              
092219060919103858ヒルノショパン　　　　　　　　　　　 10.6  2.1 -0.7  4.0  0.9 21  0.0                           
092219070118104481ヴアーサ　　　　　　　　　　　　　　  2.2  1.3 21.4 12.5 11.6 32 16.2                           
092219070218104548ジューンロールオン　　　　　　　　　  7.4  2.1 12.6 13.2  8.6 29  0.0                           
092219070317102102ソツナサ　　　　　　　　　　　　　　 42.2  7.9-11.4-11.1 -7.5 12  0.0                           
092219070418103109グロリアスダッド　　　　　　　　　　 73.4 13.0 -9.8 -9.9 -6.6 13  0.0                           
092219070517106420ベラール　　　　　　　　　　　　　　  9.3  2.5  3.0  9.5  4.0 24  0.0  5                        
092219070617102510メタモルフォーゼ　　　　　　　　　　 13.5  3.0  1.7  2.5  1.4 21  0.0                           
092219070715103391ミッキーマラン　　　　　　　　　　　 25.7  5.1  3.6  4.4  2.6 23  0.0                           
092219070813105979セカンドエフォート　　　　　　　　　 28.1  5.5 -3.9  1.4 -1.0 19 29.4  5                        
092219070918103411ショウナンアイビー　　　　　　　　　 16.4  3.5 -1.9 12.2  3.0 23 17.5                           
092219071018104053タイセイポジション　　　　　　　　　 37.4  7.1-11.4-11.2 -7.5 12  0.0                           
092219071118102350テーオールノワール　　　　　　　　　 47.7  8.9-11.4  7.0 -2.1 18  0.0                           
092219071217101291パイプライナー　　　　　　　　　　　 24.9  5.0  2.0  8.2  3.2 23  0.0                           
092219071317105451ドゥーベ　　　　　　　　　　　　　　  6.2  1.9 14.2  8.5  7.8 28 17.7                           
092219071415103228スリーヘリオス　　　　　　　　　　　 28.7  5.6 -7.0 -4.7 -4.0 16  0.0  5                        
092219071517103267エクストラノート　　　　　　　　　　 29.8  5.8-11.4-10.2 -7.2 13  0.0                           
092219071617102930スナークレジスト　　　　　　　　　　 12.8  2.9 -3.0  2.6 -0.3 20  0.0  0                        
092219080113103958シンキングダンサー　　　　　　　　　 35.6  5.5 -7.7 -7.6 -5.1 25  0.0                           
092219080212100517タガノエスプレッソ　　　　　　　　　  4.3  1.4 17.5 16.6 11.4 41 17.7                           
092219080317104886ビーオールアイズ　　　　　　　　　　  9.5  2.1  7.3 11.1  6.0 36  0.0                           
092219080416103861ビルジキール　　　　　　　　　　　　 39.8  6.1-10.3-16.9 -8.8 21  0.0  0                        
092219080511101125オジュウチョウサン　　　　　　　　　  1.9  1.2 20.3 18.3 12.9 43 16.2                           
092219080614100576フリーフリッカー　　　　　　　　　　 11.3  2.2  5.6 12.1  5.7 36 15.4                           
092219080714103040エイシンクリック　　　　　　　　　　 24.8  4.0 -7.0 -4.8 -4.0 26  0.0                           
092219080816102056レオビヨンド　　　　　　　　　　　　  5.7  1.5 11.5 10.3  7.3 37 19.1                           
092219080916101717ノーリミッツ　　　　　　　　　　　　 25.0  4.1  1.0-14.7 -4.0 26  0.0                           
092219081012100683マイネルプロンプト　　　　　　　　　 28.2  4.5 -8.8 -7.5 -5.5 25  0.0                           
092219081114103156ベイビーステップ　　　　　　　　　　 25.9  4.2 -5.7 -7.6 -4.4 26  0.0                           
092219090119100953エルデスペラード　　　　　　　　　　 18.5  4.1 -6.9-11.4 -5.9 14 25.0                           
092219090219104629アーティット　　　　　　　　　　　　  3.1  1.4 15.4 19.9 11.6 32 16.2                           
092219090319104960ハイコースト　　　　　　　　　　　　 11.8  2.9  2.5 11.9  4.5 24  0.0                           
092219090419101611ディライトバローズ　　　　　　　　　  4.0  1.5 16.8 16.4 11.1 31 17.7                           
092219090519104909ボルドグフーシュ　　　　　　　　　　  4.4  1.6 12.5  9.9  7.6 28 14.4                           
092219090619105374プレミアスコア　　　　　　　　　　　  6.6  2.0  8.5-11.2 -0.2 20  0.0                           
092219090719105654シホノスペランツァ　　　　　　　　　  4.3  1.6 13.6  6.7  7.0 27  0.0                           
092219090819100915ゼンノインヴォーク　　　　　　　　　 19.6  4.3 -8.4 -6.8 -5.1 15  0.0                           
092219100114106117ステイオンザトップ　　　　　　　　　 36.4  7.2 -7.0-12.0 -6.2 29  0.0                           
092219100218102020ヤマニンサンパ　　　　　　　　　　　  4.6  1.6 17.2 28.5 14.9 50 19.1                           
092219100316103022リーピングリーズン　　　　　　　　　 38.9  7.7-11.4-10.2 -7.2 28  0.0                           
092219100417106032タイセイシリウス　　　　　　　　　　 51.4  9.9-11.4-11.2 -7.5 27  0.0                           
092219100517106153エンデュミオン　　　　　　　　　　　 31.9  6.4-11.4-12.2 -7.8 27  0.0                           
092219100616102038レッドアルマーダ　　　　　　　　　　 12.8  3.0  3.1  4.4  2.5 37  0.0                           
092219100717102294イズジョーノキセキ　　　　　　　　　  3.7  1.5 17.6 17.1 11.6 47 17.7  4                        
092219100817110029ターキッシュパレス　　　　　　　　　 37.9  7.5 -1.7  4.0  0.6 36  0.0                           
092219100913105031エクセレントミスズ　　　　　　　　　124.5 22.5-10.3 -7.3 -6.0 29  0.0                           
092219101017100006リノキアナ　　　　　　　　　　　　　 29.4  6.0 -7.0 -9.6 -5.4 30  0.0                           
092219101117105517ルリアン　　　　　　　　　　　　　　 25.3  5.2-11.4-12.7 -8.0 27  0.0                           
092219101217101695シンボ　　　　　　　　　　　　　　　  9.3  2.6  9.7 17.1  8.7 44 15.4                           
092219101317105343アドマイヤメティス　　　　　　　　　 57.5 10.8-11.4-10.2 -7.2 28  0.0                           
092219101418104659エンスージアズム　　　　　　　　　　  9.0  2.5  3.4  9.4  4.1 39  0.0                           
092219101518105076ルペルカーリア　　　　　　　　　　　  3.2  1.4 18.2 19.5 12.5 48 16.2                           
092219101617101829レザネフォール　　　　　　　　　　　 32.3  6.5 -7.8-10.7 -6.1 29  0.0                           
092219110114104735フィールドセンス　　　　　　　　　　 59.6 12.7-11.4-16.4 -9.1 36  0.0                           
092219110215101281ロイヤルパールス　　　　　　　　　　 25.7  6.0 -4.7  5.6  0.0 45  0.0                           
092219110317102175フルデプスリーダー　　　　　　　　　  6.3  2.2  7.7  9.5  5.7 51 17.7                           
092219110417110076ニュートンテソーロ　　　　　　　　　  7.7  2.5  9.9 11.7  7.1 52  0.0                           
092219110517103718ウルトラマリン　　　　　　　　　　　  7.2  2.4  4.1 -7.8 -0.8 44  0.0                           
092219110617106084メイショウテンスイ　　　　　　　　　 26.8  6.3 -9.0-10.2 -6.4 39  0.0                           
092219110717101719タガノビューティー　　　　　　　　　  3.3  1.6 17.6 17.5 11.7 57 16.2                           
092219110816105926アヴァンティスト　　　　　　　　　　  6.7  2.2  7.6  9.8  5.7 51 13.4                           
092219110918103774レディバグ　　　　　　　　　　　　　 11.8  3.2  3.7 13.0  5.3 50  0.0                           
092219111016102668イメル　　　　　　　　　　　　　　　 22.7  5.4 -4.8 -4.4 -3.1 42  0.0  0                        
092219111115103616メイショウオーパス　　　　　　　　　 41.0  9.2 -7.0-11.5 -6.0 39  0.0                           
092219111216102089イッツクール　　　　　　　　　　　　 95.1 20.0-11.4-10.2 -7.2 38  0.0                           
092219111316104484ダノンチェイサー　　　　　　　　　　 23.6  5.6 -4.1 -5.4 -3.1 42  0.0                           
092219111416104554デターミネーション　　　　　　　　　 34.9  7.9-11.4 -8.6 -6.8 38  0.0                           
092219111517103165デンコウリジエール　　　　　　　　　 32.4  7.4 -8.0-12.4 -6.7 38 32.4                           
092219111613106012バティスティーニ　　　　　　　　　　  8.2  2.6 13.3 15.5  9.5 55  0.0                           
092219120117104687アジャストザルート　　　　　　　　　  2.6  1.3 21.2 23.7 14.9 45 16.2                           
092219120218105261リノユニヴァース　　　　　　　　　　 12.1  2.8  3.6  3.0  2.2 32 14.4                           
092219120318104574ローズボウル　　　　　　　　　　　　  5.8  1.8 13.0 13.8  8.9 39 19.1                           
092219120417105439キングサーガ　　　　　　　　　　　　  4.4  1.6 16.3 14.6 10.4 40 17.7                           
092219120517101373モンサンイルベント　　　　　　　　　 18.7  3.9  1.7-11.5 -2.8 27  0.0                           
092219120616104724アドマイヤビーナス　　　　　　　　　 17.6  3.8 -2.6  7.0  1.1 31  0.0                           
092219120717102802ナムラゴロフキン　　　　　　　　　　 14.8  3.3  3.2  8.6  3.8 34  0.0                           
092219120816105216オーマオ　　　　　　　　　　　　　　 20.0  4.2-10.3-14.8 -8.2 22  0.0  0                        
092219120917101485ハクアイウィンザー　　　　　　　　　 33.6  6.5-12.8 -8.3 -7.2 23  0.0                           
092219121017100451シルバーエース　　　　　　　　　　　 24.6  4.9 -6.6-11.4 -5.8 24  0.0                           
092219121116104273シゲルヒカルダイヤ　　　　　　　　　 17.3  3.7 -8.9 -8.7 -5.9 24  0.0                           
092219121217101239カネコメノボル　　　　　　　　　　　 22.6  4.6 -2.8 -5.1 -2.6 27  0.0  0                        
092219121318101335ジュンキリタップ　　　　　　　　　　 15.1  3.3  0.2  5.5  1.7 32  0.0                           
