062118010118106062ニシノサラマ　　　　　　　　　　　　 90.7 15.6-10.0 -2.6 -4.0  1  0.0                           
062118010218104143トウショウピボット　　　　　　　　　122.8 20.9-10.4 -9.6 -6.6 -2  0.0                           
062118010318100556キタノフェスタ　　　　　　　　　　　178.6 30.1-10.0 -0.6 -3.2  2  0.0                           
062118010418106077イルクオーレ　　　　　　　　　　　　  8.0  2.2 20.0  6.2  8.3 13 10.9                           
062118010518106874ラッキーベルン　　　　　　　　　　　 18.6  3.9-10.0  0.4 -2.9  2  0.0                           
062118010618103604フジグランツ　　　　　　　　　　　　  6.9  2.0  6.6 15.1  7.5 13  0.0                           
062118010718103483ヴィオマージュ　　　　　　　　　　　  6.4  1.9 14.7 16.1 10.3 15  9.4                           
062118010818102191レラシオネス　　　　　　　　　　　　 14.5  3.2 11.0 16.0  9.2 14  0.0  5                        
062118010918100963マスケティアーズ　　　　　　　　　　 99.6 17.1-11.7 -2.6 -4.5  1  0.0                           
062118011018103400スマイルハライト　　　　　　　　　　 17.7  3.7-10.0 14.6  2.4  7  0.0                           
062118011118103979アグレッシブ　　　　　　　　　　　　 38.4  7.2-10.0-20.0-10.3 -5  0.0  0                        
062118011218100042ヴィットリオーザ　　　　　　　　　　 68.4 11.9-11.0  2.2 -2.5  3  0.0                           
062118011318102324ショウナンアドール　　　　　　　　　  5.2  1.7  6.0 12.0  6.2 11 17.3                           
062118011418104308カンタベリーマッハ　　　　　　　　　 22.9  4.6 10.0  6.1  5.2 10  0.0                           
062118011518102500ミュークルークス　　　　　　　　　　133.5 22.7-10.0-14.1 -8.2 -3  0.0                           
062118011618101817アイスマン　　　　　　　　　　　　　  2.3  1.3 15.6 18.7 11.5 17 15.9 1                         
062118020118100974デルマフゲン　　　　　　　　　　　　  8.7  2.8  3.9  8.4  4.3  9 12.3                           
062118020218102639エクメディフラワー　　　　　　　　　 28.9  7.0-11.0-10.0 -7.0 -2  0.0                           
062118020318103169ビギニング　　　　　　　　　　　　　 61.5 13.9-11.0-10.0 -7.0 -2  0.0                           
062118020418106044ロイヤルブライド　　　　　　　　　　 16.2  4.3  7.7 -2.0  1.6  7  0.0                           
062118020518106604イッツライフ　　　　　　　　　　　　 65.0 14.6-13.1 -3.7 -5.3  0  0.0                           
062118020618104762キャニオニング　　　　　　　　　　　 12.6  3.5  4.5 -2.0  0.6  6  0.0  0                        
062118020718104207スティルライフ　　　　　　　　　　　  5.8  2.1 15.0 16.9 10.7 16  0.0  3                        
062118020818102988キアヌマウナ　　　　　　　　　　　　  8.3  2.7 -1.0  3.6  1.0  6  0.0                           
062118020918100482ノーティーガール　　　　　　　　　　  4.9  1.9 10.0 15.0  8.5 13 15.9                           
062118021018101497デリシュレーヌ　　　　　　　　　　　  5.0  1.9  6.0 15.6  7.5 13  0.0                           
062118021118101245ペイシャクェーサー　　　　　　　　　  7.6  2.6-10.4 13.1  1.7  7 21.7                           
062118021218101250アドヴェントイヴ　　　　　　　　　　  5.4  2.0  5.2 17.9  8.1 13  9.4                           
062118021318105994ペイシャキララ　　　　　　　　　　　 81.3 18.1-13.1-20.0-11.3 -6  0.0  0                        
062118021418102805アルバトリア　　　　　　　　　　　　 39.7  9.4-11.7  1.5 -3.0  2  0.0                           
062118030118106387トゥインクルタワー　　　　　　　　　 26.5  5.1 -5.4 11.0  2.4  7  0.0  0                        
062118030218105669トーセンエディ　　　　　　　　　　　  3.6  1.4 17.1 20.0 12.5 17  8.7                           
062118030318104611スクリーンプロセス　　　　　　　　　  2.8  1.3 17.3 28.4 15.6 21 15.9                           
062118030418106035コスモコラッジョ　　　　　　　　　　  7.6  2.1  8.5 16.9  8.7 14 21.7                           
062118030518103625アヴニールファミユ　　　　　　　　　 98.1 16.7-10.4 -8.1 -6.1 -1  0.0                           
062118030618105414パープルレイン　　　　　　　　　　　 42.5  7.8-10.0 -9.1 -6.3 -1  0.0                           
062118030718106608カキエモン　　　　　　　　　　　　　 24.8  4.8  1.5  2.2  1.3  6  0.0                           
062118030818102811スズノイナズマ　　　　　　　　　　　173.1 28.9-11.0-10.0 -7.0 -2  0.0                           
062118030918102164マイネルシェルム　　　　　　　　　　 33.0  6.2-10.0  8.2  0.0  5  0.0                           
062118031018100297サンデイビス　　　　　　　　　　　　 28.0  5.4-11.0-15.9 -9.1 -4  0.0  0                        
062118031118103858ショウナンカホウ　　　　　　　　　　  4.9  1.6 18.2 18.5 12.2 17  9.4                           
062118031218104311ガレア　　　　　　　　　　　　　　　 38.9  7.2-10.0 -7.9 -5.9 -1  0.0  0                        
062118031318102779ロードバイファル　　　　　　　　　　 71.1 12.3-10.0-13.3 -7.9 -3  0.0                           
062118031418104303エンドステージ　　　　　　　　　　　 37.2  6.9 -8.6-11.0 -6.6 -2  0.0                           
062118031518102202オブデュモンド　　　　　　　　　　　  7.0  2.0  7.8  9.8  5.9 11  0.0  5                        
062118040116103569メイクアンシー　　　　　　　　　　　  7.7  2.3-10.0  8.0 -0.1 20 18.8                           
062118040217102344ヨシノパナギア　　　　　　　　　　　 97.8 19.1-11.7-11.9 -7.9 12  0.0                           
062118040317104473デビルスダンサー　　　　　　　　　　 32.7  7.0 -8.5 -9.1 -5.9 14  0.0                           
062118040416103217スマートレジーナ　　　　　　　　　　 20.9  4.8-10.0-10.4 -6.8 13 14.4                           
062118040516105812トモジャバロンド　　　　　　　　　　 19.2  4.4-10.4-12.4 -7.7 12 13.0                           
062118040615104514バットオールソー　　　　　　　　　　  8.7  2.6 20.0  7.5  8.8 29  0.0                           
062118040717101162サツキマス　　　　　　　　　　　　　 30.6  6.6 -8.5-10.5 -6.4 14  0.0                           
062118040817100050ヒートライトニング　　　　　　　　　  9.3  2.7  6.6  8.4  5.1 25  0.0                           
062118040917100332ジャックオレンジ　　　　　　　　　　 42.4  8.9-10.0-12.8 -7.7 12  0.0                           
062118041017100969ショウナンバービー　　　　　　　　　 24.6  5.4  6.0 -1.1  1.4 21  0.0                           
062118041115104142ミッキーチャイルド　　　　　　　　　  4.2  1.7 13.3 11.5  8.2 28  8.6                           
062118041217102630リアンフィーユ　　　　　　　　　　　 12.5  3.1  6.0  3.7  3.2 23  0.0                           
062118041315100547ケイアイマリブ　　　　　　　　　　　 19.8  4.6  9.1 -4.8  1.0 21  0.0                           
062118041417103064サナチャン　　　　　　　　　　　　　 31.5  6.7 -4.2  6.6  1.2 21  0.0                           
062118041517101562ダイシンウィット　　　　　　　　　　  3.4  1.6 15.0 13.3  9.4 29  8.0                           
062118041612100085ファインダッシュ　　　　　　　　　　 14.2  3.5  7.8  1.7  3.0 23  0.0                           
062118050118102152リチェルカ　　　　　　　　　　　　　 34.4  5.9-10.0-13.5 -7.9 -3  0.0  0                        
062118050218104090ビレイグ　　　　　　　　　　　　　　 30.2  5.3 -8.4 -9.1 -5.9 -1  0.0                           
062118050318102982アオイラブリー　　　　　　　　　　　 26.2  4.7-10.0-10.4 -6.8 -2  0.0                           
062118050418100459ルリアンシップ　　　　　　　　　　　 64.9 10.3-10.0-10.0 -6.7 -2  0.0                           
062118050518105354コーヒーソフト　　　　　　　　　　　 20.6  3.9  2.1  6.0  2.8  8  0.0                           
062118050618101605レナトゥス　　　　　　　　　　　　　 28.1  5.0  0.3  6.2  2.4  7  0.0                           
062118050718104662ソーヴァリアント　　　　　　　　　　  2.7  1.3 15.0 39.1 18.8 24 15.9  1  187   55              
062118050818105197フェアビアンカ　　　　　　　　　　　  5.1  1.6 11.0 14.6  8.7 14  0.0                           
062118050918102158アインゲーブング　　　　　　　　　　 16.6  3.2-10.0 -5.1 -4.9  0 10.9  0                        
062118051018100793コスモウォークライ　　　　　　　　　131.7 20.3-10.0-10.0 -6.7 -2  0.0                           
062118051118104964エフティレーヴ　　　　　　　　　　　 29.2  5.1-13.4-13.4 -8.9 -4  0.0                           
062118051218106713エクラサンザレ　　　　　　　　　　　 90.7 14.1-11.7  6.2 -1.2  4  0.0                           
062118051318104913アルビージャ　　　　　　　　　　　　  3.0  1.3 17.8 17.4 11.7 17 17.3                           
062118051418105432ジジ　　　　　　　　　　　　　　　　 12.3  2.6 11.7  6.3  5.8 11 10.1                           
062118051518106078レッドスパロー　　　　　　　　　　　 41.7  7.0 -2.6 -6.0 -3.0  2  0.0                           
062118051618102792オリオンテソーロ　　　　　　　　　　 40.5  6.9-10.4 -8.7 -6.3 -1  0.0                           
062118060118105367ルージュメサージュ　　　　　　　　　  4.5  1.7  9.9  9.9  6.6  7 18.8                           
062118060218103040イントゥザワールド　　　　　　　　　115.7 23.1-11.7-10.4 -7.3 -7  0.0                           
062118060318103802イモータルソウル　　　　　　　　　　 65.4 13.3 -8.5 -6.1 -4.8 -5  0.0                           
062118060418106811ヴァルガス　　　　　　　　　　　　　  3.8  1.6 15.8 16.6 10.8 11  7.9A 4                        
062118060518104851レッドクラーガ　　　　　　　　　　　 60.2 12.4 -8.6-19.5 -9.7-10  0.0  0                        
062118060618103783ロンギングユウタ　　　　　　　　　　 22.4  5.1-10.0 -6.0 -5.2 -5  0.0                           
062118060718104748プレニチュード　　　　　　　　　　　 56.9 11.7-11.7 -4.3 -5.1 -5  0.0                           
062118060818109093ビバブランコ　　　　　　　　　　　　 22.8  5.2 -3.9-10.4 -5.0 -5  0.0                           
062118060918104833カレンレベンティス　　　　　　　　　  6.7  2.2  0.7 16.9  6.4  6  0.0                           
062118061018104803グランオフィシエ　　　　　　　　　　  4.2  1.6  8.0 23.0 10.8 11 17.3                           
062118061118100960プレイイットサム　　　　　　　　　　  6.6  2.2 18.6  7.4  8.3  8  0.0                           
062118061218101971タガノフラッデル　　　　　　　　　　 15.2  3.7  3.6  5.3  3.0  3 11.6                           
062118061318105492アルパインリンクス　　　　　　　　　 20.7  4.9-10.0 -1.9 -3.7 -4  0.0                           
062118061418105498ユペール　　　　　　　　　　　　　　 28.6  6.4 -5.6-11.5 -5.9 -6  0.0                           
062118061518104764オブザーバー　　　　　　　　　　　　 34.1  7.5-11.7-13.6 -8.5 -8  0.0                           
062118061618109132カフェテオドーラ　　　　　　　　　　 77.9 15.8-13.4  0.0 -4.0 -4  0.0                           
062118070115105430ホウオウサマンサ　　　　　　　　　　 46.6  8.9-11.0 -4.8 -5.1 15  0.0                           
062118070217101700スペロデア　　　　　　　　　　　　　  2.6  1.3 20.7 22.5 14.5 34 15.9                           
062118070316104977エレベル　　　　　　　　　　　　　　 14.7  3.3  4.5  8.7  4.5 25  0.0                           
062118070416101939チューダーローズ　　　　　　　　　　 44.4  8.5-10.4 -9.4 -6.6 13  0.0                           
062118070517104776ジュールサイクル　　　　　　　　　　  4.7  1.6 15.0  6.6  6.9 27  8.7                           
062118070615104295ゴールデンフィジー　　　　　　　　　 37.0  7.2-11.7-10.2 -7.3 13  0.0                           
062118070715101835サツキワルツ　　　　　　　　　　　　 19.5  4.2-10.4  3.9 -1.7 18  0.0                           
062118070815109150フクキタル　　　　　　　　　　　　　 92.1 16.5-11.7 -0.6 -3.7 16  0.0                           
062118070916103438セイウンシェリー　　　　　　　　　　 68.7 12.5-10.0-10.9 -7.0 13  0.0                           
062118071017104395ジュネス　　　　　　　　　　　　　　 27.0  5.4-10.0  2.4 -2.1 18  0.0                           
062118071117100794ガルナッチャ　　　　　　　　　　　　  5.6  1.8 12.1 16.5  9.7 30 18.8                           
062118071217105276ミュアウッズ　　　　　　　　　　　　  6.1  1.9 10.4 12.4  7.7 28  0.0                           
062118071317105225ピュアブレンド　　　　　　　　　　　  5.7  1.8 13.9  8.5  7.3 27 10.1                           
062118080116104430バスクベレー　　　　　　　　　　　　 16.0  3.5  6.0 -5.1 -0.1 30  0.0  0                        
062118080215101626ディサーニング　　　　　　　　　　　100.6 17.4 -8.4 -5.1 -4.4 26  0.0                           
062118080315103313タイキメサイア　　　　　　　　　　　 41.0  7.7  6.0-13.6 -3.2 27  0.0                           
062118080415100411スターシード　　　　　　　　　　　　116.0 20.0-11.0 -8.8 -6.5 23  0.0                           
062118080514102016クーリュ　　　　　　　　　　　　　　 32.2  6.2-10.0 -5.3 -4.9 25  0.0                           
062118080614100080シゲルベンガルトラ　　　　　　　　　 23.6  4.7-10.0-10.0 -6.7 23  0.0                           
062118080715104567レヴァンテ　　　　　　　　　　　　　 16.1  3.5  2.7  7.9  3.7 34  0.0  5                        
062118080817110156ジェットマックス　　　　　　　　　　  3.2  1.4 17.0 21.6 13.0 43  8.0  2                        
062118080916101250マイネルバトゥータ　　　　　　　　　112.1 19.3-10.0-13.6 -8.0 22  0.0                           
062118081016104845ガルヴィハーラ　　　　　　　　　　　  7.8  2.2 14.1 17.8 10.8 41 18.8C 5                        
062118081115101243マリノエクスプレス　　　　　　　　　 15.7  3.4 -5.4  3.5 -0.3 30  0.0                           
062118081217103989キラットダイヤ　　　　　　　　　　　 24.7  4.9-10.4-10.5 -7.0 23  0.0                           
062118081317104130ナイトブリーズ　　　　　　　　　　　  8.7  2.3 14.0 16.2 10.1 40 10.1                           
062118081415106179トッカータ　　　　　　　　　　　　　 12.2  2.8 -1.9  3.6  0.8 31  0.0                           
062118081517103482コパシーナ　　　　　　　　　　　　　  3.2  1.4 17.4 24.1 14.1 44 17.3                           
062118081613105140ピナクルズ　　　　　　　　　　　　　 24.0  4.8 20.0 -0.6  5.8 36  0.0                           
062118090118105370ゾディアックサイン　　　　　　　　　  3.0  1.4 15.0 21.2 12.3 32  7.9A 2                        
062118090218102819イグドラシル　　　　　　　　　　　　 28.5  5.5-14.3-10.0 -8.0 12  0.0                           
062118090318103997セイウンダイモス　　　　　　　　　　  6.1  1.9 15.0  8.0  7.4 27 10.9                           
062118090418102131スウィートブルーム　　　　　　　　　  3.4  1.4 17.7  7.3  8.0 28 17.3                           
062118090518104837ノーダブルディップ　　　　　　　　　 14.5  3.2 -3.4 -9.1 -4.4 16  0.0                           
062118090618100681サンズオブタイム　　　　　　　　　　  5.8  1.8 10.0 11.0  7.0 27  0.0                           
062118090718103563ロードトゥフェイム　　　　　　　　　  7.7  2.1 20.0  2.9  7.1 27 11.5                           
062118090818100428カナリキケン　　　　　　　　　　　　  5.4  1.7 12.3  6.0  5.9 26  9.4                           
062118100116105047トランスナショナル　　　　　　　　　  4.6  1.6 16.9 15.6 10.8 46 17.3                           
062118100215100958ライジングドラゴン　　　　　　　　　 16.2  3.1  3.6 -2.1  0.3 35  0.0                           
062118100316102362エターナルヴィテス　　　　　　　　　 32.9  5.6-10.0 -9.8 -6.6 28  0.0                           
062118100414105991サトノグラン　　　　　　　　　　　　 38.1  6.3-11.7 -6.0 -5.7 29  0.0                           
062118100517103942テリオスベル　　　　　　　　　　　　 21.6  3.9-10.0  6.3 -0.7 34 13.0                           
062118100617110067アメリカンシード　　　　　　　　　　  2.0  1.2 25.1 19.6 14.7 50 15.9                           
062118100717102011キタノヴィジョン　　　　　　　　　　 10.9  2.3  9.8  4.9  4.7 40 10.8                           
062118100817103617サンダーブリッツ　　　　　　　　　　  7.9  2.0 13.1  6.9  6.5 41  0.0                           
062118100916103213スマートランウェイ　　　　　　　　　 24.7  4.3 -2.1-10.1 -4.3 31  0.0                           
062118101014104550グラスブルース　　　　　　　　　　　 10.9  2.3-10.0  2.4 -2.1 33  0.0                           
062118101114102153ブライトンロック　　　　　　　　　　  8.8  2.2  1.5 13.6  5.4 40  0.0  2                        
062118110117105472サトノフラッグ　　　　　　　　　　　  4.8  1.7 20.0 12.7 10.7 66  8.6                           
062118110216102867サンアップルトン　　　　　　　　　　 12.7  3.1-10.0 12.0  1.4 56  0.0  5                        
062118110313102360ノーブルマーズ　　　　　　　　　　　 72.1 14.0-11.9-10.4 -7.4 48  0.0                           
062118110417105567ヴェルトライゼンデ　　　　　　　　　  5.9  1.9 12.6 12.9  8.5 64 11.8                           
062118110514100235ソッサスブレイ　　　　　　　　　　　108.6 20.7-10.0-11.7 -7.3 48  0.0                           
062118110614110081ベストアプローチ　　　　　　　　　　 26.0  5.6 -8.6-13.6 -7.6 47  0.0                           
062118110716100527タガノディアマンテ　　　　　　　　　 20.6  4.7-11.4  5.6 -1.4 54  0.0                           
062118110816105239ラストドラフト　　　　　　　　　　　  8.2  2.4  9.0  6.4  5.0 60  0.0                           
062118110917105525アリストテレス　　　　　　　　　　　  3.0  1.4 20.0 22.0 14.1 69 14.3                           
062118111016100915モズベッロ　　　　　　　　　　　　　 16.7  3.9  4.5 -0.3  1.2 56 23.4                           
062118111116103387ナイママ　　　　　　　　　　　　　　 39.6  8.2-11.7-10.9 -7.5 47  0.0                           
062118111215104287ステイフーリッシュ　　　　　　　　　 13.8  3.3 -3.4 -5.0 -2.9 52  0.0                           
062118111313102938マイネルハニー　　　　　　　　　　　 97.6 18.7-11.7-14.1 -8.7 46  0.0                           
062118111416104650ランフォザローゼス　　　　　　　　　 88.2 17.0-11.7-13.7 -8.5 46  0.0  0                        
062118111517101431ウインマリリン　　　　　　　　　　　 11.8  2.9 17.9  9.6  8.9 64 10.9                           
062118111615101467ジェネラーレウーノ　　　　　　　　　 26.8  5.7-10.0 16.1  2.9 58  0.0                           
062118111714100537ジャコマル　　　　　　　　　　　　　 50.8 10.3-11.9-15.7 -9.3 46  0.0                           
062118120117101183レッドライデン　　　　　　　　　　　  6.4  1.9 11.1  6.6  5.8 36  0.0                           
062118120213103646クインズサン　　　　　　　　　　　　 16.7  3.5  4.3 -0.3  1.2 31 12.3                           
062118120315106344アシェット　　　　　　　　　　　　　 25.6  4.9 20.0  6.2  8.3 38  0.0                           
062118120417105610アブソルティスモ　　　　　　　　　　  3.2  1.3 14.6 19.7 11.6 42 17.3C 3                        
062118120516102735イルヴェントデーア　　　　　　　　　  4.0  1.4  9.6 21.0 10.6 41  0.0                           
062118120614105853アーザムブルー　　　　　　　　　　　 24.5  4.8 -5.6 -4.3 -3.3 27  0.0                           
062118120716100503ルフィアンキック　　　　　　　　　　 26.1  5.0-10.0-13.6 -8.0 22  0.0                           
062118120816103668ヘイワノツカイ　　　　　　　　　　　 14.8  3.2 13.2  8.5  7.1 37  0.0  5                        
062118120917106000フォースオブウィル　　　　　　　　　  3.0  1.3  6.0 14.0  6.9 37 15.9                           
062118121014105324アルトリウス　　　　　　　　　　　　 15.3  3.3-10.0-10.4 -6.8 23 11.5                           
072118010118103782リュウノダイモンジ　　　　　　　　　 27.4  5.1-10.9-16.4 -8.9 -4  0.0  0                        
072118010218105935スリーケイエヌ　　　　　　　　　　　 24.0  4.5 -5.6 -9.3 -4.8  0  0.0                           
072118010318105009シーニッククルーズ　　　　　　　　　  4.8  1.6 14.0 24.3 12.4 17  0.0  1  261   40              
072118010418104156ダッシュダクラウン　　　　　　　　　  2.2  1.2 19.7 18.7 12.8 18 16.2                           
072118010518101962タガノイグナイト　　　　　　　　　　 14.1  3.0  3.0 14.5  5.4 10  0.0                           
072118010618106368スズカルビコン　　　　　　　　　　　 24.2  4.6  1.2  0.2  0.5  5 28.0                           
072118010718102394ロイヤルダンス　　　　　　　　　　　  8.7  2.2  5.8  8.3  4.6 10  0.0                           
072118010818101534テイエムヴァスター　　　　　　　　　 45.0  7.9-10.9-10.2 -7.1 -2  0.0                           
072118010918106031ゲンパチハマジ　　　　　　　　　　　  5.5  1.7 16.8 19.0 11.9 17 13.4                           
072118011018105852メイショウストーム　　　　　　　　　  9.3  2.4 11.1 18.1  9.5 15 22.1  3                        
072118011118105441オーシャンフロント　　　　　　　　　 23.7  4.5-10.9 -7.5 -6.2 -1  0.0                           
072118011218106486ダンツソアラ　　　　　　　　　　　　 29.6  5.4-11.5 -6.9 -6.3 -1  0.0                           
072118020118102237アジェナ　　　　　　　　　　　　　　 52.4  7.9-11.5 -5.0 -5.7 -1  0.0                           
072118020218103496ウェイオブライト　　　　　　　　　　 11.8  2.3  5.8  7.0  4.2  9  0.0                           
072118020318106524コンセプト　　　　　　　　　　　　　  8.9  2.1 11.9 10.3  7.5 12  0.0                           
072118020418103316ジューンビアンカ　　　　　　　　　　 65.7  9.5-10.9 -8.7 -6.6 -2  0.0                           
072118020518106180メイショウマシフ　　　　　　　　　　 44.3  6.8 -5.6-13.4 -6.1 -1  0.0                           
072118020618101131インバシオン　　　　　　　　　　　　 76.8 11.0-10.9 -9.7 -6.9 -2  0.0                           
072118020718104787ウラエウス　　　　　　　　　　　　　  2.6  1.3 20.7 24.9 15.1 20 16.2                           
072118020818101260スズカヒカリ　　　　　　　　　　　　 16.3  3.0  8.2  7.0  5.1 10 22.1                           
072118020918104339メイショウナリヒラ　　　　　　　　　  2.7  1.3 21.8 14.6 12.4 17 12.4                           
072118021018100818ナムラゴロー　　　　　　　　　　　　 44.2  6.8-11.0 -9.5 -6.9 -2  0.0                           
072118021118101928コウバコ　　　　　　　　　　　　　　 28.3  4.6-11.5 -5.1 -5.7 -1  0.0  0                        
072118021218101386スペースフライト　　　　　　　　　　 16.3  3.0  6.5  5.7  4.1  9 23.5                           
072118021318102050レーニア　　　　　　　　　　　　　　 19.4  3.4 -5.6  4.6 -0.7  4  0.0                           
072118021418103542エコロゴールド　　　　　　　　　　　149.2 20.8 -9.7-10.5 -6.7 -2  0.0                           
072118021518105729ハイモビリティ　　　　　　　　　　　 16.6  3.0 11.8 14.9  8.8 14  0.0                           
072118021618101861サウンドダンス　　　　　　　　　　　 99.7 14.1-10.9-10.2 -7.1 -2  0.0                           
072118030118103260チェリーヘルメス　　　　　　　　　　 38.5  7.6 -9.7-10.5 -6.7 -7  0.0                           
072118030218103772スズカスパーブオー　　　　　　　　　  7.5  2.2 12.5  5.0  6.1  6 20.6                           
072118030318101840ティーティーゴー　　　　　　　　　　  5.9  1.9  2.4  8.7  3.5  3 13.4                           
072118030418101577シエルクリーガー　　　　　　　　　　 39.8  7.8-11.5-11.6 -7.7 -8  0.0                           
072118030518100826ショウナンパプリカ　　　　　　　　　  4.1  1.6 12.2 15.7  9.2  9 17.7                           
072118030618103652アイルオブチェリー　　　　　　　　　 29.4  6.0-10.9 -6.9 -6.1 -6  0.0  0                        
072118030718106296セイブロッケン　　　　　　　　　　　 17.3  3.8 -5.6 -3.0 -3.0 -3  0.0                           
072118030818103294サフランルーラー　　　　　　　　　　 25.1  5.2-10.9-14.9 -8.5 -8  0.0  0                        
072118030918102232レオフューチャー　　　　　　　　　　 34.0  6.8 -5.6 -0.4 -2.2 -2  0.0  5                        
072118031018105827バトルナユタ　　　　　　　　　　　　 24.4  5.1 -1.6  5.7  1.1  1  0.0                           
072118031118104636エコロスター　　　　　　　　　　　　 43.2  8.4 -5.6 -5.9 -3.8 -4  0.0                           
072118031218102091ウルトラソニック　　　　　　　　　　  3.0  1.4 19.7 24.0 14.4 14 16.2  3                        
072118031318103710ラピッドストリーム　　　　　　　　　 30.6  6.2 -0.2-10.2 -3.1 -3  0.0                           
072118031418103578ヒロシゲクリスタル　　　　　　　　　 49.2  9.5-10.9-10.2 -7.1 -7  0.0                           
072118031518101783メイショウアゲシオ　　　　　　　　　 12.4  2.9  1.8-13.4 -3.4 -3  0.0                           
072118031618106917シンゼンダッシュ　　　　　　　　　　 19.4  4.2  4.0 -1.4  1.0  1  0.0                           
072118040118105561ジュディッタ　　　　　　　　　　　　  4.5  1.6 13.1 12.2  8.5 28 13.4                           
072118040218101198タイセイアーメット　　　　　　　　　 14.5  3.3 -7.5  5.7 -1.0 19  0.0                           
072118040318100017テイエムベンチャー　　　　　　　　　 14.8  3.3 -4.2  4.5 -0.2 20  0.0                           
072118040418104694トップザビル　　　　　　　　　　　　  6.3  1.9  2.9  5.3  2.7 23 20.6  3                        
072118040518105255ベルヴォーグ　　　　　　　　　　　　  2.8  1.3 18.7 20.6 13.0 33 16.2                           
072118040618100774メガゴールド　　　　　　　　　　　　 21.8  4.5 -5.6 -3.8 -3.2 17  0.0                           
072118040718100126クリノクラール　　　　　　　　　　　 16.5  3.7  5.0 -4.2  0.6 21  0.0                           
072118040818106010マルモルーラー　　　　　　　　　　　  4.3  1.5  6.0 23.3  9.2 29 17.7                           
072118040918102938ピュアジャッジ　　　　　　　　　　　  6.7  2.0 11.2 10.1  7.1 27  0.0                           
072118050118100151ニシノレガシー　　　　　　　　　　　 66.8 12.3-10.9-10.2 -7.1 -2  0.0                           
072118050218106529ミセスバローズ　　　　　　　　　　　 11.7  2.8 10.9  9.7  6.9 12 16.5                           
072118050318102490ライブリーキング　　　　　　　　　　  8.7  2.4 -3.6 17.4  3.9  9  0.0                           
072118050418105102キャロライナリーパ　　　　　　　　　  4.5  1.6 15.2 21.4 12.0 17 19.1                           
072118050518105311アンセーニュ　　　　　　　　　　　　  4.0  1.5 13.8 26.8 13.1 18 17.7  1  174   40              
072118050618104244ナムラコマチ　　　　　　　　　　　　 62.0 11.4-10.9-14.1 -8.2 -3  0.0                           
072118050718102047マリーナ　　　　　　　　　　　　　　  2.9  1.4 14.4 23.8 12.4 17 16.2                           
072118050818103953ドルチェヴィータ　　　　　　　　　　 68.9 12.6-11.5 -5.0 -5.7 -1  0.0                           
072118050918102946ヒキガネ　　　　　　　　　　　　　　 11.2  2.7  1.2 33.2 10.4 15  0.0                           
072118051018103103ブラックハート　　　　　　　　　　　 37.2  7.3 -9.7-10.5 -6.7 -2  0.0                           
072118051118104782リュクスエンヴィ　　　　　　　　　　 32.0  6.4 -8.0  7.2 -0.8  4  0.0                           
072118051218106014ジャングルオー　　　　　　　　　　　 79.1 14.4-10.9 -5.0 -5.5  0  0.0                           
072118051318103270ハクサンハーバー　　　　　　　　　　 14.2  3.2  6.5  6.9  4.5  9  0.0                           
072118051418106006グランエース　　　　　　　　　　　　 55.4 10.3 -9.7-10.5 -6.7 -2  0.0                           
072118051518105006シゲルオリンピア　　　　　　　　　　 69.3 12.7-11.5-20.0-10.2 -5  0.0                           
072118051618106510プリペアード　　　　　　　　　　　　 40.2  7.8-10.9-11.4 -7.4 -2  0.0                           
072118060118101272シャイニーマジック　　　　　　　　　 52.1  8.8-10.9 -9.5 -6.8 -7  0.0                           
072118060218101189テーオーラフィット　　　　　　　　　  4.3  1.5 13.8 11.9  8.6  9 12.4                           
072118060318105109スマイルライン　　　　　　　　　　　 13.8  2.9 -4.2 -2.6 -2.3 -2  0.0                           
072118060418105983モズラテール　　　　　　　　　　　　 18.0  3.5  1.2  6.5  2.4  2 25.0                           
072118060518102226ユーベルント　　　　　　　　　　　　 83.7 13.3-10.9  6.2 -2.1 -2  0.0                           
072118060618104165ニホンピロクリフ　　　　　　　　　　 72.5 11.6-11.5-10.1 -7.2 -7  0.0                           
072118060718102963エレガントオーラ　　　　　　　　　　 51.8  8.7 -9.7-10.5 -6.7 -7  0.0                           
072118060818104576ジャスティンカフェ　　　　　　　　　  7.3  2.0  7.8 10.3  5.9  6  0.0                           
072118060918106848コネクテッド　　　　　　　　　　　　 23.6  4.3 -9.7 -7.6 -5.8 -6  0.0                           
072118061018101276レラ　　　　　　　　　　　　　　　　 87.1 13.8 -9.7-10.5 -6.7 -7  0.0                           
072118061118102353ドゥラモンディー　　　　　　　　　　  8.9  2.2  4.3 16.6  6.6  7 22.1                           
072118061218103340キフジンノドレス　　　　　　　　　　 39.1  6.7  1.2 -2.2 -0.2  0  0.0                           
072118061318105043エスコーラ　　　　　　　　　　　　　  2.2  1.2 20.7 24.5 14.9 15 16.2                           
072118061418104854ミニマリズム　　　　　　　　　　　　  8.6  2.2  5.8  1.6  2.6  3  0.0                           
072118061518103232メモリーエアシップ　　　　　　　　　 32.5  5.7 -7.5  1.3 -2.4 -2  0.0                           
072118070117110174コラルノクターン　　　　　　　　　　  2.3  1.2 20.8 20.6 13.8 34 16.2                           
072118070217101239カネコメノボル　　　　　　　　　　　  4.2  1.3 15.2 30.0 14.6 35 19.1  2                        
072118070316104253ウィッチクラフト　　　　　　　　　　 12.4  2.4  7.9  5.7  4.6 25  0.0                           
072118070417101560ケイアイドリー　　　　　　　　　　　  3.2  1.2 20.2 12.4 11.1 31 17.7                           
072118070517101398シゲルモクセイ　　　　　　　　　　　 10.8  2.2  8.7  8.6  5.8 26 14.4                           
072118070615103213スズカローレル　　　　　　　　　　　 20.9  3.7-14.0  7.0 -3.0 17  0.0                           
072118070716100072タイセイドレッサー　　　　　　　　　 24.0  4.0 -7.8-10.1 -5.9 14  0.0                           
072118070815100557ラヴベローナ　　　　　　　　　　　　 17.1  3.1 -4.1 -6.9 -3.6 16  0.0                           
072118070917106413メイショウメイユウ　　　　　　　　　 28.9  4.7-10.9 -5.9 -5.8 14  0.0                           
072118080115101592フローリン　　　　　　　　　　　　　  5.2  1.5 12.4 12.3  8.2 38  0.0                           
072118080216105042キスラー　　　　　　　　　　　　　　  2.8  1.3 18.9 15.6 11.6 42 16.2                           
072118080317103688リリーミニスター　　　　　　　　　　 30.4  5.1 -5.6  4.0 -0.9 29  0.0                           
072118080416101847モーニングサン　　　　　　　　　　　 15.0  2.9  0.9  1.0  0.6 31  0.0                           
072118080516100947タマモサンシーロ　　　　　　　　　　  5.8  1.6 13.2 10.1  7.9 38 20.6                           
072118080617105293ヴァーダイト　　　　　　　　　　　　  2.8  1.3 15.7 19.5 11.6 42 17.7                           
072118080714104516サンマルエンパイア　　　　　　　　　 24.0  4.2-10.9-10.1 -7.0 23  0.0                           
072118080817100436グレートバローズ　　　　　　　　　　  7.0  1.8  9.6 10.9  6.8 37 15.4                           
072118090117104963オーマイダーリン　　　　　　　　　　  2.3  1.2 20.2 11.6 10.9 41 16.2                           
072118090215100225ウインルチル　　　　　　　　　　　　 26.5  4.5-10.9-13.4 -8.0 22  0.0  0                        
072118090317104103キングスタイル　　　　　　　　　　　 14.6  2.8  6.5 10.8  5.6 36  0.0                           
072118090415103175レッドアルジーヌ　　　　　　　　　　 24.9  4.3-10.9-12.4 -7.7 22  0.0                           
072118090517106203アカイイト　　　　　　　　　　　　　  3.9  1.3 18.5 19.6 12.7 43 19.1  3                        
072118090617105111エレヴァテッツァ　　　　　　　　　　  3.4  1.3 14.2 31.3 14.6 45 17.7                           
072118090716100634ベストクィーン　　　　　　　　　　　 19.9  3.6 -0.2 -5.0 -1.6 28  0.0                           
072118090817104989ストリクトコード　　　　　　　　　　  5.7  1.6 13.4 23.9 12.1 42 14.4                           
072118100114102844メイショウテンセイ　　　　　　　　　  6.6  2.0  1.1 10.0  3.4 38  0.0                           
072118100217101303オヌシナニモノ　　　　　　　　　　　 18.4  4.0 -5.4 18.8  3.7 39  0.0                           
072118100316104193メイショウハナモリ　　　　　　　　　  7.2  2.1  5.0 10.0  4.8 40  0.0                           
072118100417104619コウソクスピード　　　　　　　　　　  3.4  1.5 19.3 15.8 11.8 47 11.3                           
072118100514110107アスタースウィング　　　　　　　　　 14.7  3.4  2.5  9.9  3.9 39 25.0  5                        
072118100615100639バーンフライ　　　　　　　　　　　　  9.3  2.6  8.5 13.3  7.1 42 22.1                           
072118100713103403マイネルラック　　　　　　　　　　　 32.7  6.5 -5.6 -1.5 -2.5 32  0.0                           
072118100813100975クリノサンレオ　　　　　　　　　　　 48.5  9.4-10.9 -9.3 -6.8 28  0.0                           
072118100917106018コパノマーキュリー　　　　　　　　　 11.6  2.8  4.2  6.1  3.4 38  0.0                           
072118101017106115メイショウベンガル　　　　　　　　　  3.4  1.5 20.2 28.6 16.0 51 17.7  2                        
072118101116100924アヴォンリー　　　　　　　　　　　　 36.1  7.2 -9.7-10.5 -6.7 28  0.0                           
072118101215103374バーニングペスカ　　　　　　　　　　 33.5  6.7-10.9-16.4 -8.9 26  0.0  0                        
072118101314101889アルミューテン　　　　　　　　　　　 39.4  7.8 -9.7-10.5 -6.7 28  0.0                           
072118101416104340ゴールドラグーン　　　　　　　　　　 31.1  6.3-10.9-15.6 -8.7 26  0.0  0                        
072118110115104571グレートタイム　　　　　　　　　　　 13.7  2.9 -5.6 -2.1 -2.7 52  0.0                           
072118110216100285ダイシンインディー　　　　　　　　　 38.4  6.9-10.3 -9.8 -6.7 48  0.0                           
072118110315106156コマビショウ　　　　　　　　　　　　 25.9  4.8 -5.6 -9.7 -5.0 50  0.0                           
072118110415103311タイキフェルヴール　　　　　　　　　  8.3  2.2 11.5  9.0  6.9 62 20.6                           
072118110515106491テーオーフォース　　　　　　　　　　 63.9 10.7-11.5 -8.3 -6.7 48  0.0                           
072118110614104052インティ　　　　　　　　　　　　　　  2.2  1.3 23.0 28.7 17.0 72 16.2                           
072118110716100349ケイアイパープル　　　　　　　　　　 69.7 11.6-11.5-10.3 -7.3 48  0.0                           
072118110814106081ムイトオブリガード　　　　　　　　　 59.5 10.0-10.9-11.1 -7.3 48  0.0                           
072118110916104231ダノンスプレンダー　　　　　　　　　  8.2  2.2  9.9 12.4  7.3 62 19.1                           
072118111016104624ハヤヤッコ　　　　　　　　　　　　　 12.8  2.8 12.0 17.7  9.7 65  0.0                           
072118111116101455オーヴェルニュ　　　　　　　　　　　  4.9  1.7 10.9 20.0 10.0 65 12.4  4                        
072118111214104259アナザートゥルース　　　　　　　　　 17.0  3.5  2.1  7.0  2.9 58  0.0                           
072118111317100378デュードヴァン　　　　　　　　　　　 15.8  3.3 -2.6-11.1 -4.3 51  0.0                           
072118111415101174ロードアクシス　　　　　　　　　　　 26.9  5.0 -0.3 -3.4 -1.1 54  0.0  0                        
072118111515103681メモリーコウ　　　　　　　　　　　　 62.0 10.4-10.9-15.7 -8.7 46  0.0                           
072118120117104185フェスティヴスーリ　　　　　　　　　 19.4  3.5  5.8 -7.6 -0.2 20  0.0                           
072118120217105587ミッキーメテオ　　　　　　　　　　　  3.7  1.4 13.8 15.5  9.7 30 17.7                           
072118120317104623ハナビマンカイ　　　　　　　　　　　  6.6  1.7 11.1  9.3  6.9 27  0.0                           
072118120417101707ロバートソンキー　　　　　　　　　　  2.1  1.2 19.3 20.2 13.1 33 16.2                           
072118120517101442ウインベイランダー　　　　　　　　　 12.4  2.5 -0.3 12.3  3.6 24  0.0                           
072118120616100695ミチビキ　　　　　　　　　　　　　　 32.8  5.4 -9.7-10.5 -6.7 13  0.0                           
072118120717106699ナムラドン　　　　　　　　　　　　　 14.7  2.8  3.3 -2.0  0.6 21  0.0                           
072118120816104717マジストラル　　　　　　　　　　　　 11.1  2.3  6.5  5.8  4.1 24  0.0                           
072118120917100908シーサンプーター　　　　　　　　　　 45.6  7.3-14.0-10.5 -8.3 12  0.0                           
072118121013104232サンライズサーカス　　　　　　　　　 25.4  4.3 -3.5  4.6  0.1 20  0.0                           
072118121117106141ナムラショウグン　　　　　　　　　　 14.4  2.8 -0.2  4.1  1.2 21 16.5                           
102114010118104986スクウェアセイル　　　　　　　　　　  3.8  1.5 24.0 30.0 17.8 23 15.0                           
102114010218105913トラモントガルフ　　　　　　　　　　 29.5  6.3-12.0-15.0 -8.9 -4  0.0                           
102114010318103993キゾク　　　　　　　　　　　　　　　  3.9  1.5 18.0 15.5 11.3 16 16.3                           
102114010418106836ラキエスヴィブロ　　　　　　　　　　 15.9  3.8  7.2-11.2 -0.7  4  0.0                           
102114010518103159グランドライズ　　　　　　　　　　　 15.4  3.7-10.0  7.5 -1.4  4  0.0                           
102114010618101977カゲキヨブレイン　　　　　　　　　　 15.7  3.7-10.0-12.5 -7.4 -2  0.0                           
102114010718100641ケンジーフェイス　　　　　　　　　　  3.7  1.5 12.0 26.7 12.4 17 13.8                           
102114010818106193キクノクライフ　　　　　　　　　　　  4.3  1.6 14.3 15.3  9.8 15 12.3  4                        
102114010918109176アローテソーロ　　　　　　　　　　　 35.0  7.4-10.5-15.0 -8.4 -3  0.0                           
102114011018104224フレンチフィナール　　　　　　　　　 39.9  8.3-10.5-12.5 -7.6 -3  0.0                           
102114011118100478ニューフロンティア　　　　　　　　　 17.2  4.0-12.0  0.6 -4.2  1  0.0                           
102114020118104985カラレーション　　　　　　　　　　　  2.8  1.4 18.0 22.5 13.4 18 13.8                           
102114020218104072ハングルース　　　　　　　　　　　　  8.2  2.4 14.4-15.0  0.8  6 18.8                           
102114020318104906テンナイスポイント　　　　　　　　　 18.7  4.2-10.5-15.0 -8.4 -3  0.0                           
102114020418100674ミスティレイン　　　　　　　　　　　 17.5  4.0-10.0-12.5 -7.4 -2  0.0                           
102114020518102844ピノヴェリタ　　　　　　　　　　　　 21.0  4.7-12.0 -9.7 -7.3 -2  0.0                           
102114020618104133ロゼット　　　　　　　　　　　　　　 17.5  4.0  7.2  9.0  5.3 10  0.0                           
102114020718100557ビジンクライマー　　　　　　　　　　 23.5  5.1-12.0-15.0 -8.9 -4  0.0                           
102114020818105205ペイルライダー　　　　　　　　　　　 18.9  4.3-10.5 -9.0 -6.6 -2  0.0                           
102114020918104687デアリングウーマン　　　　　　　　　  5.6  1.8 12.6 18.0 10.0 15 16.3                           
102114021018102186キュンストラー　　　　　　　　　　　  7.4  2.2 20.0  7.5  9.6 15  0.0                           
102114021118102059プレリュード　　　　　　　　　　　　 26.8  5.7 24.0-15.0  4.3  9  0.0                           
102114021218101990カンジンカナメ　　　　　　　　　　　 46.1  9.3-10.0-12.5 -7.4 -2  0.0                           
102114021318100697ジャストメイビー　　　　　　　　　　  5.2  1.8 10.0 12.5  7.4 12 10.5                           
102114030114103590シルヴァーメテオ　　　　　　　　　　 24.5  5.3-10.0 12.5  0.1 20  0.0                           
102114030217103827ミューティー　　　　　　　　　　　　 48.4  9.9-10.0-12.5 -7.4 13  0.0                           
102114030317100473ジューンマウス　　　　　　　　　　　 23.9  5.2-10.0-12.5 -7.4 13  0.0                           
102114030417100057ライトマン　　　　　　　　　　　　　 20.7  4.7-12.0 -9.0 -7.1 13  0.0                           
102114030517101524レムリアンシード　　　　　　　　　　 15.1  3.6-10.0-12.5 -7.4 13  0.0                           
102114030617102371カーテンコール　　　　　　　　　　　  3.1  1.5 24.0 30.0 17.8 38 13.8                           
102114030717110055モズアーントモー　　　　　　　　　　  9.0  2.6  0.5 -9.6 -2.7 17  0.0                           
102114030816101428サーストンネイジュ　　　　　　　　　 13.3  3.2 12.0 -9.0  1.7 22 14.9                           
102114030917101400サウンドヒーロー　　　　　　　　　　 11.7  2.9  7.2  9.2  5.4 25  0.0  5                        
102114031017101810ローズオブシャロン　　　　　　　　　  4.6  1.7 15.8 18.8 11.4 31 15.0                           
102114031116110160ストームハート　　　　　　　　　　　 11.9  2.9 14.4 18.0 10.7 31 20.0                           
102114031215101248フロイデ　　　　　　　　　　　　　　 20.0  4.5 12.0-12.5  0.6 21  0.0                           
102114031316110118キュウドウクン　　　　　　　　　　　  6.5  2.1 18.0  9.0  9.3 29  0.0                           
102114031416103952アイアムビクトリア　　　　　　　　　 42.5  8.7-10.0-13.8 -7.8 12  0.0                           
102114040117105494アドマイヤミランダ　　　　　　　　　  9.0  2.2 24.0 -6.5  6.8  7 17.5                           
102114040216106138ブルベアペスカ　　　　　　　　　　　 16.2  3.1 -0.5 24.0  7.0  7 14.0  3                        
102114040316103260シンライ　　　　　　　　　　　　　　 25.5  4.5-10.0  7.5 -1.4 -1  0.0                           
102114040415106157ムーンレイカー　　　　　　　　　　　  4.7  1.5 15.0 20.9 11.8 12 15.0                           
102114040516101399スマートエルピス　　　　　　　　　　 21.1  3.9 -1.7-14.5 -5.0 -5  0.0  0                        
102114040614109037クリノハプスブルク　　　　　　　　　 36.5  6.1-10.0-12.5 -7.4 -7  0.0                           
102114040717103331シェーンクラート　　　　　　　　　　  6.8  1.8 12.0 25.0 11.9 12  0.0                           
102114040817106162シャーベットフィズ　　　　　　　　　 14.0  2.8  1.6-15.0 -3.9 -4  0.0                           
102114040916100158ダイシンクローバー　　　　　　　　　  2.0  1.2 18.0 23.7 13.7 14 13.8                           
102114041017104782テランガ　　　　　　　　　　　　　　 22.7  4.0-10.5-15.0 -8.4 -8  0.0                           
102114041116101252パシージョ　　　　　　　　　　　　　 22.9  4.1  6.0-12.5 -1.5 -2  0.0                           
102114041217103570ヴォルスト　　　　　　　　　　　　　 25.7  4.5-10.0 -9.0 -6.4 -6  0.0                           
102114050118104768エバースカーレット　　　　　　　　　  9.1  2.7 10.8  6.2  5.8  6  0.0                           
102114050218101517テーオーステラ　　　　　　　　　　　  5.6  2.0 18.0 30.0 15.6 16  0.0                           
102114050318103311ラント　　　　　　　　　　　　　　　 14.8  3.7-12.0-13.6 -8.5 -8 14.9  0                        
102114050418102705ショウナンカノア　　　　　　　　　　 15.9  3.9-12.0-15.0 -8.9 -9  0.0                           
102114050518106633リアルヴィジョン　　　　　　　　　　 28.3  6.3-10.0 12.5  0.1  0  0.0                           
102114050618106212キクノリノ　　　　　　　　　　　　　 33.0  7.2  7.2-15.0 -1.9 -2  0.0                           
102114050718101074マルヨティアナ　　　　　　　　　　　 36.4  7.9-12.0-15.0 -8.9 -9  0.0                           
102114050818105303リバースレー　　　　　　　　　　　　  3.1  1.5 12.0 23.7 11.5 12 13.8                           
102114050918102147ターンバック　　　　　　　　　　　　 24.3  5.5  6.0-12.5 -1.5 -2  0.0                           
102114051018104650スプリングクルーズ　　　　　　　　　 19.3  4.6-12.0 -9.0 -7.1 -7  0.0                           
102114051118104746セイクリッドゲイズ　　　　　　　　　 33.2  7.3-10.5-15.0 -8.4 -8  0.0                           
102114051218102018ヤマニンミレニアム　　　　　　　　　 44.1  9.4-10.5 -9.0 -6.6 -7  0.0                           
102114051318104918ベルンハルト　　　　　　　　　　　　 11.9  3.1-10.5-15.0 -8.4 -8  0.0                           
102114051418103295サフランポケット　　　　　　　　　　 35.0  7.6-12.0-20.0-10.4-10  0.0  0                        
102114051518106509サンデーインアスク　　　　　　　　　  6.6  2.2  1.6-16.8 -4.5 -4 16.3                           
102114051618105087ルージュアリュール　　　　　　　　　 10.7  2.8-12.0 12.2 -0.7 -1 18.8                           
102114060118103175タカノアメージング　　　　　　　　　 51.5 10.1-12.0-15.0 -8.9 -4  0.0                           
102114060218101991シングフォーホープ　　　　　　　　　 25.1  5.3 24.0-15.0  4.3  9  0.0                           
102114060318106415イッツアメモリー　　　　　　　　　　 29.1  6.0-10.0-12.5 -7.4 -2  0.0                           
102114060418103487クールシラユリ　　　　　　　　　　　 23.9  5.0-10.0  7.5 -1.4  4  0.0                           
102114060518106906アブラアルバム　　　　　　　　　　　 14.8  3.4-12.0-15.0 -8.9 -4  0.0                           
102114060618102187アクチュアリー　　　　　　　　　　　 14.2  3.3-10.0  7.5 -1.4  4  0.0                           
102114060718101525サイタオフェーリア　　　　　　　　　 91.6 17.0-10.0-12.5 -7.4 -2  0.0                           
102114060818103473サヴァビアン　　　　　　　　　　　　  9.1  2.6-10.5-15.0 -8.4 -3  0.0                           
102114060918100095ナムラスパロー　　　　　　　　　　　 17.4  3.9 10.0 12.5  7.4 12  0.0                           
102114061018103308ジューンベロシティ　　　　　　　　　  6.9  2.1-12.0 22.5  2.3  7 16.3                           
102114061118102861カワカミカリーナ　　　　　　　　　　  2.5  1.3 18.0 18.0 12.0 17 13.8                           
102114061218102495ベルウッドアリイ　　　　　　　　　　 95.2 17.6-10.0-12.5 -7.4 -2  0.0                           
102114061318104949フォイアーロート　　　　　　　　　　 12.1  2.9  6.0  6.6  4.2  9 13.1  5                        
102114061418105922エイシンビースト　　　　　　　　　　 85.4 15.9-12.0-15.0 -8.9 -4  0.0                           
102114061518105015クラウディベイ　　　　　　　　　　　  6.1  2.0  7.2 28.7 11.3 16 15.0  1  190   83              
102114061618106769トキノワンカラット　　　　　　　　　 52.9 10.4-10.0-12.5 -7.4 -2  0.0                           
102114061718102176エレフセリア　　　　　　　　　　　　 33.8  6.9  6.0-12.5 -1.5  3  0.0                           
102114061818102801スノークリスマス　　　　　　　　　　 51.1 10.0  6.0-12.5 -1.5  3  0.0                           
102114070118105809リーブルミノル　　　　　　　　　　　  3.4  1.3 16.6 33.6 16.2 21 15.0  1  101   71              
102114070218105131セファーラジエル　　　　　　　　　　  2.5  1.2 14.4 15.0  9.8 15 13.8                           
102114070318106325スマイルパワー　　　　　　　　　　　 23.3  4.3-10.0-12.5 -7.4 -2  0.0                           
102114070418104933ナンヨーインディゴ　　　　　　　　　 15.0  3.0-12.0-15.0 -8.9 -4  0.0                           
102114070518101660ワイドエンペラー　　　　　　　　　　  9.1  2.3  8.5 10.3  6.2 11  0.0                           
102114070618102180マイネルリリーフ　　　　　　　　　　 16.3  3.2-10.0  6.2 -1.8  3 14.9                           
102114070718104566レッドアストラム　　　　　　　　　　  4.8  1.5 18.0  8.4  9.1 14 16.3                           
102114070818102883ウインアミュレット　　　　　　　　　 35.2  6.1-10.5  7.5 -1.6  3  0.0                           
102114070918106452ゴットウェーブ　　　　　　　　　　　 29.4  5.2  6.0  9.0  4.9 10  0.0                           
102114071018100617トーホウロッキー　　　　　　　　　　 27.3  4.9-12.0-15.0 -8.9 -4  0.0                           
102114071118106808ブレスオブライフ　　　　　　　　　　 13.5  2.8 12.0 18.0  9.8 15  0.0                           
102114080117101725タガノウィリアム　　　　　　　　　　  5.7  1.8-12.0  4.7 -3.0 17 15.0                           
102114080214100729コスモクウェンチ　　　　　　　　　　 62.9 11.4-10.0-12.5 -7.4 13  0.0                           
102114080317105608カヴァス　　　　　　　　　　　　　　 19.1  4.1  7.2-15.0 -1.9 18  0.0                           
102114080417102894ルドンカズマ　　　　　　　　　　　　  6.6  2.0-12.0 22.5  2.3 22 16.3                           
102114080517106365スズカパンサー　　　　　　　　　　　 47.6  9.0-12.0-15.0 -8.9 11  0.0                           
102114080616106283キモンボーイ　　　　　　　　　　　　 19.1  4.1-10.0  0.6 -3.5 17  0.0                           
102114080717104238フームスムート　　　　　　　　　　　 11.8  2.8 10.0  7.5  5.9 26  0.0                           
102114080817100426グレアミラージュ　　　　　　　　　　 39.6  7.6-12.0 -9.3 -7.2 13  0.0                           
102114080915105481ブロッコリー　　　　　　　　　　　　 11.3  2.7 12.0  9.0  7.1 27  0.0                           
102114081017101534オーヴァーネクサス　　　　　　　　　  2.3  1.3 18.0 30.0 15.6 36 13.8                           
102114081116105014テンナイトパール　　　　　　　　　　 40.8  7.8-10.0-12.5 -7.4 13  0.0                           
102114081216104716グリッサード　　　　　　　　　　　　 14.0  3.1 -2.5  9.0  1.8 22 14.0                           
102114081317100764キワミ　　　　　　　　　　　　　　　 15.7  3.5 -1.7 12.0  3.0 23  0.0                           
102114081417101945マイネルエンカント　　　　　　　　　 15.6  3.4  6.0  7.5  4.4 24  0.0                           
102114081517101904コスモケルビン　　　　　　　　　　　 86.8 15.4-10.0-12.5 -7.4 13  0.0                           
102114090117105202ドナキアーロ　　　　　　　　　　　　 18.0  4.2-12.0 -9.0 -7.1 13  0.0                           
102114090216104494ラフェリシテ　　　　　　　　　　　　  8.1  2.4 18.0 11.7 10.1 30 17.5                           
102114090316100080バトルレディネス　　　　　　　　　　 37.1  7.8-10.0-12.5 -7.4 13  0.0                           
102114090417106383ルナソルガール　　　　　　　　　　　 34.5  7.3 14.4-15.0  0.8 21  0.0                           
102114090517102457カインドリー　　　　　　　　　　　　  3.1  1.5 20.0 18.8 13.0 33 13.8                           
102114090617104945メデタシメデタシ　　　　　　　　　　 27.5  5.9-10.0  7.5 -1.4 19  0.0                           
102114090717102878スピリトゥス　　　　　　　　　　　　  9.1  2.6  6.3 18.0  7.7 28 13.1                           
102114090817104470ダンツガゼール　　　　　　　　　　　 17.0  4.0  0.5 20.2  6.2 26  0.0  3                        
102114090917105536アミークス　　　　　　　　　　　　　  6.6  2.1 24.0  9.0 11.5 32  0.0                           
102114091015104158スーパーノーマル　　　　　　　　　　 21.5  4.8-10.0 25.0  3.8 24  0.0                           
102114091117105640レッドフラヴィア　　　　　　　　　　  4.8  1.8 12.0 22.5 11.1 31 15.0                           
102114091217104568ベリンダアン　　　　　　　　　　　　 17.4  4.1-10.5-12.5 -7.6 12  0.0                           
102114091317105571パイネ　　　　　　　　　　　　　　　  9.1  2.6  6.0  5.5  3.8 24  0.0  0                        
102114091415105408クイーンズトゥルー　　　　　　　　　 36.6  7.7-10.0-12.5 -7.4 13  0.0                           
102114100117102506レオハイセンス　　　　　　　　　　　 17.3  4.5  6.0-13.8 -1.9 18  0.0                           
102114100216106324ガビーズドリーム　　　　　　　　　　 36.4  8.5 -2.5-12.5 -4.7 15  0.0                           
102114100314103850イリスファルコン　　　　　　　　　　 30.2  7.2-10.0-12.5 -7.4 13  0.0                           
102114100417105190レッドエーデル　　　　　　　　　　　 17.8  4.6-12.0 12.3 -0.7 19  0.0                           
102114100517102935キタノギャラクシー　　　　　　　　　 12.7  3.4-10.0  7.5 -1.4 19  0.0                           
102114100617102809ガリレイ　　　　　　　　　　　　　　  5.1  2.0  8.5 15.0  7.6 28 15.0                           
102114100715100640トランプ　　　　　　　　　　　　　　 17.3  4.5-10.0  7.5 -1.4 19  0.0                           
102114100817103023スウィートメリナ　　　　　　　　　　 42.8  9.9-10.0-12.5 -7.4 13  0.0                           
102114100917101355クリノサンシャイン　　　　　　　　　 37.5  8.7-10.5-15.0 -8.4 12  0.0                           
102114101016102162エピックガール　　　　　　　　　　　  8.1  2.6-10.0 25.0  3.8 24 11.4                           
102114101115102435スリーマグナム　　　　　　　　　　　 21.5  5.3  0.5-12.5 -3.6 16 27.5                           
102114101217104484エーティーメジャー　　　　　　　　　 19.9  5.0 12.0  9.0  7.1 27  0.0                           
102114101316101089ブルベアオーロ　　　　　　　　　　　 12.9  3.5-12.0  7.9 -2.0 18  0.0                           
102114101417101897マイネルテナシャス　　　　　　　　　  8.6  2.8 20.0-12.5  3.6 24  0.0                           
102114101515101382グッドワード　　　　　　　　　　　　  4.3  1.8 14.4 22.5 12.0 32 13.8                           
102114101617105476エアリーフローラ　　　　　　　　　　 12.2  3.3-10.5-15.0 -8.4 12  0.0                           
102114101717106135セイウンクロクモ　　　　　　　　　　 22.3  5.4-10.0-12.5 -7.4 13  0.0                           
102114110117106704ミステリオーソ　　　　　　　　　　　  5.7  1.9  9.6 22.5 10.3 45 11.4                           
102114110214103035ジェミニズ　　　　　　　　　　　　　 31.0  6.5-12.0  9.0 -1.7 33  0.0                           
102114110317100988サンライズホープ　　　　　　　　　　  8.5  2.5 21.0 15.0 12.2 47 17.5                           
102114110413102840ケルティックソード　　　　　　　　　 24.8  5.4-10.5-15.0 -8.4 27  0.0                           
102114110515105278キタサンタイドー　　　　　　　　　　 14.3  3.4  7.2  9.0  5.3 40  0.0                           
102114110617100887リネンファッション　　　　　　　　　  3.5  1.5 24.0 30.0 17.8 53 13.8                           
102114110714101156ワンダーウマス　　　　　　　　　　　 20.3  4.6-12.0-15.0 -8.9 26  0.0                           
102114110816105929サクラルーフェン　　　　　　　　　　 33.7  7.0-10.0-10.4 -6.8 28  0.0                           
102114110915103766クリノヒビキ　　　　　　　　　　　　 86.0 16.5-10.0-12.5 -7.4 28  0.0                           
102114111015103145ナムラムツゴロー　　　　　　　　　　 62.0 12.1  7.2-15.0 -1.9 33  0.0                           
102114111115101339ダノンロイヤル　　　　　　　　　　　 15.7  3.7-10.5  5.4 -2.2 33  0.0                           
102114111216101093ダンツキャッスル　　　　　　　　　　 15.3  3.6  6.3 12.0  5.9 41  0.0  5                        
102114111315102246サンライズナイト　　　　　　　　　　 29.8  6.3-12.0-15.0 -8.9 26  0.0                           
102114111416102336テオレーマ　　　　　　　　　　　　　  3.9  1.6-12.0 18.0  1.0 36 15.0                           
102114111516104219シホノフォルテ　　　　　　　　　　　 18.0  4.1 -1.7-15.0 -5.1 30  0.0                           
102114111613101965オンザロックス　　　　　　　　　　　 26.1  5.6-12.0-15.0 -8.9 26  0.0                           
102114120117101146トウカイデュエル　　　　　　　　　　 11.4  2.7  0.5  0.6  0.4 30  0.0                           
102114120216104840プランドラー　　　　　　　　　　　　  6.8  2.0 24.0  9.0 11.5 42  0.0                           
102114120315110002ディライトプロミス　　　　　　　　　 19.2  4.1-12.0-15.0 -8.9 21  0.0                           
102114120416105210ノーチカルチャート　　　　　　　　　  7.2  2.1 -1.7 15.0  3.9 34 13.1                           
102114120517101909コスモジェミラ　　　　　　　　　　　 18.1  3.9 -2.5  9.2  1.8 32  0.0  5                        
102114120616104728サンサルドス　　　　　　　　　　　　 33.9  6.7-12.0  7.1 -2.3 28  0.0                           
102114120715104367ジャディード　　　　　　　　　　　　 19.4  4.2-12.0-12.5 -8.1 22  0.0                           
102114120816100126ダディーズトリップ　　　　　　　　　  3.1  1.4 18.0 30.0 15.6 46 13.8                           
102114120916101207アドマイヤポラリス　　　　　　　　　  3.6  1.5 14.4 21.5 11.7 42 15.0  2                        
102114121014110023リードザフィールド　　　　　　　　　 42.5  8.2-10.0-12.5 -7.4 23  0.0                           
102114121116105526メロディーレーン　　　　　　　　　　  5.5  1.8  7.2  9.6  5.5 36 16.3                           
