042216010119101799スパイツヴァルール　　　　　　　　　 31.0  6.0-12.4-10.5 -7.6 -3  0.0                           
042216010219102112フラスティー　　　　　　　　　　　　 15.1  3.3  7.4  2.3  3.1  8  0.0                           
042216010319101387メメスカーレット　　　　　　　　　　  6.8  2.0  6.4 15.5  7.6 13 16.5                           
042216010419101843ヤマトカチドキ　　　　　　　　　　　 25.4  5.0 -0.2-13.2 -4.9  0  0.0                           
042216010519107032サリーチャン　　　　　　　　　　　　 85.8 14.9-12.8-20.0-11.2 -6  0.0                           
042216010619105042エストレアブランカ　　　　　　　　　 12.8  2.9  7.0  8.2  5.1 10  9.2  5                        
042216010719103600キュートヘスティア　　　　　　　　　  2.8  1.4 17.5 20.0 12.6 18  6.7                           
042216010819100189ダンクエース　　　　　　　　　　　　 74.0 13.0-12.4-10.5 -7.6 -3  0.0                           
042216010919104356ディオアステリア　　　　　　　　　　  6.5  1.9 11.3-15.9 -2.4  3  0.0  0                        
042216011019101820カツノナインズ　　　　　　　　　　　 70.8 12.4-13.7 -7.4 -6.8 -2  0.0                           
042216011119102434サリーギャップ　　　　　　　　　　　 29.3  5.7  1.8 -2.0 -0.2  5  0.0                           
042216011219101268セオリーリターン　　　　　　　　　　  9.1  2.4  5.7  9.0  5.0 10  0.0                           
042216011319104145ムーンチャイルド　　　　　　　　　　108.1 18.6-11.9 -1.7 -4.2  1  0.0                           
042216011419105161オーガスタスカイ　　　　　　　　　　  3.8  1.5 14.3 10.8  8.3 13 14.2                           
042216011519100588パルタージュ　　　　　　　　　　　　 38.1  7.2-11.9-12.1 -8.0 -3  0.0                           
042216020119104100メイショウイヌワシ　　　　　　　　　 18.3  3.9 -2.4 13.8  4.3  9 10.4                           
042216020219106707クインズコスモス　　　　　　　　　　  9.1  2.4  4.6  8.0  4.3  9  0.0                           
042216020319100944ベルウッドツクバ　　　　　　　　　　  7.4  2.1 10.9 16.1  9.2 14  7.5                           
042216020419100197ウインエイムハイ　　　　　　　　　　 11.5  2.7  8.1 40.0 17.1 22 17.7  1  239   67              
042216020519104590ピューリファイ　　　　　　　　　　　 33.0  6.4-11.9-10.0 -7.2 -2  0.0                           
042216020619106419モントブレッチア　　　　　　　　　　 16.1  3.5  1.2  6.0  2.6  8  0.0                           
042216020719106411ティーライトニング　　　　　　　　　  2.7  1.4 19.7 20.0 13.2 18  6.7                           
042216020819105732フレイムリリー　　　　　　　　　　　 53.0  9.8-11.4-10.0 -7.1 -2  0.0                           
042216020919106332スリーズロワイヤル　　　　　　　　　 41.8  7.9-10.4-10.5 -7.0 -2  0.0                           
042216021019102092テイエムシチーボー　　　　　　　　　 27.5  5.4 -6.6-20.0 -9.3 -4  0.0                           
042216021119106584ペララス　　　　　　　　　　　　　　 16.5  3.6  2.2-10.5 -3.2  2  0.0                           
042216021219103080ニシノルフォン　　　　　　　　　　　 51.5  9.5-11.4-10.0 -7.1 -2  0.0                           
042216021319100217ウインオワーズ　　　　　　　　　　　 56.3 10.1 -9.1 11.6  1.5  7  0.0                           
042216021419102255モズベイパーコーン　　　　　　　　　 20.4  4.2 -2.4  8.3  2.3  7  0.0                           
042216021519106503ソレントフレイバー　　　　　　　　　  4.2  1.6 11.3 24.7 12.4 17  7.3                           
042216021619102198トモエセンニンギリ　　　　　　　　　 44.7  8.4 -9.1-10.5 -6.6 -2  0.0                           
042216030119106954タマモエイトビート　　　　　　　　　  4.5  1.5 13.8 11.5  8.4 13  7.5                           
042216030219101746ベニッシモ　　　　　　　　　　　　　  3.0  1.3 18.9 21.5 13.6 19 13.0                           
042216030319107030ギンリン　　　　　　　　　　　　　　 39.2  7.4-11.4  2.3 -2.6  2  0.0                           
042216030419104173グランドクォーツ　　　　　　　　　　 16.1  3.5 -4.8-20.0 -8.8 -4  0.0  0                        
042216030519102005ドンシャーク　　　　　　　　　　　　 12.0  2.8 10.0  6.3  5.3 10  0.0                           
042216030619102777ヤマニンクイッカー　　　　　　　　　 11.7  2.7  3.1  4.5  2.6  8  0.0                           
042216030719104895イケメンプリンス　　　　　　　　　　 13.2  3.0  2.5  0.0  0.8  6  9.7                           
042216030819101481ブエノスアン　　　　　　　　　　　　 33.9  6.5-14.5-11.5 -8.6 -4  0.0                           
042216030919106418ベルベッティー　　　　　　　　　　　 34.0  6.5-11.4-15.5 -9.1 -4  0.0                           
042216031019101978タイセイフェイバー　　　　　　　　　  3.5  1.4 18.1 17.5 11.8 17  7.3                           
042216031119106326スケサンカクサン　　　　　　　　　　 28.3  5.5-11.4-15.4 -9.1 -4  0.0  0                        
042216031219103055シルバーブレッド　　　　　　　　　　 14.1  3.1  8.0-10.5 -1.5  4  9.8                           
042216040117103108ララロトリー　　　　　　　　　　　　 16.0  3.0  5.5  6.3  4.0  4  0.0                           
042216040217106413メイショウメイユウ　　　　　　　　　 17.9  3.3  8.6 10.5  6.4  6  0.0                           
042216040318101774ラマルセイエーズ　　　　　　　　　　 41.8  6.8-11.4-10.0 -7.1 -7  0.0                           
042216040416104238ヤップヤップヤップ　　　　　　　　　 63.8  9.7-11.4-12.6 -8.0 -8  0.0                           
042216040517100728シャイニーズラン　　　　　　　　　　 13.4  2.7 -3.1 12.6  3.7  4  8.6                           
042216040616105530ファイナルマズル　　　　　　　　　　  9.0  2.2 -4.7 12.3  3.1  3  0.0                           
042216040718100905アームストロング　　　　　　　　　　 12.4  2.5  5.1  6.0  3.7  4  0.0                           
042216040816102820コラルブラッシュ　　　　　　　　　　 52.7  8.3-11.4 -7.4 -6.1 -6  0.0                           
042216040913103941グリニッチヴィレジ　　　　　　　　　 14.4  2.8  0.9 12.0  4.7  5  9.7                           
042216041018103115メイショウユウスイ　　　　　　　　　  3.3  1.4 17.9 15.8 11.2 11 14.2                           
042216041118106213モーニングアヤメ　　　　　　　　　　 38.9  6.3 -6.7 -2.0 -2.7 -3  0.0                           
042216041217104725エールヴィオレ　　　　　　　　　　　 26.1  4.5 -2.3-10.5 -4.5 -5  0.0                           
042216041318105135ケルト　　　　　　　　　　　　　　　 35.8  5.9 -8.4-10.0 -6.2 -6  0.0                           
042216041415104161エイムアンドエンド　　　　　　　　　  2.3  1.2 21.5 20.0 13.8 14 13.0                           
042216050119100318ケイアイセナ　　　　　　　　　　　　 22.9  4.4 -4.9  6.3  0.8  6  0.0                           
042216050219103687ミステリマスカット　　　　　　　　　 44.0  7.8-11.4-16.6 -9.5 -5  0.0                           
042216050319103275ナックドバイ　　　　　　　　　　　　 36.3  6.5 -9.3-10.0 -6.5 -1  0.0                           
042216050419102088クリノツッチャン　　　　　　　　　　100.6 16.5-12.4-10.5 -7.6 -3  0.0                           
042216050519100754シャノワール　　　　　　　　　　　　 25.1  4.7 -5.7 -2.0 -2.4  3  0.0                           
042216050619106194コーリングユー　　　　　　　　　　　  2.1  1.2 23.6 21.0 14.8 20 13.0                           
042216050719103007ソメット　　　　　　　　　　　　　　 30.3  5.6-11.4  1.3 -2.9  2  0.0                           
042216050819106826ホイッスルベイト　　　　　　　　　　 47.7  8.4-11.4 -5.8 -5.5 -1  0.0                           
042216050919101175ルナーサウスポール　　　　　　　　　 31.5  5.8 -4.1 -2.0 -2.0  3  0.0                           
042216051019104845シャドウマッドネス　　　　　　　　　 90.3 14.9-11.4-10.0 -7.1 -2  0.0                           
042216051119100621フィニッシュアップ　　　　　　　　　  9.5  2.4 10.1  6.3  5.3 10  8.1                           
042216051219106447アキノスター　　　　　　　　　　　　 90.6 15.0-11.9 -3.3 -4.8  0  0.0                           
042216051319105908グランドゴールド　　　　　　　　　　 12.9  2.8 11.5 14.3  8.7 14  0.0                           
042216051419105200サトノアヴァロン　　　　　　　　　　  6.1  1.8 11.4 10.5  7.3 12 15.3                           
042216051519105636オーウェンバローズ　　　　　　　　　  5.5  1.7 15.9 14.1  9.9 15  7.3                           
042216051619102644バーニングサン　　　　　　　　　　　 11.8  2.6  9.1 -2.5  1.8  7  0.0                           
042216060119105753ホウオウベリテ　　　　　　　　　　　  3.6  1.5 15.2 11.6  8.8 14  7.3                           
042216060219104222パフオブウインド　　　　　　　　　　  8.3  2.4  9.0  2.3  3.5  9  0.0                           
042216060319106352ヒーローシャガーラ　　　　　　　　　 50.4  9.9-11.9 -2.7 -4.6  0  0.0                           
042216060419106542ラインメッセージ　　　　　　　　　　 20.8  4.5 -5.6-10.0 -5.3  0 10.9                           
042216060519103731エイシングラス　　　　　　　　　　　  4.7  1.6 19.2 13.0 10.5 16  7.5                           
042216060619102152マディソンテソーロ　　　　　　　　　 25.8  5.4 -8.5 -2.0 -3.3  2  0.0                           
042216060719103397メイショウヨウホウ　　　　　　　　　 32.9  6.7 -9.1-10.5 -6.6 -2  0.0                           
042216060819106392タッケンアイ　　　　　　　　　　　　  3.4  1.4 19.3  6.5  8.2 13  6.7  5                        
042216060919104912ヴィクトールドパリ　　　　　　　　　 17.5  3.9  6.8 -2.5  1.1  6  0.0                           
042216061019101798シゲルエアロギアス　　　　　　　　　 13.1  3.1  5.7  9.3  5.1 10  8.6                           
042216061119104169メイショウタイゲイ　　　　　　　　　 16.7  3.8  2.6-10.5 -3.1  2  9.7                           
042216061219102489メトリカルセオリー　　　　　　　　　 20.1  4.4 -5.4  6.3  0.7  6  0.0                           
042216061319105596キタノラシーク　　　　　　　　　　　 50.4  9.9-11.4-20.0-10.8 -6  0.0                           
042216061419101108オプティミストゥ　　　　　　　　　　 46.0  9.1 -9.1-10.0 -6.4 -1  0.0                           
042216061519106873アオイトランプ　　　　　　　　　　　 40.9  8.2-11.4-10.0 -7.1 -2  0.0                           
042216070117104724エヴァジョーネ　　　　　　　　　　　 15.8  3.6 -0.9  6.0  1.9 22  0.0                           
042216070218102593シャスティーナ　　　　　　　　　　　 11.3  2.7 -0.8 12.6  4.4 24  8.6                           
042216070317104052トレッファー　　　　　　　　　　　　 75.9 13.9-12.4-10.5 -7.6 12  0.0                           
042216070418106602ビーマイベイビー　　　　　　　　　　 49.0  9.5 -4.0 -8.2 -4.2 16  0.0                           
042216070518101379サンマルセレッソ　　　　　　　　　　 20.7  4.4-11.9-14.9 -9.0 11  0.0  0                        
042216070618106553サイモンルピナス　　　　　　　　　　 11.0  2.7  1.5-10.5 -3.4 17  8.1                           
042216070716101167ベストチャーム　　　　　　　　　　　  9.1  2.5  5.9 11.3  5.9 26 15.3                           
042216070818104320マリーアミノル　　　　　　　　　　　  6.0  2.0 11.9  0.0  3.6 24  7.3                           
042216070918105420スキャッターシード　　　　　　　　　  2.4  1.3 20.3 20.0 13.4 33  6.7                           
042216071017102992ペリトモレノ　　　　　　　　　　　　 94.8 17.2-11.9 -1.7 -4.2 16  0.0                           
042216071118105992スマイルアモーレ　　　　　　　　　　 14.7  3.4 -8.7  1.0 -2.2 18  0.0                           
042216071217101369ジュランド　　　　　　　　　　　　　 18.2  4.0 -3.0-10.5 -4.8 15  0.0                           
042216071317102984バーニングソウル　　　　　　　　　　 16.8  3.7  4.7 -2.5  0.5 20  0.0                           
042216071417103454メシアン　　　　　　　　　　　　　　 16.7  3.7 -2.6 -2.0 -1.5 18  0.0                           
042216071518106429ルシャリーブル　　　　　　　　　　　 17.6  3.9  4.3-10.5 -2.6 17  0.0                           
042216080118101994ジョイフルダンサー　　　　　　　　　 14.8  3.3  5.6  7.2  4.3 24  0.0  5                        
042216080217103619ハイエストエンド　　　　　　　　　　  2.8  1.4 19.1  3.8  7.1 27 13.0                           
042216080317104056サトノスライヴ　　　　　　　　　　　  4.1  1.5 20.2 13.8 11.1 31 14.2                           
042216080417104415トーセンオリジン　　　　　　　　　　 28.8  5.8-14.4-10.0 -8.0 12  0.0                           
042216080518106451レイクリエイター　　　　　　　　　　  5.5  1.8 13.5  8.7  7.2 27  8.5                           
042216080618102997リヴウェル　　　　　　　　　　　　　 11.5  2.7  7.3 -2.0  1.5 21  0.0                           
042216080715104349サルーテ　　　　　　　　　　　　　　 18.7  4.0 -6.7 11.6  2.2 22  0.0                           
042216080818106659クリノカイザー　　　　　　　　　　　  5.2  1.7 15.8 27.0 14.6 35  0.0  5                        
042216080918103437ミルトボス　　　　　　　　　　　　　 12.6  2.9  6.2  6.3  4.2 24  9.2                           
042216081018100078アイファーラクーン　　　　　　　　　 16.2  3.6 -9.3-20.0-10.1 10  0.0  0                        
042216090117101746マイネルデステリョ　　　　　　　　　  6.9  2.2 10.0 30.0 14.0 34  9.1  2                        
042216090218101300ドラミモン　　　　　　　　　　　　　  3.6  1.5 16.8 17.9 11.6 32  6.7                           
042216090318105073サトノスカイターフ　　　　　　　　　  5.9  1.9 14.9 16.2 10.4 30  8.1  2                        
042216090417103104ミズリーナ　　　　　　　　　　　　　 16.4  3.9 -4.3 -2.0 -2.0 18  0.0                           
042216090518105344トピックス　　　　　　　　　　　　　 34.7  7.3-11.9-20.0-10.9  9  0.0  0                        
042216090618105118パソロブレス　　　　　　　　　　　　 25.9  5.7  1.0-10.0 -3.4 17  0.0                           
042216090717106588ハリウッドヒルズ　　　　　　　　　　  4.0  1.6 12.4 17.5 10.1 30  6.9                           
042216090818103832バルネージュ　　　　　　　　　　　　 31.5  6.7-11.4-20.0-10.8  9  0.0                           
042216090916104403マロリン　　　　　　　　　　　　　　 33.7  7.2-11.9-15.4 -9.2 11  0.0  0                        
042216091018105461フレイミングサン　　　　　　　　　　 14.1  3.4  6.9 -2.0  1.3 21  9.2                           
042216091118104697サザンナイツ　　　　　　　　　　　　 31.7  6.8 -9.1 -2.0 -3.5 17  0.0                           
042216091218101826アウトオブサイト　　　　　　　　　　  5.7  1.9  6.9  1.6  2.7 23  7.9                           
042216091316103386コスモミローディア　　　　　　　　　 19.7  4.5 -6.5-20.0 -9.3 11  0.0                           
042216100117106360アイアムスゴスギル　　　　　　　　　 71.0 14.0 -9.2 16.9  3.4 33  0.0                           
042216100218101929スカリーワグ　　　　　　　　　　　　 13.3  3.3 -3.2 -7.7 -3.8 26  0.0                           
042216100316106457ジューンステータス　　　　　　　　　 22.2  5.0  0.7  8.3  3.3 33  0.0                           
042216100417106555エターナルダイヤ　　　　　　　　　　 81.1 15.9-11.9-12.6 -8.2 22  0.0                           
042216100518100748アルマセクメト　　　　　　　　　　　 13.7  3.4 -1.5  2.5  0.5 30  9.7                           
042216100618105847メイショウツワブキ　　　　　　　　　  4.5  1.7 16.6  6.9  7.5 38  7.5                           
042216100716100952ヴァリアント　　　　　　　　　　　　  4.1  1.6 16.3 14.0 10.0 40 14.2                           
042216100818104308カンタベリーマッハ　　　　　　　　　 77.5 15.2-11.4-10.0 -7.1 23  0.0                           
042216100918106541ラストサムライ　　　　　　　　　　　 18.7  4.3  1.2-12.2 -4.1 26  0.0                           
042216101017100614コーリングローリー　　　　　　　　　 41.1  8.6 -7.3-15.9 -8.0 22  0.0  0                        
042216101118104592ブーケオブアイリス　　　　　　　　　 15.4  3.7 -1.1 13.0  4.4 34  0.0                           
042216101218105873ミキノバスドラム　　　　　　　　　　 74.1 14.6-11.4-10.0 -7.1 23  0.0                           
042216101318106582ビップエレナ　　　　　　　　　　　　 14.8  3.6 -3.9  4.5  0.5 30  0.0                           
042216101418103006ラナチャンス　　　　　　　　　　　　  3.5  1.5 17.1 23.1 13.6 44 13.0                           
042216101518105340ゴールデンプルーフ　　　　　　　　　  7.0  2.2  1.8-10.5 -3.3 27  0.0                           
042216110117110161デトロイトテソーロ　　　　　　　　　  4.3  1.7 18.4 19.3 12.6 58 13.0                           
042216110216102534イーサンパンサー　　　　　　　　　　 34.6  7.8-11.9-10.0 -7.2 38  0.0                           
042216110315104347ルッジェーロ　　　　　　　　　　　　 19.6  4.8  2.5  1.6  1.3 46  0.0                           
042216110418105061オールアットワンス　　　　　　　　　  6.0  2.1 15.0 13.0  9.3 54  8.5                           
042216110517102914シンシティ　　　　　　　　　　　　　 19.6  4.8 -0.7 11.5  4.0 49  0.0                           
042216110618105259スティクス　　　　　　　　　　　　　 14.2  3.7 -3.7  6.3  1.2 46  0.0                           
042216110712103249トウショウピスト　　　　　　　　　　138.0 28.5-12.1 -2.7 -4.6 40  0.0                           
042216110815104721アンコールプリュ　　　　　　　　　　 15.0  3.8  3.0 -2.5  0.0 45  0.0                           
042216110914105642ファンタジステラ　　　　　　　　　　 71.2 15.0-12.4-13.9 -8.8 36  0.0                           
042216111014102625ダイメイフジ　　　　　　　　　　　　 87.4 18.3-10.4-10.5 -7.0 38  0.0                           
042216111115103875ビリーバー　　　　　　　　　　　　　 41.5  9.3 -7.9 -2.0 -3.1 42 13.2                           
042216111217103005ロードベイリーフ　　　　　　　　　　 21.5  5.1-12.4-10.5 -7.6 37  0.0                           
042216111317101303オヌシナニモノ　　　　　　　　　　　 11.0  3.0  2.9  1.4  1.4 46  0.0  0                        
042216111417110088イモータルスモーク　　　　　　　　　 34.7  7.9 -6.1-20.0 -9.2 36  0.0  0                        
042216111517104253ジュニパーベリー　　　　　　　　　　  4.3  1.7 10.3 14.0  8.2 53  7.3                           
042216111616110152マリアズハート　　　　　　　　　　　  4.5  1.7  4.8 12.0  5.8 51  7.5                           
042216120117102374シベール　　　　　　　　　　　　　　  4.7  1.9 12.8  7.4  6.6 27  7.3                           
042216120218104250ケリアテソーロ　　　　　　　　　　　  9.3  3.0  0.2  9.0  3.4 23  9.1                           
042216120318102826アウトレイジング　　　　　　　　　　 13.4  3.6 -1.6-10.3 -4.3 16  9.8                           
042216120418104267ユキノフラッシュ　　　　　　　　　　 19.3  4.9  4.3-10.5 -2.6 17  0.0                           
042216120516102188メイショウコミチ　　　　　　　　　　 24.6  6.0 -8.5-10.5 -6.4 14  0.0                           
042216120618102698オセアジャスティス　　　　　　　　　 50.3 11.6-11.9 -5.7 -5.7 14  0.0                           
042216120718103063フィルムスコア　　　　　　　　　　　 34.1  8.1-12.4-10.5 -7.6 12  0.0                           
042216120817103323ミーハディビーナ　　　　　　　　　　 74.1 16.3-11.4-10.0 -7.1 13  0.0                           
042216120918110031ロングボウマン　　　　　　　　　　　 11.3  3.2  5.8  6.0  3.9 24  9.2                           
042216121017100029テイエムフローラ　　　　　　　　　　 14.1  3.8 -2.8-10.5 -4.7 15  0.0                           
042216121117105130ラルワースコーヴ　　　　　　　　　　 22.8  5.6 -8.5 10.0  1.1 21  0.0                           
042216121218105443ミッキーハロー　　　　　　　　　　　 23.3  5.7 -0.4-12.4 -4.7 15  0.0                           
042216121317105874ヒナノコバン　　　　　　　　　　　　 41.9  9.8-11.4-20.0-10.8  9  0.0  0                        
042216121417101771ヤマニンエルモサ　　　　　　　　　　  7.8  2.6 12.7  6.0  6.0 26  0.0                           
042216121518110149コスモアディラート　　　　　　　　　  5.3  2.0 10.5 12.1  7.6 28 15.3                           
042216121618102077トーカイキング　　　　　　　　　　　  4.7  1.9 16.9 18.5 11.9 32  0.0                           
05222a010119100408サイキョウノオンナ　　　　　　　　　 13.6  2.8  1.0  8.3  3.3  8  0.0                           
05222a010219100840キタノポーションズ　　　　　　　　　 18.4  3.6  2.9 20.1  8.2 13 13.0                           
05222a010319105379クルールデュヴァン　　　　　　　　　  1.9  1.2 23.2 20.0 14.3 19 15.9                           
05222a010419100839ラブヴァケーション　　　　　　　　　 62.1 10.1-11.6-10.0 -7.1 -2  0.0                           
05222a010519100882ヒナゲシ　　　　　　　　　　　　　　 66.0 10.7-11.6-11.6 -7.7 -3  0.0                           
05222a010619109019カルヴァドス　　　　　　　　　　　　 16.6  3.3 -0.8 -9.1 -3.6  1  0.0                           
05222a010719106663シャムトラダイコウ　　　　　　　　　 11.3  2.5 12.5 13.3  8.6 14 10.1                           
05222a010819101892ファームラヴ　　　　　　　　　　　　  6.6  1.8 11.5 12.5  8.0 13  9.4                           
05222a010919103432ディアマンネージュ　　　　　　　　　151.6 23.7-12.1-15.8 -9.4 -4  0.0                           
05222a011019103613プリティバレリーナ　　　　　　　　　 20.9  4.0  3.3 11.9  5.4 10  0.0                           
05222a011119100591レディーガーネット　　　　　　　　　 65.2 10.5-11.6-10.0 -7.1 -2  0.0                           
05222a011219101022ピッコロバンビーナ　　　　　　　　　 14.1  2.9  0.8  6.0  2.4  7  0.0                           
05222a011319104592カプラローラ　　　　　　　　　　　　  6.1  1.8 11.3 22.5 11.6 17  8.6                           
05222a011419101323アイファーステップ　　　　　　　　　 53.4  9.0-12.1 -3.1 -4.8  0  0.0                           
05222a011519103990ハシレスライム　　　　　　　　　　　147.3 23.0-11.6-10.0 -7.1 -2  0.0                           
05222a011619101223ブライティアコバ　　　　　　　　　　 41.5  7.1 -8.5 -8.0 -5.5  0  0.0                           
05222a020119106630ゼンダンクラージュ　　　　　　　　　 53.5 11.0-11.6-10.0 -7.1 -2  0.0                           
05222a020219105408シャンドマルス　　　　　　　　　　　 12.5  3.1 -3.3 -7.9 -3.9  1  0.0                           
05222a020319105234ミラクルランバック　　　　　　　　　  4.6  1.7 16.6  8.2  8.0 13 18.8                           
05222a020419102606アルマラウラ　　　　　　　　　　　　 21.1  4.8 -1.2  7.3  2.3  7 14.5                           
05222a020519106088サンマルディライト　　　　　　　　　  8.4  2.5  8.5  9.0  5.8 11  0.0                           
05222a020619104530ブランショセット　　　　　　　　　　  4.0  1.6 16.5 19.1 12.0 17  0.0                           
05222a020719101119テンクウノツバサ　　　　　　　　　　 12.9  3.2  2.3 -2.7 -0.3  5  0.0                           
05222a020819101787ヒメカミノメガミ　　　　　　　　　　 13.4  3.3 -2.5  6.4  1.6  7 13.0                           
05222a020919104639サトノストロング　　　　　　　　　　  3.6  1.5 17.9 21.9 13.4 18 15.9                           
05222a021019104144ライフゴーズオン　　　　　　　　　　173.0 33.2-11.6-15.8 -9.3 -4  0.0                           
05222a021119101459オレノスゴワザ　　　　　　　　　　　 57.7 11.5-11.6-10.8 -7.4 -2  0.0  0                        
05222a021219101180パルフェグラッセ　　　　　　　　　　 11.1  2.8  5.0  4.4  3.1  8  0.0                           
05222a021319105944サクソフォン　　　　　　　　　　　　 98.0 19.1-11.6-12.7 -8.1 -3  0.0                           
05222a021419105651ナックメジャー　　　　　　　　　　　 85.0 16.6-12.1 -6.1 -5.9 -1  0.0                           
05222a021519101956キタノホマレボシ　　　　　　　　　　 20.9  4.8  5.7 -9.7 -1.8  3  0.0                           
05222a030119100147ジュンツバサニセイ　　　　　　　　　109.2 19.2-12.6-10.6 -7.7 -3  0.0                           
05222a030219104897デルマゴモリー　　　　　　　　　　　 69.2 12.4 -8.8-10.0 -6.3 -1  0.0                           
05222a030319105310ベロア　　　　　　　　　　　　　　　 16.0  3.5  2.7  4.2  2.3  7  0.0                           
05222a030419105772ジュレップグラス　　　　　　　　　　 60.7 10.9-12.1 -2.0 -4.4  1  0.0                           
05222a030519104662ピアツァサンマルコ　　　　　　　　　190.7 33.0-12.6-10.0 -7.4 -2  0.0                           
05222a030619105341シュホ　　　　　　　　　　　　　　　 21.0  4.4 -5.0  5.8  0.6  6  0.0                           
05222a030719104776ライブインステラ　　　　　　　　　　 27.1  5.4 -6.6-13.1 -6.8 -2  0.0                           
05222a030819104683デルマエルフ　　　　　　　　　　　　 45.1  8.5-10.7 -8.9 -6.5 -1  0.0                           
05222a030919104001アメイジングアイル　　　　　　　　　 23.8  4.8 -3.4  8.0  1.9  7  0.0                           
05222a031019110108ムーディナイル　　　　　　　　　　　 20.6  4.3 -1.5 -2.0 -1.2  4  0.0                           
05222a031119100795ヒメゴゼン　　　　　　　　　　　　　 39.9  7.6-10.3 -7.6 -5.9 -1  0.0                           
05222a031219110025レイヴンズコー　　　　　　　　　　　  4.5  1.6 18.2 12.8 10.2 15  8.7                           
05222a031319104159カヨウネンカ　　　　　　　　　　　　  5.5  1.8 18.5 15.9 11.4 16  9.4                           
05222a031419109057カゼノカケハシ　　　　　　　　　　　224.0 38.6-12.6-17.2-10.1 -5  0.0                           
05222a031519104764ジェットグリッター　　　　　　　　　  8.5  2.3  6.9  8.0  5.0 10 10.1                           
05222a031619105288ジュンエキサイト　　　　　　　　　　 39.3  7.5-12.1-11.9 -8.0 -3  0.0                           
05222a031719105454ルージュエクレール　　　　　　　　　  2.6  1.3 19.0 25.0 14.9 20 15.9C 2                        
05222a031819103560ユイノペニーワイズ　　　　　　　　　 12.9  3.0  6.9  8.0  5.0 10 10.8                           
05222a040119101396フォーユーランラン　　　　　　　　　 27.3  5.3 -6.1 -9.7 -5.4  0  0.0                           
05222a040219105492レッドミラージュ　　　　　　　　　　  3.0  1.3 17.8 19.7 12.6 18 15.9                           
05222a040319103749ティンタルレ　　　　　　　　　　　　 14.2  3.1  3.9  1.5  1.7  7 11.6                           
05222a040419106742フィレンツェ　　　　　　　　　　　　  4.6  1.6 14.1 10.5  8.1 13  0.0                           
05222a040519102703ダビド　　　　　　　　　　　　　　　 41.0  7.7-10.3 -8.0 -6.0 -1  0.0                           
05222a040619100802コスモマチルダ　　　　　　　　　　　 32.2  6.2-12.1-15.5 -9.3 -4  0.0  0                        
05222a040719103221ローズナイトシチー　　　　　　　　　  7.6  2.1 10.7 14.8  8.6 14  0.0                           
05222a040819102927アカカゲ　　　　　　　　　　　　　　 17.7  3.7 -8.5 -8.0 -5.5  0  0.0                           
05222a040919105427ウェイマーク　　　　　　　　　　　　  3.4  1.4 14.1 13.5  9.2 14 17.3                           
05222a041019101490マリノラテ　　　　　　　　　　　　　 43.0  8.0-14.7-20.0-11.7 -7  0.0  0                        
05222a041119105817ホウオウカグヤ　　　　　　　　　　　 11.9  2.7  8.3-11.5 -1.7  3 10.8                           
05222a041219100143ジャンヌノツルギ　　　　　　　　　　 31.7  6.1  0.6-15.7 -5.6 -1  0.0  0                        
05222a041319101199ビービードルチェ　　　　　　　　　　 50.7  9.3-14.7-15.7-10.2 -5  0.0  0                        
05222a050119110118シェイリーン　　　　　　　　　　　　  4.1  1.6 14.0  8.8  7.4 27 17.3                           
05222a050219103638ヴァンダービルト　　　　　　　　　　  5.6  1.8 15.9 10.2  8.5 29 10.1                           
05222a050319100388マサノパドゥシャ　　　　　　　　　　 27.8  5.8 -3.7 -2.6 -2.1 18  0.0                           
05222a050419105773フォトスフィア　　　　　　　　　　　 42.1  8.4 -6.9 -7.6 -4.9 15  0.0                           
05222a050519101923セイカフォルゴーレ　　　　　　　　　 57.7 10.9 -6.9  7.8  0.8 21  0.0                           
05222a050619106238グローリー　　　　　　　　　　　　　111.8 20.6 -6.0-15.5 -7.5 13  0.0  0                        
05222a050719100463カブラヤジョウ　　　　　　　　　　　 49.6  9.7-10.3-12.9 -7.8 12  0.0                           
05222a050819101263アポロリヤム　　　　　　　　　　　　 12.0  2.9 11.3 10.5  7.2 27  0.0                           
05222a050919103610ニシノアナ　　　　　　　　　　　　　 48.9  9.6-12.1-12.9 -8.4 12  0.0                           
05222a051019102884ゲンパチプライド　　　　　　　　　　 58.6 11.1-12.1-10.0 -7.3 13  0.0                           
05222a051119105429レイワホマレ　　　　　　　　　　　　  5.5  1.8 19.6 13.1 10.7 31  0.0                           
05222a051219101741イグザルト　　　　　　　　　　　　　  3.0  1.4 19.3 23.7 14.5 34 15.9                           
05222a051319102922ゼンカイテン　　　　　　　　　　　　 14.0  3.3 -2.9  4.1  0.6 21  0.0                           
05222a051419101359シャインフォール　　　　　　　　　　 18.0  4.0  3.9 -5.1 -0.7 19 12.2                           
05222a051519105766アメトリーチェ　　　　　　　　　　　 28.9  5.9 -6.6  6.0  0.2 20  0.0                           
05222a051619100937ニシノコニャック　　　　　　　　　　 35.4  7.1-12.1 -8.7 -6.8 13  0.0                           
05222a060118100976デルマタモン　　　　　　　　　　　　 12.1  3.1  2.2 -0.2  0.6 21  0.0                           
05222a060218100720ゲットアップ　　　　　　　　　　　　 16.6  4.0 -2.7  5.2  1.1 21 26.0                           
05222a060317100682サイモンルグラン　　　　　　　　　　 10.9  2.8 -3.9  1.7 -0.5 19  0.0                           
05222a060418105621セイウンオードリー　　　　　　　　　 17.8  4.2  2.3 -2.0  0.0 20  0.0                           
05222a060517105267ショコラブリアン　　　　　　　　　　 14.2  3.5 -9.3  9.6  0.7 21  0.0                           
05222a060618103048ノームストリーム　　　　　　　　　　 27.8  6.1 -5.1  3.8 -0.1 20  0.0                           
05222a060718103809アルコディオーサ　　　　　　　　　　 47.4  9.9 -3.2-12.7 -5.6 14  0.0                           
05222a060818101425ジョイライド　　　　　　　　　　　　 90.6 17.8-12.1-15.8 -9.4 11  0.0                           
05222a060918100266クラウンゼロ　　　　　　　　　　　　 66.6 13.3-11.6-10.0 -7.1 13  0.0                           
05222a061018101497デリシュレーヌ　　　　　　　　　　　 23.7  5.3  6.0  7.3  4.5 24  0.0                           
05222a061118109026ヴルカーノ　　　　　　　　　　　　　  3.9  1.6 12.6 12.5  8.4 28 17.3                           
05222a061218102000ユイノチャッキー　　　　　　　　　　  6.2  2.0  8.5 -2.0  1.8 22  0.0                           
05222a061318101171トランセンドパスト　　　　　　　　　 17.0  4.0 -0.5 -2.3 -1.0 19  0.0                           
05222a061417101057チュウワジョーダン　　　　　　　　　  3.8  1.6 19.0 20.0 13.0 33 15.9                           
05222a061515102743クリノクーニング　　　　　　　　　　 34.5  7.4 -2.3  9.5  2.8 23  0.0                           
05222a061618103477ホウオウヴォーヌ　　　　　　　　　　 13.8  3.4  6.0  8.3  4.8 25  0.0                           
05222a070118102917ネイチャーシップ　　　　　　　　　　  5.1  1.7 12.1 25.7 13.1 33 17.3                           
05222a070216100742ナミブ　　　　　　　　　　　　　　　 29.3  5.8-12.1-10.8 -7.6 12  0.0  0                        
05222a070318104833カレンレベンティス　　　　　　　　　  6.2  1.9  8.8  9.2  6.0 26  0.0                           
05222a070417106699ナムラドン　　　　　　　　　　　　　 14.8  3.3  1.7  8.5  3.6 24 12.2                           
05222a070518104932アスクヒーロー　　　　　　　　　　　  6.2  1.9 13.8  4.6  5.8 26  9.4                           
05222a070618104917レベランス　　　　　　　　　　　　　  2.5  1.3 19.4 17.0 12.1 32  8.0                           
05222a070718104957エクスインパクト　　　　　　　　　　  6.2  1.9  6.2  5.8  4.0 24  0.0                           
05222a070816102904ボンベール　　　　　　　　　　　　　 12.1  2.8  9.2  6.0  5.0 25 11.5                           
05222a070916104234ピンシェル　　　　　　　　　　　　　 15.5  3.4 -1.8  7.3  2.1 22  0.0                           
05222a071017105978シンクロゲイザー　　　　　　　　　　 39.5  7.6-14.7-15.5-10.1 10  0.0  0                        
05222a080118104778フジマサインパクト　　　　　　　　　  8.5  2.7  6.8  4.8  3.8 34 11.6                           
05222a080218104574ローズボウル　　　　　　　　　　　　  4.4  1.8 11.6  8.0  6.4 36  8.0                           
05222a080318103149メイショウヨシテル　　　　　　　　　  5.2  1.9 15.2  9.4  8.0 38  0.0                           
05222a080418101516トモジャリア　　　　　　　　　　　　  7.0  2.4  7.4 23.5 10.8 41  0.0  2                        
05222a080517105706ウインレゼルヴ　　　　　　　　　　　 43.4 10.0-10.3 -2.1 -3.9 26  0.0                           
05222a080618100390サンライズゴラッソ　　　　　　　　　 12.9  3.5 -0.9  6.4  2.1 32  0.0                           
05222a080716104987コバルトブルー　　　　　　　　　　　 33.5  7.9 -3.8-10.9 -5.1 25  0.0                           
05222a080818100443ショウナンアーチー　　　　　　　　　  5.5  2.0 18.8 11.9 10.0 40 10.1                           
05222a080917104818ダルムシュタット　　　　　　　　　　 91.3 19.8-12.1-10.8 -7.6 22  0.0                           
05222a081018104665ダノンブレット　　　　　　　　　　　  5.0  1.9 17.7 20.6 12.9 43 17.3                           
05222a081117105439キングサーガ　　　　　　　　　　　　  8.8  2.8  5.8  6.5  4.1 34  0.0                           
05222a081217100450トップリーチ　　　　　　　　　　　　 39.3  9.1-12.1-16.2 -9.6 20  0.0  0                        
05222a081317106232オウケンロジータ　　　　　　　　　　 28.1  6.7 -6.9-20.0 -9.4 21 13.7  0                        
05222a090118104837ノーダブルディップ　　　　　　　　　  6.7  1.7  8.7  6.2  4.9 35 20.2                           
05222a090217105048アルディエンテ　　　　　　　　　　　 12.7  2.4  4.0-10.4 -2.6 27  0.0                           
05222a090318105321カランドゥーラ　　　　　　　　　　　  3.3  1.3 16.1 17.5 11.2 41 17.3                           
05222a090418103407アールバロン　　　　　　　　　　　　  8.7  2.0  4.1  5.2  3.1 33  0.0                           
05222a090516102550シュブリーム　　　　　　　　　　　　 21.7  3.6  2.4-10.5 -3.1 27  0.0                           
05222a090618105654ジェフリー　　　　　　　　　　　　　 39.1  6.0-12.6-10.0 -7.4 23  0.0                           
05222a090718105274アンダープロット　　　　　　　　　　  2.1  1.2 22.6 20.3 14.2 44 15.9                           
05222a090817105642トゥルーヴィル　　　　　　　　　　　  6.2  1.6 11.1  9.4  6.8 37  0.0                           
05222a090916100368オンワードセルフ　　　　　　　　　　 47.8  7.2-12.9-10.1 -7.6 22  0.0                           
05222a100114100555ヤマニンペダラーダ　　　　　　　　　 28.3  6.6-12.9-10.1 -7.6 27  0.0                           
05222a100218106504サトノアイ　　　　　　　　　　　　　 12.0  3.2  8.9  9.7  6.2 41 23.1                           
05222a100315101786ニシノキントウン　　　　　　　　　　 51.8 11.6 -9.9-10.1 -6.7 28  0.0                           
05222a100418106077イルクオーレ　　　　　　　　　　　　 19.5  4.8 -3.0-12.1 -5.3 30  0.0                           
05222a100518104910アヴェラーレ　　　　　　　　　　　　  4.2  1.7 18.0 15.6 11.1 46  0.0  5                        
05222a100617105298ストーンリッジ　　　　　　　　　　　  8.5  2.7  5.2 14.8  7.0 42 10.9                           
05222a100718106318メイショウシンタケ　　　　　　　　　  7.3  2.4 12.2 11.1  7.7 43 10.1                           
05222a100818104696タイニーロマンス　　　　　　　　　　 12.7  3.4 -1.5  1.2  0.0 35  0.0                           
05222a100915105082ムスコローソ　　　　　　　　　　　　 67.6 14.5-12.1-12.7 -8.3 27  0.0                           
05222a101017102946オシリスブレイン　　　　　　　　　　 55.5 12.0-11.6-12.7 -8.1 27  0.0                           
05222a101118104750テンハッピーローズ　　　　　　　　　  4.7  1.8 20.7 13.5 11.2 46  8.6                           
05222a101217110172ハリーバローズ　　　　　　　　　　　 78.0 16.6-12.9-10.1 -7.6 27  0.0                           
05222a101316100881ショウナンアオゾラ　　　　　　　　　 42.7  9.6-12.1-12.8 -8.3 27  0.0                           
05222a101415101707ルーカス　　　　　　　　　　　　　　 13.5  3.5 -2.7 -6.9 -3.3 32  0.0  0                        
05222a101516101865カルリーノ　　　　　　　　　　　　　 34.5  7.9-10.4-12.8 -7.8 27  0.0                           
05222a101617106547セルフィー　　　　　　　　　　　　　 45.6 10.3 -9.8-10.1 -6.6 28  0.0                           
05222a101718110037ブルースピリット　　　　　　　　　　  5.5  2.0 14.5 21.0 12.1 47  9.4                           
05222a110119102788ウォーターナビレラ　　　　　　　　　 12.7  3.2  3.8 -0.9  0.8 61  0.0  5                        
05222a110219105565スタニングローズ　　　　　　　　　　 15.2  3.7 -4.5 -6.3 -3.7 56  0.0                           
05222a110319104074アートハウス　　　　　　　　　　　　  4.7  1.8 16.2 23.2 13.4 73 17.7                           
05222a110419104831ルージュエヴァイユ　　　　　　　　　 15.0  3.7  6.6  7.6  4.8 65 13.0                           
05222a110519104057サウンドビバーチェ　　　　　　　　　 57.2 11.8 -8.5 -8.3 -5.6 54  0.0                           
05222a110619106342サークルオブライフ　　　　　　　　　  3.5  1.6 20.5 18.5 12.9 73 15.9                           
05222a110719105340ホウオウバニラ　　　　　　　　　　　 49.4 10.5-11.8-10.2 -7.3 53  0.0                           
05222a110819105213ナミュール　　　　　　　　　　　　　 12.6  3.2  6.3  7.0  4.5 64  0.0                           
05222a110919105448エリカヴィータ　　　　　　　　　　　 11.7  3.0 -0.2 14.5  5.3 65  0.0                           
05222a111019107033ラブパイロー　　　　　　　　　　　　156.6 31.1-12.1-10.5 -7.5 53  0.0                           
05222a111119105415ベルクレスタ　　　　　　　　　　　　 14.5  3.6 -1.7 10.9  3.5 63  0.0                           
05222a111219103588ライラック　　　　　　　　　　　　　 40.4  8.7 -5.7-12.9 -6.4 54  0.0                           
05222a111319104483パーソナルハイ　　　　　　　　　　　 35.8  7.8 -8.7-12.6 -7.2 53  0.0                           
05222a111419100796シーグラス　　　　　　　　　　　　　 59.5 12.2-11.6-10.8 -7.4 53  0.0                           
05222a111519102772ピンハイ　　　　　　　　　　　　　　 62.9 12.9-11.3-10.2 -7.1 53  0.0                           
05222a111619105226プレサージュリフト　　　　　　　　　 16.1  3.9 -1.5 -6.1 -2.7 57  0.0  5                        
05222a111719100935ニシノラブウインク　　　　　　　　　 57.5 11.8-12.1 -2.0 -4.4 56  0.0                           
05222a111819104740スターズオンアース　　　　　　　　　  5.7  2.0 10.7  9.1  6.5 67  9.4                           
05222a120115104549テトラルキア　　　　　　　　　　　　 19.6  4.4 -3.6-10.5 -4.9 30  0.0                           
05222a120217104652フィロロッソ　　　　　　　　　　　　 12.1  3.0 -1.1 -3.4 -1.6 33  0.0                           
05222a120316105042キスラー　　　　　　　　　　　　　　  9.5  2.7  4.3 13.1  6.1 41 10.1                           
05222a120416104564ニューポート　　　　　　　　　　　　 47.7  9.5-12.9-10.1 -7.6 27  0.0                           
05222a120516105493ホウオウエーデル　　　　　　　　　　 22.1  4.8  4.9 13.9  6.6 42  0.0                           
05222a120616100171アイファーキングズ　　　　　　　　　 25.9  5.5 -7.3 -7.0 -4.8 30  0.0                           
05222a120717104687アジャストザルート　　　　　　　　　 18.3  4.1  1.0 -5.6 -1.8 33 12.2                           
05222a120817102848アベックフォルス　　　　　　　　　　 11.1  2.8  7.7  8.0  5.2 40 10.9                           
05222a120918106571メイショウフンジン　　　　　　　　　  4.1  1.7 19.5 24.5 14.8 50  8.7  2                        
05222a121017105506トラモント　　　　　　　　　　　　　  9.3  2.6  7.1-14.9 -3.3 32  0.0  0                        
05222a121118105506スーパーフェイバー　　　　　　　　　 56.6 10.9-12.9-11.4 -8.1 27  0.0                           
05222a121216104397タイセイモナーク　　　　　　　　　　 23.7  5.1 -5.1-10.1 -5.2 30  0.0                           
05222a121315100748マイネルカイノン　　　　　　　　　　 33.0  6.8 -9.1-10.1 -6.4 29  0.0                           
05222a121418110114ジャスパードリーム　　　　　　　　　 25.9  5.5 -8.9 -8.7 -5.9 29  0.0                           
05222a121516103327エンダウメント　　　　　　　　　　　 18.7  4.2 -5.1  2.3 -0.7 34  0.0                           
05222a121617104104オンザフェーヴル　　　　　　　　　　  3.2  1.5 19.8 19.5 13.1 48 15.9                           
072236010119100871ブルーノート　　　　　　　　　　　　  8.2  2.3  9.3 13.9  7.6 13  0.0                           
072236010219103421テイエムフェロー　　　　　　　　　　 10.8  2.6  2.6  3.9  2.1  7 15.4                           
072236010319102292タイガークリスエス　　　　　　　　　  5.7  1.8 14.0 17.2 10.3 15 19.1                           
072236010419100075ルナリュミエール　　　　　　　　　　 65.8 12.2-11.5-11.0 -7.5 -3  0.0                           
072236010519103276オーシンプラス　　　　　　　　　　　 14.1  3.2  4.4-12.6 -2.2  3  0.0                           
072236010619100683パレフォーコン　　　　　　　　　　　  2.6  1.3 19.9  8.2  9.8 15 16.2                           
072236010719106426ニホンピロペリー　　　　　　　　　　 37.9  7.5 -7.6-18.5 -8.3 -3  0.0  0                        
072236010819103121ユメコイ　　　　　　　　　　　　　　 49.3  9.5 -9.3-11.5 -6.9 -2  0.0                           
072236010919102635オースミリン　　　　　　　　　　　　 65.3 12.1 -8.2-12.4 -6.7 -2  0.0                           
072236011019103769ミーナティエルナ　　　　　　　　　　 20.0  4.3 -2.0-11.2 -4.1  1  0.0                           
072236011119104038メイショウアスカゼ　　　　　　　　　 48.4  9.4-11.5 -8.3 -6.7 -2  0.0                           
072236011219106589タマモテラコッタ　　　　　　　　　　 24.8  5.1 -2.4  6.1  0.9  6  0.0                           
072236011319106156ルクスマイティー　　　　　　　　　　  5.1  1.7  7.4 13.8  6.9 12 17.7                           
072236011419106501フレイエ　　　　　　　　　　　　　　 55.5 10.4 -8.8 -8.4 -5.7 -1  0.0                           
072236011519105013トーアレインボー　　　　　　　　　　 14.2  3.3 -0.8 -9.5 -3.1  2  0.0                           
072236011619103369グリーンエンジェル　　　　　　　　　 48.4  9.4-11.5-12.2 -7.9 -3  0.0                           
072236020119101019タマモモンレーブ　　　　　　　　　　 18.7  4.3 -4.2-14.3 -5.8 -1  0.0                           
072236020219106437ランドフェニックス　　　　　　　　　 43.8  9.0-11.8-16.9 -9.4 -4  0.0  0                        
072236020319102931スターオブサバイブ　　　　　　　　　 13.2  3.2 -2.1 -4.2 -2.0  3  0.0                           
072236020419101201イロコイザタ　　　　　　　　　　　　 31.8  6.7 -9.3  5.7 -1.7  3  0.0                           
072236020519107011スーパーショット　　　　　　　　　　 62.1 12.2 -9.3-14.1 -7.6 -3  0.0                           
072236020619104919ラウドスピリッツ　　　　　　　　　　  8.9  2.6  9.7 12.9  7.4 12 14.4                           
072236020719103079ディープギルドン　　　　　　　　　　 14.6  3.5 -3.1 11.8  2.4  7  0.0  4                        
072236020819106069ウインアラジン　　　　　　　　　　　  8.0  2.4 11.5  6.7  6.2 11  0.0                           
072236020919110010チャリタブルソート　　　　　　　　　  3.0  1.5 19.7 22.0 13.8 19 16.2                           
072236021019100323ケイアイメビウス　　　　　　　　　　 35.5  7.4-10.6 -8.7 -6.5 -1  0.0  0                        
072236021119103021ロードブライト　　　　　　　　　　　  8.9  2.6 10.1 10.2  6.8 12 22.1                           
072236021219106527レディベル　　　　　　　　　　　　　  4.8  1.8 10.8 17.2  9.1 14 17.7                           
072236021319100378テイエムアルプス　　　　　　　　　　 52.8 10.7-12.2 -7.0 -6.6 -2  0.0                           
072236021419102520ファイブジー　　　　　　　　　　　　 15.6  3.7 -5.3-14.2 -6.2 -1  0.0                           
072236021519104780ノブフェーヴル　　　　　　　　　　　 22.2  4.9-11.5 -6.8 -6.3 -1  0.0                           
072236021619104932スヴィルカーチ　　　　　　　　　　　 27.5  5.9 -9.9 -4.8 -5.1  0  0.0                           
072236030119103598パーシスト　　　　　　　　　　　　　 36.6  5.6-13.2-10.2 -7.9 -3  0.0                           
072236030219101635サトノリーベ　　　　　　　　　　　　  2.2  1.2 22.4 21.2 14.6 20 16.2  1  126   59              
072236030319106048ヘクトパスカル　　　　　　　　　　　  5.1  1.5 15.4 15.4 10.3 15  0.0                           
072236030419105349ルージュラジョア　　　　　　　　　　 17.4  3.1 -1.7  0.3 -0.5  4  0.0                           
072236030519104840デルマピクシー　　　　　　　　　　　 29.8  4.7-11.5-10.2 -7.3 -2  0.0                           
072236030619103712メイショウホオベニ　　　　　　　　　 28.8  4.6 -7.6-12.4 -6.5 -2  0.0                           
072236030719103125ウォーターレクラ　　　　　　　　　　  3.1  1.3 15.8 21.1 12.1 17 17.7                           
072236030819105803ブリリアントギフト　　　　　　　　　 28.9  4.6-11.5 -2.2 -4.9  0  0.0                           
072236030919105407セラディーン　　　　　　　　　　　　 10.7  2.1 10.5  9.1  6.6 12  0.0                           
072236031019105157レプリューム　　　　　　　　　　　　 10.9  2.2  8.8 12.8  7.1 12 15.4                           
072236040119102603クロゴマプリン　　　　　　　　　　　 78.5 15.4-11.5 -8.4 -6.7 -2  0.0                           
072236040219102328コパノサンタフェ　　　　　　　　　　 45.9  9.5-11.5  7.0 -2.1  3  0.0                           
072236040319106028ピースキーパー　　　　　　　　　　　  8.1  2.4  2.9  6.7  3.1  8  0.0                           
072236040419104779ナーサック　　　　　　　　　　　　　 48.6 10.1 -3.9-14.5 -5.8 -1  0.0                           
072236040519104071サウンドヴァージル　　　　　　　　　 28.7  6.2 -7.6 13.1  1.1  6  0.0  1  181   50              
072236040619104469ベニテマリ　　　　　　　　　　　　　 45.9  9.5-11.5 -9.9 -7.2 -2  0.0                           
072236040719103199ジョーリベリカ　　　　　　　　　　　 51.6 10.6 -7.6  7.3 -0.6  4  0.0                           
072236040819104108エナジーグラン　　　　　　　　　　　  3.3  1.5 17.1 13.7 10.4 15 16.2                           
072236040919101682ジーツーガッキー　　　　　　　　　　  5.9  2.0 12.9 13.5  8.8 14  0.0                           
072236041019102923ヴァハマ　　　　　　　　　　　　　　 47.5  9.8 -7.3-10.2 -5.7 -1  0.0                           
072236041119100666イラーレ　　　　　　　　　　　　　　  4.4  1.7 15.3 19.5 11.5 16 17.7                           
072236041219106682ロックユアハート　　　　　　　　　　 15.8  3.8  2.9 10.1  4.1  9 16.5                           
072236041319104106マリヨンヌ　　　　　　　　　　　　　 17.3  4.1 -0.6 -8.4 -2.7  2  0.0                           
072236041419103334インペリアス　　　　　　　　　　　　  9.1  2.6 -0.9  3.0  0.6  6  0.0                           
072236041519101844カント　　　　　　　　　　　　　　　 47.4  9.8-11.5 -8.1 -6.6 -2  0.0                           
072236041619102979エイシンスポッター　　　　　　　　　 16.2  3.8 -2.0  1.0 -0.4  5 25.0                           
072236041719100144メイマックス　　　　　　　　　　　　 74.3 14.6-11.5 -6.7 -6.2 -1  0.0                           
072236041819110098エントリーコード　　　　　　　　　　 18.1  4.2  3.2  0.4  1.3  6  0.0                           
072236050119101872オータムソング　　　　　　　　　　　 18.7  3.5  3.4  0.8  1.5  6  0.0                           
072236050219100198ウインシュプリーム　　　　　　　　　 32.4  5.6 -8.8 -8.1 -5.7 -1  0.0                           
072236050319107000タマテバコ　　　　　　　　　　　　　 19.9  3.7  1.3  2.5  1.2  6  0.0                           
072236050419102987ナヴィゲイター　　　　　　　　　　　 30.4  5.2-11.5-10.2 -7.3 -2  0.0                           
072236050519101703ナリタクオン　　　　　　　　　　　　  8.9  2.2 12.5  5.9  6.4 11  0.0                           
072236050619104091メイショウブレゲ　　　　　　　　　　  3.8  1.4 15.4 23.1 12.6 18 12.4  2                        
072236050719104004タイキフリード　　　　　　　　　　　 17.1  3.3-11.5  5.2 -2.7  2  0.0                           
072236050819106353エバーグロー　　　　　　　　　　　　 17.2  3.3 -5.4 11.1  1.4  6  0.0                           
072236050919100654セピアーチェ　　　　　　　　　　　　 22.5  4.1 -2.0  5.4  0.9  6  0.0                           
072236051019105229ダノンソフィア　　　　　　　　　　　  2.2  1.2 21.8 22.9 14.9 20 16.2                           
072236051119106683グロー　　　　　　　　　　　　　　　  4.9  1.5 15.7 15.7 10.5 15 19.1                           
072236060119100026ベルドラゴ　　　　　　　　　　　　　 17.9  4.0  0.4  9.2  2.9 23  0.0                           
072236060219103831スズカワールド　　　　　　　　　　　 16.6  3.7 -0.9  8.6  2.3 22  0.0                           
072236060319110117キュートヴィラン　　　　　　　　　　  6.3  2.0 11.4  9.4  7.0 27 14.4                           
072236060419105232ルージュルミナス　　　　　　　　　　 26.4  5.5 -2.6  7.1  1.2 21  0.0                           
072236060519103928コパノフランシス　　　　　　　　　　 35.1  7.0-12.2-12.6 -8.3 12  0.0                           
072236060619104464ハーツアズワン　　　　　　　　　　　  2.9  1.4 19.4 19.4 12.9 33 16.2                           
072236060719102269ラパンドネージュ　　　　　　　　　　 34.5  6.9-11.5 -8.4 -6.7 13  0.0                           
072236060819101156ゴッドクインビー　　　　　　　　　　 21.1  4.6 -7.6-11.3 -6.2 14  0.0                           
072236060919105913ライラボンド　　　　　　　　　　　　  4.2  1.5 15.4 14.7 10.1 30 17.7                           
072236061019106148シンリミテス　　　　　　　　　　　　 21.1  4.6  1.3  5.0  2.0 22  0.0                           
072236061119101479ウインアウォード　　　　　　　　　　 20.1  4.4 -9.3-13.5 -7.5 13  0.0                           
072236061219105819バンドールロゼ　　　　　　　　　　　 34.0  6.8-11.5 -8.3 -6.7 13  0.0                           
072236061319104660フラップシグナス　　　　　　　　　　  4.3  1.6 17.3 23.1 13.3 33 19.1                           
072236070118104628レンツシュピッツェ　　　　　　　　　  4.0  1.4 14.6 13.5  9.4 29 12.4                           
072236070217102744ヒルノブルージュ　　　　　　　　　　 11.0  2.2  2.8  6.7  3.0 23 22.1                           
072236070318106232ヨロシオスナ　　　　　　　　　　　　  5.8  1.6 13.1 13.6  8.9 29  0.0                           
072236070417106220ブロフェルド　　　　　　　　　　　　 12.5  2.4  2.1  1.8  1.3 21  0.0                           
072236070518106383ヴェラート　　　　　　　　　　　　　 19.3  3.3 -7.1 -8.4 -5.1 15  0.0                           
072236070618105327キタサンシンドー　　　　　　　　　　  7.8  1.9 11.8  0.6  4.5 25  0.0                           
072236070718100679インテンスフレイム　　　　　　　　　  1.9  1.2 21.6 32.7 17.7 38 16.2                           
072236070818104909ラリック　　　　　　　　　　　　　　 18.3  3.2 -9.3 -7.5 -5.7 14  0.0                           
072236080118106425ドリアード　　　　　　　　　　　　　 28.7  5.8 -9.3 14.6  1.0 21  0.0                           
072236080218104324モンストルシチー　　　　　　　　　　 30.0  6.1-12.2-13.0 -8.4 12  0.0                           
072236080317105177アルマフォルト　　　　　　　　　　　 27.0  5.5 -7.6  1.3 -2.4 18  0.0                           
072236080418103406トーホウディアス　　　　　　　　　　  2.6  1.4 19.3 16.1 11.9 32 16.2                           
072236080516100288クワイエット　　　　　　　　　　　　 58.5 10.9-11.5-18.5 -9.8 10  0.0  0                        
072236080618105239プラウドルック　　　　　　　　　　　  8.4  2.4  6.1 11.2  5.6 26  0.0                           
072236080717104215プリティユニバンス　　　　　　　　　 34.3  6.8-12.2-14.8 -8.9 11  0.0  0                        
072236080817102403ヴィースバーデン　　　　　　　　　　 25.4  5.2 -2.3 -1.2 -1.2 19  0.0                           
072236080917105123ナイトオブレディ　　　　　　　　　　 40.0  7.9-11.5-15.3 -8.8 11  0.0                           
072236081018104663タウゼントシェーン　　　　　　　　　  8.8  2.5  9.2 11.1  6.7 27 16.5                           
072236081118104616マイプレシャス　　　　　　　　　　　 22.2  4.7 -3.1 15.0  3.4 23  0.0                           
072236081218100659クァンタムレルム　　　　　　　　　　  7.0  2.1 14.3  5.5  6.9 27  0.0                           
072236081318105273アメイジングタイム　　　　　　　　　  4.9  1.7 12.3 15.1  9.0 29 17.7                           
072236081417100351キングインパクト　　　　　　　　　　  6.9  2.1 11.6 14.1  8.5 28 19.1  4                        
072236090116103962ヴィント　　　　　　　　　　　　　　 44.4  8.1-11.8-16.4 -9.2 21  0.0                           
072236090217106125メイショウボサツ　　　　　　　　　　  5.9  1.8 13.7 10.4  8.1 38 20.6                           
072236090318104669ダノンドリーマー　　　　　　　　　　  4.3  1.5 14.4 16.6 10.3 40 17.7  3                        
072236090418103730タイセイドリーマー　　　　　　　　　 25.9  5.0 -0.2  2.9  0.8 31  0.0                           
072236090516103041レッドクーゲル　　　　　　　　　　　 20.9  4.3 -0.1  7.2  2.1 32  0.0                           
072236090615102942キボウノダイチ　　　　　　　　　　　 40.6  7.5 -9.4-10.2 -6.5 23  0.0                           
072236090718102172マイネルマーティン　　　　　　　　　  7.6  2.1  6.2 -2.2  1.6 32  0.0                           
072236090816105171ピノクル　　　　　　　　　　　　　　 16.4  3.5 -8.8 -7.2 -5.4 25  0.0  0                        
072236090916102113ケルンキングダム　　　　　　　　　　 16.4  3.5  4.8  5.1  3.3 33  0.0                           
072236091018101562カフジアスール　　　　　　　　　　　  5.7  1.8 14.5 15.0  9.8 40 13.4  4                        
072236091118100043ロワンディシー　　　　　　　　　　　  2.5  1.3 18.6 26.0 14.6 45 16.2                           
072236100119102202スマートビクター　　　　　　　　　　 24.1  4.4-10.9  1.9 -3.4 42  0.0  5                        
072236100219105167セイルオンセイラー　　　　　　　　　  4.2  1.5 14.1 15.4  9.8 55 17.7                           
072236100319101668サンライズジャスト　　　　　　　　　 12.2  2.6  7.0  4.3  3.9 49  0.0                           
072236100419110104ラヤス　　　　　　　　　　　　　　　 11.3  2.4 -0.6  6.3  1.7 47  0.0                           
072236100519100286カンピオーネ　　　　　　　　　　　　  6.5  1.8 12.6 11.7  8.1 53 20.6                           
072236100619102705ヒデノレインボー　　　　　　　　　　 23.0  4.2 -2.8  7.0  1.1 46  0.0                           
072236100719105308タイセイドレフォン　　　　　　　　　  5.7  1.7  5.7 11.8  5.6 51 13.4                           
072236100819106923ウッドショック　　　　　　　　　　　 32.8  5.7-11.5-12.4 -7.9 37  0.0                           
072236100919103506エアフォースワン　　　　　　　　　　 23.7  4.3 -5.8  5.0 -0.6 44  0.0                           
072236101019100630ハピ　　　　　　　　　　　　　　　　  2.2  1.2 21.6 20.5 14.1 59 16.2                           
072236110117103616ワルツフォーラン　　　　　　　　　　 14.4  3.3 -1.9  6.0  1.1 36  0.0                           
072236110217110152サイモンハロルド　　　　　　　　　　 49.5  9.6-11.5 -2.1 -4.8 30  0.0                           
072236110317101367ゼンノジャスタ　　　　　　　　　　　 13.1  3.1  0.4  0.8  0.4 35 16.5                           
072236110416106292オールイズウェル　　　　　　　　　　  8.2  2.3 10.1 18.5  9.3 44 19.1                           
072236110518104894トーセンアラン　　　　　　　　　　　  2.4  1.3 21.6 21.4 14.3 49 16.2                           
072236110615103374バーニングペスカ　　　　　　　　　　 23.5  4.9 -4.4  4.2 -0.4 35  0.0                           
072236110717101731ダイシンイナリ　　　　　　　　　　　 13.1  3.1 -1.2  3.6  0.6 36  0.0  1  203   38              
072236110817104129イバル　　　　　　　　　　　　　　　  6.0  2.0  8.4  5.1  4.6 40 17.7                           
072236110915110028アメリカンファクト　　　　　　　　　 30.5  6.2 -9.5 -7.1 -5.6 29  0.0                           
072236111016110161カフェクラウン　　　　　　　　　　　 25.2  5.2 -6.5-11.2 -5.7 29  0.0                           
072236111118100039イディオム　　　　　　　　　　　　　 17.0  3.8  0.4-10.6 -3.0 32  0.0                           
072236111213106472オーマイガイ　　　　　　　　　　　　 22.0  4.6 -3.4  6.7  0.8 36  0.0                           
072236111318100700スカーレットスカイ　　　　　　　　　 11.1  2.7  9.2  8.5  5.9 41  0.0                           
072236111417105058ライフレッスンズ　　　　　　　　　　 25.9  5.4 -6.2 -1.5 -2.7 32  0.0                           
072236111515110063フォルツァエフ　　　　　　　　　　　 67.9 12.6-11.5-10.4 -7.3 28  0.0                           
072236111615103247ドラグーンシチー　　　　　　　　　　 49.6  9.6 -9.5-13.0 -7.4 28  0.0                           
072236120117100436グレートバローズ　　　　　　　　　　  5.4  1.7  9.9 12.4  7.3 37  0.0                           
072236120217106611フレイムウィングス　　　　　　　　　 15.5  3.4 -1.5-14.1 -4.8 25  0.0                           
072236120317105895イルミネーター　　　　　　　　　　　  5.1  1.7 17.9  4.3  7.9 38  0.0                           
072236120418101746タイスケフェイス　　　　　　　　　　 17.1  3.7  1.9 -9.2 -2.1 28 26.5                           
072236120516105715アルベニス　　　　　　　　　　　　　  4.7  1.6 14.7 10.4  8.5 39 12.4                           
072236120615101581クリノカポネ　　　　　　　　　　　　 19.0  4.0-11.8 -9.6 -7.2 23  0.0                           
072236120717105796メイショウハクサン　　　　　　　　　  2.5  1.3 20.2 22.0 14.0 44 16.2                           
072236120814100782カムカム　　　　　　　　　　　　　　 30.8  6.0-12.2 -7.0 -6.6 23  0.0                           
072236120918100126クリノクラール　　　　　　　　　　　 11.3  2.6  6.5  4.7  3.8 34 22.1                           
072236121017105224キングダムウイナー　　　　　　　　　 16.6  3.6 -1.8 -4.8 -2.1 28  0.0                           
