032235010120100799カリーナアンジェロ　　　　　　　　　 28.1  6.1 -6.6-10.5 -5.8 -1  0.0                           
032235010220102594ユアフラッシュ　　　　　　　　　　　  5.1  1.8 13.1  6.3  6.2 11  7.9                           
032235010320104463カーメルビーチ　　　　　　　　　　　 15.3  3.7  6.4 -8.7 -1.3  4  0.0                           
032235010420100532キタサンポエム　　　　　　　　　　　  6.7  2.1 10.9 28.6 13.8 19  8.1  1  250   33              
032235010520100493スギノケルピー　　　　　　　　　　　 19.8  4.6 -6.7-10.5 -5.9 -1  0.0                           
032235010620104387ローマコンクリート　　　　　　　　　 24.0  5.3 -5.2 -1.0 -1.9  3  0.0                           
032235010720104394シャイナライ　　　　　　　　　　　　 50.6 10.4 -3.6-20.0 -8.4 -3  0.0  0                        
032235010820104633キーオブハート　　　　　　　　　　　 47.9  9.9-11.9-10.0 -7.2 -2  0.0                           
032235010920107089ブレードランナー　　　　　　　　　　  4.8  1.7 10.5 11.7  7.4 12  7.3                           
032235011020100629サイモンコーラル　　　　　　　　　　 12.9  3.2  8.3  6.3  4.8 10  0.0                           
032235011120105242ラヴァンドラ　　　　　　　　　　　　 73.5 14.5 -5.3-10.0 -5.3  0  0.0                           
032235011220104643アギレラビーム　　　　　　　　　　　 69.0 13.6-11.9-17.2 -9.9 -5  0.0  0                        
032235011320101777シゲルミライ　　　　　　　　　　　　  3.1  1.5 12.7 18.3 10.5 16 13.0                           
032235011420102875シャンデル　　　　　　　　　　　　　  8.0  2.4  8.7  2.5  3.5  9  8.6                           
032235011520106666ロハ　　　　　　　　　　　　　　　　 39.9  8.4-12.3 -4.2 -5.2  0  0.0                           
032235020118102398セザンテイオー　　　　　　　　　　　 19.3  4.7 -8.0 -2.0 -3.1 17  0.0                           
032235020218103495グラスピレ　　　　　　　　　　　　　 40.0  8.9-11.4-18.0-10.0 10  0.0  0                        
032235020319101533フクノエヴリー　　　　　　　　　　　 31.8  7.2 -5.5 -2.0 -2.4 18  0.0                           
032235020419104624エコログロリアス　　　　　　　　　　 28.3  6.5 -7.7 -4.5 -4.0 16  0.0                           
032235020517104056サトノスライヴ　　　　　　　　　　　  4.4  1.7 18.0  7.6  8.2 28  7.3                           
032235020617104052トレッファー　　　　　　　　　　　　 31.9  7.3  2.2 -2.5 -0.3 20  0.0                           
032235020719102341サイモンソーラン　　　　　　　　　　 17.4  4.3  3.8  1.0  1.5 22 10.4                           
032235020819103829キングロコマイカイ　　　　　　　　　  5.0  1.8 11.9  9.3  7.0 27 15.3                           
032235020919101966アクティブバイオ　　　　　　　　　　 76.8 16.1-11.4 -7.0 -6.0 14  0.0                           
032235021018105670トーセンマーク　　　　　　　　　　　 12.5  3.3  1.8 -2.0 -0.2 20  0.0                           
032235021118106897マルティウス　　　　　　　　　　　　 76.1 16.0-11.9-20.0-10.9  9  0.0                           
032235021219100323ケイアイメビウス　　　　　　　　　　  8.4  2.6 10.4  9.6  6.6 27  0.0                           
032235021319110026ボブズヤアンクル　　　　　　　　　　 11.3  3.0 -2.3 13.0  4.1 24  0.0                           
032235021419102202スマートビクター　　　　　　　　　　  4.1  1.7 18.6 21.0 13.3 33 13.0                           
032235021518110131アメリカンピース　　　　　　　　　　  7.2  2.4  0.1 11.0  4.1 24  0.0  5                        
032235030120105760エリダヌス　　　　　　　　　　　　　  3.1  1.4 16.2 15.0 10.4 15 13.0                           
032235030220101925アイヤナ　　　　　　　　　　　　　　 51.6  9.6-12.3-18.6-10.5 -6  0.0  0                        
032235030320105200ステキナココロ　　　　　　　　　　　 53.0  9.8-11.9 -2.8 -4.6  0  0.0                           
032235030420106986エンライトメント　　　　　　　　　　  3.4  1.4 18.2 16.0 11.3 16  6.9                           
032235030520101348コスモエランドール　　　　　　　　　106.9 18.7-11.4-10.0 -7.1 -2  0.0                           
032235030620102716ドゥヴァンスマン　　　　　　　　　　  5.4  1.7 13.1  7.3  6.6 12 15.3                           
032235030720104878シルバープリペット　　　　　　　　　104.8 18.3 -9.2-18.0 -9.4 -4  0.0  0                        
032235030820100289シルバーダイヤ　　　　　　　　　　　 12.6  2.9  2.3 12.0  5.1 10  0.0                           
032235030920100442エイシンゼクウ　　　　　　　　　　　 23.9  4.8 -7.8-10.5 -6.2 -1  0.0                           
032235031020103958スパーキングブルー　　　　　　　　　 66.2 11.8-10.2-10.5 -6.9 -2  0.0                           
032235031120102468トーセンサウダージ　　　　　　　　　 12.3  2.8  9.9  6.0  5.2 10  0.0                           
032235031220103012フォーエバーダイヤ　　　　　　　　　 40.5  7.7 -9.9-10.0 -6.6 -2  0.0                           
032235031320106412ブライトクラウン　　　　　　　　　　 41.0  7.8-11.4 -7.8 -6.3 -1  0.0                           
032235031420105642レミージュ　　　　　　　　　　　　　 43.9  8.3  4.3-10.5 -2.6  2  0.0                           
032235031520103586ミッキーグロリア　　　　　　　　　　  5.5  1.8 12.4  8.5  6.8 12  8.5                           
032235031620105216ウインユアソング　　　　　　　　　　 42.5  8.0-11.4-18.0-10.0 -5  0.0  0                        
032235040120106979ベベ　　　　　　　　　　　　　　　　 52.0 10.1-11.9  0.0 -3.6  1  0.0  5                        
032235040220100769コスモレンブランサ　　　　　　　　　 20.8  4.5  5.0-10.0 -2.2  3  0.0                           
032235040320100372ハイネス　　　　　　　　　　　　　　 11.0  2.7  5.7  0.5  1.9  7  9.7                           
032235040420101492シンリンゲンカイ　　　　　　　　　　 28.1  5.8-10.9-20.0-10.6 -6  0.0                           
032235040520106343ユカリプレリュード　　　　　　　　　  6.7  2.1  0.5 20.0  7.5 12  0.0  4                        
032235040620104960トロピカルヒーロー　　　　　　　　　  2.4  1.3 19.3 17.5 12.2 17 13.0                           
032235040720106120カシノラシット　　　　　　　　　　　 44.6  8.8-11.4-10.0 -7.1 -2  0.0                           
032235040820101263イマキバラ　　　　　　　　　　　　　 59.3 11.2 -5.2-10.0 -5.2  0  0.0                           
032235040920106121カッテミル　　　　　　　　　　　　　  6.2  2.0 14.8 13.9  9.5 15  6.9                           
032235041020106852メイショウコウテツ　　　　　　　　　  8.3  2.4  2.3  7.6  3.5  8  8.5                           
032235041120102840ブーバー　　　　　　　　　　　　　　  9.3  2.6  9.8  7.5  5.7 11  0.0                           
032235041220103870ウィズアットダンス　　　　　　　　　 35.9  7.2 -8.4-10.0 -6.2 -1  0.0                           
032235041320107131フォーバーズ　　　　　　　　　　　　 34.1  6.9 -9.2-13.6 -7.7 -3  0.0                           
032235041420104837ライトブラーヴ　　　　　　　　　　　 18.8  4.1 -2.0-10.0 -4.3  1  0.0                           
032235041520100312リュウノステルス　　　　　　　　　　 59.3 11.2 -9.9-10.2 -6.7 -2  0.0                           
032235041620105057マヒート　　　　　　　　　　　　　　 24.3  5.1  4.1 16.3  7.2 12 10.9  1  163   54              
032235050120102607ロフティーイデアル　　　　　　　　　 15.0  3.6 -3.8  6.0  1.1  1 10.4                           
032235050220100802チョウウマクイク　　　　　　　　　　 12.4  3.1  4.3-10.5 -2.6 -3  0.0                           
032235050320102766ジアッシズ　　　　　　　　　　　　　  3.9  1.6 20.6  9.3  9.6 10  7.3                           
032235050420101955サトノスヴニール　　　　　　　　　　  5.5  1.8 14.9 37.4 18.2 18 15.3  1  208   46              
032235050520103677フィーバーピッチ　　　　　　　　　　  9.2  2.6 -1.6  6.0  1.7  2  0.0                           
032235050620104452マウンテンエース　　　　　　　　　　 17.2  4.0 -1.1  3.1  0.8  1  0.0  5                        
032235050720101486ドットクルー　　　　　　　　　　　　  6.0  1.9 14.6  8.3  7.4  7  0.0                           
032235050820104924アスキステソーロ　　　　　　　　　　  3.5  1.5 16.8 15.0 10.5 11 13.0                           
032235050920102504トーセンサブリナ　　　　　　　　　　 26.3  5.6 -4.7-16.0 -7.3 -7  0.0  0                        
032235051020102551シンギュラチャーム　　　　　　　　　 12.1  3.0 -1.8  9.0  2.8  3  0.0                           
032235051120102349ロブロイズハート　　　　　　　　　　 31.5  6.6-12.3-10.5 -7.5 -8  0.0                           
032235060119104769ダノンピーカブー　　　　　　　　　　  4.1  1.6 15.4 21.0 12.3 32 14.2                           
032235060216104677イシュタルゲート　　　　　　　　　　  5.7  1.9 12.2 11.5  7.9 28  7.9                           
032235060318103437ミルトボス　　　　　　　　　　　　　 70.1 13.3 -7.8-10.5 -6.2 14  0.0                           
032235060419103336アトレイユ　　　　　　　　　　　　　 51.1 10.1 -1.5-10.5 -4.3 16  0.0                           
032235060519105759フジフォンテ　　　　　　　　　　　　 80.3 15.1-11.9 -0.8 -3.9 16  0.0                           
032235060619104478アコークロー　　　　　　　　　　　　  3.2  1.4 18.9 18.2 12.3 32  6.7  3                        
032235060717105117クロスザルビコン　　　　　　　　　　 11.7  2.9 -3.0  5.6  1.2 21  8.6                           
032235060818104738コンテナジュニア　　　　　　　　　　  9.3  2.6  7.4  9.5  5.7 26  0.0  5                        
032235060918105109スマイルライン　　　　　　　　　　　 24.2  5.1-12.3-12.5 -8.3 12  0.0  0                        
032235061019103158セイウンガレオン　　　　　　　　　　 21.7  4.7 -1.8  4.2  1.0 21  0.0                           
032235061119101675ゼニット　　　　　　　　　　　　　　 27.3  5.7 -1.1 14.2  4.9 25  0.0                           
032235061219106591サクセスミノル　　　　　　　　　　　 12.4  3.0  0.4 13.0  4.9 25  9.2                           
032235061319100663ディサイド　　　　　　　　　　　　　 12.9  3.1  9.4  7.6  5.6 26  0.0  3                        
032235061418106386フロイング　　　　　　　　　　　　　 49.3  9.8-12.3-10.5 -7.5 12  0.0                           
032235061519104712フロンタルジェダイ　　　　　　　　　 31.1  6.4 -2.1  1.8  0.0 20  0.0  5                        
032235061618106715ナムラスワガー　　　　　　　　　　　 31.5  6.5-12.3-10.5 -7.5 12  0.0                           
032235070115105401スターライトキス　　　　　　　　　　 25.0  6.0 -5.6-12.6 -6.3 14  0.0                           
032235070219102613セッカチケーン　　　　　　　　　　　  8.0  2.6 10.4 -2.0  2.4 22  0.0                           
032235070318102827エコロキング　　　　　　　　　　　　 11.4  3.1 -4.8-15.9 -7.3 13  0.0  0                        
032235070419100751マイネルレノン　　　　　　　　　　　  5.3  2.0  7.6-10.5 -1.6 18  7.3                           
032235070519100685レセダ　　　　　　　　　　　　　　　 28.8  6.8 -9.9-16.2 -8.9 11  0.0  0                        
032235070616101058ネオレインボウ　　　　　　　　　　　 18.8  4.7 -3.9 -6.2 -3.4 17  0.0                           
032235070719100772ポルタフォルトゥナ　　　　　　　　　 17.1  4.4 -0.8  6.0  2.0 22  0.0                           
032235070819101833ウインクルシャープ　　　　　　　　　 33.7  7.8 -3.7-10.5 -5.0 15 13.8                           
032235070919105794ホワイトターフ　　　　　　　　　　　 31.1  7.3 -9.4-10.5 -6.7 13  0.0                           
032235071019104356ディオアステリア　　　　　　　　　　  4.0  1.7 12.5 30.0 14.8 35 13.0                           
032235071118106087ジュエルシーカー　　　　　　　　　　130.3 27.7-11.9 -6.7 -6.0 14  0.0                           
032235071219100666イラーレ　　　　　　　　　　　　　　  8.5  2.7  6.4 19.7  9.1 29  0.0  5                        
032235071318105383カラパタール　　　　　　　　　　　　 16.3  4.2 -0.7-10.0 -3.9 16  0.0                           
032235071418105443ミッキーハロー　　　　　　　　　　　  6.7  2.3 13.0 21.3 11.7 32  7.9                           
032235071518100618トーホウジュナール　　　　　　　　　 45.8 10.4 -5.1-10.5 -5.4 15 14.4                           
032235071618102585ロードラスター　　　　　　　　　　　 11.3  3.1 -1.9  9.3  2.8 23  0.0                           
032235080118105201デイトンウェイ　　　　　　　　　　　 28.3  6.3 -5.7  6.3  0.6 21  0.0                           
032235080218104884ヴィレーヌ　　　　　　　　　　　　　 38.3  8.3-12.3-10.5 -7.5 12  0.0                           
032235080319105113エルメニア　　　　　　　　　　　　　 35.4  7.7 -7.2-10.5 -6.0 14  0.0                           
032235080418104208プリティインピンク　　　　　　　　　 27.7  6.2  1.0 -2.0 -0.4 20  0.0                           
032235080519105713ミッキーエイト　　　　　　　　　　　106.7 21.5 -9.1-14.2 -7.9 12  0.0                           
032235080618104872アクアマリンブルー　　　　　　　　　 57.1 11.8-12.1  2.8 -2.6 17  0.0                           
032235080719104357スーパーラッキー　　　　　　　　　　  3.3  1.5 21.3 21.0 14.1 34  6.7                           
032235080819103726ナツイロノオトメ　　　　　　　　　　  5.3  1.9  7.7 19.3  9.4 29 15.3  4                        
032235080918104014サクラファシナンテ　　　　　　　　　  5.3  1.9  9.0  5.8  4.8 25  8.1                           
032235081018104455エコロワカ　　　　　　　　　　　　　 17.9  4.3 -1.2  6.0  1.8 22  0.0                           
032235081119104842ボルタドマール　　　　　　　　　　　  5.1  1.8  9.4  9.0  6.1 26  7.3                           
032235081217103827ミューティー　　　　　　　　　　　　 23.3  5.3 -9.3 -2.0 -3.5 16 10.4                           
032235081319103442クラリティスケール　　　　　　　　　  9.5  2.8  8.6  5.4  4.6 25  0.0                           
032235081418103529ハイレリーフ　　　　　　　　　　　　 40.4  8.8-11.4-18.4-10.2 10  0.0                           
032235081519104288ピカリエ　　　　　　　　　　　　　　 24.9  5.6-11.9-16.2 -9.5 10  0.0  0                        
032235081619105412プリモカリーナ　　　　　　　　　　　 16.1  3.9 10.2 11.5  7.3 27  0.0                           
032235090119101079アスクビギンアゲン　　　　　　　　　 44.1  9.0 -4.8-10.5 -5.3 15  0.0                           
032235090219105784ステラナビゲーター　　　　　　　　　 15.3  3.6 -1.1-18.4 -7.1 13  0.0                           
032235090319104808ラウルピドゥ　　　　　　　　　　　　  8.1  2.4  2.4-10.5 -3.1 17  0.0                           
032235090418105476メイレンシュタイン　　　　　　　　　 39.4  8.1-11.4-10.0 -7.1 13  0.0                           
032235090518103603グラヴィテ　　　　　　　　　　　　　 24.8  5.4 -4.4  9.3  2.1 22  0.0                           
032235090619105908グランドゴールド　　　　　　　　　　 17.9  4.1  2.5  6.3  3.1 23  0.0                           
032235090718105327キタサンシンドー　　　　　　　　　　 33.4  7.0 -8.7-10.5 -6.5 14  0.0                           
032235090818102144マイネルパリオート　　　　　　　　　 11.9  3.0  4.3 20.8  8.9 29 17.7  2                        
032235090919105466オウケンムーンアイ　　　　　　　　　 12.9  3.2  7.6 -2.0  1.5 22  9.2                           
032235091019101406ラブカヒルー　　　　　　　　　　　　 32.5  6.8-12.3-10.5 -7.5 12  0.0                           
032235091118100430ゼンダンピューマ　　　　　　　　　　 22.6  4.9 -4.0-10.0 -4.9 15  0.0                           
032235091219100702コスモエクスプレス　　　　　　　　　 15.8  3.7  1.5 -2.0 -0.3 20  0.0                           
032235091319105136モンタナアゲート　　　　　　　　　　  3.2  1.5 12.2  7.8  6.5 27  6.7                           
032235091417104215プリティユニバンス　　　　　　　　　  9.1  2.6  5.9 -2.5  0.9 21  8.1                           
032235091518101615ウインシュクラン　　　　　　　　　　  4.4  1.7 13.9 17.4 10.6 31  7.3  5                        
032235091618100452ファンタジーアスク　　　　　　　　　 42.9  8.8-12.3-10.5 -7.5 12  0.0                           
032235100118103087ウェーブメジャー　　　　　　　　　　 31.1  7.8 -8.9-10.5 -6.5 23  0.0                           
032235100218110017スカイナイル　　　　　　　　　　　　 11.8  3.4 -1.1 -5.7 -2.4 28  0.0  0                        
032235100318100008ナサ　　　　　　　　　　　　　　　　 21.9  5.7 -1.3 10.8  3.6 34  0.0                           
032235100419103004グラストンベリー　　　　　　　　　　 14.1  3.9 11.5  9.3  6.9 37  0.0                           
032235100516104501オウケンドーン　　　　　　　　　　　112.6 25.7-11.4-10.0 -7.1 23  0.0                           
032235100619103274ナックドロップス　　　　　　　　　　  5.5  2.1 -0.6 13.0  4.6 35 14.2                           
032235100717102191コウイチ　　　　　　　　　　　　　　 16.2  4.4-12.3-10.5 -7.5 22 11.5                           
032235100818102491メイショウエニシア　　　　　　　　　  5.3  2.1 11.7 11.3  7.7 38  0.0                           
032235100919102863ナツイチバン　　　　　　　　　　　　 15.9  4.4 -3.0-10.0 -4.6 25  0.0                           
032235101018101054チャイブテソーロ　　　　　　　　　　 33.5  8.3-11.9-16.0 -9.4 21  0.0  0                        
032235101118102716プロバーティオ　　　　　　　　　　　 14.0  3.9 -7.9 -1.9 -3.1 27  0.0                           
032235101217102513コズミックランナー　　　　　　　　　 22.5  5.8 -7.9-10.5 -6.2 24  0.0                           
032235101318106471ブルースコード　　　　　　　　　　　  6.6  2.4 11.9 10.4  7.4 37  8.5                           
032235101419101156ゴッドクインビー　　　　　　　　　　 18.6  5.0 -1.2 -3.6 -1.7 28  0.0  0                        
032235101516100952ヴァリアント　　　　　　　　　　　　  5.9  2.2 15.0 16.0 10.4 40 15.3                           
032235101618106147メイショウミツヤス　　　　　　　　　 13.3  3.8  2.0-12.6 -4.0 26  0.0                           
032235110117104067タマモティータイム　　　　　　　　　 31.1  7.4-10.3-12.6 -7.7 27  0.0                           
032235110218103105テイエムトッキュウ　　　　　　　　　  5.1  1.9 17.8 17.0 11.6 47  0.0                           
032235110318110037ブルースピリット　　　　　　　　　　 15.2  4.0 -1.2-10.5 -4.2 31  9.8                           
032235110416101956オルダージュ　　　　　　　　　　　　 71.8 15.8 -9.1-10.0 -6.4 29  0.0                           
032235110517100452ルクルト　　　　　　　　　　　　　　  7.8  2.6  3.2-10.5 -2.9 32  9.1                           
032235110617106137グレイトゲイナー　　　　　　　　　　 25.7  6.2-10.0-10.5 -6.8 28  0.0                           
032235110717110041サトノジヴェルニー　　　　　　　　　 59.2 13.1 -2.8 -8.2 -3.8 31  0.0  5                        
032235110818100530スイートクラウン　　　　　　　　　　 33.5  7.9 -5.7-10.0 -5.4 30  0.0                           
032235110919102576クリノマジン　　　　　　　　　　　　  4.4  1.8 15.0 20.7 12.1 47 13.0  2                        
032235111019106186ダークペイジ　　　　　　　　　　　　  5.5  2.0  9.8  9.6  6.5 41 15.3                           
032235111118100570セリシア　　　　　　　　　　　　　　  5.6  2.0 11.4 13.0  8.2 43  0.0                           
032235111218101468ダイセンハッピー　　　　　　　　　　 83.3 18.2-14.5-10.0 -8.0 27  0.0                           
032235111316101153ダノンシティ　　　　　　　　　　　　 26.0  6.3-10.1-10.5 -6.9 28  0.0                           
032235111416105630レノーア　　　　　　　　　　　　　　 48.5 11.2-11.4-20.0-10.8 24  0.0                           
032235111517100969ショウナンバービー　　　　　　　　　 17.9  4.6 -6.1  1.1 -1.4 34  0.0                           
032235111618101452スンリ　　　　　　　　　　　　　　　  7.9  2.6 13.1  5.3  5.9 41  0.0                           
032235120119105748ブローザホーン　　　　　　　　　　　 13.2  3.0  7.1  2.9  3.2 23  0.0  5                        
032235120219100675オオキニ　　　　　　　　　　　　　　 10.9  2.6  5.2 -2.5  0.6 21  0.0                           
032235120317105023スパニッシュアート　　　　　　　　　 78.1 13.9-13.5 -4.7 -5.8 14  0.0                           
032235120419104613イルチルコ　　　　　　　　　　　　　  2.9  1.3 19.5 13.4 10.8 31 13.0                           
032235120517106399メイショウイナセ　　　　　　　　　　 43.3  8.2-11.4-14.5 -8.7 11  0.0                           
032235120617105614スズカキング　　　　　　　　　　　　 38.7  7.4-10.9 -4.2 -4.8 15  0.0                           
032235120718105790フランコイメル　　　　　　　　　　　 45.1  8.6 -4.3-10.5 -5.1 15  0.0                           
032235120819104568ビレッジスター　　　　　　　　　　　 14.4  3.2  9.0  9.3  6.1 26  0.0                           
032235120919107025クレバーテースト　　　　　　　　　　 34.9  6.8 -4.8 -1.7 -2.1 18 12.1                           
032235121018102444マテンロウスタイル　　　　　　　　　 33.1  6.5-12.3-10.5 -7.5 12  0.0                           
032235121118106324エニシノウタ　　　　　　　　　　　　  3.8  1.5 13.1 15.8  9.7 30 14.2                           
032235121219105276ブラックボイス　　　　　　　　　　　  4.6  1.6 15.4 13.5  9.6 30  7.9                           
032235121318106739マイネルジャッカル　　　　　　　　　 23.6  4.8  5.6  6.0  3.9 24  0.0                           
032235121419100774マイネルシーマー　　　　　　　　　　 23.9  4.8 -6.7  6.0  0.2 20  0.0                           
032235121518104772レッドレジェーラ　　　　　　　　　　 28.8  5.7-11.4-10.0 -7.1 13  0.0                           
032235121616100742ナミブ　　　　　　　　　　　　　　　 62.6 11.3 -8.0-14.5 -7.7 12  0.0                           
052255010120109138キリシマラッキー　　　　　　　　　　106.8 15.4-11.6-11.8 -7.8 -3  0.0                           
052255010220104169キタノマーベラス　　　　　　　　　　 31.0  5.1 -2.1-13.6 -5.6 -1 14.5  0                        
052255010320102439ニジュウダンサー　　　　　　　　　　  2.8  1.3 22.2 11.6 10.9 16  8.6                           
052255010420101720タマモガーベラ　　　　　　　　　　　 52.6  8.1-11.6 -8.7 -6.7 -2  0.0                           
052255010520103747アヴェッリーノ　　　　　　　　　　　 15.8  2.9 10.7  1.9  3.9  9 10.8                           
052255010620105483ニシノリンドウ　　　　　　　　　　　 57.5  8.6-10.3 -5.1 -5.0  0  0.0                           
052255010720102444ワイワイスマイル　　　　　　　　　　 56.1  8.4 -7.1-12.7 -6.8 -2  0.0                           
052255010820105949ケンキョ　　　　　　　　　　　　　　 22.3  3.8 -6.0 22.3  6.4 11  0.0                           
052255010920100555リッチハンター　　　　　　　　　　　 23.4  4.0-12.1  5.3 -1.7  3  0.0                           
052255011020105544ダイシンカタナ　　　　　　　　　　　 15.7  2.9  4.0 -8.5 -1.9  3  0.0                           
052255011120100279テリオスノア　　　　　　　　　　　　 26.0  4.3 -6.4  9.0  1.4  6  0.0  5                        
052255011220103198メイデンタワー　　　　　　　　　　　  2.6  1.2 18.6 17.5 12.0 17  8.0                           
052255011320103886アクティビティ　　　　　　　　　　　 39.9  6.3-10.3 -5.0 -4.9  0  0.0                           
052255011420101831ミストラヴィアータ　　　　　　　　　107.5 15.5-12.1 -3.2 -4.8  0  0.0                           
052255011520105136テイエムスイスイ　　　　　　　　　　  6.5  1.7  8.4 12.2  7.0 12  9.4                           
052255011620106982ヨロ　　　　　　　　　　　　　　　　 18.8  3.4  7.7 11.9  6.7 12 11.6                           
052255020120103653ガールズレジェンド　　　　　　　　　  8.5  2.3 13.4  0.9  4.3  9 10.1                           
052255020220103566シェットランド　　　　　　　　　　　 22.7  4.4 -6.9-16.3 -8.0 -3  0.0                           
052255020320105788マイネルペルセウス　　　　　　　　　 50.1  9.0-12.1-15.0 -9.1 -4  0.0  0                        
052255020420110059リマスタリング　　　　　　　　　　　 12.9  2.8  5.2  8.7  4.8 10 12.3                           
052255020520106797ヤマノコトブキ　　　　　　　　　　　 55.3  9.6-12.1 -3.2 -4.8  0  0.0                           
052255020620105764コスモシャンソン　　　　　　　　　　 51.4  9.2-11.6-11.9 -7.8 -3  0.0                           
052255020720103722スキルヴィング　　　　　　　　　　　  2.6  1.3 20.9 22.5 14.5 20 15.9  1  202   39              
052255020820100257ユイアングレイス　　　　　　　　　　 29.6  5.6 -8.8 -4.5 -4.3  1  0.0                           
052255020920104734ユイノオトコヤマ　　　　　　　　　　 18.9  3.9 -1.0 -2.0 -1.0  4  0.0                           
052255021020106475ピンキープロミス　　　　　　　　　　 11.4  2.6 12.2 -6.4  1.3  6 10.8                           
052255021120103565フィールザオーラ　　　　　　　　　　 11.8  2.7 11.8 14.3  8.8 14  0.0                           
052255021220103303ガルヴァナイズ　　　　　　　　　　　  3.8  1.5 18.0 11.2  9.5 15  8.6                           
052255021320102941ラバタンシン　　　　　　　　　　　　  7.7  2.1  9.7  7.0  5.5 10  0.0                           
052255021420107083ジェイケイロンドン　　　　　　　　　 70.2 12.0 -7.8-10.0 -6.0 -1  0.0                           
052255030120102036テイエムマンモス　　　　　　　　　　 46.3  9.1-11.6 -5.0 -5.3  0  0.0                           
052255030220102177ロードアルザス　　　　　　　　　　　 26.9  5.6  1.4 -2.0 -0.3  5  0.0                           
052255030320100534キタノソロモン　　　　　　　　　　　151.5 27.6-12.1-10.1 -7.3 -2  0.0                           
052255030420103363ダグフォース　　　　　　　　　　　　  4.4  1.6 15.6 17.6 11.1 16  8.6                           
052255030520106042ベアキング　　　　　　　　　　　　　 69.3 13.0-12.1-12.3 -8.1 -3  0.0                           
052255030620103935ドラヴァイト　　　　　　　　　　　　 41.5  8.2-11.6 -5.0 -5.3  0  0.0                           
052255030720102731エコロドゥネス　　　　　　　　　　　  2.9  1.4 20.9 35.5 19.3 24  8.0                           
052255030820100677サンデュエル　　　　　　　　　　　　 11.5  2.8  7.3 10.1  5.9 11  0.0                           
052255030920102347ナイトスピアー　　　　　　　　　　　 78.8 14.7-12.1 -9.0 -6.9 -2  0.0                           
052255031020106004ゴルトレオパルト　　　　　　　　　　  7.6  2.2 11.9  7.4  6.3 11 21.7                           
052255031120105108リアルブリージー　　　　　　　　　　 33.3  6.7-12.1-15.8 -9.4 -4  0.0  0                        
052255031220110094ニトロジャーニー　　　　　　　　　　  6.0  1.9  9.1  7.1  5.3 10  0.0                           
052255031320100353ロゴデザイン　　　　　　　　　　　　 16.4  3.7  2.4  3.4  2.0  7  0.0                           
052255031420101878ヴァークスティ　　　　　　　　　　　 49.6  9.7-12.1-11.0 -7.7 -3  0.0                           
052255031520110020コレクテイニア　　　　　　　　　　　  7.5  2.2 14.4 16.9 10.5 16 10.1                           
052255031620105021プリヴィエレジェ　　　　　　　　　　 25.8  5.4  0.9  4.9  2.1  7 13.0                           
052255040120107110サンマルエール　　　　　　　　　　　178.4 27.9 -8.8-12.2 -7.1 -7  0.0                           
052255040220106779ニットウライジン　　　　　　　　　　 16.9  3.4  1.1 11.0  4.4  4  0.0                           
052255040320102677プリティセレブ　　　　　　　　　　　 12.9  2.7  4.1  6.0  3.4  3  0.0                           
052255040420109125イチザラブオー　　　　　　　　　　　 66.1 10.8-11.6 -3.1 -4.6 -5  0.0                           
052255040520102669ホロニックパス　　　　　　　　　　　  3.8  1.4 18.5 22.5 13.8 14 18.8                           
052255040620106713ヴィアスパークル　　　　　　　　　　 38.4  6.7 -8.6-13.9 -7.7 -8  0.0                           
052255040720105433キタノレジータ　　　　　　　　　　　 14.2  2.9  2.7  8.0  3.7  4  0.0                           
052255040820110153グレートサンドシー　　　　　　　　　  3.0  1.3 20.1 23.9 14.8 15 17.3                           
052255040920104869キャリアパス　　　　　　　　　　　　145.0 22.8 -8.1-14.0 -7.6 -8  0.0                           
052255041020103678クラッパーボード　　　　　　　　　　  2.9  1.2 20.0 15.5 11.7 12 15.9                           
052255041120103999ラインアンジェラ　　　　　　　　　　 27.1  4.9 -8.5  5.2 -0.6 -1  0.0                           
052255041220104354ジャクソン　　　　　　　　　　　　　 43.7  7.5 -5.4 -6.7 -4.1 -4  0.0                           
052255041320104447アニマルキリシマ　　　　　　　　　　 86.5 13.9-12.6-10.0 -7.4 -7  0.0                           
052255041420105882リトルブレイバー　　　　　　　　　　112.4 17.8-12.1-16.0 -9.5 -9  0.0  0                        
052255041520109054パープルラメーラ　　　　　　　　　　 63.4 10.4 -8.4 -2.0 -3.3 -3  0.0                           
052255041620106381リネンマリン　　　　　　　　　　　　 22.8  4.2 -4.4 -2.0 -2.1 -2  0.0                           
052255050120105780タイラント　　　　　　　　　　　　　 51.6  9.4-12.1-12.7 -8.3 -8  0.0                           
052255050220100267ハクサンミューズ　　　　　　　　　　 30.6  5.8 -8.8 -5.1 -4.5 -5  0.0                           
052255050320102764モズメイメイ　　　　　　　　　　　　  2.3  1.3 23.2  8.1  9.9 10 15.9                           
052255050420100375トワイライトレディ　　　　　　　　　 36.5  6.8 -4.1-10.2 -5.0 -5  0.0                           
052255050520100037カノンチャン　　　　　　　　　　　　 47.6  8.7-12.6-13.0 -8.5 -9  0.0                           
052255050620102674スペルキャスター　　　　　　　　　　  5.1  1.7 13.9 24.5 13.2 13  8.7                           
052255050720105940ニシノトレンディー　　　　　　　　　  6.0  1.8  9.7 12.0  7.3  7 18.8                           
052255050820100109ヒラトミッチー　　　　　　　　　　　 36.8  6.9 -5.7 -3.2 -2.9 -3  0.0                           
052255050920104894ジューンリリー　　　　　　　　　　　 44.1  8.1-10.3-10.0 -6.8 -7  0.0                           
052255051020102603トーセンダリア　　　　　　　　　　　 14.1  3.1  2.8  6.6  3.3  3  0.0                           
052255051120103180ミハルンルン　　　　　　　　　　　　 13.9  3.0  6.9 11.7  6.4  6  0.0                           
052255051220103736ハリケーンリッジ　　　　　　　　　　 12.8  2.9  7.4-11.9 -2.1 -2  0.0                           
052255051320104747ベニエ　　　　　　　　　　　　　　　 45.9  8.4-10.4 -2.0 -3.9 -4  0.0                           
052255051420103379サトノクレア　　　　　　　　　　　　  6.3  1.9 10.6 13.0  7.9  8 10.1                           
052255060120106819アースビート　　　　　　　　　　　　 26.4  4.8 -9.3 -7.0 -5.4 15  0.0                           
052255060220102755フィンガークリック　　　　　　　　　  8.7  2.2 11.4  5.2  5.3 25  0.0                           
052255060320107001キョウエイブリッサ　　　　　　　　　  5.3  1.6  0.3 13.4  5.0 25  9.4                           
052255060420110090ティニア　　　　　　　　　　　　　　  2.7  1.3 24.9 22.3 15.6 36 15.9                           
052255060520102132トレンディスター　　　　　　　　　　  3.2  1.3 19.8 15.1 11.5 31 17.3                           
052255060620100833サウスシーパール　　　　　　　　　　 29.1  5.3-12.1-12.5 -8.2 12  0.0                           
052255060720106015バグラダス　　　　　　　　　　　　　  6.8  1.9  8.9  8.0  5.6 26 10.1                           
052255060820105739モズライフセーバー　　　　　　　　　  7.9  2.1  9.6 17.3  9.2 29  0.0                           
052255060920102121シルバーレイズ　　　　　　　　　　　 20.5  4.0 -6.3  6.5  0.5 20  0.0                           
052255070118103138ノボベルサイユ　　　　　　　　　　　 47.1 10.1-12.6 -9.0 -7.1 23  0.0                           
052255070219106701バルミュゼット　　　　　　　　　　　  4.0  1.6 17.7 16.3 11.3 41 15.9                           
052255070318103301テイエムアトム　　　　　　　　　　　  4.2  1.6 20.1 15.2 11.6 42  9.4                           
052255070419103472テーオーステルス　　　　　　　　　　  6.8  2.2  8.5  9.0  5.8 36  0.0                           
052255070518102969タイセイブレイズ　　　　　　　　　　 19.6  4.6-11.1 -5.6 -5.4 25  0.0                           
052255070615104047ドゥリトル　　　　　　　　　　　　　 52.9 11.2-14.7-10.1 -8.1 22  0.0                           
052255070719103393ベストリーガード　　　　　　　　　　  9.0  2.7 13.8  8.8  7.4 37  0.0                           
052255070817105287サトノワールド　　　　　　　　　　　 29.5  6.5-10.3-13.3 -8.0 22  0.0                           
052255070917105147タイムモーメント　　　　　　　　　　 44.9  9.6-12.1-13.9 -8.7 21  0.0                           
052255071018110064アナンシエーション　　　　　　　　　  4.0  1.6 13.4 17.1 10.3 40 17.3                           
052255071119110112キャンディドライヴ　　　　　　　　　 20.7  4.9  0.0  7.7  2.8 33  0.0                           
052255071217106662インウィクトス　　　　　　　　　　　130.7 26.0-12.1-10.6 -7.5 22  0.0                           
052255071318101243オレデイイノカ　　　　　　　　　　　 14.8  3.7  3.9  6.6  3.6 34 11.6                           
052255071418104626マイナーズライト　　　　　　　　　　 35.7  7.8 -2.9  7.5  1.9 32  0.0                           
052255071518104365マイグレーション　　　　　　　　　　 29.5  6.6-12.1 -8.7 -6.8 23  0.0                           
052255071618103150レイニーデイ　　　　　　　　　　　　 29.5  6.6 -8.8-12.8 -7.3 23  0.0                           
052255080118104463テイエムタツマキ　　　　　　　　　　 12.7  3.2 -3.9 -3.1 -2.3 18  0.0                           
052255080213103958シンキングダンサー　　　　　　　　　 56.1 11.5-12.1 -6.7 -6.1 14  0.0                           
052255080315105008タイセイトレイル　　　　　　　　　　 44.4  9.5 -9.9-10.1 -6.7 13  0.0                           
052255080417100316サペラヴィ　　　　　　　　　　　　　 23.0  5.2-12.1-12.6 -8.3 12  0.0                           
052255080518106334ロイヤルアッシュ　　　　　　　　　　 13.2  3.3 10.0  5.1  4.9 25  0.0                           
052255080616100158ダイシンクローバー　　　　　　　　　  7.2  2.3  9.2 12.8  7.5 27  0.0  5                        
052255080714109137コウユーヌレエフ　　　　　　　　　　 26.1  5.9 -4.0 -0.4 -1.3 19  0.0                           
052255080818102910ファルヴォーレ　　　　　　　　　　　  6.7  2.2 14.8  6.4  6.8 27  0.0                           
052255080916103444ニシノデイジー　　　　　　　　　　　  4.2  1.7 13.2 24.5 12.9 33  8.7                           
052255081017100360ハーツシンフォニー　　　　　　　　　  8.9  2.7  9.0  1.0  3.1 23 21.7                           
052255081113103687クラウンディバイダ　　　　　　　　　 37.3  8.1 -7.3-12.7 -6.8 13  0.0                           
052255081214103358スズカフロンティア　　　　　　　　　  9.3  2.8  5.4  5.2  3.5 24 11.5C                          
052255081315103930バイオレントブロー　　　　　　　　　  3.8  1.6 16.4  9.9  8.6 29 15.9                           
052255081413109027キャプテンペリー　　　　　　　　　　 19.9  4.7 -5.7 -0.9 -2.0 18  0.0                           
052255090117101239カネコメノボル　　　　　　　　　　　 60.8 13.2-12.9-10.1 -7.6 27  0.0                           
052255090218100929スノームーン　　　　　　　　　　　　 28.7  6.7-11.6-15.2 -9.1 26  0.0  0                        
052255090318102584メガキャット　　　　　　　　　　　　 53.0 11.9-12.9-10.1 -7.6 27  0.0                           
052255090416103327エンダウメント　　　　　　　　　　　 39.8  9.1 -7.0-10.1 -5.8 29  0.0                           
052255090516105206ダノンラスター　　　　　　　　　　　  4.7  1.8 16.0 11.9  9.2 44  0.0                           
052255090616100106フィストバンプ　　　　　　　　　　　 42.1  9.6-12.1-13.6 -8.6 26  0.0  0                        
052255090718105448ディクテオン　　　　　　　　　　　　  4.5  1.8 18.9 14.8 11.1 46 17.3                           
052255090818105887ロンコーネ　　　　　　　　　　　　　 17.4  4.4  3.4  7.1  3.6 39  0.0                           
052255090918100443ショウナンアーチー　　　　　　　　　  6.5  2.2 11.7 10.1  7.2 42 10.9                           
052255091017102848アベックフォルス　　　　　　　　　　 19.4  4.8 -0.4 -2.0 -0.9 34  0.0                           
052255091117105055クレデンザ　　　　　　　　　　　　　 23.0  5.5  0.2 -5.6 -2.0 33 13.7                           
052255091218105605セブンデイズ　　　　　　　　　　　　  4.4  1.7 12.5  8.0  6.7 42 15.9                           
052255091319100177シダー　　　　　　　　　　　　　　　  5.3  1.9 11.1 11.6  7.6 43  0.0                           
052255091418104712レイオブウォーター　　　　　　　　　 19.4  4.8 -3.0  2.1 -0.1 35  0.0                           
052255091517105108ルコントブルー　　　　　　　　　　　 37.7  8.6-12.6-10.0 -7.4 28  0.0                           
052255091615100548ロジティナ　　　　　　　　　　　　　116.8 24.7-12.1-13.4 -8.5 26  0.0  0                        
052255100119105252アルナシーム　　　　　　　　　　　　  4.2  1.8 20.8 13.4 11.2 46 15.9                           
052255100214105531アオイシンゴ　　　　　　　　　　　　 16.7  4.3 -3.3-11.0 -5.0 30  0.0                           
052255100318101343ゾンニッヒ　　　　　　　　　　　　　  7.4  2.5 12.1 19.5 10.8 46  0.0                           
052255100419100215ウインエクレール　　　　　　　　　　 16.2  4.2 -2.6  3.9  0.6 36  0.0                           
052255100515104456オハナ　　　　　　　　　　　　　　　 84.0 18.2-12.1-11.3 -7.8 27  0.0                           
052255100619105482アサヒ　　　　　　　　　　　　　　　 14.8  3.9 -0.2 -0.4 -0.2 35 12.3                           
052255100718104910アヴェラーレ　　　　　　　　　　　　  6.9  2.3 10.5 12.8  7.8 43  0.0  5                        
052255100819105496レッドモンレーヴ　　　　　　　　　　  5.0  1.9 14.8 12.0  8.8 44  8.7                           
052255100914102449トミケンボハテル　　　　　　　　　　 69.9 15.2-14.7-10.0 -8.1 27  0.0                           
052255101019105512ジャスティンスカイ　　　　　　　　　  6.1  2.1  7.4 14.3  7.5 42  9.4                           
052255101118106815ヴィアルークス　　　　　　　　　　　 55.7 12.3-12.9 -9.2 -7.2 28  0.0                           
052255101219104968コスタボニータ　　　　　　　　　　　 18.0  4.6 -7.1 -7.9 -5.0 30  0.0                           
052255101315101707ルーカス　　　　　　　　　　　　　　  9.1  2.9  3.6  2.7  2.1 37 11.5                           
052255101418105078ドゥラモンド　　　　　　　　　　　　 34.8  8.1 -8.8 -6.9 -5.2 30  0.0                           
052255101518100389シャンブル　　　　　　　　　　　　　 42.6  9.8 -6.9-10.1 -5.8 29  0.0                           
052255101618105174ジネストラ　　　　　　　　　　　　　 32.5  7.6 -9.6-10.3 -6.7 28  0.0                           
052255110120103578ロッククリーク　　　　　　　　　　　  9.3  2.7-10.4  0.5 -2.9 52  0.0                           
052255110220105424シルトホルン　　　　　　　　　　　　 27.5  5.9 -5.0 -5.0 -3.3 52  0.0  0                        
052255110320106274ガストリック　　　　　　　　　　　　  8.0  2.4 14.4 15.0  9.8 65  0.0                           
052255110420104702ジョウショーホープ　　　　　　　　　 12.4  3.1 -6.9 -3.8 -3.5 52 11.3                           
052255110520103388フェイト　　　　　　　　　　　　　　  4.9  1.7  9.7 14.7  8.3 63 15.8                           
052255110620103417ダノンザタイガー　　　　　　　　　　  4.9  1.7 15.5 19.6 11.8 67  9.4                           
052255110720103626ドゥラエレーデ　　　　　　　　　　　 11.8  3.0 -3.3-13.2 -5.8 49  0.0                           
052255110820105681ハーツコンチェルト　　　　　　　　　  3.0  1.4 20.3 10.7 10.0 65 15.9                           
052255110920103651テンカノギジン　　　　　　　　　　　 12.5  3.1  1.9 -2.8 -0.5 55  0.0                           
052255111020104745シルバースペード　　　　　　　　　　 30.8  6.6-12.1 -9.0 -6.9 48  0.0                           
052255111120103394タイセイクラージュ　　　　　　　　　 13.3  3.3  3.1 -3.8 -0.5 55 12.4                           
052255120119105203ジュエルラビシア　　　　　　　　　　  5.9  2.0  9.6  6.0  5.1 25 17.3                           
052255120216103099カンパーニャ　　　　　　　　　　　　 41.9  8.6-11.6 -6.4 -5.8 14  0.0                           
052255120318105575エイムトゥルー　　　　　　　　　　　 35.2  7.3-11.6 -6.7 -5.9 14  0.0                           
052255120418109100カルタゴ　　　　　　　　　　　　　　 32.0  6.7-11.6-14.4 -8.8 11  0.0                           
052255120518109026ヴルカーノ　　　　　　　　　　　　　  6.7  2.1  8.3 15.0  8.0 28 10.1                           
052255120619105041ホウオウプレミア　　　　　　　　　　  6.7  2.1  9.5 11.0  6.9 27  9.4                           
052255120718103809アルコディオーサ　　　　　　　　　　118.6 22.6-11.6-10.9 -7.5 13  0.0                           
052255120819105248グレイスフル　　　　　　　　　　　　 19.1  4.4  5.0  0.6  1.7 22  0.0                           
052255120919104838サイルーン　　　　　　　　　　　　　  2.7  1.4 18.2 20.6 13.0 33 15.9                           
052255121017110006アルファウェーブ　　　　　　　　　　 32.2  6.8 -8.5-10.0 -6.2 14  0.0                           
052255121118100658コスモノート　　　　　　　　　　　　 39.5  8.2 -4.2-11.0 -5.3 15  0.0                           
052255121218104730シャドウエリス　　　　　　　　　　　 40.0  8.3 -7.7-10.9 -6.3 14  0.0                           
052255121318105743トーアアネラ　　　　　　　　　　　　 55.2 10.9-12.1-12.7 -8.3 12  0.0                           
052255121419101351セキテイオー　　　　　　　　　　　　 13.6  3.3  7.2 -2.7  1.2 21  0.0                           
052255121519105555ヴェールアンレーヴ　　　　　　　　　 13.5  3.3 -3.2  0.0 -1.0 19  0.0                           
052255121618104561エンブレムコード　　　　　　　　　　 19.7  4.5 -0.6  5.8  1.9 22  0.0                           
052255121719100841テラフォーミング　　　　　　　　　　 24.3  5.3  6.0  1.1  2.2 22  0.0                           
052255121818104070セルジュ　　　　　　　　　　　　　　 50.9 10.3-12.1-12.2 -8.1 12  0.0                           
092255010120100070クリノヒーロー　　　　　　　　　　　 45.3  7.5-11.5 -6.7 -6.2 -1  0.0                           
092255010220105624ヘヴンズタイム　　　　　　　　　　　 23.9  4.3 -4.0 -1.3 -1.9  3  0.0                           
092255010320100747レゾルシオン　　　　　　　　　　　　  2.0  1.2 21.0 23.0 14.6 20 16.2                           
092255010420107093ユキノソックス　　　　　　　　　　　 59.5  9.4-11.5-10.5 -7.4 -2  0.0                           
092255010520105600ヤマニンブルトンヌ　　　　　　　　　107.8 16.6-10.3-20.0 -9.8 -5  0.0                           
092255010620100427パワポケプレミア　　　　　　　　　　 32.0  5.5-11.5-18.5 -9.8 -5  0.0                           
092255010720103607ウインターズテイル　　　　　　　　　 14.2  2.8 -4.4 -2.2 -2.3  3  0.0                           
092255010820101182グッジョブ　　　　　　　　　　　　　 15.8  3.1  8.4 -1.0  2.8  8  0.0  0                        
092255010920104530モズスナイパー　　　　　　　　　　　 38.6  6.5 -7.3-12.4 -6.4 -1  0.0  0                        
092255011020104271テクノゴールド　　　　　　　　　　　  5.9  1.7 14.5 16.6 10.3 15 19.1                           
092255011120104366モルデュール　　　　　　　　　　　　 95.6 14.8-10.3 -7.1 -5.9 -1  0.0                           
092255011220100781キングオブザナイル　　　　　　　　　  5.1  1.6 14.9 14.4  9.8 15 12.4                           
092255011320102765ライヴリー　　　　　　　　　　　　　 13.7  2.8  5.9  1.8  2.7  8  0.0                           
092255011420100960マーブルロック　　　　　　　　　　　 21.5  3.9  2.4 11.4  4.3  9  0.0                           
092255011520102586キールロワイヤル　　　　　　　　　　 19.1  3.6  5.9 -0.6  2.0  7 25.0                           
092255020120101938ペイシャハヤブサ　　　　　　　　　　  3.4  1.4 18.5 12.2 10.4 15 12.4                           
092255020220103459プレミアマイン　　　　　　　　　　　 16.2  3.4  0.9  0.8  0.6  6  0.0                           
092255020320105628アリクテラー　　　　　　　　　　　　  3.0  1.4 18.3 22.3 13.4 18 16.2  1  197   42              
092255020420100865ハクアイジュピター　　　　　　　　　 17.2  3.6 -4.3  5.2  0.0  5  0.0                           
092255020520100706アグネスシュウ　　　　　　　　　　　 19.3  4.0 -5.5  9.6  0.9  6  0.0                           
092255020620103374ヴァレンティヌス　　　　　　　　　　  6.2  1.9 16.4  7.4  8.2 13 20.6                           
092255020720103974サンクスギビング　　　　　　　　　　 31.7  6.0-11.5 -7.5 -6.5 -1  0.0                           
092255020820101820ロングウッド　　　　　　　　　　　　 12.8  2.9  6.1  3.7  3.3  8 22.1                           
092255020920105355テイエムジンリョク　　　　　　　　　 24.8  4.9-10.3-20.0 -9.8 -5  0.0                           
092255021020104561タイガースパーク　　　　　　　　　　 17.1  3.6 -1.8-18.0 -6.1 -1  0.0  0                        
092255021120106491メイショウジェンマ　　　　　　　　　  5.5  1.7 13.9 15.2  9.7 15  0.0                           
092255030120107076モイル　　　　　　　　　　　　　　　 22.0  4.9-11.5-11.6 -7.7 -3  0.0                           
092255030220102688サーマルソアリング　　　　　　　　　  4.0  1.5 15.7 22.0 12.4 17 17.7                           
092255030320101121ハッピーアズラリー　　　　　　　　　  7.4  2.3 15.2  9.9  8.5 14 14.4                           
092255030420101892ミタマ　　　　　　　　　　　　　　　  4.1  1.6 15.4 16.8 10.7 16 19.1                           
092255030520105644リヴァーレ　　　　　　　　　　　　　 16.3  3.9-11.5-12.0 -7.8 -3  0.0                           
092255030620106923ミカヅキ　　　　　　　　　　　　　　 13.9  3.4 -4.4 -4.8 -3.1  2  0.0                           
092255030720105213ウインラフィネ　　　　　　　　　　　 43.0  9.0-11.8-12.6 -8.1 -3  0.0  0                        
092255030820103950ウインドアカネール　　　　　　　　　 32.4  7.0-11.8 -3.6 -5.4  0  0.0                           
092255030920101214ミヤジトレヴ　　　　　　　　　　　　 23.4  5.2 -3.4  8.7  1.4  6  0.0  5                        
092255031020100208フクノカトレア　　　　　　　　　　　  8.7  2.6 10.4 11.5  7.3 12 22.1                           
092255031120103713タイセイフェリーク　　　　　　　　　 36.5  7.7 -7.7 -7.5 -5.1  0  0.0                           
092255031220106454メイショウヒエイ　　　　　　　　　　 25.3  5.6 -5.4-20.0 -8.0 -3  0.0                           
092255031320102803エリム　　　　　　　　　　　　　　　  3.7  1.5 18.6 22.2 13.5 18  0.0  1  126   55              
092255040120101402ラミアストラーダ　　　　　　　　　　 13.5  3.4  5.4  6.1  3.8  9  0.0                           
092255040220103208ジュンツバメガエシ　　　　　　　　　  3.3  1.5 18.6 16.1 11.6 17 16.2                           
092255040320100239ティーティースター　　　　　　　　　 33.1  7.3 -9.2 -7.5 -5.6 -1  0.0                           
092255040420104302スマートファントム　　　　　　　　　 14.3  3.6 -1.9  7.6  1.6  7  0.0                           
092255040520101630トノパー　　　　　　　　　　　　　　 22.1  5.1 -0.6 -7.5 -2.5  3  0.0                           
092255040620100976ハギノアルデバラン　　　　　　　　　  5.2  1.9 18.3  5.6  8.4 13 17.7                           
092255040720103910レジェンドシップ　　　　　　　　　　  5.7  2.0 11.8 14.0  8.5 14  0.0  5                        
092255040820102539アレンテージョ　　　　　　　　　　　  5.5  1.9 13.3  9.8  7.8 13 13.4                           
092255040920107194ザレットイットビー　　　　　　　　　 32.1  7.1-11.5 -9.0 -6.9 -2  0.0                           
092255041020103102セオ　　　　　　　　　　　　　　　　  6.0  2.0  8.5 11.1  6.4 11 22.1                           
092255041120106539メイショウアポロン　　　　　　　　　 44.7  9.6-11.5-11.4 -7.6 -3  0.0                           
092255041220104534ネーブル　　　　　　　　　　　　　　 26.7  6.0-11.5-11.9 -7.8 -3  0.0                           
092255041320100866フルコンタクト　　　　　　　　　　　 32.2  7.1-11.5-11.6 -7.7 -3  0.0                           
092255050120105554タガノソフィア　　　　　　　　　　　 45.6  9.2-11.5 -4.8 -5.7 -6  0.0                           
092255050220109076ケンヴァイザッハ　　　　　　　　　　 44.9  9.0-11.5 -8.5 -6.8 -7  0.0                           
092255050320100897ルソレイユ　　　　　　　　　　　　　 28.1  5.9 -5.4 -6.1 -3.8 -4  0.0                           
092255050420103451スーパーファルクス　　　　　　　　　  3.1  1.4 18.6 15.9 11.6 12 16.2                           
092255050520105932キャロリン　　　　　　　　　　　　　 26.2  5.5-11.5 -9.8 -7.2 -7  0.0                           
092255050620104198サイレンスタイム　　　　　　　　　　 10.8  2.7 13.4 -2.5  4.2  4 15.4                           
092255050720107145プリモカヴァロ　　　　　　　　　　　 14.0  3.3 -2.6  6.1  0.9  1  0.0                           
092255050820106736メイショウタイジュ　　　　　　　　　  6.9  2.1 11.8 22.8 11.2 11 20.6                           
092255050920100712ビビアナローズ　　　　　　　　　　　 25.6  5.4 -7.6-10.7 -6.0 -6  0.0                           
092255051020110145スモーキンビリー　　　　　　　　　　  5.3  1.8 10.0 13.8  7.8  8  0.0  3                        
092255051120101543グランテスト　　　　　　　　　　　　  4.2  1.6 12.9 22.0 11.3 11 17.7                           
092255051220100587ファインギフト　　　　　　　　　　　 21.8  4.7 -3.7 -5.9 -3.1 -3  0.0                           
092255051320105756コーヒーブレイク　　　　　　　　　　 18.7  4.2 -7.6-12.3 -6.5 -6  0.0                           
092255051420104236ニトウリュウ　　　　　　　　　　　　 25.9  5.5 -5.4  6.9  0.1  0  0.0                           
092255060120110014エッセンシャルワン　　　　　　　　　  6.0  1.9  8.5 11.9  6.7  7 13.4                           
092255060220107185アスクトニーロッソ　　　　　　　　　 61.3 11.6 -8.8 -9.0 -5.9 -6  0.0                           
092255060320105971キリシマレインボー　　　　　　　　　 87.7 16.3-11.5-18.5 -9.8-10  0.0                           
092255060420100302アルフェニン　　　　　　　　　　　　 20.5  4.5-11.5 -7.5 -6.5 -6  0.0                           
092255060520110127ジョヴィアン　　　　　　　　　　　　  2.5  1.3 22.4 22.8 15.1 15 16.2  2                        
092255060620100692ナムラレナード　　　　　　　　　　　 42.9  8.5-10.3-18.0 -9.2 -9  0.0  0                        
092255060720102066テイエムマタドール　　　　　　　　　 16.6  3.7 -5.4  4.1 -0.8 -1  0.0                           
092255060820104982ヘンリー　　　　　　　　　　　　　　  6.0  1.9 15.4 13.2  9.6 10 17.7                           
092255060920101578リュウ　　　　　　　　　　　　　　　 13.3  3.1  7.1 -1.2  2.2  2  0.0                           
092255061020100797ハクサンメガミ　　　　　　　　　　　 35.8  7.2 -9.4-12.9 -7.3 -7  0.0                           
092255061120101707スマートフォルス　　　　　　　　　　  6.8  2.1  8.7 -7.3  1.0  1  0.0                           
092255061220106164ピュアマークス　　　　　　　　　　　 52.9 10.4-11.5 -7.5 -6.5 -6  0.0                           
092255061320102407シアワセノアシオト　　　　　　　　　 32.7  6.6 -7.6-11.9 -6.4 -6  0.0                           
092255061420102810デルマアビセタオシ　　　　　　　　　 94.5 17.5-11.5-18.5 -9.8-10  0.0                           
092255061520103988アルベルト　　　　　　　　　　　　　 24.3  5.1 -1.8  1.4 -0.2  0  0.0                           
092255061620106203メイショウフラム　　　　　　　　　　  9.3  2.6  9.5 22.8 10.3 10 22.1                           
092255070119104461サルサディーバ　　　　　　　　　　　 19.8  3.8 -9.4-16.9 -8.5 11  0.0                           
092255070219105256プレミアムスマイル　　　　　　　　　  2.3  1.2 21.9 17.7 13.3 33 16.2                           
092255070319105550レディズビーク　　　　　　　　　　　  8.6  2.2  5.7  4.7  3.5 24 20.6                           
092255070419106060ラピドゥス　　　　　　　　　　　　　 17.7  3.5 -1.4 -1.9 -1.1 19  0.0                           
092255070518104571ワイドアウェイク　　　　　　　　　　 15.0  3.0  7.0  4.9  4.0 24  0.0                           
092255070618101826アウトオブサイト　　　　　　　　　　  5.9  1.7 12.4 19.7 10.5 30 19.1                           
092255070717103278シアープレジャー　　　　　　　　　　 32.2  5.7-11.3-10.6 -7.3 13  0.0                           
092255070819102986シゲルオトヒメ　　　　　　　　　　　 22.7  4.2 -3.2  4.0  0.0 20  0.0                           
092255070919102542ジューンレインボー　　　　　　　　　 11.1  2.4 11.4 -0.5  4.0 24  0.0                           
092255071019102411メタルゴッド　　　　　　　　　　　　  3.9  1.4 16.8 16.8 11.2 31 12.4                           
092255071117103973タツオウカケンラン　　　　　　　　　 26.4  4.8-10.3 -9.4 -6.6 13  0.0                           
092255080118103902サウンドブライアン　　　　　　　　　 33.9  6.8 -9.1 -0.2 -3.4 27  0.0  2                        
092255080218102660ビーアイフェリペ　　　　　　　　　　 20.2  4.4 -0.5  5.4  1.4 31 23.5                           
092255080315102013クリノカサット　　　　　　　　　　　 86.5 15.9-11.8 -3.5 -5.4 25  0.0                           
092255080419104621オンザダブル　　　　　　　　　　　　  7.1  2.1 10.2 13.2  7.7 38  0.0                           
092255080519105741イスラアネーロ　　　　　　　　　　　  3.0  1.4 21.1 22.0 14.3 44 16.2                           
092255080617105070チャーミングアクト　　　　　　　　　 21.8  4.6-11.5 -0.5 -4.4 26  0.0                           
092255080716106457ジューンステータス　　　　　　　　　 22.5  4.7 -1.7  4.5  0.7 31  0.0                           
092255080818101686ウキウキホリデー　　　　　　　　　　 57.0 10.7 -9.3-10.6 -6.6 23  0.0                           
092255080917103497スズカサウスソング　　　　　　　　　 63.0 11.7 -5.4 -9.1 -4.7 25  0.0                           
092255081019100425ポメラート　　　　　　　　　　　　　 26.0  5.3 -6.3 -4.8 -3.8 26  0.0                           
092255081118102416フォックススリープ　　　　　　　　　 32.1  6.5 -7.7 -0.4 -2.9 27  0.0                           
092255081219104869ファンタジックラン　　　　　　　　　 22.7  4.8 -4.5-10.1 -4.7 25  0.0                           
092255081318103551ユスティニアン　　　　　　　　　　　 35.5  7.1 -4.5-10.2 -4.7 25  0.0                           
092255081419106293ファーンヒル　　　　　　　　　　　　  4.6  1.6 15.1 11.2  8.9 39 19.1                           
092255081518103618クローリスノキセキ　　　　　　　　　 19.8  4.3  1.5  6.8  2.6 33  0.0                           
092255081619105058ミユキアイラブユー　　　　　　　　　  4.1  1.5 15.4 14.2  9.9 40 12.4                           
092255090118106368スズカルビコン　　　　　　　　　　　 16.4  3.9  1.5-11.2 -2.8 27  0.0                           
092255090218101337ヒミノフラッシュ　　　　　　　　　　 46.6  9.6-11.5-14.5 -8.6 21  0.0  0                        
092255090318105846メイショウオキビ　　　　　　　　　　 11.6  2.9 10.3  8.7  6.4 36 22.1                           
092255090418100424ガムラン　　　　　　　　　　　　　　 38.7  8.1 -9.4-14.7 -7.9 22  0.0                           
092255090518110117フランスゴデイナ　　　　　　　　　　  3.4  1.5 22.3 21.5 14.6 45  0.0  3                        
092255090619102490オディロン　　　　　　　　　　　　　  4.3  1.6 16.4  8.9  8.7 39 13.4                           
092255090718103149メイショウヨシテル　　　　　　　　　 12.5  3.1 -3.3 14.3  3.1 33  0.0                           
092255090818103828ニホンピロハーバー　　　　　　　　　  8.4  2.5  6.6 -2.5  1.7 32 20.6                           
092255090916103046ルモンド　　　　　　　　　　　　　　 27.9  6.0-11.5 -5.6 -5.9 24  0.0                           
092255091018105205ペイルライダー　　　　　　　　　　　 52.2 10.7-11.5-11.6 -7.7 22  0.0                           
092255091118103470シゲルバクハツ　　　　　　　　　　　  4.1  1.6 10.4 13.4  7.8 38 17.7                           
092255091217102378ロードグリュック　　　　　　　　　　 57.2 11.3-11.5-11.1 -7.5 22  0.0                           
092255091317105895イルミネーター　　　　　　　　　　　 26.3  5.7 -7.6  4.5 -1.4 29  0.0                           
092255091418106692アクセル　　　　　　　　　　　　　　 64.4 12.7-11.3-10.6 -7.3 23  0.0                           
092255091517106689クリノナイスガイ　　　　　　　　　　 22.3  4.9  4.0  5.4  3.1 33  0.0                           
092255091617106728シンゼンデレヤ　　　　　　　　　　　 76.3 14.9-11.5-10.1 -7.2 23  0.0                           
092255100117104973リリーピュアハート　　　　　　　　　  7.9  2.3  8.9 13.1  7.2 42 22.1                           
092255100215104186ゼーゲン　　　　　　　　　　　　　　 20.3  4.5 -9.3 -9.9 -6.4 29  0.0                           
092255100319104899インプレス　　　　　　　　　　　　　  6.3  2.0 14.9 16.6 10.4 45  0.0                           
092255100418105162レッドヴェロシティ　　　　　　　　　  3.9  1.6 15.6 18.0 11.1 46 17.7                           
092255100515100533ドンアルゴス　　　　　　　　　　　　 33.4  6.9-12.2-20.0-10.5 25  0.0                           
092255100618102576ロードプレジール　　　　　　　　　　  5.4  1.8 13.1 23.8 11.9 47 19.1                           
092255100717101915マイネルコロンブス　　　　　　　　　 17.6  4.0 -9.8 -0.4 -3.7 31  0.0                           
092255100814105947シロニイ　　　　　　　　　　　　　　 31.9  6.6-11.5-12.1 -7.8 27  0.0                           
092255100916104397タイセイモナーク　　　　　　　　　　 25.0  5.3 -6.7 -4.5 -3.8 31  0.0                           
092255101017104989ストリクトコード　　　　　　　　　　  3.4  1.5 18.2 30.0 15.7 51 11.3                           
092255101118105088テンカハル　　　　　　　　　　　　　 12.2  3.0  8.7 -5.0  1.7 37  0.0                           
092255101216103294ウォルフズハウル　　　　　　　　　　 20.7  4.6 -2.1 -3.6 -1.9 33  0.0                           
092255110117105460ブラックマジック　　　　　　　　　　 12.1  2.9  0.9  3.2  1.3 46  0.0                           
092255110218104475ディープモンスター　　　　　　　　　  3.1  1.4 18.8 22.3 13.6 59 16.2                           
092255110317105569サンテローズ　　　　　　　　　　　　  4.2  1.6 16.4 17.1 11.1 56 17.7                           
092255110419102879マテンロウレオ　　　　　　　　　　　  7.0  2.1  7.0  3.6  3.6 49  0.0                           
092255110516100550ヒルノダカール　　　　　　　　　　　 12.6  3.0  3.3 -1.1  0.9 46  0.0                           
092255110616102929ショウナンバルディ　　　　　　　　　 15.2  3.5  1.2 -3.9 -0.7 44  0.0                           
092255110716104702アドマイヤジャスタ　　　　　　　　　 20.9  4.6-11.5-14.0 -8.4 37  0.0  0                        
092255110818104240アイコンテーラー　　　　　　　　　　 15.4  3.6 -7.2 14.9  1.8 47  0.0                           
092255110917106583ソフトフルート　　　　　　　　　　　  4.6  1.6 12.4 17.2  9.7 55 19.1                           
092255111016102201ヒュミドール　　　　　　　　　　　　 21.7  4.7 -2.9 -3.6 -2.1 43 20.6                           
092255111115103452ゴールドギア　　　　　　　　　　　　 23.3  5.0 -7.4 -3.0 -3.6 41  0.0                           
092255120118104825フラリオナ　　　　　　　　　　　　　 29.4  6.1 -2.1 10.2  2.3 22  0.0                           
092255120218104330ランスオブミューズ　　　　　　　　　 38.9  7.8-11.8-12.6 -8.1 12  0.0  0                        
092255120319106575サトノルフィアン　　　　　　　　　　 81.0 15.1-11.5-11.4 -7.6 12  0.0                           
092255120418109002バリコノユメ　　　　　　　　　　　　 20.4  4.5 -4.0 17.5  3.8 24  0.0                           
092255120519102553ゴールドローズ　　　　　　　　　　　 11.5  2.8  5.7 -0.6  1.9 22 20.6                           
092255120618106425ドリアード　　　　　　　　　　　　　 14.5  3.4  1.5  8.8  3.2 23  0.0                           
092255120719105230ポーカー　　　　　　　　　　　　　　  2.8  1.4 19.4 15.3 11.7 32 16.2                           
092255120817102403ヴィースバーデン　　　　　　　　　　 65.6 12.4-11.5-10.2 -7.3 13  0.0                           
092255120919100659レベレンシア　　　　　　　　　　　　 23.5  5.0 -5.5 -3.8 -3.2 17  0.0                           
092255121019102215サク　　　　　　　　　　　　　　　　 35.6  7.2 -9.8 -6.1 -5.4 15  0.0                           
092255121119106925ムーンリットナイト　　　　　　　　　 22.9  4.9  0.4  4.9  1.6 22  0.0                           
092255121218105273アメイジングタイム　　　　　　　　　 16.5  3.7 -5.9 -4.6 -3.5 16  0.0                           
092255121319101708フローレンスハニー　　　　　　　　　 25.5  5.3  4.1 -3.0  0.6 21  0.0                           
092255121419104850バレエマスター　　　　　　　　　　　  6.7  2.1 14.8  5.4  7.0 27  0.0                           
092255121519107016ウナギノボリ　　　　　　　　　　　　 55.5 10.6-11.8 -8.8 -7.0 13  0.0  0                        
092255121619106028ピースキーパー　　　　　　　　　　　 29.0  6.0-10.4-12.6 -7.6 12  0.0  0                        
092255121719105298マイシンフォニー　　　　　　　　　　  4.8  1.7 16.7 21.6 12.6 33 12.4                           
092255121819105877デルマグレムリン　　　　　　　　　　 19.3  4.3 -9.3  0.2 -3.3 17 25.0                           
