042126010118104779ミスハイローラー　　　　　　　　　　 18.4  3.4 -1.1  6.3  2.0  7  0.0                           
042126010218106701ルヴァンノワール　　　　　　　　　　  2.4  1.2 17.2 15.8 11.0 16  6.7                           
042126010318100450グッドイヤー　　　　　　　　　　　　 29.2  4.9 -5.5-10.5 -5.5 -1  0.0                           
042126010418103945オサキニゴブレイ　　　　　　　　　　 90.2 13.4-10.0-10.0 -6.7 -2  0.0                           
042126010518106656ウィスク　　　　　　　　　　　　　　 35.1  5.8-10.0  8.3  0.0  5  0.0                           
042126010618102274デモネタブンキット　　　　　　　　　 48.9  7.8-12.5-12.3 -8.3 -3  0.0                           
042126010718105354コーヒーソフト　　　　　　　　　　　  9.2  2.2 25.0  8.0 10.4 15  0.0                           
042126010818104077グリュレーヴ　　　　　　　　　　　　 12.2  2.5  6.5  6.3  4.3  9  8.6                           
042126010918101048スマートミニヨン　　　　　　　　　　 19.3  3.5 -4.2-10.5 -5.1  0  0.0                           
042126011018102126コスモエンデ　　　　　　　　　　　　 99.4 14.8-10.0 -1.4 -3.5  1  0.0                           
042126011118100400サトノディーバ　　　　　　　　　　　  3.2  1.3 18.1 16.5 11.5 16 14.2                           
042126011218100872グローリアステラ　　　　　　　　　　 47.7  7.6-10.0  8.2  0.0  5  0.0                           
042126011318104768エバースカーレット　　　　　　　　　 26.6  4.5 -4.7-10.5 -5.3  0  0.0                           
042126011418104057ブリングミージョイ　　　　　　　　　  7.7  1.9 14.9 11.6  8.7 14 15.3                           
042126011518102661リリーテソーロ　　　　　　　　　　　 36.5  6.0 -1.6 -2.0 -1.2  4  0.0                           
042126020118103001ケヴィンズクロス　　　　　　　　　　 13.7  2.9  6.0  4.4  3.4  8  0.0                           
042126020218105198エリカシャンス　　　　　　　　　　　 13.8  2.9  8.0 10.5  6.3 11  8.6                           
042126020318106067エリーゴールド　　　　　　　　　　　135.9 21.3-12.5-13.8 -8.8 -4  0.0                           
042126020418110067コゴメユキ　　　　　　　　　　　　　 46.0  7.9  0.6-10.5 -3.7  1  0.0                           
042126020518106159ニューフィー　　　　　　　　　　　　 53.2  9.0-10.0-10.0 -6.7 -2  0.0                           
042126020618110128トニーヒアロ　　　　　　　　　　　　  5.3  1.6 18.6 16.6 11.7 17  7.9                           
042126020718101686ウキウキホリデー　　　　　　　　　　 19.2  3.7-10.0  9.0  0.3  5  0.0                           
042126020818101498ラブリークイーン　　　　　　　　　　 20.3  3.9-10.0-13.4 -7.9 -3  0.0                           
042126020918106718リアルドリーム　　　　　　　　　　　108.9 17.2-10.0-16.8 -9.2 -4  0.0                           
042126021018102011ヤマニンバルトロ　　　　　　　　　　 32.0  5.7-10.8 -3.1 -4.4  1  0.0  0                        
042126021118100903ラスティネイル　　　　　　　　　　　 29.9  5.3 -2.0 -2.0 -1.3  4  0.0                           
042126021218104061オープンセサミ　　　　　　　　　　　 26.9  4.9-10.0 -9.0 -6.3 -1  0.0                           
042126021318100577カズオ　　　　　　　　　　　　　　　  2.2  1.2 18.8 18.0 12.2 17 13.0                           
042126021418100769デンプシーロール　　　　　　　　　　  4.5  1.5 10.0 15.0  8.5 13 14.2                           
042126021518104120ステイホームバブル　　　　　　　　　 16.8  3.3 -1.6 11.5  3.7  9  0.0  5                        
042126030118106418パッドゥラパン　　　　　　　　　　　 13.9  3.1-10.0 -2.0 -3.7  1  0.0                           
042126030218100473セゾンデフルール　　　　　　　　　　 44.1  8.1-10.8-10.5 -7.1 -2  0.0                           
042126030318102639エクメディフラワー　　　　　　　　　 68.4 12.0-10.0-10.0 -6.7 -2  0.0                           
042126030418102555ミソライロ　　　　　　　　　　　　　 41.3  7.7-10.8-10.5 -7.1 -2  0.0                           
042126030518104987グレイシャーパーク　　　　　　　　　  4.7  1.6 11.6 20.3 10.9 16  7.9                           
042126030618103113ブラックソウル　　　　　　　　　　　 19.7  4.1  0.6-10.5 -3.7  1  0.0                           
042126030718104370トーホウエンジェル　　　　　　　　　  3.6  1.4 18.2 15.8 11.3 16 14.2                           
042126030818102002ラブカプチーノ　　　　　　　　　　　  2.8  1.3 15.0  2.4  5.4 10 13.0                           
042126030918104997ラニカイブルー　　　　　　　　　　　 33.3  6.3-10.8-11.7 -7.5 -3  0.0                           
042126031018106091ユキヤコンコン　　　　　　　　　　　  8.4  2.3 20.0 30.7 17.3 22  0.0                           
042126031118103074テイエムユキマイ　　　　　　　　　　 14.1  3.1  6.0-20.0 -5.5 -1  0.0                           
042126031218102226ユーベルント　　　　　　　　　　　　 18.4  3.8 -7.0-10.5 -5.9 -1  0.0                           
042126031318101624ウインジュノー　　　　　　　　　　　 18.8  3.9  6.8  8.3  5.1 10 10.4  5                        
042126040117103341アイスヴィスタ　　　　　　　　　　　 10.9  2.7  4.2  6.3  3.6  4  0.0                           
042126040213106303エタニティーワルツ　　　　　　　　　  7.6  2.2 15.0  2.0  5.2  5  7.9                           
042126040314102061ハウエバー　　　　　　　　　　　　　 16.4  3.6  6.0  5.4  3.8  4  0.0                           
042126040413103430フジマサアクトレス　　　　　　　　　 45.4  8.8-12.5-13.2 -8.6 -9  0.0                           
042126040516100764マイネルバッカーノ　　　　　　　　　 42.9  8.3-10.0 -3.9 -4.4 -4  0.0                           
042126040616102991クロヒョウ　　　　　　　　　　　　　 18.7  4.1-10.0 -9.0 -6.3 -6  0.0                           
042126040716105718スズカユース　　　　　　　　　　　　 43.3  8.4-10.0-10.0 -6.7 -7  0.0                           
042126040817105631アナンダライト　　　　　　　　　　　 16.2  3.6-12.5-16.2 -9.7-10  0.0  0                        
042126040911102899オウケンブラック　　　　　　　　　　  7.9  2.3-12.5  5.9 -1.6 -2  8.5                           
042126041016101051キャノンバローズ　　　　　　　　　　  5.4  1.8 14.2  8.3  7.3  7  6.9                           
042126041114105324アルトリウス　　　　　　　　　　　　 35.1  6.9 -2.0-10.0 -4.3 -4  0.0                           
042126041215106157ムーンレイカー　　　　　　　　　　　  2.5  1.3 17.2 18.5 11.9 12 13.0                           
042126041317106352グラスフレイバー　　　　　　　　　　 38.9  7.6-12.5-10.0 -7.4 -7  0.0                           
042126041416100610カーブドシール　　　　　　　　　　　  8.6  2.4  4.5  4.6  3.0  3  8.6                           
042126050118103492ホウオウダンサー　　　　　　　　　　125.4 23.1-12.5-11.5 -8.0 -3  0.0                           
042126050218105499フラワーリスペクト　　　　　　　　　 26.2  5.5-12.5-10.0 -7.4 -2  0.0                           
042126050318104079メイショウテンオン　　　　　　　　　  6.5  2.0  6.1-10.5 -2.0  3  8.5                           
042126050418106565ブレーヴソウル　　　　　　　　　　　 65.8 12.4-10.8-10.5 -7.1 -2 12.6                           
042126050518105429ナヴィリオ　　　　　　　　　　　　　 23.9  5.1-10.0-10.0 -6.7 -2  0.0                           
042126050618104018アポロミラクル　　　　　　　　　　　  8.4  2.4  7.5  4.4  3.9  9  9.2                           
042126050718105414パープルレイン　　　　　　　　　　　125.4 23.1-12.5-10.0 -7.4 -2  0.0                           
042126050818106618メイショウカークス　　　　　　　　　  7.8  2.3  8.0  6.3  4.7 10  0.0                           
042126050918103447ウエスタンスパーダ　　　　　　　　　 40.3  8.1 -5.5-10.5 -5.5 -1  0.0                           
042126051018101496クリスタルローレル　　　　　　　　　 26.9  5.6-12.5 -2.0 -4.5  1  0.0                           
042126051118102181コスモノアゼット　　　　　　　　　　  3.3  1.5 18.8 17.5 12.1 17 13.0                           
042126051218103088ヴィスコンティ　　　　　　　　　　　  3.8  1.6 14.9 10.5  8.3 13  7.3                           
042126051318101779テイエムジャガー　　　　　　　　　　 17.0  3.8 -4.7-10.5 -5.3  0  0.0                           
042126051418103093ヒルノアローザ　　　　　　　　　　　  6.4  2.0 12.8  6.7  6.3 11  0.0  5                        
042126051518105721カシノシンセイ　　　　　　　　　　　 74.1 13.9-11.3-10.5 -7.2 -2  0.0                           
042126060118103056ライムワード　　　　　　　　　　　　 35.0  7.2-10.8-12.9 -8.0 -3  0.0                           
042126060218102174コスモオニアシゲ　　　　　　　　　　 30.5  6.4-10.0 -3.5 -4.3  1  0.0                           
042126060318105430ミッキーファンド　　　　　　　　　　 36.6  7.5-10.8 -7.2 -5.9 -1  0.0                           
042126060418102444マテンロウスタイル　　　　　　　　　 10.9  2.7 10.3  8.3  6.1 11  9.1                           
042126060518100941マイネルレガシー　　　　　　　　　　  3.0  1.4 15.0 13.5  9.4 14 13.0                           
042126060618105471ビオグラフィア　　　　　　　　　　　 12.9  3.1 12.2 11.5  7.9 13  0.0                           
042126060718105104スパークフューチャ　　　　　　　　　 83.2 15.9-12.5-13.8 -8.8 -4  0.0                           
042126060818104909ラリック　　　　　　　　　　　　　　 14.9  3.5 -1.7-10.5 -4.4  1  9.8                           
042126060918103489ホウオウリアリティ　　　　　　　　　  8.3  2.4  6.0  3.8  3.2  8  0.0                           
042126061018103030ネフュージュニア　　　　　　　　　　 18.4  4.2-10.0  8.2  0.0  5  0.0                           
042126061118106334ロイヤルアッシュ　　　　　　　　　　 41.9  8.5-12.5  6.0 -1.5  3  0.0                           
042126061218102180マイネルリリーフ　　　　　　　　　　 51.1 10.3-12.5-19.2-10.8 -6  0.0  0                        
042126061318101635ウインマイソウル　　　　　　　　　　 49.0  9.9-12.5-10.0 -7.4 -2  0.0                           
042126061418104196タイセイコマンド　　　　　　　　　　  4.7  1.7 15.0 11.0  8.5 14  7.3                           
042126061518104268リーゼントジャンボ　　　　　　　　　  4.8  1.7  6.5  6.6  4.4  9  7.5                           
042126061618101734フィジータイム　　　　　　　　　　　 84.1 16.0-11.3 -8.4 -6.5 -1  0.0                           
042126070117104680エアダンルース　　　　　　　　　　　 15.0  3.5-10.0  7.9 -0.1 20  9.2  3                        
042126070217101791ウーゴ　　　　　　　　　　　　　　　 26.9  5.6  8.7  9.3  6.0 26  0.0                           
042126070315104142ミッキーチャイルド　　　　　　　　　  7.6  2.2 12.5  7.4  6.5 26  0.0                           
042126070416102446ワンダーヘイルネス　　　　　　　　　  6.8  2.1 15.9 15.5 10.5 30 16.5                           
042126070517102902ネバーランド　　　　　　　　　　　　 34.1  6.9-10.0-10.8 -7.0 13  0.0                           
042126070617104258セイラブミー　　　　　　　　　　　　138.3 25.2-10.0-12.6 -7.6 12  0.0                           
042126070717104214シロイスズメ　　　　　　　　　　　　 33.1  6.7  6.0  2.0  2.5 23  0.0                           
042126070816105082クイーンズテイスト　　　　　　　　　 19.8  4.3-10.0-10.0 -6.7 13  0.0                           
042126070917103493バウンティハンター　　　　　　　　　 42.5  8.4-10.0 -3.7 -4.4 16  0.0                           
042126071016102733チアフルローズ　　　　　　　　　　　 15.3  3.5-12.5  6.0 -1.5 18  0.0                           
042126071117100228サノノクヒオ　　　　　　　　　　　　  3.7  1.5 15.0 30.0 15.5 36 14.2                           
042126071216101901テイエムメロディー　　　　　　　　　  6.6  2.0  1.2  6.3  2.7 23  0.0                           
042126071314101752エナホープ　　　　　　　　　　　　　 37.0  7.4-10.8-10.5 -7.1 13  0.0                           
042126071416102421ランランウイング　　　　　　　　　　  3.3  1.5 11.0 11.3  7.4 27  6.7                           
042126071517101395グッドストーム　　　　　　　　　　　 58.0 10.9-11.3-10.5 -7.2 13  0.0                           
042126080116106166ノーブルテラ　　　　　　　　　　　　 35.0  6.4-12.5-12.3 -8.3 12  0.0                           
042126080216106501アミュリオン　　　　　　　　　　　　  6.4  1.8  9.0  3.7  4.1 24  7.9                           
042126080317100373シャルドネ　　　　　　　　　　　　　 24.5  4.6  0.6 -1.8 -0.5 20  0.0                           
042126080416102002ラヴィッスマン　　　　　　　　　　　 31.1  5.7 -7.0-10.5 -5.9 14  0.0                           
042126080517105065エルセンブルグ　　　　　　　　　　　 11.3  2.5  7.5  6.0  4.4 24  0.0                           
042126080617104513レッドラトゥール　　　　　　　　　　 12.2  2.7  4.0 15.5  6.9 27  0.0                           
042126080717104056サトノスライヴ　　　　　　　　　　　 23.4  4.5 -5.0-11.5 -5.7 14  9.8                           
042126080816101224ココリジャスミン　　　　　　　　　　 37.1  6.7-10.0-12.0 -7.4 13  0.0                           
042126080915105430ホウオウサマンサ　　　　　　　　　　 36.3  6.6-10.0 -1.7 -3.6 16  0.0                           
042126081016102678ウインググランダー　　　　　　　　　 66.9 11.2-10.8-10.5 -7.1 13  0.0                           
042126081117105286ナリノクリスティー　　　　　　　　　  9.3  2.4 25.0 15.4 13.1 33  8.1                           
042126081217100577クリアショット　　　　　　　　　　　  3.5  1.4 17.1 14.3 10.4 30  7.3                           
042126081317101910コスモオリ　　　　　　　　　　　　　  2.7  1.3  6.0  2.1  2.6 23 13.0                           
042126081417102046ケイティミラクル　　　　　　　　　　 27.4  5.1-11.3 -8.6 -6.5 13  0.0                           
042126090116103123ボマイェ　　　　　　　　　　　　　　  3.1  1.4 19.8 28.3 16.3 36 13.0                           
042126090217104665コミカライズ　　　　　　　　　　　　  5.2  1.8 15.0 15.0 10.0 30  7.9                           
042126090317105151ユールファーナ　　　　　　　　　　　 19.8  4.4  6.0  6.0  4.0 24  0.0                           
042126090417100230クラウンコジーン　　　　　　　　　　 52.8 10.6-12.5-10.0 -7.4 13  0.0                           
042126090515101716マサノアッレーグラ　　　　　　　　　  6.6  2.1 25.0  9.0 10.8 31 16.5                           
042126090616105303ロイヤルヴィザージ　　　　　　　　　 23.9  5.1  6.5  6.3  4.3 24  0.0                           
042126090716102333マーベラスアゲン　　　　　　　　　　 18.7  4.2  6.0  7.1  4.4 24  0.0                           
042126090816104755リャスナ　　　　　　　　　　　　　　  4.5  1.6 10.3 20.7 10.7 31  6.9  3                        
042126090917100997テーオーソクラテス　　　　　　　　　 20.8  4.6-10.8-10.5 -7.1 13  0.0                           
042126091017110177マジカルマジカル　　　　　　　　　　 17.2  3.9  7.5-12.3 -2.3 18  0.0                           
042126091117105344アッタヴァンティ　　　　　　　　　　 29.7  6.2-12.5-10.0 -7.4 13  0.0                           
042126091215104528グレンフィナン　　　　　　　　　　　 23.3  5.0-12.5-15.1 -9.3 11  0.0                           
042126091317105337ミスビアンカ　　　　　　　　　　　　 11.9  2.9 -1.7  1.4  0.0 20  0.0                           
042126091416102814ディザイアソング　　　　　　　　　　 46.8  9.4-11.3 -3.1 -4.5 15  0.0  5                        
042126100116105133レッドレイル　　　　　　　　　　　　 18.9  4.4  0.2 15.5  5.7 26  0.0                           
042126100216104717マジストラル　　　　　　　　　　　　 25.8  5.6 -5.5-10.5 -5.5 14  0.0                           
042126100317100915ロッソモラーレ　　　　　　　　　　　 57.2 11.4 -2.0-20.0 -7.9 12  0.0                           
042126100417106699ナムラドン　　　　　　　　　　　　　  8.0  2.4 10.2  8.5  6.2 26  0.0                           
042126100517100870シャトン　　　　　　　　　　　　　　 20.1  4.6-12.5-10.0 -7.4 13  0.0                           
042126100616103080ドリームインパクト　　　　　　　　　  2.9  1.4 10.0 40.0 17.7 38 13.0  1  180   50              
042126100717104670ビートザウイングス　　　　　　　　　  8.4  2.5-12.5  5.4 -1.8 18  0.0                           
042126100817100478フィニステール　　　　　　　　　　　 19.8  4.5 -1.7-10.5 -4.4 16 10.9                           
042126100917105254リーガルマナー　　　　　　　　　　　 53.0 10.9-10.8-10.5 -7.1 13  0.0                           
042126101017100029テイエムフローラ　　　　　　　　　　 13.0  3.2  4.1-10.5 -2.6 17  0.0                           
042126101117102084ヒルノアントラ　　　　　　　　　　　 23.6  5.2-10.8-10.5 -7.1 13  0.0                           
042126101217103666ウィスパリンホープ　　　　　　　　　  5.3  1.9  9.5 11.3  7.0 27  7.3                           
042126101317100451シルバーエース　　　　　　　　　　　 14.6  3.5  2.6  8.3  3.8 24  0.0                           
042126101416102113ケルンキングダム　　　　　　　　　　  6.6  2.1  7.3-10.5 -1.7 18 15.3                           
042126101517100904タイクーンバゴ　　　　　　　　　　　 84.9 16.6-11.3-10.0 -7.1 13  0.0                           
042126110116101956オルダージュ　　　　　　　　　　　　 31.5  7.1-10.0  6.0 -0.8 44  0.0                           
042126110215103875ビリーバー　　　　　　　　　　　　　 41.2  9.1-12.5-10.0 -7.4 38 14.4                           
042126110316109019ファストアズエバー　　　　　　　　　  9.2  2.8  8.0 -2.1  1.6 47  0.0                           
042126110417101107タピオカ　　　　　　　　　　　　　　 10.9  2.9-10.0  6.6 -0.6 44  0.0                           
042126110515103384ポートナイトサイト　　　　　　　　　 32.2  7.3-10.0-12.6 -7.6 37  0.0                           
042126110616100433タマモメイトウ　　　　　　　　　　　 45.1  9.9-10.8-10.5 -7.1 38  0.0                           
042126110714103017ヒロイックアゲン　　　　　　　　　　  5.2  1.9  6.0 14.2  7.0 52  7.3                           
042126110816103990ノンライセンス　　　　　　　　　　　 18.5  4.5 -0.3-10.5 -3.9 41  0.0                           
042126110915100416ライオンボス　　　　　　　　　　　　  3.6  1.6 15.0  9.3  7.9 53 13.0                           
042126111015101358ワンモアバイト　　　　　　　　　　　 20.2  4.9  7.5 -2.0  1.5 47  0.0                           
042126111117101765レジェーロ　　　　　　　　　　　　　 37.6  8.4-10.8-10.5 -7.1 38  0.0                           
042126111215103267カッパツハッチ　　　　　　　　　　　  6.4  2.2 12.5  5.7  5.8 51  7.9                           
042126111316105772ケイアイサクソニー　　　　　　　　　  9.3  2.8-10.8-10.5 -7.1 38  0.0                           
042126111415105225ロードエース　　　　　　　　　　　　 27.4  6.3-10.8-10.5 -7.1 38 12.1                           
042126111516110148サンノゼテソーロ　　　　　　　　　　 12.5  3.3-10.0 -2.0 -3.7 41  0.0                           
042126111614101889アルミューテン　　　　　　　　　　　 17.8  4.4-11.3-13.8 -8.4 37  0.0                           
042126120116103281ショウブ　　　　　　　　　　　　　　 16.4  3.4  5.5  6.3  4.0 34  0.0                           
042126120217101726オカリナ　　　　　　　　　　　　　　  3.9  1.4 12.2 14.3  8.9 39  7.9                           
042126120316110025パーティナシティ　　　　　　　　　　  3.2  1.3 14.4 25.5 13.7 44  7.3                           
042126120417103831ロゼキルシュ　　　　　　　　　　　　 26.2  4.9  6.5  6.3  4.3 34  9.8                           
042126120517100924エスシーミホーク　　　　　　　　　　 11.5  2.6  8.8 -2.5  1.7 32  0.0                           
042126120617104636セクシーフェイス　　　　　　　　　　 30.2  5.6-12.5 -2.0 -4.5 26  0.0                           
042126120717101751ケイアイピハ　　　　　　　　　　　　 42.3  7.6-12.5-10.0 -7.4 23  0.0                           
042126120817101883マリスドランジュ　　　　　　　　　　 58.4  9.9-10.8-10.5 -7.1 23  0.0                           
042126120917106438スナークダヴィンチ　　　　　　　　　 15.0  3.2  6.3 15.5  7.6 38  0.0                           
042126121016110070ララクリュサオル　　　　　　　　　　  2.9  1.3 19.8 18.5 12.7 43 13.0                           
042126121116101560ペイシャリルキス　　　　　　　　　　 40.4  7.3 -2.0  6.0  1.6 32 11.5                           
042126121216103900エスケーアタランタ　　　　　　　　　 37.1  6.7 -4.7-10.5 -5.3 25  0.0                           
042126121316101264サニーストーム　　　　　　　　　　　100.1 16.6-10.0 -1.7 -3.6 26  0.0                           
042126121417101363トライハード　　　　　　　　　　　　 52.9  9.3 -1.7-10.5 -4.4 26  0.0                           
042126121517102234シャイニールミナス　　　　　　　　　 51.1  9.0-11.3-10.8 -7.3 23  0.0                           
05212a010118100892エナジーボーイ　　　　　　　　　　　 16.0  3.2-10.0  4.6 -1.3  4 11.6                           
05212a010218101711ナンノコレシキ　　　　　　　　　　　  5.5  1.7 15.1 21.5 12.4 17 17.3                           
05212a010318106433ネイリスト　　　　　　　　　　　　　 75.4 12.2-13.4-12.5 -8.6 -4  0.0                           
05212a010418105603ゲットバック　　　　　　　　　　　　 32.7  5.8 -5.9 -2.0 -2.5  2  0.0                           
05212a010518100168パワーボム　　　　　　　　　　　　　122.2 19.4-10.0-10.0 -6.7 -2  0.0                           
05212a010618103146ホッコーマイサン　　　　　　　　　　 69.4 11.3-10.0-18.6 -9.8 -5  0.0                           
05212a010718101108リッターヴォルト　　　　　　　　　　 15.9  3.2  4.0 -2.0  0.5  5  0.0                           
05212a010818105488ラインスプラッシュ　　　　　　　　　  7.4  2.0 12.0 11.4  7.8 13  0.0                           
05212a010918106233レイドフルール　　　　　　　　　　　 27.0  4.9 10.4 -4.0  1.7  7  0.0                           
05212a011018104649スパイラルライズ　　　　　　　　　　 20.6  4.0  7.6  2.4  3.2  8  0.0                           
05212a011118106065テンペスタース　　　　　　　　　　　 30.1  5.4-11.7-14.9 -9.0 -4  0.0                           
05212a011218103397キタノインスパイア　　　　　　　　　178.0 27.9-11.7-14.1 -8.7 -4  0.0  0                        
05212a011318102731ドリームウィーバー　　　　　　　　　 30.2  5.4-10.0 12.2  1.5  6  0.0                           
05212a011418101243オレデイイノカ　　　　　　　　　　　  2.0  1.2 22.4 16.3 12.7 18 15.9                           
05212a011518106166ハヤブサユートピア　　　　　　　　　  7.4  2.0 10.0  8.0  5.9 11 10.1                           
05212a011618104174アルドゥマン　　　　　　　　　　　　 22.0  4.1  8.6 10.5  6.4 11  0.0  5                        
05212a020118105135ケルト　　　　　　　　　　　　　　　  8.9  2.3  2.6  7.2  3.4  8  0.0                           
05212a020218102202オブデュモンド　　　　　　　　　　　  2.4  1.3 20.4 22.8 14.5 19 15.9C                          
05212a020318100759ノーブルオリンピア　　　　　　　　　  7.1  2.0  6.0 19.0  8.8 14  9.4                           
05212a020418104761トレヴィス　　　　　　　　　　　　　 69.1 11.8-11.7-10.1 -7.2 -2  0.0                           
05212a020518105993サムライスピアー　　　　　　　　　　 12.0  2.7  3.4  6.9  3.5  9  0.0                           
05212a020618100884ルタピヴォラン　　　　　　　　　　　 36.1  6.6  0.6-11.5 -4.0  1 16.7                           
05212a020718102846ニシノカタパルト　　　　　　　　　　 31.5  5.9 -3.8  0.2 -1.1  4  0.0  5                        
05212a020818102143マイネルイナブ　　　　　　　　　　　 43.3  7.8-13.1-13.5 -8.9 -4  0.0                           
05212a020918100349シャークウォーニン　　　　　　　　　 30.2  5.6  7.0 -7.7 -0.7  4  0.0                           
05212a021018104175コカゲ　　　　　　　　　　　　　　　 80.9 13.7 -5.0-15.7 -7.3 -2  0.0                           
05212a021118104722ヴィクトリアノート　　　　　　　　　 18.9  3.8  6.0 19.6  9.0 14  0.0                           
05212a021218101435タイセイジェニー　　　　　　　　　　 19.6  4.0  3.7  6.6  3.5  9  0.0                           
05212a021318103055ランカンカン　　　　　　　　　　　　  4.2  1.6 16.2 11.0  8.9 14 17.3                           
05212a021418100688アウリッシュ　　　　　　　　　　　　 23.7  4.6-10.0  2.4 -2.1  3  0.0                           
05212a021518104634ワールプール　　　　　　　　　　　　 27.4  5.2-10.0-10.0 -6.7 -2  0.0                           
05212a021618103306マラドーナ　　　　　　　　　　　　　 28.2  5.3-10.3  7.6 -0.3  5  0.0                           
05212a030118101679カシノフォワード　　　　　　　　　　 76.0 15.2-11.7 -5.9 -5.7 -1  0.0                           
05212a030218106355マロンビクトリー　　　　　　　　　　139.6 27.4-10.0-10.2 -6.7 -2  0.0                           
05212a030318104625シャドウアルテミス　　　　　　　　　 10.7  2.8  4.3 11.7  5.6 11 10.9                           
05212a030418105543プレリュードノート　　　　　　　　　 97.1 19.2-10.0-11.9 -7.4 -2  0.0                           
05212a030518103531シェーンシュタット　　　　　　　　　 12.8  3.2 10.0 -2.0  2.3  7 13.0                           
05212a030618101234チュウワヴィグラス　　　　　　　　　 44.4  9.4-11.7-12.3 -8.0 -3  0.0                           
05212a030718101639ウインカンターレ　　　　　　　　　　 64.9 13.1-11.7 -8.2 -6.5 -2  0.0                           
05212a030818104827スマートワン　　　　　　　　　　　　  4.8  1.8  6.0 12.5  6.4 11  8.7                           
05212a030918100658コスモノート　　　　　　　　　　　　 12.0  3.1  7.7  0.0  2.3  7  0.0                           
05212a031018105313セブンシーズ　　　　　　　　　　　　  3.3  1.5 18.3 12.3 10.0 15 15.9                           
05212a031118104443ブリリアントマイア　　　　　　　　　 82.0 16.3 -8.6-12.5 -7.2 -2  0.0                           
05212a031218103549ディヴァインギフト　　　　　　　　　 51.9 10.9-10.0-12.9 -7.7 -3  0.0                           
05212a031318105648トーセンガーリー　　　　　　　　　　  6.9  2.2  6.0  7.9  4.7 10  0.0                           
05212a031418105390サンギネア　　　　　　　　　　　　　 37.8  8.1-10.0-15.2 -8.6 -4  0.0                           
05212a031518100999ペガサステソーロ　　　　　　　　　　  6.3  2.1 18.6 13.0 10.3 15  9.4                           
05212a031618104702フィエゾン　　　　　　　　　　　　　 12.4  3.1-10.0  6.0 -0.8  4  0.0                           
05212a031718102137マカラプア　　　　　　　　　　　　　 55.6 11.3-10.0-10.4 -6.8 -2  0.0                           
05212a031818100245ショウナンカリプソ　　　　　　　　　 22.8  5.1  8.6 -8.7 -0.6  4  0.0                           
05212a040118104193ニシノメタル　　　　　　　　　　　　 42.6  8.4-13.1 -9.5 -7.4 -2  0.0                           
05212a040218105808ティエドゥール　　　　　　　　　　　 18.0  4.0-12.5 -7.9 -6.6 -2  0.0                           
05212a040318100384レアンカルナシオン　　　　　　　　　 11.0  2.7 12.0  8.7  6.8 12  0.0                           
05212a040418103051ジュエルケイヴ　　　　　　　　　　　 14.1  3.3  3.9 11.9  5.5 11  0.0                           
05212a040518100776レキオノユメ　　　　　　　　　　　　  3.9  1.6 13.0 20.1 11.3 16 17.3  3                        
05212a040618104699トロワエスポワール　　　　　　　　　 14.7  3.4 16.9  4.9  6.9 12  0.0                           
05212a040718103085ベルウッドエオ　　　　　　　　　　　  5.8  1.9 13.9 15.0  9.7 15  0.0                           
05212a040818103597ライントリガー　　　　　　　　　　　 49.7  9.7-13.1 -4.0 -5.4  0  0.0                           
05212a040918101638ウインマルシュ　　　　　　　　　　　 88.6 16.3-13.1-13.6 -8.9 -4  0.0                           
05212a041018110059ヒノシタカイザン　　　　　　　　　　  3.1  1.4 25.1 14.0 12.7 18 15.9                           
05212a041118100255マリノアズラ　　　　　　　　　　　　  6.2  1.9 12.6  6.0  6.0 11 20.2                           
05212a041218104851レッドクラーガ　　　　　　　　　　　 34.2  6.9-10.1-13.3 -7.9 -3  0.0  0                        
05212a041318100755ポンフー　　　　　　　　　　　　　　 29.5  6.0-10.0 -4.5 -4.7  0  0.0                           
05212a041418104776シャークスフィン　　　　　　　　　　 29.1  5.9 -2.2-11.9 -5.0  0  0.0                           
05212a050118101509サッビアマーゴ　　　　　　　　　　　 19.8  4.2 -2.6 -9.6 -4.3 16 13.8                           
05212a050218103904カツノサンキュウ　　　　　　　　　　 10.8  2.6  6.0 11.5  6.0 26  0.0  5                        
05212a050318103276マブストーク　　　　　　　　　　　　 38.8  7.5-10.0  5.8 -0.9 19  0.0                           
05212a050418102355フロムディスタンス　　　　　　　　　 11.5  2.7  1.8 10.4  4.4 24 10.8  5                        
05212a050518102922エレグア　　　　　　　　　　　　　　 31.9  6.3-10.0  2.4 -2.1 18  0.0                           
05212a050618105317キミワテル　　　　　　　　　　　　　 11.2  2.7 10.0  5.7  5.1 25 10.1                           
05212a050718101519ケイツーマルカ　　　　　　　　　　　 39.6  7.7-10.0-11.8 -7.3 13  0.0                           
05212a050818105833アルメイダミノル　　　　　　　　　　  4.6  1.7 13.7  8.9  7.4 27  8.6                           
05212a050918102987アオイシチフク　　　　　　　　　　　 19.7  4.2-11.7-15.0 -9.0 11  0.0                           
05212a051018101186マイコレット　　　　　　　　　　　　 14.2  3.2  6.0 24.5 10.8 31 11.6                           
05212a051118105130アレナマエストロ　　　　　　　　　　 32.1  6.3-10.0-10.1 -6.7 13  0.0                           
05212a051218100764マダムシュシュ　　　　　　　　　　　 27.3  5.5 -5.7-10.7 -5.6 14  0.0                           
05212a051318101379サンマルセレッソ　　　　　　　　　　 21.0  4.4-10.4  9.2  0.3 20  0.0                           
05212a051418102260サンライズウルス　　　　　　　　　　  2.6  1.4 25.1 19.6 14.7 35  7.9                           
05212a051518101146トウキョウボーイ　　　　　　　　　　 94.1 16.8-11.0-14.9 -8.8 11  0.0                           
05212a051618106524コンセプト　　　　　　　　　　　　　 14.3  3.2 15.6  3.2  5.9 26  0.0                           
05212a060118105143レフトゥバーズ　　　　　　　　　　　  3.8  1.6 26.9 17.9 14.6 35  7.9A                          
05212a060218103729スリートップキズナ　　　　　　　　　 13.2  3.3 -4.6 15.2  4.2 24  0.0                           
05212a060318102985アオイゴールド　　　　　　　　　　　 28.5  6.2 -2.6  5.8  1.3 21  0.0                           
05212a060418100681サンズオブタイム　　　　　　　　　　 13.3  3.3 -8.4  8.0  0.4 20 12.2                           
05212a060518104459スペシャルトーク　　　　　　　　　　 48.0 10.0-11.7 -8.1 -6.5 14  0.0                           
05212a060618104874コンソレーション　　　　　　　　　　 30.8  6.6  4.9 -7.3 -1.2 19  0.0                           
05212a060718102585ロードラスター　　　　　　　　　　　  5.9  2.0  7.5  4.1  3.8 24  9.4                           
05212a060818101425ジョイライド　　　　　　　　　　　　 74.1 14.7-11.7-10.8 -7.5 13  0.0                           
05212a060918110043ゴールデンシロップ　　　　　　　　　  6.3  2.1 14.2 17.4 10.6 31 20.2  2                        
05212a061018105237セラフィナイト　　　　　　　　　　　  3.8  1.6 13.8 17.5 10.6 31  8.7                           
05212a061118100719タケルジャック　　　　　　　　　　　  6.6  2.1 10.1  9.6  6.6 27  0.0                           
05212a061218104471グレイトミッション　　　　　　　　　 33.3  7.1-11.7-11.5 -7.7 12  0.0                           
05212a061318103535ホウオウラスカーズ　　　　　　　　　 13.5  3.3 -2.2 19.7  6.6 27  0.0                           
05212a070117104168ウインジョイフル　　　　　　　　　　  6.0  1.9 11.7 15.4  9.2 29  0.0                           
05212a070217101015リンガスウォリアー　　　　　　　　　  3.6  1.5 19.2 26.2 15.4 35 17.3                           
05212a070317105136ブライドグルーム　　　　　　　　　　 20.5  4.5 -2.6-10.0 -4.4 16 13.7                           
05212a070417103714エスペルト　　　　　　　　　　　　　 15.0  3.5-11.7-11.0 -7.5 12  0.0                           
05212a070516101711メイショウゼッケイ　　　　　　　　　 36.0  7.3-12.5 -5.6 -5.8 14  0.0                           
05212a070617102910リュヌドミエル　　　　　　　　　　　 32.3  6.6-10.0-10.0 -6.7 13  0.0                           
05212a070717105706ウインレゼルヴ　　　　　　　　　　　 48.3  9.6-11.0-14.1 -8.5 12  0.0                           
05212a070817103406ガラデレオン　　　　　　　　　　　　 25.0  5.3  6.2  2.4  2.7 23  0.0                           
05212a070915104349サルーテ　　　　　　　　　　　　　　 19.6  4.4 -5.7 -9.9 -5.3 15  0.0                           
05212a071015106216ガッツィーソート　　　　　　　　　　 61.8 11.8-10.0-18.6 -9.8 10  0.0                           
05212a071117105091ベルクハイム　　　　　　　　　　　　 16.7  3.8-10.0 -2.0 -3.7 16  0.0                           
05212a071217100682サイモンルグラン　　　　　　　　　　  3.5  1.5 13.6 21.0 11.8 32  8.0                           
05212a071317100808デルマラピスラズリ　　　　　　　　　  6.0  1.9  6.0 12.9  6.5 27  9.4  5                        
05212a071417106586ギベルティ　　　　　　　　　　　　　 10.9  2.7 -3.5 13.8  4.0 24 10.8                           
05212a080116105042キスラー　　　　　　　　　　　　　　  2.2  1.2 25.1  9.7 11.1 41 15.9                           
05212a080217100277サンビュート　　　　　　　　　　　　  6.9  1.9 14.9 15.0 10.0 40  0.0                           
05212a080316101847モーニングサン　　　　　　　　　　　 28.5  5.0-12.5-10.1 -7.5 23  0.0                           
05212a080417100459インナーアリュール　　　　　　　　　 19.1  3.6  2.2  4.6  2.3 32  0.0                           
05212a080515103197キタサンヴィクター　　　　　　　　　 12.2  2.6 10.1  4.6  4.7 35 11.5                           
05212a080614105545ディスカバー　　　　　　　　　　　　 59.9  9.5-11.7-10.9 -7.5 22  0.0                           
05212a080716104987コバルトブルー　　　　　　　　　　　  3.9  1.5 18.8 12.9 10.4 40 17.3                           
05212a080816106069フーズサイド　　　　　　　　　　　　 33.8  5.8-10.0  7.6 -0.2 30  0.0                           
05212a080917105073ウェイヴァリー　　　　　　　　　　　 13.3  2.7  9.9  0.1  3.0 33  0.0                           
05212a081017103876ペルルドール　　　　　　　　　　　　  8.0  2.1  7.5 10.4  6.1 36 10.1  5                        
05212a081117106544テイストオブハニー　　　　　　　　　 11.6  2.5  8.6  8.1  5.6 36  0.0                           
05212a090115101512キャベンディッシュ　　　　　　　　　 49.6  9.3-11.7 -7.7 -6.3 24  0.0                           
05212a090217104232ディアセオリー　　　　　　　　　　　 10.6  2.5  7.9  5.9  4.5 35  0.0                           
05212a090317105517ルリアン　　　　　　　　　　　　　　  4.3  1.5 15.8 12.6  9.4 39 18.8                           
05212a090416102735イルヴェントデーア　　　　　　　　　  8.8  2.4 13.8  7.1  6.7 37  0.0                           
05212a090515106499ルックスマート　　　　　　　　　　　 23.2  4.7-11.7 -2.8 -4.5 25  0.0                           
05212a090617105248オールザワールド　　　　　　　　　　  2.7  1.3 25.1 24.7 16.6 47 15.9                           
05212a090716104665ミトロジー　　　　　　　　　　　　　  4.3  1.5 11.8 19.7 10.8 41  8.7                           
05212a090816101075アイスブラスト　　　　　　　　　　　 10.7  2.6 -9.4  2.7 -1.8 28  0.0                           
05212a090914106196サトノマックス　　　　　　　　　　　  9.4  2.5 10.0  7.2  5.6 36 10.8  4                        
05212a091014103189エメラルスター　　　　　　　　　　　 20.8  4.3-14.3  8.1 -1.3 29  0.0                           
05212a100114100159ウィンドライジズ　　　　　　　　　　 27.4  6.7  6.5 -9.7 -1.6 33  0.0                           
05212a100215100509タガノスカイハイ　　　　　　　　　　 23.0  5.7-12.5 -6.1 -6.0 29  0.0                           
05212a100316110158フォッサマグナ　　　　　　　　　　　 25.8  6.3-10.0 -4.9 -4.8 30  0.0                           
05212a100415104699フレッチア　　　　　　　　　　　　　  5.4  2.1 11.8  9.5  7.0 42  8.6  2                        
05212a100514105338オールザゴー　　　　　　　　　　　　 35.1  8.4-12.5-10.1 -7.5 28  0.0                           
05212a100616104232カヌメラビーチ　　　　　　　　　　　 11.1  3.1 12.5  4.3  5.3 40 10.9                           
05212a100717105443ビップウインク　　　　　　　　　　　 27.7  6.7 -2.1 -2.0 -1.4 34  0.0                           
05212a100816100881ショウナンアオゾラ　　　　　　　　　  4.4  1.8 18.7 26.6 15.4 50  8.0  1  171   48              
05212a100916101865カルリーノ　　　　　　　　　　　　　 17.3  4.5  5.1  5.7  3.6 39  0.0                           
05212a101017104552ベイビーボス　　　　　　　　　　　　 47.2 11.0-11.7 -6.8 -6.0 29  0.0                           
05212a101117105662リアンティサージュ　　　　　　　　　  6.5  2.3 20.2  4.7  7.8 43  0.0                           
05212a101216102312ネリッサ　　　　　　　　　　　　　　 23.1  5.7-10.4  2.6 -2.2 33  0.0                           
05212a101315104950アプルーヴァル　　　　　　　　　　　 35.0  8.4-12.5-10.1 -7.5 28  0.0                           
05212a101417101823チェーンオブラブ　　　　　　　　　　 15.7  4.2-10.0-10.1 -6.7 28 12.2                           
05212a101517100406シャドウブロッサム　　　　　　　　　 15.2  4.1  7.5 -2.1  1.5 36 11.5                           
05212a101617105233ペコリーノロマーノ　　　　　　　　　 24.7  6.1-10.0  6.1 -0.8 34 15.2                           
05212a101716105060トオヤリトセイト　　　　　　　　　　  6.3  2.2  2.5  5.9  2.9 38  0.0                           
05212a101814105492ボーダーオブライフ　　　　　　　　　 59.1 13.3-14.3-11.8 -8.6 26  0.0                           
05212a110118105008ククナ　　　　　　　　　　　　　　　 33.7  6.2 -2.5-13.3 -5.6 54  0.0                           
05212a110218105269スルーセブンシーズ　　　　　　　　　 19.2  3.9  8.9  7.9  5.6 66  0.0                           
05212a110318103558パープルレディー　　　　　　　　　　 66.9 11.3-13.4-11.9 -8.4 52  0.0                           
05212a110418101943タガノパッション　　　　　　　　　　 24.5  4.6 -7.8 16.2  3.6 64  0.0                           
05212a110518105830クールキャット　　　　　　　　　　　 14.9  3.1  3.9  7.2  3.8 64 11.5                           
05212a110618101617ウインアグライア　　　　　　　　　　 62.9 10.6 -8.6  5.8 -0.5 60  0.0                           
05212a110718104903アカイトリノムスメ　　　　　　　　　  6.1  1.9 12.2 20.2 11.1 71  8.7                           
05212a110818103369ハギノピリナ　　　　　　　　　　　　135.4 22.1 10.6-12.5 -1.4 59  0.0                           
05212a110918102167ユーバーレーベン　　　　　　　　　　  7.8  2.1 12.7 22.1 11.9 72 18.8                           
05212a111018104659エンスージアズム　　　　　　　　　　 80.8 13.5-11.5-10.2 -7.2 53  0.0                           
05212a111118105233ソダシ　　　　　　　　　　　　　　　  2.0  1.2 22.7 21.5 14.7 75 16.2                           
05212a111218103849ミヤビハイディ　　　　　　　　　　　 82.8 13.8 -8.4-12.5 -7.1 53  0.0                           
05212a111318105181ファインルージュ　　　　　　　　　　  8.9  2.3  6.3  8.8  5.1 65  0.0  5                        
05212a111418103418ストライプ　　　　　　　　　　　　　149.6 24.4-10.4  3.3 -1.9 58  0.0                           
05212a111518104922アールドヴィーヴル　　　　　　　　　 25.2  4.8-11.4  8.2 -0.4 60  0.0                           
05212a111618100476ニーナドレス　　　　　　　　　　　　 22.8  4.4  1.4 -1.2  0.0 60  0.0                           
05212a111718100487スライリー　　　　　　　　　　　　　 83.6 13.9 -7.8-13.5 -7.3 53  0.0                           
05212a111818105554ステラリア　　　　　　　　　　　　　 11.1  2.5  8.8 20.0 10.0 70  0.0                           
05212a120115105088ヴォウジラール　　　　　　　　　　　 25.2  6.5-10.0  7.9 -0.1 35  0.0                           
05212a120215102764ヴィーヴァバッカス　　　　　　　　　 11.4  3.3 20.0 -1.9  5.3 40  0.0  0                        
05212a120315105399ギガバッケン　　　　　　　　　　　　 59.4 14.1-11.7-16.7 -9.6 25  0.0  0                        
05212a120417101323リッターシュラーク　　　　　　　　　 20.2  5.4 -0.5-16.7 -6.3 29  0.0  0                        
05212a120517102031マテンロウスパーク　　　　　　　　　  6.6  2.4 20.2 11.3 10.2 45 10.8                           
05212a120615100548ロジティナ　　　　　　　　　　　　　 70.0 16.5-11.7 -2.4 -4.4 31  0.0                           
05212a120716104856ウラノメトリア　　　　　　　　　　　 13.1  3.8 -6.0-13.7 -6.8 28  0.0  0                        
05212a120816106547エコロドリーム　　　　　　　　　　　 37.7  9.4 -5.0 -1.9 -2.2 33  0.0                           
05212a120915104549テトラルキア　　　　　　　　　　　　  5.5  2.1 12.1  5.4  5.6 41  0.0                           
05212a121015110104フラテッリ　　　　　　　　　　　　　 14.7  4.1-12.5 -8.1 -6.7 28  0.0                           
05212a121116101745ゲンパチルシファー　　　　　　　　　 11.8  3.5 12.9 11.8  8.2 43 12.3                           
05212a121217103785モルタル　　　　　　　　　　　　　　  6.2  2.3  1.0 11.4  4.5 39 10.1                           
05212a121317105133ラヴォアドゥース　　　　　　　　　　 42.2 10.5-12.5-10.1 -7.5 28  0.0                           
05212a121417110066アメリカンフェイス　　　　　　　　　  5.8  2.2  9.0 -0.2  2.6 38 17.3                           
05212a121517101445ウインダークローズ　　　　　　　　　  6.0  2.2 19.9  9.8  9.6 45  9.4                           
05212a121614105599リフトトゥヘヴン　　　　　　　　　　 36.8  9.2 -3.5  8.0  1.9 37  0.0                           
072136010118106150メイショウシオサキ　　　　　　　　　 88.2 18.8-11.5-10.2 -7.3 -2  0.0                           
072136010218102911クリムゾンハート　　　　　　　　　　 24.9  5.9 -2.4  7.0  1.2  6  0.0                           
072136010318103687マーチャンフェイス　　　　　　　　　  4.7  1.8 16.4 12.8  9.9 15  0.0                           
072136010418101520エムティーロゼッタ　　　　　　　　　 27.7  6.5-11.5-10.2 -7.3 -2  0.0                           
072136010518105859メイショウハマユウ　　　　　　　　　  6.4  2.2  6.5  7.4  4.6 10 22.1                           
072136010618100529ジャグリング　　　　　　　　　　　　 28.1  6.6 -5.6  0.2 -2.0  3  0.0                           
072136010718104545レッツゴーアスク　　　　　　　　　　 16.5  4.2 -3.9  7.6  0.9  6 16.5                           
072136010818104767ジュンワンポイント　　　　　　　　　  5.0  1.9 10.5 24.0 11.1 16 20.6  3                        
072136010918103273ゴールドオーロラ　　　　　　　　　　 27.9  6.6 -5.6-10.2 -5.1  0  0.0                           
072136011018100622ディープパープル　　　　　　　　　　 36.8  8.4-10.9-10.2 -7.1 -2  0.0                           
072136011118105579ロメーロ　　　　　　　　　　　　　　  4.9  1.8 17.2 15.1 10.8 16 19.1                           
072136011218105725ダンツアスカ　　　　　　　　　　　　 51.5 11.5-11.5-17.1 -9.3 -4  0.0                           
072136011318106816エグゼクティブリリ　　　　　　　　　 28.5  6.7-10.9-10.9 -7.3 -2  0.0                           
072136011418100573タマモキラキラボシ　　　　　　　　　 27.4  6.5 -0.2 -0.6 -0.3  5  0.0                           
072136011518104230エースピード　　　　　　　　　　　　 88.2 18.8-11.5 -5.4 -5.8 -1  0.0                           
072136011618100031ペガサスハーツ　　　　　　　　　　　  4.2  1.7 22.1 20.2 14.2 19  0.0                           
072136020118105483エレメンタル　　　　　　　　　　　　 42.4  7.6-10.9-10.4 -7.1 -2  0.0                           
072136020218101131インバシオン　　　　　　　　　　　　 55.9  9.5-11.5-10.2 -7.3 -2  0.0                           
072136020318102225ヒルノピエモンテ　　　　　　　　　　 14.0  3.0  2.1 -7.2 -1.4  4  0.0                           
072136020418101561マテンロウドリーム　　　　　　　　　 26.2  4.9 -5.6 12.9  1.8  7  0.0                           
072136020518100728ハンサムハーリー　　　　　　　　　　 35.9  6.5-10.9-12.2 -7.7 -3  0.0                           
072136020618104346ヴェノム　　　　　　　　　　　　　　  2.0  1.2 23.0 22.8 15.3 20 16.2                           
072136020718102588ロードドレイク　　　　　　　　　　　 43.9  7.8-10.9-12.2 -7.7 -3  0.0                           
072136020818103828ニホンピロハーバー　　　　　　　　　  8.6  2.2 13.4 16.0  9.7 15 20.6  4                        
072136020918101127ショウサンイチマツ　　　　　　　　　  6.5  1.9 15.4 11.0  8.9 14 12.4                           
072136021018104567アコンカグア　　　　　　　　　　　　 15.7  3.3  4.6 16.3  6.6 12  0.0  4                        
072136021118100967アスカノミライ　　　　　　　　　　　  9.1  2.3  8.2  5.5  4.7 10  0.0                           
072136021218100961スカイドゥエラー　　　　　　　　　　  8.3  2.2  8.5 14.4  7.4 12 19.1  5                        
072136021318106203メイショウコトダマ　　　　　　　　　 29.9  5.5 -5.6 -8.8 -4.7  0  0.0                           
072136021418103728スズカサウスボーイ　　　　　　　　　 66.4 11.2-10.9-10.3 -7.1 -2  0.0                           
072136021518109060タラン　　　　　　　　　　　　　　　 45.1  8.0-10.9-16.1 -8.8 -4  0.0  0                        
072136021618104510マサハヤリュウ　　　　　　　　　　　 80.9 13.5-15.0-10.2 -8.6 -4  0.0                           
072136030118105974テオリス　　　　　　　　　　　　　　  4.4  1.6 16.6 16.5 11.0 16 19.1                           
072136030218105890カリヨンヒーロー　　　　　　　　　　 32.2  6.8-10.9-15.7 -8.7 -4  0.0  0                        
072136030318100580レスペディーザ　　　　　　　　　　　 28.9  6.2-10.9-15.3 -8.6 -4  0.0  0                        
072136030418110027トーテムポール　　　　　　　　　　　 26.4  5.7-10.9 10.4 -0.9  4  0.0                           
072136030518102668シゲルカミナリ　　　　　　　　　　　 28.5  6.1 -5.6 -9.1 -4.8  0  0.0                           
072136030618104589クリストバウム　　　　　　　　　　　 61.3 12.1 -5.6-13.8 -6.2 -1  0.0  0                        
072136030718106546ポップワール　　　　　　　　　　　　 35.2  7.4-10.9 -7.5 -6.2 -1  0.0                           
072136030818110068ファインハッピー　　　　　　　　　　 31.7  6.7 -0.2 -2.4 -0.8  4  0.0  5                        
072136030918104333スカーレットジンク　　　　　　　　　  3.4  1.5 15.8 23.3 12.8 18 16.2  2                        
072136031018110046デリカテッセン　　　　　　　　　　　  6.9  2.2 12.6 16.3  9.5 15 20.6                           
072136031118106496メイショウケンジャ　　　　　　　　　 16.7  3.9 -5.3 17.3  3.2  8  0.0                           
072136031218103094ディーエスボンバー　　　　　　　　　 15.4  3.6  1.2  5.6  2.1  7  0.0                           
072136031318102443マサノダイヤモンド　　　　　　　　　 43.5  9.0-10.9-11.0 -7.3 -2  0.0                           
072136031418104339メイショウナリヒラ　　　　　　　　　  4.1  1.6 13.2 20.7 11.1 16 12.4                           
072136031518103110メイショウコウシ　　　　　　　　　　 14.6  3.5  0.0  7.4  2.2  7  0.0                           
072136031618105878テイエムグレイト　　　　　　　　　　101.4 19.5-15.0-10.2 -8.6 -4  0.0                           
072136040118102818モンテローザ　　　　　　　　　　　　 25.8  5.7 -4.1  8.7  1.1  6  0.0                           
072136040218103050ソルフィネット　　　　　　　　　　　 29.9  6.5  1.2  4.4  1.8  7  0.0                           
072136040318102261ゼンノミチザネ　　　　　　　　　　　 14.1  3.4 -5.6 -3.5 -3.1  2 23.5  5                        
072136040418100493イッツトゥルー　　　　　　　　　　　 48.0 10.0-10.9-20.0-10.0 -5  0.0  0                        
072136040518105920エイシンキンボシ　　　　　　　　　　 30.6  6.6 -8.0 -2.8 -3.8  1  0.0  5                        
072136040618102024ヤマニンマリンバ　　　　　　　　　　 50.1 10.4-10.9-10.4 -7.1 -2  0.0                           
072136040718101579シャイニングフジ　　　　　　　　　　  6.0  2.0 15.8  5.1  7.3 12  0.0                           
072136040818105509ショウナンハイネス　　　　　　　　　 15.7  3.8 -5.6 -1.8 -2.6  2  0.0                           
072136040918104578セブンフォールド　　　　　　　　　　 12.6  3.1 -7.5  2.0 -2.2  3 15.4                           
072136041018104267ユキノフラッシュ　　　　　　　　　　  3.4  1.5 17.6 19.2 12.2 17 16.2  4                        
072136041118106481ダンツタイフーン　　　　　　　　　　 36.9  7.8-11.5-17.1 -9.3 -4  0.0                           
072136041218106523メイショウシンウチ　　　　　　　　　  4.5  1.7 10.4  7.1  5.9 11  0.0                           
072136041318106305テーオーディエス　　　　　　　　　　 31.1  6.7 -8.3-15.5 -7.7 -3  0.0  0                        
072136041418106171ゴールドフライト　　　　　　　　　　  6.5  2.1  9.6  9.9  6.5 11 20.6                           
072136041518105546ブールアネージュ　　　　　　　　　　 34.4  7.4-10.9 -1.1 -4.3  1  0.0                           
072136041618104477ヴィトーリア　　　　　　　　　　　　 18.5  4.3 -6.6 -2.2 -3.1  2  0.0                           
072136050118106835メイショウオニユリ　　　　　　　　　  4.3  1.8 10.9 17.1  9.1 14 16.2                           
072136050218104314アースフレア　　　　　　　　　　　　 20.6  5.1-10.9-17.1 -9.1 -4 26.5                           
072136050318103104ジューンサクラ　　　　　　　　　　　 36.6  8.5-10.9 -8.8 -6.6 -2  0.0                           
072136050418103500アレヴィクトワール　　　　　　　　　 31.1  7.3-11.5-15.5 -8.9 -4  0.0  0                        
072136050518101074マルヨティアナ　　　　　　　　　　　 31.2  7.3-12.9-16.0 -9.5 -5  0.0  0                        
072136050618103012フランチャコルタ　　　　　　　　　　 34.7  8.1 -5.6  3.3 -1.1  4  0.0                           
072136050718100654シーニックウェイ　　　　　　　　　　  4.8  1.9 16.9 20.0 12.2 17 17.7  4                        
072136050818102046プラクルアン　　　　　　　　　　　　 21.9  5.3-11.5-15.9 -9.0 -4  0.0  0                        
072136050918103914スペシャルパワー　　　　　　　　　　 35.1  8.1-10.9-10.2 -7.1 -2  0.0                           
072136051018100722オーパンバル　　　　　　　　　　　　 13.9  3.7 -5.6-13.6 -6.1 -1  0.0                           
072136051118105041サヴァニャン　　　　　　　　　　　　  5.9  2.1 12.1  9.1  7.2 12  0.0                           
072136051218103693パルクールラン　　　　　　　　　　　 23.6  5.7 -5.6 -2.5 -2.8  2  0.0                           
072136051318102053ドリームアゲイン　　　　　　　　　　  5.9  2.1 12.9 10.3  7.8 13  0.0                           
072136051418105358ミッキーレイナ　　　　　　　　　　　 14.0  3.7 10.4 -6.9  1.7  7  0.0                           
072136051518100619トーホウロゼリア　　　　　　　　　　  6.8  2.3 10.9 22.8 10.8 16 15.4                           
072136060118105169ナンヨーアイボリー　　　　　　　　　  7.0  2.0  1.2 -5.0 -1.1 19  0.0  0                        
072136060218104775パルデンス　　　　　　　　　　　　　 30.5  5.9 -9.7-10.6 -6.7 13  0.0                           
072136060318106552メイショウフンケイ　　　　　　　　　  6.5  1.9  3.6-11.4 -2.1 18  0.0                           
072136060418104633テーオーダヴィンチ　　　　　　　　　  3.5  1.4 14.9 11.2  8.8 29 17.7                           
072136060518104481ヴアーサ　　　　　　　　　　　　　　  4.5  1.5 13.4 14.9  9.4 29 19.1                           
072136060618104595デルマセイシ　　　　　　　　　　　　 16.3  3.5 -5.6 -7.2 -4.2 16  0.0                           
072136060718103411ショウナンアイビー　　　　　　　　　  7.0  2.0  9.2 10.6  6.6 27 15.4                           
072136060818105073サトノスカイターフ　　　　　　　　　  2.9  1.3 26.5 14.3 14.0 34 16.2                           
072136070117101783サウザンドスマイル　　　　　　　　　  5.3  1.7 13.8  9.7  8.0 28  0.0                           
072136070217100673クールインパクト　　　　　　　　　　 17.6  3.8  2.9  1.2  1.4 21 17.5                           
072136070317105044シュテルクスト　　　　　　　　　　　  7.3  2.1  6.4  7.8  4.7 25  0.0                           
072136070416103314ハーシェル　　　　　　　　　　　　　 13.6  3.1 -0.2 10.9  3.2 23  0.0                           
072136070517102309エムテイフラッシュ　　　　　　　　　 48.5  9.1-11.5-13.1 -8.1 12  0.0                           
072136070616100567ヤマニンスプレモ　　　　　　　　　　 28.5  5.6  1.2 -1.2  0.1 20  0.0                           
072136070717105796メイショウハクサン　　　　　　　　　  3.1  1.4 19.6 25.0 14.7 35 16.2                           
072136070817106220ブロフェルド　　　　　　　　　　　　  3.5  1.5 17.5 15.0 10.9 31  0.0                           
072136070917102378ロードグリュック　　　　　　　　　　 23.8  4.8  1.2 -2.3 -0.3 20 26.5                           
072136071016102170タマノカイザー　　　　　　　　　　　 13.2  3.0 11.6  0.8  4.5 24 22.1                           
072136071116102167メイショウイフウ　　　　　　　　　　 36.6  7.1 -6.8 -8.8 -5.1 15  0.0                           
072136071216105480ボーイズオブサマー　　　　　　　　　 27.4  5.5-10.9-10.2 -7.1 13  0.0                           
072136071317103084ヨドノドリーム　　　　　　　　　　　 61.8 11.2-11.5-13.1 -8.1 12  0.0                           
072136071414102979メイショウカンキ　　　　　　　　　　 31.4  6.2-14.0-13.8 -9.3 11  0.0  0                        
072136080116101553ペプチドルーカス　　　　　　　　　　  6.5  2.0 13.8  6.5  7.0 27 20.6                           
072136080217105972ヴァルナ　　　　　　　　　　　　　　 36.0  7.2-10.9-12.2 -7.7 12  0.0                           
072136080316110008ミッドサマーハウス　　　　　　　　　  3.2  1.5 20.6 12.6 11.3 31 16.2                           
072136080417105192カーフライターク　　　　　　　　　　 10.6  2.6  1.8  9.8  3.6 24  0.0                           
072136080517110148アメリカンニーニャ　　　　　　　　　 32.2  6.5-10.9-15.7 -8.7 11  0.0  0                        
072136080617100717ノブフランクリン　　　　　　　　　　 27.9  5.7 -6.9 -7.5 -4.8 15  0.0                           
072136080717100970ヴェッツラー　　　　　　　　　　　　 28.6  5.9-10.9-16.0 -8.8 11  0.0  0                        
072136080817103792ノクターンノーツ　　　　　　　　　　 25.2  5.3  2.9 -0.9  0.8 21  0.0                           
072136080917101794ロマネスク　　　　　　　　　　　　　 15.3  3.5 -0.2 -1.6 -0.6 19  0.0                           
072136081017100593トーホウラデン　　　　　　　　　　　 11.8  2.8 -2.4 17.3  4.3 24 16.5                           
072136081117103885アサケエース　　　　　　　　　　　　  6.0  1.9 11.3  5.9  5.9 26 19.1                           
072136081217101152ホープホワイト　　　　　　　　　　　 25.5  5.3 -9.7-10.6 -6.7 13  0.0                           
072136081317100240スノーテーラー　　　　　　　　　　　  3.8  1.5 20.6 18.0 13.0 33  0.0                           
072136090117109090ナスノフォルテ　　　　　　　　　　　 50.9  9.3 -9.7-10.6 -6.7 23  0.0                           
072136090217105297ナオミラフィネ　　　　　　　　　　　 12.2  2.8  1.1  8.2  2.9 33  0.0                           
072136090317103020ダンツイノーバ　　　　　　　　　　　  5.6  1.7 15.4 17.7 11.0 41 19.1                           
072136090417105600ラヴユーライヴ　　　　　　　　　　　  3.6  1.5 14.2 20.7 11.4 41 17.7                           
072136090516101958レッドルーヴル　　　　　　　　　　　 13.6  3.0  1.2  5.1  2.0 32  0.0                           
072136090616106237フラッフィーベア　　　　　　　　　　 48.6  8.9 -9.7-10.6 -6.7 23  0.0                           
072136090717104103キングスタイル　　　　　　　　　　　 20.5  4.2-10.9-10.2 -7.1 23  0.0                           
072136090817104748サウンドレベッカ　　　　　　　　　　  8.8  2.4  1.1  0.0  0.4 30 14.4  0                        
072136090916104352ガロシェ　　　　　　　　　　　　　　 13.3  3.0  5.8  7.2  4.3 34  0.0                           
072136091015105936ココナッツスルー　　　　　　　　　　 33.0  6.3-10.9-13.6 -8.1 22  0.0                           
072136091115105960カサーレ　　　　　　　　　　　　　　 12.7  2.8  9.1  2.8  4.2 34  0.0                           
072136091215104310カリンカ　　　　　　　　　　　　　　  2.8  1.3 30.0 15.1 15.5 46 16.2                           
072136100118103302レスプロンディール　　　　　　　　　 42.9  8.9-10.9-11.2 -7.4 38  0.0                           
072136100218104156ダッシュダクラウン　　　　　　　　　  7.0  2.2 13.0 10.0  7.8 53  0.0                           
072136100318105011ショウナンアレス　　　　　　　　　　  7.5  2.3  9.7  6.8  5.6 51  0.0                           
072136100418103278タケルペガサス　　　　　　　　　　　  2.9  1.5 14.5 37.7 16.6 62 16.2  1  163  100              
072136100518105477タイフォン　　　　　　　　　　　　　 17.4  4.1-10.9-16.3 -8.9 36  0.0                           
072136100618104611スクリーンプロセス　　　　　　　　　  7.0  2.2  5.8  8.6  4.7 50 14.4                           
072136100718104658プルミエロール　　　　　　　　　　　 21.0  4.8-11.5-13.3 -8.2 37  0.0                           
072136100818100897ウェルドーン　　　　　　　　　　　　  7.2  2.2  9.6 15.9  8.3 53 22.1                           
072136100918102574ロードシュトローム　　　　　　　　　 15.9  3.8 -0.2 -3.4 -1.1 44  0.0                           
072136101018101012クリノドラゴン　　　　　　　　　　　 16.2  3.8 -5.7 -9.8 -5.0 40  0.0                           
072136101118104527タイセイアゲイン　　　　　　　　　　  5.3  1.9 16.8 12.6  9.9 55 17.7                           
072136101218103079ウォーターアンク　　　　　　　　　　 34.2  7.2-14.0 -9.3 -7.9 37  0.0                           
072136110115101626ディサーニング　　　　　　　　　　　  3.6  1.5 19.3 28.3 15.6 51 16.2  2                        
072136110217109026ワイドカント　　　　　　　　　　　　 14.3  3.5  1.2 12.3  4.1 39  0.0                           
072136110314103001メイショウサチシオ　　　　　　　　　 68.1 13.6-14.0-10.4 -8.3 27  0.0                           
072136110413101965オンザロックス　　　　　　　　　　　 36.3  7.7-10.9-12.2 -7.7 27  0.0                           
072136110517103165デンコウリジエール　　　　　　　　　 14.4  3.5  2.9  7.1  3.2 38 25.0                           
072136110613103403マイネルラック　　　　　　　　　　　 36.2  7.7 -5.6-12.7 -5.9 29  0.0                           
072136110716101049モズレジーナ　　　　　　　　　　　　 14.9  3.6  3.8  8.4  3.9 39  0.0                           
072136110816101333シャドウハンター　　　　　　　　　　 11.6  3.0 -3.6  7.8  1.0 36 14.4                           
072136110916102668イメル　　　　　　　　　　　　　　　  4.1  1.6 19.2 18.0 12.4 47  0.0                           
072136111012102503サンタナブルー　　　　　　　　　　　 62.5 12.5 -9.7-10.6 -6.7 28  0.0                           
072136111116106486メディクス　　　　　　　　　　　　　 11.6  3.0 -4.1 18.5  4.0 39  0.0  1  174   52              
072136111213101817クライシス　　　　　　　　　　　　　 46.3  9.7-14.0 -2.5 -5.9 29  0.0                           
072136111314110107アスタースウィング　　　　　　　　　 17.3  4.1 -4.2 -0.5 -1.7 33  0.0                           
072136111417101535ジャスパーイーグル　　　　　　　　　 29.0  6.3-14.0-12.2 -8.8 26  0.0                           
072136111517102899クインズヴィヴィ　　　　　　　　　　  4.5  1.7  4.4 17.7  6.9 42 19.1                           
072136111614103000メイショウミズカゼ　　　　　　　　　 77.8 15.4-15.0-12.3 -9.2 26  0.0                           
072136120116104724アドマイヤビーナス　　　　　　　　　  4.4  1.6 15.8  8.5  8.3 38 13.4                           
072136120217106365スズカパンサー　　　　　　　　　　　  3.9  1.6 16.5 20.2 12.1 42 17.7  2                        
072136120316102529リーガルマインド　　　　　　　　　　 40.4  8.6 -4.1 -6.5 -3.5 27  0.0                           
072136120416103950ヒミノブルー　　　　　　　　　　　　 13.2  3.3  8.5 13.0  7.0 37  0.0                           
072136120517106611フレイムウィングス　　　　　　　　　 20.0  4.6 -5.6 -9.3 -4.8 25  0.0                           
072136120616101841ストロングライン　　　　　　　　　　 15.9  3.8-11.5  0.5 -4.1 26  0.0  0                        
072136120717106227オーバーリミット　　　　　　　　　　 10.7  2.8  1.8 -3.4 -0.4 30  0.0  0                        
072136120817103688リリーミニスター　　　　　　　　　　  6.1  2.0  9.3  6.8  5.4 35 20.6                           
072136120915105241マースゴールド　　　　　　　　　　　 16.8  4.0  4.6  7.7  4.0 34  0.0                           
072136121017101036クリノホノオ　　　　　　　　　　　　  3.8  1.5 13.1 22.8 11.6 42 16.2                           
072136121117100247クラウンデザイアー　　　　　　　　　 21.6  4.9 -5.6 -0.5 -2.2 28  0.0                           
072136121216100854デンコウハピネス　　　　　　　　　　 34.8  7.5-11.5-10.2 -7.3 23  0.0                           
