062446010122102380シュレン　　　　　　　　　　　　　　 37.3  5.7-12.1 -2.0 -4.4  1  0.0                           
062446010222105947カンタベリーバイク　　　　　　　　　 48.5  7.3-12.1 -8.6 -6.8 -2  0.0                           
062446010322106418ブラックトルネード　　　　　　　　　 17.4  3.1 -8.4  1.0 -2.2  3  0.0                           
062446010422106471キタノライブリー　　　　　　　　　　  6.0  1.6 12.1  8.6  6.8 12  0.0                           
062446010522107279ミトノキャット　　　　　　　　　　　  4.7  1.5 19.9 17.0 12.2 17 17.3  1  198   47              
062446010622103330アイスフィールド　　　　　　　　　　 15.8  2.9  1.9  8.0  3.5  9  0.0                           
062446010722101185リネンドライブ　　　　　　　　　　　 13.2  2.5  4.4-10.6 -2.6  2  0.0                           
062446010822100241ブルドッグガール　　　　　　　　　　 23.5  3.9  0.7-11.9 -4.2  1 13.7                           
062446010922104972スリーピース　　　　　　　　　　　　  1.8  1.2 23.8 15.9 13.0 18 15.9                           
062446011022100350ヨドノエース　　　　　　　　　　　　 18.9  3.3 -0.5 -4.8 -1.9  3  0.0                           
062446011122103443ポップグルーヴ　　　　　　　　　　　 15.6  2.8  8.4  6.0  4.7 10 10.9                           
062446020122102821ロードリベラシオン　　　　　　　　　  6.2  1.8 16.7  6.0  7.2 12  8.6                           
062446020222104150ヒロノエクスカリバ　　　　　　　　　 58.5  9.5-11.7-10.0 -7.2 -2  0.0                           
062446020322105616エマリオンレイ　　　　　　　　　　　 34.9  6.1  0.1-10.0 -3.6  1  0.0                           
062446020422104179ツインピークス　　　　　　　　　　　  8.8  2.2  8.2 17.9  9.0 14  0.0                           
062446020522100400ニシノコイブミ　　　　　　　　　　　 10.7  2.4  6.5 12.5  6.5 12  0.0                           
062446020622104076アクアジェット　　　　　　　　　　　 11.1  2.4  4.8 15.2  7.0 12 10.9  3                        
062446020722105487ジーティートゥルー　　　　　　　　　 19.1  3.7 -3.4-12.6 -5.6 -1  0.0  0                        
062446020822103497エコロジェイド　　　　　　　　　　　 34.3  6.0-12.1-10.9 -7.6 -3  0.0                           
062446020922104503ハイタイド　　　　　　　　　　　　　 14.7  3.0  4.4 -6.0 -0.9  4  0.0  0                        
062446021022104722ダンケルド　　　　　　　　　　　　　  1.9  1.2 21.9 20.0 13.9 19 15.9                           
062446021122102679メロンパンマニア　　　　　　　　　　 23.9  4.4 -9.0  4.1 -1.2  4  0.0                           
062446021222100993オーシンブーケ　　　　　　　　　　　 23.2  4.3 -3.0 -5.4 -2.9  2  0.0  0                        
062446021322107385クァンタムリード　　　　　　　　　　 14.8  3.0  5.2-10.0 -2.1  3 24.6                           
062446030122102337パナランギン　　　　　　　　　　　　 51.1 10.5-12.1 -7.5 -6.4 -6  0.0                           
062446030222105883リュウジンマル　　　　　　　　　　　 57.2 11.4-11.7-10.0 -7.2 -7  0.0                           
062446030322106420パーティーガール　　　　　　　　　　  8.2  2.4  3.7  6.1  3.3  3  0.0                           
062446030422100306フジレイメイ　　　　　　　　　　　　 68.5 13.5-12.1-10.8 -7.6 -8  0.0                           
062446030522107103ニシノゲルマニウム　　　　　　　　　108.0 20.9-12.1 -7.1 -6.2 -6  0.0                           
062446030622106242エクセルステート　　　　　　　　　　 49.7 10.2-10.3-11.9 -7.5 -7  0.0                           
062446030722104065テンワンダーマン　　　　　　　　　　  4.0  1.6 11.5  6.8  5.9  6  8.6                           
062446030822104601バタール　　　　　　　　　　　　　　 13.5  3.3  4.6  6.2  3.7  4  0.0  5                        
062446030922100480ブラックホーネット　　　　　　　　　 12.7  3.2  3.9  6.5  3.6  4  0.0                           
062446031022100316チェリースカヤ　　　　　　　　　　　 33.9  7.2 -7.1-10.9 -6.1 -6  0.0                           
062446031122101341エコロルキナ　　　　　　　　　　　　 18.7  4.3  6.4 14.1  7.1  7  0.0                           
062446031222102695ミラクルミッキー　　　　　　　　　　  3.6  1.5 20.5  8.8  9.4  9 15.9  0                        
062446031322104699スノークルーズ　　　　　　　　　　　  5.3  1.8  5.5  8.0  4.6  5  9.4                           
062446031422103708ロンパイア　　　　　　　　　　　　　 77.0 15.1-11.7 -9.3 -6.9 -7  0.0                           
062446031522102568ムタビリス　　　　　　　　　　　　　 58.0 11.5 -1.8-11.0 -4.6 -5  0.0                           
062446031622101462クラインシュミット　　　　　　　　　  5.8  1.9 12.4 15.1  9.3  9 20.2  2                        
062446040120103962ステークホルダー　　　　　　　　　　  4.5  1.7 13.2 14.3  9.2 29 17.3  3                        
062446040221101394モンレーヴ　　　　　　　　　　　　　 51.2 10.3-11.7-11.3 -7.7 12  0.0                           
062446040320100289シルバーダイヤ　　　　　　　　　　　 18.3  4.1  2.9  6.3  3.2 23 12.3                           
062446040421106298モリノレッドスター　　　　　　　　　  5.7  1.9  8.4 12.2  7.0 27  0.0                           
062446040520104342キガン　　　　　　　　　　　　　　　 35.7  7.4-13.0  6.4 -1.6 18  0.0                           
062446040621100594アンバーニードル　　　　　　　　　　 22.0  4.8  9.3-16.0 -3.1 17  0.0                           
062446040721104490エクセルゴールド　　　　　　　　　　 21.7  4.7 -2.4-11.9 -5.1 15 13.7                           
062446040821105872ベアゴーゴー　　　　　　　　　　　　  3.0  1.4 18.8 25.9 15.1 35  0.0                           
062446040920104477スイーツバイキング　　　　　　　　　 59.6 11.5-12.1-10.1 -7.3 13  0.0                           
062446041019101416エールトゥヘヴン　　　　　　　　　　  8.2  2.4 11.2  5.6  5.4 25 10.9                           
062446041121101905キョウエイカンセ　　　　　　　　　　 58.6 11.4-11.7-12.9 -8.2 12  0.0                           
062446041220101586エルフレスアリー　　　　　　　　　　  7.1  2.2  2.8 11.4  5.0 25  0.0  3                        
062446041321100053ミスファントム　　　　　　　　　　　 13.6  3.3 -1.2  7.1  2.2 22 11.5                           
062446041421104049バイデンテソーロ　　　　　　　　　　 21.1  4.7  0.1  5.9  2.2 22  0.0                           
062446041520104415スピニングマーリン　　　　　　　　　 51.1 10.2-10.3-10.0 -6.8 13  0.0                           
062446050122110025バーンズベリー　　　　　　　　　　　 24.2  4.8  4.3  5.6  3.3  3  0.0                           
062446050222105993ザローズハーツ　　　　　　　　　　　 28.5  5.5  0.0-10.1 -3.7 -4  0.0                           
062446050322104303ナムラペルル　　　　　　　　　　　　 34.4  6.5 -6.8  7.0  0.5  1  0.0                           
062446050422101603キュクロープス　　　　　　　　　　　 10.9  2.5  8.4  4.8  4.3  4  0.0                           
062446050522101112アイファーリーオー　　　　　　　　　109.0 18.6-12.1-10.2 -7.4 -7  0.0                           
062446050622105807パワースナッチ　　　　　　　　　　　  6.7  2.0 10.6  7.1  5.8  6 18.8                           
062446050722110035サマースピリット　　　　　　　　　　  3.2  1.4 22.7 22.1 14.9 15 17.3                           
062446050822106216ウインティターニア　　　　　　　　　 18.6  3.9 -1.7 -3.3 -1.7 -2  0.0                           
062446050922100245ヤマメキング　　　　　　　　　　　　 17.7  3.7 -9.3 -0.3 -2.9 -3  0.0  5                        
062446051022105877コガクボウ　　　　　　　　　　　　　 51.5  9.4-11.7-11.3 -7.7 -8  0.0                           
062446051122104954ハーバードスクエア　　　　　　　　　  3.1  1.4 17.3 17.8 11.7 12 15.9  2                        
062446051222105673トープ　　　　　　　　　　　　　　　 60.0 10.5-12.1 -1.3 -4.1 -4  0.0                           
062446051322101973ウタカタ　　　　　　　　　　　　　　 90.8 15.6-12.1 -2.8 -4.7 -5  0.0                           
062446051422104586レオネッサ　　　　　　　　　　　　　 31.0  5.9 -9.0  6.3 -0.4  0  0.0                           
062446051522101103ザカリナン　　　　　　　　　　　　　  7.2  2.0 13.2 10.8  7.9  8  0.0                           
062446051622101509サイモングリット　　　　　　　　　　 31.3  6.0 -8.6  3.2 -1.4 -1  0.0                           
062446060119105570ローブエリタージュ　　　　　　　　　 10.6  2.3  9.2  1.7  3.4 23 10.9                           
062446060221106642ファミリーツリー　　　　　　　　　　 12.5  2.6 10.6  7.8  6.0 26  0.0                           
062446060321100559ジャンバラヤ　　　　　　　　　　　　 22.1  4.1-10.3-14.4 -8.4 12  0.0                           
062446060417105874ヒナノコバン　　　　　　　　　　　　 66.8 10.8-11.7 -7.1 -6.1 14  0.0                           
062446060521106118シークレットイスラ　　　　　　　　　 23.2  4.3  3.0 -2.0  0.2 20 13.7                           
062446060620101337コスモアバンサ　　　　　　　　　　　 17.7  3.5  0.5  4.0  1.6 22  0.0                           
062446060721105503クルミナーレ　　　　　　　　　　　　  3.2  1.4 19.8 16.4 12.0 32 17.3                           
062446060820104479トゥルース　　　　　　　　　　　　　 52.7  8.9 -9.3-11.3 -6.9 13  0.0                           
062446060920103947ホウオウムサシ　　　　　　　　　　　  8.2  2.1  8.6  8.0  5.5 26  0.0                           
062446061021100825エウロス　　　　　　　　　　　　　　 69.0 11.1-14.7-13.3 -9.3 11  0.0                           
062446061120110050アブストゥルース　　　　　　　　　　 36.5  6.4-12.1-12.8 -8.3 12  0.0                           
062446061221105035イージーブリージー　　　　　　　　　  7.0  1.9 12.4 11.0  7.8 28  0.0                           
062446061321106829コスモレオナルド　　　　　　　　　　  2.7  1.3 19.0 14.7 11.1 31 15.9  2                        
062446070121104052ウヌボレヤサン　　　　　　　　　　　 18.8  4.2 -4.8 -7.1 -4.0 16  0.0                           
062446070220101412パープルナイト　　　　　　　　　　　  5.6  1.8 15.6 12.0  9.1 29  8.6                           
062446070321106057タニセンドリーム　　　　　　　　　　 16.3  3.7  5.0  6.0  3.7 24  0.0                           
062446070421100516カシノカンピオーネ　　　　　　　　　 78.2 14.7-14.7-16.2-10.4 10  0.0  0                        
062446070519103021ロードブライト　　　　　　　　　　　 30.0  6.2 -9.3 -2.0 -3.5 16  0.0                           
062446070620106865マイモーメント　　　　　　　　　　　 31.8  6.5-12.1-12.1 -8.1 12 15.1                           
062446070719102777ヤマニンクイッカー　　　　　　　　　 10.8  2.7  8.1 10.5  6.3 26 10.9  5                        
062446070821104618タリスマン　　　　　　　　　　　　　 17.7  4.0  3.1  6.8  3.4 23  0.0                           
062446070921100060レオエンプレス　　　　　　　　　　　 58.1 11.1-11.7-13.3 -8.4 12  0.0                           
062446071021100674イモータルバード　　　　　　　　　　  2.6  1.3 15.6 16.3 10.7 31 15.9                           
062446071121102905ホルトバージ　　　　　　　　　　　　  7.5  2.2 12.0  7.4  6.3 26  0.0                           
062446071221101305サンカルミア　　　　　　　　　　　　 11.7  2.9  0.4  8.0  3.1 23  0.0                           
062446071321100179ポップスター　　　　　　　　　　　　 33.7  6.9-11.7-10.6 -7.4 13  0.0                           
062446071421103809マッスルバック　　　　　　　　　　　  5.6  1.8 15.7 12.9  9.4 29  9.4                           
062446080119100675オオキニ　　　　　　　　　　　　　　  8.8  2.3 11.8 11.3  7.7 28  0.0                           
062446080220105611ピーターサイト　　　　　　　　　　　 26.9  5.2 -8.4-10.0 -6.2 14  0.0                           
062446080317104700ナリノモンターニュ　　　　　　　　　 10.8  2.5  2.6 16.6  6.9 27 23.1                           
062446080418105731メイショウアツイタ　　　　　　　　　 29.2  5.6 -6.9 -5.9 -4.2 16  0.0                           
062446080520104089ドンカルロ　　　　　　　　　　　　　 42.3  7.8-12.9 -7.6 -6.7 13  0.0                           
062446080617104719ファルコニア　　　　　　　　　　　　  2.8  1.4 18.7 21.0 13.3 33 15.9                           
062446080718105478ヴァリアメンテ　　　　　　　　　　　  3.6  1.5 19.2 26.1 15.3 35  8.7                           
062446080817101915マイネルコロンブス　　　　　　　　　 27.9  5.4 -9.3-14.1 -8.0 12  0.0  0                        
062446080920100046デシマルサーガ　　　　　　　　　　　 16.7  3.5 -4.5 -3.4 -2.6 17  0.0                           
062446081019103563アスターディゴン　　　　　　　　　　 10.7  2.5 11.1 12.7  8.0 28  0.0                           
062446081119105262ブリヨンカズマ　　　　　　　　　　　 11.4  2.6  7.8  4.7  4.1 24  0.0                           
062446081220103446スマイルスルー　　　　　　　　　　　  7.4  2.1  5.6  5.8  3.8 24  9.4                           
062446090122110108エコロジーク　　　　　　　　　　　　  2.0  1.2 23.1 37.0 20.5 65 15.9  1  231   64              
062446090222103322カパラミプ　　　　　　　　　　　　　 45.2  6.6-14.7 -2.8 -5.4 40  0.0                           
062446090322106603モジャーリオ　　　　　　　　　　　　  9.0  2.0  8.6 13.4  7.5 52  0.0  5                        
062446090422106874ナムラトロム　　　　　　　　　　　　 18.9  3.2 -3.7  7.0  1.5 46  0.0                           
062446090522100490モズナナスター　　　　　　　　　　　  4.4  1.3 14.4 14.8  9.7 55 18.8                           
062446090622107258ラブアイミー　　　　　　　　　　　　  6.8  1.7  8.0  7.7  5.2 50  0.0                           
062446090722103066レイピア　　　　　　　　　　　　　　  3.5  1.2 20.4 21.2 13.9 59 17.3                           
062446090822107120スンシム　　　　　　　　　　　　　　 47.2  6.9-12.1-10.0 -7.3 38  0.0                           
062446100121105475レイデラルース　　　　　　　　　　　  7.5  2.2 13.2 12.0  8.4 38 10.8                           
062446100220101548アイザックバローズ　　　　　　　　　  3.9  1.5 17.7 11.4  9.5 39  0.0  4                        
062446100319100549タガノバルコス　　　　　　　　　　　 24.5  5.0 -3.4 -3.4 -2.3 28  0.0                           
062446100420104878シルバープリペット　　　　　　　　　 52.5  9.9-12.1 -7.5 -6.4 24  0.0                           
062446100519100788マイネルメサイア　　　　　　　　　　 17.8  3.9 -4.9  6.4  0.9 31 13.0                           
062446100618104797リンフレスカンテ　　　　　　　　　　  5.6  1.8 14.3 11.3  8.4 38  9.4                           
062446100719104550ストキャスティーク　　　　　　　　　 14.6  3.3 -1.7 -5.1 -2.4 28  0.0                           
062446100820103792アドマイヤサジー　　　　　　　　　　  2.9  1.4 19.6 15.0 11.4 41 15.9                           
062446100919102496スズノマーベリック　　　　　　　　　 43.2  8.3-12.9 -8.1 -6.8 23  0.0                           
062446101021105811アーマルコライト　　　　　　　　　　  5.8  1.8 12.3  5.4  5.7 36 10.1                           
062446101120106654スズカハービン　　　　　　　　　　　 13.5  3.1 -1.1  0.1 -0.3 30  0.0                           
062446110119105968チェイスザドリーム　　　　　　　　　 25.6  5.5  7.0-12.4 -2.4 43  0.0                           
062446110214102562アーバンイェーガー　　　　　　　　　 27.6  5.9-11.7 -7.8 -6.4 39  0.0                           
062446110317103005ロードベイリーフ　　　　　　　　　　 27.3  5.8 -4.0 -8.1 -4.2 41  0.0                           
062446110418105877マイステージ　　　　　　　　　　　　 41.7  8.6-10.7  4.2 -1.7 43  0.0                           
062446110519102454サクセスローレル　　　　　　　　　　 27.7  5.9 -9.9 -6.1 -5.2 40  0.0                           
062446110619100242パウオレ　　　　　　　　　　　　　　  3.4  1.5 16.9 20.0 12.4 57  8.0                           
062446110719101894メズメライザー　　　　　　　　　　　  8.3  2.4  9.5 11.5  7.1 52  0.0                           
062446110820103892オメガシンフォニー　　　　　　　　　  5.8  1.9 12.0  6.1  5.8 51 20.2                           
062446110919103274ナックドロップス　　　　　　　　　　163.3 30.9 -6.8-12.9 -6.8 38  0.0                           
062446111019105967スズカコテキタイ　　　　　　　　　　 14.5  3.5  6.5 -0.3  1.8 47  0.0                           
062446111120106062ジュンウィンダム　　　　　　　　　　  5.7  1.9  9.3 10.1  6.5 51  9.4                           
062446111219101633サンライズアムール　　　　　　　　　  4.1  1.6 15.2 13.1  9.4 54 17.3                           
062446111318101878ハコダテブショウ　　　　　　　　　　 74.9 14.5-12.1-10.0 -7.3 38  0.0                           
062446111420110106アドバンスファラオ　　　　　　　　　 14.7  3.5  1.8 -7.9 -2.4 43  0.0  5                        
062446111518103362シゲルホサヤク　　　　　　　　　　　 51.2 10.4-10.2 -8.1 -6.0 39  0.0                           
062446120120103154コルデアニル　　　　　　　　　　　　 85.1 17.0-10.3-11.3 -7.2 23  0.0                           
062446120220106579ルナビス　　　　　　　　　　　　　　  4.7  1.8 16.5 13.1  9.8 40  8.7                           
062446120321100845エスシーヤマト　　　　　　　　　　　 15.6  3.8 -8.7-10.0 -6.3 24  0.0                           
062446120420106896メイショウポペット　　　　　　　　　 18.3  4.3 -4.0  1.8 -0.5 29  0.0                           
062446120521101602バガリーロータス　　　　　　　　　　 16.0  3.9  3.0 -4.1 -0.6 29  0.0                           
062446120618100595メイショウホオズキ　　　　　　　　　 25.1  5.6 -5.2 -4.3 -3.1 27  0.0                           
062446120720102809デルマオシダシ　　　　　　　　　　　 39.3  8.4-10.3-10.0 -6.8 23  0.0                           
062446120820101228シグナルファイアー　　　　　　　　　 31.9  7.0-10.3-10.7 -7.0 23  0.0                           
062446120921100446メジャーデビュー　　　　　　　　　　 11.6  3.0  7.2  6.0  4.4 34  0.0                           
062446121020103444ピュアグルーヴ　　　　　　　　　　　  5.5  1.9 11.7  8.1  6.5 36 20.2                           
062446121121100300エンセリオ　　　　　　　　　　　　　 24.6  5.5  0.3 -1.1 -0.3 30  0.0                           
062446121220102680エールミネルヴァ　　　　　　　　　　 77.6 15.6-10.0-10.1 -6.7 23  0.0                           
062446121320103246ウィンターダフネ　　　　　　　　　　 32.8  7.1  0.3 -5.7 -2.0 28  0.0                           
062446121420106024ナックダンス　　　　　　　　　　　　 99.3 19.8-12.1-12.9 -8.4 22  0.0                           
062446121520101143イージーオンミー　　　　　　　　　　  5.4  1.9  9.4-14.4 -2.5 28  9.4                           
062446121620100761マンマリアーレ　　　　　　　　　　　  3.4  1.5 17.1 23.9 13.9 44 15.9                           
072436010122102954アンジュアルディ　　　　　　　　　　  2.8  1.3 17.4 12.7 10.2 15 16.2                           
072436010222100663ラヴスティンガー　　　　　　　　　　  3.4  1.3 16.4 15.3 10.6 16 12.4  4                        
072436010322100149ケングロリア　　　　　　　　　　　　 15.6  3.3  0.7  0.6  0.4  5  0.0  0                        
072436010422106016ブライアーヒル　　　　　　　　　　　 20.7  4.1  2.0  5.3  2.3  7 25.0                           
072436010522106717カフェロワイヤル　　　　　　　　　　  3.9  1.4 19.1 12.4 10.7 16 19.1                           
072436010622103193メイショウバスク　　　　　　　　　　 12.8  2.8  6.4  5.8  4.1  9  0.0                           
072436010722104674フィドルファドル　　　　　　　　　　  5.5  1.7  6.1 12.3  5.9 11  0.0                           
072436010822102116クリノモノリス　　　　　　　　　　　 22.7  4.4 -5.1 -2.9 -2.7  2  0.0                           
072436010922100683ラッキーキャット　　　　　　　　　　 34.5  6.3-12.2-13.0 -8.4 -3  0.0                           
072436020122103263メイショウアゴナス　　　　　　　　　 17.6  3.7 -6.5-12.4 -6.1 -1  0.0                           
072436020222101648センツブラッド　　　　　　　　　　　  3.1  1.4 16.4 18.3 11.5 17 16.2                           
072436020322102733ノボリユーミン　　　　　　　　　　　 14.6  3.2 -8.8-10.6 -6.4 -1  0.0                           
072436020422104745シャルクハフト　　　　　　　　　　　  7.2  2.1  8.6 13.6  7.2 12 22.1                           
072436020522102209サイモンベローチェ　　　　　　　　　  6.1  1.8 12.3 17.6  9.8 15 20.6  5                        
072436020622105588サンライズグラシア　　　　　　　　　  3.4  1.4 15.4 14.9 10.1 15  0.0                           
072436020722100061メイショウヤシマ　　　　　　　　　　 30.0  5.8-11.3-11.3 -7.5 -3  0.0                           
072436020822102690ヤマトマンタル　　　　　　　　　　　  7.9  2.2 13.8 12.0  8.7 14  0.0  5                        
072436020922106644ロカヒ　　　　　　　　　　　　　　　  6.0  1.8 13.8 24.2 12.3 17 13.4                           
072436030122101511ロイヤルイブキ　　　　　　　　　　　 23.7  4.6 -1.9 -3.6 -1.8  3  0.0                           
072436030222103897ボル　　　　　　　　　　　　　　　　  6.5  1.9 14.3 14.3  9.5 15 20.6                           
072436030322110001シルフズミスチーフ　　　　　　　　　  5.2  1.6  6.5 12.5  6.1 11 13.4                           
072436030422110105アメリカンステージ　　　　　　　　　  2.7  1.3 19.9 22.3 14.0 19 16.2                           
072436030522100729ビーマックス　　　　　　　　　　　　 65.3 11.2 -6.9 -7.2 -4.7  0  0.0                           
072436030622102650ソードナイト　　　　　　　　　　　　 34.3  6.3 -6.9 -7.2 -4.7  0  0.0                           
072436030722106509ピースシャイニー　　　　　　　　　　 25.9  5.0  0.2  0.5  0.2  5  0.0                           
072436030822107325レーンアジリティ　　　　　　　　　　 31.4  5.9 -3.0  0.5 -0.9  4  0.0                           
072436030922110118ユウトザユウト　　　　　　　　　　　 20.6  4.1  4.5  8.8  4.3  9  0.0                           
072436031022106643アンノドミニ　　　　　　　　　　　　 52.5  9.4-11.3 -9.6 -7.0 -2  0.0  0                        
072436031122103644ブレイジングスター　　　　　　　　　 33.9  6.3 -6.6  9.4  0.4  5  0.0  5                        
072436031222103134メイショウアイク　　　　　　　　　　 30.7  5.7 -7.3-10.6 -5.9 -1  0.0                           
072436031322103775テイエムパイロット　　　　　　　　　 77.9 13.2-10.1-16.4 -8.6 -4  0.0  0                        
072436031422103564ゴンクール　　　　　　　　　　　　　 59.7 10.3-11.3-11.5 -7.6 -3  0.0                           
072436031522104009トラヴェリンバンド　　　　　　　　　  3.7  1.4 17.3 19.8 12.3 17 17.7                           
072436031622106680イダイ　　　　　　　　　　　　　　　 24.0  4.6 -1.8 -1.7 -1.2  4  0.0                           
072436040122103782テイエムパンサー　　　　　　　　　　 36.3  6.5-12.8-15.4 -9.3 -9  0.0                           
072436040222103176アイルビリーヴ　　　　　　　　　　　  8.9  2.3 10.4  1.4  4.2  4  0.0                           
072436040322101159ヒマラヤベロス　　　　　　　　　　　 11.1  2.5  5.3  4.5  3.3  3 16.5                           
072436040422106191スナークサンダー　　　　　　　　　　 13.1  2.8  4.5  2.0  2.3  2  0.0                           
072436040522101395クリノウィリアム　　　　　　　　　　 10.8  2.4  6.6  4.9  3.9  4 20.6                           
072436040622101233ブラックデザイア　　　　　　　　　　 14.2  3.0 -6.9 -3.8 -3.7 -4  0.0                           
072436040722106143アスタイクウス　　　　　　　　　　　 23.9  4.5 -7.2-17.6 -7.9 -8  0.0                           
072436040822104301リポジノ　　　　　　　　　　　　　　  2.8  1.4 18.2 20.3 12.8 13 16.2                           
072436040922100091キャリーグレイス　　　　　　　　　　  3.2  1.4 24.6 21.6 15.5 16  0.0                           
072436041022102711ザクシス　　　　　　　　　　　　　　 15.2  3.2  3.5 -1.6  0.8  1 28.0                           
072436041122106491リケアマキアート　　　　　　　　　　 10.9  2.4  8.3  6.6  5.0  5  0.0                           
072436050122105891ドラゴンブースト　　　　　　　　　　 31.6  7.4 -6.9-10.2 -5.6 -6  0.0                           
072436050222100128サラダ　　　　　　　　　　　　　　　 30.0  7.0  0.5  7.4  2.4  2 22.7                           
072436050322101327ゼンダントモニ　　　　　　　　　　　 28.8  6.8-11.8-11.5 -7.8 -8  0.0                           
072436050422107342ザラタン　　　　　　　　　　　　　　  4.8  1.8 14.2 16.4 10.1 10 19.1                           
072436050522101598アルサクレイグ　　　　　　　　　　　 35.7  8.2-11.3-15.6 -8.8 -9  0.0  0                        
072436050622100791ブラックケリー　　　　　　　　　　　  7.6  2.5 11.7  6.6  6.3  6  0.0                           
072436050722102529ボーヌロマネ　　　　　　　　　　　　 23.1  5.6-11.3-11.8 -7.7 -8  0.0                           
072436050822105021マテンロウブレイブ　　　　　　　　　 11.3  3.1  6.5-11.3 -1.0 -1 23.5                           
072436050922103208サトノスピカ　　　　　　　　　　　　  4.4  1.8 10.7 13.4  7.9  8  0.0  4                        
072436051022104218ファウストラーゼン　　　　　　　　　 15.5  4.0 -2.1 -9.9 -3.7 -4  0.0                           
072436051122105988ジーティードレス　　　　　　　　　　  4.6  1.8 16.5  8.7  8.7  9  0.0                           
072436051222105300ブリックンクリック　　　　　　　　　  8.4  2.7  5.6  9.0  4.8  5  0.0                           
072436051322104776ストンプ　　　　　　　　　　　　　　 11.5  3.1  5.8 15.1  6.7  7 25.0                           
072436051422106635コンセントレイト　　　　　　　　　　 24.3  5.8 -1.0-11.3 -3.8 -4  0.0                           
072436060121105479オールウェズキズナ　　　　　　　　　 14.0  2.5  7.5  8.9  5.4 25  0.0                           
072436060219106573ヒルノデプラーツ　　　　　　　　　　  4.2  1.3 15.0 22.3 12.2 32 17.7                           
072436060321103682マジックブルー　　　　　　　　　　　 17.5  3.0 -2.9-12.3 -4.8 15  0.0                           
072436060419103400メイショウフィガロ　　　　　　　　　 26.5  4.1-11.3 -0.9 -4.4 16  0.0  5                        
072436060521104824アスクデビューモア　　　　　　　　　  1.8  1.2 20.8 20.3 13.7 34 16.2                           
072436060621106206ウインラウダ　　　　　　　　　　　　  4.8  1.4 16.0  5.8  7.6 28 19.1                           
072436060720102273ムーンスカイ　　　　　　　　　　　　 19.0  3.2 -9.8 -5.5 -5.2 15  0.0  0                        
072436060821100620グランオース　　　　　　　　　　　　  7.7  1.8  6.8-11.5 -1.0 19 14.4                           
072436070121105739オリーボーレン　　　　　　　　　　　 40.4  7.5 -4.1 -7.8 -3.8 16  0.0                           
072436070221110145サウンドガネーシャ　　　　　　　　　 75.4 13.0-11.3-20.0-10.1 10  0.0  0                        
072436070321101003ラブカ　　　　　　　　　　　　　　　 45.7  8.3-11.3-13.9 -8.3 12  0.0                           
072436070421105563シャドフ　　　　　　　　　　　　　　 41.4  7.6 -8.8-11.5 -6.7 13  0.0                           
072436070520101841コントリビューター　　　　　　　　　 58.4 10.2 -6.9 -3.1 -3.5 17  0.0                           
072436070621105910ローザサンリヴァル　　　　　　　　　  3.9  1.5 17.0 23.5 13.3 33 17.7  1  125   57              
072436070721105602ヤングスカーレット　　　　　　　　　  2.6  1.3 21.4 25.1 15.4 35 16.2  1  148   49              
072436070821102973トゥラッタッタ　　　　　　　　　　　 50.2  9.1-11.3-11.5 -7.6 12  0.0                           
072436070921101216ストラクチャー　　　　　　　　　　　 95.4 16.3-11.8-15.4 -8.9 11  0.0                           
072436071021105238アリストクラシア　　　　　　　　　　  5.6  1.7 10.1 21.0 10.0 30 13.4  4                        
072436071121106826レッセパッセ　　　　　　　　　　　　 23.3  4.6 -2.1  0.8 -0.5 19  0.0                           
072436071221110088キュクヌス　　　　　　　　　　　　　 11.1  2.6  6.6 11.7  5.9 26  0.0                           
072436071320104980ヒメナデシコ　　　　　　　　　　　　 44.7  8.2-11.3 -5.3 -5.7 14  0.0  5                        
072436071421106752パレハ　　　　　　　　　　　　　　　  6.8  2.0 13.8 10.5  8.2 28 20.6                           
072436071521110012アークドール　　　　　　　　　　　　 22.3  4.4 -2.1 -0.1 -0.8 19  0.0                           
072436071621101621フラッシュフリーズ　　　　　　　　　 17.4  3.6  2.9  8.5  3.6 24  0.0                           
072436080122105099エリキング　　　　　　　　　　　　　  1.7  1.2 21.9 21.7 14.5 60 16.2                           
072436080222103995ジョバンニ　　　　　　　　　　　　　  3.0  1.3 16.1 19.9 11.9 57 12.4  2                        
072436080322105590ワンモアスマイル　　　　　　　　　　  3.4  1.4 14.0  9.4  8.0 53 19.1                           
072436080422102286スーパーチャンド　　　　　　　　　　 27.1  8.2-12.2 -9.9 -7.4 38  0.0                           
072436080522105209ラッキーベイ　　　　　　　　　　　　  9.2  3.3  0.0-13.9 -4.2 41  0.0                           
072436090121110153ジェネラーレ　　　　　　　　　　　　 15.1  3.8  1.9  0.4  0.8 21  0.0                           
072436090221102254コルルディ　　　　　　　　　　　　　 37.7  8.4-11.3-12.4 -7.9 12  0.0  0                        
072436090320106021マイネルサンテ　　　　　　　　　　　 14.7  3.7  5.9  1.2  2.5 23  0.0                           
072436090419110026ボブズヤアンクル　　　　　　　　　　  4.0  1.7 18.4 10.7 10.0 30 16.2                           
072436090518100442モーデン　　　　　　　　　　　　　　 28.9  6.6 -8.2-14.0 -7.2 13  0.0                           
072436090621106542タガノヒナタ　　　　　　　　　　　　 17.3  4.3 -6.9-10.6 -5.7 14 26.5                           
072436090720100800イナウィンク　　　　　　　　　　　　 23.2  5.4 -8.4 -6.7 -5.1 15  0.0                           
072436090817103155トモジャアルマンド　　　　　　　　　  4.5  1.8 14.3 17.7 10.6 31 17.7                           
072436090918105096レッドフランカー　　　　　　　　　　  6.0  2.1 14.1  8.8  7.8 28  0.0                           
072436091020101635ルクルス　　　　　　　　　　　　　　 38.6  8.6-11.3-13.8 -8.3 12  0.0                           
072436091121101470リリーエクスプレス　　　　　　　　　 26.3  6.1 -6.9 -7.2 -4.7 15  0.0                           
072436091219104169メイショウタイゲイ　　　　　　　　　  5.9  2.0 14.5 14.8  9.8 30 13.4                           
072436091321110122アメリカンチケット　　　　　　　　　  6.1  2.1 11.2 12.7  7.9 28  0.0                           
072436091420104559フリースタイル　　　　　　　　　　　 39.3  8.7-11.3-10.2 -7.2 13  0.0                           
072436100120104825スカプラリオ　　　　　　　　　　　　 93.8 19.0-11.3-15.2 -8.7 21  0.0  0                        
072436100220103898イグニション　　　　　　　　　　　　 24.3  5.5-11.3-10.2 -7.2 23  0.0                           
072436100321100522ジョーメッドヴィン　　　　　　　　　 11.6  3.0  6.8 -3.7  1.4 31  0.0                           
072436100421105039ゴールドサーベル　　　　　　　　　　 25.3  5.7 -6.9 -1.3 -2.9 27  0.0                           
072436100519100578クインズプリーズ　　　　　　　　　　 81.2 16.5-11.3-10.2 -7.2 23  0.0                           
072436100621101654トーラスシャイン　　　　　　　　　　 11.5  3.0  7.4 -1.5  2.3 32  0.0  0                        
072436100719105445ワーフデール　　　　　　　　　　　　 26.4  6.0-11.3-10.2 -7.2 23  0.0                           
072436100821107180ジュンヴァンケット　　　　　　　　　  3.9  1.6 19.5 26.7 15.2 45 16.2  1  124   57              
072436100920103325プロトポロス　　　　　　　　　　　　  5.6  1.9 12.3  5.9  6.3 36 13.4                           
072436101018106455メイショウハボタン　　　　　　　　　 37.0  8.1-11.3 -3.2 -5.1 25  0.0                           
072436101118100618トーホウジュナール　　　　　　　　　 51.0 10.9-10.1 -9.7 -6.6 23  0.0                           
072436101219104361テーオースパロー　　　　　　　　　　 12.2  3.1  1.0  6.8  2.4 32  0.0                           
072436101320102738エールレヴリー　　　　　　　　　　　 24.8  5.6 -8.4-10.2 -6.1 24  0.0                           
072436101421105295レーヴジーニアル　　　　　　　　　　 13.1  3.3  5.1  5.4  3.5 33  0.0                           
072436101521101924フィオライア　　　　　　　　　　　　  4.2  1.7 16.8 12.8 10.0 40 17.7                           
072436101621103278メイショウミリオレ　　　　　　　　　 10.7  2.8  7.3  6.9  4.7 35 20.6                           
072436110121103725テイエムリステット　　　　　　　　　  2.4  1.3 20.4 22.5 14.2 49 16.2  5                        
072436110221105608カズゴルティス　　　　　　　　　　　  4.3  1.5 17.7 22.6 13.3 48 17.7  2                        
072436110320106408ペプチドタイガー　　　　　　　　　　 11.3  2.5  9.8 14.8  8.0 43  0.0                           
072436110417106264ビアイ　　　　　　　　　　　　　　　 57.9  9.9-11.8-10.2 -7.4 28  0.0                           
072436110520101373バトゥーキ　　　　　　　　　　　　　 25.7  4.9  5.6  9.2  4.8 40 21.6                           
072436110620106196メイショウモズ　　　　　　　　　　　 53.2  9.4 -8.8-10.6 -6.4 29  0.0                           
072436110720100818マーブルマカロン　　　　　　　　　　 16.6  3.4 -1.9 -7.1 -2.8 32  0.0                           
072436110819104853パーティーベル　　　　　　　　　　　 16.8  3.5 -0.5  7.6  2.1 37  0.0                           
072436110919104660フラップシグナス　　　　　　　　　　 23.7  4.5 -8.8 -3.4 -4.2 31  0.0                           
072436111020102061ローズスター　　　　　　　　　　　　  6.1  1.8  8.2 17.0  8.1 43 19.1  3                        
072436111119103920レッドラマンシュ　　　　　　　　　　 20.2  4.0-11.3-11.5 -7.6 27  0.0                           
072436111218104481ヴアーサ　　　　　　　　　　　　　　 36.0  6.5-10.1-10.8 -6.9 28  0.0                           
072436111320102751エミサキホコル　　　　　　　　　　　 35.6  6.5-11.3 -2.0 -4.7 30  0.0                           
072436111421105489シークレットキー　　　　　　　　　　 24.7  4.7  2.0 -1.3  0.3 35  0.0  4                        
072436111518105471ビオグラフィア　　　　　　　　　　　 22.6  4.3 -2.9-11.5 -4.5 30  0.0                           
072436120120103519バンドマスター　　　　　　　　　　　  3.2  1.5 15.9 14.7 10.2 40 16.2                           
072436120220104772ランスオブサターン　　　　　　　　　 13.8  3.4 -1.7 10.1  2.4 32  0.0                           
072436120319106334レタラ　　　　　　　　　　　　　　　 51.4 10.6 -9.5-13.0 -7.4 23  0.0                           
072436120419102705ヒデノレインボー　　　　　　　　　　 23.9  5.3 -5.8 -9.6 -5.0 25  0.0                           
072436120520102120バンブーグローブ　　　　　　　　　　 59.0 11.8-11.2-10.6 -7.3 23  0.0                           
072436120619104685ルージュブラゾン　　　　　　　　　　 55.6 11.2-11.2-10.6 -7.3 23  0.0                           
072436120721101671サンダーアラート　　　　　　　　　　  9.5  2.7  3.9  2.1  2.1 32  0.0                           
072436120821104777クォーツァイト　　　　　　　　　　　 11.0  2.8  0.4 -3.6 -0.9 29  0.0                           
072436120920102750タイトニット　　　　　　　　　　　　  4.8  1.8 16.1  3.4  6.9 37 17.7                           
072436121019103824スズカマジェスタ　　　　　　　　　　 44.8  9.4 -3.2 -6.7 -3.2 27  0.0  0                        
072436121120106393ノボリクレバー　　　　　　　　　　　 30.9  6.7 -8.9-10.6 -6.4 24  0.0                           
072436121218102956ワンダースティング　　　　　　　　　 11.0  2.8  9.8  6.8  5.6 36  0.0                           
072436121320100934クリニクラウン　　　　　　　　　　　 19.3  4.5 -7.2  4.0 -1.4 29  0.0                           
072436121420103636インテンソ　　　　　　　　　　　　　 10.8  2.8  9.8 -2.9  2.7 33 22.1                           
072436121519100323ケイアイメビウス　　　　　　　　　　 72.7 14.4-11.3-15.0 -8.6 21  0.0  0                        
072436121620105734オーバーザドリーム　　　　　　　　　  6.9  2.2  2.9 14.7  5.5 35 13.4                           
