042445010116104665ミトロジー　　　　　　　　　　　　　 15.0  3.3 -3.5  7.3  1.6  2  9.2                           
042445010219103917メイショウジブリ　　　　　　　　　　  4.7  1.6 14.6  7.8  7.2  7 14.2                           
042445010317101109ヘイセイメジャー　　　　　　　　　　  5.4  1.7 11.3 15.0  8.9  9  0.0                           
042445010420105031シュハリ　　　　　　　　　　　　　　 17.8  3.8 -5.7  6.5  0.7  1  0.0                           
042445010520104922トラファルガー　　　　　　　　　　　  7.5  2.1  5.2 -0.9  1.2  1  0.0                           
042445010618103296サニーオーシャン　　　　　　　　　　 15.0  3.3 -1.8 -3.0 -1.6 -2  0.0                           
042445010717104985ナリタザクラ　　　　　　　　　　　　 17.6  3.7 -4.9  6.0  0.7  1  0.0                           
042445010818110112バラードインミラノ　　　　　　　　　  2.4  1.3 19.8  9.7  9.5  9  6.7                           
042445010919102758ジューンアマデウス　　　　　　　　　  5.6  1.7  7.5-10.0 -1.4 -1 16.5                           
042445020122104356リュウノヒナギク　　　　　　　　　　 24.0  4.3 -9.4-20.0-10.2 -5  0.0                           
042445020222102355コリエドール　　　　　　　　　　　　 16.4  3.2  0.9  0.1  0.3  5  0.0  0                        
042445020322105567アリュールテーラー　　　　　　　　　  2.5  1.2 21.0 20.0 13.6 19 13.0                           
042445020422104866ネオクイーン　　　　　　　　　　　　  4.3  1.4 13.3 15.6  9.7 15 15.3  3                        
042445020522103701ゴームズ　　　　　　　　　　　　　　 20.3  3.8 -2.4 13.0  4.0  9  0.0                           
042445020622105859リバースザトレンド　　　　　　　　　  8.1  2.1 10.8  6.0  5.4 10  8.1                           
042445020722109127サバイバルナイン　　　　　　　　　　 34.9  6.0-11.9-10.0 -7.2 -2  0.0                           
042445020822105654エイブリー　　　　　　　　　　　　　 24.8  4.5 -9.1-10.0 -6.4 -1  0.0                           
042445020922104908グランカッサ　　　　　　　　　　　　  3.3  1.3 19.1 13.5 10.7 16  7.3                           
042445021022105896アイヨトワニ　　　　　　　　　　　　 11.9  2.5  7.3  0.0  2.2  7  0.0                           
042445030122102632ダブルスチール　　　　　　　　　　　 30.5  5.9-11.9 -2.0 -4.3  1  0.0                           
042445030222103485アスコットアイ　　　　　　　　　　　  4.8  1.6 13.9  6.0  6.4 11 14.2                           
042445030322104543デザーヴ　　　　　　　　　　　　　　 35.0  6.6-11.9-10.0 -7.2 -2  0.0                           
042445030422106194ラピルスイメル　　　　　　　　　　　 13.3  3.0 11.8 12.0  7.9 13  0.0                           
042445030522102648モズノセイギ　　　　　　　　　　　　 22.5  4.5-12.3-10.0 -7.4 -2  0.0                           
042445030622100451ソイジャガー　　　　　　　　　　　　  5.9  1.8 11.4 10.0  7.1 12  8.5                           
042445030722100729ビーマックス　　　　　　　　　　　　 13.6  3.0  4.2  6.0  3.5  8  0.0                           
042445030822102819ブリッツアロング　　　　　　　　　　  2.4  1.3 21.0 15.3 11.9 17 13.0                           
042445030922104101コパノハーン　　　　　　　　　　　　 23.1  4.6-12.3-10.0 -7.4 -2  0.0                           
042445031022106201ミユンガー　　　　　　　　　　　　　 30.4  5.8 -5.8-10.0 -5.4  0 11.5                           
042445031122103725ロッカバイベイビー　　　　　　　　　  5.7  1.8 17.2  4.6  6.8 12  0.0                           
042445031222104001ダイメイハマダ　　　　　　　　　　　 19.6  4.1  0.9-10.0 -3.4  2  0.0                           
042445040120103003ピンポイントドロー　　　　　　　　　 11.0  2.4  6.4 12.0  6.3 26  0.0                           
042445040217106372ワールドスケール　　　　　　　　　　 25.7  4.5-12.3-10.0 -7.4 13  0.0                           
042445040318105236ブルメンダール　　　　　　　　　　　  5.9  1.7  9.0 12.0  7.1 27  7.9  5                        
042445040417105517ルリアン　　　　　　　　　　　　　　  3.6  1.4 17.8 20.0 12.7 33 14.2                           
042445040517100360ハーツシンフォニー　　　　　　　　　 11.7  2.5 -4.7 -2.0 -2.1 18  0.0                           
042445040618102910ファルヴォーレ　　　　　　　　　　　  6.7  1.8  9.8 10.6  6.8 27  0.0  5                        
042445040717105272リレーションシップ　　　　　　　　　  2.3  1.2 20.1 10.0  9.7 30 13.0                           
042445040815104512スヴァルナ　　　　　　　　　　　　　  8.1  2.0  0.2 10.7  4.0 24  8.6                           
042445050122103322カパラミプ　　　　　　　　　　　　　 21.8  4.4 -9.2-20.0-10.1 -5  0.0                           
042445050222106939ローレルゼロ　　　　　　　　　　　　 23.0  4.6 -8.1-10.0 -6.1 -1  0.0                           
042445050322102514ベイビーキッス　　　　　　　　　　　 16.3  3.5 -6.4  3.5 -0.6  4 10.9  0                        
042445050422106774コスモエンエン　　　　　　　　　　　  9.5  2.5 12.2 18.8 10.6 16  0.0  5                        
042445050522107132タガノサダフ　　　　　　　　　　　　 11.1  2.6  9.9  6.0  5.2 10  0.0                           
042445050622103333ハピハピハッピー　　　　　　　　　　 38.6  7.3-11.9 -6.7 -6.0 -1  0.0                           
042445050722109130カシノベティ　　　　　　　　　　　　 45.3  8.4-11.9-10.0 -7.2 -2  0.0                           
042445050822107028リュウノヒルド　　　　　　　　　　　  5.3  1.8 18.0 10.5  9.3 14 14.2                           
042445050922102585フクシマジンロッソ　　　　　　　　　 49.1  9.1-11.9-11.8 -7.9 -3  0.0                           
042445051022100103グランノーヴ　　　　　　　　　　　　 13.9  3.1 -0.3 29.0 10.5 16  0.0  1  190   67              
042445051122109047ワイルドゴーア　　　　　　　　　　　  2.3  1.3 20.5 20.0 13.5 18 13.0                           
042445051222101092エーデルムート　　　　　　　　　　　 13.2  3.0  3.4  5.7  3.1  8  9.2                           
042445051322103036ハニーアイリー　　　　　　　　　　　 11.2  2.6  1.0 -9.5 -3.2  2  0.0                           
042445051422106747ウイングラフトン　　　　　　　　　　 17.9  3.8-10.2-10.0 -6.7 -2  0.0                           
042445060119102777ヤマニンクイッカー　　　　　　　　　  3.6  1.3 16.4  6.5  7.3 27 14.2                           
042445060221103129マリンバンカー　　　　　　　　　　　  9.3  2.2  1.9 19.7  7.8 28  0.0                           
042445060320100903サンデーヒーロー　　　　　　　　　　 20.6  3.7-12.3-10.0 -7.4 13  0.0                           
042445060421102954ダイタジャスティス　　　　　　　　　  9.3  2.2  8.7  3.9  4.0 24  0.0                           
042445060520106776トゥピ　　　　　　　　　　　　　　　 11.0  2.3 -4.7  3.4 -0.2 20  0.0                           
042445060620104926ライヴァル　　　　　　　　　　　　　 24.8  4.3-11.9 -2.4 -4.4 16  0.0                           
042445060720106491メイショウジェンマ　　　　　　　　　  4.0  1.3 17.8 20.0 12.7 33 15.3                           
042445060821106294ゼンダンスカイ　　　　　　　　　　　  2.3  1.2 22.3 19.5 13.8 34 13.0                           
042445070121105160カエルム　　　　　　　　　　　　　　  4.0  1.4 17.9 15.0 10.9 31 15.3                           
042445070220103688ダズリングブレイヴ　　　　　　　　　 12.6  2.8 10.9  6.0  5.5 25  0.0                           
042445070321105125リヤンドゥミラクル　　　　　　　　　 11.1  2.6 10.6 -2.0  2.4 22  0.0                           
042445070421105583ストーンズ　　　　　　　　　　　　　  3.8  1.4 15.8 12.0  9.1 29 14.2                           
042445070519106972ロストボール　　　　　　　　　　　　 28.0  5.4-11.9-13.7 -8.6 11  0.0                           
042445070621102235ブラックサンライズ　　　　　　　　　 16.4  3.5 -5.0  9.9  2.1 22  0.0  5                        
042445070721104845キャンディレイ　　　　　　　　　　　 13.2  2.9 -1.8  9.4  2.9 23  0.0                           
042445070821101250シェアホルダーズ　　　　　　　　　　 16.7  3.5 -7.5-20.0 -9.6 10  0.0  0                        
042445070921105168クイーンズワーフ　　　　　　　　　　 16.5  3.5 -2.1 -1.1 -1.0 19  0.0  5                        
042445071021105417ヴァイザーブリック　　　　　　　　　  2.7  1.3 22.2 20.0 14.0 34 13.0                           
042445080120106429ノーブルミステリー　　　　　　　　　 13.8  3.4  1.2  8.7  3.5 24  0.0                           
042445080221103912モデルハント　　　　　　　　　　　　 26.0  5.7 -8.4-20.0 -9.9 10  0.0  0                        
042445080321104649エブリモーメント　　　　　　　　　　  5.0  1.8 19.0 15.0 11.2 31  7.5                           
042445080419103285クリノミニスター　　　　　　　　　　 22.9  5.1-12.3-10.0 -7.4 13  0.0                           
042445080521100526ピリー　　　　　　　　　　　　　　　  3.9  1.6 15.8 27.7 14.9 35  6.9  1  264   60              
042445080621100187ニシノクラウン　　　　　　　　　　　 32.4  7.0-11.9-18.0-10.2 10  0.0                           
042445080720105470キーウィル　　　　　　　　　　　　　  3.7  1.6 17.8  6.0  7.5 28  6.7                           
042445080821106150ゴッドカインド　　　　　　　　　　　  7.1  2.2  9.6  6.0  5.1 25  0.0                           
042445080921100625ダイチジェム　　　　　　　　　　　　 29.5  6.4-11.9-10.9 -7.6 12  0.0                           
042445081021106586ラブカムーン　　　　　　　　　　　　 10.7  2.8  6.8-10.0 -1.6 18  9.1                           
042445081120101823ファイアネイド　　　　　　　　　　　 11.2  2.9  9.5 10.0  6.5 27  9.2                           
042445081221102091ノビル　　　　　　　　　　　　　　　 12.7  3.2  7.3  6.0  4.4 24 10.3                           
042445090121105626ドゥレイクパセージ　　　　　　　　　  4.3  1.5  8.3 10.4  6.3 26 15.3                           
042445090219100784マイネルイージス　　　　　　　　　　 14.3  3.1 -8.8-19.1 -9.6 10  0.0  0                        
042445090320102785イゾレエオリア　　　　　　　　　　　  2.6  1.3 21.8 19.4 13.7 34 13.0                           
042445090421104708トーセンオリックス　　　　　　　　　 28.7  5.5 -8.0 -2.0 -3.1 17  0.0                           
042445090521105072ディーガレジェンド　　　　　　　　　  4.1  1.5 15.5 16.7 10.8 31  7.3  3                        
042445090620103502トラストエムシー　　　　　　　　　　 14.9  3.2 -2.3 -1.2 -1.1 19  0.0  0                        
042445090721100588ホワイトビーチ　　　　　　　　　　　  8.4  2.3 11.0-10.0 -0.4 20  8.1                           
042445090821103555ゴールデンステップ　　　　　　　　　 14.8  3.2  6.3  9.0  5.2 25  0.0                           
042445090921107138スノーブリザード　　　　　　　　　　 14.7  3.2 -0.1  6.0  2.2 22  0.0                           
042445091021100559ジャンバラヤ　　　　　　　　　　　　 14.5  3.2 -0.6 -2.0 -0.9 19  0.0                           
042445100121102246テーオーダグラス　　　　　　　　　　  6.6  2.1 13.0 10.0  7.6 38  0.0                           
042445100220102861ラテラルシンキング　　　　　　　　　 20.1  4.7  3.4  5.8  3.1 33  0.0                           
042445100320107036マイネルビジョン　　　　　　　　　　 40.3  8.7-11.9-20.0-10.9 19  0.0                           
042445100417104215プリティユニバンス　　　　　　　　　 23.2  5.3-12.3-10.0 -7.4 23  0.0                           
042445100519101007タケトンボ　　　　　　　　　　　　　  7.6  2.4 10.2 15.0  8.6 39  0.0                           
042445100619102384タイラーテソーロ　　　　　　　　　　 36.0  7.8 -4.7-10.4 -5.2 25  0.0                           
042445100721106954アスクナイスショー　　　　　　　　　  5.9  2.0  9.9 15.0  8.5 38 15.3                           
042445100821106738ヴィレム　　　　　　　　　　　　　　  4.1  1.7 16.5 16.8 11.1 41 14.2  5                        
042445100918104841リリーブライト　　　　　　　　　　　 31.2  6.9-11.9-10.0 -7.2 23  0.0                           
042445101020100495ドラゴンヘッド　　　　　　　　　　　 12.1  3.1  1.2-20.0 -7.0 23  0.0  0                        
042445101118101946タガノチュール　　　　　　　　　　　 38.6  8.3-12.3-10.0 -7.4 23  0.0                           
042445101220103436ネビュルーズ　　　　　　　　　　　　 21.6  4.9 -7.5 -4.5 -3.9 26  0.0                           
042445101321105601ショーマンフリート　　　　　　　　　  3.8  1.6 18.8  8.0  8.6 39 13.0                           
042445101420106475ピンキープロミス　　　　　　　　　　 14.9  3.7  3.6  9.9  4.7 35  0.0                           
042445110121110132ジャスパーノワール　　　　　　　　　 30.0  7.2 -8.1-10.0 -6.1 29  0.0                           
042445110219102041アドヴァイス　　　　　　　　　　　　 28.7  7.0 -6.1-10.0 -5.5 30  0.0                           
042445110320101262エコロレジーナ　　　　　　　　　　　  7.4  2.5 11.5 40.0 18.1 53  7.5                           
042445110419100751マイネルレノン　　　　　　　　　　　 13.5  3.7 -4.2  6.0  0.9 36  0.0                           
042445110519104697ショウナンマッハ　　　　　　　　　　 44.4 10.4-12.3-17.9-10.3 25  0.0  0                        
042445110620104088ランドオブラヴ　　　　　　　　　　　  5.3  2.0 14.2 10.5  8.1 43 14.2                           
042445110720101792プロスペリダード　　　　　　　　　　 11.9  3.3  9.8 12.0  7.3 42 10.3                           
042445110820103915ツインクルトーズ　　　　　　　　　　  4.5  1.9 12.8 17.4 10.2 45  6.7  3                        
042445110918110037ブルースピリット　　　　　　　　　　 30.6  7.4 -1.1 -2.0 -1.1 34  0.0                           
042445111020104613タツダイヤモンド　　　　　　　　　　  8.8  2.8  7.8  6.0  4.5 40  0.0                           
042445111120100443エイシンエイト　　　　　　　　　　　  8.5  2.8 -5.7  3.3 -0.5 35  0.0                           
042445111220106706タリア　　　　　　　　　　　　　　　 73.4 16.4-11.9 -9.5 -7.1 28  0.0                           
042445111320105365ドーバーホーク　　　　　　　　　　　 24.9  6.1 -3.8 -6.4 -3.5 32  0.0  0                        
042445111419102137シロン　　　　　　　　　　　　　　　  7.7  2.6 12.9 10.0  7.5 43  0.0                           
042445111520102971サトノグレイト　　　　　　　　　　　 37.9  9.0-12.3-11.5 -7.9 27 13.8  0                        
042445111619105191コナブラック　　　　　　　　　　　　 21.8  5.4 -7.3 -5.8 -4.3 31  0.0                           
042445111718103902サウンドブライアン　　　　　　　　　 68.1 15.2-12.3-10.0 -7.4 28  0.0                           
042445111819103897ハピネスアゲン　　　　　　　　　　　 39.9  9.4 -4.9  3.0 -0.4 35  0.0                           
042445120119104059スマートオリーブ　　　　　　　　　　  4.5  1.7 12.2 40.0 18.3 38  7.3                           
042445120221100248セイウンデセオ　　　　　　　　　　　  7.3  2.3  1.2-10.0 -3.3 17  0.0                           
042445120319102062ハルカナネガイ　　　　　　　　　　　 28.3  6.3-12.3-10.0 -7.4 13  0.0                           
042445120421102669ステラシティ　　　　　　　　　　　　 17.7  4.2 -0.1  5.0  1.8 22 10.9                           
042445120521106305ランウインディ　　　　　　　　　　　  3.6  1.6 15.1  6.0  6.7 27  6.7                           
042445120621103575アイスリンディ　　　　　　　　　　　 17.0  4.1 -9.6-10.4 -6.7 13  0.0                           
042445120721103219カラフルメロディー　　　　　　　　　 13.7  3.4 -2.4  9.0  2.6 23  0.0                           
042445120818101804グローリアスカペラ　　　　　　　　　 24.0  5.4 -1.2-10.0 -4.0 16  0.0                           
042445120921101120サンマルブーケ　　　　　　　　　　　  5.4  1.9  8.3 10.5  6.3 26  7.9                           
042445121020105326パイリヴレ　　　　　　　　　　　　　 15.6  3.8 11.7 -6.9  1.0 21  9.8                           
042445121121100053ミスファントム　　　　　　　　　　　  6.3  2.1 11.3  5.7  5.5 25  8.1                           
042445121220102086カゲツ　　　　　　　　　　　　　　　 21.8  5.0 -5.8-10.0 -5.4 15  0.0                           
052445010122101760ビレッジルミエール　　　　　　　　　 42.5  8.6-12.1-11.1 -7.7 -3  0.0                           
052445010222104017ビーラブドウィッチ　　　　　　　　　 32.3  6.7 -8.4 -4.3 -4.1  1  0.0                           
052445010322103311レイオーバー　　　　　　　　　　　　  4.9  1.7 12.8  4.3  5.4 10  9.4                           
052445010422106420パーティーガール　　　　　　　　　　 70.3 13.5-12.1-10.2 -7.4 -2  0.0                           
052445010522102042キタノショウリュウ　　　　　　　　　 17.1  3.9  1.9 14.2  5.8 11 11.5                           
052445010622106702リュウノワールド　　　　　　　　　　 31.2  6.5 -8.4-10.9 -6.5 -2  0.0                           
052445010722101788ツクバスマイリー　　　　　　　　　　116.0 21.8-11.6-13.3 -8.4 -3  0.0                           
052445010822105242フォースミラクル　　　　　　　　　　 21.1  4.7  3.3  9.6  4.5 10  0.0                           
052445010922102269ラルフテソーロ　　　　　　　　　　　 12.3  3.0  4.0  8.0  4.1  9  0.0                           
052445011022103984ランヴェルセ　　　　　　　　　　　　 20.8  4.6  7.3 15.9  8.0 13  0.0                           
052445011122110128エコロヴァイス　　　　　　　　　　　  3.0  1.4 14.6 25.2 13.6 19 15.9                           
052445011222104998テルユアワールド　　　　　　　　　　  4.6  1.7 17.2 19.9 12.5 17  0.0  2                        
052445011322101258ショウナンカチドキ　　　　　　　　　 30.1  6.3 -8.8-12.0 -7.0 -2  0.0                           
052445011422102262マルセルテソーロ　　　　　　　　　　 45.9  9.3-10.3-10.0 -6.8 -2  0.0                           
052445011522103728アメリカンビーチ　　　　　　　　　　  5.1  1.7 15.4  9.4  8.1 13 20.2                           
052445020122106676キャピタルプレイン　　　　　　　　　  3.3  1.3 18.8 12.5 10.2 15  8.7                           
052445020222106587ズットマツモト　　　　　　　　　　　  2.4  1.2 19.9 20.0 13.3 18 15.9                           
052445020322101347サザンブラック　　　　　　　　　　　 25.0  4.4-10.3-10.2 -6.8 -2  0.0                           
052445020422100700ポッドロルフ　　　　　　　　　　　　 20.0  3.7 -9.9-10.6 -6.9 -2  0.0                           
052445020522103490カシノフロレゾン　　　　　　　　　　 19.8  3.7-10.3 -6.9 -5.6 -1  0.0                           
052445020622101439レオンバルディア　　　　　　　　　　 24.7  4.4 -6.7  4.8 -0.3  5 12.2                           
052445020722104870フクシマコウヨウ　　　　　　　　　　  5.5  1.6 15.4 19.7 11.8 17  0.0                           
052445020822107225アミグダラ　　　　　　　　　　　　　 33.8  5.7-12.6-10.7 -7.7 -3  0.0                           
052445020922106423エメラルドラグーン　　　　　　　　　 44.8  7.4-12.1 -7.1 -6.2 -1  0.0                           
052445021022101018テリオスラキ　　　　　　　　　　　　 28.9  5.0 -4.1 -4.7 -3.0  2  0.0  0                        
052445021122103450ロジステート　　　　　　　　　　　　  5.1  1.5 14.6 12.1  8.8 14 18.8                           
052445030122107011ニシノブレイゼスト　　　　　　　　　 20.8  7.6 -6.5-12.0 -6.3 -1  0.0                           
052445030222105109ミラージュナイト　　　　　　　　　　  2.4  1.2 22.0 20.3 14.0 19 17.3                           
052445030322101573ポッドロワール　　　　　　　　　　　 12.2  4.6  6.2 -8.4 -1.2  4  0.0                           
052445030422104761ニヴルヘイム　　　　　　　　　　　　  2.3  1.2 19.0 16.3 11.7 17 15.9                           
052445030522105415ソードマスター　　　　　　　　　　　  5.8  2.6  9.5 11.3  7.0 12 10.1  5                        
052445030622100922ゴガツノアマノガワ　　　　　　　　　 40.9 14.5-12.1 -6.6 -6.1 -1  0.0                           
052445030722106744リトルジャイアンツ　　　　　　　　　  5.4  2.4 15.6 11.0  8.7 14  9.4                           
052445040122100802ユイノクニマレ　　　　　　　　　　　103.1 18.6-12.1-10.0 -7.3 -7  0.0                           
052445040222103592ルシード　　　　　　　　　　　　　　 32.1  6.4 -4.6-12.6 -6.0 -6  0.0  0                        
052445040322106955ベアイミュニティ　　　　　　　　　　150.6 26.9-12.1-12.9 -8.4 -8  0.0                           
052445040422101438レッドルイナール　　　　　　　　　　  3.2  1.5 16.5 24.1 13.8 14 15.9                           
052445040522101042シリウスライト　　　　　　　　　　　 19.8  4.3  0.3  9.2  3.5  3  0.0                           
052445040622107021ファミーユウルーズ　　　　　　　　　 43.3  8.4 -7.1  6.0  0.1  0  0.0                           
052445040722107298エクメノポリス　　　　　　　　　　　 14.6  3.3 -0.4  8.0  2.8  3  0.0                           
052445040822106552タガノキャロル　　　　　　　　　　　 24.2  5.0  0.8 -3.9 -1.2 -1  0.0                           
052445040922102858ノーブルシーズン　　　　　　　　　　 11.2  2.7 14.6  7.2  7.0  7  0.0                           
052445041022103741ロミヒ　　　　　　　　　　　　　　　  3.6  1.5 12.8 19.7 11.1 11 17.3                           
052445041122100073オビドス　　　　　　　　　　　　　　  9.0  2.5 -3.2  7.8  1.9  2 10.1                           
052445041222104571アンエクスプロード　　　　　　　　　 21.5  4.5-10.4-10.5 -7.0 -7  0.0                           
052445041322106597マッハレイジング　　　　　　　　　　 11.2  2.7  8.7  5.0  4.4  4 10.9                           
052445041422103848ドラゴンラック　　　　　　　　　　　 52.9 10.1-12.1-10.0 -7.3 -7  0.0                           
052445041522101072スパーブケン　　　　　　　　　　　　 43.4  8.4-10.3  6.4 -0.7 -1  0.0                           
052445041622106617サルタール　　　　　　　　　　　　　  6.9  2.1 16.1  9.3  8.2  8  0.0                           
052445050122101469ヴェナートル　　　　　　　　　　　　 48.5  8.8-12.1-10.0 -7.3 -7  0.0                           
052445050222101761ヘヴンウィンド　　　　　　　　　　　  5.5  1.7  7.2 16.0  8.0  8  9.4                           
052445050322104798リリカルガンマン　　　　　　　　　　  7.5  2.1 13.6  8.4  7.2  7 10.1                           
052445050422104959キングノジョー　　　　　　　　　　　  2.2  1.2 23.7 30.0 18.1 18 15.9                           
052445050522104658スピントロニクス　　　　　　　　　　  5.5  1.7 15.0 13.3  9.4  9  8.7                           
052445050622105029デンジエンド　　　　　　　　　　　　 25.9  5.0 -9.3-13.2 -7.6 -8  0.0                           
052445050722106560タガノミモザ　　　　　　　　　　　　 11.3  2.6 11.6  5.8  5.6  6  0.0                           
052445050822102252チャールズテソーロ　　　　　　　　　 44.0  8.0-12.1-11.9 -8.0 -8  0.0                           
052445050922104630トリフォラート　　　　　　　　　　　 24.0  4.7 -3.9-10.0 -4.8 -5  0.0                           
052445051022105015リックメイン　　　　　　　　　　　　 35.1  6.5 -8.5  4.8 -0.8 -1  0.0                           
052445051122104483ヴァシーオ　　　　　　　　　　　　　 48.1  8.7-12.1-10.0 -7.3 -7  0.0                           
052445051222104979ウィッシュツリー　　　　　　　　　　 13.6  3.0 11.3 10.5  7.2  7 11.5                           
052445051322104613レイデアスール　　　　　　　　　　　 16.2  3.4  2.6-10.9 -3.2 -3  0.0                           
052445060122102932レオプレセア　　　　　　　　　　　　 32.3  5.8 -7.1-12.9 -6.9 -7  0.0                           
052445060222106658ベルジュロネット　　　　　　　　　　  3.5  1.4 19.3 13.8 10.9 11 17.3                           
052445060322103884スティルシャイニン　　　　　　　　　 22.6  4.3-12.1 19.5  3.5  4  0.0  3                        
052445060422105271ブラヴォケラトプス　　　　　　　　　 18.9  3.7  4.1 -2.0  0.5  0  0.0                           
052445060522101410ヤスエ　　　　　　　　　　　　　　　 44.0  7.7 -8.8  6.0 -0.4  0  0.0                           
052445060622102696ラブリーガール　　　　　　　　　　　 15.1  3.1 -6.7  3.2 -0.8 -1  0.0                           
052445060722104440ハーモニーソング　　　　　　　　　　 34.5  6.2  4.5 -0.3  1.2  1  0.0  5                        
052445060822100512レトロブーム　　　　　　　　　　　　 38.6  6.8-10.3-10.0 -6.8 -7  0.0                           
052445060922104945コオリナラグーン　　　　　　　　　　  2.6  1.3 18.3 19.8 12.8 13 15.9                           
052445061022100709エバーグリーン　　　　　　　　　　　 86.6 14.1 -8.7-10.0 -6.3 -6  0.0                           
052445061122102662フラッシュタイム　　　　　　　　　　 63.0 10.4-12.1 -2.9 -4.7 -5  0.0                           
052445061222101861ゴールデン　　　　　　　　　　　　　225.4 35.6-12.1 -6.3 -5.9 -6  0.0                           
052445061322104560ルトンワージ　　　　　　　　　　　　  8.9  2.3 10.5  8.2  6.2  6 10.1  5                        
052445061422104757コルチェスター　　　　　　　　　　　  5.2  1.6 15.5 18.6 11.5 11  9.4                           
052445061522106894ファリア　　　　　　　　　　　　　　119.3 19.2 -9.0-14.1 -7.9 -8  0.0  0                        
052445061622105989リリアンファスト　　　　　　　　　　 21.7  4.1  8.5  8.0  5.5  5  0.0                           
052445061722100258アリスノヒトミ　　　　　　　　　　　 90.8 14.7-11.6 -6.3 -5.8 -6  0.0                           
052445070120102232コウセイマリア　　　　　　　　　　　 29.0  5.7-11.6 -6.9 -6.0 14  0.0                           
052445070221104173デイジー　　　　　　　　　　　　　　  6.4  1.9 12.1  6.6  6.1 26  0.0                           
052445070321104137ミエノブラボー　　　　　　　　　　　 14.9  3.3  6.6  6.6  4.4 24 12.2                           
052445070421107080セイウンマカロン　　　　　　　　　　  3.8  1.5 16.8 12.5  9.6 30 17.3                           
052445070520102962プチボヌール　　　　　　　　　　　　 25.3  5.0-10.3 -7.7 -5.9 14  0.0                           
052445070620104052テンホワイトラブ　　　　　　　　　　  7.6  2.2  2.7  6.6  3.2 23 10.1                           
052445070721100886ビップレーヌ　　　　　　　　　　　　 14.9  3.3  4.7 -0.5  1.2 21  0.0                           
052445070819103122ラズライト　　　　　　　　　　　　　 15.4  3.4 -2.9 14.9  4.6 25  0.0                           
052445070921101219マフィン　　　　　　　　　　　　　　 13.4  3.0 -2.2  6.1  1.6 22  0.0                           
052445071020103416テンペスト　　　　　　　　　　　　　  2.9  1.4 18.1 14.8 10.9 31 15.9                           
052445071120105282ワタシデイイデスカ　　　　　　　　　 35.7  6.9-12.1 -7.1 -6.2 14  0.0                           
052445071220106860ティファニードンナ　　　　　　　　　 18.1  3.9  1.2  9.5  3.8 24  0.0  5                        
052445071321104371リプレイ　　　　　　　　　　　　　　 53.4  9.9-12.1 -9.3 -7.0 13  0.0                           
052445080121105328メイショウミシガン　　　　　　　　　  2.6  1.3 22.0 17.0 12.8 43 15.9                           
052445080219103692トウカイファクター　　　　　　　　　 23.4  4.4 -5.6  4.8  0.1 30  0.0                           
052445080320101853シャープソーン　　　　　　　　　　　 20.1  4.0  7.2 -0.5  2.0 32  0.0  5                        
052445080420101422クラウンブラヴォー　　　　　　　　　 41.5  7.4-12.1 -7.8 -6.5 24  0.0  0                        
052445080520101284ルクスドヌーヴ　　　　　　　　　　　 16.0  3.3  2.8 -2.0  0.1 30 10.1                           
052445080621100895サフランヒーロー　　　　　　　　　　  4.8  1.5 17.9 16.0 11.2 41  9.4                           
052445080718102394ロイヤルダンス　　　　　　　　　　　 23.8  4.5 -1.1  6.6  2.1 32  0.0                           
052445080817105634メラーキ　　　　　　　　　　　　　　 32.2  5.9-12.1-10.0 -7.3 23  0.0                           
052445080919104602ミラキュラスライト　　　　　　　　　 19.7  3.9  5.4  5.9  3.8 34  0.0                           
052445081020103369パンデアスカル　　　　　　　　　　　 25.3  4.8 -1.1-18.7 -7.2 23  0.0  0                        
052445081119104465ホウオウパレード　　　　　　　　　　 59.7 10.1 -9.3 10.5  1.1 31  0.0                           
052445081220106407ライブリームーラン　　　　　　　　　 30.2  5.5-12.1-10.1 -7.3 23  0.0                           
052445081320102562レディアス　　　　　　　　　　　　　 43.2  7.6 -8.7 -2.0 -3.3 27  0.0                           
052445081419103543マイネルサハラ　　　　　　　　　　　 49.0  8.6 -8.4 -6.9 -5.1 25  0.0                           
052445081520103253ピエフォール　　　　　　　　　　　　 31.0  5.7-11.6-10.0 -7.1 23  0.0                           
052445081621106658ストレングス　　　　　　　　　　　　  3.6  1.4 16.5 14.4 10.2 40 17.3                           
052445090122100896テリオスルナ　　　　　　　　　　　　 15.1  3.0 -0.1  7.1  2.6 48  0.0                           
052445090222105390パッションリッチ　　　　　　　　　　 13.8  2.8  4.2 11.3  5.4 50  0.0                           
052445090322106593カポレイラ　　　　　　　　　　　　　 19.6  3.7 -6.6-14.4 -7.3 38  0.0                           
052445090422105801ショウナンサムデイ　　　　　　　　　  4.7  1.5 16.6 11.1  9.1 54 10.1                           
052445090522106825コスモイシュタル　　　　　　　　　　 26.9  4.8-10.4-10.0 -6.8 38  0.0                           
052445090622105519マスカレードボール　　　　　　　　　  4.4  1.4 14.2 13.0  9.0 54  9.4                           
052445090722101745ピコチャンブラック　　　　　　　　　  3.1  1.3 21.2 13.5 11.3 56 17.3                           
052445090822104942シルバーレイン　　　　　　　　　　　  2.7  1.2 15.9 19.6 12.0 57 15.9C                          
052445100120106953ダスク　　　　　　　　　　　　　　　 46.9  8.6 -8.6 -9.3 -6.0 29  0.0                           
052445100220104945ベルウッドグラス　　　　　　　　　　 19.3  4.0  4.2 -0.1  1.2 36 12.2  0                        
052445100318104778フジマサインパクト　　　　　　　　　 15.7  3.4  3.7  4.8  2.9 38  0.0                           
052445100420103199ビップスコーピオン　　　　　　　　　 10.8  2.5  9.0 18.3  9.4 44 10.9  1  172   38              
052445100518104574ローズボウル　　　　　　　　　　　　 51.3  9.3-11.6 -2.0 -4.2 31  0.0                           
052445100620102988オメガタキシード　　　　　　　　　　  2.3  1.3 21.9 21.7 14.5 50 15.9  4                        
052445100718104665ダノンブレット　　　　　　　　　　　  6.2  1.8  7.0  5.4  4.1 39  9.4                           
052445100819100997キタサンドーシン　　　　　　　　　　 25.7  5.0 -3.6-11.9 -5.4 30  0.0                           
052445100917103285アースライザー　　　　　　　　　　　 46.7  8.5-12.1 -2.0 -4.4 31  0.0                           
052445101019105032ホウオウフウジン　　　　　　　　　　 36.8  6.9 -8.8-10.0 -6.3 29  0.0                           
052445101120101020ペイシャモノノフ　　　　　　　　　　 36.6  6.8 -6.7 -8.1 -5.0 30  0.0                           
052445101220101036マテンロウガイ　　　　　　　　　　　  4.9  1.7 14.0 12.3  8.7 44  0.0                           
052445101317100811デルマオニキス　　　　　　　　　　　 64.1 11.2-11.6 -6.0 -5.7 29  0.0                           
052445101419100876セブンスレター　　　　　　　　　　　 27.6  5.3 -6.6  4.7 -0.3 35  0.0                           
052445101520105954ネッケツシャチョウ　　　　　　　　　  7.4  2.1 13.7  9.1  7.4 42 10.1                           
052445110118106532バスラットレオン　　　　　　　　　　 47.3 10.8-11.0-12.7 -8.0 47  0.0                           
052445110218106318メイショウシンタケ　　　　　　　　　 44.8 10.2-11.8 -3.4 -4.8 50  0.0                           
052445110320102378ミシシッピテソーロ　　　　　　　　　 78.9 17.1-12.1-13.8 -8.7 46  0.0                           
052445110421104825ゴンバデカーブース　　　　　　　　　 12.5  3.4 11.2  8.1  6.3 61  0.0                           
052445110517104685エアロロノア　　　　　　　　　　　　 26.2  6.2-11.0 -8.5 -6.4 49  0.0                           
052445110620103331ジェイパームス　　　　　　　　　　　 38.6  8.9  3.2 -2.2  0.2 55  0.0                           
052445110719104462セリフォス　　　　　　　　　　　　　  5.4  2.0 21.9 17.8 13.1 68 15.8                           
052445110819100765コムストックロード　　　　　　　　　 48.7 11.1-11.6-11.0 -7.5 47  0.0                           
052445110919105496レッドモンレーヴ　　　　　　　　　　  7.1  2.4 11.0 12.0  7.7 63 10.1                           
052445111020101813クルゼイロドスル　　　　　　　　　　 14.0  3.7 -6.1-13.8 -6.9 48  7.8                           
052445111118100382ソウルラッシュ　　　　　　　　　　　  4.0  1.7 16.4 24.2 13.8 69 14.5                           
052445111219105252アルナシーム　　　　　　　　　　　　 23.1  5.6  0.2 -6.1 -2.2 53  0.0                           
052445111318100184タイムトゥヘヴン　　　　　　　　　　 42.9  9.8 -6.6 -9.3 -5.4 50  0.0                           
052445111421102424ロジリオン　　　　　　　　　　　　　 12.6  3.4  2.8  5.0  2.7 58  0.0                           
052445111519105065パラレルヴィジョン　　　　　　　　　  8.1  2.6 -1.8  5.0  1.3 56  0.0                           
052445111619105118ジュンブロッサム　　　　　　　　　　  5.6  2.0  6.5 21.9 10.0 65  4.0  3                        
052445111720103276バルサムノート　　　　　　　　　　　 32.5  7.6-11.0-15.1 -8.8 46  0.0  0                        
052445120121106104ロジプラヤ　　　　　　　　　　　　　 28.0  6.0-12.1  7.0 -1.1 19  0.0                           
052445120221105600グランカンタンテ　　　　　　　　　　 28.1  6.0 -5.0 -8.6 -4.7 15  0.0  0                        
052445120321100190ニシノインヴィクタ　　　　　　　　　  7.2  2.2 10.0 10.7  6.9 27  0.0                           
052445120421105859フォルラニーニ　　　　　　　　　　　  2.6  1.4 21.6 21.2 14.3 34 15.9                           
052445120521105002サラトガチップス　　　　　　　　　　 14.5  3.5 -0.2 -6.1 -2.3 18 13.0                           
052445120621104831マーゴットソラーレ　　　　　　　　　 11.6  2.9  1.3  9.0  3.7 24 11.6                           
052445120721100244ニシノティアモ　　　　　　　　　　　  6.5  2.1 14.3 12.5  8.9 29  0.0                           
052445120821103976エコロレイズ　　　　　　　　　　　　 12.4  3.1 -0.7 21.4  7.6 28  0.0                           
052445120921105611ボルケーノ　　　　　　　　　　　　　  7.3  2.2 11.8  6.0  5.7 26 20.2                           
052445121021105742シアブリス　　　　　　　　　　　　　 14.8  3.5 -4.2 -2.3 -2.1 18  0.0                           
052445121121102408ドムスアウレア　　　　　　　　　　　 28.4  6.1-11.6-10.3 -7.3 13  0.0                           
052445121221101549アドマイヤマツリ　　　　　　　　　　  7.6  2.3 10.5  9.0  6.4 26  0.0                           
082455010122110074タヴァネスタン　　　　　　　　　　　  4.8  1.6 12.6 10.5  7.8 13 19.1                           
082455010222110105アメリカンステージ　　　　　　　　　  2.8  1.3 16.0 18.6 11.4 16 16.2                           
082455010322104910レイザリオ　　　　　　　　　　　　　  8.2  2.3  7.0  7.1  4.7 10 14.4                           
082455010422110012マジカルシャイン　　　　　　　　　　  3.7  1.4 12.6 16.3  9.5 15  0.0                           
082455010522105443モレポブラーノ　　　　　　　　　　　  9.4  2.5 11.9 14.4  8.7 14  0.0                           
082455010622103909ショウナンアトレ　　　　　　　　　　 13.2  3.0 10.9  5.8  5.7 11  0.0                           
082455010722105447ストームレーン　　　　　　　　　　　 24.4  4.8 -6.9-10.2 -5.6 -1  0.0                           
082455010822103145タイキフェニックス　　　　　　　　　 18.8  3.9 -5.7  6.9  0.0  5  0.0                           
082455010922101159ヒマラヤベロス　　　　　　　　　　　 29.7  5.8 -6.5-10.2 -5.4  0  0.0                           
082455011022107247ナムラジョコ　　　　　　　　　　　　 67.0 11.8-11.3-10.4 -7.3 -2  0.0                           
082455011122102743サラサハウナイス　　　　　　　　　　 16.7  3.6  3.3-17.6 -4.1  1 25.0                           
082455011222100164ワンダーキュイラス　　　　　　　　　 38.1  7.2-11.3 -8.5 -6.7 -2  0.0                           
082455020122104439メイショウハダル　　　　　　　　　　  5.1  1.9 13.3  9.1  7.6 13  0.0                           
082455020222105444バーミーズルビー　　　　　　　　　　 20.5  4.9-11.3 -7.5 -6.4 -1  0.0                           
082455020322105503カルドウェル　　　　　　　　　　　　  6.0  2.0  9.1  7.8  5.7 11  0.0                           
082455020422100583レディエンス　　　　　　　　　　　　 14.1  3.6 -7.7-10.2 -5.9 -1  0.0                           
082455020522101238グーフドリファール　　　　　　　　　 25.4  5.8-10.1-20.0 -9.7 -5  0.0  0                        
082455020622105404ミンストレルソング　　　　　　　　　  3.4  1.6 17.0 15.5 10.9 16 16.2                           
082455020722103199アメリータ　　　　　　　　　　　　　  5.6  1.9 13.2  8.3  7.3 12 19.1                           
082455020822103208サトノスピカ　　　　　　　　　　　　  7.3  2.3  8.3 10.2  6.1 11 16.5  2                        
082455020922105190ブルーミングローズ　　　　　　　　　 11.7  3.1  4.5  5.2  3.2  8 25.0  0                        
082455021022102931アイスモント　　　　　　　　　　　　  6.2  2.1 13.6 18.4 10.5 16  0.0                           
082455030122100080リカントロポ　　　　　　　　　　　　  7.8  2.0 12.3  5.8  6.3 11 14.4                           
082455030222100425シャイニーカラーズ　　　　　　　　　 28.8  5.0 -4.9-11.5 -5.2  0  0.0                           
082455030322105881カフジアッサム　　　　　　　　　　　 33.6  5.7-11.3-16.4 -9.1 -4  0.0  0                        
082455030422104491ヨドギミ　　　　　　　　　　　　　　 28.5  5.0 -8.5-10.2 -6.2 -1  0.0                           
082455030522106590バダジェフスカ　　　　　　　　　　　 11.6  2.4  2.9  4.4  2.4  7  0.0                           
082455030622105633ノラリクラリ　　　　　　　　　　　　  3.4  1.3 13.6 12.6  8.8 14 17.7                           
082455030722104717ダノンジャガー　　　　　　　　　　　  4.8  1.5 13.0 18.3 10.3 15 19.1                           
082455030822101461セイフウサツキ　　　　　　　　　　　 12.9  2.6 -2.2 -3.5 -1.9  3  0.0                           
082455030922109038クリノラピダス　　　　　　　　　　　 23.6  4.2-11.3 -9.7 -7.1 -2  0.0                           
082455031022104167タイセイリコルド　　　　　　　　　　  2.4  1.2 21.1 19.5 13.6 19 16.2                           
082455040122103064グラブビクトリー　　　　　　　　　　 38.3  6.9 -7.6-16.9 -7.9 -8  0.0  0                        
082455040222104510サンポウヨッシー　　　　　　　　　　 44.5  7.9-11.3-10.2 -7.2 -7  0.0                           
082455040322102708ゴールドストーム　　　　　　　　　　 51.8  9.0 -8.8 -7.5 -5.5 -5  0.0                           
082455040422104970サンコンクエスト　　　　　　　　　　  9.3  2.4 10.4 17.0  8.9  9 15.4                           
082455040522106172ビーコ　　　　　　　　　　　　　　　 75.4 12.5-11.2-10.6 -7.3 -7  0.0                           
082455040622105448エマージェンス　　　　　　　　　　　 30.1  5.5 -7.5 -3.9 -3.9 -4  0.0                           
082455040722106663バレンシア　　　　　　　　　　　　　  9.0  2.3  0.9 17.0  5.4  5  0.0                           
082455040822103733スーパージョック　　　　　　　　　　  3.5  1.4 16.0 14.5 10.2 10 17.7                           
082455040922104412ランスオブコメット　　　　　　　　　  2.7  1.3 19.5 16.4 12.1 12 16.2                           
082455041022102037ルクスメンデス　　　　　　　　　　　 30.4  5.6 -7.0 -6.9 -4.6 -5  0.0                           
082455041122105888アイヅワカマツ　　　　　　　　　　　 52.1  9.1-11.3-20.0-10.1-10  0.0  0                        
082455041222103863ニホンピロカスター　　　　　　　　　 12.9  2.8  3.4 15.1  5.8  6  0.0                           
082455041322103898ピーチマカロン　　　　　　　　　　　 64.3 10.8 -8.8-13.0 -7.1 -7  0.0                           
082455041422103077コパノデーヴィド　　　　　　　　　　 38.6  6.9 -1.2  6.8  1.6  2  0.0                           
082455041522102385マンノデュエット　　　　　　　　　　  6.3  1.8 13.8 12.9  8.9  9 19.1                           
082455041622100965ベルシエル　　　　　　　　　　　　　 31.0  5.7 -4.1 -0.9 -1.8 -2  0.0  5                        
082455050122110151ゲッティヴィラ　　　　　　　　　　　  4.9  1.7 15.0  8.1  7.9  8 13.4                           
082455050222102993ヒラボクカレラ　　　　　　　　　　　  9.0  2.6  7.3  8.5  5.2  5  0.0                           
082455050322105779ハートオブザシーズ　　　　　　　　　 24.2  5.2 -6.9  0.4 -2.4 -2  0.0  5                        
082455050422101427ビーム　　　　　　　　　　　　　　　  3.0  1.4 17.3 30.4 15.5 15 16.2  2                        
082455050522100382ビップディラン　　　　　　　　　　　 17.2  4.0  3.4 -4.2  0.0  0  0.0                           
082455050622105889アットワンス　　　　　　　　　　　　 20.5  4.6-11.3-10.2 -7.2 -7  0.0                           
082455050722100335アクルクス　　　　　　　　　　　　　 19.8  4.5  0.4  4.5  1.5  1  0.0                           
082455050822102564キーブリーゼ　　　　　　　　　　　　 35.1  7.3-11.8  7.0 -2.2 -2  0.0                           
082455050922100006コモモチャン　　　　　　　　　　　　 37.6  7.8 -8.8  6.6 -1.2 -1  0.0  3                        
082455051022101721アルピノ　　　　　　　　　　　　　　 13.5  3.3  7.9  8.2  5.4  5  0.0                           
082455051122106510コトリノウタウウタ　　　　　　　　　 43.6  8.9 -8.8-11.5 -6.7 -7  0.0                           
082455051222106537オメガショータイム　　　　　　　　　  4.9  1.7 14.5 12.8  9.2  9 17.7                           
082455051322104600イマージョン　　　　　　　　　　　　  8.0  2.4 10.9 -8.4  1.5  1 20.6  0                        
082455051422106499クリノボタンチャン　　　　　　　　　 36.8  7.7-11.8-15.1 -8.9 -9  0.0                           
082455060121103557グランアルティスタ　　　　　　　　　  3.9  1.6 14.7 16.2 10.3 30  0.0                           
082455060221104976ベトルス　　　　　　　　　　　　　　  1.8  1.2 23.1 26.7 16.5 36 16.2  1  124   57              
082455060319101825デザートスター　　　　　　　　　　　 22.1  7.1-11.3 -8.5 -6.7 13  0.0                           
082455060421105501モスクロッサー　　　　　　　　　　　  5.9  2.4  6.8 13.4  6.5 27 20.6                           
082455060521105577ダイヤモンドレイン　　　　　　　　　  6.3  2.5  5.6 15.5  6.7 27 15.4                           
082455060621105729ミッキーストライク　　　　　　　　　  5.0  2.0  6.4  6.5  4.3 24 19.1                           
082455070121106758ミグラテール　　　　　　　　　　　　  4.7  1.5 14.7 14.7  9.8 30 19.1                           
082455070221102599メイショウイコマ　　　　　　　　　　 23.1  4.2-11.3 -0.1 -4.2 16  0.0                           
082455070321106206ウインラウダ　　　　　　　　　　　　 15.5  3.1  3.7  5.8  3.1 23  0.0                           
082455070420103731ミントマーク　　　　　　　　　　　　 11.8  2.5  7.2  2.4  3.4 23  0.0                           
082455070521104503パシアンジャン　　　　　　　　　　　  3.0  1.3 14.4 14.2  9.5 30 17.7                           
082455070621106910ヘヴンリーハンド　　　　　　　　　　 15.6  3.1 -0.4  7.2  2.0 22  0.0                           
082455070721102981メイショウヴァイゼ　　　　　　　　　 30.6  5.3-11.8-20.0-10.3 10  0.0  0                        
082455070817105358ソウルユニバンス　　　　　　　　　　 25.6  4.5-11.3-12.9 -8.0 12  0.0  0                        
082455070921101422マテンロウブラボー　　　　　　　　　  2.7  1.2 22.6 18.6 13.9 34  0.0                           
082455071021102631エスオーライジング　　　　　　　　　 26.4  4.7 -3.9-16.4 -6.3 14 20.6  0                        
082455071121104557キタノハヤブサ　　　　　　　　　　　 17.9  3.4  3.7  7.2  3.5 24 25.0                           
082455080121105554カールスタード　　　　　　　　　　　 23.5  4.5  2.0 -8.3 -1.8 18  0.0  0                        
082455080220106394オンリーラヴ　　　　　　　　　　　　107.6 17.6-11.3-14.4 -8.5 12  0.0  0                        
082455080321105447ピストンボーイ　　　　　　　　　　　 15.1  3.2  5.9  5.4  3.8 24  0.0                           
082455080420100800イナウィンク　　　　　　　　　　　　 67.2 11.2-11.8-12.0 -7.9 12  0.0                           
082455080521103859チークタイム　　　　　　　　　　　　 35.5  6.4 -8.4-10.6 -6.3 14  0.0                           
082455080621100678ヒデシンイメル　　　　　　　　　　　  8.3  2.2  6.8  7.0  4.6 25  0.0                           
082455080721105253ウィップスティッチ　　　　　　　　　  8.7  2.3 13.9 10.6  8.3 28 22.1                           
082455080819100110ナッカーフェイス　　　　　　　　　　  8.2  2.2 12.6  7.3  6.8 27 13.4                           
082455080918105258バンベルク　　　　　　　　　　　　　 18.7  3.7 -5.4 -1.9 -2.5 17  0.0                           
082455081019106615ウイングスオブラヴ　　　　　　　　　 23.6  4.5-11.3 -8.5 -6.7 13  0.0                           
082455081121105933アシャカブラン　　　　　　　　　　　 32.4  5.9 -2.9-13.0 -5.0 15  0.0                           
082455081221109016エフエイト　　　　　　　　　　　　　  3.8  1.5 17.9 12.1 10.2 30 17.7                           
082455081320103673ケイエイト　　　　　　　　　　　　　 28.8  5.3-11.3 -7.7 -6.5 14  0.0                           
082455081421105211ブーヤカ　　　　　　　　　　　　　　  2.5  1.3 21.6 12.3 11.6 32 16.2                           
082455081521104484ブラックリバー　　　　　　　　　　　 81.5 13.5-12.2 -7.5 -6.7 13  0.0                           
082455090119100083テイエムシニスター　　　　　　　　　 44.1  7.9 -9.2-16.4 -8.3 22  0.0  0                        
082455090220102750タイトニット　　　　　　　　　　　　  2.5  1.3 20.4 24.3 14.8 45 16.2                           
082455090319105140カレンマックナイト　　　　　　　　　 23.9  4.6 -5.9  7.8  0.2 30  0.0  5                        
082455090421102436レッドリベルタ　　　　　　　　　　　  4.0  1.5 19.7 16.8 12.3 42 17.7                           
082455090520100771ジョータルマエ　　　　　　　　　　　  6.3  1.8 12.2  9.8  7.4 37 13.4                           
082455090619100615シャンバラ　　　　　　　　　　　　　 13.5  2.9  2.9  8.5  3.6 34  0.0                           
082455090719103027ロードジャスティス　　　　　　　　　 40.2  7.3 -9.0-10.2 -6.4 24  0.0                           
082455090821106625ノットイナフ　　　　　　　　　　　　  7.1  2.0  4.6  9.2  4.4 34 20.6                           
082455090918100961スカイドゥエラー　　　　　　　　　　 29.6  5.5-11.3 -9.7 -7.1 23  0.0                           
082455091017103184トゥルブレンシア　　　　　　　　　　 19.6  3.9 -7.2-14.0 -6.8 23  0.0                           
082455091120105651メジェド　　　　　　　　　　　　　　  8.4  2.2  2.8 21.4  7.4 37  0.0                           
082455091219105877デルマグレムリン　　　　　　　　　　 24.4  4.7 -1.4 -3.5 -1.6 28  0.0                           
082455100121105702プシプシーナ　　　　　　　　　　　　  6.9  1.7 12.2 10.3  7.6 38  0.0                           
082455100220103428スイープアワーズ　　　　　　　　　　  3.5  1.2 16.4 21.1 12.3 42 17.7  2                        
082455100319103953シグルドリーヴァ　　　　　　　　　　 30.9  4.7-12.2-12.8 -8.3 22  0.0                           
082455100419105298マイシンフォニー　　　　　　　　　　  4.5  1.3 14.3 16.6 10.2 40 19.1                           
082455100521106369チャンネルトンネル　　　　　　　　　  2.0  1.2 23.5 20.3 14.7 45 16.2                           
082455100617103299メタルスパーク　　　　　　　　　　　 28.0  4.3 -7.5 -3.9 -3.9 26  0.0                           
082455100720103565フィールザオーラ　　　　　　　　　　 30.0  4.6  0.8 -7.1 -1.8 28  0.0                           
082455100820106746ベレザニーニャ　　　　　　　　　　　 18.5  3.1  5.0  5.6  3.5 34 15.4                           
082455100917101767ベンガン　　　　　　　　　　　　　　 25.2  3.9-10.2-13.7 -7.8 22  0.0                           
082455110116102663ハギノアトラス　　　　　　　　　　　 65.4 12.7-11.3-10.8 -7.4 38  0.0                           
082455110221103080ゼルトザーム　　　　　　　　　　　　 15.1  3.6  3.9  1.4  1.9 47  0.0                           
082455110318101796リキサントライ　　　　　　　　　　　 45.3  9.3-11.3-10.2 -7.2 38  0.0                           
082455110419102454サクセスローレル　　　　　　　　　　 41.4  8.5 -6.9-12.1 -6.2 39  0.0                           
082455110517106376メイショウドヒョウ　　　　　　　　　 43.7  9.0-11.3 -2.9 -5.0 40  0.0                           
082455110619102044エルゲルージ　　　　　　　　　　　　 15.0  3.6  8.9  6.9  5.3 50 17.5                           
082455110718105454グレイイングリーン　　　　　　　　　 11.2  2.8  9.0  3.7  4.4 49  0.0                           
082455110818105277グラティアス　　　　　　　　　　　　 26.0  5.6-11.3 -5.6 -5.8 39  0.0                           
082455110918103238リプレーザ　　　　　　　　　　　　　 33.5  7.0-11.3-13.0 -8.0 37  0.0                           
082455111018100388サトノテンペスト　　　　　　　　　　 12.3  3.0  6.0  6.8  4.2 49  0.0                           
082455111120103398ライツフォル　　　　　　　　　　　　  3.2  1.4 12.3 25.3 12.1 57 16.2  2                        
082455111220106062ジュンウィンダム　　　　　　　　　　  4.3  1.6 14.7 30.7 14.6 60 17.7                           
082455111320101707スマートフォルス　　　　　　　　　　  6.9  2.2 11.0 10.4  7.2 52  0.0                           
082455111418105998ロードエクレール　　　　　　　　　　  4.9  1.7 17.8 14.2 10.8 56 19.1                           
082455120120105149サイレンスゴールド　　　　　　　　　 36.1  6.5 -8.4 -2.2 -3.7 26  0.0                           
082455120220101578リュウ　　　　　　　　　　　　　　　  8.4  2.2 10.6 18.5  9.4 39  0.0  3                        
082455120319104952ロープスピニング　　　　　　　　　　  9.1  2.3  9.7  5.7  5.3 35 15.4                           
082455120420102186ルクスメテオール　　　　　　　　　　  2.6  1.3 18.4 17.3 11.9 42 16.2                           
082455120519109159カッコヨカ　　　　　　　　　　　　　 75.2 12.5-11.3 -8.5 -6.7 23  0.0                           
082455120620105635ツークフォーゲル　　　　　　　　　　  3.5  1.4 17.8 24.6 13.9 44 17.7                           
082455120717106394サウンドサンビーム　　　　　　　　　 43.2  7.6 -6.9-20.0 -8.5 21  0.0  0                        
082455120821103602プリンセスカレン　　　　　　　　　　 32.1  5.9 -8.9-15.1 -7.8 22  0.0                           
082455120919103641ルアル　　　　　　　　　　　　　　　 28.9  5.3 -6.9-20.0 -8.5 21  0.0  0                        
082455121019105860オースミメッシーナ　　　　　　　　　 85.0 14.0-11.3 -4.3 -5.4 25  0.0                           
082455121118104149ディベルティール　　　　　　　　　　 59.0  9.9-12.8-10.2 -7.8 22  0.0                           
082455121219105241ビップシュプリーム　　　　　　　　　  8.0  2.1  8.4  3.0  4.0 34  0.0                           
082455121317104092プレシオーソ　　　　　　　　　　　　 28.7  5.3 -8.9-17.6 -8.5 21  0.0                           
082455121421102709セッテイロク　　　　　　　　　　　　 22.1  4.2 -6.1 -7.1 -4.4 26  0.0                           
082455121519103825スペシャルナンバー　　　　　　　　　  9.3  2.4  5.5  9.9  5.0 35 23.5                           
