062356010121102206シャボン　　　　　　　　　　　　　　196.8 32.7-12.1 -7.9 -6.5 -2  0.0                           
062356010221105915レガシーオブエリザ　　　　　　　　　  4.0  1.5 14.5  8.0  7.3 12  8.6                           
062356010321101299サンリコリス　　　　　　　　　　　　 20.9  4.2  2.1  6.5  3.0  8 12.3                           
062356010421103986グラスファイン　　　　　　　　　　　 32.3  6.1-12.1-18.3-10.3 -5  0.0  0                        
062356010521105797ブランシール　　　　　　　　　　　　  5.6  1.7 11.3 13.0  8.2 13  0.0                           
062356010621103441ヨッコサン　　　　　　　　　　　　　  8.8  2.3  8.3 15.3  8.1 13  0.0                           
062356010721106008プラビータ　　　　　　　　　　　　　 27.7  5.3 -6.1  5.2  0.1  5  0.0                           
062356010821109080ヒナボンボン　　　　　　　　　　　　 64.3 11.1-11.6-10.0 -7.1 -2  0.0                           
062356010921100043ユキノフルマチ　　　　　　　　　　　 61.1 10.6-11.6  5.2 -1.6  3  0.0                           
062356011021107259レヴィテーション　　　　　　　　　　 14.9  3.2  7.4  7.8  5.1 10 23.1                           
062356011121100323ハーツケリー　　　　　　　　　　　　 23.8  4.6  5.3  4.6  3.3  8  0.0                           
062356011221101261マリノルージュ　　　　　　　　　　　 10.9  2.5  3.4 22.3  9.2 14  0.0  1  193   45              
062356011321104134ジーズデイズ　　　　　　　　　　　　110.5 18.7-12.1-10.0 -7.3 -2  0.0                           
062356011421104547セリエル　　　　　　　　　　　　　　  2.6  1.3 19.7 24.4 14.9 20 15.9                           
062356011521104663ミスヨシゼン　　　　　　　　　　　　 28.7  5.5-12.1 -4.0 -5.1  0  0.0                           
062356011621102057サノノリッチ　　　　　　　　　　　　 59.9 10.4 -7.0-11.4 -6.3 -1  0.0                           
062356020121100929フラムブランシュ　　　　　　　　　　  3.8  1.6 18.1 10.5  9.3 14 15.9                           
062356020221100360カラーオブジアース　　　　　　　　　 23.3  5.2  1.2  6.0  2.6  8  0.0                           
062356020321101467ケイシンリュウ　　　　　　　　　　　 24.8  5.5 -3.1  5.2  1.0  6  0.0                           
062356020421102786タイセイフェイマス　　　　　　　　　 20.7  4.8 -3.2 -2.5 -1.9  3  0.0  3                        
062356020521106875ゴールドジューク　　　　　　　　　　 25.8  5.7 -5.9 10.8  2.2  7  0.0  5                        
062356020621106435カマクラバクフ　　　　　　　　　　　 16.2  3.9 -2.9 24.3  8.0 13  0.0                           
062356020721105053キープインマインド　　　　　　　　　 26.8  5.9 -9.1-12.0 -7.1 -2  0.0                           
062356020821101530ウインラムセス　　　　　　　　　　　 14.0  3.4  5.0  5.9  3.7  9  0.0                           
062356020921101403ブラボーキングダム　　　　　　　　　  6.7  2.1  7.2 -2.0  1.4  6  9.4                           
062356021021105235エンバーク　　　　　　　　　　　　　  3.8  1.6 11.8 29.1 14.2 19 17.3                           
062356021121103051グアラニア　　　　　　　　　　　　　 37.5  8.0-12.1 -8.6 -6.8 -2  0.0                           
062356021221102364ロマンスヒコー　　　　　　　　　　　 33.2  7.1-10.3-18.3 -9.8 -5  0.0  0                        
062356021321101646タリスカーベイ　　　　　　　　　　　 17.0  4.0 -1.4-10.7 -4.3  1  0.0                           
062356021421106900ミツカネトーラス　　　　　　　　　　 22.8  5.1  7.4 -4.4  0.6  6  0.0                           
062356021521106583ユイノコキュウ　　　　　　　　　　　 28.5  6.2 -6.9-10.0 -5.7 -1  0.0                           
062356021621105882ビアンケット　　　　　　　　　　　　  7.4  2.3 -1.7 -0.4 -0.7  4 10.1  0                        
062356030121100641ベルウッドワン　　　　　　　　　　　  2.0  1.2 22.1 29.1 17.3 22 15.9                           
062356030221102671ヨリナエスポワール　　　　　　　　　 14.1  2.6  4.1 11.7  5.5 11  0.0  5                        
062356030321106287セイカボアソナード　　　　　　　　　 87.5 12.0-10.4 -9.9 -6.8 -2  0.0                           
062356030421102846エターナルローズ　　　　　　　　　　 39.3  5.9 -8.8-10.6 -6.5 -2  0.0                           
062356030521104551オッチョラゴ　　　　　　　　　　　　157.0 21.0-12.1 -9.4 -7.1 -2  0.0                           
062356030621102485ヤマタケプレーダ　　　　　　　　　　 82.6 11.4-11.6  5.2 -1.6  3  0.0                           
062356030721101283ストロングハッピー　　　　　　　　　 77.2 10.7-10.3 -5.6 -5.1  0  0.0                           
062356030821106899フェスティヴルディ　　　　　　　　　 70.4  9.8-10.3  6.8 -0.6  4  0.0                           
062356030921106316ミスターローズ　　　　　　　　　　　105.3 14.3-11.2 -9.9 -7.0 -2  0.0                           
062356031021109068カミノカガヤキ　　　　　　　　　　　102.9 14.0-12.1 -7.9 -6.5 -2  0.0                           
062356031121102053サノノミッキー　　　　　　　　　　　 42.3  6.3 -6.0  1.6 -1.2  4  0.0                           
062356031221106245マイネルウォーリア　　　　　　　　　  6.4  1.6 13.9 13.2  9.0 14 18.8                           
062356031321105388ゴンザーゴ　　　　　　　　　　　　　  3.5  1.3 16.8 24.5 14.0 19 17.3                           
062356031421101363アイランドピーク　　　　　　　　　　 18.0  3.1  1.0  0.9  0.6  6  0.0                           
062356031521101061インヘリタンスエス　　　　　　　　　 26.7  4.2 -3.0 -2.0 -1.6  3  0.0                           
062356031621101930ライングッドマン　　　　　　　　　　  8.2  1.9 11.8 11.9  7.9 13  0.0                           
062356040120106641オウケンデューク　　　　　　　　　　 66.9 10.3-12.1 -5.5 -5.6 -6  0.0                           
062356040218103529ハイレリーフ　　　　　　　　　　　　 47.7  7.7-12.1 -0.8 -3.9 -4  0.0                           
062356040318104885アスコルターレ　　　　　　　　　　　 19.8  3.7 -2.1 -2.1 -1.4 -1  0.0                           
062356040417106153エンデュミオン　　　　　　　　　　　  2.2  1.2 25.9 17.4 14.1 14 15.9                           
062356040520104734ユイノオトコヤマ　　　　　　　　　　  9.3  2.2  2.4  8.0  3.7  4 10.8                           
062356040618110131アメリカンピース　　　　　　　　　　 18.3  3.4  2.3 -7.9 -2.2 -2  0.0                           
062356040718102574ロードシュトローム　　　　　　　　　 33.7  5.7 -8.7-11.6 -6.9 -7  0.0                           
062356040818104196タイセイコマンド　　　　　　　　　　  7.0  1.9  9.7  6.0  5.1  5  9.4                           
062356040919105023アイスジャイアント　　　　　　　　　  9.0  2.2 10.2  8.9  6.3  6  0.0                           
062356041019110090ピンクダイヤ　　　　　　　　　　　　 25.0  4.4 -1.2 -6.7 -2.8 -3  0.0  0                        
062356041117106372ワールドスケール　　　　　　　　　　  3.7  1.4 17.6 15.9 11.1 11 17.3                           
062356041219102799ニャンチンノン　　　　　　　　　　　 20.9  3.8  0.7  5.5  2.2  2  0.0                           
062356041317101183レッドライデン　　　　　　　　　　　 50.1  8.1-10.3-11.0 -7.1 -7  0.0                           
062356050121101491ミッキーイーグル　　　　　　　　　　 15.8  3.7  6.1 17.9  8.4  8  0.0                           
062356050221105006カイマナエレエレ　　　　　　　　　　 40.2  8.1-14.3  5.9 -2.1 -2  0.0                           
062356050321104091アーコレード　　　　　　　　　　　　 72.0 13.7-12.1-12.1 -8.1 -8  0.0                           
062356050421100564エフォートレス　　　　　　　　　　　 33.8  7.0  1.4 -2.0 -0.3  0  0.0                           
062356050521104975マーシャリアーナ　　　　　　　　　　 19.9  4.4  5.2  8.3  4.6  5  0.0                           
062356050621109025キタノクラージュ　　　　　　　　　　153.7 28.5-11.6-10.9 -7.5 -7  0.0                           
062356050721102704グレースアイリス　　　　　　　　　　  8.8  2.5  9.0 19.8 10.0 10 10.1                           
062356050821100338テセラリアン　　　　　　　　　　　　 29.6  6.2-11.6-10.0 -7.1 -7  0.0                           
062356050921105105ミラビリスマジック　　　　　　　　　  4.2  1.6 12.3 14.0  8.8  9  0.0                           
062356051021101950フォレストゲート　　　　　　　　　　 79.0 15.0-12.1-10.0 -7.3 -7  0.0                           
062356051121102620ネバシーンビフォー　　　　　　　　　 42.7  8.6-12.6 -9.1 -7.1 -7  0.0                           
062356051221105866ミッキーキャンドル　　　　　　　　　  3.1  1.4 16.8 22.7 13.4 13 15.9                           
062356051321103228ドゥザキャッチ　　　　　　　　　　　  4.5  1.6 11.5 10.5  7.3  7  9.4                           
062356051421101772サニービーチ　　　　　　　　　　　　 13.9  3.3  8.0  0.4  2.5  3 11.5                           
062356051521106356ジュネスヒマリ　　　　　　　　　　　 46.6  9.3 -8.8 -9.1 -6.0 -6  0.0                           
062356051621100198ホークレア　　　　　　　　　　　　　  8.9  2.5  5.1 21.4  9.4  9 10.9                           
062356060121106154リベラメ　　　　　　　　　　　　　　 53.5 10.5 -5.0  7.1  1.1  1  0.0  1  177   42              
062356060221106707ヴァズレーヌ　　　　　　　　　　　　  5.1  1.7 14.0  8.0  7.1  7 10.1                           
062356060321102941セイウンウィズミー　　　　　　　　　 49.2  9.7 -8.6-10.0 -6.2 -6  0.0                           
062356060421101833ジェイエルジェティ　　　　　　　　　  5.0  1.7 14.3 19.3 11.4 11  9.4                           
062356060521106433ピースフルブラボー　　　　　　　　　 30.0  6.2 -2.4 -7.9 -3.6 -4  0.0                           
062356060621100295アプラド　　　　　　　　　　　　　　  2.8  1.4 23.4 16.3 13.0 13 15.9                           
062356060721102247ギースバッハ　　　　　　　　　　　　 28.7  5.9-12.1-15.2 -9.2 -9  0.0                           
062356060821103707コアクト　　　　　　　　　　　　　　 44.0  8.7-12.1  7.0 -1.1 -1  0.0                           
062356060921102753サンセットブライト　　　　　　　　　 32.3  6.6 -0.9 -9.9 -3.9 -4  0.0                           
062356061021104987ボーイハンター　　　　　　　　　　　  4.7  1.7 18.1 12.0  9.8 10 17.3                           
062356061121103174アートハラン　　　　　　　　　　　　 11.0  2.7  6.2  9.3  5.3  5  0.0                           
062356061221104969プレシュラージュ　　　　　　　　　　 18.1  4.0 -3.2 -0.8 -1.3 -1  0.0                           
062356061321100213ベアエンジェル　　　　　　　　　　　 75.7 14.2-12.1-12.2 -8.1 -8  0.0                           
062356061421103822ノーブルシェイド　　　　　　　　　　 41.5  8.3-10.4-10.0 -6.8 -7  0.0                           
062356061521105027ヴェルミリオ　　　　　　　　　　　　 34.5  7.0 -1.7-11.4 -4.7 -5  0.0                           
062356061621101816プリンセスアメリカ　　　　　　　　　 84.4 15.7-12.1-11.4 -7.8 -8  0.0                           
062356070121106213ウインイメル　　　　　　　　　　　　 70.5 14.9 -6.6 -2.0 -2.7  2  0.0                           
062356070221103267ブラックバラード　　　　　　　　　　  6.2  2.1  9.4  8.0  5.8 11  0.0                           
062356070321101375ブラックパーシモン　　　　　　　　　125.1 25.9-14.7 -9.9 -8.0 -3  0.0                           
062356070421106010ショコラエクレール　　　　　　　　　 73.5 15.5-12.1 -2.7 -4.6  0  0.0                           
062356070521100674イモータルバード　　　　　　　　　　 12.4  3.3  2.2  6.3  3.0  8  0.0                           
062356070621106877ゴールドミラクル　　　　　　　　　　  7.2  2.3  7.5 -0.9  1.9  7 10.8                           
062356070721106768コスモアミマネラ　　　　　　　　　　 50.4 11.1-10.0-11.7 -7.3 -2  0.0                           
062356070821106954アスクナイスショー　　　　　　　　　  3.5  1.6 23.2 29.1 17.6 23 15.9                           
062356070921106794ラヴーシュカ　　　　　　　　　　　　 82.4 17.3-11.6 -7.6 -6.3 -1  0.0                           
062356071021106802ヤルダバオト　　　　　　　　　　　　 30.6  7.0 -8.4 -2.7 -3.5  1  0.0                           
062356071121100825エウロス　　　　　　　　　　　　　　103.6 21.6-12.1  7.9 -0.7  4  0.0                           
062356071221107176ファビュラスロード　　　　　　　　　 32.9  7.5 -8.5  6.4 -0.2  5  0.0                           
062356071321103345マイファミリー　　　　　　　　　　　  8.2  2.6  6.9  6.0  4.3  9  0.0                           
062356071421103128テルケンレンジョイ　　　　　　　　　 44.2  9.8 -8.3 -4.4 -4.1  1  0.0                           
062356071521106128ラキアレクサンダー　　　　　　　　　  7.1  2.3 12.6 15.0  9.3 14 20.2                           
062356071621104974ヒットアンドロール　　　　　　　　　 87.0 18.2-10.3-11.7 -7.4 -2  0.0                           
062356071721105352ベンサレム　　　　　　　　　　　　　 12.6  3.3 -3.4  9.0  2.3  7  0.0                           
062356071821105182ドバイブルース　　　　　　　　　　　  5.7  2.0 16.0 18.3 11.5 17  8.7                           
062356080120106776トゥピ　　　　　　　　　　　　　　　 30.3  6.4-12.1-12.1 -8.1 12  0.0                           
062356080216105014テンナイトパール　　　　　　　　　　 39.0  8.1-11.6-12.0 -7.9 12  0.0                           
062356080319102654コブラ　　　　　　　　　　　　　　　  3.8  1.5 19.0 15.8 11.5 31  8.7                           
062356080417100682サイモンルグラン　　　　　　　　　　 90.8 17.5-11.6-11.7 -7.8 12  0.0                           
062356080519101631ヴァルドマルヌ　　　　　　　　　　　 38.8  8.1-11.6-10.3 -7.3 13  0.0                           
062356080619100844ミツカネヴィーナス　　　　　　　　　 14.3  3.4  8.1  6.3  4.7 25  0.0                           
062356080718105051サトノブラーヴ　　　　　　　　　　　 31.0  6.6 -6.6 -4.0 -3.4 17  0.0                           
062356080820102185アッティラ　　　　　　　　　　　　　  5.5  1.8 11.2 19.8 10.6 31 10.1                           
062356080920102944リュクススティール　　　　　　　　　  4.3  1.6 17.5  9.3  8.7 29  9.4                           
062356081019105314トゥザヒロイン　　　　　　　　　　　 30.5  6.5 -6.6 -2.0 -2.7 17  0.0                           
062356081120104354ジャクソン　　　　　　　　　　　　　 62.0 12.2 -8.4 -9.8 -6.1 14  0.0                           
062356081220102793ルーラーリッチ　　　　　　　　　　　  3.7  1.5 12.5 25.1 13.0 33  7.9                           
062356081320103633クールトラッカー　　　　　　　　　　 22.8  5.0-10.7-13.3 -8.1 12 12.2A 0                        
062356081419104467トーセンクライスト　　　　　　　　　 12.9  3.2 14.0  7.0  6.8 27 10.9                           
062356081520105282ワタシデイイデスカ　　　　　　　　　 30.8  6.5-11.6 -9.3 -6.9 13  0.0                           
062356090121100189ニシノコイゴコロ　　　　　　　　　　  6.9  1.8 12.0 21.2 11.4 31 10.1                           
062356090221103695ビコーズウイキャン　　　　　　　　　 26.5  4.6-14.3-10.0 -8.0 12  0.0                           
062356090321103303ドリーミングアップ　　　　　　　　　  8.5  2.1  8.1 14.2  7.6 28 10.9                           
062356090421105334トーアアイギス　　　　　　　　　　　 16.9  3.2-10.3 -2.0 -3.8 16  0.0                           
062356090521106069ポッドテオ　　　　　　　　　　　　　  6.2  1.7 13.2  5.8  6.1 26  9.4                           
062356090621105724シックスペンス　　　　　　　　　　　  3.1  1.3 19.4 21.5 13.7 34 17.3                           
062356090721100102ココナツキュート　　　　　　　　　　 37.8  6.3-12.1 -5.5 -5.6 14  0.0                           
062356090821105078アトリウムチャペル　　　　　　　　　  2.5  1.2 21.2 20.8 14.0 34  7.9  3                        
062356090921104724トーセンクライネ　　　　　　　　　　  9.0  2.2 -0.3 11.2  4.0 24  0.0                           
062356100119101168レッドラパルマ　　　　　　　　　　　  2.9  1.3 17.4 18.3 11.9 47  8.7                           
062356100220105939ナチュラルハイ　　　　　　　　　　　  2.4  1.2 21.1 27.8 16.5 52 15.9                           
062356100318101075モズマゾク　　　　　　　　　　　　　  7.0  1.8  6.6 10.8  5.9 41 10.1                           
062356100419106684イチネンエーグミ　　　　　　　　　　 13.5  2.6 -1.2  1.5  0.2 35  0.0                           
062356100517103607ミヤビマドンナ　　　　　　　　　　　 15.1  2.8 -5.5  8.7  1.5 37 12.3                           
062356100617104137コパノリッチマン　　　　　　　　　　 27.3  4.5 -2.5 -5.6 -2.8 32  0.0                           
062356100719106623クロスマジェスティ　　　　　　　　　 25.9  4.3 -8.5-10.0 -6.2 29  0.0                           
062356100819106387トップスティール　　　　　　　　　　  6.6  1.7 12.9 15.0  9.4 44  9.4                           
062356100918104346ヴェノム　　　　　　　　　　　　　　 44.3  6.9-12.1-17.9-10.2 25  0.0  0                        
062356101018100821タイセイスラッガー　　　　　　　　　 14.5  2.7  3.2  0.3  1.1 36  0.0                           
062356110117105109フライライクバード　　　　　　　　　  5.3  2.0 16.0 11.8  9.1 54  9.4                           
062356110218105017フラーズダルム　　　　　　　　　　　 11.7  3.3  6.1  2.4  2.7 48  0.0                           
062356110319105448エリカヴィータ　　　　　　　　　　　 13.0  3.6 -6.6  1.5 -1.4 44 13.0                           
062356110418104907ガンダルフ　　　　　　　　　　　　　 19.1  5.0 -3.0 -6.6 -3.3 42  0.0                           
062356110516103730ザイツィンガー　　　　　　　　　　　 38.7  9.2-12.9-10.1 -7.6 37  0.0                           
062356110620104056オールパルフェ　　　　　　　　　　　 24.1  6.0 -4.6  9.2  2.0 47  0.0                           
062356110719104968コスタボニータ　　　　　　　　　　　  5.3  2.0 17.8 12.1  9.8 55  0.0                           
062356110819104998ショウナンマグマ　　　　　　　　　　  8.6  2.8  5.9 16.1  7.7 53  0.0                           
062356110918101071アサマノイタズラ　　　　　　　　　　 55.6 12.6-11.6 -6.8 -6.0 39  0.0                           
062356111019101422サンストックトン　　　　　　　　　　  4.6  1.9 16.6  6.6  7.4 52 15.9                           
062356111116100272ヴァンケドミンゴ　　　　　　　　　　 24.0  6.0-10.0-10.1 -6.7 38  0.0                           
062356111218104756バジオウ　　　　　　　　　　　　　　  6.7  2.3 11.8 11.0  7.6 53 10.9                           
062356111318104708ロングラン　　　　　　　　　　　　　  6.1  2.2  5.0 13.0  6.3 51 10.1                           
062356120120101198メイテソーロ　　　　　　　　　　　　  5.0  1.8 13.8 11.7  8.4 38 10.1                           
062356120216102229フィデリオグリーン　　　　　　　　　 41.6  9.1 -9.1-10.6 -6.6 23  0.0                           
062356120319105136モンタナアゲート　　　　　　　　　　 11.3  3.0  7.7 17.1  8.6 39  0.0                           
062356120418101615ウインシュクラン　　　　　　　　　　  5.0  1.8 11.8 11.0  7.6 38  0.0                           
062356120518101946タガノチュール　　　　　　　　　　　 41.1  9.0 -6.7-10.1 -5.7 24  0.0                           
062356120620105656フルール　　　　　　　　　　　　　　 16.9  4.1 -9.0 -2.0 -3.4 27 13.0                           
062356120716106395ゲバラ　　　　　　　　　　　　　　　 33.9  7.5 -8.4 -7.6 -5.3 25  0.0                           
062356120819100861グランドライン　　　　　　　　　　　  3.6  1.6 17.1 19.6 12.3 42 15.9                           
062356120919100768マイネルニコラス　　　　　　　　　　 11.5  3.0  7.3  6.6  4.6 35  0.0                           
062356121018100226アラビアンナイト　　　　　　　　　　 11.6  3.1  7.5  7.3  4.9 35  0.0                           
062356121118103543レヴォリオ　　　　　　　　　　　　　 38.3  8.4-12.1-10.0 -7.3 23  0.0                           
062356121218103796ケンアンビシャス　　　　　　　　　　 26.4  6.0 -8.7-14.9 -8.1 22  0.0                           
062356121319105559ロジマンボ　　　　　　　　　　　　　  4.8  1.8 15.7 -4.0  3.2 33 17.3 1                         
072346010121100238ケロシンドリームズ　　　　　　　　　 13.2  3.3  6.5 15.0  6.9 12  0.0                           
072346010221100480アンドゥーラ　　　　　　　　　　　　  8.3  2.5 -7.1-15.0 -7.1 -2  0.0                           
072346010321100292パフ　　　　　　　　　　　　　　　　  8.3  2.5 11.2  3.8  5.2 10  0.0                           
072346010421101469メイショウタダカツ　　　　　　　　　 24.8  5.6-11.8-15.0 -8.8 -4  0.0                           
072346010521104557キタノハヤブサ　　　　　　　　　　　 23.0  5.2 -9.4 20.0  2.6  8  0.0                           
072346010621106191コパノマイアミ　　　　　　　　　　　  7.8  2.4 12.9 18.0 10.1 15  0.0                           
072346010721100388エレガントフルール　　　　　　　　　 56.5 11.6-12.6-15.0 -9.1 -4  0.0                           
072346010821110156ドゥータップ　　　　　　　　　　　　  3.4  1.5 22.1 -9.0  5.4 10  0.0                           
072346010921100273テイエムボビーダン　　　　　　　　　 82.7 16.7-11.8-15.0 -8.8 -4  0.0                           
072346011021106719サンデーダイヤ　　　　　　　　　　　 40.2  8.7-10.9-12.5 -7.7 -3  0.0                           
072346011121105841メイケイアリッサム　　　　　　　　　 50.4 10.7-11.8 -9.0 -7.0 -2  0.0                           
072346011221106765ラディアントホース　　　　　　　　　 30.1  6.7-10.9-12.5 -7.7 -3  0.0                           
072346011321101625ワンウェイ　　　　　　　　　　　　　 43.1  9.2-10.9-12.5 -7.7 -3  0.0                           
072346011421103972ヤルキゲンキフトシ　　　　　　　　　 26.4  5.9-11.8 -4.7 -5.7 -1  0.0                           
072346011521101157ゲンヨウサイ　　　　　　　　　　　　  6.1  2.0  9.8  9.0  6.3 11  0.0                           
072346011621100620グランオース　　　　　　　　　　　　  4.9  1.8 14.0  3.9  6.3 11  0.0                           
072346020119104918フェニックスループ　　　　　　　　　 33.0  7.9-11.8-15.0 -8.8 11  0.0                           
072346020220105550タガノフリューゲル　　　　　　　　　  5.3  2.0 11.4 30.0 13.2 33  0.0                           
072346020318104984マンオブカレッジ　　　　　　　　　　  6.5  2.3 13.7 14.2  9.3 29  0.0                           
072346020420103001キレナイカ　　　　　　　　　　　　　 12.1  3.3 -4.1 18.0  3.9 24  0.0                           
072346020517102942ワンダーアマルフィ　　　　　　　　　 75.3 16.7-12.0-15.0 -8.9 11  0.0                           
072346020620103404バッジオレディネロ　　　　　　　　　 20.9  5.3 -6.5-15.0 -6.9 13  0.0                           
072346020720104375ボルネオ　　　　　　　　　　　　　　 31.4  7.5 -7.1-15.0 -7.1 13  0.0                           
072346020820102724クールブロン　　　　　　　　　　　　 16.6  4.4-12.6-15.0 -9.1 11  0.0                           
072346020920103045マサハヤウォルズ　　　　　　　　　　 11.8  3.3  7.6-20.0 -3.2 17  0.0                           
072346021019104646アーバンデザイン　　　　　　　　　　 13.5  3.7  0.3  2.0  0.7 21  0.0                           
072346021120103754アマートカヴァロ　　　　　　　　　　 15.2  4.0 -5.5 -4.7 -3.4 17  0.0                           
072346021219103309カフェカルマ　　　　　　　　　　　　  8.5  2.8  0.7 25.0  7.8 28  0.0                           
072346021318104738コンテナジュニア　　　　　　　　　　  4.4  1.8 16.0 26.5 13.8 34  0.0                           
072346021419104822キングレガリア　　　　　　　　　　　  7.8  2.6  0.6-15.0 -4.3 16  0.0                           
072346021520101756アンクルブラック　　　　　　　　　　 24.4  6.0 -4.3-15.0 -6.1 14  0.0                           
072346030120101805フィルムアクトレス　　　　　　　　　  2.6  1.3 23.6 30.0 17.7 38  0.0                           
072346030218101744レイデルマール　　　　　　　　　　　 52.3 10.2-10.9-12.5 -7.7 12  0.0                           
072346030319106520スノーホルンロード　　　　　　　　　  5.4  1.8  8.2  7.5  5.3 25  0.0                           
072346030420100948ウォーターリーダー　　　　　　　　　 13.6  3.2  6.6  9.6  5.3 25  0.0                           
072346030520104898サクセスバラード　　　　　　　　　　 21.7  4.6 -8.0  7.5 -0.7 19  0.0                           
072346030620103735ランフリーバンクス　　　　　　　　　 21.6  4.6-12.6-15.0 -9.1 11  0.0                           
072346030719104579キャンデセント　　　　　　　　　　　 13.9  3.2  4.2 -9.0 -1.2 19  0.0                           
072346030819102701ネイト　　　　　　　　　　　　　　　 15.7  3.6 -0.7 18.0  5.1 25  0.0                           
072346030920106928グローリーカフェ　　　　　　　　　　 62.0 11.6 -4.6-12.5 -5.4 15  0.0                           
072346031019101342サンマルカーラ　　　　　　　　　　　 50.9  9.9-10.9-12.5 -7.7 12  0.0                           
072346031119104548イスラグランデ　　　　　　　　　　　 27.5  5.6 -7.1-15.0 -7.1 13  0.0                           
072346031219104560ヘレンキムゼー　　　　　　　　　　　 51.2  9.9-10.9  7.5 -1.7 18  0.0                           
072346031320106062ジュンウィンダム　　　　　　　　　　  5.8  1.9  9.9 15.0  8.1 28  0.0                           
072346031419100498ニシノフウジン　　　　　　　　　　　 74.1 13.7-10.9-12.5 -7.7 12  0.0                           
072346031520102468トーセンサウダージ　　　　　　　　　  7.4  2.2 10.8 15.0  8.5 28  0.0                           
072346031618100421ライズンシャイン　　　　　　　　　　 29.2  6.0 -6.5-15.0 -6.9 13  0.0                           
072346040121105563シャドフ　　　　　　　　　　　　　　 11.3  2.8 -6.9-15.0 -7.0 -2  0.0                           
072346040221102755ジョウゲンノツキ　　　　　　　　　　 21.5  4.7 -1.2-15.0 -4.9  0  0.0                           
072346040321102343ラシェンテ　　　　　　　　　　　　　 38.5  7.9 -3.1-17.9 -6.5 -2  0.0                           
072346040421101064ノイヤー　　　　　　　　　　　　　　  7.5  2.3  6.6 15.0  6.9 12  0.0                           
072346040521105046リプレット　　　　　　　　　　　　　 82.7 15.7-10.6-15.0 -8.4 -3  0.0                           
072346040621103982ダイメイイチョウ　　　　　　　　　　 17.4  4.0  0.2-18.4 -5.4  0  0.0                           
072346040721100694ナムラビオラ　　　　　　　　　　　　  8.6  2.5  4.1-15.0 -3.0  2  0.0                           
072346040821100821ネガイヲカナエテ　　　　　　　　　　 82.7 15.7-10.9-12.5 -7.7 -3  0.0                           
072346040921109059クリノラリマール　　　　　　　　　　 14.5  3.4  2.2  5.7  2.5  8  0.0                           
072346041021106715ポカポカタイム　　　　　　　　　　　 62.0 11.9-10.9-12.5 -7.7 -3  0.0                           
072346041121105289オタルグリーン　　　　　　　　　　　  3.6  1.6 22.0 -9.0  5.4 10  0.0                           
072346041221104242ショウナンラウール　　　　　　　　　  3.6  1.6 19.2 22.5 13.8 19  0.0                           
072346041321100362ホウオウドルーリー　　　　　　　　　 11.1  2.8  0.2-15.0 -4.4  1  0.0                           
072346041421101474マーメイド　　　　　　　　　　　　　 26.4  5.6-12.6-15.0 -9.1 -4  0.0                           
072346041521103277メイショウマサユメ　　　　　　　　　 23.8  5.1 -3.1 -6.5 -3.1  2  0.0                           
072346041621100265コミックガール　　　　　　　　　　　 26.4  5.6 -7.5-12.5 -6.5 -1  0.0                           
072346050121102568メイショウモモタ　　　　　　　　　　 14.0  3.3 -7.1-15.0 -7.1 -7  0.0                           
072346050221101663サイナシュア　　　　　　　　　　　　 33.5  6.9-11.8-15.0 -8.8 -9  0.0                           
072346050321105530ブラックルチル　　　　　　　　　　　  8.3  2.4 -2.9  9.0  1.6  2  0.0                           
072346050421107366ジャスパーサン　　　　　　　　　　　 35.5  7.2-11.8-20.0-10.3-10  0.0                           
072346050521104324ディマイザキッド　　　　　　　　　　  5.8  1.9 13.7 15.0  9.5 10  0.0                           
072346050621104820メアヴィア　　　　　　　　　　　　　 20.6  4.5 -4.2  7.5  0.7  1  0.0                           
072346050721105889ミッドナイトホーク　　　　　　　　　  5.2  1.7 15.3 15.0 10.1 10  0.0                           
072346050821105887リエータメンテ　　　　　　　　　　　  4.3  1.6  9.4 -9.0  0.7  1  0.0                           
072346050921104943ジーティーオウジャ　　　　　　　　　  9.0  2.6 10.9-12.5  0.2  0  0.0                           
072346051021103533ホウオウシンデレラ　　　　　　　　　  3.0  1.4 17.8 12.5 10.3 10  0.0                           
072346051121102216サイモンベーネ　　　　　　　　　　　 28.8  6.0-12.6-15.0 -9.1 -9  0.0                           
072346060120103237サファイア　　　　　　　　　　　　　  6.4  2.1  6.6 22.5  9.2 29  0.0                           
072346060220101845フライウィズミー　　　　　　　　　　 30.7  6.8 -4.0-12.5 -5.2 15  0.0                           
072346060318106701ルヴァンノワール　　　　　　　　　　 28.4  6.3 -6.5 18.0  3.0 23  0.0                           
072346060419105550レディズビーク　　　　　　　　　　　  7.7  2.4  8.3  9.0  5.7 26  0.0                           
072346060518103200バーニングパワー　　　　　　　　　　 46.6 10.0-11.8-15.0 -8.8 11  0.0                           
072346060620103191ブライトサイン　　　　　　　　　　　 28.4  6.3-12.6-15.0 -9.1 11  0.0                           
072346060718102822テイエムエメラルド　　　　　　　　　 31.0  6.9 -5.7  2.9 -1.2 19  0.0                           
072346060820103365ウィズダムハート　　　　　　　　　　 23.0  5.3-12.0-12.5 -8.1 12  0.0                           
072346060920101582アンジュフィールド　　　　　　　　　  5.8  2.0 10.8 26.9 12.0 32  0.0                           
072346061019100249ツッチーフェイス　　　　　　　　　　 17.4  4.2-12.6 12.0 -1.0 19  0.0                           
072346061120103292ハレアカラフラ　　　　　　　　　　　 29.0  6.5 -7.1 -8.1 -5.0 15  0.0                           
072346061218100096キトゥンズマーチ　　　　　　　　　　 20.2  4.8 -4.3 -9.0 -4.3 16  0.0                           
072346061320102907ステラバルセロナ　　　　　　　　　　  3.1  1.5 16.1 15.0 10.4 30  0.0                           
072346061420102208マテンロウアネモス　　　　　　　　　 17.7  4.3 -0.8  7.5  2.0 22  0.0                           
072346061519106048ヘクトパスカル　　　　　　　　　　　 13.9  3.5 -5.2 12.7  1.9 22  0.0                           
072346061620104676マイレーヌ　　　　　　　　　　　　　 11.6  3.0 10.9 25.0 11.5 31  0.0                           
072346070118101662ヴォーグマチネ　　　　　　　　　　　  7.5  2.2 12.6  7.5  6.9 27  0.0                           
072346070219106107チョッピー　　　　　　　　　　　　　  3.7  1.5 16.5  8.3  8.5 29  0.0                           
072346070320100237シゲルスナイパー　　　　　　　　　　 14.3  3.2-11.8 10.7 -1.1 19  0.0                           
072346070420105031シュハリ　　　　　　　　　　　　　　 30.7  6.1-12.0  7.5 -2.2 18  0.0                           
072346070519102178サノラキ　　　　　　　　　　　　　　 44.1  8.4-12.0-12.5 -8.1 12  0.0                           
072346070619103718モズミツボシ　　　　　　　　　　　　 11.4  2.7  4.9-15.0 -2.7 17  0.0                           
072346070719105754ルプランドル　　　　　　　　　　　　 26.0  5.2 -7.5-12.5 -6.5 14  0.0                           
072346070819103092ワンダーウィルク　　　　　　　　　　  8.0  2.3  8.2 12.0  6.6 27  0.0                           
072346070920102273ムーンスカイ　　　　　　　　　　　　  6.1  1.9  5.3 18.0  7.3 27  0.0                           
072346071019106069ウインアラジン　　　　　　　　　　　 21.0  4.4-12.0-15.0 -8.9 11  0.0                           
072346071119104913メジャークオリティ　　　　　　　　　  3.0  1.4 20.6 30.0 16.6 37  0.0                           
072346071219102874ナオミニデレデレヤ　　　　　　　　　 26.1  5.3-11.8-15.0 -8.8 11  0.0                           
072346080120106407ライブリームーラン　　　　　　　　　 25.6  5.3 -7.5-12.5 -6.5 14  0.0                           
072346080220110154デッドリー　　　　　　　　　　　　　  7.4  2.2  9.0 15.0  7.8 28  0.0                           
072346080320110039ユハンヌス　　　　　　　　　　　　　 18.1  4.0 -2.9  9.0  1.6 22  0.0                           
072346080420101184シャイニースイフト　　　　　　　　　 21.5  4.6 -3.3  7.5  1.0 21  0.0                           
072346080520104765サトノウェーブ　　　　　　　　　　　 35.1  7.1-10.9-12.5 -7.7 12  0.0                           
072346080619105148カズラポニアン　　　　　　　　　　　 59.8 11.3-10.9  7.5 -1.7 18  0.0                           
072346080719104746イヴニングスター　　　　　　　　　　 17.1  3.8  2.8 12.5  4.8 25  0.0                           
072346080819106335タシット　　　　　　　　　　　　　　  7.6  2.2  8.8 15.0  7.7 28  0.0                           
072346080920100052シルヴァーデューク　　　　　　　　　  2.3  1.3 21.6 30.0 16.9 37  0.0                           
072346081019101446ワンリオン　　　　　　　　　　　　　 41.5  8.3-11.8 -5.5 -6.0 14  0.0                           
072346081120103007エンファサイズ　　　　　　　　　　　 13.5  3.2 -6.5-15.0 -6.9 13  0.0                           
072346081220100678アンテロース　　　　　　　　　　　　 12.7  3.0  1.7 18.0  6.0 26  0.0                           
072346081320103168トーアライデン　　　　　　　　　　　 38.9  7.8 -3.4-15.0 -5.7 14  0.0                           
072346081419106143ショウナンダール　　　　　　　　　　  9.5  2.6  7.9 18.8  8.5 29  0.0                           
072346081519105542クラシックステップ　　　　　　　　　 19.3  4.2 -6.5  4.8 -0.9 19  0.0                           
072346081620105951ヴェンチュラムーン　　　　　　　　　 31.1  6.4 -4.6-12.5 -5.4 15  0.0                           
072346090121101289ディーノサンライズ　　　　　　　　　 15.3  3.7 -3.0-15.0 -5.6 14  0.0                           
072346090221100709カネトシゴウト　　　　　　　　　　　 18.2  4.3 -1.6-15.0 -5.1 15  0.0                           
072346090321101576レオテミス　　　　　　　　　　　　　  4.6  1.7 16.4 15.0 10.5 31  0.0                           
072346090421107089ニシノアウェイク　　　　　　　　　　  6.1  2.0  9.6  7.5  5.8 26  0.0                           
072346090521105849オコタンペ　　　　　　　　　　　　　  8.0  2.4  4.8-15.0 -2.7 17  0.0                           
072346090621101448タイセイリアル　　　　　　　　　　　  3.3  1.5 18.6  8.1  9.3 29  0.0                           
072346090721106264デュアルロンド　　　　　　　　　　　 18.9  4.4  6.0 -2.4  1.5 21  0.0                           
072346090821100895サフランヒーロー　　　　　　　　　　 16.6  4.0 -7.1-12.5 -6.4 14  0.0                           
072346090921106033トニーテソーロ　　　　　　　　　　　 27.8  6.1 -5.4-12.5 -5.7 14  0.0                           
072346091021106640ラムジェット　　　　　　　　　　　　  4.8  1.7 10.9 22.5 10.7 31  0.0                           
072346091121102629モズパシュート　　　　　　　　　　　 12.9  3.2  0.8  9.0  3.0 23  0.0                           
072346100117101767ベンガン　　　　　　　　　　　　　　 12.2  3.2 12.3 12.0  8.1 38  0.0                           
072346100218103181シゲルセンム　　　　　　　　　　　　 34.3  7.5-11.8-17.9 -9.7 20  0.0                           
072346100320101492シンリンゲンカイ　　　　　　　　　　 30.4  6.7-10.9-12.5 -7.7 22  0.0                           
072346100418104663タウゼントシェーン　　　　　　　　　  7.8  2.4  5.2 15.0  6.4 36  0.0                           
072346100520101262エコロレジーナ　　　　　　　　　　　 17.7  4.3 -7.1 12.5  1.1 31  0.0                           
072346100620100736ビッグボーンリタ　　　　　　　　　　 11.6  3.0  4.1  9.0  4.2 34  0.0                           
072346100718105873ミキノバスドラム　　　　　　　　　　 42.1  9.1-10.9-12.5 -7.7 22  0.0                           
072346100817101991テンジュイン　　　　　　　　　　　　 33.7  7.4 -8.5 12.0  0.5 30  0.0                           
072346100918109052エコロデイジー　　　　　　　　　　　  7.1  2.3 -6.3  3.0 -1.4 29  0.0                           
072346101020104942シルフィードレーヴ　　　　　　　　　 12.4  3.2 -2.9  9.0  1.6 32  0.0                           
072346101119105050メルヴィル　　　　　　　　　　　　　 14.2  3.6-11.8 30.4  4.8 35  0.0                           
072346101218106455メイショウハボタン　　　　　　　　　 42.2  9.1-11.8-18.4 -9.8 20  0.0                           
072346101317102809ガリレイ　　　　　　　　　　　　　　  4.2  1.7 18.8 30.0 15.9 46  0.0                           
072346101418105163ドナウエレン　　　　　　　　　　　　  3.9  1.7 18.4 22.5 13.5 43  0.0                           
072346101518103920ノックオンウッド　　　　　　　　　　 38.9  8.4 -6.5-12.5 -6.1 24  0.0                           
072346101619105224テキサスフィズ　　　　　　　　　　　 29.2  6.5  2.7-15.0 -3.5 26  0.0                           
072346110120103589ブトンドール　　　　　　　　　　　　 21.0  4.6 -6.5-15.0 -6.9 38  0.0                           
072346110219100629レオノーレ　　　　　　　　　　　　　 14.1  3.3  5.7  9.6  5.0 50  0.0                           
072346110319100297カセノダンサー　　　　　　　　　　　  3.2  1.5 16.4 14.2 10.3 55  0.0                           
072346110419106214フルム　　　　　　　　　　　　　　　 17.4  4.0 -6.9-15.0 -7.0 38  0.0                           
072346110518103116サトノロイヤル　　　　　　　　　　　 44.9  9.0  5.2  9.0  4.6 50  0.0                           
072346110619105075エルバリオ　　　　　　　　　　　　　  6.1  2.0 -1.0 18.0  5.0 50  0.0                           
072346110719105859エーティーマクフィ　　　　　　　　　  4.1  1.6 15.0 22.5 12.3 57  0.0                           
072346110816102534イーサンパンサー　　　　　　　　　　141.6 26.3-10.9-12.5 -7.7 37  0.0                           
072346110919103593ハセドン　　　　　　　　　　　　　　 12.8  3.1  4.6 15.0  6.2 51  0.0                           
072346111017104172メイショウチタン　　　　　　　　　　 23.9  5.1-11.8-18.4 -9.8 35  0.0                           
072346111117106084メイショウテンスイ　　　　　　　　　 45.2  9.1-11.8-10.7 -7.5 37  0.0                           
072346111218101984クインズメリッサ　　　　　　　　　　 36.3  7.4-11.8  6.9 -2.3 43  0.0                           
072346111319105972ジレトール　　　　　　　　　　　　　  7.6  2.3  9.7 10.5  6.7 52  0.0                           
072346111418100389シャンブル　　　　　　　　　　　　　 18.0  4.1 -2.6-15.0 -5.5 40  0.0                           
072346111518105998ロードエクレール　　　　　　　　　　 34.9  7.1-10.9-12.5 -7.7 37  0.0                           
072346111614102562アーバンイェーガー　　　　　　　　　 31.7  6.6 -7.5-12.5 -6.5 39  0.0                           
072346120119105877デルマグレムリン　　　　　　　　　　 11.8  2.6  7.1  9.0  5.3 35  0.0                           
072346120218105398ブリングトゥライフ　　　　　　　　　 14.5  3.1-12.6-15.0 -9.1 21  0.0                           
072346120320100976ハギノアルデバラン　　　　　　　　　  3.5  1.3 18.6 18.0 12.2 42  0.0                           
072346120419104092メイショウゲキリン　　　　　　　　　  2.8  1.2 19.5  9.4 10.0 40  0.0                           
072346120520105786マイネルエンペラー　　　　　　　　　  3.3  1.3 19.9 22.5 14.0 44  0.0                           
072346120615102942キボウノダイチ　　　　　　　　　　　 30.7  5.7-11.8 -4.8 -5.8 24  0.0                           
072346120716100126ダディーズトリップ　　　　　　　　　 15.2  3.2 -1.1 12.0  3.2 33  0.0                           
072346120818104512エルディアブロ　　　　　　　　　　　 11.6  2.6  5.5-15.0 -2.5 28  0.0                           
072346120918101970タガノカイ　　　　　　　　　　　　　 15.0  3.1  2.8 15.0  5.5 36  0.0                           
092356010121100199シトロンヴェール　　　　　　　　　　 32.5  7.0 -4.6 -2.4 -2.4  3  0.0                           
092356010221104161ミエノソニック　　　　　　　　　　　 33.1  7.1 -8.3  5.7 -1.3  4  0.0                           
092356010321105811アーマルコライト　　　　　　　　　　  3.1  1.4 17.7 17.9 11.9 17 16.2                           
092356010421102993ポルポラジール　　　　　　　　　　　 15.0  3.6  2.4 -1.9  0.3  5  0.0                           
092356010521103104ムソウ　　　　　　　　　　　　　　　 37.4  7.9-11.9 -7.7 -6.7 -2  0.0                           
092356010621103270メイショウマツリ　　　　　　　　　　  6.0  2.0  1.3  5.4  2.1  7  0.0                           
092356010721107295アイファーキャップ　　　　　　　　　 18.8  4.4  0.3  5.3  1.7  7  0.0                           
092356010821109129コウユーカメサンヨ　　　　　　　　　 35.4  7.5 -9.7-12.0 -7.2 -2  0.0                           
092356010921106192ウインアルドーレ　　　　　　　　　　 26.2  5.7 -8.4 -7.5 -5.3  0  0.0                           
092356011021106628レグロスヴァーグ　　　　　　　　　　 17.8  4.2  2.1  4.3  2.1  7  0.0                           
092356011121106988マテンロウタイム　　　　　　　　　　  7.0  2.2  8.8  3.2  4.2  9 15.4                           
092356011221103283ペロ　　　　　　　　　　　　　　　　  5.0  1.8 21.1 18.9 13.4 18 19.1                           
092356011321105448アンモード　　　　　　　　　　　　　  4.9  1.8 14.9 14.8  9.9 15 17.7                           
092356020121101621フラッシュフリーズ　　　　　　　　　 13.1  3.6-11.1-13.0 -8.0 -3 26.5                           
092356020221105171ダークファンタジー　　　　　　　　　  8.6  2.8 -7.2 -5.0 -4.1  1  0.0                           
092356020321101116エコテーラー　　　　　　　　　　　　  4.0  1.8 16.9 10.6  9.4 14 16.2                           
092356020421105844ヒシグランディヴァ　　　　　　　　　 36.7  8.7 -8.7 -6.0 -5.0  0  0.0                           
092356020521105790ローゼンモンターク　　　　　　　　　 18.9  4.9 -0.9 -0.1 -0.4  5  0.0                           
092356020621103294ルミナスビューティ　　　　　　　　　 69.9 15.7 -7.0-10.2 -5.6 -1  0.0                           
092356020721105567ダノンアルム　　　　　　　　　　　　  9.0  2.9 14.3 16.1 10.1 15  0.0                           
092356020821106826レッセパッセ　　　　　　　　　　　　  7.2  2.5 10.3  8.5  6.3 11  0.0                           
092356020921101013サウンドヴェール　　　　　　　　　　 50.1 11.7 -0.9-10.8 -3.6  1  0.0                           
092356021021106537タガノディオーサ　　　　　　　　　　 21.7  5.4 -7.3 -6.5 -4.6  0 30.9                           
092356021121106969ラヴベイ　　　　　　　　　　　　　　 52.5 12.2-10.1-10.2 -6.8 -2  0.0                           
092356021221105538ニエキヤ　　　　　　　　　　　　　　  7.7  2.6  5.3 -1.7  1.4  6  0.0                           
092356021321102597ラビットアイ　　　　　　　　　　　　  7.4  2.5  7.5  8.1  5.2 10  0.0                           
092356021421106235シカンスイヨウ　　　　　　　　　　　 46.9 11.0-11.1-10.2 -7.1 -2  0.0                           
092356021521105141パシフィックハイ　　　　　　　　　　  6.3  2.3 13.1  7.8  7.1 12 12.4                           
092356021621106993サクソンジェンヌ　　　　　　　　　　 19.3  5.0 -1.5-13.4 -4.6  0  0.0                           
092356030121104015シャイニングキセキ　　　　　　　　　 50.6  9.8-11.1 -7.5 -6.3 -1  0.0                           
092356030221103903ヴァシロペス　　　　　　　　　　　　 43.1  8.4-11.1 -7.5 -6.3 -1  0.0                           
092356030321105022グローブアマランス　　　　　　　　　  5.1  1.7 13.4  8.2  7.4 12 14.4                           
092356030421109019スターアドミラル　　　　　　　　　　 13.8  3.2  7.6  5.3  4.4  9  0.0                           
092356030521100188セイウンラビリンス　　　　　　　　　 71.0 13.1-12.5-10.6 -7.8 -3  0.0                           
092356030621106942レイム　　　　　　　　　　　　　　　 42.5  8.3-11.1 -1.4 -4.5  1  0.0                           
092356030721100350アレンジャー　　　　　　　　　　　　  5.1  1.7 10.2  6.4  5.7 11 19.1                           
092356030821105579ジェントルレイン　　　　　　　　　　142.3 25.7-11.1-13.4 -8.1 -3  0.0                           
092356030921102060ルクスルイナール　　　　　　　　　　 33.6  6.7-12.5 -8.8 -7.2 -2  0.0                           
092356031021105706フォルテローザ　　　　　　　　　　　  3.3  1.4 19.1 14.7 11.4 16 16.2                           
092356031121102401グランテレーズ　　　　　　　　　　　 16.6  3.7 -1.9 -3.9 -1.9  3  0.0                           
092356031221106564ハヤブサソンタクン　　　　　　　　　 16.7  3.7 10.3 -1.5  3.3  8  0.0                           
092356031321105098ディーエストッキー　　　　　　　　　  3.5  1.5 16.1 21.1 12.2 17 17.7                           
092356031421100489シルバヴール　　　　　　　　　　　　 22.2  4.7-11.1-13.4 -8.1 -3  0.0                           
092356031521101057セールヴォラン　　　　　　　　　　　 41.1  8.1 -7.3  4.6 -1.3  4  0.0                           
092356040121101303サンブーゲンビリア　　　　　　　　　 36.3  6.6 -6.4 -1.6 -2.8 -3  0.0                           
092356040221101298サンネリネ　　　　　　　　　　　　　 13.6  2.9 -2.5  2.8 -0.1  0 23.5                           
092356040321104834マサレエトワール　　　　　　　　　　  6.6  1.9 10.5  8.5  6.4  6  0.0                           
092356040421101381エーケーリターン　　　　　　　　　　 19.9  4.0 -1.2 -2.8 -1.3 -1  0.0  4                        
092356040521106542タガノヒナタ　　　　　　　　　　　　  2.5  1.3 14.8 21.3 11.8 12 16.2                           
092356040621101577カレンマウラー　　　　　　　　　　　 18.9  3.8 -7.3 -7.2 -4.8 -5  0.0                           
092356040721101944テイエムリベスト　　　　　　　　　　 33.2  6.1-11.9-14.6 -8.7 -9  0.0                           
092356040821107185カリメロ　　　　　　　　　　　　　　  6.4  1.8 11.3 12.4  7.9  8 19.1                           
092356040921110075スターチスブーケ　　　　　　　　　　  3.8  1.5 18.8 15.4 11.5 12 12.4                           
092356041021110028ポルカドットタイ　　　　　　　　　　 29.3  5.4-11.1 -4.8 -5.5 -6  0.0                           
092356041121102726ナリタヴィクトリー　　　　　　　　　 13.0  2.8  8.1 13.8  7.1  7  0.0                           
092356041221103590アスターエルビウム　　　　　　　　　 25.6  4.8 -7.2-17.7 -7.9 -8  0.0  0                        
092356050121100150クラヴィコード　　　　　　　　　　　  5.2  1.6 11.9 10.0  7.4  7 19.1                           
092356050221104643マリエッティ　　　　　　　　　　　　 31.4  5.8-11.1-13.7 -8.2 -8  0.0                           
092356050321106368テーオーニコラス　　　　　　　　　　 17.9  3.6 -7.7 -4.5 -4.2 -4  0.0  5                        
092356050421110091フルオブサクセス　　　　　　　　　　  2.8  1.3 19.8 16.5 12.2 12 16.2                           
092356050521100745トップオブザロック　　　　　　　　　 11.1  2.5 -1.3 -1.7 -1.0 -1  0.0                           
092356050621104421デファイ　　　　　　　　　　　　　　 10.8  2.5  7.8  7.0  5.0  5 15.4                           
092356050721101025リノラナキラ　　　　　　　　　　　　 26.6  5.0-11.1 -6.5 -6.0 -6  0.0                           
092356050821103227ジャズ　　　　　　　　　　　　　　　  7.5  2.1 12.1 10.4  7.6  8  0.0                           
092356050921100380スーパーバウンディ　　　　　　　　　 16.4  3.4  1.8 -5.2 -0.9 -1  0.0                           
092356051021105570シルバーカレッジ　　　　　　　　　　  3.3  1.4 18.7 20.4 13.0 13 17.7  3                        
092356060121101154ピエナリオン　　　　　　　　　　　　 14.6  2.9  0.4 13.8  4.3  9  0.0  5                        
092356060221105765ミッキースターダム　　　　　　　　　  2.6  1.3 17.9 20.3 12.7 18 16.2                           
092356060321102547メイショウポワロ　　　　　　　　　　 31.7  5.4-11.1 -9.2 -6.8 -2  0.0                           
092356060421100421サンティヨン　　　　　　　　　　　　 22.4  4.0 -4.1-10.8 -4.7  0  0.0                           
092356060521105382シンドリームシン　　　　　　　　　　  2.9  1.3 20.7 19.6 13.5 18 17.7  2                        
092356060621100698ヴィーケン　　　　　　　　　　　　　 28.2  4.9 -7.3 -8.1 -5.1  0  0.0                           
092356060721103821ハイディージェン　　　　　　　　　　 23.4  4.1-11.1 -7.5 -6.3 -1  0.0  0                        
092356060821106425ムーンウォーク　　　　　　　　　　　 25.5  4.5 -0.9 -0.7 -0.5  4  0.0                           
092356060921101914プレットリンド　　　　　　　　　　　  9.2  2.2 -0.4 10.2  2.9  8 13.4                           
092356061021100816フィオリトゥーラ　　　　　　　　　　 18.7  3.5  7.6 11.7  6.3 11  0.0  4                        
092356061121104193ウッドバイン　　　　　　　　　　　　 10.8  2.3  0.0  4.6  1.4  6 22.1                           
092356061221105502ルフトクス　　　　　　　　　　　　　  9.2  2.2  9.4  7.0  5.5 11  0.0                           
092356070119106647ハイグッドエース　　　　　　　　　　 31.3  5.8 -9.7-10.8 -6.8 13  0.0                           
092356070220105228ジョウショーパワー　　　　　　　　　 24.0  4.6-10.1 -9.1 -6.4 14  0.0                           
092356070320102964チュウワハート　　　　　　　　　　　  4.9  1.6 13.8 18.9 10.7 31 17.7                           
092356070420105639ハギノサステナブル　　　　　　　　　  8.4  2.2 -2.2  3.2  0.2 20  0.0                           
092356070520103280エマヌエーレ　　　　　　　　　　　　  9.1  2.4  6.4 17.9  7.7 28  0.0  3                        
092356070620102687バックトゥザライト　　　　　　　　　  5.9  1.8  9.8  6.7  5.6 26  0.0                           
092356070719100617ブライトホルン　　　　　　　　　　　  2.2  1.2 18.0 15.9 11.4 31 16.2                           
092356070820104661ダンテバローズ　　　　　　　　　　　  6.6  1.9 10.4 11.6  7.3 27 14.4                           
092356070919103506エアフォースワン　　　　　　　　　　  9.0  2.3 10.7 -1.3  3.5 24 23.5                           
092356080119100578クインズプリーズ　　　　　　　　　　 24.5  5.8 -3.4  1.8 -0.7 29  0.0                           
092356080220103198メイデンタワー　　　　　　　　　　　  4.0  1.7 11.6 10.3  7.3 37 16.2                           
092356080319105391アレマーナ　　　　　　　　　　　　　 18.1  4.5-11.1 -4.7 -5.5 25  0.0                           
092356080419106690タマモタップダンス　　　　　　　　　 14.4  3.7 -0.5 -3.6 -1.3 29  0.0                           
092356080519103311ルパルテール　　　　　　　　　　　　 31.9  7.3-11.1-10.2 -7.1 23  0.0                           
092356080619106099ラブリアージェ　　　　　　　　　　　 26.2  6.1 -2.5 -5.4 -2.5 27  0.0                           
092356080720106877スマートアイ　　　　　　　　　　　　  5.3  1.9 12.1 17.9  9.8 40 13.4                           
092356080818102021ヤマニンルリュール　　　　　　　　　  6.3  2.1 16.9 -1.7  5.7 36  0.0  0                        
092356080920105649モンネトワ　　　　　　　　　　　　　 22.9  5.4-11.1 -6.6 -6.1 24  0.0                           
092356081019104952ロープスピニング　　　　　　　　　　 36.9  8.3-11.4-10.6 -7.4 23  0.0                           
092356081118104262ネフェルタリ　　　　　　　　　　　　 22.4  5.3-10.5-10.2 -6.9 23  0.0                           
092356081220104046ダイリュウホマレ　　　　　　　　　　  4.8  1.8 13.4 15.9  9.7 40 17.7                           
092356081319100635ラニカイ　　　　　　　　　　　　　　 13.6  3.6 -1.5  9.9  2.4 32  0.0                           
092356081420106396スマートアンバー　　　　　　　　　　  8.2  2.6  8.2  6.2  4.9 35 22.1                           
092356090118106429ルシャリーブル　　　　　　　　　　　  7.7  2.0  9.5  8.3  6.0 36 20.6                           
092356090219102884ゲンパチプライド　　　　　　　　　　 16.3  3.2  2.2 -3.9 -0.4 30  0.0                           
092356090318110017スカイナイル　　　　　　　　　　　　 11.5  2.5  1.6 10.2  3.6 34  0.0  5                        
092356090418104775パルデンス　　　　　　　　　　　　　 32.5  5.7 -5.0 -0.4 -2.0 28  0.0                           
092356090518109160アイアンムスメ　　　　　　　　　　　 32.3  5.6-11.1 -9.2 -6.8 23  0.0                           
092356090619104328タカラマドンナ　　　　　　　　　　　  6.4  1.8  9.9  9.9  6.6 37 13.4                           
092356090717102984バーニングソウル　　　　　　　　　　 29.8  5.2-10.8 -6.5 -5.9 24  0.0                           
092356090819104660フラップシグナス　　　　　　　　　　  2.3  1.2 21.8 15.5 12.6 43 16.2                           
092356090918106391メイショウイジゲン　　　　　　　　　 20.6  3.9  9.1 13.0  7.2 37  0.0  1  458   22              
092356091018104406ゴールドフィンガー　　　　　　　　　 12.6  2.6-11.1-17.0 -9.2 21  0.0                           
092356091120100168ロードラディウス　　　　　　　　　　  3.7  1.4 16.7 24.4 13.4 43 17.7  1  129   53              
092356100118105311アンセーニュ　　　　　　　　　　　　 31.6  6.5-11.6-11.4 -7.7 27  0.0  0                        
092356100219105459ソウテン　　　　　　　　　　　　　　 12.6  3.0 -1.8 -0.6 -0.8 34  0.0                           
092356100320102890イティネラートル　　　　　　　　　　 18.3  4.1 -3.6 -6.5 -3.3 32  0.0                           
092356100417105054リヴェール　　　　　　　　　　　　　 50.5  9.9-11.1 -8.8 -6.7 28  0.0                           
092356100517105574チュウワノキセキ　　　　　　　　　　 34.5  7.0 -7.3 -3.4 -3.7 31  0.0                           
092356100614100555ヤマニンペダラーダ　　　　　　　　　 43.6  8.7 -6.0-10.2 -5.3 30  0.0                           
092356100718100693ブルーシンフォニー　　　　　　　　　 34.2  6.9  0.0 -3.0 -0.9 34  0.0                           
092356100819100659レベレンシア　　　　　　　　　　　　 32.0  6.5 -6.9-10.2 -5.6 29  0.0                           
092356100920103393ダルエスサラーム　　　　　　　　　　 13.3  3.1 -0.9 -6.1 -2.2 33  0.0                           
092356101019105545ルージュラテール　　　　　　　　　　  8.3  2.4 12.4 12.7  8.4 43 13.4                           
092356101119104976ミスボニータ　　　　　　　　　　　　 17.7  4.0 -8.9 -7.4 -5.5 30  0.0                           
092356101220110155レイベリング　　　　　　　　　　　　  4.4  1.7 14.2  8.6  7.8 43 17.7                           
092356101318101579シャイニングフジ　　　　　　　　　　111.3 20.5-11.1 -9.2 -6.8 28  0.0                           
092356101418106559ダノンティンパニー　　　　　　　　　  2.9  1.4 19.9 25.0 14.8 50 16.2                           
092356101520100497ベガリス　　　　　　　　　　　　　　 33.1  6.7 -3.4 16.0  3.6 39  0.0                           
092356101619105415ベルクレスタ　　　　　　　　　　　　 40.1  8.0-11.1 -6.5 -6.0 29  0.0                           
092356101719105087サンライズロナウド　　　　　　　　　 25.3  5.3  1.4 -9.9 -2.5 33  0.0                           
092356101817105321アステロイドベルト　　　　　　　　　  8.6  2.4  8.3 13.1  7.0 42 20.6                           
092356110121101436エコロヴァルツ　　　　　　　　　　　 12.3  2.9  9.8  3.0  4.5 64  0.0  4                        
092356110221105771ミルテンベルク　　　　　　　　　　　 29.4  6.0 -8.6 -7.5 -5.4 55  0.0                           
092356110321107171ジャンタルマンタル　　　　　　　　　  2.9  1.4 18.2 20.9 12.9 73 16.2                           
092356110421101429サトミノキラリ　　　　　　　　　　　 40.1  7.9-12.1-10.6 -7.6 52  0.0                           
092356110521106550タガノエルピーダ　　　　　　　　　　 12.7  3.0 -0.6  7.2  1.9 62 22.1                           
092356110621104405セットアップ　　　　　　　　　　　　 14.5  3.3 -1.6 11.0  2.7 63  0.0                           
092356110721100557オーサムストローク　　　　　　　　　 22.7  4.8  7.3  9.4  5.5 65  0.0                           
092356110821105774ダノンマッキンリー　　　　　　　　　  6.0  1.9  9.7 16.9  8.6 69  0.0                           
092356110921101651クリーンエア　　　　　　　　　　　　 57.3 10.8 -7.5  8.0 -0.3 60  0.0                           
092356111021102461バンドシェル　　　　　　　　　　　　 20.3  4.4 -3.7-10.5 -4.5 55  0.0                           
092356111121103171タイキヴァンクール　　　　　　　　　 27.8  5.7-10.1 -0.2 -3.8 56  0.0                           
092356111221106548タガノデュード　　　　　　　　　　　 79.3 14.6 -7.0 -1.5 -3.0 57  0.0                           
092356111321102510ナムラフッカー　　　　　　　　　　　 20.7  4.5  1.0 -1.5 -0.1 60  0.0  5                        
092356111421100913ジューンテイク　　　　　　　　　　　 33.8  6.8 -5.9 -3.1 -3.1 57  0.0                           
092356111521101737エンヤラヴフェイス　　　　　　　　　 26.1  5.4  9.7 -1.4  3.1 63  0.0  0                        
092356111621102315アスクワンタイム　　　　　　　　　　 48.9  9.5-10.7 -8.2 -6.4 54  0.0                           
092356111721105744シュトラウス　　　　　　　　　　　　  4.3  1.6 20.5 14.8 12.0 72 17.3                           
092356120119101778スマートムーラン　　　　　　　　　　 13.5  3.0 -3.6 -1.2 -1.7 33  0.0                           
092356120219103971クレスコジョケツ　　　　　　　　　　 60.5 10.9-10.1-17.7 -9.0 26  0.0  0                        
092356120319101907スプラウティング　　　　　　　　　　  4.1  1.6 17.3 15.1 10.9 46 17.7                           
092356120418100700スカーレットスカイ　　　　　　　　　 40.7  7.7-11.1-17.0 -9.2 26  0.0                           
092356120517100403プライムライン　　　　　　　　　　　 15.3  3.4 10.2  5.8  5.5 40  0.0                           
092356120619104496ストームゾーン　　　　　　　　　　　 49.6  9.3-11.1-10.2 -7.1 28  0.0                           
092356120719103586ギャラクシーナイト　　　　　　　　　 87.2 15.4 -8.9-10.6 -6.4 29  0.0                           
092356120812100683マイネルプロンプト　　　　　　　　　 39.2  7.5-11.1-10.2 -7.1 28  0.0                           
092356120919106699モズリッキー　　　　　　　　　　　　  7.0  2.0 14.8 13.6  9.5 45  0.0                           
092356121018102372ランドボルケーノ　　　　　　　　　　 79.8 14.1-11.1-10.8 -7.3 28  0.0                           
092356121120101547エンペラーワケア　　　　　　　　　　  2.7  1.4 20.3 23.4 14.5 49 16.2                           
092356121218103738ミラバーグマン　　　　　　　　　　　 38.6  7.4-11.9-10.5 -7.5 27  0.0                           
092356121318104481ヴアーサ　　　　　　　　　　　　　　  7.8  2.2  4.6  8.8  4.3 39 20.6                           
092356121419110040ウラヤ　　　　　　　　　　　　　　　 36.4  7.0 -6.5-11.7 -5.9 29  0.0                           
092356121519106575サトノルフィアン　　　　　　　　　　 13.3  3.0  3.0  7.2  3.3 38 16.5                           
092356121619101975ナムラフランク　　　　　　　　　　　 12.1  2.8  3.0  8.3  3.6 39  0.0                           
