062133010118101410ロジディープ　　　　　　　　　　　　 17.5  3.6 -8.5 -2.4 -3.4  2  0.0                           
062133010218102297タカチホ　　　　　　　　　　　　　　 42.3  7.6-11.7  3.3 -2.3  3  0.0                           
062133010318103610ゴールドフレイバー　　　　　　　　　152.7 25.2-10.0-20.0-10.3 -5  0.0  0                        
062133010418104599ローラーコースター　　　　　　　　　 14.1  3.0  0.7-10.4 -3.6  1  0.0                           
062133010518103066コンフィアンス　　　　　　　　　　　 12.2  2.7  6.7  6.5  4.4  9  0.0                           
062133010618105375シエルドゥレーヴ　　　　　　　　　　 28.1  5.3-10.0 13.1  1.8  7  0.0                           
062133010718101819シゲルカンリショク　　　　　　　　　 20.8  4.2 -3.9 -7.4 -3.9  1  0.0  5                        
062133010818106182トウカイキュニスカ　　　　　　　　　 34.4  6.3-11.7-11.5 -7.7 -3  0.0                           
062133010918106793ベニノフェアリー　　　　　　　　　　 40.1  7.3-10.0-10.7 -6.9 -2  0.0                           
062133011018102813リキサンハート　　　　　　　　　　　 32.0  5.9-10.0 17.0  3.2  8  0.0                           
062133011118106745モモエチャン　　　　　　　　　　　　 25.8  4.9  6.0  5.8  3.9  9  0.0                           
062133011218105703コトブキアルニラム　　　　　　　　　  5.1  1.6 19.0 15.6 11.4 16 18.8  5                        
062133011318104863ヴァルキリードレス　　　　　　　　　  3.8  1.4 18.3 21.3 13.3 18 17.3                           
062133011418100585ワンモアナイン　　　　　　　　　　　 20.9  4.2  4.5 15.4  7.0 12 13.0                           
062133011518104207スティルライフ　　　　　　　　　　　  2.6  1.3 15.0 21.9 12.5 18  8.0                           
062133020118104056シーオブクラウズ　　　　　　　　　　 11.9  2.9 12.0 -2.9  2.5  8 11.5                           
062133020218103512ホウオウジュレップ　　　　　　　　　 17.0  3.8-10.0 -9.7 -6.6 -2  0.0                           
062133020318103943キャッチミー　　　　　　　　　　　　 81.4 15.0-13.4 -8.7 -7.2 -2  0.0                           
062133020418110061キトゥンズルンバ　　　　　　　　　　  9.2  2.6  5.1 10.3  5.3 10  0.0                           
062133020518101673ヒカルマドンナ　　　　　　　　　　　 49.3  9.6-10.0-16.8 -9.2 -4  0.0                           
062133020618106001ニシノカシン　　　　　　　　　　　　 41.0  8.1-11.7 -8.2 -6.5 -2  0.0                           
062133020718104439スイートフィル　　　　　　　　　　　 11.4  2.8 14.7  6.9  6.9 12 10.9                           
062133020818101721ダミアン　　　　　　　　　　　　　　  4.4  1.7-10.0 18.1  3.6  9 17.3                           
062133020918103135トロンアゲイン　　　　　　　　　　　 27.9  5.7 -0.4 -2.0 -0.9  4  0.0                           
062133021018102990グルナピーク　　　　　　　　　　　　 11.3  2.7 -5.2 10.0  2.1  7  0.0  5                        
062133021118103635ニシノラフカット　　　　　　　　　　 20.7  4.5  6.0  5.9  4.0  9  0.0                           
062133021218100943テイエムオドリコ　　　　　　　　　　 60.9 11.4-10.0-20.0-10.3 -5  0.0  0                        
062133021318103031キラメキ　　　　　　　　　　　　　　 14.1  3.3-10.0  9.7  0.6  6  0.0                           
062133021418102989エバーサニーハート　　　　　　　　　  2.8  1.4 18.5 15.0 11.1 16 15.9                           
062133021518104420ベストインクラス　　　　　　　　　　 14.1  3.3  5.1  6.5  3.9  9  0.0                           
062133021618101903ヘーベー　　　　　　　　　　　　　　 43.9  8.6-10.0-18.6 -9.8 -5  0.0                           
062133030118104196タイセイコマンド　　　　　　　　　　  5.7  1.7 15.0 10.5  8.4 13  9.4                           
062133030218102239ラロワイヤル　　　　　　　　　　　　 65.2 11.1-11.7-11.9 -7.9 -3  0.0                           
062133030318102620フィールファイン　　　　　　　　　　 62.2 10.7-10.0 -8.9 -6.3 -1  0.0                           
062133030418105249プンタアレナス　　　　　　　　　　　 15.4  3.3-10.0 -8.2 -6.0 -1  0.0                           
062133030518106053イトザクラ　　　　　　　　　　　　　 74.2 12.6-10.0-10.0 -6.7 -2  0.0                           
062133030618106629プレナイト　　　　　　　　　　　　　 33.0  6.1-10.0  6.1 -0.8  4  0.0                           
062133030718101099フォトンストリーム　　　　　　　　　 46.9  8.4-10.4 -4.0 -4.6  0  0.0                           
062133030818103858ショウナンカホウ　　　　　　　　　　  2.4  1.3 21.4 20.9 14.1 19 15.9                           
062133030918102196ゴールドブリーズ　　　　　　　　　　  6.9  2.0  4.0  9.0  4.5  9  0.0                           
062133031018102062ランスルー　　　　　　　　　　　　　  4.4  1.5 15.5 20.3 12.1 17 17.3                           
062133031118103797ミルトディーズ　　　　　　　　　　　 23.2  4.5  2.1  0.1  0.7  6  0.0                           
062133031218104791タイセイアーサー　　　　　　　　　　 32.1  6.0  6.0 -1.7  1.2  6  0.0                           
062133031318101705ダヴィンチ　　　　　　　　　　　　　 42.2  7.6-11.7-13.5 -8.5 -3  0.0                           
062133031418101554ワールドマックス　　　　　　　　　　 20.6  4.1-10.0 -2.0 -3.7  1 12.2                           
062133031518104395ボーンジーニアス　　　　　　　　　　 17.1  3.5  6.0 11.3  5.9 11  0.0                           
062133031618100268ピクシーズパラソル　　　　　　　　　 71.3 12.1-10.0-18.6 -9.8 -5  0.0                           
062133040118101548レゾンデートル　　　　　　　　　　　 66.2 11.0-10.0-10.2 -6.7 -2  0.0                           
062133040218102247シゲルヒラトリ　　　　　　　　　　　  3.6  1.4 14.5 15.0  9.9 15 17.3                           
062133040318103498アイルビーザワン　　　　　　　　　　 24.9  4.6 -5.5-11.6 -5.9 -1  0.0                           
062133040418101475ネオアビー　　　　　　　　　　　　　 77.9 12.8-10.0 -5.6 -5.1  0  0.0                           
062133040518101267ワールドタキオン　　　　　　　　　　 26.2  4.8  1.9 -8.9 -2.7  2  0.0                           
062133040618103973アデウス　　　　　　　　　　　　　　 31.2  5.6-10.0 -5.2 -4.9  0  0.0  0                        
062133040718101857ピンクマジック　　　　　　　　　　　 29.3  5.3 20.0  5.8  8.1 13  0.0                           
062133040818104890ミッキーワクチン　　　　　　　　　　  4.1  1.4 17.4 17.4 11.6 17 18.8                           
062133040918100042ヴィットリオーザ　　　　　　　　　　 75.4 12.4-11.0-10.8 -7.3 -2  0.0                           
062133041018104293リュウノエルヴィス　　　　　　　　　 19.1  3.8-10.0 -0.9 -3.3  2  0.0  5                        
062133041118102799ヴィグルズマン　　　　　　　　　　　 48.8  8.5-13.4-14.1 -9.2 -4  0.0  0                        
062133041218102814セラダエストレーラ　　　　　　　　　 73.7 12.1-13.4-12.5 -8.6 -4  0.0                           
062133041318101303ノアムサシ　　　　　　　　　　　　　 46.4  8.1-10.0 -8.1 -6.0 -1  0.0                           
062133041418109102スズジャッカル　　　　　　　　　　　  2.5  1.2 21.4 19.1 13.4 18 15.9                           
062133041518101310ベイビーシャーク　　　　　　　　　　 12.7  2.7  4.7  9.2  4.8 10  0.0                           
062133041618104409レオテソーロ　　　　　　　　　　　　 19.6  3.8  7.2  6.5  4.5 10  0.0                           
062133050118104655デルマアミダ　　　　　　　　　　　　 20.3  4.1-10.0  9.0  0.3  5  0.0  5                        
062133050218102917ネイチャーシップ　　　　　　　　　　 30.2  5.7 -8.5-14.9 -8.0 -3  0.0                           
062133050318102612ウノランパンテ　　　　　　　　　　　 41.1  7.5 -8.4 -8.1 -5.5  0  0.0                           
062133050418104078ハムレボ　　　　　　　　　　　　　　 41.1  7.5 -8.5-14.3 -7.8 -3  0.0  0                        
062133050518105028キャルベロス　　　　　　　　　　　　 41.2  7.5 -0.9 -6.9 -2.8  2  0.0                           
062133050618104877スワーヴエルメ　　　　　　　　　　　  4.3  1.6 19.1 19.0 12.7 18 17.3  3                        
062133050718101394シャイニーターフ　　　　　　　　　　 59.1 10.2-13.4-11.5 -8.2 -3  0.0                           
062133050818101941ノーブルパレス　　　　　　　　　　　 20.8  4.2  3.0 10.0  4.6 10  0.0  5                        
062133050918104843コーストライン　　　　　　　　　　　 10.8  2.5 -2.3  8.2  2.3  7  0.0                           
062133051018106891ダイスギミッチー　　　　　　　　　　 79.8 13.6-13.4 -8.7 -7.2 -2  0.0                           
062133051118105095アウトオブザブルー　　　　　　　　　 11.0  2.5  6.0 14.7  7.2 12 10.8                           
062133051218102134エイメイカカン　　　　　　　　　　　 42.4  7.7-10.0 -8.9 -6.3 -1  0.0                           
062133051318105810ラジェドール　　　　　　　　　　　　 35.4  6.6-11.7-10.1 -7.2 -2  0.0                           
062133051418100430ゼンダンピューマ　　　　　　　　　　 35.4  6.6 -8.5-12.3 -7.1 -2  0.0  0                        
062133051518102644スケボーマン　　　　　　　　　　　　131.3 21.9-11.7-10.0 -7.2 -2  0.0                           
062133051618100928コスモクロシオ　　　　　　　　　　　 38.8  7.1-11.7 -9.7 -7.1 -2  0.0                           
062133051718103496ウェイオブライト　　　　　　　　　　  6.2  1.8 10.0  5.9  5.2 10  9.4                           
062133051818105711レッドロワ　　　　　　　　　　　　　  2.4  1.3 17.9 20.0 12.7 18 15.9  2                        
062133060118102918スリンシンガポール　　　　　　　　　 35.2  7.2-10.0 -9.7 -6.6 -2  0.0                           
062133060218104647ゼータ　　　　　　　　　　　　　　　  4.1  1.5 16.0 16.4 10.8 16  0.0                           
062133060318106611ケプチャン　　　　　　　　　　　　　 41.3  8.3-13.1  6.0 -1.7  3  0.0                           
062133060418110052リエンカウンター　　　　　　　　　　  3.3  1.4 19.9 17.7 12.5 17 15.9                           
062133060518101914マミリアス　　　　　　　　　　　　　 20.2  4.5 -4.4  8.9  1.9  7  0.0                           
062133060618100446モンサンレックス　　　　　　　　　　 38.5  7.8 -9.7 -9.7 -6.5 -1  0.0                           
062133060718103850ミヤビプレシャス　　　　　　　　　　 18.3  4.1 -4.4  1.3 -0.8  4 11.5                           
062133060818101496クリスタルローレル　　　　　　　　　108.0 20.2-11.7-12.5 -8.1 -3  0.0                           
062133060918101872サンペンサコーラ　　　　　　　　　　  9.3  2.6 12.2  4.9  5.5 10 21.7                           
062133061018104019サクラプロモーター　　　　　　　　　 37.8  7.7-11.7-13.1 -8.3 -3  0.0                           
062133061118105807ニンジャゴー　　　　　　　　　　　　  6.3  2.0 12.0  9.0  6.9 12  0.0                           
062133061218106914トリプルミリオン　　　　　　　　　　142.6 26.5-10.4-20.0-10.5 -5  0.0  0                        
062133061318106918ラストストーリー　　　　　　　　　　136.0 25.3-11.7 -7.7 -6.3 -1  0.0                           
062133061418101516トモジャリア　　　　　　　　　　　　  3.9  1.5 15.0 20.3 11.9 17  8.7                           
062133061518106258バンブトンローズ　　　　　　　　　　 20.4  4.5-10.0 -1.1 -3.4  2  0.0                           
062133061618106778トウキョウスター　　　　　　　　　　 83.3 15.7-11.0 -5.4 -5.3  0  0.0                           
062133070118105079ジャングルキング　　　　　　　　　　  2.7  1.3 21.4 25.2 15.7 36  7.9  1  202   49              
062133070218106411モメントグスタール　　　　　　　　　 24.4  4.6-10.0  5.9 -0.8 19  0.0                           
062133070318104837ノーダブルディップ　　　　　　　　　  4.9  1.6 11.4 12.2  7.9 28 18.8                           
062133070418104911フルネーズ　　　　　　　　　　　　　 26.7  5.0-10.0-10.1 -6.7 13  0.0                           
062133070518104860ゴーストレート　　　　　　　　　　　 51.7  9.1 -8.5 -4.8 -4.3 16  0.0                           
062133070618106603ネクストストーリー　　　　　　　　　  9.4  2.4  3.9 10.0  4.8 25  0.0  5                        
062133070718104731メインターゲット　　　　　　　　　　 11.9  2.6  2.1 -1.8  0.0 20  0.0                           
062133070818103729スリートップキズナ　　　　　　　　　  8.2  2.2  7.9 12.6  7.0 27  0.0                           
062133070918100719タケルジャック　　　　　　　　　　　 18.3  3.7  0.5  8.0  3.1 23 12.3                           
062133071018106336ヴィクトゥーラ　　　　　　　　　　　  3.5  1.4 20.3 17.3 12.4 32 17.3                           
062133071118100998リーブラテソーロ　　　　　　　　　　 55.7  9.5-10.0-10.0 -6.7 13  0.0                           
062133071218104783ナリノペッパー　　　　　　　　　　　 45.7  8.1-11.7 -8.2 -6.5 13  0.0                           
062133080115100559トモジャタイクーン　　　　　　　　　 49.3 10.4-11.7-11.8 -7.8 12  0.0                           
062133080217102758グッドリドゥンス　　　　　　　　　　  3.2  1.5 10.4  6.0  5.3 25 15.9                           
062133080316100147シンソク　　　　　　　　　　　　　　 94.0 18.7-13.4-12.2 -8.5 12  0.0                           
062133080417103008ヤマノマタカ　　　　　　　　　　　　 19.0  4.5 -8.5 -1.4 -3.1 17  0.0                           
062133080514102442ヒロノワカムシャ　　　　　　　　　　111.8 22.2-10.0-20.0-10.3 10  0.0  0                        
062133080617100725カッティングロック　　　　　　　　　 13.2  3.3  9.0  9.2  6.1 26 12.2                           
062133080717104314レアリザトゥール　　　　　　　　　　  6.0  2.0 11.2 11.0  7.4 27  9.4                           
062133080817105397ワセダウォリアー　　　　　　　　　　 45.4  9.6-11.7-11.0 -7.5 12  0.0                           
062133080917102046ケイティミラクル　　　　　　　　　　 91.6 18.3-10.0 -0.9 -3.3 17  0.0  5                        
062133081016102723プロース　　　　　　　　　　　　　　 80.6 16.1-10.0-11.5 -7.2 13  0.0                           
062133081117105955セイウンクルーズ　　　　　　　　　　  8.0  2.5  5.1 11.4  5.7 26 10.9                           
062133081217100450トップリーチ　　　　　　　　　　　　  6.3  2.1 12.6 28.1 14.1 34  0.0  1  214   43              
062133081317102533サンロックランド　　　　　　　　　　  5.2  1.9 11.0 30.3 14.4 34  0.0  1  295   50              
062133081416100650ファンタスティック　　　　　　　　　 14.3  3.5 -2.1  5.7  1.5 21  0.0                           
062133081516102615ゾロ　　　　　　　　　　　　　　　　 11.2  2.9  1.9 -2.0 -0.2 20 11.5                           
062133081615100849ハイチーズ　　　　　　　　　　　　　 38.4  8.2-10.0-15.2 -8.6 11  0.0                           
062133090116103041レッドクーゲル　　　　　　　　　　　 11.7  2.3  0.6  7.9  3.1 33  0.0                           
062133090216100758マイネルステレール　　　　　　　　　  5.8  1.6 14.6 13.8  9.4 39 10.1                           
062133090315106466サイモンサーマル　　　　　　　　　　 43.2  6.7-10.0-14.9 -8.5 22  0.0                           
062133090416104883ラストヌードル　　　　　　　　　　　  4.0  1.3 11.1 12.4  7.9 38  8.6                           
062133090516104998アスティ　　　　　　　　　　　　　　  4.3  1.3 12.0 16.9  9.8 40 18.8                           
062133090614102038マスラオ　　　　　　　　　　　　　　 28.4  4.6-10.4 -6.4 -5.5 25  0.0                           
062133090716105210ノーチカルチャート　　　　　　　　　  2.0  1.2 25.1 18.3 14.2 44 15.9                           
062133090816102311ワンダーコノシュア　　　　　　　　　 19.3  3.4 20.0 -9.3  2.6 33  0.0                           
062133100115104371アルベルティーヌ　　　　　　　　　　 10.8  2.8 20.0 11.1 10.1 40  0.0                           
062133100216105531クリスタルアワード　　　　　　　　　 47.5 10.1-11.7-10.0 -7.2 23  0.0                           
062133100316103777ウェイクール　　　　　　　　　　　　 55.8 11.4-11.7-10.0 -7.2 23  0.0                           
062133100415103313タイキメサイア　　　　　　　　　　　 20.4  4.8-11.7  8.2 -0.5 29  0.0                           
062133100517104129イバル　　　　　　　　　　　　　　　  5.8  2.0 13.7 12.9  8.8 39 18.8                           
062133100616103414ノーベルプライズ　　　　　　　　　　  6.8  2.2 13.3 14.5  9.3 39 20.2A                          
062133100716110036カーンテソーロ　　　　　　　　　　　 69.2 14.0-10.0-10.2 -6.7 23  0.0                           
062133100816110048スポーカンテソーロ　　　　　　　　　 31.2  6.8-10.0  1.0 -2.6 27  0.0                           
062133100915105858ココロノイコロ　　　　　　　　　　　 15.6  3.8  7.8 -2.0  1.6 32  0.0                           
062133101016102918アロハブリーズ　　　　　　　　　　　 62.2 12.7-10.0  4.9 -1.2 29  0.0                           
062133101117106662インウィクトス　　　　　　　　　　　 13.1  3.3  4.5  4.6  3.0 33  0.0                           
062133101217101571サイヤダンサー　　　　　　　　　　　 27.4  6.1-11.0 -2.0 -4.0 26  0.0                           
062133101316101264サニーストーム　　　　　　　　　　　 22.5  5.1-10.0  3.3 -1.8 28  0.0                           
062133101417102572トウカイエトワール　　　　　　　　　  4.0  1.7 18.8  7.0  8.2 38  8.7  2                        
062133101516102081オルクリスト　　　　　　　　　　　　 18.5  4.4 -2.1 -1.8 -1.3 29  0.0                           
062133101617100323ラフィンクロンヌ　　　　　　　　　　  3.9  1.6 12.0 27.3 13.6 44  7.9                           
062133110117102342スマイルカナ　　　　　　　　　　　　  5.3  1.9 14.8 16.4 10.5 60  9.4                           
062133110214102036ボンセルヴィーソ　　　　　　　　　　 19.9  4.7 -3.4  1.0 -0.7 49  5.2                           
062133110314105558ソーグリッタリング　　　　　　　　　 11.5  3.0  3.9  6.7  3.6 54  5.0                           
062133110417105469ルフトシュトローム　　　　　　　　　  3.5  1.5 14.9 16.7 10.6 61 15.9  2                        
062133110512101505ブラックムーン　　　　　　　　　　　 35.9  7.9-10.8-10.2 -7.0 43  0.0                           
062133110615105057レイエンダ　　　　　　　　　　　　　 34.8  7.7-11.7 -4.9 -5.3 45  0.0                           
062133110712103405ベステンダンク　　　　　　　　　　　 32.3  7.1-11.4-19.9-10.7 39  0.0                           
062133110813100332ショウナンライズ　　　　　　　　　　 48.5 10.4-11.7 -8.2 -6.5 43  0.0                           
062133110917105607テルツェット　　　　　　　　　　　　  7.0  2.3  8.1  7.3  5.1 55  0.0                           
062133111014100971マイスタイル　　　　　　　　　　　　 58.1 12.0 -4.4 -7.2 -4.0 46  0.0                           
062133111116104711カテドラル　　　　　　　　　　　　　  7.0  2.3  9.4 10.0  6.5 56 11.2                           
062133111217104172メイショウチタン　　　　　　　　　　 24.8  5.6-11.4-17.1 -9.7 40  8.0                           
062133111316106518トーラスジェミニ　　　　　　　　　　 32.2  7.1-10.0  4.6 -1.3 49  0.0                           
062133111416105093アトミックフォース　　　　　　　　　 26.8  6.0-11.7  5.7 -1.4 49  0.0                           
062133111516101814エメラルファイト　　　　　　　　　　 55.8 11.6 -7.7  3.5 -1.0 49  0.0                           
062133111617101429ウインカーネリアン　　　　　　　　　  4.8  1.8 18.9 16.4 11.7 62 17.3                           
062133120115106356フライオールデイズ　　　　　　　　　 17.8  3.7  6.2 19.4  9.0 29  0.0                           
062133120216101560ペイシャリルキス　　　　　　　　　　  4.9  1.6 15.5 11.1  8.7 29  0.0                           
062133120317103042シゲルミカヅキ　　　　　　　　　　　 28.3  5.4-10.0 -7.6 -5.8 14  0.0                           
062133120417100874ヴァルゴスピカ　　　　　　　　　　　 20.1  4.1 -8.3-11.9 -6.9 13  0.0                           
062133120517110173ヴァンデリオン　　　　　　　　　　　  2.7  1.3 15.0 22.3 12.7 33  8.0                           
062133120616110159ベストマジック　　　　　　　　　　　  3.7  1.4 13.4 23.0 12.5 32 17.3                           
062133120717106360アイアムスゴスギル　　　　　　　　　 19.8  4.0 -2.1 17.0  5.6 26  0.0                           
062133120817100174ヴィクトリオーソ　　　　　　　　　　 29.3  5.6-10.0-10.7 -6.9 13  0.0                           
062133120917105689クロッチ　　　　　　　　　　　　　　 30.8  5.8  0.1 -0.2  0.0 20  0.0                           
062133121017106187セイスケルツォ　　　　　　　　　　　 53.0  9.5-10.4 -4.0 -4.6 15  0.0                           
062133121117110097パーセプトロン　　　　　　　　　　　 42.7  7.8-10.4 -4.0 -4.6 15  0.0                           
062133121216104152トーアシオン　　　　　　　　　　　　 14.8  3.2  7.4  6.0  4.4 24 10.1                           
062133121316102790グランミューク　　　　　　　　　　　 76.9 13.2-10.0-12.7 -7.7 12  0.0                           
062133121416105215ベルポート　　　　　　　　　　　　　134.7 22.6 -8.5-15.7 -8.3 12  0.0                           
062133121514105774ポップアップスター　　　　　　　　　 21.8  4.3  2.0 -6.4 -1.7 18  0.0                           
062133121617102902ネバーランド　　　　　　　　　　　　 16.0  3.4-10.0  7.1 -0.4 20 21.7                           
092123010118105205ペイルライダー　　　　　　　　　　　  6.4  2.0 10.4 19.8  9.8 15 13.4                           
092123010218104805ララティーナ　　　　　　　　　　　　 67.4 12.5-10.9 -7.5 -6.2 -1  0.0                           
092123010318106388メイショウホシアイ　　　　　　　　　  3.4  1.5 18.8  5.2  8.5 13 16.2                           
092123010418103184ダブルダイヤモンド　　　　　　　　　 52.0 10.0-11.5-20.0-10.2 -5  0.0  0                        
092123010518101579シャイニングフジ　　　　　　　　　　 10.9  2.6  1.8  5.1  2.2  7 20.6                           
092123010618103113ブラックソウル　　　　　　　　　　　 41.0  8.0-10.9-10.2 -7.1 -2  0.0                           
092123010718100571アズナブール　　　　　　　　　　　　 53.0 10.2-10.9-10.2 -7.1 -2  0.0                           
092123010818104326オブリガーダミノル　　　　　　　　　 22.1  4.6  5.1 10.3  5.0 10  0.0                           
092123010918102042ビスボッチャ　　　　　　　　　　　　 21.5  4.5-11.5  0.8 -4.0  1  0.0  5                        
092123011018103605レスールドマカロン　　　　　　　　　 13.2  3.1  3.1  3.9  2.3  7  0.0                           
092123011118101002ダンツチェリー　　　　　　　　　　　 44.2  8.6-10.9-13.1 -7.9 -3  0.0                           
092123011218101957タガノマーチ　　　　　　　　　　　　 11.1  2.7  9.1  8.5  5.9 11  0.0                           
092123011318101975タガノアイル　　　　　　　　　　　　 25.7  5.3-10.9 -3.4 -5.0  0  0.0  0                        
092123011418104666マジェスティアスク　　　　　　　　　 14.9  3.4  2.5 -2.7  0.1  5  0.0                           
092123011518105037サトノフィオーレ　　　　　　　　　　 29.1  5.9 -5.6 -2.6 -2.8  2  0.0                           
092123011618104542エアモンナンジュ　　　　　　　　　　  3.5  1.5 18.5 21.7 13.3 18 17.7                           
092123020118106454マハラジャゴールド　　　　　　　　　 52.0 11.4-10.9-10.4 -7.1 -2  0.0                           
092123020218101113クリノインスパイア　　　　　　　　　 40.1  8.9-11.5 -8.8 -6.9 -2  0.0                           
092123020318100602シダデカサドール　　　　　　　　　　 67.6 14.2-10.9-10.9 -7.3 -2  0.0                           
092123020418105109スマイルライン　　　　　　　　　　　  6.6  2.2  2.8  7.6  3.3  8 22.1                           
092123020518104421ガビーズスピリット　　　　　　　　　  5.0  1.9 11.2 13.4  8.1 13 17.7  5                        
092123020618104868トゥオトゥオ　　　　　　　　　　　　 33.9  7.6-10.9 -6.9 -6.1 -1  0.0                           
092123020718103409ネヴァーエンド　　　　　　　　　　　 15.4  3.9 -2.1 -3.5 -1.8  3  0.0  5                        
092123020818100059モントレージャック　　　　　　　　　 53.5 11.7-10.9-11.0 -7.3 -2  0.0                           
092123020918100474ナリタフォルテ　　　　　　　　　　　  3.7  1.6 13.7 40.0 17.0 22 16.2                           
092123021018102066グリンブルスティ　　　　　　　　　　  5.7  2.0 11.6  6.6  6.2 11  0.0  5                        
092123021118100464ガティット　　　　　　　　　　　　　 44.2  9.8-10.9-15.5 -8.6 -4  0.0  0                        
092123021218101178サンライズグリット　　　　　　　　　 29.5  6.7 -5.6-12.0 -5.7 -1  0.0                           
092123021318104222セルヴォ　　　　　　　　　　　　　　 29.1  6.7-11.5  9.2 -1.5  4 19.6                           
092123021418101181ヨリクンロード　　　　　　　　　　　 10.8  2.9  7.2  6.8  4.7 10  0.0                           
092123021518103600ブザービート　　　　　　　　　　　　  6.0  2.1 12.6 24.1 11.9 17  0.0                           
092123021618100967アスカノミライ　　　　　　　　　　　 26.2  6.1-10.9 -1.8 -4.5  0  0.0                           
092123030118103266メルテミア　　　　　　　　　　　　　 14.9  3.5-10.9  9.2 -1.2  4 16.5  5                        
092123030218100043ロワンディシー　　　　　　　　　　　 27.1  5.7 -4.2-17.3 -6.7 -2  0.0  0                        
092123030318105468アルーリングギフト　　　　　　　　　  3.4  1.4 19.4 22.4 13.8 19 16.2                           
092123030418102238ハローチュース　　　　　　　　　　　 42.7  8.6-10.9-12.7 -7.8 -3  0.0                           
092123030518102010ヤマニンサイファー　　　　　　　　　107.7 20.3-11.5-14.8 -8.7 -4  0.0  0                        
092123030618106518スマートブリーズ　　　　　　　　　　 17.4  4.0  1.8 -2.5 -0.1  5  0.0                           
092123030718102263ゼンノペギング　　　　　　　　　　　 24.7  5.3-11.5-10.2 -7.3 -2  0.0                           
092123030818102133マイネルグスタフ　　　　　　　　　　  4.1  1.5 15.4 21.8 12.2 17 19.1                           
092123030918105729ハイモビリティ　　　　　　　　　　　 14.7  3.4  6.5  0.3  2.5  7  0.0                           
092123031018102200マヒオレ　　　　　　　　　　　　　　 81.3 15.4-11.5-10.2 -7.3 -2  0.0                           
092123031118105096レッドフランカー　　　　　　　　　　 12.3  3.0 -5.6  7.2  0.1  5  0.0                           
092123031218100862クリノビックリバゴ　　　　　　　　　 81.7 15.5-11.5 -8.8 -6.9 -2  0.0                           
092123031318100437ガレス　　　　　　　　　　　　　　　  3.9  1.5 17.2 13.2 10.3 15 17.7                           
092123031418105860メイショウフジタカ　　　　　　　　　 61.2 11.8 -4.2-12.3 -5.2  0  0.0                           
092123031518101762ハルヒコ　　　　　　　　　　　　　　 20.5  4.6-11.5 12.0 -0.6  4  0.0  5                        
092123031618103553マックスウォリアー　　　　　　　　　 15.9  3.7  1.2 14.3  4.7 10  0.0                           
092123040118101621ウインリブルマン　　　　　　　　　　 39.1  8.3-11.5 -9.0 -6.9 -2  0.0                           
092123040218103977フェイトリッパー　　　　　　　　　　  7.9  2.4  7.2 -3.3  1.6  7  0.0                           
092123040318102126コスモエンデ　　　　　　　　　　　　 80.2 16.0-10.9-15.5 -8.6 -4  0.0  0                        
092123040418104741マローニ　　　　　　　　　　　　　　 10.8  2.8 -5.8  0.6 -1.9  3 23.5                           
092123040518105273アメイジングタイム　　　　　　　　　  8.0  2.4  0.1  0.5  0.2  5 19.1                           
092123040618105386カフジヴィオレッタ　　　　　　　　　 10.9  2.8  3.8-16.3 -3.5  2  0.0                           
092123040718106739マイネルジャッカル　　　　　　　　　 26.5  5.9-10.9  6.2 -2.1  3  0.0                           
092123040818105982エイシンイレブン　　　　　　　　　　 73.8 14.7-11.5 -0.6 -4.4  1  0.0                           
092123040918104618グッドラベリング　　　　　　　　　　 33.9  7.3 -6.9 -1.3 -2.9  2  0.0                           
092123041018103847プロイ　　　　　　　　　　　　　　　 34.3  7.4 -1.0 -0.5 -0.5  4  0.0  5                        
092123041118103500アレヴィクトワール　　　　　　　　　 47.9 10.0-11.5-15.5 -8.9 -4  0.0  0                        
092123041218106112ファントムバローズ　　　　　　　　　 25.9  5.7 11.2  5.0  5.6 11  0.0                           
092123041318106379ハイエログリフ　　　　　　　　　　　 21.8  4.9  1.2 -2.9 -0.4  5 18.5                           
092123041418104719テイケイラウレア　　　　　　　　　　 68.3 13.7-10.9 -8.5 -6.5 -2  0.0                           
092123041518100400サトノディーバ　　　　　　　　　　　 36.8  7.9 -5.6 -6.9 -4.1  1  0.0                           
092123041618110044ピエドラアギーラ　　　　　　　　　　  8.3  2.5  2.9 -2.5  0.3  5  0.0                           
092123041718105250ヘアケイリー　　　　　　　　　　　　  2.6  1.4 15.9 23.3 12.8 18 16.2                           
092123041818105133キネシクス　　　　　　　　　　　　　 10.6  2.8  2.8 18.8  6.7 12  0.0                           
092123050118106211テイエムマグマ　　　　　　　　　　　 36.6  7.4-10.9-16.3 -8.9 11  0.0  0                        
092123050218110116バーボンハイボール　　　　　　　　　 42.3  8.5-10.9-15.0 -8.5 12  0.0  0                        
092123050318103005テイエムマジック　　　　　　　　　　  6.8  2.1 13.4 18.6 10.5 30 13.4  3                        
092123050418110131アメリカンピース　　　　　　　　　　  4.3  1.7  2.8 14.7  5.4 25  0.0                           
092123050518103024フォルツァンド　　　　　　　　　　　 52.6 10.4 -8.0 -8.6 -5.5 14  0.0                           
092123050618106010マルモルーラー　　　　　　　　　　　 17.1  3.9 -0.7 12.0  3.3 23  0.0                           
092123050718109080レプンカムイ　　　　　　　　　　　　  3.0  1.4 19.2 23.2 14.0 34 16.2                           
092123050818106157タイセイヴィーナス　　　　　　　　　 23.0  4.9-10.9 -9.8 -6.9 13  0.0                           
092123050918104156ダッシュダクラウン　　　　　　　　　  6.8  2.1 12.9  6.4  6.7 27 20.6                           
092123051018100858メイショウマントル　　　　　　　　　 39.4  7.9 -5.6-20.0 -8.1 12  0.0  0                        
092123051118101805シンゼンミラクル　　　　　　　　　　 41.6  8.3-10.9  7.4 -1.8 18  0.0                           
092123051218105701ワイズマンハート　　　　　　　　　　 18.9  4.2 -1.6  8.8  2.1 22 26.5  5                        
092123051318110095パラディズム　　　　　　　　　　　　 11.2  2.8 13.2  1.3  5.2 25  0.0                           
092123051418102117プルモナリア　　　　　　　　　　　　 58.4 11.1  6.5 -1.1  2.1 22  0.0                           
092123051518105731メイショウアツイタ　　　　　　　　　 29.7  6.1-10.9 -9.2 -6.8 13  0.0                           
092123051618106512メイショウミナヅキ　　　　　　　　　 14.0  3.3 -5.6  8.5  0.5 20  0.0                           
092123060117105402ダノンセレスタ　　　　　　　　　　　  2.8  1.3 17.6 19.8 12.4 32 16.2                           
092123060216104393アマネセール　　　　　　　　　　　　  4.8  1.6  8.8  8.3  5.7 26  0.0                           
092123060317109010クリノブレーヴ　　　　　　　　　　　 36.5  7.1 -5.6-10.2 -5.1 15  0.0                           
092123060417105597アドマイヤベネラ　　　　　　　　　　 11.1  2.6  3.1 10.6  4.3 24 23.5                           
092123060516100255ウインリベルタ　　　　　　　　　　　 22.0  4.5 -9.7 -2.4 -4.3 16  0.0                           
092123060617104801エバーマノ　　　　　　　　　　　　　 14.6  3.3 -7.8  7.8 -0.5 19  0.0                           
092123060716100569ヤマニンマヒア　　　　　　　　　　　  6.1  1.9  7.4 18.4  8.2 28  0.0  3                        
092123060817106141ナムラショウグン　　　　　　　　　　  7.9  2.2 12.5  6.5  6.5 27 22.1                           
092123060917101439ウインサンフラワー　　　　　　　　　  4.0  1.5 19.8 18.0 12.7 33 12.4                           
092123061016103056ブルーノバローズ　　　　　　　　　　 32.4  6.3-10.9-12.5 -7.7 12  0.0                           
092123070117102191コウイチ　　　　　　　　　　　　　　  3.4  1.5 13.0  8.1  7.2 27  0.0                           
092123070216106457ジューンステータス　　　　　　　　　  5.6  2.0  3.8 15.7  6.1 26  0.0                           
092123070316101234トウケイココノエ　　　　　　　　　　 50.4 10.9-11.5-16.3 -9.1 11  0.0                           
092123070417100257フィロス　　　　　　　　　　　　　　  5.4  1.9 12.2  9.8  7.4 27 12.4                           
092123070517104344クイーンカピオラニ　　　　　　　　　 25.0  5.7 -5.6 16.2  2.8 23  0.0                           
092123070617101342シゲルキンセイ　　　　　　　　　　　  6.6  2.2 16.8 12.7 10.0 30 22.1                           
092123070717100169ソルトキャピタル　　　　　　　　　　  6.2  2.1  5.8  8.3  4.6 25 20.6                           
092123070816110096ピースプレイヤー　　　　　　　　　　 20.1  4.8-10.9 -7.5 -6.2 14  0.0                           
092123070917110119カクシン　　　　　　　　　　　　　　 11.9  3.1 12.5 21.4 11.0 31 25.0  1  226   36              
092123071017104125カモントゥミー　　　　　　　　　　　 11.3  3.0  9.5 16.0  8.3 28  0.0  4                        
092123071117101471ブックウエスト　　　　　　　　　　　 29.3  6.6-14.0-10.2 -8.2 12  0.0                           
092123071217100922フチサンメルチャン　　　　　　　　　 21.5  5.0 -8.3 12.0  0.6 21  0.0                           
092123071315106042アイファーブレーヴ　　　　　　　　　 44.0  9.6-10.9-20.0-10.0 10  0.0                           
092123080113104030ホシルミエール　　　　　　　　　　　  8.9  1.9  4.3 27.0  9.7 30  0.0                           
092123080214104771トーヨーピース　　　　　　　　　　　 35.1  5.0 -9.7-10.6 -6.7 13  0.0                           
092123080314105957グローブシアター　　　　　　　　　　  3.7  1.3 16.2 13.8 10.1 30 17.7                           
092123080413100361アズマタックン　　　　　　　　　　　 30.9  4.5-11.5-11.0 -7.5 12  0.0                           
092123080515104582ケイティクレバー　　　　　　　　　　  1.8  1.2 23.0 32.6 18.2 38 16.2  1  138   65              
092123080613105106トーアディラン　　　　　　　　　　　  9.3  2.0 11.6 -3.0  3.4 23  0.0                           
092123080712104392オールマンリバー　　　　　　　　　　  8.3  1.8 11.8 13.5  8.4 28 13.4                           
092123080812105906ノワールギャルソン　　　　　　　　　 25.6  3.8 -9.7 -2.2 -4.2 16  0.0                           
092123080915100852セイウンフォーカス　　　　　　　　　 10.6  2.0  8.4  6.6  5.1 25 23.5  5                        
092123090118105809リーブルミノル　　　　　　　　　　　  5.2  1.5 14.7 17.1 10.5 31 19.1                           
092123090218105251グロリアムンディ　　　　　　　　　　  2.0  1.2 20.2 20.8 13.6 34 16.2                           
092123090318100190アトミックフレア　　　　　　　　　　 17.1  3.1-10.9-13.8 -8.1 12  0.0  0                        
092123090418104616マイプレシャス　　　　　　　　　　　  5.3  1.5 14.0 20.5 11.3 31 14.4  4                        
092123090518100696アルバーシャ　　　　　　　　　　　　 14.7  2.8  5.7  5.6  3.8 24  0.0                           
092123090618104688モンテディオ　　　　　　　　　　　　  3.9  1.4 15.9 12.9  9.7 30 17.7                           
092123090718100390サンライズゴラッソ　　　　　　　　　 16.7  3.0 -7.5 -6.5 -4.7 15  0.0                           
092123090818105088テンカハル　　　　　　　　　　　　　 26.8  4.4 -5.6  1.0 -1.8 18  0.0                           
092123100116103272スキップ　　　　　　　　　　　　　　 26.0  4.0 -0.2  6.6  1.9 32  0.0                           
092123100217105662リアンティサージュ　　　　　　　　　  1.9  1.2 18.4 21.5 13.2 43 16.2                           
092123100316106007ミッキーバディーラ　　　　　　　　　  3.4  1.3 16.4 19.5 11.9 42 17.7                           
092123100415101549ディアボレット　　　　　　　　　　　 14.4  2.5  1.2  6.6  2.4 32 16.5                           
092123100515102395ルールダーマ　　　　　　　　　　　　 23.0  3.6-10.9-17.3 -9.2 21  0.0  0                        
092123100616102439ワンダーアフィラド　　　　　　　　　 14.0  2.5  2.9  0.0  1.1 31  0.0                           
092123100715101537セトノシャトル　　　　　　　　　　　 16.0  2.7  1.1 -6.2 -1.5 29  0.0  5                        
092123100817100796ルーチェデラヴィタ　　　　　　　　　 14.0  2.5 10.9 -5.4  2.4 32  0.0  0                        
092123100917106417マテンロウディーバ　　　　　　　　　  5.6  1.5 10.5 15.0  8.4 38 19.1                           
092123110113102205ヒロブレイブ　　　　　　　　　　　　 23.2  5.0 -5.6 -1.8 -2.6 42 29.4                           
092123110215101046ホウショウナウ　　　　　　　　　　　 40.6  8.2-10.9 -6.5 -5.9 39  0.0                           
092123110315103616メイショウオーパス　　　　　　　　　 18.4  4.2 -5.6-12.3 -5.7 39  0.0                           
092123110417110088イモータルスモーク　　　　　　　　　 44.3  8.9 -9.7-10.6 -6.7 38  0.0                           
092123110517106084メイショウテンスイ　　　　　　　　　 31.2  6.5 -4.1  6.2  0.4 45  0.0                           
092123110614102145サヴィ　　　　　　　　　　　　　　　  6.2  2.0 15.7 20.3 11.8 57  0.0                           
092123110713106012バティスティーニ　　　　　　　　　　 16.8  3.8 -5.6  6.2 -0.2 45  0.0                           
092123110814100618リアンヴェリテ　　　　　　　　　　　  7.5  2.2 14.5 10.7  8.5 54 14.4                           
092123110915103875ビリーバー　　　　　　　　　　　　　 50.3 10.1 -9.7-10.6 -6.7 38  0.0                           
092123111015101174ロードアクシス　　　　　　　　　　　 27.5  5.8 -8.3-16.1 -7.9 37  0.0  0                        
092123111115105114ミッキーワイルド　　　　　　　　　　 17.7  4.0 -5.6  3.1 -1.1 44  0.0                           
092123111214100190スナークライデン　　　　　　　　　　 43.6  8.8 -5.6 -9.2 -4.8 40  0.0                           
092123111316103291レシプロケイト　　　　　　　　　　　 13.1  3.2 -4.2 12.8  2.3 47 22.1                           
092123111415103221ヒラボクラターシュ　　　　　　　　　 22.0  4.8-10.9  3.5 -2.9 42  0.0                           
092123111516102199テーオーターゲット　　　　　　　　　  3.0  1.4 12.4 15.9  9.3 54 16.2                           
092123111615104975グレートウォリアー　　　　　　　　　  4.4  1.7 18.4 12.7 10.6 56  0.0                           
092123120116105713ハヤブサナンデクン　　　　　　　　　  6.5  2.3 -0.2  6.5  1.9 32 14.4                           
092123120217110076ニュートンテソーロ　　　　　　　　　  6.2  2.2  5.8  4.0  3.3 33  0.0                           
092123120317100005リトルクレバー　　　　　　　　　　　 12.6  3.6 -0.9 -5.6 -2.0 28 25.0                           
092123120417101036クリノホノオ　　　　　　　　　　　　 16.2  4.4-11.5 -2.9 -5.1 25  0.0                           
092123120517103184トゥルブレンシア　　　　　　　　　　  9.1  3.0 13.8 17.5 10.3 40  0.0                           
092123120617103160オーケーメジャー　　　　　　　　　　 28.4  7.1-11.5-16.1 -9.0 21  0.0  0                        
092123120716105310プチティラン　　　　　　　　　　　　 28.6  7.1-10.9 -9.7 -6.9 23  0.0                           
092123120817105356ヴェルテックス　　　　　　　　　　　  5.2  2.0  1.8 15.6  5.3 35 16.2                           
092123120917105982ロッキーサンダー　　　　　　　　　　 11.9  3.4 -6.1-10.4 -5.4 25 23.5                           
092123121016105030ペルクナス　　　　　　　　　　　　　 16.0  4.4-10.9  4.1 -2.8 27  0.0                           
092123121117104687アジャストザルート　　　　　　　　　  5.4  2.1 -2.6  6.3  0.9 31  0.0                           
092123121217103464テイエムホイッスル　　　　　　　　　 16.2  4.4  2.9 13.5  5.1 35  0.0                           
092123121316100638アイキャンテーラー　　　　　　　　　 19.9  5.2-11.5 -9.0 -6.9 23  0.0                           
092123121416103289モダスオペランディ　　　　　　　　　 13.8  3.8  7.9 11.2  6.3 36  0.0                           
