052015010117101113シャイニーコースト　　　　　　　　　 49.1  9.9-10.4-11.8 -7.4 -2  0.0                           
052015010217105278マクラーレンベール　　　　　　　　　 23.5  5.1-10.0 -8.9 -6.3 -1  0.0  5                        
052015010317104006タイムカプセル　　　　　　　　　　　192.0 35.7-10.4 -9.9 -6.8 -2  0.0                           
052015010417101226ヘニービュット　　　　　　　　　　　 65.7 12.6-11.4-13.9 -8.5 -4  0.0                           
052015010517102200ナックジーニアス　　　　　　　　　　 24.2  5.2 -6.0 12.1  2.6  8  9.6                           
052015010617105398タイダルフォース　　　　　　　　　　 37.5  7.7-11.4 -2.3 -4.3  1  0.0                           
052015010717104373トーセンリヤン　　　　　　　　　　　  8.3  2.4  9.0 14.6  8.1 13  0.0                           
052015010817101424バルドダンサー　　　　　　　　　　　  5.9  1.9 10.1 -6.5  0.6  6  6.3                           
052015010917100067ネオトゥルー　　　　　　　　　　　　 19.3  4.3  1.3 -5.8 -1.7  3  0.0                           
052015011017102289チートコード　　　　　　　　　　　　  4.0  1.6-10.0 11.5  1.2  6 14.0                           
052015011117105689クロッチ　　　　　　　　　　　　　　  6.5  2.0 13.2 12.1  8.4 13 16.3                           
052015011217104386トーセンリズム　　　　　　　　　　　 19.4  4.4  8.4 -4.7  0.8  6  8.6                           
052015011317104440トーセンマイベスト　　　　　　　　　 13.8  3.3  7.1 -9.7 -1.4  4  0.0                           
052015011417102147トミケンレゲンダ　　　　　　　　　　  3.3  1.5 15.0  8.5  7.6 13 12.8                           
052015011517101267キタノフウライジン　　　　　　　　　 48.7  9.8-10.0 -6.2 -5.3  0  0.0                           
052015011617103921ゼクスバンデ　　　　　　　　　　　　 68.3 13.1-11.4 -9.6 -6.9 -2  0.0  0                        
052015020117103736サクラヴァルール　　　　　　　　　　  7.4  1.9 12.3 13.8  8.8 14 16.3                           
052015020217106342タイタンブレイン　　　　　　　　　　  6.5  1.8 10.4 11.7  7.4 12  6.3                           
052015020317102703ネイチャーローズ　　　　　　　　　　101.4 15.5-13.4 -8.4 -7.1 -2  0.0                           
052015020417103606ミヤビキング　　　　　　　　　　　　 29.7  5.1 -6.0  7.8  1.1  6  8.7                           
052015020517100549ゲンキチボン　　　　　　　　　　　　 48.5  8.0 -6.5  7.6  0.8  6  0.0                           
052015020617105944ドリームロマン　　　　　　　　　　　 66.6 10.4-13.4 -8.4 -7.1 -2  0.0                           
052015020717106410キューブリック　　　　　　　　　　　 57.4  9.1 -4.1 -2.1 -2.0  3  0.0  0                        
052015020817105499キールカーディナル　　　　　　　　　 16.8  3.2  1.4-10.0 -3.2  2  0.0                           
052015020917104251エアリアルシティー　　　　　　　　　118.2 18.0-10.4-10.1 -6.8 -2  0.0                           
052015021017100911エンパイアブレイズ　　　　　　　　　 50.6  8.3-10.0-11.1 -7.1 -2  0.0                           
052015021117101438ウインラディアント　　　　　　　　　 17.8  3.4 20.0 -0.2  5.9 11  0.0  0                        
052015021217103094クンクンクン　　　　　　　　　　　　118.2 18.0-13.1 -6.8 -6.4 -1  0.0                           
052015021317104758メジャーブレイク　　　　　　　　　　  2.3  1.2 15.5 12.7  9.3 14 18.1                           
052015021417104818ダルムシュタット　　　　　　　　　　  3.6  1.4 13.6 26.0 13.6 19 14.0  2                        
052015021517103564インビジブルナイツ　　　　　　　　　 10.8  2.3 10.1 14.7  8.4 13  0.0  2                        
052015021617103706フリーファッション　　　　　　　　　109.5 16.7-10.0-20.0-10.3 -5  0.0  0                        
052015030117101576ヒロキング　　　　　　　　　　　　　  4.8  1.7 12.0 11.0  7.6 13  6.3  5                        
052015030217100010テンチシンメイ　　　　　　　　　　　 13.3  3.2  4.3 -8.4 -1.8  3  0.0                           
052015030317102141オンリーワンボーイ　　　　　　　　　 16.9  3.9  6.7 -0.7  1.8  7  0.0                           
052015030417110150セイウンソルジャー　　　　　　　　　 93.7 17.7-10.0 -8.5 -6.1 -1  0.0                           
052015030517106343タイキグロワール　　　　　　　　　　 28.0  5.9-11.4  5.0 -1.6  3  0.0                           
052015030617100985トキメキナイス　　　　　　　　　　　 14.2  3.4-10.0 12.0  1.4  6 11.6  5                        
052015030717104185フェスティヴスーリ　　　　　　　　　 51.2 10.2-11.4 -0.6 -3.6  1  0.0                           
052015030817103649ブライトオーシャン　　　　　　　　　  7.6  2.3 14.2 19.4 11.4 16  6.7                           
052015030917106735センノベステス　　　　　　　　　　　 76.5 14.6 -8.7-16.6 -8.7 -4  0.0                           
052015031017104947サトノアレックス　　　　　　　　　　  2.9  1.4 20.0 19.7 13.2 18 18.1                           
052015031117101078エコロキングダム　　　　　　　　　　 73.5 14.0-11.4-12.2 -7.9 -3  0.0                           
052015031217104488セイユメアカリ　　　　　　　　　　　 13.4  3.2  6.8 -7.8 -0.8  4  0.0                           
052015031317106470アテンミラクル　　　　　　　　　　　216.2 39.9-11.4 -7.8 -6.3 -1  0.0                           
052015031417101376ビレッジイーグル　　　　　　　　　　 26.7  5.6-11.4 -8.6 -6.6 -2  9.1                           
052015031517110167アイノア　　　　　　　　　　　　　　 27.1  5.7 10.0  0.7  3.3  8  0.0                           
052015031617100531シゲルタイタン　　　　　　　　　　　  4.7  1.7 15.0 16.8 10.7 16 14.0                           
052015040117103793ヒシタイザン　　　　　　　　　　　　 44.2  8.1-12.5-10.1 -7.5 13  0.0                           
052015040217104420フェイバリット　　　　　　　　　　　134.0 22.7-11.4 -3.3 -4.6 15  0.0                           
052015040317103792ノクターンノーツ　　　　　　　　　　 16.4  3.5-12.5  2.2 -2.9 17  0.0                           
052015040417102844コードジェニック　　　　　　　　　　 92.7 15.9-12.5-10.1 -7.5 13  0.0                           
052015040517102704ジャッジ　　　　　　　　　　　　　　 31.6  6.0-11.4 -6.5 -5.8 14  0.0                           
052015040617106337タイキルークス　　　　　　　　　　　 70.3 12.2 -9.2 -7.3 -5.4 15  0.0  0                        
052015040717101051セイエスコート　　　　　　　　　　　117.7 20.0-11.4-11.8 -7.7 12  0.0                           
052015040817102022アイスナイン　　　　　　　　　　　　 15.3  3.3 10.0  6.8  5.5 25 16.4                           
052015040917105170アイスシェルフ　　　　　　　　　　　  9.1  2.4 13.7  8.0  7.0 27  6.7                           
052015041017104632ベイサイドブルー　　　　　　　　　　  7.3  2.1 17.0  1.1  5.5 26  0.0                           
052015041117104819ダノンファスト　　　　　　　　　　　  2.9  1.4 21.2 25.6 15.7 36 12.8  1  140   48              
052015041217105271ヴィンカマヨール　　　　　　　　　　 27.0  5.2  7.3-11.1 -1.9 18 13.0                           
052015041317103042シゲルミカヅキ　　　　　　　　　　　 37.3  7.0-11.4-12.0 -7.8 12  0.0                           
052015041417103117ラブリーエンジェル　　　　　　　　　 10.6  2.5  2.8  7.6  3.6 24 17.5                           
052015041517101010テーオーケインズ　　　　　　　　　　  3.5  1.5 15.5 14.6 10.0 30  5.8                           
052015041617103617サンダーブリッツ　　　　　　　　　　 11.9  2.7  6.1 11.8  6.2 26  0.0                           
052015050117102926ノボユキ　　　　　　　　　　　　　　 36.8  6.7 -8.0  6.9  0.1  5  0.0                           
052015050217106093フィオーレカフェ　　　　　　　　　　 29.4  5.5 -6.2  2.0 -1.1  4  0.0                           
052015050317103704トレンディー　　　　　　　　　　　　198.3 32.4-10.0-20.0-10.3 -5  0.0  0                        
052015050417103665ミスファビュラス　　　　　　　　　　 34.1  6.3 -6.0 -0.5 -2.0  3  0.0                           
052015050517100643ヨンウォニ　　　　　　　　　　　　　 55.5  9.6 -8.6 -5.3 -4.5  0  0.0  0                        
052015050617102968ニシノルーチェ　　　　　　　　　　　 44.0  7.9-10.0-14.5 -8.3 -3  0.0  0                        
052015050717101997ブンロート　　　　　　　　　　　　　  4.4  1.5 17.5  9.8  8.8 14 14.0                           
052015050817101987バイカル　　　　　　　　　　　　　　 30.5  5.7  6.2 -8.9 -1.4  4  0.0  5                        
052015050917102460ネイチャークイーン　　　　　　　　　 33.5  6.2 -4.6 -8.4 -4.5  1  0.0                           
052015051017104526アプローズパワー　　　　　　　　　　111.5 18.5-10.4-14.3 -8.4 -3  0.0  0                        
052015051117104831ネネサマ　　　　　　　　　　　　　　 19.1  3.9  0.5 -4.9 -1.6  3  0.0  0                        
052015051217105475デイトライン　　　　　　　　　　　　  2.4  1.2 19.7 17.1 12.2 17 18.1                           
052015051317104372ネイジュ　　　　　　　　　　　　　　 20.9  4.2  7.7  7.9  5.2 10  0.0                           
052015051417106584ザンセツ　　　　　　　　　　　　　　  4.8  1.6 20.0 14.8 11.4 16 15.2                           
052015051517104296マヤチャン　　　　　　　　　　　　　  5.8  1.7  4.8 24.2 10.3 15 13.5                           
052015051617100018キタノストラーダ　　　　　　　　　　 61.4 10.5-10.4-20.0-10.5 -5  0.0  0                        
052015060117101254メイプルスター　　　　　　　　　　　 33.8  5.8 -9.2 -6.3 -5.1 -5  0.0  0                        
052015060217104525ショウナンハリマオ　　　　　　　　　  3.3  1.4 20.0 23.7 14.7 15 11.6                           
052015060317105220アルベロベッロ　　　　　　　　　　　  2.5  1.2 18.0 23.1 13.9 14 18.1  2                        
052015060417105063ロッタチャンセズ　　　　　　　　　　  5.8  1.7 11.5 13.7  8.5  8  8.9  3                        
052015060517100250クラウンフォース　　　　　　　　　　 11.1  2.4 14.3  2.6  5.2  5 14.5                           
052015060617101176マラビジョーソ　　　　　　　　　　　 35.8  6.1-11.4-11.4 -7.6 -8  0.0                           
052015060717101938マイネルロベルト　　　　　　　　　　 38.0  6.5 -8.5  5.8 -0.4  0  0.0                           
052015060817103636ブローガンダーツ　　　　　　　　　　 96.6 15.1-10.4 -9.9 -6.8 -7  0.0                           
052015060917104848デルマヒスイ　　　　　　　　　　　　 79.6 12.5-11.4-12.7 -8.1 -8  0.0                           
052015061017106454メイショウカイコウ　　　　　　　　　 16.7  3.3  7.5  0.7  2.5  3  0.0                           
052015061117103973タツオウカケンラン　　　　　　　　　  7.3  1.9 10.1  7.3  5.7  6  9.6                           
052015061217102503ジュウワンエース　　　　　　　　　　 37.4  6.4-11.4-13.0 -8.2 -8  0.0                           
052015061317102434スマイルフェイス　　　　　　　　　　 29.0  5.1  0.3 -1.1 -0.3  0  0.0  0                        
052015061417103848グレースケール　　　　　　　　　　　 41.0  6.9 -6.2-14.3 -7.1 -7  0.0  0                        
052015070114103615ダイイチターミナル　　　　　　　　　 14.2  3.2  2.0 -3.7 -0.8 19 11.6C 0                        
052015070216106379フジマサディープ　　　　　　　　　　 32.3  6.3 -5.9  7.1  0.8 21  0.0                           
052015070316103099カンパーニャ　　　　　　　　　　　　 19.8  4.2  3.6-14.6 -4.3 16  0.0  0                        
052015070414105470レーヌジャルダン　　　　　　　　　　 38.0  7.2 -8.7 -7.2 -5.3 15  0.0  0                        
052015070516103668ヘイワノツカイ　　　　　　　　　　　  4.8  1.7 15.5 14.6 10.0 30 14.0  3                        
052015070616104363パラレルキャリア　　　　　　　　　　 10.7  2.5  4.2 18.7  8.1 28  0.0                           
052015070716105431ウエスタンランポ　　　　　　　　　　132.8 23.0-11.4-10.0 -7.1 13  0.0                           
052015070815105035サクステッド　　　　　　　　　　　　 11.9  2.8  7.6 16.0  8.1 28  7.2                           
052015070916106009ボニーソックス　　　　　　　　　　　118.4 20.6-11.4 -8.3 -6.5 14  0.0                           
052015071015102558トウカイオルデン　　　　　　　　　　 34.9  6.7 -6.5  7.1  0.7 21  0.0                           
052015071116110163オフウィドゥス　　　　　　　　　　　  7.2  2.1 12.4 10.9  7.7 28  6.2                           
052015071215104617レッドヴァール　　　　　　　　　　　  2.5  1.3 16.5 15.4 10.6 31 18.1                           
052015071316100030レディードリー　　　　　　　　　　　 13.1  3.0 -2.4  6.0  1.5 21  7.7                           
052015071416104831シャンデフレーズ　　　　　　　　　　 20.0  4.2  1.3 -3.2 -0.8 19  0.0                           
052015071515103343アイアムヒメ　　　　　　　　　　　　 48.3  9.0-10.0-11.8 -7.3 13  0.0                           
052015071613101630クィーンビー　　　　　　　　　　　　 31.1  6.1-11.4 -5.6 -5.5 15  0.0  0                        
052015080116100951プリティドール　　　　　　　　　　　 36.7  7.8 -6.2  7.1  0.7 21  0.0                           
052015080216102778アポロノワキザシ　　　　　　　　　　 50.2 10.4-11.0-12.2 -7.8 12  0.0                           
052015080316104477グレイスアン　　　　　　　　　　　　  3.5  1.5 12.0 16.9  9.8 30 18.1                           
052015080416100505フィリーズラン　　　　　　　　　　　  8.9  2.6  6.0 10.4  5.6 26  7.2                           
052015080515100705コスモフェリーク　　　　　　　　　　107.5 20.9-10.0 -0.6 -3.2 17  0.0                           
052015080616104464イベリスリーフ　　　　　　　　　　　 14.1  3.4  7.0  8.2  5.1 25  8.2                           
052015080716106005マーチャンスルー　　　　　　　　　　153.9 29.7-11.4-12.7 -8.1 12  0.0                           
052015080815104870ネイビーアッシュ　　　　　　　　　　 19.0  4.4 -3.3  3.9  0.4 20  0.0  5                        
052015080916101377アテンフェアリー　　　　　　　　　　 12.4  3.1 10.0  6.4  5.3 25  0.0                           
052015081016105122スターアイランド　　　　　　　　　　 18.9  4.4  6.0 -9.9 -1.8 18  0.0                           
052015081116104078ホウオウモントレー　　　　　　　　　  8.7  2.6 11.1  9.9  7.0 27  9.6                           
052015081216100474コウジンシックス　　　　　　　　　　 60.0 12.0-11.4 -6.5 -5.8 14  0.0                           
052015081316105686アンジェリーブル　　　　　　　　　　  4.2  1.6-10.4  9.5  0.4 20  8.2A                          
052015081414102358スマイルプリティ　　　　　　　　　　108.9 21.2-10.0 -5.8 -5.1 15  0.0                           
052015081515103256タツオウカランブ　　　　　　　　　　 21.1  4.8-10.0  0.3 -2.9 17  0.0                           
052015081616103953アイアムピッカピカ　　　　　　　　　  4.7  1.7 20.0  5.8  8.1 28 12.5                           
052015090115106344アシェット　　　　　　　　　　　　　119.9 22.7-11.4-11.4 -7.6 22  0.0                           
052015090215104977グラマラスライフ　　　　　　　　　　 31.9  6.7 -2.2 -4.7 -2.4 28  0.0                           
052015090316103138ビックピクチャー　　　　　　　　　　 18.1  4.1  7.2-10.9 -1.8 28  0.0                           
052015090415104346エバーミランダ　　　　　　　　　　　 20.3  4.6-11.0  2.3 -2.5 28  0.0                           
052015090515104752クリッパー　　　　　　　　　　　　　 19.6  4.4-10.0 13.7  2.0 32  0.0                           
052015090616104641シーオブザムーン　　　　　　　　　　 23.2  5.0-10.0  8.6  0.2 30 10.6  5                        
052015090714102387モリトシラユリ　　　　　　　　　　　 28.8  6.1-10.0-12.7 -7.7 22  0.0                           
052015090814106051アルミレーナ　　　　　　　　　　　　 14.0  3.4 -0.1 -2.4 -0.9 29  0.0                           
052015090915105352ジョブックコメン　　　　　　　　　　 14.1  3.4 -1.0  2.0  0.4 30  7.7                           
052015091016104262アップライトスピン　　　　　　　　　  3.6  1.5 16.2 20.8 12.5 42 18.1                           
052015091116105051シングフォーユー　　　　　　　　　　  3.7  1.5 15.8 12.8  9.4 39 19.8                           
052015091216106316ミモザイエロー　　　　　　　　　　　 20.9  4.7  4.4-10.4 -2.5 28  0.0                           
052015091315104612テンワールドレイナ　　　　　　　　　 19.9  4.5  3.2 16.5  7.0 37 13.0                           
052015091416103064ショウナンバビアナ　　　　　　　　　 10.9  2.8 -6.5 -9.7 -5.5 24  0.0                           
052015091515104627アストラサンタン　　　　　　　　　　  5.4  1.8 11.0 10.4  7.1 37  0.0                           
052015100116102073ホープフルサイン　　　　　　　　　　 17.0  4.2-10.0 -5.8 -5.1 30  0.0                           
052015100215101633ムーンチャイム　　　　　　　　　　　 13.4  3.4  3.6  2.9  2.1 37  0.0                           
052015100314105682ベストアクター　　　　　　　　　　　  6.5  2.2  6.0 12.9  6.5 42  6.3                           
052015100414105053チカノワール　　　　　　　　　　　　 20.5  4.9-12.5-10.1 -7.5 28  0.0                           
052015100514105018マイネルバールマン　　　　　　　　　 28.2  6.4-11.4-10.0 -7.1 28  0.0                           
052015100615102991ペプチドバンブー　　　　　　　　　　 32.5  7.2-12.5 -8.3 -6.8 28  0.0                           
052015100714104304デスティニーソング　　　　　　　　　118.2 23.9-12.5 -8.3 -6.8 28  0.0                           
052015100816104289ショウナンタイガ　　　　　　　　　　 33.9  7.5-12.5 -4.8 -5.5 29  0.0                           
052015100914104076ジョーアラビカ　　　　　　　　　　　  3.4  1.6 22.0 19.5 13.8 49  7.5  2                        
052015101015104699フレッチア　　　　　　　　　　　　　  5.1  1.9 11.4 15.6  9.1 44  8.2                           
052015101114105951ミリッサ　　　　　　　　　　　　　　 32.7  7.3-12.5-15.4 -9.4 26  0.0  0                        
052015101216104434シトラスノート　　　　　　　　　　　 10.7  2.9  6.0 -1.9  1.1 36  7.7  5                        
052015101316104491ナンヨーイザヨイ　　　　　　　　　　 30.9  6.9  0.7-10.6 -3.7 31 10.1                           
052015101416101344トウカイオラージュ　　　　　　　　　  7.1  2.3 16.0 13.0  9.6 45 23.1                           
052015101515105970アンリミット　　　　　　　　　　　　  9.5  2.8 11.4  0.4  3.6 39  7.2  5                        
052015101611101149ウインフェニックス　　　　　　　　　 47.5 10.3-10.0 -9.7 -6.6 28  0.0                           
052015110117105576ミヤマザクラ　　　　　　　　　　　　  4.2  1.6 22.7 20.1 14.2 64 11.8                           
052015110217102178メルテッドハニー　　　　　　　　　　 42.9  9.2-10.0-12.5 -7.6 42  0.0                           
052015110317105496ルナシオン　　　　　　　　　　　　　  4.3  1.6 11.8 21.8 11.5 62  6.3  2                        
052015110417105536アミークス　　　　　　　　　　　　　 14.9  3.7  4.3 -3.1  0.2 50  0.0  0                        
052015110517105893セイウンヴィーナス　　　　　　　　　 69.2 14.1-10.0 -5.8 -5.1 45  0.0                           
052015110617101821シャンドフルール　　　　　　　　　　 15.4  3.8  7.1  9.1  5.5 55  0.0                           
052015110717103123ヤマニンプレシオサ　　　　　　　　　 37.5  8.2-10.0 -8.9 -6.3 44  0.0                           
052015110817103064サナチャン　　　　　　　　　　　　　 58.9 12.1-10.0 -9.2 -6.4 44  0.0                           
052015110917104804マジックキャッスル　　　　　　　　　  5.9  2.0 17.5 14.7 10.6 61  6.8                           
052015111017105449アカノニジュウイチ　　　　　　　　　  7.1  2.3  6.0 11.5  6.0 56 17.5                           
052015111117100511アールクインダム　　　　　　　　　　 19.8  4.7-10.0-14.5 -8.3 42  0.0                           
052015111217105426ホウオウピースフル　　　　　　　　　  3.9  1.6 10.8 20.7 10.8 61 12.8  3                        
052015111317100041チアチアクラシカ　　　　　　　　　　 29.9  6.6 -3.6-12.7 -5.7 44  0.0                           
052015111417104059インザムービー　　　　　　　　　　　 43.2  9.3-10.8-14.2 -8.4 42  0.0                           
052015120116106321タマモジャイブ　　　　　　　　　　　  5.3  1.9 15.0  4.9  6.3 36 12.5                           
052015120216104561インバウンド　　　　　　　　　　　　 14.3  3.6  6.0 14.9  7.3 37  0.0                           
052015120316104157ベアクアウフ　　　　　　　　　　　　 32.4  7.3-11.4-11.3 -7.6 22  0.0                           
052015120414104192オールウェイズゼア　　　　　　　　　 29.1  6.6 -5.9 -1.7 -2.4 28 13.7C 5                        
052015120515104320セイウンリリシイ　　　　　　　　　　 19.1  4.7  0.0 -8.5 -3.1 27  0.0                           
052015120615100918トラストロン　　　　　　　　　　　　  6.8  2.2 11.0 22.8 11.7 42 14.5                           
052015120715100131ロジヒューズ　　　　　　　　　　　　 16.6  4.1 -0.8  5.9  1.9 32  0.0                           
052015120812101232フクノグリュック　　　　　　　　　　108.0 22.3-11.4-11.1 -7.5 23  0.0                           
052015120916103768ケイアイビリジアン　　　　　　　　　  6.5  2.2  0.5  5.8  2.3 32  9.6                           
052015121015103802コスモビスティー　　　　　　　　　　 31.2  7.1 -9.2-13.3 -7.6 22  0.0                           
052015121115101348プタハ　　　　　　　　　　　　　　　  4.4  1.7 10.0 16.2  8.9 39  5.8                           
052015121212102542カゼノドリーム　　　　　　　　　　　126.0 25.9-10.4-20.0-10.5 20  0.0  0                        
052015121315103431キョウエイオビエド　　　　　　　　　 58.4 12.4-10.4-19.5-10.3 20  0.0  0                        
052015121414102262ミスパイロ　　　　　　　　　　　　　  4.1  1.7 20.0 18.8 12.9 43  7.5  3                        
052015121515103295スリーミニオン　　　　　　　　　　　 49.4 10.8-10.0 -1.9 -3.7 26  0.0                           
052015121615106345クリムズンフラッグ　　　　　　　　　 15.9  4.0  1.3 -4.7 -1.3 29  8.2                           
082025010117101881アンティークブーケ　　　　　　　　　 49.3  8.7 -5.6-12.7 -5.9 -1  0.0                           
082025010217106089メイショウイコロ　　　　　　　　　　 19.5  3.9  1.2 21.3  6.8 12 10.1                           
082025010317104101タンバアンジェラ　　　　　　　　　　 85.6 14.3-11.4-18.8 -9.8 -5  0.0  0                        
082025010417102194ウォッチミー　　　　　　　　　　　　 43.8  7.8-10.9 -4.1 -5.2  0  0.0                           
082025010517103320ウンダモシタン　　　　　　　　　　　 23.0  4.4  0.7 12.6  4.0  9  0.0                           
082025010617106437ベアトリーチェ　　　　　　　　　　　 42.8  7.7-10.9-10.2 -7.1 -2  0.0                           
082025010717103083ヨドノプルメリア　　　　　　　　　　138.7 22.7-10.9-14.4 -8.3 -3  0.0  0                        
082025010817104287オスカーステージ　　　　　　　　　　 39.2  7.1-10.9 -8.6 -6.6 -2  0.0                           
082025010917100812デルマクリスタル　　　　　　　　　　 59.5 10.1 -5.6  2.8 -1.2  4  0.0                           
082025011017102253チョウソダネー　　　　　　　　　　　 69.9 11.8-10.8 -5.7 -5.7 -1  0.0                           
082025011117102827ミモザアカシア　　　　　　　　　　　 24.2  4.6-10.9-14.7 -8.4 -3 16.2                           
082025011217103798コンゴウレイワ　　　　　　　　　　　 11.0  2.5  8.2 11.0  6.3 11 24.5                           
082025011317103831ロゼキルシュ　　　　　　　　　　　　  3.4  1.4 18.4 17.3 11.9 17 19.6                           
082025011417103816ヤングブラッド　　　　　　　　　　　  4.6  1.5 13.7 11.5  8.5 13  0.0  5                        
082025011517104930レジェモー　　　　　　　　　　　　　  2.8  1.3 17.5 24.6 13.8 19  5.7  1  286   44              
082025011617100772ラインエンジェル　　　　　　　　　　 10.6  2.4  9.5 13.6  7.6 13 10.3  3                        
082025020117106407メイショウフルサト　　　　　　　　　 28.9  5.1-10.9-11.6 -7.5 -2  0.0                           
082025020217102831セルファース　　　　　　　　　　　　  4.4  1.4 18.0 15.3 11.2 16 19.6                           
082025020317104096サンライズヘルメス　　　　　　　　　 28.6  5.1  1.2 -9.0 -2.3  3  0.0                           
082025020417104940ピエナファリア　　　　　　　　　　　 16.4  3.2  0.5  7.4  2.4  7  0.0                           
082025020517103313レーベンレジェンダ　　　　　　　　　 26.5  4.7-10.9 -6.9 -6.1 -1  0.0                           
082025020617100543シフクユウヒ　　　　　　　　　　　　 39.9  6.8-11.4-18.8 -9.8 -5  0.0  0                        
082025020717102077ヴァシリアス　　　　　　　　　　　　  2.1  1.2 20.2 18.8 13.0 18  8.1                           
082025020817104056サトノスライヴ　　　　　　　　　　　 11.9  2.5 -0.2 23.6  7.0 12 24.5                           
082025020917101722タガノトランキーロ　　　　　　　　　  4.5  1.5 12.4 17.1  9.7 15 14.9                           
082025021017104581ゼンダンイワミ　　　　　　　　　　　 30.2  5.3  1.2  9.4  3.3  8  0.0                           
082025021117104782テランガ　　　　　　　　　　　　　　  7.9  2.0 12.3 10.8  7.8 13 12.6  5                        
082025030117100155メメモンロー　　　　　　　　　　　　 39.3  8.3-10.9-10.2 -7.1 -2  0.0                           
082025030217110019パワーオーソリティ　　　　　　　　　 37.2  7.9-10.9 -8.6 -6.6 -2  0.0                           
082025030317104729マイレリーフ　　　　　　　　　　　　 41.4  8.7  1.2  7.2  2.6  8  0.0                           
082025030417104869ライトマイファイア　　　　　　　　　 18.5  4.3 -0.2  8.1  2.4  7  0.0                           
082025030517110155ジャスパーエース　　　　　　　　　　 12.8  3.2  2.9 15.2  5.6 11  0.0                           
082025030617101864ジュアン　　　　　　　　　　　　　　 55.3 11.2-10.9-14.7 -8.4 -3  0.0  0                        
082025030717105790ノーセキュリティ　　　　　　　　　　  4.1  1.6  9.1 17.0  8.4 13  9.6                           
082025030817106159モズアスカ　　　　　　　　　　　　　 25.2  5.6 -4.1 -8.7 -4.1  1  0.0  0                        
082025030917110045フラミンゴフライト　　　　　　　　　  3.9  1.5 16.5 23.9 13.2 18 17.0 1                         
082025031017103067グラシーナ　　　　　　　　　　　　　 44.9  9.4-10.9-12.1 -7.6 -3  0.0                           
082025031117103898タイガーインディ　　　　　　　　　　  8.3  2.5 10.4-10.8  0.6  6  0.0                           
082025031217110049エイシンアンヴァル　　　　　　　　　  3.8  1.5 14.2 16.8 10.2 15 18.0                           
082025031317110135トレーンベアラー　　　　　　　　　　  7.4  2.3  8.5  0.1  3.1  8 19.1  0                        
082025031417101859グリーンハイパワー　　　　　　　　　 42.7  9.0  1.8 -4.9 -0.8  4 19.8                           
082025031517101679ヴィクトリーナイト　　　　　　　　　 55.6 11.2-10.9 -5.7 -5.7 -1  0.0                           
082025031617102302ストロングバング　　　　　　　　　　 94.7 18.6-10.9-14.2 -8.3 -3  0.0                           
082025040115101022マヤノフロスティ　　　　　　　　　　  4.7  1.6 14.4 26.8 13.3 13  6.2                           
082025040213102362シゲルキハダマグロ　　　　　　　　　 37.1  7.1 -9.7-10.5 -6.7 -7  0.0                           
082025040313101799シャリオヴァルト　　　　　　　　　　  5.4  1.7 11.6 12.8  8.1  8 21.3                           
082025040416102989ロネガン　　　　　　　　　　　　　　 58.4 10.5 -9.7-10.5 -6.7 -7  0.0                           
082025040516100737シオンコタン　　　　　　　　　　　　 38.7  7.4 -9.7-10.5 -6.7 -7  0.0                           
082025040615104384ビッグスモーキー　　　　　　　　　　  2.5  1.3 20.2 22.2 14.1 14 18.0                           
082025040714100210ウインハイラント　　　　　　　　　　 37.4  7.2 -9.7 -1.3 -3.9 -4  0.0                           
082025040815103494ジョーカーワイルド　　　　　　　　　 35.7  6.9 -9.7 -2.0 -4.2 -4 12.0                           
082025040913101928マイネルラフレシア　　　　　　　　　 28.8  5.7 -9.7 -7.6 -5.8 -6  0.0                           
082025041015105634リスペクタブル　　　　　　　　　　　 16.6  3.6 10.4  7.0  5.9  6  0.0                           
082025041115104326モルドレッド　　　　　　　　　　　　 21.1  4.4  5.8  4.4  3.4  3  0.0                           
082025041216102964ビービーゲイル　　　　　　　　　　　 46.6  8.8 -9.7-10.5 -6.7 -7  0.0                           
082025041316103103ブラックワンダー　　　　　　　　　　 10.8  2.6  9.7  8.0  6.0  6  0.0                           
082025041412104463マサハヤドリーム　　　　　　　　　　  5.7  1.8  7.8 12.0  6.5  6 22.9                           
082025050117109047メイショウカリスマ　　　　　　　　　 43.8  7.0-10.9-11.6 -7.5 -2  0.0                           
082025050217104924ナリタアレス　　　　　　　　　　　　  3.7  1.4 14.1 13.1  9.1 14 19.6                           
082025050317105453ウェイトゥザトップ　　　　　　　　　  6.9  1.8  3.8 19.9  7.4 12  0.0  1  152   46              
082025050417102271ショウナンラオウ　　　　　　　　　　 24.0  4.1 -5.6 -2.1 -2.7  2  0.0  5                        
082025050517104852キャプテンドレイク　　　　　　　　　 18.8  3.4 -2.3  1.1 -0.5  4  0.0                           
082025050617100383サンライズデヴォン　　　　　　　　　 51.9  8.2-10.9 -9.0 -6.7 -2  0.0                           
082025050717100368ロックグラス　　　　　　　　　　　　 29.9  5.0-11.4-12.7 -8.0 -3  0.0                           
082025050817104989ストリクトコード　　　　　　　　　　 16.2  3.1  1.9  7.0  2.8  8  0.0                           
082025050917100577クリアショット　　　　　　　　　　　 17.9  3.3 10.2  6.9  5.8 11 22.6                           
082025051017105402ダノンセレスタ　　　　　　　　　　　  2.1  1.2 19.7 23.4 14.2 19 15.0                           
082025051117102851ラウンドレイ　　　　　　　　　　　　 52.1  8.2-10.9-11.4 -7.4 -2  0.0                           
082025051217101788ラレーヌデュバル　　　　　　　　　　 44.8  7.1-10.8-12.0 -7.6 -3  0.0                           
082025051317105477アイアンバローズ　　　　　　　　　　  7.1  1.8 12.9 15.1  9.3 14 22.9                           
082025060117103995ジャイアントリバー　　　　　　　　　 15.5  3.4  5.0  2.9  2.7  3 16.2  4                        
082025060217104594クレスコアンジェラ　　　　　　　　　  7.3  2.1 11.2 12.4  7.8  8 21.3                           
082025060317100597トーホウビビアン　　　　　　　　　　 68.3 12.0-11.4-12.7 -8.0 -8  0.0                           
082025060417101729タガノミュウミュウ　　　　　　　　　 26.7  5.2-10.9  7.2 -1.8 -2 14.0                           
082025060517106326メイショウアイノテ　　　　　　　　　 51.9  9.5-10.9-10.5 -7.1 -7  0.0                           
082025060617102759ワンダーシンシア　　　　　　　　　　 27.2  5.3 -5.6-14.8 -6.5 -6  0.0  0                        
082025060717103237サトノガイア　　　　　　　　　　　　 14.7  3.2  4.5  6.5  3.6  4 19.5                           
082025060817103170メイショウヒバリ　　　　　　　　　　  5.5  1.8 -3.6 21.6  5.2  5  0.0                           
082025060917103101ロードデルタ　　　　　　　　　　　　 33.5  6.4-10.9 -7.0 -6.1 -6  0.0                           
082025061017102191コウイチ　　　　　　　　　　　　　　  2.3  1.3 19.2 23.4 14.1 14 18.0                           
082025061117106123ビービーバンクシー　　　　　　　　　 13.0  2.9  1.2-15.5 -4.2 -4  0.0                           
082025061217103168メイショウノエル　　　　　　　　　　 62.3 11.0-11.4  0.6 -4.0 -4  0.0                           
082025061317103889ニホンピロブケーラ　　　　　　　　　 56.3 10.0 -8.7-20.0 -9.2 -9  0.0  0                        
082025061417105498ヴァルキュリア　　　　　　　　　　　 10.9  2.6  3.1-10.3 -2.0 -2  0.0                           
082025061517103048ニンギルス　　　　　　　　　　　　　 13.8  3.0 11.2  1.8  4.6  5  0.0                           
082025061617106062メイショウマサカツ　　　　　　　　　 41.8  7.8-10.9-15.1 -8.5 -9  0.0                           
082025070117104687アジャストザルート　　　　　　　　　  8.1  2.2 -5.4 -4.0 -3.2 17  0.0                           
082025070217100918クロカドッグ　　　　　　　　　　　　 57.1 10.2 -9.7-10.5 -6.7 13  0.0                           
082025070317104225ラーラクロリ　　　　　　　　　　　　 34.1  6.5 -8.7 -4.3 -4.5 16  0.0                           
082025070417106500エイシンガネーシャ　　　　　　　　　  2.8  1.4 17.2 15.4 10.9 31 15.6                           
082025070517100257フィロス　　　　　　　　　　　　　　 38.1  7.2-10.9 -5.7 -5.7 14  0.0                           
082025070617103341アイスヴィスタ　　　　　　　　　　　 24.6  4.9 -5.6 -3.8 -3.2 17  0.0                           
082025070717105141キッズアガチャー　　　　　　　　　　 25.4  5.0  2.0 18.2  6.2 26  0.0                           
082025070817104129イバル　　　　　　　　　　　　　　　  6.8  2.0 13.2 21.9 11.4 31 21.3  2                        
082025070917100925アポロアベリア　　　　　　　　　　　  3.8  1.5 18.0 20.1 12.6 33 16.4A                          
082025071017109161アストゥーリアス　　　　　　　　　　 15.6  3.4 -5.6 -7.0 -4.2 16 14.4                           
082025071117104967フェルカド　　　　　　　　　　　　　 29.1  5.7-10.9-11.8 -7.5 12  0.0                           
082025071217106365スズカパンサー　　　　　　　　　　　 95.5 16.7-10.9-14.6 -8.4 12  0.0  0                        
082025071317100992サンライズシェリー　　　　　　　　　 28.4  5.5  1.2 -9.0 -2.3 18  0.0                           
082025071417105292ダノンファラオ　　　　　　　　　　　 12.9  2.9  2.4 14.6  5.3 25 11.0                           
082025071517104238フームスムート　　　　　　　　　　　 25.2  5.0  5.8 -1.6  1.6 22  0.0                           
082025071617105608カヴァス　　　　　　　　　　　　　　 24.5  4.9-10.9  6.8 -2.0 18  0.0                           
082025080116104677イシュタルゲート　　　　　　　　　　  3.7  1.4 16.8 16.0 11.0 31 16.4                           
082025080215102620ベルクカッツェ　　　　　　　　　　　 42.7  8.5 -9.7-10.5 -6.7 13  0.0                           
082025080314102648トウシンアサヒ　　　　　　　　　　　 46.0  9.1-11.4-10.1 -7.2 13  0.0                           
082025080416100152シゲルヒラコー　　　　　　　　　　　 30.1  6.2 -5.9 -3.6 -3.2 17 17.1                           
082025080514100641キングレイスター　　　　　　　　　　 18.4  4.1  6.5-10.8 -0.9 19  0.0                           
082025080616102119ラデツキー　　　　　　　　　　　　　 16.1  3.7 -0.1 26.7  8.0 28 11.8                           
082025080716102156セデックカズマ　　　　　　　　　　　 18.3  4.1-10.9 -7.0 -6.1 14  0.0                           
082025080811103430オンワードハンター　　　　　　　　　 35.5  7.2-14.0-10.1 -8.2 12  0.0                           
082025080916106049スコルピウス　　　　　　　　　　　　  3.7  1.4 12.2 18.9 10.1 30 11.7  2                        
082025081016100174アイファーリーダー　　　　　　　　　 39.9  8.0-11.0-20.0-10.0 10  0.0  0                        
082025081116104219シホノフォルテ　　　　　　　　　　　  3.4  1.4 18.2 18.0 12.1 32  8.1                           
082025081213105566ミラクルユニバンス　　　　　　　　　  9.1  2.6  1.8  6.1  2.5 22  0.0                           
082025081316104293カズマークセン　　　　　　　　　　　  9.1  2.6 12.7 14.0  8.9 29 21.2                           
082025090114106472コパノピエール　　　　　　　　　　　 16.1  6.1-15.0 14.2 -1.2 29  0.0                           
082025090216100625アフランシール　　　　　　　　　　　  2.9  1.4 11.6 15.3  8.8 39 19.6                           
082025090311106610シベリアンタイガー　　　　　　　　　  7.9  3.4  5.8  3.5  3.2 33 11.0                           
082025090415104855メジャーレート　　　　　　　　　　　 18.4  6.9 -6.1-14.8 -6.7 23 10.7  0                        
082025090514106061ラプソディーア　　　　　　　　　　　  5.0  2.3  9.9 13.8  7.8 38  6.7                           
082025090616105144ハッシュゴーゴー　　　　　　　　　　  2.4  1.3 15.8 24.1 13.0 43 18.0                           
082025090716102534イーサンパンサー　　　　　　　　　　  6.2  2.8 18.3  8.4  9.2 39 12.6                           
082025100109103405スズカルパン　　　　　　　　　　　　 28.8  6.4-11.4 -5.7 -5.9 29  0.0                           
082025100215104512スヴァルナ　　　　　　　　　　　　　  8.7  2.6  3.8  7.7  3.7 39 11.8                           
082025100315101465ミスマンマミーア　　　　　　　　　　  7.2  2.3 -2.8 13.3  3.0 38 10.3                           
082025100416104907バラックパリンカ　　　　　　　　　　  8.5  2.6  4.4 11.4  5.0 40 17.2                           
082025100514105945ヘリファルテ　　　　　　　　　　　　 11.2  2.9  9.7 14.3  7.8 43  0.0                           
082025100614105125エーティーラッセン　　　　　　　　　  4.6  1.7 15.0 11.7  9.0 44 10.8                           
082025100714105788アドマイヤアゼリ　　　　　　　　　　 32.2  7.1-11.4-11.0 -7.5 28  0.0                           
082025100814105265マスターコード　　　　　　　　　　　 15.5  3.8 -5.6  0.1 -2.0 33 16.2                           
082025100916104990トーセンカンビーナ　　　　　　　　　  5.2  1.8 17.6 18.9 12.1 47 21.3                           
082025101011103632ヴィッセン　　　　　　　　　　　　　 17.2  4.2 -5.4 -2.4 -2.7 32  0.0  4                        
082025101116104397タイセイモナーク　　　　　　　　　　  3.6  1.5 15.1 22.9 12.4 47  0.0  1  159   46              
082025101213105031エクセレントミスズ　　　　　　　　　 39.8  8.6-11.4-10.5 -7.3 28  0.0                           
082025110112101505ブラックムーン　　　　　　　　　　　 14.3  3.5 -0.9  7.0  1.8 47  0.0                           
082025110215106153サトノフェイバー　　　　　　　　　　  3.1  1.5 20.3 11.8 11.0 56 18.0                           
082025110315104721アンコールプリュ　　　　　　　　　　 21.5  4.9 -3.6 -5.4 -2.9 42  0.0                           
082025110413109027キャプテンペリー　　　　　　　　　　 34.2  7.4 -9.7 -4.6 -4.9 40  0.0                           
082025110513105727レインボーフラッグ　　　　　　　　　  8.4  2.5  1.2 12.5  4.2 49 12.6  1  319   65              
082025110615104542ハーレムライン　　　　　　　　　　　 16.6  4.0  5.8 -7.2  0.0 45 17.1                           
082025110716104828ヴァルディゼール　　　　　　　　　　  5.5  1.9 11.8 21.8 10.9 56  6.7  2                        
082025110813110001ストロングタイタン　　　　　　　　　  8.9  2.7  2.8  1.0  1.3 46 11.0                           
082025110913106055アストラエンブレム　　　　　　　　　 11.6  3.0  7.9  3.5  3.9 49  0.0                           
082025111015104176フロンティア　　　　　　　　　　　　 12.0  3.1 -0.2 11.5  3.4 48 10.7                           
082025111113106128プロディガルサン　　　　　　　　　　 27.8  6.1 -9.7 -2.2 -4.2 41  0.0                           
082025111215104835ファストアプローチ　　　　　　　　　 48.6 10.3 -9.7-10.2 -6.6 38  0.0                           
082025111314102161カリビアンゴールド　　　　　　　　　  5.3  1.9 12.2 12.3  8.2 53  8.8                           
082025120112104467テキスタイルアート　　　　　　　　　 31.4  6.0 -9.7-10.5 -6.7 23  0.0                           
082025120216105682アイアムレジェンド　　　　　　　　　  2.5  1.3 21.8 13.9 12.2 42  8.1                           
082025120314100750マイネルブロッケン　　　　　　　　　  4.5  1.6 16.4 20.4 12.1 42  8.8                           
082025120413102021ルドルフィーナ　　　　　　　　　　　 80.1 13.9 -5.6-14.9 -6.5 23  0.0  0                        
082025120513101497テンノサクラコ　　　　　　　　　　　 42.5  7.9 -9.7-10.5 -6.7 23  0.0                           
082025120614100090アロマティカス　　　　　　　　　　　 55.9  9.9-11.4 -8.8 -6.8 23  0.0                           
082025120716109074メラン　　　　　　　　　　　　　　　 28.7  5.5 -6.8 -4.2 -3.8 26  0.0  0                        
082025120816104743ホウオウライジン　　　　　　　　　　 19.1  4.0 -5.6 -7.5 -4.3 26  0.0                           
082025120916100206ゴールデンライオン　　　　　　　　　 64.0 11.2-10.9-10.6 -7.2 23 15.1                           
082025121014105425ヘヴントゥナイト　　　　　　　　　　 11.1  2.6 -5.6  9.7  0.9 31  0.0                           
082025121114103848スズカスマート　　　　　　　　　　　  8.1  2.2  1.8 10.8  3.9 34 12.6                           
082025121215109076シャンボールナイト　　　　　　　　　 25.3  4.9 -9.7 -4.9 -5.0 25  0.0                           
082025121316104908ポップフランセ　　　　　　　　　　　  6.9  2.0  9.5 17.5  8.7 39  6.7                           
082025121415101512キャベンディッシュ　　　　　　　　　 14.3  3.1  5.8  7.7  4.4 34 14.4                           
082025121514104612ワタシノロザリオ　　　　　　　　　　 16.7  3.5  6.5  5.3  4.0 34 27.8                           
102019010117105347エオスモン　　　　　　　　　　　　　 19.6  4.7-12.0 -9.7 -7.3 -2  0.0                           
102019010217102190シゲルハクチョウザ　　　　　　　　　 15.9  4.0 12.0 -8.6  1.8  7  0.0                           
102019010317101535ジャスパーイーグル　　　　　　　　　 16.2  4.0-12.0  1.0 -4.1  1  0.0                           
102019010417101561ブレイヴガール　　　　　　　　　　　  3.5  1.6 14.4 22.9 12.1 17 13.8  2                        
102019010517106282スパークジョイ　　　　　　　　　　　  7.7  2.5  6.0 15.0  6.7 12 12.3                           
102019010617106121ダンツクォーレ　　　　　　　　　　　  5.2  1.9 18.0  5.7  8.3 13  0.0                           
102019010717103708ゴッドカーヌスティ　　　　　　　　　  7.7  2.5  7.2  9.0  5.3 10  0.0                           
102019010817102729キタノシャンティ　　　　　　　　　　 13.7  3.5 20.0-12.5  3.6  9  0.0                           
102019010917109092ジャミー　　　　　　　　　　　　　　 26.2  6.0-12.0-15.0 -8.9 -4  0.0                           
102019011017103500マッシリア　　　　　　　　　　　　　 13.0  3.4-12.0 -9.0 -7.1 -2 20.0                           
102019011117106105フェールアシュバル　　　　　　　　　 22.3  5.2-12.0-15.0 -8.9 -4  0.0                           
102019011217104546トーアテンソンシ　　　　　　　　　　 30.1  6.8-10.0-12.5 -7.4 -2  0.0                           
102019011317104592ディヤーソーチャン　　　　　　　　　  7.4  2.4  7.2  1.2  3.0  8 16.3                           
102019011417102772ベルウッドアルプ　　　　　　　　　　 27.3  6.2-11.0-15.0 -8.5 -4  0.0                           
102019020117105956マイネルパイオニア　　　　　　　　　 18.3  4.4-10.0  7.5 -1.4  4  0.0                           
102019020217101682アキトゴー　　　　　　　　　　　　　 18.0  4.3-10.0  7.5 -1.4  4  0.0                           
102019020317105538ベッロコルサ　　　　　　　　　　　　  7.2  2.3 18.0 22.5 13.4 18  0.0                           
102019020417101036クリノホノオ　　　　　　　　　　　　  4.1  1.6  7.2 24.0  9.8 15 15.0  3                        
102019020517104426マジョレヌ　　　　　　　　　　　　　 37.3  8.1-11.0-12.5 -7.8 -3  0.0                           
102019020617103878タッシーアキヒート　　　　　　　　　  4.3  1.6 14.4 33.6 15.4 20 16.3  1  101   71              
102019020717105006ヴィブラント　　　　　　　　　　　　 16.5  4.0  7.2-13.6 -1.4  4  0.0  0                        
102019020817106714サンマルキャンディ　　　　　　　　　 37.9  8.2-10.5-15.0 -8.4 -3  0.0                           
102019020917104292サクラジマテソーロ　　　　　　　　　  5.5  1.9 10.0 12.5  7.4 12 17.5                           
102019021017105895イルミネーター　　　　　　　　　　　 11.6  3.0  7.2  9.0  5.3 10  0.0                           
102019021117105515テイルウォーク　　　　　　　　　　　  3.8  1.6 24.0 30.0 17.8 23  9.6                           
102019030117100460ダノンボヌール　　　　　　　　　　　 16.8  3.7 -1.7 18.0  4.8 10  0.0                           
102019030217105026ベーリーオクルス　　　　　　　　　　  3.2  1.5 22.0 15.0 12.6 18 13.8                           
102019030317104998アニマフレスカ　　　　　　　　　　　  3.6  1.5 15.0 25.0 13.0 18 15.0                           
102019030417101446ウインクランベリー　　　　　　　　　 40.3  7.9-11.0  7.5 -1.8  3  0.0                           
102019030517106495フレッシュスタート　　　　　　　　　 38.3  7.5-10.0-12.5 -7.4 -2  0.0                           
102019030617101882ラフダイヤモンド　　　　　　　　　　  7.5  2.2 24.0 30.0 17.8 23 16.3                           
102019030717105115ジレーネ　　　　　　　　　　　　　　 13.8  3.2-12.0 17.1  0.7  6  0.0                           
102019030817103357グラッツィエディオ　　　　　　　　　 49.7  9.6-11.0-12.5 -7.8 -3  0.0                           
102019030917106063カシマホオズキ　　　　　　　　　　　 12.7  3.0-10.0-12.5 -7.4 -2  0.0                           
102019031017100527コンカルノー　　　　　　　　　　　　 13.3  3.1  6.0  7.5  4.4  9  0.0                           
102019031117102618ラガーヴィーヴ　　　　　　　　　　　 46.1  8.9-10.0-12.3 -7.4 -2  0.0                           
102019031217100849ルシアンバレエ　　　　　　　　　　　 18.6  4.0-10.0-15.0 -8.2 -3 17.5                           
102019031317104086ヤマカツパトリシア　　　　　　　　　 14.0  3.2 14.4  9.0  8.0 13  0.0                           
102019031417102877スマートアリエル　　　　　　　　　　  8.5  2.4 12.0  9.0  7.1 12  0.0                           
102019040117100551タマモイチバンボシ　　　　　　　　　 43.8  9.9-11.0-15.9 -8.8 -4  0.0                           
102019040217109009ブラックスプルース　　　　　　　　　  6.2  2.2-10.0 18.8  2.0  7 15.0                           
102019040317101857ジュンジュン　　　　　　　　　　　　 28.8  6.7-10.5-15.0 -8.4 -3  0.0                           
102019040417100290サンスポット　　　　　　　　　　　　  3.5  1.6 12.0  2.9  5.3 10 13.8                           
102019040517104641ツクバゴールド　　　　　　　　　　　 19.2  4.8-12.0-15.0 -8.9 -4  0.0                           
102019040617102392キュートルーラー　　　　　　　　　　  7.9  2.5-10.5 30.0  5.2 10  0.0                           
102019040717105262ダイヤモンドライフ　　　　　　　　　 13.3  3.5 18.0-15.0  2.1  7  0.0                           
102019040817104220ハローグッバイ　　　　　　　　　　　 32.4  7.5-12.0-15.0 -8.9 -4  0.0                           
102019040917101002サンブリテニア　　　　　　　　　　　 10.8  3.0-11.0  9.0 -1.3  4  0.0                           
102019041017101350テイエムピカピカ　　　　　　　　　　 50.0 11.2-10.0-12.5 -7.4 -2  0.0                           
102019041117110152サイモンハロルド　　　　　　　　　　  8.9  2.8  6.0  1.0  2.5  7 17.5                           
102019041217100913コスモカンツォーネ　　　　　　　　　 23.9  5.7-10.0-12.5 -7.4 -2  0.0                           
102019041317109113レディーフラッシュ　　　　　　　　　 77.1 16.5-10.0-12.5 -7.4 -2  0.0                           
102019041417100825ナイトコマンダー　　　　　　　　　　 29.9  7.0-10.0-12.5 -7.4 -2  0.0                           
102019041517100899アラタマノキセキ　　　　　　　　　　 46.8 10.6-10.5-15.0 -8.4 -3  0.0                           
102019041617101407サバイバルローズ　　　　　　　　　　 11.6  3.1 12.0  7.5  6.7 12 14.0                           
102019041717106264ビアイ　　　　　　　　　　　　　　　 13.6  3.6 16.5  0.6  6.2 11  0.0                           
102019041817104033リオマッジョーレ　　　　　　　　　　 20.8  5.1  6.6  7.5  4.7 10  0.0                           
102019050117103312ホウオウトラスト　　　　　　　　　　 12.1  2.9 12.0  7.5  6.7 12  0.0                           
102019050217101686ランサムトラップ　　　　　　　　　　  8.4  2.4  6.0 12.5  5.9 11 17.5                           
102019050317101952マイネルアイガテ　　　　　　　　　　  6.4  2.0 18.0 12.0 10.2 15 11.4                           
102019050417103725メモリア　　　　　　　　　　　　　　 31.8  6.3-10.0-12.5 -7.4 -2  0.0                           
102019050517102314ビックマム　　　　　　　　　　　　　 15.7  3.5 14.4  1.4  5.7 11  0.0                           
102019050617104380トーセンチェイサー　　　　　　　　　 16.2  3.6-10.0  7.5 -1.4  4  0.0                           
102019050717105028アピテソーロ　　　　　　　　　　　　  2.7  1.4 20.0 20.7 13.5 19 13.8                           
102019050817101918コスモシークレット　　　　　　　　　 29.2  5.8-10.0-12.5 -7.4 -2  0.0                           
102019050917104455スズカペンダント　　　　　　　　　　 15.5  3.5-12.0 22.5  2.3  7  0.0                           
102019051017102646マイネルポインター　　　　　　　　　 23.0  4.7-10.0-12.5 -7.4 -2  0.0                           
102019051117105316オウケンラブキセキ　　　　　　　　　  4.3  1.6 10.0 17.8  9.0 14 15.0                           
102019051217102356ココリミッション　　　　　　　　　　 10.7  2.6  6.0-12.5 -1.5  3  0.0                           
102019060116100694アドアステラ　　　　　　　　　　　　  6.7  2.1  6.0 15.0  6.7 27 17.5                           
102019060214105080スズカゼ　　　　　　　　　　　　　　 11.6  2.9  6.6 25.0  9.9 30  0.0                           
102019060315101404デルマシャンパン　　　　　　　　　　 15.9  3.8-10.0-12.5 -7.4 13  0.0                           
102019060416105433トゥインクルリーフ　　　　　　　　　  4.0  1.6  7.2  8.5  5.2 25 15.0                           
102019060516101816シャルロッテミノル　　　　　　　　　 11.3  2.9  6.0  7.5  4.4 24 20.0                           
102019060614101752エナホープ　　　　　　　　　　　　　  6.6  2.1 -0.5  9.2  2.6 23  0.0  5                        
102019060714106173ミンネザング　　　　　　　　　　　　  3.6  1.6 20.0 12.5 11.1 31  0.0                           
102019060816102097メイショウカスガ　　　　　　　　　　  8.1  2.4 14.4-15.0  0.8 21  0.0                           
102019060914102777ハトマークワルツ　　　　　　　　　　 26.1  5.7-10.5-15.0 -8.4 12  0.0                           
102019061016101645ルナエスメラルダ　　　　　　　　　　 13.4  3.3-12.0 15.0  0.1 20 15.8                           
102019061116102185ファロ　　　　　　　　　　　　　　　 20.6  4.7-10.0  7.5 -1.4 19  0.0                           
102019070115105027タイセイグランツ　　　　　　　　　　 16.2  3.3-11.0-13.6 -8.1 12  0.0  0                        
102019070215103654ハクサンフエロ　　　　　　　　　　　  8.9  2.3 12.0-15.0 -0.1 20 12.3                           
102019070316104883ラストヌードル　　　　　　　　　　　  2.5  1.2 18.0 30.0 15.6 36 13.8                           
102019070415104198ギャンブラー　　　　　　　　　　　　 19.9  3.9  6.0  7.5  4.4 24  0.0                           
102019070515102130ニホンピロヘイロー　　　　　　　　　 17.9  3.6-12.0 -9.0 -7.1 13  0.0                           
102019070615102272ベラソヴラーノ　　　　　　　　　　　 19.7  3.8-12.0 -2.0 -5.0 15  0.0                           
102019070714106082パルフェクォーツ　　　　　　　　　　  3.6  1.4 24.0 18.0 14.2 34 15.0                           
102019070816100585リーガルメイン　　　　　　　　　　　  4.3  1.4 14.4 22.5 12.0 32 16.3                           
102019070915106197メイショウテンモン　　　　　　　　　 16.1  3.3  7.2  8.7  5.3 25  0.0  5                        
102019071016106397レオ　　　　　　　　　　　　　　　　 18.7  3.7-11.0-12.5 -7.8 12  0.0                           
102019080115101838クニノオーシャン　　　　　　　　　　 50.7 10.5-10.0-12.5 -7.4 13  0.0                           
102019080216105537オメガレインボー　　　　　　　　　　  5.6  1.9-11.0 15.0  0.5 20  0.0                           
102019080316105530ファイナルマズル　　　　　　　　　　 16.6  3.9-11.0  7.5 -1.8 18  0.0                           
102019080416100072タイセイドレッサー　　　　　　　　　 18.4  4.3     -15.0 -4.5 16  0.0                           
102019080516100718マイネルアプラウス　　　　　　　　　 23.9  5.3-11.0-12.5 -7.8 12  0.0                           
102019080615104785アドマイヤヒビキ　　　　　　　　　　 16.2  3.9-10.0 12.5  0.1 20 20.0                           
102019080716105108ダンスロマネスク　　　　　　　　　　  4.6  1.7 20.0  7.5  9.6 30 15.0                           
102019080816101887メイショウロサン　　　　　　　　　　  8.2  2.5-12.0  9.0 -1.7 18  0.0                           
102019080916100569ヤマニンマヒア　　　　　　　　　　　  3.3  1.5 12.0 21.5 10.9 31  9.6                           
102019081016106550ビービーシャルト　　　　　　　　　　 25.2  5.5 -2.5-15.0 -5.4 15  0.0                           
102019081114103479メイショウビコーン　　　　　　　　　 18.1  4.2-10.5 -7.5 -6.1 14  0.0                           
102019081215100493キタノテイオウ　　　　　　　　　　　 57.1 11.5-10.0  0.9 -3.4 17  0.0                           
102019081313105595ロードキング　　　　　　　　　　　　  5.4  1.8 14.4 18.0 10.7 31 16.3                           
102019090116101984イチバンヤリ　　　　　　　　　　　　 18.0  4.3  7.2-14.3 -1.6 18  0.0                           
102019090214104636ナオアンドユリ　　　　　　　　　　　 31.8  6.9-12.0 -2.0 -5.0 15  0.0                           
102019090316105963ビートマジック　　　　　　　　　　　 23.6  5.3-10.0 -0.4 -3.8 16  0.0                           
102019090414102483サノノショウグン　　　　　　　　　　  6.7  2.2 12.0  7.5  6.7 27 16.3                           
102019090515101340コンセッションズ　　　　　　　　　　 11.7  3.0-12.0 -7.8 -6.7 13  0.0                           
102019090616104467ミリオンゲーム　　　　　　　　　　　 18.4  4.4-10.0  7.5 -1.4 19  0.0                           
102019090714105814グラドゥアーレ　　　　　　　　　　　 24.9  5.6-10.0  7.5 -1.4 19  0.0                           
102019090816106133ディーズファンシー　　　　　　　　　 19.4  4.6-12.0  6.1 -2.6 17  0.0                           
102019090915109073ライブリテックス　　　　　　　　　　 14.6  3.6 12.0  9.0  7.1 27  0.0                           
102019091015105590スリーチェイサー　　　　　　　　　　  6.7  2.2 10.0 12.5  7.4 27 17.5                           
102019091116105983イッツザファースト　　　　　　　　　 13.7  3.4-10.0-12.5 -7.4 13  0.0                           
102019091216101428サーストンネイジュ　　　　　　　　　  4.0  1.7 24.0 -9.0  6.1 26 10.5                           
102019091316106131コウエイバンビーノ　　　　　　　　　 30.0  6.6-12.0 -5.7 -6.1 14  0.0                           
102019091415106353クリノクノイチ　　　　　　　　　　　  3.8  1.6 18.0  4.7  8.0 28 13.8                           
102019100117110027アイロンワークス　　　　　　　　　　  4.3  1.6 24.0 30.0 17.8 38 15.0                           
102019100217105667トランシルヴァニア　　　　　　　　　 16.5  3.9-10.0  7.5 -1.4 19  0.0                           
102019100317101451ウインローズブーケ　　　　　　　　　 13.7  3.4 10.0  9.2  6.4 26  0.0  5                        
102019100417106153エンデュミオン　　　　　　　　　　　  6.9  2.2 18.0 22.5 13.4 33 12.3                           
102019100517101448ウインアステロイド　　　　　　　　　 15.5  3.7-10.0 12.0 -0.1 20  0.0                           
102019100617101089スペースシップ　　　　　　　　　　　 11.5  2.9  6.0 -2.0  1.6 22  0.0  0                        
102019100717100915ロッソモラーレ　　　　　　　　　　　 24.3  5.4-11.0-13.8 -8.2 12  0.0                           
102019100817101829レザネフォール　　　　　　　　　　　  3.4  1.5 14.4 18.0 10.7 31 13.8                           
102019100917104719ファルコニア　　　　　　　　　　　　  4.8  1.7  7.2  9.0  5.3 25 16.3                           
102019101017101988コスモブルーノーズ　　　　　　　　　 14.0  3.4  6.0-12.5 -1.5 18  0.0                           
102019101117104151ディープハーモニー　　　　　　　　　 21.8  4.9-10.5-16.8 -8.9 11  0.0  0                        
102019101217105971ミャゴラーレ　　　　　　　　　　　　 35.9  7.6-10.0-12.5 -7.4 13  0.0                           
102019110116105482アイルチャーム　　　　　　　　　　　 28.0  6.0-10.0  7.5 -1.4 29  0.0                           
102019110214103600ジュブリーユ　　　　　　　　　　　　 63.2 12.4-10.0-12.5 -7.4 23  0.0                           
102019110316102611ジューンシルフィア　　　　　　　　　 14.1  3.4-12.0-15.0 -8.9 21  0.0                           
102019110414104261シュエットヌーベル　　　　　　　　　 60.3 11.9-12.0-15.0 -8.9 21  0.0                           
102019110516109019ファストアズエバー　　　　　　　　　 27.7  5.9-12.0 -7.8 -6.7 23  0.0                           
102019110615101984リノワールド　　　　　　　　　　　　 23.6  5.2-10.0-12.5 -7.4 23  0.0                           
102019110716104673レッドベレーザ　　　　　　　　　　　  9.2  2.6  7.2-15.0 -1.9 28 17.5                           
102019110815104537ボーンスキルフル　　　　　　　　　　  4.9  1.8  7.2  4.6  4.0 34 15.0                           
102019110916104751ブラックダンサー　　　　　　　　　　 32.2  6.8-12.0 17.1  0.7 31  0.0                           
102019111016100993ペイシャドリーム　　　　　　　　　　 39.1  8.1  6.0-12.5 -1.5 28  0.0                           
102019111116104989カレンモエ　　　　　　　　　　　　　  3.0  1.5 18.0 23.7 13.7 44 13.8                           
102019111215104667アルモニカ　　　　　　　　　　　　　 22.0  4.9 13.2 18.0 10.2 40  0.0                           
102019111315103042イサチルルンルン　　　　　　　　　　 15.4  3.7  6.0  7.5  4.4 34  0.0                           
102019111415101239マリノディアナ　　　　　　　　　　　 42.8  8.9-10.0-12.5 -7.4 23  0.0                           
102019111514103017ヒロイックアゲン　　　　　　　　　　  9.3  2.7 10.0  7.5  5.9 36 13.1                           
102019111615102043シンデレラメイク　　　　　　　　　　  8.5  2.5-12.0 11.2 -1.0 29  0.0                           
102019111714102359コウエイダリア　　　　　　　　　　　 14.5  3.5 14.4  3.4  6.3 36  0.0                           
102019120114101006タケデンサンダー　　　　　　　　　　 29.5  6.2-10.0-12.5 -7.4 13  0.0                           
102019120216102143メイショウオニテ　　　　　　　　　　 13.9  3.3 14.4-15.0  0.8 21  0.0                           
102019120315103214サンドスピーダー　　　　　　　　　　 20.2  4.5-10.0  7.5 -1.4 19  0.0                           
102019120416100824ヴィクトリアポデル　　　　　　　　　 14.7  3.5 10.0-12.5 -0.1 20  0.0                           
102019120513101901マイネルパッセ　　　　　　　　　　　 12.6  3.1  6.0 25.0  9.7 30  0.0                           
102019120614110035マイネルアムニス　　　　　　　　　　 27.3  5.8-10.0  7.5 -1.4 19  0.0                           
102019120716110023ランドルーラー　　　　　　　　　　　  3.8  1.5 20.0 18.8 13.0 33 15.0                           
102019120816101494シュガリートリーツ　　　　　　　　　 36.4  7.5-12.0-15.0 -8.9 11  0.0                           
102019120915104888プリズマティコ　　　　　　　　　　　 20.7  4.6     -15.0 -4.5 16  0.0                           
102019121016100520タガノカルラ　　　　　　　　　　　　  3.5  1.4 13.2 20.2 10.9 31 13.8  3                        
102019121116101053ガイセン　　　　　　　　　　　　　　 15.3  3.6  6.6-12.5 -1.3 19 14.9                           
102019121216102768セントセシリア　　　　　　　　　　　 28.4  6.0-10.0-13.6 -7.7 12  0.0  0                        
102019121315103306メイショウナスカ　　　　　　　　　　  4.1  1.5 24.0 22.5 15.6 36 16.3                           
102019121415104158スーパーノーマル　　　　　　　　　　 63.1 12.2-11.0-12.5 -7.8 12  0.0                           
102019121515103524リリカルドリーム　　　　　　　　　　 73.9 14.2-11.0-12.5 -7.8 12  0.0                           
