062527010122105432チッピンガム　　　　　　　　　　　　 35.7  5.0  4.5-12.2 -3.1  2  0.0                           
062527010222106090ルリモンハナバチ　　　　　　　　　　 82.1 10.4-11.6 -2.0 -4.2  1  0.0                           
062527010322100115ペイシャヴァルスリ　　　　　　　　　 36.8  5.2-10.4 -6.9 -5.7 -1  0.0                           
062527010422106836グレコ　　　　　　　　　　　　　　　189.0 23.2-11.6 -2.3 -4.3  1  0.0                           
062527010522107154アンスリウムリリー　　　　　　　　　 41.4  5.7 -8.8 -2.0 -3.4  2  0.0                           
062527010622104862パラサイコロジー　　　　　　　　　　  2.8  1.2 21.3 18.5 13.2 18 17.3                           
062527010722101075ラヴィーズドリーム　　　　　　　　　 32.4  4.6 -4.4  4.1  0.2  5  0.0                           
062527010822106945キタノロワーズ　　　　　　　　　　　 50.7  6.9 -8.5 -2.6 -3.5  1  0.0                           
062527010922101365コットンフラワー　　　　　　　　　　 70.1  9.0-11.6-13.2 -8.3 -3  0.0  0                        
062527011022106959ハクシンマルペンサ　　　　　　　　　146.4 18.1-11.6 -2.8 -4.5  0  0.0                           
062527011122101421サトミノマリア　　　　　　　　　　　 11.6  2.1  3.6 -2.9  0.0  5 10.1                           
062527011222102723タブロー　　　　　　　　　　　　　　 18.6  3.0  2.2 11.4  4.8 10  0.0                           
062527011322100547アサクサグレース　　　　　　　　　　  2.1  1.2 20.3 13.3 11.0 16 15.9                           
062527011422100872シスター　　　　　　　　　　　　　　 23.5  3.5 -3.6  8.5  2.0  7  0.0                           
062527011522100512レトロブーム　　　　　　　　　　　　 50.7  6.9 -6.0 -2.0 -2.5  2  0.0                           
062527011622103895ミートザターゲット　　　　　　　　　  7.2  1.7 12.4 11.0  7.8 13  9.4                           
062527020122107011ニシノブレイゼスト　　　　　　　　　  8.2  2.1 14.9  7.6  7.3 12  0.0                           
062527020222105579アステルリヴェール　　　　　　　　　 16.3  3.2 -0.2  6.0  2.1  7  0.0                           
062527020322103283バイオマックス　　　　　　　　　　　 22.5  4.2  1.9 -3.0 -0.5  4  0.0                           
062527020422105940メイショウコウベ　　　　　　　　　　  5.3  1.6 13.8 11.0  8.2 13  9.4                           
062527020522100320タキノボリ　　　　　　　　　　　　　  3.2  1.3 19.3 23.7 14.5 19 17.3                           
062527020622101072スパーブケン　　　　　　　　　　　　 33.0  5.8-12.1-11.4 -7.8 -3  0.0                           
062527020722104766トレインザマインド　　　　　　　　　  9.0  2.2  9.5 14.0  8.0 13 10.9                           
062527020822100907セレブウマザンマイ　　　　　　　　　 29.7  5.3  2.4 -2.0  0.0  5  0.0                           
062527020922102831フォルスマジック　　　　　　　　　　 45.9  7.8-12.1 -6.9 -6.2 -1  0.0                           
062527021022104434ミステンザン　　　　　　　　　　　　 41.0  7.0-12.1-14.0 -8.8 -4  0.0                           
062527021122101287アスコットロマン　　　　　　　　　　 29.9  5.3-11.6-13.0 -8.2 -3  0.0                           
062527021222101716ピコシー　　　　　　　　　　　　　　  2.6  1.3 19.6 22.8 14.2 19 15.9                           
062527030122106008オイセサン　　　　　　　　　　　　　152.5 25.4-12.1-12.1 -8.1 -3  0.0                           
062527030222103556キープサインオン　　　　　　　　　　  5.3  1.7 12.7  9.9  7.4 12 10.1                           
062527030322100587アイアンオバーカム　　　　　　　　　 15.6  3.3  7.3 -1.4  1.7  7  0.0                           
062527030422100702ポッドベル　　　　　　　　　　　　　  2.4  1.3 21.5 20.0 13.8 19 15.9                           
062527030522103209ダイヤモンドピラー　　　　　　　　　 16.2  3.4 -1.7  6.5  1.9  7  0.0                           
062527030622106536マテンロウバディ　　　　　　　　　　  5.0  1.6 14.2 21.7 12.2 17  9.4                           
062527030722102271ガトリンテソーロ　　　　　　　　　　109.3 18.4-10.3 -6.9 -5.6 -1  0.0                           
062527030822105459エテオクロス　　　　　　　　　　　　  4.4  1.5 18.5 13.7 10.6 16 17.3                           
062527030922100671ノイシュロス　　　　　　　　　　　　 86.7 14.7-12.1 -6.5 -6.0 -1  0.0                           
062527031022102964チャンピオンリボン　　　　　　　　　 69.1 11.9-11.6-10.0 -7.1 -2  0.0                           
062527031122103929スプリット　　　　　　　　　　　　　 94.8 16.0-12.1-11.3 -7.8 -3  0.0                           
062527031222102567オロパタジン　　　　　　　　　　　　 22.1  4.3  2.6  5.4  2.8  8  0.0                           
062527031322106270ベルツリー　　　　　　　　　　　　　 24.0  4.7 -6.5  6.0  0.3  5  0.0                           
062527031422104277ドリームジャック　　　　　　　　　　141.9 23.7-11.6 -2.3 -4.3  1  0.0                           
062527031522103012グルナルーフス　　　　　　　　　　　 51.2  9.2 -5.2-10.2 -5.3  0  0.0                           
062527031622100039アイビーガオー　　　　　　　　　　　 29.3  5.5 -3.3 -2.0 -1.7  3  0.0                           
062527040122100860クラシカルカイザー　　　　　　　　　 12.1  2.5 13.2  9.0  7.3 12 10.1                           
062527040222103320マジックスクロール　　　　　　　　　 56.1  8.9 -9.5 -7.5 -5.6 -1  0.0                           
062527040322107326ヤマニンエイドロン　　　　　　　　　  3.3  1.4 18.7 12.5 10.2 15 17.3                           
062527040422100807ケルティックハーツ　　　　　　　　　230.5 34.4-12.1-13.3 -8.5 -4  0.0                           
062527040522104699スノークルーズ　　　　　　　　　　　 30.6  5.3 -8.1 11.5  1.8  7  0.0                           
062527040622106188エレガントプルーフ　　　　　　　　　 26.1  4.6  8.0 16.4  8.4 13  0.0                           
062527040722106228ウインスティーガ　　　　　　　　　　  2.5  1.3 17.5 17.8 11.8 17 15.9                           
062527040822102871エイシンパルサー　　　　　　　　　　 31.0  5.3 -7.1 11.4  2.0  7  0.0                           
062527040922102064ミエノフェアリー　　　　　　　　　　 19.2  3.6  0.4 15.9  5.9 11  0.0                           
062527041022100641ロードフィアレス　　　　　　　　　　 29.5  5.1 -4.1  6.0  1.0  6  0.0                           
062527041122105252バトラーズワーフ　　　　　　　　　　 37.6  6.3 -6.0 -2.0 -2.5  2  0.0                           
062527041222103855ケイアイカラキア　　　　　　　　　　 70.7 11.0-12.1-11.9 -8.0 -3  0.0                           
062527041322106112パトリオティズム　　　　　　　　　　 47.9  7.9-12.1-11.2 -7.7 -3  0.0                           
062527041422105742アオイウィンダム　　　　　　　　　　 57.8  9.1-10.2 -6.1 -5.3  0  0.0                           
062527041522106846ゴールドジェスター　　　　　　　　　 26.3  4.6 -6.6  0.3 -1.9  3  0.0                           
062527041622106054ケイツーブル　　　　　　　　　　　　 18.9  3.6  5.1-10.0 -2.1  3 10.9                           
062527041722103985タイセイグレーター　　　　　　　　　  8.9  2.2 11.0 13.0  8.1 13  0.0                           
062527041822103466メイデンヘッド　　　　　　　　　　　 22.2  4.0  0.3  1.9  0.8  6  0.0                           
062527050122106999ニシノクードクール　　　　　　　　　 15.3  3.0  3.6 11.5  5.3 25  0.0                           
062527050222105777ドゥカート　　　　　　　　　　　　　  7.9  2.0  4.9  6.0  3.7 24 10.8                           
062527050322104503ハイタイド　　　　　　　　　　　　　 15.9  3.1  0.0  3.0  1.1 21 13.0  0                        
062527050422104097アタラシイカドデニ　　　　　　　　　  7.7  2.0 12.5 12.6  8.4 28 10.1                           
062527050522103509シュードタキライト　　　　　　　　　 12.0  2.5  1.8  4.2  2.1 22 11.5                           
062527050622103416ソルエパトリオット　　　　　　　　　 33.4  5.7 -8.8-12.0 -7.0 13  0.0                           
062527050722107106デリュージョン　　　　　　　　　　　  3.9  1.5 18.7 11.1  9.7 30  0.0                           
062527050822109084ママアリガトー　　　　　　　　　　　 43.5  7.3-11.6-11.8 -7.8 12  0.0                           
062527050922104898アルレッキーノ　　　　　　　　　　　  2.2  1.2 17.4 20.7 12.8 33 15.9                           
062527051022105597ゲンジ　　　　　　　　　　　　　　　  7.2  1.9  9.5  4.1  4.4 24  0.0                           
062527060121106994ニシノルミリオン　　　　　　　　　　 74.9 14.1-12.1 -9.6 -7.2 13  0.0                           
062527060219104128クイーンアポーン　　　　　　　　　　 73.1 13.8-11.6-13.9 -8.6 11  0.0                           
062527060321101793オオゾラヒバリ　　　　　　　　　　　 19.8  4.4  2.5  9.8  4.3 24 13.8                           
062527060419103308カフェベラノッテ　　　　　　　　　　 14.9  3.5 -1.7  6.0  1.7 22  0.0                           
062527060521101776エスペラード　　　　　　　　　　　　 12.6  3.0  6.8  6.0  4.2 24  0.0                           
062527060620105813マーゴットレーヴ　　　　　　　　　　  4.1  1.6  9.8 10.5  6.8 27 17.3                           
062527060721103588グラスブランシュ　　　　　　　　　　 13.3  3.2 -0.1 15.2  5.5 26  0.0                           
062527060820103670ショウナンハクウン　　　　　　　　　  9.3  2.6  8.5  6.3  4.9 25 10.1                           
062527060920106562バンブトンプロ　　　　　　　　　　　 26.3  5.5-12.1-12.0 -8.0 12  0.0                           
062527061019104141ハジメテノチュウ　　　　　　　　　　 41.5  8.3-11.6-11.2 -7.6 12  0.0                           
062527061121104145オセアエクスプレス　　　　　　　　　  6.6  2.0 13.9 13.8  9.2 29  0.0                           
062527061219100234セイゲン　　　　　　　　　　　　　　 33.2  6.8-12.1 -4.9 -5.4 15  0.0                           
062527061321102745ペッパーミル　　　　　　　　　　　　 15.5  3.6  4.7  6.0  3.6 24  0.0                           
062527061420106771トモジャシーマ　　　　　　　　　　　  3.1  1.4 15.5 10.7  8.6 29  8.0                           
062527061521106722マーゴットファブ　　　　　　　　　　 69.3 13.1 -6.6-10.0 -5.6 14  0.0                           
062527061621104079スピードパンサー　　　　　　　　　　 21.7  4.7 -6.0  6.8  0.7 21 14.4                           
062527070120106549イデアユウシン　　　　　　　　　　　  7.7  2.4  5.8  7.9  4.6 25  0.0  5                        
062527070221104754ベルフィーヌ　　　　　　　　　　　　  5.4  1.9 12.3 13.0  8.5 28 17.3                           
062527070319100844ミツカネヴィーナス　　　　　　　　　 19.2  4.6  5.9  7.2  4.4 24  0.0                           
062527070421103770スペイドアン　　　　　　　　　　　　  5.6  1.9 16.5 12.5  9.5 30 18.8                           
062527070521106063ネオシルバー　　　　　　　　　　　　  3.3  1.5 20.7 22.6 14.5 34  7.9 1                         
062527070621102933カルツァクライン　　　　　　　　　　 71.0 14.6-12.1-10.0 -7.3 13  0.0                           
062527070720104986ロジウムエポック　　　　　　　　　　 39.4  8.6-11.6-10.0 -7.1 13  0.0                           
062527070821106104ロジプラヤ　　　　　　　　　　　　　 28.1  6.3 -8.8-10.7 -6.6 13  0.0                           
062527070921101053キョウエイフロイデ　　　　　　　　　  6.7  2.2  4.8 10.7  5.4 25  0.0                           
062527071020100307オブシディアン　　　　　　　　　　　 63.9 13.2-12.1 -9.6 -7.2 13  0.0                           
062527071121105388ゴンザーゴ　　　　　　　　　　　　　 27.3  6.2-11.6-14.9 -8.9 11  0.0                           
062527071220104748ファルコンミノル　　　　　　　　　　 18.6  4.5  0.6-14.0 -5.0 15  0.0                           
062527071321103809マッスルバック　　　　　　　　　　　 18.3  4.4  4.3  6.8  3.8 24  0.0                           
062527071419104005ブレットフライ　　　　　　　　　　　 60.4 12.5-10.3-10.8 -7.1 13  0.0                           
062527071521103713エコロブレード　　　　　　　　　　　 21.0  5.0-10.3  9.9  0.5 21  0.0                           
062527071620100078フリッパー　　　　　　　　　　　　　 17.9  4.3 -2.7 -8.9 -4.1 16 11.6                           
062527080117105614スズカキング　　　　　　　　　　　　 22.9  4.5  0.6 -5.9 -2.0 18  0.0                           
062527080217103710ルレーヴドゥリリ　　　　　　　　　　 51.6  9.3-12.6-11.4 -8.0 12  0.0                           
062527080320102211ヤマタケアオイバラ　　　　　　　　　 33.9  6.3-12.1-10.8 -7.6 12  0.0                           
062527080418103796ケンアンビシャス　　　　　　　　　　 30.8  5.8 -6.0 -0.7 -2.1 18  0.0                           
062527080519105276ブラックボイス　　　　　　　　　　　 13.5  3.0  7.5 15.0  7.8 28  0.0                           
062527080619104588ビートザレコード　　　　　　　　　　 13.9  3.0  3.1 -8.9 -2.3 18  0.0                           
062527080719100295ウン　　　　　　　　　　　　　　　　 17.0  3.5  4.8  1.9  2.1 22 12.2                           
062527080817104128バーンパッション　　　　　　　　　　 30.0  5.7 -8.9-13.0 -7.4 13  0.0                           
062527080919105143インディゴブラック　　　　　　　　　  5.6  1.7 20.1 13.1 10.8 31  9.4                           
062527081018102196ゴールドブリーズ　　　　　　　　　　 29.2  5.5 -8.5-10.0 -6.2 14  0.0                           
062527081119104899インプレス　　　　　　　　　　　　　  2.5  1.3 21.5 18.6 13.3 33  8.0                           
062527081220103875フェーレンベルク　　　　　　　　　　  4.0  1.5 16.5  9.0  8.3 28 17.3                           
062527081318103563ロードトゥフェイム　　　　　　　　　 11.3  2.6  7.6  8.2  5.3 25 10.1                           
062527081418105814マケルナマサムネ　　　　　　　　　　 32.3  6.0-10.2 -4.1 -4.6 15  0.0                           
062527090119100790マイネルトルファン　　　　　　　　　 24.8  5.3-11.6-12.0 -7.9 22  0.0                           
062527090221105138エセルフリーダ　　　　　　　　　　　  3.1  1.4 20.9 19.3 13.3 43 15.9                           
062527090319104922バックスクリーン　　　　　　　　　　 35.8  7.3-12.9-10.1 -7.6 22  0.0                           
062527090419105136モンタナアゲート　　　　　　　　　　 15.7  3.6 -0.5 -1.8 -0.8 29  0.0                           
062527090521100629マイネルフランツ　　　　　　　　　　  5.8  1.9 11.3 15.2  9.0 39 10.1                           
062527090619104613イルチルコ　　　　　　　　　　　　　  5.5  1.8 14.9  9.8  8.1 38  9.4                           
062527090720100742ブラックヴァール　　　　　　　　　　 17.3  3.9  4.8  4.2  3.0 33  0.0                           
062527090820106475ピンキープロミス　　　　　　　　　　 27.8  5.8-12.1-13.8 -8.7 21  0.0                           
062527090921102246テーオーダグラス　　　　　　　　　　 14.8  3.5  7.8  9.1  5.7 36  0.0  1  170   69              
062527091021105675マーシャルポイント　　　　　　　　　 30.1  6.2 -8.5 -2.0 -3.3 27  0.0                           
062527091121103976エコロレイズ　　　　　　　　　　　　  4.3  1.6 12.5 18.2 10.4 40  8.6  3                        
062527091219103827オウケンボルト　　　　　　　　　　　 15.0  3.5 -1.5  8.3  2.6 33 11.5                           
062527091320106415ロゼル　　　　　　　　　　　　　　　 24.3  5.2 -9.9 -9.7 -6.5 23  0.0                           
062527100119101325アイファーエポック　　　　　　　　　 40.5  7.8-12.1 -9.8 -7.2 28  0.0                           
062527100219105185スノーグレース　　　　　　　　　　　 14.1  3.2  4.7  8.4  4.5 39  0.0                           
062527100320105869ストライク　　　　　　　　　　　　　 13.6  3.1  6.0  8.0  4.7 40  0.0                           
062527100420102641ペンティメント　　　　　　　　　　　 12.1  2.8 -1.0  6.0  1.9 37  0.0                           
062527100520101941バリアントバイオ　　　　　　　　　　 60.6 11.1-12.9-10.1 -7.6 27  0.0                           
062527100620103519バンドマスター　　　　　　　　　　　  4.1  1.6 16.8 13.6 10.0 45  8.7                           
062527100721105360ロジアデレード　　　　　　　　　　　 11.0  2.6 13.6  6.0  6.3 41 21.7                           
062527100820101174ユキマル　　　　　　　　　　　　　　 66.0 12.0-12.1  4.1 -2.1 33  0.0                           
062527100919102648エスティメート　　　　　　　　　　　 91.2 16.3-11.6 -9.7 -7.0 28  0.0                           
062527101021101705ソーニーイシュー　　　　　　　　　　  2.8  1.4 24.0 18.6 14.0 49 15.9                           
062527101119102654コブラ　　　　　　　　　　　　　　　 57.6 10.5 -9.3-14.4 -8.1 27  0.0  0                        
062527101219101864クロニクル　　　　　　　　　　　　　 89.3 16.0 -3.8-10.1 -4.8 30  0.0                           
062527101318101621ウインリブルマン　　　　　　　　　　 84.9 15.2-12.9-10.1 -7.6 27  0.0                           
062527101420106919メイショウフジ　　　　　　　　　　　  6.4  1.9 12.0 11.0  7.6 43  0.0                           
062527101519101875プラウドヘリテージ　　　　　　　　　  7.5  2.2  1.8 11.4  4.7 40 10.1                           
062527101620102343サンライズパスカル　　　　　　　　　 34.8  6.8-11.1-10.1 -7.0 28  0.0                           
062527110122105078ミッキーマドンナ　　　　　　　　　　  5.2  1.8 13.6 17.1 10.4 60  8.6                           
062527110222107156キョウエイタイコ　　　　　　　　　　 45.7  9.5-12.6-14.1 -8.9 41  0.0                           
062527110322106709レーヴドロペラ　　　　　　　　　　　 12.0  3.0  8.0 13.0  7.2 57  0.0                           
062527110422103546パラディレーヌ　　　　　　　　　　　  3.0  1.4 19.5 24.5 14.8 65 14.5                           
062527110522106653ハギノピアチェーレ　　　　　　　　　 70.7 14.0-10.8-15.5 -8.9 41  5.9  0                        
062527110622104145インヴォーグ　　　　　　　　　　　　 17.2  4.0 -2.2 -5.8 -2.8 47  0.0                           
062527110722104767ジョスラン　　　　　　　　　　　　　  7.0  2.2  6.7 14.6  7.4 57 10.1  5                        
062527110822104874ホウオウガイア　　　　　　　　　　　 25.2  5.5 -1.7  8.5  2.6 53  0.0                           
062527110922105031ジャルディニエ　　　　　　　　　　　 24.4  5.4 -4.8 -3.3 -2.7 47  6.0                           
062527111022103638ハードワーカー　　　　　　　　　　　 34.6  7.3-12.1 -2.0 -4.4 46  0.0                           
062527111122105346レーゼドラマ　　　　　　　　　　　　  8.8  2.6  0.0  0.6  0.2 50  9.8                           
062527111222104781ゴーソーファー　　　　　　　　　　　  5.7  1.9 16.8 18.4 11.8 62 18.8                           
062527111322106065ホリーアン　　　　　　　　　　　　　 51.2 10.6-12.1-10.8 -7.6 42  0.0                           
062527111422105954コンテナライン　　　　　　　　　　　 40.1  8.4 -5.7-12.1 -6.1 44  0.0                           
062527111522101227ヴォンフレ　　　　　　　　　　　　　 35.7  7.6-11.6-10.0 -7.1 43  0.0                           
062527111622101425エナジーショット　　　　　　　　　　 27.4  6.0 -3.3  6.0  1.2 51  0.0                           
062527120121105509ノヴァエクスプレス　　　　　　　　　  3.3  1.3 20.1 12.0 10.4 40 17.3                           
062527120219101264アポロプラネット　　　　　　　　　　 53.4  9.3 -7.4 -5.1 -4.1 26  0.0                           
062527120320103888ベルシャンソン　　　　　　　　　　　 71.2 11.9 -8.7-10.0 -6.3 24  0.0                           
062527120420110127ジョヴィアン　　　　　　　　　　　　  2.8  1.3 21.5 18.0 13.1 43 15.9                           
062527120520104099マーシヴィガラス　　　　　　　　　　 45.8  8.1 -8.8  6.5 -0.3 30  0.0                           
062527120620104676マイレーヌ　　　　　　　　　　　　　  8.8  2.3 11.0 17.5  9.7 40  0.0  5                        
062527120718101894ターニングアップ　　　　　　　　　　105.4 17.3-12.1-11.2 -7.7 22  0.0                           
062527120821103598ブライトルピナス　　　　　　　　　　 15.0  3.1  2.6 -4.1 -0.7 29  0.0                           
062527120921103710ヘルメース　　　　　　　　　　　　　 46.1  8.1-10.1 -5.2 -4.9 25  0.0                           
062527121020101052ルーラルハピネス　　　　　　　　　　  4.2  1.4 16.7  7.5  7.8 38 18.8                           
062527121119103815スマイルアップ　　　　　　　　　　　 99.4 16.4-11.0-10.8 -7.3 23  0.0                           
062527121219104135レッツリブオン　　　　　　　　　　　 71.2 11.9-15.0 -7.5 -7.3 23  0.0                           
062527121320104960トロピカルヒーロー　　　　　　　　　 31.8  5.8 -1.4  5.9  1.7 32  0.0                           
062527121419102761グレタ　　　　　　　　　　　　　　　 57.9  9.8 -8.5  3.9 -1.1 29  0.0                           
062527121520102731エコロドゥネス　　　　　　　　　　　 23.9  4.5 -1.9  9.9  3.1 33  0.0                           
062527121620103931ヴィクトリーロード　　　　　　　　　 13.5  2.9  3.9  2.3  2.0 32  0.0                           
072523010122103625デスティニーホープ　　　　　　　　　 31.7  6.1-11.0-13.8 -8.2 -3  0.0                           
072523010222103741ロミヒ　　　　　　　　　　　　　　　  4.4  1.6 12.1 17.0  9.5 15  0.0                           
072523010322101180フェアリーブルー　　　　　　　　　　  2.6  1.3 18.4 22.5 13.5 18  0.0                           
072523010422106401テーオーニルソン　　　　　　　　　　 11.4  2.7 10.9 -0.7  3.8  9  0.0  0                        
072523010522106072メルローズ　　　　　　　　　　　　　  6.8  2.0  7.8  8.4  5.4 10  0.0                           
072523010622106958ヴァレスカ　　　　　　　　　　　　　 25.1  5.0 -2.6-15.0 -5.5  0  0.0                           
072523010722104675トリュフチョコ　　　　　　　　　　　 14.0  3.1  4.4 15.0  6.1 11  0.0                           
072523010822104409ベルランザドール　　　　　　　　　　 19.5  4.1-12.6-15.0 -9.1 -4  0.0                           
072523010922102599ビガーサンライズ　　　　　　　　　　 47.7  8.9-11.8 -9.0 -7.0 -2  0.0                           
072523011022102526ペイシャヴァルワン　　　　　　　　　 42.3  8.0-11.0-13.8 -8.2 -3  0.0                           
072523011122106613ストラニエーロ　　　　　　　　　　　  9.4  2.5 -5.5 21.2  4.3  9  0.0                           
072523011222105542アルクドラ　　　　　　　　　　　　　 22.5  4.6 -5.0-15.0 -6.3 -1  0.0                           
072523011322100687ゼットヒーロ　　　　　　　　　　　　 22.2  4.5 -4.4 27.8  6.7 12  0.0                           
072523011422105179セラドピラール　　　　　　　　　　　 17.1  3.7 -2.2 -1.8 -1.3  4  0.0                           
072523020122103155タイキオーベロン　　　　　　　　　　 17.8  3.9 -1.1  2.8  0.4  5  0.0                           
072523020222101729ダイタシリウス　　　　　　　　　　　 11.2  2.7  2.3-15.0 -3.7  1  0.0                           
072523020322103196ドゥドゥ　　　　　　　　　　　　　　  3.6  1.5 17.4 30.0 15.4 20  0.0                           
072523020422103145タイキフェニックス　　　　　　　　　 50.4  9.6-11.8-15.0 -8.8 -4  0.0                           
072523020522102953サルジュ　　　　　　　　　　　　　　 39.2  7.7-11.0-13.8 -8.2 -3  0.0                           
072523020622103636キチロクキャップ　　　　　　　　　　 37.4  7.3 -1.5 -1.8 -1.1  4  0.0                           
072523020722101119ユアヴィーナス　　　　　　　　　　　 39.2  7.7-11.8-15.0 -8.8 -4  0.0                           
072523020822106939ローレルゼロ　　　　　　　　　　　　 26.7  5.4 -6.5-15.0 -6.9 -2  0.0                           
072523020922103827ヴィオレンツァ　　　　　　　　　　　  5.9  1.9  9.3-15.0 -1.1  4  0.0                           
072523021022107279ミトノキャット　　　　　　　　　　　 11.5  2.7  3.5  9.0  4.0  9  0.0                           
072523021122107411コッコラーレ　　　　　　　　　　　　 25.3  5.2  1.1-15.0 -4.1  1  0.0                           
072523021222100906ジーティーハッピー　　　　　　　　　 80.7 14.7-11.0-13.8 -8.2 -3  0.0                           
072523021322106179ブライトイメル　　　　　　　　　　　 23.1  4.8 -8.6 -2.1 -3.8  1  0.0                           
072523021422103142タイキクリエイター　　　　　　　　　 12.6  3.0 -2.6  8.3  1.5  7  0.0                           
072523021522104540ワナカ　　　　　　　　　　　　　　　 33.7  6.7-11.0-13.8 -8.2 -3  0.0                           
072523021622104009トラヴェリンバンド　　　　　　　　　  3.2  1.4 17.3 22.5 13.1 18  0.0                           
072523030122105391フルセンド　　　　　　　　　　　　　  4.4  1.6  9.2  9.0  6.1 11  0.0                           
072523030222104538マイネルラカイユ　　　　　　　　　　 15.7  3.6 -6.2 -3.8 -3.4  2  0.0                           
072523030322107299クレスコドルフィン　　　　　　　　　  4.5  1.6 19.9 22.5 14.0 19  0.0                           
072523030422101593ピエナアイル　　　　　　　　　　　　  8.8  2.5 14.5 18.0 10.7 16  0.0                           
072523030522100133ジェントルバローズ　　　　　　　　　  3.0  1.4 18.9 30.0 15.9 21  0.0                           
072523030622105602エコロスパーダ　　　　　　　　　　　 13.4  3.2  6.5  9.0  5.1 10  0.0                           
072523030722106334フロムザワールド　　　　　　　　　　 31.4  6.5-11.0-13.8 -8.2 -3  0.0                           
072523030822102707ニシノプロテア　　　　　　　　　　　 36.7  7.5-11.0-13.8 -8.2 -3  0.0                           
072523030922104634ボルダーオパール　　　　　　　　　　 27.4  5.7-11.0 -3.8 -5.2  0  0.0                           
072523031022105036グティ　　　　　　　　　　　　　　　  5.6  1.8  6.5 18.0  7.8 13  0.0                           
072523031122104140ロワゾブルーチヌ　　　　　　　　　　 35.5  7.2-11.8 -6.9 -6.4 -1  0.0                           
072523031222105204レヴィストーン　　　　　　　　　　　 36.2  7.4-12.6-15.0 -9.1 -4  0.0                           
072523040122103067ピッコロイカリーノ　　　　　　　　　 26.6  4.5-11.8-15.0 -8.8 -4  0.0                           
072523040222103861ニホンピロマーベル　　　　　　　　　 46.1  7.3 -5.3 -6.9 -4.0  1  0.0                           
072523040322104452ミュークチェルシー　　　　　　　　　  8.8  2.1  1.8  8.3  3.2  8  0.0                           
072523040422106177バルミラクル　　　　　　　　　　　　  3.5  1.4 16.8 22.5 12.9 18  0.0                           
072523040522101500ミッキーティラミス　　　　　　　　　 53.1  8.3-12.6-15.0 -9.1 -4  0.0                           
072523040622101241アジュマン　　　　　　　　　　　　　 13.8  2.7  8.3  9.0  5.7 11  0.0                           
072523040722102867サンピエーリ　　　　　　　　　　　　 31.1  5.1 -4.6-15.0 -6.2 -1  0.0                           
072523040822110082パヴィーア　　　　　　　　　　　　　 17.3  3.2  5.1 18.0  7.3 12  0.0                           
072523040922105156レッドシュトラール　　　　　　　　　 41.4  6.6-11.0-13.8 -8.2 -3  0.0                           
072523041022100023リュウノシャモニー　　　　　　　　　 51.1  8.0-11.0-13.8 -8.2 -3  0.0                           
072523041122105457デルマアポロニア　　　　　　　　　　  2.2  1.2 22.0 24.4 15.4 20  0.0                           
072523041222103234リュウジンオー　　　　　　　　　　　 13.0  2.6  2.4 15.3  5.5 10  0.0                           
072523041322110011トーセンペネロペ　　　　　　　　　　 20.5  3.7  4.3 11.3  5.0 10  0.0                           
072523041422100209ロベルタインパクト　　　　　　　　　 41.5  6.6-11.0-13.8 -8.2 -3  0.0                           
072523041522100104エイシンキャロッツ　　　　　　　　　 27.6  4.6-11.8  9.8 -1.4  4  0.0  5                        
072523041622104251ビリーヴアンドラン　　　　　　　　　 91.0 13.4-11.0-13.8 -8.2 -3  0.0                           
072523050122103651ツーエムクロノス　　　　　　　　　　  9.4  2.6 -1.8 -1.9 -1.2  4  0.0                           
072523050222106760マイネルフルムーン　　　　　　　　　  3.7  1.4 16.6 27.8 14.4 19  0.0                           
072523050322105304エルモッソペンドロ　　　　　　　　　 60.8 11.4-11.8-15.0 -8.8 -4  0.0                           
072523050422102722ドゥラエテルノ　　　　　　　　　　　 39.2  7.8-12.6-15.0 -9.1 -4  0.0                           
072523050522102502ルルファーレ　　　　　　　　　　　　 18.7  4.1 -4.9 -3.8 -2.9  2  0.0                           
072523050622104297アトラクトラン　　　　　　　　　　　 25.7  5.3 -6.8 15.0  2.0  7  0.0                           
072523050722100382ビップディラン　　　　　　　　　　　 18.2  4.0 -2.5  9.0  1.8  7  0.0                           
072523050822104879テーオーシュタイン　　　　　　　　　  3.6  1.4 19.5 15.3 11.7 17  0.0  3                        
072523050922105736ヴァルドグラース　　　　　　　　　　 31.8  6.5-11.8 -7.4 -6.5 -2  0.0  0                        
072523051022101087ディフューズ　　　　　　　　　　　　 24.4  5.1 -1.0 -9.0 -3.1  2  0.0                           
072523051122105581レディオンステージ　　　　　　　　　  3.4  1.4 18.8 18.0 12.3 17  0.0                           
072523051222101461セイフウサツキ　　　　　　　　　　　 26.4  5.5 -5.9  6.5 -0.2  5  0.0                           
072523051322101486ミスサンシャイン　　　　　　　　　　 51.2 10.0 -2.9-15.0 -5.6 -1  0.0                           
072523051422102416インヘリット　　　　　　　　　　　　 26.9  5.6  2.2  8.3  3.3  8  0.0                           
072523051522102016テルケンレングレー　　　　　　　　　 85.9 15.9-11.0-13.8 -8.2 -3  0.0                           
072523051622100158オーラエグザート　　　　　　　　　　 36.0  7.2 -8.2 -9.4 -5.8 -1  0.0  0                        
072523060122105358バレアリックシー　　　　　　　　　　 24.5  5.0-11.0 -3.8 -5.2  0  0.0                           
072523060222102648モズノセイギ　　　　　　　　　　　　 11.6  2.8  7.8 12.0  6.5 11  0.0  5                        
072523060322100360シュヴァルノワール　　　　　　　　　 13.0  3.0 -1.1-13.8 -4.5  0  0.0                           
072523060422101273シャドーストライク　　　　　　　　　  8.1  2.3  7.4 22.5  9.5 14  0.0                           
072523060522103605ワンオールショット　　　　　　　　　 24.2  5.0-12.6-15.0 -9.1 -4  0.0                           
072523060622100187ハナカホノカ　　　　　　　　　　　　 25.7  5.2-11.8  1.0 -4.0  1  0.0                           
072523060722106785コスモシェルベット　　　　　　　　　  6.4  2.0 10.5 15.0  8.4 13  0.0                           
072523060822100736ポッドフォルク　　　　　　　　　　　  2.6  1.3 23.6 30.0 17.7 23  0.0                           
072523060922102977フーダオラ　　　　　　　　　　　　　 26.8  5.4-11.8-15.0 -8.8 -4  0.0                           
072523061022106563アルムウーリエ　　　　　　　　　　　 29.6  5.9-11.0 -9.0 -6.7 -2  0.0                           
072523061122103367エイシンアニーモ　　　　　　　　　　  7.7  2.2  5.7  9.0  4.8 10  0.0                           
072523061222106580アイルランズコール　　　　　　　　　  4.9  1.7 10.5 25.2 11.4 16  0.0  2                        
072523070120103655ダークブロンド　　　　　　　　　　　 11.2  3.1  3.9  9.0  4.1 24  0.0                           
072523070221105715アルバニー　　　　　　　　　　　　　  5.2  2.0  6.8-19.5 -3.4 17  0.0                           
072523070320101920メラヴィリオーザ　　　　　　　　　　 28.4  6.7-11.0 -2.9 -4.9 15  0.0                           
072523070421103504スノーディーヴァ　　　　　　　　　　 52.4 11.7-11.0-13.8 -8.2 12  0.0                           
072523070521105252シャンパンマーク　　　　　　　　　　 15.3  3.9 -6.0 11.3  1.2 21  0.0                           
072523070621105289オタルグリーン　　　　　　　　　　　  7.9  2.6 10.1 21.4 10.1 30  0.0                           
072523070721103449モアニ　　　　　　　　　　　　　　　  7.0  2.3  5.8 22.5  8.9 29  0.0                           
072523070821104978マルカオペラ　　　　　　　　　　　　 13.2  3.5 -2.5  5.4  0.7 21  0.0                           
072523070921105728アドマイヤアストラ　　　　　　　　　  3.9  1.7  8.9 18.0  8.7 29  0.0                           
072523071021106308カイトグート　　　　　　　　　　　　 28.0  6.6 -2.2-13.8 -4.9 15  0.0                           
072523071121103303ドリーミングアップ　　　　　　　　　 17.6  4.4 -6.2 -1.3 -2.7 17  0.0                           
072523071221105596シトラール　　　　　　　　　　　　　 12.2  3.3 -1.8-13.8 -4.8 15  0.0                           
072523071320104524タッケンイッキ　　　　　　　　　　　 63.4 13.7-11.8-15.0 -8.8 11  0.0                           
072523071421104929ルトゥール　　　　　　　　　　　　　 27.3  6.4 -5.0-15.0 -6.3 14  0.0                           
072523071519104548イスラグランデ　　　　　　　　　　　 18.9  4.7  0.5-15.0 -4.3 16  0.0                           
072523071620100052シルヴァーデューク　　　　　　　　　 18.6  4.6 -1.9-15.0 -5.2 15  0.0                           
072523080121100681コハナ　　　　　　　　　　　　　　　 36.1  7.7-11.0-13.8 -8.2 12  0.0                           
072523080219105857サーティファイド　　　　　　　　　　 14.9  3.6  4.3 15.0  6.1 26  0.0                           
072523080319105759フジフォンテ　　　　　　　　　　　　 34.9  7.4-11.0-13.8 -8.2 12  0.0                           
072523080421106940クヴェレ　　　　　　　　　　　　　　 50.5 10.5-12.6-15.0 -9.1 11  0.0                           
072523080520106205メイショウクーガー　　　　　　　　　  3.6  1.6 19.0 30.0 16.0 36  0.0                           
072523080621100480アンドゥーラ　　　　　　　　　　　　 19.7  4.6-12.6-15.0 -9.1 11  0.0                           
072523080721105480ガルデルクラージュ　　　　　　　　　  4.1  1.7 17.5 22.5 13.2 33  0.0                           
072523080821105348ラファミリア　　　　　　　　　　　　  8.5  2.5 12.6  9.0  7.3 27  0.0                           
072523080921107295アイファーキャップ　　　　　　　　　  7.2  2.2  6.6 18.0  7.8 28  0.0                           
072523081021104194ベルノレイズ　　　　　　　　　　　　 37.3  7.9-12.6-15.0 -9.1 11  0.0                           
072523081121106845ザロック　　　　　　　　　　　　　　 21.7  4.9 -6.6 -3.8 -3.6 16  0.0                           
072523081221105767ホウオウベルクソン　　　　　　　　　  8.1  2.5  5.6  8.3  4.5 25  0.0                           
072523081321101428タキ　　　　　　　　　　　　　　　　 23.9  5.3-11.8-15.0 -8.8 11  0.0                           
072523081420103119ディズレーリ　　　　　　　　　　　　  7.6  2.3  2.2 -1.8  0.3 20  0.0                           
072523081521104541アレスエルピーダ　　　　　　　　　　 49.3 10.2-11.0 -2.9 -4.9 15  0.0                           
072523090121105389トライデントスピア　　　　　　　　　  3.1  1.4 17.0 13.9 10.4 30  0.0                           
072523090221104936ワーキングアセット　　　　　　　　　 51.5  9.6-11.8-15.0 -8.8 11  0.0                           
072523090320103917デオヴォレンティ　　　　　　　　　　 51.3  9.6-11.0-13.8 -8.2 12  0.0                           
072523090420103731ミントマーク　　　　　　　　　　　　 26.1  5.2 -6.9-15.0 -7.0 13  0.0                           
072523090521106829コスモレオナルド　　　　　　　　　　  3.5  1.5 16.9 27.5 14.4 34  0.0                           
072523090621101228クリノアドバンス　　　　　　　　　　 24.2  4.9 -6.5-15.0 -6.9 13  0.0                           
072523090721105106タッチアンドムーブ　　　　　　　　　 12.8  2.9  8.8 -0.6  3.0 23  0.0                           
072523090819100702コスモエクスプレス　　　　　　　　　 31.8  6.2 -6.6 -3.8 -3.6 16  0.0                           
072523090920103187アドマイヤイル　　　　　　　　　　　  5.7  1.8 15.8 18.0 11.2 31  0.0                           
072523091021101086ゲヴァント　　　　　　　　　　　　　105.7 18.6-11.0-13.8 -8.2 12  0.0                           
072523091121104722ネイサン　　　　　　　　　　　　　　 46.8  8.8-11.0-13.8 -8.2 12  0.0                           
072523091220103100ファイナルヒート　　　　　　　　　　 57.6 10.4-11.0-13.8 -8.2 12  0.0                           
072523091320103160ケイツークローン　　　　　　　　　　 28.2  5.6-11.0-13.8 -8.2 12  0.0                           
072523091421103520デルシエロ　　　　　　　　　　　　　 19.3  4.1  2.4  9.0  3.6 24  0.0                           
072523091520101337コスモアバンサ　　　　　　　　　　　 32.8  6.4 -4.9-13.8 -5.9 14  0.0                           
072523091620103360ガレストロ　　　　　　　　　　　　　 46.8  8.8-11.0-13.8 -8.2 12  0.0                           
072523091721102708アドミラルシップ　　　　　　　　　　 19.0  4.0 -6.0  1.3 -1.8 18  0.0                           
072523091820103910レジェンドシップ　　　　　　　　　　 12.3  2.8 -2.7 18.0  4.4 24  0.0                           
072523100119104356ディオアステリア　　　　　　　　　　 42.7  7.7-11.0-13.8 -8.2 22  0.0                           
072523100220106737メイショウコギク　　　　　　　　　　 61.4 10.4-11.8-15.0 -8.8 21  0.0                           
072523100321105127テラメリタ　　　　　　　　　　　　　  8.9  2.3 10.9  9.0  6.7 37  0.0                           
072523100420103255トゥーテイルズ　　　　　　　　　　　 69.6 11.7-11.8 -9.0 -7.0 23  0.0                           
072523100520106901メイショウピース　　　　　　　　　　  7.1  2.0 10.3 18.0  9.2 39  0.0                           
072523100620106519モズアンタレス　　　　　　　　　　　 16.6  3.4  4.7 15.0  6.2 36  0.0                           
072523100720104636ノーブルマルシェ　　　　　　　　　　 55.7  9.5-11.0-13.8 -8.2 22  0.0                           
072523100821105863ルージュスエルテ　　　　　　　　　　  2.6  1.3 18.4 17.1 11.9 42  0.0  2                        
072523100921102013ソルトクィーン　　　　　　　　　　　 11.3  2.6  1.3-15.0 -4.0 26  0.0                           
072523101021100610アサギリ　　　　　　　　　　　　　　 26.6  5.0 -7.0 -1.8 -3.1 27  0.0                           
072523101121106639ベルブリエ　　　　　　　　　　　　　 27.3  5.1 -6.6-10.6 -5.6 24  0.0                           
072523101219106280サクラオーラ　　　　　　　　　　　　 13.7  3.0  0.7  9.0  3.0 33  0.0                           
072523101320106777セレッソデアモール　　　　　　　　　 89.4 14.9-10.6-15.0 -8.4 22  0.0                           
072523101421106673エチャケナ　　　　　　　　　　　　　 57.3  9.8-11.0-13.8 -8.2 22  0.0                           
072523101520103241ケイデンシーマーク　　　　　　　　　  3.7  1.5 17.6 22.5 13.2 43  0.0                           
072523101620104983マルプリ　　　　　　　　　　　　　　 58.0  9.9-11.0-13.8 -8.2 22  0.0                           
072523101721105374クイックバイオ　　　　　　　　　　　 44.4  7.9-11.8-15.0 -8.8 21  0.0                           
072523110122104588タイセイカレント　　　　　　　　　　 23.8  5.7 -6.5-15.0 -6.9 43  0.0                           
072523110222103527ライツユーアップ　　　　　　　　　　104.7 22.2-11.8 -7.7 -6.6 43  0.0                           
072523110322104929バニーラビット　　　　　　　　　　　 23.0  5.5-12.6-15.0 -9.1 41  0.0                           
072523110422101732パンジャタワー　　　　　　　　　　　  4.1  1.8 21.1 19.9 13.7 64  0.0                           
072523110522100490モズナナスター　　　　　　　　　　　 30.8  7.2-11.8-15.0 -8.8 41  0.0                           
072523110622103051ヤンキーバローズ　　　　　　　　　　 13.0  3.5  3.1-15.0 -3.4 47  0.0                           
072523110722104942シルバーレイン　　　　　　　　　　　  4.9  1.9  9.8 11.3  7.0 57  0.0                           
072523110822103220ニタモノドウシ　　　　　　　　　　　 13.7  3.6 -2.6 -1.8 -1.5 49  0.0                           
072523110922102395チムグクル　　　　　　　　　　　　　 24.4  5.8 -8.2-15.0 -7.5 42  0.0                           
072523111022100642キャッスルレイク　　　　　　　　　　 31.1  7.2 -3.1  9.0  1.6 52  0.0                           
072523111122104971トータルクラリティ　　　　　　　　　 14.4  3.8  1.8  9.0  3.4 53  0.0                           
072523111222107340ラパンチュール　　　　　　　　　　　 37.3  8.5-11.0-13.8 -8.2 42  0.0                           
072523111322106394クラスペディア　　　　　　　　　　　 12.9  3.4  0.5-15.0 -4.3 46  0.0                           
072523111422105718リリーフィールド　　　　　　　　　　 12.4  3.3  0.2  3.2  1.0 51  0.0  0                        
072523111522105921アーリントンロウ　　　　　　　　　　 12.8  3.4  7.1 22.5  9.4 59  0.0                           
072523111622100460スマッシュアウト　　　　　　　　　　 45.5 10.3-11.0 -2.9 -4.9 45  0.0                           
072523111722106603モジャーリオ　　　　　　　　　　　　 31.9  7.4 -2.6 -1.8 -1.5 49  0.0                           
072523111822105830モンドデラモーレ　　　　　　　　　　  7.3  2.4 -3.5 -3.8 -2.4 48  0.0                           
072523120121110075スターチスブーケ　　　　　　　　　　 45.0 10.3-11.0-13.8 -8.2 12  0.0                           
072523120220102592アフトクラーティラ　　　　　　　　　 19.8  5.0 -2.6  8.3  1.5 22  0.0                           
072523120321105677ローガンパス　　　　　　　　　　　　 13.3  3.5 -9.4  9.0 -0.7 19  0.0                           
072523120421104151カネコメファミリー　　　　　　　　　 16.4  4.2  3.1  4.2  2.4 22  0.0                           
072523120520106021マイネルサンテ　　　　　　　　　　　 13.0  3.5  1.4  9.0  3.2 23  0.0                           
072523120621110135パトジュニア　　　　　　　　　　　　 34.5  8.0-11.8-16.3 -9.2 11  0.0  0                        
072523120721109043テイエムタリスマ　　　　　　　　　　  6.3  2.2 13.5 18.0 10.4 30  0.0                           
072523120820105470キーウィル　　　　　　　　　　　　　  9.4  2.9  4.3  5.4  3.2 23  0.0                           
072523120917103155トモジャアルマンド　　　　　　　　　 14.3  3.8-11.8  5.4 -2.7 17  0.0                           
072523121020103513ナンヨークリスタル　　　　　　　　　  8.1  2.6  3.2 13.1  5.1 25  0.0                           
072523121120106336ゴレイジョウ　　　　　　　　　　　　 45.0 10.3-11.0-13.8 -8.2 12  0.0                           
072523121221104782ミッキードラマー　　　　　　　　　　 16.9  4.3-11.0-13.8 -8.2 12  0.0                           
072523121321104069ショコラブレッド　　　　　　　　　　 37.5  8.7-11.0-13.8 -8.2 12  0.0                           
072523121419103974プラタルス　　　　　　　　　　　　　 37.5  8.7-11.0-13.8 -8.2 12  0.0                           
072523121521106923ソーニャシュニク　　　　　　　　　　  4.6  1.8 15.1 27.5 13.8 34  0.0                           
072523121621102336ヨシノヤッタルデー　　　　　　　　　  4.5  1.8 19.3 17.1 12.2 32  0.0                           
092517010122102574メイショウドライブ　　　　　　　　　 11.6  2.6  9.7 -1.5  3.1  8  0.0                           
092517010222103193メイショウバスク　　　　　　　　　　  4.9  1.6 14.6 18.0 10.8 16  0.0                           
092517010322101410ヤスエ　　　　　　　　　　　　　　　 87.2 14.6-11.2-10.6 -7.3 -2  0.0                           
092517010422100459ハヤブサナンデヒメ　　　　　　　　　 40.5  7.3 -5.4 -7.5 -4.2  1  0.0                           
092517010522101324サンラグナベルデ　　　　　　　　　　 17.7  3.6  2.1  2.8  1.6  7 23.5                           
092517010622103040ボッカルーポ　　　　　　　　　　　　 41.2  7.4-11.3-10.2 -7.2 -2  0.0                           
092517010722107056テーオーシュターデ　　　　　　　　　 20.0  4.0 -7.2  5.5 -1.0  4  0.0                           
092517010822100534テリオスミナ　　　　　　　　　　　　 30.8  5.7-11.3-13.1 -8.1 -3  0.0                           
092517010922104515ビーアイフォルテ　　　　　　　　　　 21.6  4.2 -1.6 12.3  3.1  8 18.5  4                        
092517011022100167カネトシエテルノ　　　　　　　　　　 33.0  6.1 -5.8-15.4 -6.7 -2  0.0                           
092517011122102545メイショウハヤセ　　　　　　　　　　 31.3  5.8 -4.8  5.3 -0.2  5  0.0                           
092517011222103469インピッシュ　　　　　　　　　　　　 73.5 12.4-11.3-10.2 -7.2 -2  0.0                           
092517011322105124ボヌールキャッツ　　　　　　　　　　 13.4  2.9 -1.4  8.7  2.1  7  0.0                           
092517011422101328フクノフィアーノン　　　　　　　　　  4.3  1.5 11.8 13.0  8.2 13 17.7                           
092517011522105011リンゲルブルーメ　　　　　　　　　　  2.4  1.2 20.6 20.4 13.7 19 16.2                           
092517020122106943ランドブレイブ　　　　　　　　　　　 15.5  2.7 -3.4 12.0  2.4  7  0.0  5                        
092517020222100007メトゥザレム　　　　　　　　　　　　 14.1  2.5 11.2  6.9  6.2 11  0.0                           
092517020322104427ターミネーター　　　　　　　　　　　  8.8  1.9  8.4  5.3  4.7 10 14.4                           
092517020422102190サンライズアルズ　　　　　　　　　　 30.4  4.5-11.3 -8.2 -6.6 -2  0.0                           
092517020522103267ギュルヴィ　　　　　　　　　　　　　  6.6  1.6 12.0 11.8  7.9 13 19.1                           
092517020622106607ヤマニンヒストリア　　　　　　　　　 24.9  3.8 -8.8-10.2 -6.3 -1  0.0                           
092517020722106673スズノソレイユ　　　　　　　　　　　  3.9  1.3 17.7 25.8 14.2 19 17.7  1  143   53              
092517020822106891ドウジギリ　　　　　　　　　　　　　  1.8  1.2 20.7 25.7 15.3 20 16.2                           
092517020922102906オリジナルファイン　　　　　　　　　 15.2  2.6  3.4 12.4  5.0 10  0.0                           
092517030122102565テルモピュライ　　　　　　　　　　　 50.5  8.1-13.2-11.3 -8.2 -3  0.0                           
092517030222106680イダイ　　　　　　　　　　　　　　　 40.6  6.6 -6.9-11.4 -5.9 -1  0.0                           
092517030322101774ビッグビート　　　　　　　　　　　　 40.7  6.6 -9.7 -8.1 -6.0 -1  0.0  0                        
092517030422106157フォードスピリット　　　　　　　　　 32.4  5.4 -1.2-12.4 -4.2  1  0.0                           
092517030522100064テイエムドレミラン　　　　　　　　　 88.8 13.4-11.3-10.2 -7.2 -2  0.0                           
092517030622101874メイショウライズ　　　　　　　　　　 29.6  5.0-11.8-20.0-10.3 -5  0.0  0                        
092517030722106920ニューオーリンズ　　　　　　　　　　  7.9  2.0 10.3 13.1  7.7 13  0.0  3                        
092517030822106262アースノイド　　　　　　　　　　　　 22.4  4.0 -4.9  3.4 -0.8  4  0.0                           
092517030922100725テーオーノーベル　　　　　　　　　　 12.0  2.5 12.6  9.4  7.4 12 14.4                           
092517031022104461シナモンショコラ　　　　　　　　　　 46.9  7.5-11.3-10.2 -7.2 -2  0.0                           
092517031122104448ガビーズブラザー　　　　　　　　　　  2.5  1.3 19.7 22.0 13.8 19 16.2  2                        
092517031222105316ポッドデューク　　　　　　　　　　　 25.4  4.4  7.8  0.5  3.0  8  0.0                           
092517031322107059サヨノミッキー　　　　　　　　　　　 16.7  3.2 -4.5  9.8  1.3  6  0.0                           
092517031422105881カフジアッサム　　　　　　　　　　　 60.6  9.3 -7.3 -4.6 -4.1  1  0.0                           
092517031522103680ラファル　　　　　　　　　　　　　　  3.0  1.3 19.9 29.8 16.2 21 17.7  2                        
092517031622102746パープルパライソ　　　　　　　　　　 13.9  2.7  3.7  1.2  1.7  7 22.1                           
092517040122106083ファルコンバローズ　　　　　　　　　  5.5  1.7 14.8 13.8  9.6 15 20.6                           
092517040222105811セプトラム　　　　　　　　　　　　　 16.7  3.6 -6.9-11.9 -6.1 -1  0.0                           
092517040322106178アメリカンタロー　　　　　　　　　　 30.2  5.9-11.3 -4.8 -5.6 -1  0.0                           
092517040422101296クラウンセヘル　　　　　　　　　　　 14.2  3.2  2.9  4.4  2.4  7  0.0                           
092517040522103050キングベル　　　　　　　　　　　　　  3.6  1.5 18.8 14.6 11.3 16 17.7                           
092517040622102516バッケンレコード　　　　　　　　　　  3.0  1.4 14.4 12.4  9.0 14 16.2                           
092517040722102343エイカイラウール　　　　　　　　　　 28.1  5.5-11.3 -9.0 -6.8 -2  0.0                           
092517040822101270ペプチドモガミ　　　　　　　　　　　  8.0  2.2 12.6  9.8  7.6 13 15.4                           
092517040922103053ケイアイワイラーパ　　　　　　　　　  5.1  1.7 14.3 12.1  8.9 14  0.0                           
092517041022106100ユイットムーラン　　　　　　　　　　 41.3  7.8-11.2-10.6 -7.3 -2  0.0                           
092517041122104708テーオーシュタルク　　　　　　　　　 35.0  6.7-12.2-15.6 -9.2 -4  0.0                           
092517050122105449マサハヤモーブ　　　　　　　　　　　 39.7  6.8 -4.2-13.9 -5.7 -1  0.0                           
092517050222103037ジンガブリッツ　　　　　　　　　　　 48.0  8.1-11.3-13.5 -8.2 -3  0.0                           
092517050322103263メイショウアゴナス　　　　　　　　　  3.1  1.4 16.4 19.3 11.8 17 17.7                           
092517050422104719ダノンカゼルタ　　　　　　　　　　　  8.3  2.1  5.7 10.1  5.1 10 19.1                           
092517050522106565タガノビギニング　　　　　　　　　　 30.3  5.4-11.3-10.2 -7.2 -2  0.0                           
092517050622103787ジョイボーイ　　　　　　　　　　　　 12.6  2.6  7.2  2.4  3.4  8 15.4                           
092517050722100963キャスパインパクト　　　　　　　　　 18.5  3.6  2.3-12.4 -2.9  2  0.0                           
092517050822104125トラスティソード　　　　　　　　　　 27.0  4.9 -4.5 -1.9 -2.2  3  0.0                           
092517050922102848メイショウヨリキリ　　　　　　　　　 56.2  9.1-11.3-12.4 -7.9 -3  0.0                           
092517051022105206ヴェシレンキ　　　　　　　　　　　　 31.8  5.6-11.3-12.4 -7.9 -3  0.0                           
092517051122106180シャインバオバブ　　　　　　　　　　 13.8  2.8  2.3  9.7  3.8  9  0.0                           
092517051222105290レッドヴァリアート　　　　　　　　　 27.2  4.9  2.0 -4.8 -0.7  4  0.0                           
092517051322105586ブラゾンロワイヤル　　　　　　　　　 88.4 14.0-11.3-12.2 -7.8 -3  0.0                           
092517051422105839アスクデッドヒート　　　　　　　　　  2.7  1.3 21.1 17.9 13.1 18 16.2                           
092517051522103280バルデラマ　　　　　　　　　　　　　  8.9  2.2  6.4 10.5  5.5 10  0.0                           
092517060120100719キャロルビアンカ　　　　　　　　　　 29.5  5.1-12.2-12.4 -8.2 12  0.0                           
092517060221101391ブラックドレス　　　　　　　　　　　  3.4  1.3 16.2 21.0 12.2 32 17.7                           
092517060320105302ブライテン　　　　　　　　　　　　　 12.5  2.6  9.2  8.6  6.0 26 15.4                           
092517060420106035タガノエリザベス　　　　　　　　　　 21.7  4.0 -1.3-15.6 -5.2 15  0.0                           
092517060521103506ジュリアスローズ　　　　　　　　　　 25.7  4.6 -7.8-10.2 -5.9 14  0.0                           
092517060620100629サイモンコーラル　　　　　　　　　　 13.3  2.7  3.8  4.9  2.9 23  0.0                           
092517060721104840フルレゾン　　　　　　　　　　　　　  2.4  1.2 20.5 18.9 13.2 33 16.2                           
092517060821105089ヒロインズクレスト　　　　　　　　　  5.0  1.5 14.9 12.2  9.1 29 19.1                           
092517060921105887リエータメンテ　　　　　　　　　　　 15.6  3.1 -3.6  0.8 -1.1 19  0.0                           
092517061020102081テンクウハット　　　　　　　　　　　  8.9  2.2  5.7  7.1  4.2 24  0.0                           
092517070119101340ブルーデイジー　　　　　　　　　　　 60.1 11.1-11.2-10.6 -7.3 13  0.0                           
092517070221100337ゼンカイパイロ　　　　　　　　　　　  3.7  1.5 16.3 24.2 13.2 33 17.7                           
092517070321101057セールヴォラン　　　　　　　　　　　  3.1  1.4 19.9 14.0 11.5 31 11.3                           
092517070421101624キャンドルマス　　　　　　　　　　　 19.7  4.2  2.1  6.3  2.7 23  0.0                           
092517070520104135トルズイーガー　　　　　　　　　　　 19.6  4.2 -1.6 -3.6 -1.7 18  0.0                           
092517070621101891スパークルジョイ　　　　　　　　　　 29.4  5.9 -4.1 -4.2 -2.8 17  0.0                           
092517070721102641グランルーチェ　　　　　　　　　　　 40.4  7.9 -6.9 -3.0 -3.4 17  0.0                           
092517070819105456ダノンフューチャー　　　　　　　　　 24.6  5.1 -2.2-11.0 -4.1 16  0.0                           
092517070921105862フェリーニ　　　　　　　　　　　　　  5.2  1.7  5.8  6.1  4.0 24 19.1                           
092517071021104673ダディーズアイル　　　　　　　　　　 13.0  3.0 12.7 13.9  8.8 29  0.0                           
092517071120106798メイショウオオミネ　　　　　　　　　 28.3  5.7  1.8-11.1 -2.7 17  0.0                           
092517071218101592スナークシュンソウ　　　　　　　　　 56.2 10.4 -8.3 -6.9 -5.1 15  0.0                           
092517071321104639ラストボーン　　　　　　　　　　　　 29.9  6.0 -8.9-11.9 -6.8 13 30.9                           
092517071421102469ブライティアブエナ　　　　　　　　　 34.9  6.9-11.3 -8.2 -6.6 13  0.0                           
092517071521100086シリウス　　　　　　　　　　　　　　  6.4  2.0  8.3  9.1  5.8 26  0.0                           
092517080119100549タガノバルコス　　　　　　　　　　　 27.4  5.4 -8.9 -7.5 -5.5 24  0.0                           
092517080220101537リミットバスター　　　　　　　　　　  3.9  1.5 16.2 18.6 11.5 42 12.4  4                        
092517080320101893チュウワモーニング　　　　　　　　　 26.1  5.2-11.8-10.6 -7.5 22  0.0                           
092517080420103329ローレルキャニオン　　　　　　　　　  4.7  1.6 12.8 12.5  8.4 38 20.6                           
092517080518105073サトノスカイターフ　　　　　　　　　  4.7  1.6 17.6 13.2 10.4 40 19.1                           
092517080619103816リッチブラック　　　　　　　　　　　  2.8  1.3 19.7 19.1 13.0 43 16.2                           
092517080719106399ダンツエスプリ　　　　　　　　　　　 14.6  3.2  0.5 -1.2 -0.2 30  0.0                           
092517080818100410ダノンターキッシュ　　　　　　　　　 10.9  2.6 -3.2 -2.7 -2.0 28  0.0                           
092517080916102767プレイリードリーム　　　　　　　　　 12.7  2.9  8.3 12.0  6.6 37  0.0  5                        
092517090119102106ブリュットミレジメ　　　　　　　　　  9.2  2.8 11.9 12.4  8.1 43  0.0                           
092517090219103898スーサンアッシャー　　　　　　　　　 36.9  8.4-11.3-11.4 -7.6 27  0.0                           
092517090320103367ハンベルジャイト　　　　　　　　　　 60.0 12.9-11.8-10.6 -7.5 27  0.0                           
092517090419106739ダークエクリプス　　　　　　　　　　 51.3 11.5-11.3-15.8 -8.9 26  0.0                           
092517090521102888ナムラアトム　　　　　　　　　　　　  8.4  2.7 13.0  9.1  7.5 42  0.0                           
092517090618103406トーホウディアス　　　　　　　　　　 26.4  6.2 -2.1 -1.9 -1.3 34  0.0                           
092517090718103902サウンドブライアン　　　　　　　　　 44.0  9.9 -9.0-10.2 -6.4 29  0.0                           
092517090817104092プレシオーソ　　　　　　　　　　　　 27.0  6.3-11.3-15.6 -8.8 26  0.0                           
092517090920103393ダルエスサラーム　　　　　　　　　　 20.2  5.0-11.3-10.2 -7.2 28  0.0                           
092517091020104613タツダイヤモンド　　　　　　　　　　 59.2 12.8-11.3-10.2 -7.2 28  0.0                           
092517091121100019マサノカナリア　　　　　　　　　　　 22.7  5.4 -6.9 -4.8 -4.0 31  0.0                           
092517091219105191コナブラック　　　　　　　　　　　　 37.8  8.6-11.3-12.4 -7.9 27  0.0                           
092517091321100494ガロンヌ　　　　　　　　　　　　　　 11.9  3.2 11.6  4.7  5.7 41 23.5  0                        
092517091420105354サクセスアイ　　　　　　　　　　　　  4.0  1.7 12.1 11.6  7.9 43 16.2                           
092517091520102890イティネラートル　　　　　　　　　　 18.5  4.6 -9.7 -5.2 -5.1 30  0.0                           
092517091619100604ヤマニンアンフィル　　　　　　　　　  6.6  2.2 13.8 14.5  9.4 44 19.1                           
092517091720100792ハクサンバード　　　　　　　　　　　 12.6  3.4  6.1  0.7  2.4 37  0.0                           
092517091821105370キャプテンシー　　　　　　　　　　　  4.9  1.9 12.2 13.5  8.5 44 12.4                           
092517100119104194ブリッツファング　　　　　　　　　　 46.1  8.7 -8.9-10.6 -6.4 39  0.0                           
092517100218106259サンマルレジェンド　　　　　　　　　 60.2 10.8-11.3-15.4 -8.8 36  0.0                           
092517100319100286カンピオーネ　　　　　　　　　　　　 16.1  3.5  4.0  8.5  4.0 49  0.0                           
092517100419106748リチュアル　　　　　　　　　　　　　 11.4  2.7  4.4 15.2  6.2 51 22.1  5                        
092517100519104983レッドファーロ　　　　　　　　　　　 18.0  3.8 -7.1 -7.3 -4.8 40  0.0                           
092517100621100838モンブランミノル　　　　　　　　　　  2.3  1.3 23.5 20.3 14.7 60 16.2                           
092517100719101198マリオロード　　　　　　　　　　　　 26.4  5.2-10.1 12.0 -0.1 45  0.0  5                        
092517100820104760ゼットリアン　　　　　　　　　　　　  6.3  1.9 13.1 11.5  8.3 53  0.0                           
092517100917104106レガーメペスカ　　　　　　　　　　　 48.7  9.1-11.3-10.2 -7.2 38  0.0                           
092517101018100420ノースザワールド　　　　　　　　　　 27.6  5.5 -5.0 -7.4 -4.1 41  0.0                           
092517101120104861タマモロック　　　　　　　　　　　　 19.6  4.1 -1.5 -0.4 -0.7 44  0.0                           
092517101220100960マーブルロック　　　　　　　　　　　  7.5  2.2  8.6 16.2  8.0 53 14.4                           
092517101320102688サーマルソアリング　　　　　　　　　  5.8  1.8 10.0 16.1  8.5 53 17.7                           
092517101420104304スマートサニー　　　　　　　　　　　 17.8  3.8 -4.5  6.7  0.4 45  0.0                           
092517110122104887シュバルツマサムネ　　　　　　　　　 20.3  3.4-11.3 -5.6 -5.8 39  0.0                           
092517110222104765ミッキーゴールド　　　　　　　　　　  3.3  1.3 16.1 19.4 11.7 57 17.7                           
092517110322105033ジュンアサヒソラ　　　　　　　　　　 30.8  4.8 -5.5  0.4 -1.9 43  0.0                           
092517110422105421コンフォルツァ　　　　　　　　　　　 13.4  2.5 -2.8-15.1 -5.6 39  0.0                           
092517110522101562ダイシンラー　　　　　　　　　　　　 17.2  3.0 -0.5 -9.0 -2.9 42  0.0                           
092517110622101827ローランドバローズ　　　　　　　　　 12.1  2.3  5.4  6.3  3.9 49 15.4  5                        
092517110722104167タイセイリコルド　　　　　　　　　　  7.7  1.8  9.3  9.5  6.3 51  0.0                           
092517110822110054デルアヴァー　　　　　　　　　　　　  6.9  1.7 10.2 15.2  8.3 53 19.1                           
092517110922103995ジョバンニ　　　　　　　　　　　　　  2.1  1.2 21.9 28.9 16.7 62 16.2  1  151   52              
092517120120102809デルマオシダシ　　　　　　　　　　　 69.5 14.3-11.2-10.6 -7.3 23  0.0                           
092517120219103983リジン　　　　　　　　　　　　　　　  8.8  2.7  8.7  4.8  4.6 35  0.0                           
092517120321104176キングブルー　　　　　　　　　　　　  4.6  1.8 15.8 11.3  9.2 39 17.7                           
092517120421102389トウカイポワール　　　　　　　　　　  3.6  1.6 12.2  7.0  6.6 37 16.2                           
092517120518103711シンヨモギネス　　　　　　　　　　　  8.6  2.6  3.2  9.8  4.1 34 14.4                           
092517120620104215ケイアイメキラ　　　　　　　　　　　 40.3  8.8 -4.6 -3.6 -2.8 27  0.0                           
092517120721102380オーケーカルメン　　　　　　　　　　 16.3  4.0 -6.1 -1.7 -2.7 27  0.0                           
092517120819106148シンリミテス　　　　　　　　　　　　 51.6 11.0-10.4 -3.1 -4.7 25  0.0                           
092517120921101226クリノフィガロ　　　　　　　　　　　 11.6  3.0  4.3 12.4  5.3 35  0.0                           
092517121021104197タイセイミニスター　　　　　　　　　 32.4  7.2 -6.1-15.4 -6.9 23  0.0                           
092517121120104240ノッテルーナ　　　　　　　　　　　　 48.2 10.4-11.3-12.4 -7.9 22  0.0  0                        
092517121221105831グラヴィス　　　　　　　　　　　　　 10.6  2.8  7.9  1.9  3.5 33  0.0                           
092517121320100681ジーニアスバローズ　　　　　　　　　  6.2  2.1 10.8  9.3  6.8 37  0.0                           
092517121418102956ワンダースティング　　　　　　　　　 31.1  6.9 -7.3-11.9 -6.2 24  0.0                           
092517121521101426コーラルハート　　　　　　　　　　　 13.8  3.5 -4.6 -3.6 -2.8 27 26.5                           
092517121620106209メイショウコボケ　　　　　　　　　　 92.6 18.8-11.3-11.2 -7.5 22  0.0                           
