022213010119103896メイショウオオルリ　　　　　　　　　 14.1  3.9  1.7 -4.5 -1.1  4  0.0                           
022213010219106461クリノニーナ　　　　　　　　　　　　 17.7  4.7 -1.5 -6.9 -3.0  2  0.0                           
022213010319104745バリオーレ　　　　　　　　　　　　　 44.7 10.7 -9.9-10.3 -6.7 -2 18.0                           
022213010419106372アルコローザ　　　　　　　　　　　　 38.4  9.3-10.7-19.0-10.2 -5  0.0  0                        
022213010519105806ドロップオブライト　　　　　　　　　  4.8  1.9 14.6  2.8  5.4 10  7.9                           
022213010619103647ビッグローズ　　　　　　　　　　　　 47.5 11.4-12.7 -7.5 -6.6 -2  0.0                           
022213010719104940レクレールドパリ　　　　　　　　　　 16.9  4.5 -3.4 -5.3 -3.0  2  0.0                           
022213010819101842ジュース　　　　　　　　　　　　　　 15.1  4.1-10.7-20.0-10.5 -6  0.0                           
022213010919104865ファイアーコード　　　　　　　　　　 33.2  8.1-10.6 -8.3 -6.2 -1  0.0                           
022213011019101742ジャジャカバージョ　　　　　　　　　 17.5  4.7 -3.8 -5.0 -3.0  2  0.0                           
022213011119106028ピースキーパー　　　　　　　　　　　  6.0  2.2 14.2 13.0  9.0 14  9.4                           
022213011219100742コスモプルエバ　　　　　　　　　　　  8.7  2.9 12.7  5.6  5.9 11  0.0                           
022213011319102078フルールボーテ　　　　　　　　　　　 17.2  4.6 -1.5-10.3 -4.2  1  0.0                           
022213011419105524ジェネラルウィル　　　　　　　　　　  5.6  2.1 13.0 13.0  8.7 14 17.3                           
022213011519105962プティアンジュ　　　　　　　　　　　 16.1  4.4 -2.5 -4.8 -2.5  2  0.0                           
022213011619106881マエマエ　　　　　　　　　　　　　　  6.6  2.3 10.5 24.0 11.9 17 10.1                           
022213020119103302ユリシーズ　　　　　　　　　　　　　 23.2  5.0 -2.8-10.3 -4.6  0  0.0                           
022213020219104502パリヘンジ　　　　　　　　　　　　　  8.2  2.4 10.6  6.4  5.5 11 10.8                           
022213020319107071シンゼンコイチャン　　　　　　　　　 16.0  3.7 -0.8-10.3 -4.0  1  0.0                           
022213020419103158セイウンガレオン　　　　　　　　　　  7.6  2.3  8.4 13.0  7.3 12 20.2                           
022213020519106034ヘキクウ　　　　　　　　　　　　　　  6.8  2.1 11.3  4.7  5.1 10  0.0                           
022213020619105417ベルアクトリス　　　　　　　　　　　  9.3  2.6  8.5  0.3  2.7  8  0.0                           
022213020719100029タロファイター　　　　　　　　　　　 13.0  3.2  5.0  2.4  2.4  7  0.0                           
022213020819101760アスリエル　　　　　　　　　　　　　 15.1  3.6 -8.5 -5.3 -4.5  1  0.0                           
022213020919101531アウゲンブリック　　　　　　　　　　  3.3  1.5 16.0 19.7 12.0 17  7.9                           
022213021019102157ダンスデミルリトン　　　　　　　　　 33.2  6.9-13.6-16.5-10.1 -5  0.0  0                        
022213021119103875ロルバーンスカイ　　　　　　　　　　  4.1  1.6 18.2 26.5 15.2 20 17.3  1  190   75              
022213021219102934スターオブフェイス　　　　　　　　　 31.7  6.6-13.6-10.7 -8.0 -3  0.0                           
022213030119110109グラットンラッシー　　　　　　　　　  4.6  1.8 15.1 21.2 12.3 17 17.3                           
022213030219103431レッドコーラル　　　　　　　　　　　 13.0  3.4  4.7 -5.3 -0.5  4  0.0                           
022213030319103641ルアル　　　　　　　　　　　　　　　  6.2  2.1 11.1 10.8  7.3 12 10.1                           
022213030419106772カルド　　　　　　　　　　　　　　　  3.8  1.6 19.6  6.9  8.4 13 15.8                           
022213030519101484タイコネン　　　　　　　　　　　　　 27.5  6.3-13.6-10.7 -8.0 -3  0.0                           
022213030619103224オーブラック　　　　　　　　　　　　  4.9  1.8 17.2 15.0 10.7 16  9.4                           
022213030719105851ライブリインパクト　　　　　　　　　 31.5  7.1-10.5 -5.0 -5.0  0  0.0                           
022213030819100313ソプラノナイト　　　　　　　　　　　 11.7  3.1 -2.3  2.0  0.0  5  0.0                           
022213030919102273モリノドリーム　　　　　　　　　　　 16.1  4.0 -1.1 -1.1 -0.7  4  0.0                           
022213031019102292タイガークリスエス　　　　　　　　　  6.6  2.2 13.6  4.0  5.5 11  0.0                           
022213031119110098エントリーコード　　　　　　　　　　 23.4  5.4 -8.3-10.3 -6.3 -1  0.0                           
022213031219101068ペイシャアート　　　　　　　　　　　 33.5  7.5-11.7-10.7 -7.4 -2  0.0                           
022213040119105289チムドンドン　　　　　　　　　　　　  7.6  2.2 11.6 11.4  7.7 13  9.4                           
022213040219106716ヒドゥンキング　　　　　　　　　　　 12.8  2.9  6.7 18.8  8.9 14  0.0                           
022213040319103727リアルモンスター　　　　　　　　　　  9.3  2.5  9.5  6.7  5.3 10  0.0                           
022213040419101645ユイ　　　　　　　　　　　　　　　　 14.8  3.3 -8.3 -5.0 -4.3  1  0.0                           
022213040519103257ゴッドスイートビー　　　　　　　　　 23.1  4.7 -6.4 -5.0 -3.8  1  0.0                           
022213040619104615ベアビリーブ　　　　　　　　　　　　 24.5  4.9 -8.6-20.0 -9.9 -5  0.0                           
022213040719106416キセキノエンジェル　　　　　　　　　  8.9  2.4  8.3 18.0  9.1 14 10.1C                          
022213040819102672バレル　　　　　　　　　　　　　　　  2.5  1.3 24.0 20.6 14.8 20 15.8                           
022213040919102557コウガンカレン　　　　　　　　　　　 29.8  5.8-12.7 -9.0 -7.1 -2  0.0                           
022213041019103546フレンドオパール　　　　　　　　　　 38.9  7.4-12.7 -9.0 -7.1 -2  0.0                           
022213041119103488ジョーカーブラウン　　　　　　　　　  4.7  1.7 19.0 19.5 12.9 18 17.3                           
022213041219102523タレントゥーサ　　　　　　　　　　　 14.3  3.2  5.2 -9.8 -2.0  3  0.0                           
022213041319105732フレイムリリー　　　　　　　　　　　 32.9  6.4-12.7-10.7 -7.7 -3  0.0                           
022213050120102146シュガーベイビー　　　　　　　　　　 15.1  3.2  0.8 -5.0 -1.6 -2  0.0                           
022213050220101769ダイヤノジャック　　　　　　　　　　 12.0  2.6 -1.6 12.0  3.9  4  0.0                           
022213050320103870ウィズアットダンス　　　　　　　　　 19.2  3.8 -6.5-10.7 -5.9 -6  0.0                           
022213050420100441ハナサキポプラ　　　　　　　　　　　 12.6  2.7 -3.1  2.4 -0.1  0  0.0                           
022213050520103587ブルジュドバイ　　　　　　　　　　　  5.0  1.6 14.4 29.2 15.0 15 18.7  2                        
022213050620104345エリカフォンテーヌ　　　　　　　　　  2.6  1.3 28.1 14.9 13.9 14 15.8                           
022213050720106623ゴキゲンサン　　　　　　　　　　　　  3.7  1.4 25.7 11.3 11.9 12 17.3                           
022213050820104400テイエムノーブル　　　　　　　　　　 13.0  2.8  6.3  7.5  4.6  5  0.0                           
022213050920100769コスモレンブランサ　　　　　　　　　 14.6  3.1 -0.4 40.0 14.5 15  0.0                           
022213051020104948ピスティス　　　　　　　　　　　　　 18.3  3.7-11.7 -5.5 -5.5 -6  0.0                           
022213060120104349キースケデシュ　　　　　　　　　　　 20.3  4.6-12.7-10.7 -7.7 -8  0.0                           
022213060220106795フクノワカバ　　　　　　　　　　　　  8.1  2.4  5.2  0.9  1.9  2  0.0                           
022213060320103970リンデザ　　　　　　　　　　　　　　  3.8  1.5 23.8 17.7 13.6 14 17.3                           
022213060420101728トータルプラン　　　　　　　　　　　 17.7  4.1-12.6 -6.5 -6.2 -6  0.0                           
022213060520104144オマツリオトコ　　　　　　　　　　　  3.7  1.5 15.2 14.9 10.0 10  7.9                           
022213060620104920ダンツターセル　　　　　　　　　　　  3.9  1.5 12.4 12.8  8.4  8  0.0                           
022213060720100039ベアカワイコチャン　　　　　　　　　  6.1  2.0 17.6 12.0  9.7 10 10.8C                          
022213060820106818ルーチェステラーレ　　　　　　　　　  4.9  1.7 15.0  5.6  6.6  7 20.2                           
022213070119103873ヴァーグエスタード　　　　　　　　　  5.9  1.9 12.9 12.7  8.5 14 10.1                           
022213070219104821ソレジャートポスト　　　　　　　　　 16.7  3.8-12.7-10.3 -7.6 -3  0.0                           
022213070319105290サンドレス　　　　　　　　　　　　　  3.4  1.5 21.1 33.3 18.5 24 15.8  1  168   80              
022213070419101825デザートスター　　　　　　　　　　　  6.2  2.0  7.9  9.7  5.9 11 10.8                           
022213070519104983レッドファーロ　　　　　　　　　　　  5.6  1.8 13.0 10.6  7.8 13  0.0                           
022213070619110003クラシカルオーサー　　　　　　　　　 12.4  3.0  4.1  4.2  2.8  8  0.0                           
022213070719104454クルベリ　　　　　　　　　　　　　　 11.7  2.8 -3.0 -5.5 -2.9  2  0.0  5                        
022213070819105808ホウオウユニコーン　　　　　　　　　  3.7  1.5 17.0 10.6  9.0 14 17.3                           
022213070919100741コスモゴレアドール　　　　　　　　　 15.9  3.6 -8.9 -2.9 -3.7  1  0.0                           
022213080117103497スズカサウスソング　　　　　　　　　 24.6  6.1-12.7 -6.5 -6.2 14  0.0                           
022213080219105741イスラアネーロ　　　　　　　　　　　  4.4  1.8 21.1 21.2 14.1 34 15.8                           
022213080318103983メッザノッテ　　　　　　　　　　　　  5.5  2.0 11.4 15.0  8.9 29 18.7                           
022213080419100512キョウエイゾロ　　　　　　　　　　　 22.5  5.6 -7.1-10.7 -6.1 14  0.0                           
022213080519101260アスターヘキサゴン　　　　　　　　　 12.5  3.5  1.6  6.0  2.7 23  0.0                           
022213080616100628ブルーコーラル　　　　　　　　　　　 20.1  5.2 -6.5  4.1 -0.4 20  0.0                           
022213080718103293ヨドノゴールド　　　　　　　　　　　  6.3  2.2  9.3  5.6  4.8 25  0.0                           
022213080819104328タカラマドンナ　　　　　　　　　　　  5.5  2.0  8.1 -0.4  2.3 22  8.6                           
022213080919110085ケルンコンサート　　　　　　　　　　 12.4  3.4 -3.1-19.5 -8.1 12  0.0  0                        
022213081019100938セイウンハルカニ　　　　　　　　　　  5.9  2.1 13.8 12.7  8.8 29 10.1                           
022213081117110112コンバットマーチ　　　　　　　　　　 21.6  5.4 -5.7 -7.0 -4.3 16  0.0                           
022213081219103610ニシノアナ　　　　　　　　　　　　　 10.7  3.0  9.8  5.4  4.9 25  0.0                           
022213090119105130プラソン　　　　　　　　　　　　　　 13.1  2.7  1.8-10.3 -3.2 17  0.0                           
022213090219101562デフィデリ　　　　　　　　　　　　　 13.4  2.8 -4.3 -9.0 -4.6 15  0.0                           
022213090319104995ショウナンナウシカ　　　　　　　　　 11.6  2.5  1.7-16.6 -5.6 14  0.0  0                        
022213090418105484レコレータ　　　　　　　　　　　　　  4.0  1.4 11.7 14.9  9.0 29  9.4                           
022213090519100986イチローイチロー　　　　　　　　　　 24.3  4.5-13.6-10.3 -7.9 12  0.0                           
022213090619105112フミバレンタイン　　　　　　　　　　  3.5  1.3 17.1 17.4 11.5 32 17.3                           
022213090719100652ハギノモーリス　　　　　　　　　　　  2.5  1.2 23.5 10.1 10.8 31 15.8                           
022213090818110149コスモアディラート　　　　　　　　　  7.0  1.9  9.3  7.9  5.7 26 10.1                           
022213100119105498フィデル　　　　　　　　　　　　　　  2.3  1.2 24.1 20.6 14.8 35 15.8                           
022213100218100430ゼンダンピューマ　　　　　　　　　　 15.3  3.2-10.7-10.7 -7.1 13  0.0                           
022213100318102176エレフセリア　　　　　　　　　　　　 14.9  3.1 -5.5-20.0 -9.0 11  0.0                           
022213100418105411フローレスクイーン　　　　　　　　　  7.7  2.1  8.9  6.2  4.9 25 10.1                           
022213100519101896ラフシー　　　　　　　　　　　　　　 11.9  2.6  3.5 -1.0  0.7 21  0.0  5                        
022213100619104703カンティプール　　　　　　　　　　　 11.6  2.6  0.3 -5.0 -1.7 18  0.0                           
022213100719102937コスモフロイデ　　　　　　　　　　　 15.5  3.2  5.5 -2.1  0.9 21  0.0                           
022213100819105159スカイフォール　　　　　　　　　　　  4.5  1.5 14.9 13.4  9.4 29  8.6                           
022213100919106866ノートルプロメス　　　　　　　　　　  5.1  1.6 19.6 14.4 11.2 31 18.7                           
022213110118101054チャイブテソーロ　　　　　　　　　　 21.5  4.9 -2.4-16.3 -6.7 23  0.0                           
022213110218100116ボウトロイ　　　　　　　　　　　　　 23.4  5.2-12.4-10.0 -7.4 23  0.0                           
022213110318100808アラモードバイオ　　　　　　　　　　 21.0  4.8 -5.2 -5.0 -3.4 27  0.0                           
022213110418102491メイショウエニシア　　　　　　　　　  5.2  1.8 15.9 13.6  9.8 40  8.6                           
022213110519106186ダークペイジ　　　　　　　　　　　　  3.1  1.5 21.2 21.2 14.1 44 15.8                           
022213110618103084カバーガール　　　　　　　　　　　　 11.4  2.9  3.2-12.7 -3.7 26 11.5  0                        
022213110715103210スズカフェラリー　　　　　　　　　　 12.7  3.2 -6.3 -6.5 -4.3 26  0.0                           
022213110818100097スマートルシーダ　　　　　　　　　　  5.5  1.9 11.0  8.2  6.3 36  0.0                           
022213110918101679カシノフォワード　　　　　　　　　　 17.9  4.2 -1.9  0.5 -0.4 30  0.0                           
022213111017105252バトーデュシエル　　　　　　　　　　  7.5  2.3  7.1 10.8  6.1 36  0.0                           
022213111118106455メイショウハボタン　　　　　　　　　  7.7  2.4 12.4 15.0  9.2 39 21.6                           
022213111218100753ハッピーホンコン　　　　　　　　　　 29.1  6.3 -7.7 -2.0 -3.0 27  0.0                           
022213120118100976デルマタモン　　　　　　　　　　　　 11.6  3.1  7.0  6.4  4.4 24  0.0                           
022213120216105014テンナイトパール　　　　　　　　　　 30.6  7.0 -8.6-20.0 -9.9 10  0.0                           
022213120318101171トランセンドパスト　　　　　　　　　 23.8  5.6-12.7-10.7 -7.7 12  0.0                           
022213120418104460サクセスエース　　　　　　　　　　　  7.5  2.4 10.6  6.4  5.5 26 20.2                           
022213120519105857サーティファイド　　　　　　　　　　 19.9  4.9-10.6 -3.0 -4.3 16  0.0                           
022213120619107004パトリオットラン　　　　　　　　　　 20.3  4.9 -1.6-10.3 -4.3 16  0.0                           
022213120719106932エヴィダンシア　　　　　　　　　　　  7.6  2.4 12.4 -1.0  3.4 23 10.8                           
022213120818100600マヤローザ　　　　　　　　　　　　　 27.0  6.3 -8.7 -6.7 -5.1 15  0.0                           
022213120919102438チャプリ　　　　　　　　　　　　　　  3.5  1.6 17.2 24.0 14.0 34 15.8                           
022213121019102411メタルゴッド　　　　　　　　　　　　  5.6  2.0 17.7 14.5 10.6 31  0.0                           
022213121118103954ブラッティーキッド　　　　　　　　　 20.6  5.0 -0.9 -7.0 -2.8 17 14.4                           
022213121218104783ナリノペッパー　　　　　　　　　　　 28.3  6.5-12.7-17.0-10.0 10  0.0  0                        
022213121319100284アウグスト　　　　　　　　　　　　　  5.7  2.0 15.9  1.8  5.4 25  0.0                           
022213121418102433キュン　　　　　　　　　　　　　　　 15.0  3.8  4.6  2.7  2.4 22  0.0                           
052235010120100764オースピス　　　　　　　　　　　　　  3.6  1.6 13.3 16.5 10.0 15 18.8  3                        
052235010220100520ベルウッドミカサ　　　　　　　　　　  8.6  3.6 16.6 15.3 10.6 16  0.0                           
052235010320100127ハチミツプリン　　　　　　　　　　　 27.1  9.4-11.8-17.1 -9.8 -5  0.0  0                        
052235010420100741ノーブルラン　　　　　　　　　　　　  2.5  1.2 21.3  9.1  9.7 15 17.3                           
052235010520102119ロードディフィート　　　　　　　　　  2.1  1.2 14.0 15.0  9.7 15 15.9                           
052235010620100373マルティネーテ　　　　　　　　　　　 28.4  9.8 -9.0-11.6 -7.0 -2  0.0                           
052235010720104086ウェンダヴズクライ　　　　　　　　　 42.0 14.4-10.8 -2.9 -4.3  1  0.0                           
052235020119106618ソングオブバラード　　　　　　　　　 24.4  4.7 -1.2  6.0  1.8  7  0.0                           
052235020219106031サンマルソムニア　　　　　　　　　　  8.7  2.3 12.2 19.3 10.7 16  0.0  2                        
052235020319105907ピンクコーラル　　　　　　　　　　　 11.8  2.6  3.4 10.9  5.0 10  0.0                           
052235020419102260アカネ　　　　　　　　　　　　　　　 32.5  6.0-12.1 -6.6 -6.1 -1  0.0                           
052235020519103026エスクルシオーネ　　　　　　　　　　 44.9  8.1-12.6-12.5 -8.4 -3  0.0                           
052235020619100354イロハニオエ　　　　　　　　　　　　  8.8  2.3  5.3 -9.5 -1.9  3 10.1                           
052235020719107005フジシラユキヒメ　　　　　　　　　　 18.0  3.7  0.4  3.6  1.4  6  0.0                           
052235020819104517サンライズアトム　　　　　　　　　　 56.8  9.8-13.0 -8.8 -7.1 -2  0.0                           
052235020919101157ギルフォード　　　　　　　　　　　　 19.0  3.9-11.8-10.0 -7.2 -2  0.0                           
052235021019104534エレオス　　　　　　　　　　　　　　 17.1  3.5 -3.0-10.0 -4.6  0 12.3                           
052235021119104592カプラローラ　　　　　　　　　　　　  4.2  1.6 15.0 21.2 12.3 17 17.3                           
052235021219102552ジューンポンポン　　　　　　　　　　  2.4  1.3 22.9 20.0 14.2 19 15.9                           
052235021319105375ファイナルアンサー　　　　　　　　　 10.9  2.5  3.3  1.9  1.7  7  0.0                           
052235021419100999アイズダンシング　　　　　　　　　　 79.9 13.5-11.8-13.2 -8.4 -3  0.0                           
052235030119101295ホワイトガーベラ　　　　　　　　　　  2.8  1.3 21.8 27.5 16.6 22 15.9  1  160   50              
052235030219101064オイルマン　　　　　　　　　　　　　162.5 27.8-13.0 -8.8 -7.1 -2  0.0                           
052235030319106913オフレッシュ　　　　　　　　　　　　  3.8  1.5 10.4 12.2  7.6 13  8.6                           
052235030419102314キタサンドライバー　　　　　　　　　 23.6  4.7  3.2  8.6  4.1  9  0.0                           
052235030519101843ヤマトカチドキ　　　　　　　　　　　 91.0 15.8-12.1-12.2 -8.1 -3  0.0                           
052235030619105373ソーブラック　　　　　　　　　　　　 34.0  6.5 -9.3-11.3 -6.9 -2  0.0                           
052235030719103689アドレマピュス　　　　　　　　　　　 30.9  6.0 -4.0 -3.8 -2.6  2  0.0                           
052235030819101158ナンデフェスティヴ　　　　　　　　　 17.5  3.7  9.7 -8.8 -0.3  5  0.0                           
052235030919104224ペイシャクィンビー　　　　　　　　　  7.5  2.1  4.9 10.9  5.5 10  0.0                           
052235031019101096ペイシャブライティ　　　　　　　　　  5.5  1.7 11.8 11.9  7.9 13  9.4  5                        
052235031119102091テイエムボーラー　　　　　　　　　　162.5 27.8-11.8 -8.1 -6.5 -2  0.0                           
052235031219102951アイファーロブスト　　　　　　　　　108.6 18.8-12.1-10.0 -7.3 -2  0.0                           
052235031319103308カフェベラノッテ　　　　　　　　　　 22.0  4.4  0.0 -5.2 -1.9  3  0.0                           
052235031419105918ヴァンクールシチー　　　　　　　　　 41.5  7.8-10.1-10.3 -6.8 -2  0.0                           
052235031519106730マイアミュレット　　　　　　　　　　 40.4  7.6-12.1-12.1 -8.1 -3  0.0                           
052235031619102479フエキ　　　　　　　　　　　　　　　  7.3  2.1 14.1 13.3  9.1 14 20.2                           
052235040119104263ブローヴェイス　　　　　　　　　　　 11.9  2.5  9.1  8.2  5.7 11  0.0                           
052235040219104035アルテラ　　　　　　　　　　　　　　 13.7  2.7  6.8  0.0  2.0  7 11.6                           
052235040319101476キタノロッキー　　　　　　　　　　　 47.3  7.7-12.1 -8.6 -6.8 -2  0.0                           
052235040419103455ファーサイドムーン　　　　　　　　　 35.1  5.9-11.8 -0.6 -3.8  1  0.0  5                        
052235040519102738タイセイクレセント　　　　　　　　　 33.4  5.7 -7.3-12.4 -6.7 -2  0.0                           
052235040619104838サイルーン　　　　　　　　　　　　　  2.9  1.3 22.3 19.0 13.7 19 17.3                           
052235040719102546タイセイエール　　　　　　　　　　　  6.7  1.8 11.6  6.1  5.7 11  0.0                           
052235040819100746マイネルグローリエ　　　　　　　　　 13.5  2.7 10.9  6.2  5.5 11 10.8                           
052235040919104750ハイエスティーム　　　　　　　　　　  2.7  1.3 16.1 21.0 12.5 18  7.9                           
052235041019100762マイネルシデン　　　　　　　　　　　 24.2  4.3-10.0  9.3  0.4  5  0.0  5                        
052235041119104845シャドウマッドネス　　　　　　　　　 35.2  5.9 -3.5  6.0  1.1  6 15.2                           
052235041219102754ダイゴシンリュウ　　　　　　　　　　 61.2  9.6 -9.3 -8.5 -5.9 -1  0.0                           
052235041319101705ドリームビリーバー　　　　　　　　　 18.1  3.4  1.4  6.1  2.7  8  0.0                           
052235041419100747マイネルブデット　　　　　　　　　　 45.2  7.4-11.8-17.1 -9.8 -5  0.0  0                        
052235050120100018グングニル　　　　　　　　　　　　　107.3 19.4-11.8-17.1 -9.8-10  0.0  0                        
052235050220105809マイネルフォルツァ　　　　　　　　　 29.2  5.9 -4.6-11.3 -5.5 -6  0.0                           
052235050320106523タイセイサンダー　　　　　　　　　　 11.9  2.8 -0.3  8.3  3.0  3  0.0  5                        
052235050420101299クニ　　　　　　　　　　　　　　　　125.1 22.5-12.1-11.6 -7.9 -8  0.0                           
052235050520102379カーターテソーロ　　　　　　　　　　108.0 19.5-11.8-14.7 -8.9 -9  0.0                           
052235050620106680サスケ　　　　　　　　　　　　　　　  4.7  1.7 13.1 14.5  9.2  9  8.6                           
052235050720106812クローネウィルマ　　　　　　　　　　 18.3  4.0 -4.4  3.1 -0.2  0  0.0  0                        
052235050820100630シャノンフォールズ　　　　　　　　　 16.3  3.6  4.5  6.4  3.7  4 12.3                           
052235050920110053ノイジーアプローチ　　　　　　　　　  7.1  2.1 10.3  6.8  5.6  6  9.4                           
052235051020104088ランドオブラヴ　　　　　　　　　　　  8.3  2.4  9.8  6.0  5.1  5  0.0                           
052235051120104878シルバープリペット　　　　　　　　　102.2 18.5-12.1 -5.0 -5.5 -5  0.0                           
052235051220104265ハンデンリリー　　　　　　　　　　　 49.9  9.6 -9.3-12.8 -7.5 -7  0.0                           
052235051320102207マイショウチャン　　　　　　　　　　  7.9  2.3 10.7  6.6  5.6  6 10.1                           
052235051420106966ピンクジン　　　　　　　　　　　　　 21.6  4.5 -9.4 -8.6 -6.0 -6  0.0                           
052235051520103674ウンブライル　　　　　　　　　　　　  2.7  1.4 21.3 21.2 14.2 14 15.9  2                        
052235051620104960トロピカルヒーロー　　　　　　　　　 22.7  4.7 -2.0  6.0  1.6  2  0.0                           
052235060119106702パワーエンブレム　　　　　　　　　　 13.1  3.0  9.9  7.6  5.8 11  0.0                           
052235060219100489セイウンフィーバー　　　　　　　　　 67.5 12.2 -9.3 -6.1 -5.0  0  0.0                           
052235060319104854タイタンステップス　　　　　　　　　  5.0  1.7  8.4 20.8 10.1 15  8.7                           
052235060419102682ジョリエス　　　　　　　　　　　　　 17.0  3.7 14.1  9.0  7.5 13  0.0                           
052235060519104474タクティーレン　　　　　　　　　　　 12.4  2.9  2.1 19.8  7.9 13  0.0  4                        
052235060619106375アスクレッドスター　　　　　　　　　 24.5  5.0 -7.3  7.3  0.5  5  0.0                           
052235060719105723チェイス　　　　　　　　　　　　　　168.5 29.4-14.7-12.7 -9.1 -4  0.0                           
052235060819105036ヒシアラカン　　　　　　　　　　　　  2.5  1.3 19.8 18.9 12.9 18 15.9                           
052235060919102944メノーグラジオラス　　　　　　　　　 35.1  6.8-12.1 -6.7 -6.1 -1  0.0                           
052235061019100907ゼアズノープレイス　　　　　　　　　 45.5  8.7-12.1-10.0 -7.3 -2  0.0                           
052235061119100119コウユーパパニニテ　　　　　　　　　 26.9  5.4 -2.7  6.0  1.4  6 13.7                           
052235061219100690クインズジョイフル　　　　　　　　　  6.3  1.9 15.5 21.1 12.4 17 20.2                           
052235061319103514アフリカンサウンズ　　　　　　　　　157.6 27.6 -9.3-11.2 -6.9 -2  0.0                           
052235061419109016ラインオンザトップ　　　　　　　　　 34.7  6.8-12.1-10.0 -7.3 -2  0.0                           
052235061519103869スズヴァレット　　　　　　　　　　　  6.0  1.9  8.4 10.4  6.3 11  0.0                           
052235061619103568ニシノレジスタンス　　　　　　　　　 57.7 10.5 -8.3 -1.7 -3.1  2  0.0                           
052235070119102676リゼレインボー　　　　　　　　　　　  4.9  2.0 16.3 10.0  8.6 14 15.9                           
052235070219105909グランドルチル　　　　　　　　　　　 51.4 12.2-11.8 -8.1 -6.5 -2  0.0                           
052235070319109036バリアンス　　　　　　　　　　　　　 12.5  3.5 -1.4 -3.8 -1.8  3 13.0                           
052235070419106828シークレットグロウ　　　　　　　　　112.3 25.3-12.1-15.5 -9.3 -4  0.0  0                        
052235070519101900ゲティスバーグ　　　　　　　　　　　  7.8  2.6 -0.7 14.3  5.0 10  0.0                           
052235070619101220シャイニーポケット　　　　　　　　　 19.8  5.2-11.8 -9.5 -7.0 -2 15.1                           
052235070719102417ベルウッドメルシー　　　　　　　　　 42.5 10.2-12.1-10.0 -7.3 -2  0.0                           
052235070819104031アポ　　　　　　　　　　　　　　　　 15.6  4.2  6.5 -7.3 -0.7  4  0.0                           
052235070919106101ロデム　　　　　　　　　　　　　　　  7.4  2.6 14.6 20.3 11.8 17  9.4  5                        
052235071019102415ワンダースナイプ　　　　　　　　　　 53.1 12.6-11.8-12.4 -8.1 -3  0.0                           
052235071119102573ティアップブランカ　　　　　　　　　 30.9  7.6-11.8 -2.1 -4.3  1  0.0                           
052235071219101814チャールストン　　　　　　　　　　　  5.4  2.1 12.4  7.0  6.3 11  0.0                           
052235071319100150キョウコウトッパ　　　　　　　　　　  9.0  2.9  5.1  0.0  1.5  7  0.0                           
052235071419102634シャーマエスパーダ　　　　　　　　　  7.5  2.6  3.5 15.2  6.6 12 10.1  2                        
052235071519103442クラリティスケール　　　　　　　　　  8.0  2.7 -1.3 10.8  3.6  9  0.0                           
052235071619102421グリーンライズ　　　　　　　　　　　 19.5  5.1  3.1  6.2  3.2  8  0.0                           
052235080118104732ヒシシュシュ　　　　　　　　　　　　  5.1  1.6  8.5 22.2 10.7 31 18.8                           
052235080219104550ストキャスティーク　　　　　　　　　  7.6  2.0  9.9 11.7  7.3 27  0.0                           
052235080316100742ナミブ　　　　　　　　　　　　　　　 38.5  6.8-14.3 -8.6 -7.4 13  0.0                           
052235080419103216デュアルレインボー　　　　　　　　　 23.5  4.4 -9.3-13.0 -7.6 12 12.3                           
052235080519104828キングズパレス　　　　　　　　　　　  2.4  1.2 21.8  9.1  9.9 30 15.9                           
052235080619103076ポッドヴァイン　　　　　　　　　　　  7.7  2.1 10.9 11.4  7.4 27  0.0                           
052235080719105045シャーマンズケイブ　　　　　　　　　  3.9  1.4 17.8 10.4  9.2 29  8.6                           
052235080818104833カレンレベンティス　　　　　　　　　  5.4  1.6  6.9 10.0  5.7 26  0.0                           
052235090118100994アウリガテソーロ　　　　　　　　　　 33.9  5.9 -9.3-10.0 -6.5 24  0.0                           
052235090217103181スリーコーズクライ　　　　　　　　　 48.7  8.2-12.9-10.1 -7.6 22  0.0                           
052235090319101741イグザルト　　　　　　　　　　　　　  2.9  1.4 21.2 29.4 17.1 47 15.9                           
052235090418106473タイキドミニオン　　　　　　　　　　 16.2  3.2  1.9-11.2 -3.5 26  0.0                           
052235090517104606リュウグウハヤブサ　　　　　　　　　 38.1  6.6-12.1 -2.0 -4.4 26  0.0                           
052235090619103976レッドゲイル　　　　　　　　　　　　  2.9  1.3 18.6 19.7 12.8 43 17.3                           
052235090718103872メタスペクター　　　　　　　　　　　 18.0  3.5 -8.0-13.2 -7.2 23  0.0                           
052235090818103341ロレンツォ　　　　　　　　　　　　　  8.6  2.2 12.9  7.3  6.5 37  9.4                           
052235090918104860ゴーストレート　　　　　　　　　　　 34.1  6.0 -0.9  1.9  0.4 30  0.0                           
052235091017100081ジョイウイン　　　　　　　　　　　　 16.4  3.3  4.2  7.7  4.1 34  0.0                           
052235091118104865レディステディゴー　　　　　　　　　 13.9  2.9  1.6  1.5  1.0 31  0.0                           
052235091216110072チェルシーライオン　　　　　　　　　114.4 18.0-12.1-14.5 -8.9 21  0.0                           
052235091318104640コモレビキラリ　　　　　　　　　　　 15.2  3.1  9.9 12.7  7.6 38  0.0                           
052235091417103607ミヤビマドンナ　　　　　　　　　　　 59.2  9.6-12.1 -2.2 -4.4 26 18.0                           
052235091518105803スイートカルデア　　　　　　　　　　 16.0  3.2 -3.4 -7.8 -3.9 26  0.0                           
052235091613104814ドルチェリア　　　　　　　　　　　　 52.2  8.8 -9.4-10.1 -6.5 23  0.0                           
052235100116101894アンジュミニョン　　　　　　　　　　 11.3  2.7  9.4  5.3  4.8 35 10.9                           
052235100219105463レディバランタイン　　　　　　　　　  5.7  1.8 14.2 12.2  8.7 39 10.1                           
052235100318105079ジャングルキング　　　　　　　　　　  5.5  1.8 12.8 18.5 10.6 41  9.4  2                        
052235100417103871ゲンパチアイアン　　　　　　　　　　 38.4  7.5 -9.3-10.0 -6.5 24  0.0                           
052235100517102675カフェサンドリヨン　　　　　　　　　  3.9  1.5 13.2 17.6 10.4 40 17.3                           
052235100618105339サルビア　　　　　　　　　　　　　　  2.9  1.4 20.8 15.7 12.0 42  8.0                           
052235100718103729スリートップキズナ　　　　　　　　　 13.5  3.1  2.1  7.8  3.5 33  0.0                           
052235100818103003ペイシャフェスタ　　　　　　　　　　 13.7  3.1 -2.3 -1.5 -1.2 29  0.0  5                        
052235100917103123ヤマニンプレシオサ　　　　　　　　　 36.7  7.2-12.1 -2.0 -4.4 26  0.0                           
052235101018104621サトノルーチェ　　　　　　　　　　　 12.0  2.8  3.8  1.5  1.7 32  0.0                           
052235101118105611ショウナンアストラ　　　　　　　　　 34.8  6.8-12.1-10.0 -7.3 23  0.0                           
052235110117104232ディアセオリー　　　　　　　　　　　  8.7  2.5  9.4 19.9 10.1 55  0.0                           
052235110217110066アメリカンフェイス　　　　　　　　　 15.9  3.6 -6.4  0.0 -1.9 43  0.0                           
052235110316103066シャンパンクーペ　　　　　　　　　　 62.5 11.8-12.9-10.1 -7.6 37  0.0                           
052235110418100763アルーブルト　　　　　　　　　　　　  8.3  2.4  5.5  3.5  2.9 48  0.0                           
052235110515103217アルドーレ　　　　　　　　　　　　　  2.7  1.4 23.8 16.9 13.3 58 15.9                           
052235110615105868サクラアリュール　　　　　　　　　　 17.8  4.0  0.9 -2.4 -0.6 44  0.0                           
052235110718105365レッドソルダード　　　　　　　　　　 11.3  2.8  3.6  7.5  3.8 49  0.0                           
052235110817101829レザネフォール　　　　　　　　　　　  7.6  2.3  5.5 -2.6  0.7 46  0.0                           
052235110917110069アンセッドヴァウ　　　　　　　　　　 35.2  7.1-12.9 -7.4 -6.6 38  0.0  5                        
052235111017100993エブリワンブラック　　　　　　　　　  5.0  1.8 11.9 11.9  7.9 53 17.3                           
052235111116101745ゲンパチルシファー　　　　　　　　　  7.1  2.1 12.6 10.7  7.7 53 18.8                           
052235111217103942テリオスベル　　　　　　　　　　　　 25.4  5.3-11.8 11.9  0.8 46  0.0  5                        
052235120119103014ロードカテドラル　　　　　　　　　　  5.2  1.6 14.8 17.3 10.8 31  9.4                           
052235120219105566バーミリオンクリフ　　　　　　　　　  3.6  1.4 21.0 14.7 11.7 32 17.3                           
052235120319104135レッツリブオン　　　　　　　　　　　 17.3  3.5  2.4 -7.2 -1.9 18  0.0                           
052235120418104908アルジェントステラ　　　　　　　　　 19.0  3.8  4.3 -1.6  0.7 21  0.0                           
052235120517110163コスモストライカー　　　　　　　　　 12.9  2.8 -9.3 -2.0 -3.5 16  0.0                           
052235120619100846フェスティヴボス　　　　　　　　　　 20.1  4.0  1.7  9.1  3.8 24  0.0                           
052235120718103517コスモアシュラ　　　　　　　　　　　 17.2  3.5 -4.9 11.0  2.6 23  0.0                           
052235120818104459スペシャルトーク　　　　　　　　　　 57.4  9.7-12.1 -5.8 -5.8 14  0.0                           
052235120919105784ステラナビゲーター　　　　　　　　　 11.1  2.5  7.6  4.7  4.0 24 10.1                           
052235121019105336ライラスター　　　　　　　　　　　　  2.6  1.3 18.7 16.4 11.6 32  7.9  3                        
052235121117102178メルテッドハニー　　　　　　　　　　 71.9 12.0-11.8-11.0 -7.6 12  0.0                           
052235121218103018トーホウボルツ　　　　　　　　　　　 14.8  3.1  1.2-10.0 -3.3 17 11.5                           
092231010114103551メイショウタカトラ　　　　　　　　　 25.5  4.9 -7.5-10.5 -5.9 14  0.0                           
092231010214105324アルトリウス　　　　　　　　　　　　 22.9  4.5  0.4  0.7  0.4 20  0.0                           
092231010318106334ロイヤルアッシュ　　　　　　　　　　  7.2  2.0  8.0  5.4  4.6 25 20.6                           
092231010416102174タマノジュメイラ　　　　　　　　　　 26.4  5.0 -5.6 -4.5 -3.4 17  0.0                           
092231010514103896メイショウハチク　　　　　　　　　　 17.3  3.6 -5.7  6.5 -0.1 20  0.0                           
092231010616102556アノ　　　　　　　　　　　　　　　　 20.0  4.1 -1.9  7.3  1.5 21 17.5                           
092231010716100598マッスルビーチ　　　　　　　　　　　  2.4  1.3 18.3 24.4 14.0 34 16.2                           
092231010818102953テリオスルイ　　　　　　　　　　　　  5.4  1.7 13.1 18.8 10.4 30  0.0                           
092231010915103138サンティーニ　　　　　　　　　　　　  7.4  2.1  8.2  7.3  5.2 25 22.1                           
092231011017105293ヴァーダイト　　　　　　　　　　　　  4.6  1.6 15.1 15.3 10.1 30  0.0  4                        
092231011117102164ハディア　　　　　　　　　　　　　　 30.7  5.8 -8.9-10.5 -6.4 14  0.0                           
092231020119106573ヒルノデプラーツ　　　　　　　　　　 29.7  4.9-11.4 -7.5 -6.4 -1  0.0                           
092231020219106647ハイグッドエース　　　　　　　　　　 11.2  2.3 10.5  5.4  5.5 10 14.4                           
092231020319104824タイニープライド　　　　　　　　　　 13.8  2.7  6.8  7.3  4.7 10  0.0                           
092231020419104177クリノセキトバ　　　　　　　　　　　 33.7  5.4-12.8  6.4 -2.8  2  0.0                           
092231020519100154グッドヴィンテージ　　　　　　　　　  7.2  1.8 12.1 21.5 10.9 16 19.1  1  135   61              
092231020619106420ゲンパチソル　　　　　　　　　　　　 24.7  4.2 -4.6 -4.2 -2.9  2  0.0                           
092231020719106125キンシャチノキセキ　　　　　　　　　 33.8  5.5-11.8 -6.1 -6.2 -1  0.0                           
092231020819103608リアルグローリー　　　　　　　　　　 34.3  5.5-12.2-15.9 -9.2 -4  0.0  0                        
092231020919103558ファーストプライズ　　　　　　　　　 28.4  4.7-11.4 -3.6 -5.3  0  0.0                           
092231021019103816リッチブラック　　　　　　　　　　　  2.0  1.2 22.8 26.4 16.3 21 16.2  1  149   61              
092231021119100668サンセットクラウド　　　　　　　　　  4.2  1.5 16.2 16.7 10.9 16 17.7                           
092231021219100601ヤマニンフルリール　　　　　　　　　 24.4  4.1 -9.1 -7.0 -5.4  0  0.0                           
092231021319106339フォールロワ　　　　　　　　　　　　 20.2  3.6  8.2  7.8  5.3 10  0.0                           
092231030119103791マナウス　　　　　　　　　　　　　　 13.0  3.0  8.6  8.6  5.7 11 15.4                           
092231030219104875エギーユ　　　　　　　　　　　　　　 15.3  3.4 -0.5  2.9  0.7  6  0.0                           
092231030319105242パーラーギター　　　　　　　　　　　 14.6  3.3 -1.0 -0.9 -0.6  4  0.0                           
092231030419101187クリノフラッグ　　　　　　　　　　　 24.6  4.9 -8.9-10.6 -6.4 -1  0.0                           
092231030519101945ビップジャスミン　　　　　　　　　　 35.0  6.8-12.2-11.1 -7.8 -3  0.0                           
092231030619100653ハギノメーテル　　　　　　　　　　　  4.9  1.7 14.1 16.0 10.0 15 17.7                           
092231030719105362ルージュリッシュ　　　　　　　　　　 26.1  5.2-11.4  7.1 -2.0  3  0.0                           
092231030819104657ルールザウイングス　　　　　　　　　 28.3  5.6-11.4-10.2 -7.2 -2  0.0                           
092231030919104688エルザストラウム　　　　　　　　　　  6.2  1.9 11.2 13.8  8.2 13  0.0  4                        
092231031019105099アンジュレイ　　　　　　　　　　　　 13.8  3.1  8.3 -2.0  2.4  7  0.0                           
092231031119102059ブランアルディ　　　　　　　　　　　  2.5  1.3 20.8 20.4 13.7 19 16.2                           
092231031219101778スマートムーラン　　　　　　　　　　 10.6  2.5  7.5  1.1  3.1  8 20.6                           
092231031319105067スマイルカット　　　　　　　　　　　 23.4  4.7-11.4-10.3 -7.3 -2  0.0                           
092231040116105770ビッグスコール　　　　　　　　　　　 14.8  2.7 -0.2  8.0  2.3  2  0.0                           
092231040217101730タガノペルマネンテ　　　　　　　　　  5.3  1.5 13.7 10.5  8.2  8 13.4                           
092231040315105008タイセイトレイル　　　　　　　　　　  3.1  1.3 17.9 15.7 11.3 11 17.7                           
092231040418105506スーパーフェイバー　　　　　　　　　  6.3  1.6 11.8  9.7  7.2  7 20.6                           
092231040513103941グリニッチヴィレジ　　　　　　　　　 20.7  3.6 -7.1 -2.0 -3.2 -3  0.0                           
092231040616102194メイショウヤシャ　　　　　　　　　　  2.2  1.2 19.9 16.4 12.2 12 16.2                           
092231040719106437ランドフェニックス　　　　　　　　　 29.3  4.7-10.0-13.9 -7.8 -8  0.0  0                        
092231040816105530ファイナルマズル　　　　　　　　　　 18.6  3.3 -5.3 -2.0 -2.5 -3  0.0                           
092231040917104857フィアレスハート　　　　　　　　　　 24.2  4.0 -9.4 -7.6 -5.7 -6  0.0                           
092231050120103303ガルヴァナイズ　　　　　　　　　　　  4.8  1.7 15.0 21.0 11.8 12 19.1  2                        
092231050220106337ダンツクリスタル　　　　　　　　　　  8.2  2.5 10.8  8.3  6.4  6 15.4                           
092231050320110039ユハンヌス　　　　　　　　　　　　　  4.4  1.7 14.8 18.8 11.1 11 17.7                           
092231050420103354アイスグリーン　　　　　　　　　　　  8.7  2.6 10.3 11.8  7.3  7  0.0                           
092231050520102676リコッチ　　　　　　　　　　　　　　 41.2  8.7 -6.2-10.2 -5.3 -5  0.0                           
092231050620105613マンティコア　　　　　　　　　　　　 26.6  5.9 -7.0 -9.1 -5.3 -5  0.0                           
092231050720104525サグアロ　　　　　　　　　　　　　　 26.6  5.9-11.4-11.9 -7.8 -8  0.0                           
092231050820104919ベッピンサン　　　　　　　　　　　　 40.4  8.6 -9.0 -9.4 -6.1 -6  0.0                           
092231050920100070クリノヒーロー　　　　　　　　　　　 27.4  6.0-11.4  5.8 -2.4 -2  0.0                           
092231051020102961リヤンドメテオール　　　　　　　　　 13.8  3.4 -3.0 -2.5 -1.9 -2  0.0                           
092231051120103568ピヌスアモリス　　　　　　　　　　　  5.6  1.9 15.7 11.5  9.2  9  0.0                           
092231051220106582ファントムシーフ　　　　　　　　　　  3.5  1.5 16.0 16.5 10.8 11 16.2                           
092231060119102704ハクサンチェイス　　　　　　　　　　 22.5  5.0-11.4 -9.4 -7.0 -2  0.0                           
092231060219100411タマモペアリング　　　　　　　　　　  8.0  2.4 12.2 17.5  9.7 15  0.0                           
092231060319106379ベルモナーク　　　　　　　　　　　　 19.0  4.4  1.2  0.5  0.6  6  0.0                           
092231060419101038ムーンガーデン　　　　　　　　　　　 24.2  5.3 -7.0  6.4 -0.6  4 30.9                           
092231060519104061マノンルージュ　　　　　　　　　　　  8.2  2.5  9.7 15.8  8.3 13 14.4                           
092231060619104814カルネ　　　　　　　　　　　　　　　 15.7  3.8 -0.9  7.7  2.0  7 25.0                           
092231060719101890コラムニスト　　　　　　　　　　　　 11.4  2.9  4.3-11.9 -2.0  3  0.0                           
092231060819100201ウインマリアンヌ　　　　　　　　　　 43.6  9.1-11.8-10.8 -7.6 -3  0.0                           
092231060919104178グリーンシアター　　　　　　　　　　 25.4  5.6 -2.4  5.2  0.7  6  0.0                           
092231061019100324クインズジュピタ　　　　　　　　　　  7.4  2.3  9.8  5.7  5.3 10  0.0                           
092231061119103797リュッカクローナ　　　　　　　　　　 13.1  3.2 -4.6  7.2  0.5  5  0.0                           
092231061219103092ワンダーウィルク　　　　　　　　　　  2.6  1.4 18.2 21.1 13.0 18 16.2                           
092231061319102140バリューテーラー　　　　　　　　　　 33.6  7.2 -5.7  9.4  0.7  6  0.0  5                        
092231061419100879サダムフォレスト　　　　　　　　　　 66.0 13.1-11.4-10.3 -7.3 -2  0.0                           
092231061519100751マイネルレノン　　　　　　　　　　　 32.3  6.9 -7.0-10.2 -5.6 -1  0.0                           
092231061619105551ドゴン　　　　　　　　　　　　　　　 16.2  3.9 -7.1 -6.7 -4.6  0  0.0  0                        
092231070118109002バリコノユメ　　　　　　　　　　　　  8.3  1.9 12.3 18.3 10.0 30  0.0                           
092231070218105105ウィンドリッパー　　　　　　　　　　  3.7  1.3 15.9 15.7 10.5 31 17.7                           
092231070318102535キタサンマーベラス　　　　　　　　　 21.7  3.4 -7.0  6.7 -0.6 19  0.0                           
092231070418105564レッドヴァイス　　　　　　　　　　　 14.6  2.5 -3.2  7.1  1.0 21 16.5                           
092231070518104095メイプルリズム　　　　　　　　　　　  8.5  1.9 11.3 12.5  7.9 28  0.0                           
092231070619106370ジャスティンヴェル　　　　　　　　　  9.1  2.0  9.1  2.1  4.0 24 22.1                           
092231070718101590バイス　　　　　　　　　　　　　　　 31.7  4.7-10.8-10.6 -7.1 13  0.0                           
092231070819105197ブラックシールド　　　　　　　　　　  1.9  1.2 21.0 27.7 16.0 36 16.2  2                        
092231070919103776モズタンジロウ　　　　　　　　　　　 18.5  3.0  0.7-14.9 -4.2 16  0.0                           
092231080119106691ビーアイオラクル　　　　　　　　　　 14.0  3.4  3.0  6.6  3.1 23  0.0                           
092231080219100108プリモスペランツァ　　　　　　　　　 14.6  3.5  4.0 10.1  4.5 24  0.0                           
092231080319106389ネフィリム　　　　　　　　　　　　　 48.2  9.8-11.8-15.5 -9.0 11  0.0  0                        
092231080419100582ラブリュス　　　　　　　　　　　　　 26.2  5.6 -8.8-10.7 -6.4 14  0.0                           
092231080519105186スペクトログラム　　　　　　　　　　 29.4  6.2 -3.3 -2.5 -2.0 18  0.0                           
092231080619110119フーリッシュホビー　　　　　　　　　 16.3  3.8  1.6  3.0  1.5 21  0.0                           
092231080719102202スマートビクター　　　　　　　　　　 40.9  8.4-10.3 -6.0 -5.6 14  0.0                           
092231080819101668サンライズジャスト　　　　　　　　　  5.8  1.9  9.3 -6.7  1.4 21 19.1                           
092231080918104738コンテナジュニア　　　　　　　　　　 22.7  5.0  2.4 -2.1  0.3 20  0.0                           
092231081018105315グランメテオール　　　　　　　　　　 29.0  6.2 -8.3-11.9 -6.6 13  0.0                           
092231081117109161アストゥーリアス　　　　　　　　　　 35.6  7.4-11.4 -6.7 -6.2 14  0.0                           
092231081218105852メイショウストーム　　　　　　　　　 44.6  9.2 -8.8  5.5 -1.6 18  0.0                           
092231081319110007コルドンルージュ　　　　　　　　　　  4.0  1.6 16.3 23.5 13.0 33 12.4                           
092231081419110088ジャスパーグレイト　　　　　　　　　  3.4  1.5 18.6 23.0 13.7 34 16.2                           
092231081519106954タマモエイトビート　　　　　　　　　 39.0  8.1-11.4-10.2 -7.2 13  0.0                           
092231081618100858メイショウマントル　　　　　　　　　  6.3  2.0  9.6 16.6  8.5 28 20.6  4                        
092231090119103422テイエムスパーダ　　　　　　　　　　  3.8  1.4 17.2 16.7 11.3 41  0.0                           
092231090218109160アイアンムスメ　　　　　　　　　　　 41.7  7.7-11.4 -8.9 -6.8 23  0.0                           
092231090318103105テイエムトッキュウ　　　　　　　　　  8.3  2.3  6.9-20.0 -3.5 27 14.4                           
092231090418105151イルデレーヴ　　　　　　　　　　　　 20.8  4.3 -7.0-13.9 -6.7 23  0.0                           
092231090516103509ファイアーボーラー　　　　　　　　　 23.4  4.6 -7.0 -4.9 -4.0 26  0.0  5                        
092231090618104332タマモダイジョッキ　　　　　　　　　  4.6  1.6 13.5 13.3  8.9 39 19.1                           
092231090719109094ブッシュガーデン　　　　　　　　　　  2.7  1.3 21.4 18.5 13.4 43 16.2                           
092231090816103272スキップ　　　　　　　　　　　　　　 14.0  3.1  4.5  5.2  3.2 33  0.0                           
092231090918100570セリシア　　　　　　　　　　　　　　 10.8  2.5  8.6 12.2  6.8 37 22.1                           
092231091018102407キモンブラウン　　　　　　　　　　　 18.4  3.8  2.1 -2.2  0.1 30  0.0                           
092231091118102091ウルトラソニック　　　　　　　　　　 19.7  4.0 -2.3 10.3  2.2 32  0.0                           
092231100118106511ロックユー　　　　　　　　　　　　　 11.0  2.8  7.7 12.4  6.5 42  0.0                           
092231100216100269ジョウショームード　　　　　　　　　 37.5  7.7-11.8-18.4 -9.8 25  0.0  0                        
092231100317105248オールザワールド　　　　　　　　　　 13.2  3.2  5.2  6.7  3.9 39  0.0                           
092231100418104922アールドヴィーヴル　　　　　　　　　  3.2  1.4 19.8 22.2 13.9 49 16.2                           
092231100517100006リノキアナ　　　　　　　　　　　　　 33.5  7.0 -4.8 -9.7 -4.7 30  0.0                           
092231100617104743サトノフウジン　　　　　　　　　　　  5.1  1.7 12.3 10.0  7.5 43  0.0                           
092231100717102294イズジョーノキセキ　　　　　　　　　  6.8  2.1 10.0  7.2  5.8 41 20.6                           
092231100818102033ヴィゴーレ　　　　　　　　　　　　　 23.9  5.2 -3.2-11.9 -4.7 30  0.0                           
092231100915106197メイショウテンモン　　　　　　　　　 27.6  5.9-13.2 18.3  0.6 36  0.0                           
092231101018100394サトノラムセス　　　　　　　　　　　 14.9  3.5  1.3-12.8 -3.4 32  0.0                           
092231101117104141ムジカ　　　　　　　　　　　　　　　 11.4  2.9  8.7 14.7  7.6 43 16.5                           
092231101218100420ノースザワールド　　　　　　　　　　  4.3  1.6  9.7 27.8 11.9 47 17.7                           
092231110118105478ヴァリアメンテ　　　　　　　　　　　  6.8  2.3  8.4 18.1  8.5 54 14.4                           
092231110218104977シャーレイポピー　　　　　　　　　　  6.8  2.3  2.1 14.9  5.2 50  0.0                           
092231110315100635エントシャイデン　　　　　　　　　　 33.7  7.7 -6.3  2.5 -1.6 43  0.0                           
092231110415104724スーパーフェザー　　　　　　　　　　 28.6  6.6 -8.5-13.5 -7.2 38  0.0  0                        
092231110516100970アーデントリー　　　　　　　　　　　 96.4 20.3 -9.0  6.4 -1.4 44  0.0                           
092231110615106153サトノフェイバー　　　　　　　　　　 37.1  8.4-11.8-11.0 -7.6 37  0.0                           
092231110717110138エアファンディタ　　　　　　　　　　  6.2  2.1 16.6 17.0 11.2 56 19.1                           
092231110817100404クラヴァシュドール　　　　　　　　　 20.9  5.1 -6.8 -6.3 -4.4 41  0.0                           
092231110918105947エイシンチラー　　　　　　　　　　　 11.2  3.0  9.9  8.5  6.2 51  0.0                           
092231111016106232カイザーミノル　　　　　　　　　　　 11.1  3.0  3.7  4.5  2.7 48 23.5                           
092231111118105277グラティアス　　　　　　　　　　　　  5.4  2.0 12.7 15.2  9.2 54 17.7                           
092231111216104435ミッキーブリランテ　　　　　　　　　 28.4  6.6 -3.8 -4.2 -2.7 42  0.0                           
092231111314102698キョウヘイ　　　　　　　　　　　　　 59.9 12.9-11.3-10.2 -7.2 38  0.0                           
092231111417101429ウインカーネリアン　　　　　　　　　  3.7  1.6 13.7 16.5 10.0 55  0.0                           
092231111515106423ラセット　　　　　　　　　　　　　　 31.1  7.2 -7.6-18.2 -8.2 37  0.0                           
092231111617102822クリスティ　　　　　　　　　　　　　 37.2  8.4-11.4-12.2 -7.8 37  0.0                           
092231120119105913ライラボンド　　　　　　　　　　　　  4.2  1.6 15.8 15.7 10.5 31 17.7                           
092231120219105429レイワホマレ　　　　　　　　　　　　  2.3  1.3 22.8 14.4 12.7 33 16.2                           
092231120319106148シンリミテス　　　　　　　　　　　　 17.1  3.4 -1.9  5.4  0.9 21  0.0                           
092231120419100026ベルドラゴ　　　　　　　　　　　　　 13.4  2.8  8.2 10.9  6.3 26  0.0                           
092231120518101957タガノマーチ　　　　　　　　　　　　 94.4 15.3 -8.8-10.5 -6.4 14  0.0                           
092231120619103236テイエムヒマラヤ　　　　　　　　　　 30.1  5.4 -7.4 -3.5 -3.8 16  0.0                           
092231120718104884ヴィレーヌ　　　　　　　　　　　　　 16.3  3.3 -4.6  0.2 -1.6 18  0.0                           
092231120818105239プラウドルック　　　　　　　　　　　 29.3  5.3-11.4-10.2 -7.2 13  0.0                           
092231120918104628レンツシュピッツェ　　　　　　　　　 26.0  4.8 -9.1-10.7 -6.5 13  0.0                           
092231121019100786ルショコラ　　　　　　　　　　　　　 15.1  3.1 -2.4 -0.8 -1.1 19  0.0                           
092231121118110017スカイナイル　　　　　　　　　　　　 24.6  4.6 -7.0 10.7  0.6 21  0.0                           
092231121219103418ミキノプリンス　　　　　　　　　　　 29.7  5.4-11.4-15.9 -8.9 11  0.0  0                        
092231121318100388サトノテンペスト　　　　　　　　　　 43.3  7.6 -6.6 -8.6 -5.0 15  0.0                           
092231121419106390タイセイエピソード　　　　　　　　　 11.5  2.5  5.0  9.9  4.8 25 13.4                           
092231121519106615ウイングスオブラヴ　　　　　　　　　 46.9  8.1-10.4  2.2 -3.2 17  0.0  5                        
092231121619103529アルファマム　　　　　　　　　　　　 15.5  3.2  9.4 11.3  6.8 27 23.5                           
