052018010117101757クァンタムリープ　　　　　　　　　　 63.6 10.8-11.4  7.7 -0.6  4  0.0                           
052018010217101983マイネルグッドデイ　　　　　　　　　 55.6  9.5-11.4-11.1 -7.5 -2  0.0                           
052018010317110136スイ　　　　　　　　　　　　　　　　  9.2  2.4 -6.5  1.1 -1.5  3  0.0                           
052018010417106334タイキラッシュ　　　　　　　　　　　  3.9  1.5 10.0 21.8 11.0 16 19.8  2                        
052018010517100675ショウナンアサヤケ　　　　　　　　　 28.4  5.3 20.0-10.3  2.2  7  0.0                           
052018010617110089グロリアスブレイク　　　　　　　　　 44.8  8.0-10.0-11.1 -7.1 -2  0.0                           
052018010717104550アースウルフ　　　　　　　　　　　　 34.0  6.2-10.0 -6.3 -5.3  0  0.0                           
052018010817101562ダイシンウィット　　　　　　　　　　 15.9  3.3-10.0  5.0 -1.2  4  0.0                           
052018010917100026レディトゥラン　　　　　　　　　　　115.9 19.2-11.0 -6.8 -5.8 -1  0.0                           
052018011017101124プリマジア　　　　　　　　　　　　　  2.5  1.3 12.0 21.6 11.5 17 18.1  3                        
052018011117103142ヌンカプト　　　　　　　　　　　　　 43.9  7.9 -8.0  5.0 -0.6  4  0.0                           
052018011217104740ダイワリチャード　　　　　　　　　　 25.4  4.8  4.2  5.8  3.4  8  0.0                           
052018011317103310カッチョカバロ　　　　　　　　　　　 14.9  3.1 15.0 10.4  8.3 13  0.0                           
052018011417110054グーガルドリームズ　　　　　　　　　  7.5  2.1 13.4  5.3  6.0 11  6.2                           
052018011517100553ヨシオドライヴ　　　　　　　　　　　 11.2  2.5-10.0  6.8 -0.5  4 17.5                           
052018011617104094ムーンダイアローグ　　　　　　　　　 26.5  5.0  7.9  9.9  6.0 11  0.0                           
052018020117110143ミティル　　　　　　　　　　　　　　  3.4  1.5 13.4 21.1 11.8 12 18.1  1  247   57              
052018020217100245マリノコジーン　　　　　　　　　　　 95.3 17.9 -9.2 -8.5 -5.9 -6  0.0                           
052018020317105981キクノダンカーク　　　　　　　　　　  6.6  2.0 10.1  6.6  5.4  5  6.2                           
052018020417100808デルマラピスラズリ　　　　　　　　　  8.2  2.4 -0.3  2.4  0.8  1  7.2  0                        
052018020517102216ブレイドラン　　　　　　　　　　　　 20.2  4.5 -1.2  6.8  2.1  2  0.0                           
052018020617102332スリーブラザー　　　　　　　　　　　  8.2  2.4  7.5 10.9  6.2  6  7.7                           
052018020717102888ハヤト　　　　　　　　　　　　　　　 57.6 11.0-12.5-10.1 -7.5 -7  0.0                           
052018020817101802チョーズンワン　　　　　　　　　　　  7.3  2.2  9.8  4.7  4.7  5  6.8  5                        
052018020917102548ツウカイエオス　　　　　　　　　　　 67.5 12.8-11.4 -8.4 -6.5 -6  0.0                           
052018021017103088ラインサラマンダー　　　　　　　　　116.4 21.7-10.4 -6.8 -5.6 -6  0.0                           
052018021117102071ジュンハルト　　　　　　　　　　　　 12.9  3.1-10.0  0.7 -2.7 -3  0.0                           
052018021217105812チャーミングポポ　　　　　　　　　　 75.2 14.2-11.4 -6.8 -5.9 -6  0.0                           
052018021317102824ラブマリリン　　　　　　　　　　　　 39.6  8.0-10.4 -6.8 -5.6 -6  0.0                           
052018021417103033キタノユニヴァース　　　　　　　　　 38.8  7.9-10.0  3.5 -1.7 -2  0.0                           
052018021517100526ヴァリアントナイト　　　　　　　　　 32.7  6.7 -8.7-13.9 -7.7 -8 13.0                           
052018021617100389マベルロンジュ　　　　　　　　　　　  3.7  1.6 12.9 13.9  9.0  9  8.2                           
052018030117101962ケンシ　　　　　　　　　　　　　　　 92.6 18.7-10.0-15.0 -8.5 -3  0.0  0                        
052018030217103619ハイエストエンド　　　　　　　　　　  3.6  1.6 12.0 14.4  8.9 14 12.8                           
052018030317101015リンガスウォリアー　　　　　　　　　 11.9  3.1 -1.3 14.2  4.8 10 18.6                           
052018030417102542ブレイクザボーダー　　　　　　　　　  8.6  2.6-10.0 12.5  1.6  7  7.2  2                        
052018030517101262リヴィエラボーイ　　　　　　　　　　 24.3  5.5 -8.6-13.3 -7.5 -2  0.0                           
052018030617105415ガニアン　　　　　　　　　　　　　　 23.7  5.4  1.6  0.6  0.7  6  0.0                           
052018030717106259キタノコドウ　　　　　　　　　　　　 18.9  4.5 15.0-14.5 -0.8  4  8.7  0                        
052018030817101510マイネルグランサム　　　　　　　　　 55.9 11.6-11.4 -9.5 -6.9 -2  0.0                           
052018030917101799ディンブラ　　　　　　　　　　　　　  4.5  1.8 13.8 19.3 11.2 16 14.0                           
052018031017106550ナンナ　　　　　　　　　　　　　　　 20.9  4.9-10.0 -2.4 -3.9  1  0.0                           
052018031117105714エクセルマジック　　　　　　　　　　123.6 24.7-13.4-10.0 -7.7 -3  0.0                           
052018031217100682サイモンルグラン　　　　　　　　　　  8.3  2.5 11.0  1.1  3.7  9  6.7  5                        
052018031317103776マイネルエスペルト　　　　　　　　　 24.6  5.6 -6.0 -8.5 -4.9  0  0.0                           
052018031417101691サンダーボマー　　　　　　　　　　　 22.4  5.2 20.7 -9.9  2.6  8  0.0                           
052018031517102848アベックフォルス　　　　　　　　　　  6.8  2.2 10.0  7.3  5.7 11  0.0                           
052018031617101846サウンドトラック　　　　　　　　　　 12.8  3.3 20.0 23.0 14.4 19  0.0                           
052018040117100349インディードシチー　　　　　　　　　 45.3  8.5-11.4 -9.7 -7.0 -2  0.0                           
052018040217100477リスペクト　　　　　　　　　　　　　  2.6  1.3 15.0 19.0 11.5 16 18.1                           
052018040317103525スキルショット　　　　　　　　　　　 29.4  5.8-10.0 -4.7 -4.7  0  0.0                           
052018040417104528アイゼングラフ　　　　　　　　　　　 19.0  4.0-10.0  6.7 -0.5  4  8.2  5                        
052018040517103453ワイルドフレーズ　　　　　　　　　　 16.9  3.7  6.0 11.7  6.1 11  0.0  4                        
052018040617102621シゲルセイウン　　　　　　　　　　　 39.9  7.6-10.0-10.1 -6.7 -2  0.0                           
052018040717102052ベルウッドアサヒ　　　　　　　　　　 27.8  5.5-11.0-10.3 -7.1 -2  0.0                           
052018040817105075レイコックアビー　　　　　　　　　　  6.7  2.0 13.7 17.3 10.5 15  9.6  4                        
052018040917102818アトラクトボイス　　　　　　　　　　 53.2  9.9-10.0 -9.9 -6.6 -2  0.0                           
052018041017110024リチュアルダンス　　　　　　　　　　  6.0  1.9 14.9 23.0 12.9 18 12.5                           
052018041117104690パーディシャー　　　　　　　　　　　  8.0  2.2 10.6  8.2  6.2 11  0.0                           
052018041217105854キングフェーヴル　　　　　　　　　　111.3 19.5-10.0-10.0 -6.7 -2  0.0                           
052018041317102154プリティスラッガー　　　　　　　　　215.3 37.1-13.4-11.8 -8.3 -3  0.0                           
052018041417101531フォーチュネイト　　　　　　　　　　 47.6  8.9-11.4 -6.2 -5.7 -1  0.0                           
052018041517101911コスモレペティール　　　　　　　　　 35.4  6.8 -6.5-10.6 -5.8 -1  0.0                           
052018041617100369プモリテソーロ　　　　　　　　　　　  4.5  1.6 13.2 18.3 10.7 16 14.0                           
052018050117110103オーロラフラッシュ　　　　　　　　　  2.9  1.2 15.1 22.8 12.9 33 11.6C 2                        
052018050217106117グランドホース　　　　　　　　　　　 55.6  8.6-11.4 -2.7 -4.4 16 13.0                           
052018050317101183レッドライデン　　　　　　　　　　　 10.9  2.3  9.2  7.7  5.6 26  0.0                           
052018050417105643アドマイヤアリエル　　　　　　　　　 10.8  2.3  0.1 18.7  6.9 27  0.0                           
052018050517104851アオイクレアトール　　　　　　　　　  2.6  1.2 17.9 19.7 12.6 33 18.1                           
052018050617104824エンジェルサークル　　　　　　　　　  4.0  1.3 16.1 14.6 10.2 30 12.5                           
052018050717106305グレイトホーン　　　　　　　　　　　  9.4  2.2 10.9 16.9  9.5 29  9.6                           
052018050817101611ナーリー　　　　　　　　　　　　　　 46.8  7.6-14.3-10.0 -8.0 12  0.0                           
052018050917104006タイムカプセル　　　　　　　　　　　 61.9  9.6-13.1 -9.9 -7.6 12  0.0                           
052018051017105819ハローキャンディ　　　　　　　　　　 27.2  4.7 -6.0  8.9  1.5 21  0.0                           
052018060116103524トランスポーター　　　　　　　　　　  4.9  1.5 11.3 13.0  8.2 28 19.8                           
052018060214106286デストロイ　　　　　　　　　　　　　  6.3  1.7 11.7  8.6  6.7 27  0.0                           
052018060316105328トゥービーシック　　　　　　　　　　 52.8  8.2-11.0 -1.0 -3.7 16  0.0                           
052018060416105723ボヘミアラプソディ　　　　　　　　　 12.0  2.4  5.7  7.2  4.3 24 10.3                           
052018060515102242シャイニーロケット　　　　　　　　　 56.9  8.5-10.0-20.0-10.3 10  0.0  0                        
052018060616100848ジェイケイエース　　　　　　　　　　 16.5  3.1 12.0  3.7  5.0 25  0.0                           
052018060716106330アイヅリュウコ　　　　　　　　　　　 40.3  6.4-10.0 -8.4 -6.1 14  0.0                           
052018060816100920ロジポルカ　　　　　　　　　　　　　 15.8  3.0 -2.9  4.9  0.9 21  0.0  0                        
052018060914101508エグジットラック　　　　　　　　　　  7.5  1.9 12.0 11.6  7.9 28 13.5                           
052018061015100093ユイノチョッパー　　　　　　　　　　 20.6  3.7-10.0 17.2  3.3 23  0.0                           
052018061116104697スタンサンセイ　　　　　　　　　　　  1.9  1.2 15.0 22.8 12.9 33 18.1                           
052018070115102595シャドウアイランド　　　　　　　　　 12.0  3.0 -3.8 29.7  9.8 30  0.0                           
052018070216104373アグリューム　　　　　　　　　　　　  6.2  2.0 11.1 16.9  9.5 30 11.6                           
052018070315104528グレンフィナン　　　　　　　　　　　 23.8  5.2-11.4  7.7 -0.6 19  0.0                           
052018070414105363ラレゾン　　　　　　　　　　　　　　 16.9  3.9-10.0 -0.6 -3.2 17  0.0  5                        
052018070516104818フィリアーノ　　　　　　　　　　　　 34.9  7.2 -4.6 -6.0 -3.6 16  0.0  0                        
052018070615101982オールステリーナ　　　　　　　　　　 64.6 12.5-11.4-13.3 -8.3 12  0.0                           
052018070716104665ミトロジー　　　　　　　　　　　　　  7.0  2.2 13.6 17.3 10.4 30  9.6                           
052018070816100049クロムウェル　　　　　　　　　　　　138.4 26.0-10.0 -6.8 -5.5 15  0.0                           
052018070916105011ペルソナデザイン　　　　　　　　　　  6.3  2.0  1.9 20.7  8.2 28 15.1  3                        
052018071016103345イサク　　　　　　　　　　　　　　　 14.4  3.4  0.1  7.3  2.7 23  0.0                           
052018071116104741ミスマリア　　　　　　　　　　　　　  2.6  1.4 15.0 26.3 14.1 34 18.1  1  122   57              
052018071216103386コスモミローディア　　　　　　　　　 74.8 14.4 -6.2-11.3 -6.0 14  0.0                           
052018071315104225エールグリーツ　　　　　　　　　　　 29.8  6.3 -3.6 -5.1 -3.0 17  0.0                           
052018071416103909カナロアガール　　　　　　　　　　　 10.9  2.8 20.0 11.6 10.3 30  7.2                           
052018071514105860モレッキ　　　　　　　　　　　　　　 27.2  5.8 -1.5 -4.7 -2.2 18  0.0                           
052018071616103087タイセイシャトル　　　　　　　　　　 78.9 15.1-11.4-11.6 -7.7 12  0.0                           
052018080113110085アーチキング　　　　　　　　　　　　 13.6  2.5 10.4  3.0  4.2 34  0.0                           
052018080212103962エニグマバリエート　　　　　　　　　 18.5  3.1 -6.4-10.4 -5.7 24  0.0                           
052018080314102775タニノホウザン　　　　　　　　　　　 45.5  6.6-10.0 -8.9 -6.3 24  0.0                           
052018080415104707グレンガリー　　　　　　　　　　　　  7.0  1.7  9.3 10.9  6.8 37 16.3  5                        
052018080514103615ダイイチターミナル　　　　　　　　　 24.5  3.9-10.0 -2.6 -4.0 26  0.0                           
052018080614101302ヴァンベールシチー　　　　　　　　　 37.2  5.5 -8.7 -2.7 -3.6 26  0.0                           
052018080714102190コーカス　　　　　　　　　　　　　　  2.2  1.2 25.1 21.8 15.5 46 18.1                           
052018080816105169ジャストアジゴロ　　　　　　　　　　  2.9  1.2 17.0 17.7 11.6 42 19.8                           
052018080913105807エフティスパークル　　　　　　　　　 21.0  3.5  2.6  7.7  3.6 34  0.0                           
052018081016104240クラサーヴィツァ　　　　　　　　　　  6.4  1.6 11.9 28.2 13.9 44  6.2                           
052018090117110156ジェットマックス　　　　　　　　　　 73.7 12.8-12.5-17.2-10.1 35  0.0  0                        
052018090217100630ダイメイコリーダ　　　　　　　　　　 18.5  3.9 -2.1 -3.9 -2.1 43  0.0                           
052018090317110151カフェファラオ　　　　　　　　　　　  2.9  1.3 19.7 24.6 14.9 60 18.1  1  122   58              
052018090417103718ウルトラマリン　　　　　　　　　　　 26.3  5.1-12.5-10.1 -7.5 38  0.0                           
052018090517101833キメラヴェリテ　　　　　　　　　　　 22.0  4.4-12.5 -8.6 -6.9 38  0.0                           
052018090617106084メイショウテンスイ　　　　　　　　　 12.0  2.7 -2.1  0.9 -0.3 45  0.0                           
052018090717103240タイセイポリシー　　　　　　　　　　 39.4  7.3-10.0-15.0 -8.5 37  0.0  0                        
052018090817106602ロンゴノット　　　　　　　　　　　　 14.9  3.2  6.8  7.6  4.8 50  0.0  5                        
052018090917110052ヘルシャフト　　　　　　　　　　　　 16.3  3.5 10.1  2.1  3.8 49 11.6  1  247   57              
052018091017105433ヤウガウ　　　　　　　　　　　　　　  5.1  1.7 22.0  9.8 10.2 55 12.5                           
052018091117110158ナイルリバー　　　　　　　　　　　　 31.3  6.0 -2.9-10.9 -4.9 40  0.0                           
052018091217101719タガノビューティー　　　　　　　　　  3.4  1.4 19.9 25.2 15.2 60 19.8  2                        
052018091317102509レーヌブランシュ　　　　　　　　　　 15.1  3.3  3.6  6.9  3.6 49  0.0                           
052018091417104506モリノブレイク　　　　　　　　　　　 36.7  6.9-10.0-12.5 -7.6 37  0.0                           
052018100114105992スパイラルダイブ　　　　　　　　　　 12.9  2.9  6.7  5.9  4.2 39  0.0                           
052018100214100534ウインガナドル　　　　　　　　　　　  9.1  2.4  6.0  5.8  3.9 39 15.4                           
052018100312104268スモークフリー　　　　　　　　　　　 23.4  4.6-11.4-10.4 -7.2 28  0.0                           
052018100416105026ゴータイミング　　　　　　　　　　　  2.9  1.3 22.0 16.7 12.7 48 12.8                           
052018100516105093アトミックフォース　　　　　　　　　  5.2  1.7  2.1 18.4  7.4 42  0.0                           
052018100616105056ダイワダグラス　　　　　　　　　　　  6.8  2.0 10.7  7.7  6.0 41  6.7                           
052018100714103156ベイビーステップ　　　　　　　　　　 24.3  4.8-10.0 -1.8 -3.7 31  0.0                           
052018100813103324ハナズレジェンド　　　　　　　　　　  8.7  2.3 11.4  7.2  6.1 41 10.3                           
052018100914105599リフトトゥヘヴン　　　　　　　　　　 46.1  8.5-11.4-13.7 -8.4 27  0.0                           
052018101016104672レッドサイオン　　　　　　　　　　　  3.6  1.4 18.5 22.9 13.9 49 19.8B 2                        
052018110112105931ブルドッグボス　　　　　　　　　　　 46.0  7.8-11.4-17.9-10.0 50  0.0                           
052018110215100318アルクトス　　　　　　　　　　　　　 12.9  2.7 17.4 11.1  9.3 69  0.0  5                        
052018110316106260ワイドファラオ　　　　　　　　　　　 12.2  2.6 -8.1  9.6  1.1 61  0.0                           
052018110415104107タイムフライヤー　　　　　　　　　　 25.6  4.6 -4.8 12.9  3.3 63  0.0                           
052018110514104052インティ　　　　　　　　　　　　　　  3.3  1.4 17.0 27.9 15.3 75  8.8                           
052018110615105114ミッキーワイルド　　　　　　　　　　 41.9  7.2-11.4 -6.0 -5.6 54  0.0                           
052018110713103618ヴェンジェンス　　　　　　　　　　　 19.4  3.7 -1.4 10.8  3.5 64  0.0                           
052018110811105960キングズガード　　　　　　　　　　　 42.9  7.3 -9.7-20.0-10.2 50  0.0                           
052018110914106474サンライズノヴァ　　　　　　　　　　  7.7  2.0 -3.4 10.8  2.9 63  6.7                           
052018111012104314ノンコノユメ　　　　　　　　　　　　 43.6  7.5  4.5-10.0 -2.3 58  0.0                           
052018111115105676モジアナフレイバー　　　　　　　　　 39.6  6.8  8.6  3.0  3.7 64  9.6                           
052018111214110031モズアスコット　　　　　　　　　　　  2.6  1.3 22.7 24.4 15.8 76 15.0                           
052018111316103957デルマルーヴル　　　　　　　　　　　 16.5  3.3 -9.3-10.4 -6.6 53  0.0                           
052018111416100981ミューチャリー　　　　　　　　　　　 81.7 13.0-14.3-10.0 -8.0 52  0.0                           
052018111513104055ケイティブレイブ　　　　　　　　　　113.3 17.8 -1.2-10.2 -4.1 56  0.0                           
052018111613102815ワンダーリーデル　　　　　　　　　　 14.8  3.0-11.4  0.6 -3.2 57 14.4                           
052018120114104248ホノカ　　　　　　　　　　　　　　　 44.6  9.2-13.4-11.8 -8.3 22  0.0                           
052018120212101406アスクジョーダン　　　　　　　　　　 11.8  3.0 -2.9  1.3 -0.4 30 10.9  5                        
052018120314101462スズカゴーディー　　　　　　　　　　 25.8  5.6  3.1 -4.6 -0.8 29  0.0                           
052018120414106136コーラルプリンセス　　　　　　　　　  4.7  1.7 14.6  6.3  6.7 37  0.0 1                         
052018120515103845スーパーアキラ　　　　　　　　　　　 36.0  7.6-11.4  8.3 -0.4 30 10.1                           
052018120616102081オルクリスト　　　　　　　　　　　　 12.4  3.1  5.5 13.8  6.7 37  8.2                           
052018120712102503サンタナブルー　　　　　　　　　　　170.0 32.4-10.0 -6.5 -5.4 25  0.0                           
052018120816105952ドウドウキリシマ　　　　　　　　　　  7.1  2.2 16.8  6.1  7.3 37  0.0                           
052018120915101257エピックアン　　　　　　　　　　　　  5.2  1.8-10.0  8.5  0.1 30 12.5                           
052018121016105885ニューモニュメント　　　　　　　　　  9.5  2.7  7.2  6.6  4.6 35 10.3                           
052018121114104192オールウェイズゼア　　　　　　　　　 43.6  9.0 -1.9-12.5 -5.2 25  0.0                           
052018121214100916クリップスプリンガ　　　　　　　　　 29.1  6.2-11.0-12.2 -7.8 22  9.1                           
052018121312105841ティアップサンダー　　　　　　　　　109.5 21.1-10.0 -9.7 -6.6 23  0.0                           
052018121416106288アポロチーター　　　　　　　　　　　 37.3  7.8 10.0-12.2 -1.5 29  0.0                           
052018121515103967ニシノジャガーズ　　　　　　　　　　 34.7  7.3 10.4-10.6 -0.8 29 13.7                           
052018121616102142アイアムハヤスギル　　　　　　　　　  3.1  1.4 15.0 19.5 11.6 42  5.3                           
082028010117105454ノワールフレグラン　　　　　　　　　 12.3  2.8  6.4 20.8  8.6 14  7.2  3                        
082028010217106254メイショウトラヒメ　　　　　　　　　 13.7  3.0 -0.9 17.7  5.0 10 21.8                           
082028010317106341オークレイコート　　　　　　　　　　 31.1  5.9 -5.6-12.7 -5.9 -1  0.0                           
082028010417101730タガノペルマネンテ　　　　　　　　　 17.2  3.6 -2.6  8.8  1.7  7 13.2                           
082028010517100396レペット　　　　　　　　　　　　　　 11.4  2.6 -5.6  5.9 -0.3  5 11.7                           
082028010617103829ブライトアイズ　　　　　　　　　　　 15.8  3.4  0.0-14.8 -4.4  1 15.3                           
082028010717103366オースミプリンセス　　　　　　　　　 43.6  8.0-10.9-12.1 -7.6 -3  0.0                           
082028010817100127クリノソフィア　　　　　　　　　　　 31.7  6.0-14.0 -7.0 -7.2 -2  0.0                           
082028010917103350ロビンザフィリー　　　　　　　　　　  3.5  1.5 14.5 14.1  9.5 15  0.0                           
082028011017100129シュガーミー　　　　　　　　　　　　 41.9  7.7 -8.0-16.7 -7.9 -3  0.0                           
082028011117106426エナジーループ　　　　　　　　　　　 45.6  8.3  3.8 -9.1 -1.3  4  0.0                           
082028011217103679ルミエールイリゼ　　　　　　　　　　 27.5  5.3 -4.1-14.7 -5.9 -1  0.0                           
082028011317101016リバーランド　　　　　　　　　　　　 40.5  7.4-10.9  7.2 -1.8  3  0.0                           
082028011417100279ピエナラプソディ　　　　　　　　　　 23.1  4.5 -3.6 10.4  1.8  7  0.0  4                        
082028011517106232オウケンロジータ　　　　　　　　　　  2.8  1.4 18.8 18.0 12.3 17 18.0                           
082028011617100337ドリームハット　　　　　　　　　　　 12.3  2.8  2.9 -2.0  0.5  5  0.0                           
082028020117100964ヒッポカンポス　　　　　　　　　　　 36.5  7.5-11.4-14.7 -8.6 -4  0.0  0                        
082028020217106178ダンツクルーズ　　　　　　　　　　　 31.4  6.6-10.9-12.7 -7.8 -3  0.0                           
082028020317102430ダイヴィンダート　　　　　　　　　　  3.4  1.5  9.5 24.8 10.9 16  6.9                           
082028020417103485ワイドソロモン　　　　　　　　　　　  5.6  1.9 15.1  6.8  7.6 13  9.6                           
082028020517103144ワンダーエルツ　　　　　　　　　　　 25.3  5.4 -5.6 -7.0 -4.2  1  0.0                           
082028020617100265クリノヴジュアル　　　　　　　　　　  3.9  1.6 14.4 18.6 10.9 16 19.6                           
082028020717104497ウォーターモースト　　　　　　　　　 42.5  8.7-10.9  7.3 -1.8  3  0.0                           
082028020817102135フィアレススマイル　　　　　　　　　 25.2  5.4 -8.7 -5.8 -4.9  0  0.0                           
082028020917102381コンウィ　　　　　　　　　　　　　　 16.7  3.9 10.9 24.1 11.2 16  9.3                           
082028021017102933シンゼンウイング　　　　　　　　　　 16.4  3.8 -2.6 17.7  4.4  9  0.0                           
082028021117105758エイユージャッカル　　　　　　　　　 14.7  3.5 -0.2 -9.8 -3.0  2  0.0                           
082028021217100413サンライズスマイル　　　　　　　　　 64.0 12.4-10.9 -4.9 -5.5  0  0.0                           
082028021317100429ムーンレース　　　　　　　　　　　　  8.0  2.4 -5.6  5.7 -0.3  5 22.9                           
082028021417109038ドスハーツ　　　　　　　　　　　　　 11.5  2.9 10.4 14.9  8.3 13 13.5  4                        
082028021517101785アサシン　　　　　　　　　　　　　　 49.4 10.0-10.9-13.5 -8.0 -3  0.0  0                        
082028021617102834ペイダート　　　　　　　　　　　　　 48.8  9.9-10.9-11.6 -7.5 -2  0.0  0                        
082028030117106568ロワマージュ　　　　　　　　　　　　 26.9  5.4 -9.7  3.4 -2.5  2  0.0                           
082028030217100586ヴィエントアスール　　　　　　　　　  4.4  1.5 18.5 16.5 11.7 17 16.4                           
082028030317106012ダッチマン　　　　　　　　　　　　　 14.0  3.1 -0.2  0.3  0.0  5  8.2                           
082028030417102264シェイクスピア　　　　　　　　　　　 49.1  9.2-10.9-11.6 -7.5 -2  0.0                           
082028030517102595ロジーナ　　　　　　　　　　　　　　  4.4  1.5 12.4  4.4  5.9 11 21.3                           
082028030617102473デイスター　　　　　　　　　　　　　 76.2 13.6-10.9 -4.9 -5.5  0  0.0                           
082028030717103979ナムラキンタロー　　　　　　　　　　 19.9  4.2  1.1 12.7  4.2  9  0.0                           
082028030817104604ロックアビリティ　　　　　　　　　　126.8 22.2-10.9-20.0-10.0 -5  0.0  0                        
082028030917103621ボルサリーノ　　　　　　　　　　　　  2.6  1.3 15.9 16.4 10.8 16 18.0                           
082028031017104305ノーブルライガー　　　　　　　　　　 13.2  3.0  1.2 18.0  5.8 11 13.5                           
082028031117105807メイショウオーギシ　　　　　　　　　 14.1  3.2 -8.3  4.9 -1.6  3  0.0                           
082028031217100916シールド　　　　　　　　　　　　　　 52.1  9.8-11.4-12.7 -8.0 -3  0.0                           
082028031317101726オカリナ　　　　　　　　　　　　　　  9.0  2.4  7.0 16.2  7.4 12  0.0                           
082028031417105818マシェリイ　　　　　　　　　　　　　 36.9  7.1 -5.6  7.9  0.3  5  0.0                           
082028031517100221クリノビックネーム　　　　　　　　　 88.7 15.7-10.9-12.0 -7.6 -3  0.0                           
082028040113104166タイセイパルサー　　　　　　　　　　  4.3  1.6 19.4 16.2 12.0 12 17.0                           
082028040214105512タガノアンピール　　　　　　　　　　  7.7  2.4 17.5  2.9  7.3  7 10.3                           
082028040316103545モリトシュン　　　　　　　　　　　　 18.7  4.4  5.8  6.3  4.0  4 16.2                           
082028040413105662ロスカボス　　　　　　　　　　　　　  8.7  2.6 11.6 11.8  7.8  8 14.4                           
082028040516105488ウインドシャルム　　　　　　　　　　 60.3 12.2 -9.7-10.5 -6.7 -7  0.0                           
082028040612102265ブルーガーディアン　　　　　　　　　  4.5  1.7  5.8 11.2  5.5  5  8.2                           
082028040716103133クーザ　　　　　　　　　　　　　　　 64.8 13.1 -9.7-10.5 -6.7 -7  0.0                           
082028040816102238ラフレシアレディ　　　　　　　　　　 48.8 10.3 -9.7-10.5 -6.7 -7  0.0                           
082028040915103900ソウラセブン　　　　　　　　　　　　 50.4 10.6 -9.7-10.5 -6.7 -7  0.0                           
082028041012105252フミノムーン　　　　　　　　　　　　 11.3  2.9 -3.9 12.6  2.3  2 12.5                           
082028041115103938ヒロノオリオン　　　　　　　　　　　 36.9  7.9-11.7-15.8 -9.0 -9  0.0                           
082028041216105045トップアスリート　　　　　　　　　　  8.0  2.4 -5.6  5.0 -0.6 -1  0.0                           
082028041312104783プレシャスルージュ　　　　　　　　　  3.6  1.5 21.7  9.7 10.9 11  8.1                           
082028041416101760アスターブリザード　　　　　　　　　 37.2  8.0-11.4 -8.8 -6.8 -7  0.0                           
082028050117104985ナリタザクラ　　　　　　　　　　　　  9.0  2.3  5.5 21.9  8.6 14  0.0                           
082028050217104073エトワールミノル　　　　　　　　　　 41.9  7.5 -5.6 -6.1 -3.9  1  0.0  0                        
082028050317101860ダイシンマルス　　　　　　　　　　　 64.9 11.0-10.9-11.9 -7.6 -3  0.0                           
082028050417104880マグニフィクス　　　　　　　　　　　 26.6  5.0 -5.6  1.1 -1.7  3  0.0                           
082028050517102390メリディアン　　　　　　　　　　　　 20.6  4.1-10.3  4.1 -2.5  2 10.1                           
082028050617105931グリーナリー　　　　　　　　　　　　 56.1  9.6-10.9 -9.4 -6.8 -2  0.0  0                        
082028050717102300クールデショー　　　　　　　　　　　 70.8 11.9 -7.1  6.6 -0.6  4  0.0                           
082028050817105079ヴァリッドブラック　　　　　　　　　  4.6  1.5  9.0 25.4 10.9 16  9.6                           
082028050917100023ウラニア　　　　　　　　　　　　　　 29.4  5.5-10.9-15.1 -8.5 -4  0.0                           
082028051017102846クロスラミナ　　　　　　　　　　　　 70.7 11.9-10.9-15.1 -8.5 -4  0.0                           
082028051117105698マテラジニアス　　　　　　　　　　　 44.0  7.9-10.3-12.7 -7.6 -3  0.0                           
082028051217105320フローラルキスミー　　　　　　　　　 68.7 11.6 -9.7 -4.6 -4.9  0 20.7                           
082028051317105655サングレデクリスト　　　　　　　　　  8.4  2.2 12.1 11.1  7.8 13 12.6                           
082028051417104141ムジカ　　　　　　　　　　　　　　　  2.6  1.3 20.2 21.8 13.9 19 18.0                           
082028051517101065ペイシャフレンチ　　　　　　　　　　 70.7 11.9 -9.7-10.5 -6.7 -2  0.0                           
082028051617106608コンフィテーロ　　　　　　　　　　　  3.6  1.4 16.8 18.6 11.7 17  8.8                           
082028060117101797フィオリキアリ　　　　　　　　　　　 18.0  4.1 -4.2-11.1 -4.9 15  0.0                           
082028060217106486ジャマティーボ　　　　　　　　　　　 56.9 10.9-15.0-10.5 -8.6 11  0.0                           
082028060317100406シャドウブロッサム　　　　　　　　　  4.8  1.7 13.4 13.5  9.0 29 11.7                           
082028060417103104ミズリーナ　　　　　　　　　　　　　  8.3  2.4  5.7  3.8  3.2 23  0.0                           
082028060517105232シャレード　　　　　　　　　　　　　  4.5  1.6 14.1 15.1  9.7 30 19.6                           
082028060617105419ミーアシャム　　　　　　　　　　　　 13.0  3.1-10.9 -1.5 -4.4 16  0.0                           
082028060717102078クーファイザナミ　　　　　　　　　　 11.6  2.8  0.2  8.0  2.5 22  8.2  5                        
082028060817102960バトルカグヤ　　　　　　　　　　　　 15.3  3.6  6.3 10.8  5.6 26 11.3                           
082028060917106086メイショウベッピン　　　　　　　　　 21.6  4.7 -0.9 24.1  6.9 27  0.0                           
082028061017109097グランマリアージュ　　　　　　　　　  8.1  2.4  6.5  4.9  3.9 24 10.3                           
082028061117105383フェアレストアイル　　　　　　　　　  2.9  1.4 13.2 26.3 12.7 33 18.0                           
082028070116102529リーガルマインド　　　　　　　　　　 43.1  6.5-10.9  5.4 -2.4 18  0.0                           
082028070214102648トウシンアサヒ　　　　　　　　　　　 32.8  5.1-14.0-10.1 -8.2 12  0.0                           
082028070312100243キングサムソン　　　　　　　　　　　 16.7  3.0-10.9  6.5 -2.0 18 14.4                           
082028070413102945メイショウゴテツ　　　　　　　　　　 11.6  2.3  9.5  7.1  5.6 26  0.0                           
082028070516102801ロングファイナリー　　　　　　　　　  4.0  1.4 15.4 22.3 12.3 32  8.8                           
082028070615105931サハラデザート　　　　　　　　　　　 14.0  2.6  2.3  9.8  3.8 24 11.0                           
082028070716103950ヒミノブルー　　　　　　　　　　　　  1.9  1.2 21.9 33.4 18.0 38 18.0                           
082028070816104832マイサンシャイン　　　　　　　　　　  5.5  1.5  9.9 15.2  8.2 28 14.9                           
082028070915103631ヴィジャランス　　　　　　　　　　　 31.9  5.0 -4.2 -0.1 -1.6 18  0.0  5                        
082028071014103092ディライトラッシュ　　　　　　　　　 27.8  4.5 -9.7-10.5 -6.7 13  0.0                           
082028071116104748ゴールデンウェル　　　　　　　　　　 19.1  3.3  8.2-10.2 -0.1 20 15.3                           
082028080116100065シンゼンマックス　　　　　　　　　　  7.6  2.2  9.5 13.6  7.6 28 11.7                           
082028080215100018ドラセナ　　　　　　　　　　　　　　 15.4  3.4  3.6  7.5  3.6 24 16.2  5                        
082028080316104841ジャミールフエルテ　　　　　　　　　  3.1  1.4  6.4 20.6  8.5 29  8.1                           
082028080415103554ノーブルレゼル　　　　　　　　　　　 91.6 16.3-11.4-11.7 -7.7 12  0.0                           
082028080514104537ムーンロード　　　　　　　　　　　　 66.2 12.0 -9.7-10.5 -6.7 13  0.0                           
082028080616105812トモジャバロンド　　　　　　　　　　 84.9 15.1 -9.7 -7.8 -5.9 14  0.0                           
082028080714101340ロマンスマジック　　　　　　　　　　 84.0 15.0 -9.7-10.5 -6.7 13  0.0                           
082028080816102924ペプチドオリバー　　　　　　　　　　 11.5  2.7 11.0 10.0  7.0 27  0.0                           
082028080916103777ウェイクール　　　　　　　　　　　　 37.4  7.2  1.5  0.7  0.8 21  0.0                           
082028081016105117ムーンオブバローダ　　　　　　　　　 12.3  2.9  6.5  0.2  2.4 22 12.5                           
082028081116100961タガノゴマチャン　　　　　　　　　　  9.0  2.4  3.8 21.4  7.8 28  0.0                           
082028081216102126タイキデセーオ　　　　　　　　　　　 27.7  5.5 -8.7  5.2 -1.6 18  0.0                           
082028081316101167ベストチャーム　　　　　　　　　　　  3.5  1.5 18.5 17.7 12.1 32 16.4                           
082028081416104243ロークアルルージュ　　　　　　　　　  9.1  2.5 -9.7  8.6 -1.0 19 21.2                           
082028081514102122クリノアントニヌス　　　　　　　　　 46.0  8.7-10.9 -2.5 -4.7 15  0.0                           
082028081616101561グーテンモルゲン　　　　　　　　　　 36.7  7.1 -5.6-17.1 -7.2 13  0.0  0                        
082028090116106232カイザーミノル　　　　　　　　　　　  3.9  1.4 17.5 20.1 12.4 42 21.3  2                        
082028090216102133パトリック　　　　　　　　　　　　　  2.5  1.2 19.0 19.5 12.8 43 18.0                           
082028090316103263ルタンブル　　　　　　　　　　　　　 12.8  2.8  1.5 -0.7  0.3 30  0.0                           
082028090415105192ブルレジーナ　　　　　　　　　　　　 35.3  6.4-10.9-13.9 -8.2 22  0.0  0                        
082028090514101563スズカフューラー　　　　　　　　　　 33.8  6.2-10.9 -5.7 -5.7 24  0.0                           
082028090615103344メイショウロセツ　　　　　　　　　　 19.9  3.9 -1.3 -9.0 -3.2 27 15.3                           
082028090714103284エイシンスレイマン　　　　　　　　　  7.4  2.0 11.6  5.2  5.8 36  7.2                           
082028090816100559ミトノマルーン　　　　　　　　　　　 24.2  4.6-11.4 -7.0 -6.3 24  0.0                           
082028090914100645ペガーズ　　　　　　　　　　　　　　 16.6  3.4  8.8  2.9  4.1 34  0.0                           
082028091011101045スズカヴァンガード　　　　　　　　　 59.8 10.1-10.9-10.5 -7.1 23  0.0                           
082028091116104762プライドランド　　　　　　　　　　　  3.7  1.4 10.9  6.4  5.9 36 16.4                           
082028100113100756キアロスクーロ　　　　　　　　　　　  8.5  2.5 11.5 -1.3  3.8 39  0.0                           
082028100215104763フォックスクリーク　　　　　　　　　  4.0  1.6 16.8 19.2 11.9 47 17.0                           
082028100313106088サトノケンシロウ　　　　　　　　　　 13.1  3.2  3.6  3.4  2.3 37 15.3                           
082028100414103795ワンダープチュック　　　　　　　　　  4.7  1.7 11.5 13.5  8.3 43  9.6                           
082028100515101645ソロフレーズ　　　　　　　　　　　　 26.6  5.7 -9.7-10.5 -6.7 28  0.0                           
082028100616106071ニホンピロヘンソン　　　　　　　　　 32.7  6.9-10.9 -2.0 -4.6 30  0.0                           
082028100713103740ドゥーカ　　　　　　　　　　　　　　 26.1  5.6  1.2 -9.6 -2.4 33 16.2                           
082028100814102607テーオービクトリー　　　　　　　　　  7.9  2.4  8.5  5.9  4.9 40 10.3                           
082028100914105897クリアザトラック　　　　　　　　　　 27.0  5.8 -6.3-13.3 -6.3 29  0.0                           
082028101015104300ミエノウインウイン　　　　　　　　　  3.5  1.5  8.9 23.5 10.3 45 15.0                           
082028101116102312ネリッサ　　　　　　　　　　　　　　 32.5  6.8 -9.7 -7.6 -5.8 29  0.0                           
082028101215103053カフジバンガード　　　　　　　　　　 29.6  6.3 -8.7 -5.2 -4.8 30  0.0                           
082028101313103564アドマイヤキズナ　　　　　　　　　　 12.8  3.1 -0.6  1.3  0.2 35  0.0                           
082028110116110139モンペルデュ　　　　　　　　　　　　  3.3  1.4 18.4 30.2 15.8 61  6.2                           
082028110213103671ヨシオ　　　　　　　　　　　　　　　 32.7  6.0-10.9  9.1 -1.3 44  0.0                           
082028110315105688ニホンピロタイド　　　　　　　　　　 22.8  4.4-11.4-10.8 -7.4 38  0.0                           
082028110415106500テーオージーニアス　　　　　　　　　  2.8  1.3 16.4 26.7 14.0 59 18.0                           
082028110512110058テーオーヘリオス　　　　　　　　　　 55.4  9.5 -0.2 -4.7 -1.5 44 22.5                           
082028110616103236ヒデノヴィーナス　　　　　　　　　　 14.4  3.1 -5.6 11.3  1.3 46 20.5                           
082028110713100711ナムラミラクル　　　　　　　　　　　 84.9 14.2-10.9-10.2 -7.1 38  0.0                           
082028110815100198バイラ　　　　　　　　　　　　　　　  7.6  2.1 12.5 14.1  8.8 54 12.6                           
082028110914104410スズカコーズライン　　　　　　　　　 15.5  3.2  7.4 11.7  6.2 51  0.0                           
082028111013104088サイタスリーレッド　　　　　　　　　 33.1  6.1-11.4 -6.5 -6.1 39  0.0                           
082028111116102781ジャスティン　　　　　　　　　　　　  7.2  2.0  4.9 13.8  5.9 51  9.6                           
082028111214106118マジカルスペル　　　　　　　　　　　 35.1  6.4-10.9 -5.5 -5.6 39  0.0                           
082028111314100668ハングリーベン　　　　　　　　　　　 36.3  6.6 -9.7-10.5 -6.7 38  0.0                           
082028111414102625ダイメイフジ　　　　　　　　　　　　 29.4  5.5  1.2  3.5  1.5 46  0.0  4                        
082028111513101678ウインオスカー　　　　　　　　　　　 43.5  7.8 -5.4  9.4  0.8 46  0.0                           
082028111612103724ブルミラコロ　　　　　　　　　　　　 27.7  5.2 -5.3-10.3 -5.0 40  0.0                           
082028120116105715アルベニス　　　　　　　　　　　　　  9.1  2.7 17.0 11.6  9.7 40  9.4                           
082028120215103236ミスティック　　　　　　　　　　　　 39.0  8.2-11.4-14.7 -8.6 21  0.0  0                        
082028120315103049メイショウダブル　　　　　　　　　　 96.1 18.8-11.4-10.8 -7.4 23  0.0                           
082028120415103357メイショウドウドウ　　　　　　　　　 44.1  9.2-10.9  7.2 -1.8 28  0.0                           
082028120515100524タガノプレトリア　　　　　　　　　　  3.1  1.5 14.2 16.9 10.3 40 18.0                           
082028120613104793ホイールバーニング　　　　　　　　　 38.3  8.1-10.9-17.1 -9.1 21  0.0  0                        
082028120714100428カズマペッピーノ　　　　　　　　　　 30.6  6.6 -5.6-12.4 -5.8 24  0.0  0                        
082028120814103370スズカモナミ　　　　　　　　　　　　 56.3 11.3-11.4-14.2 -8.4 22  0.0                           
082028120916104822ボンディマンシュ　　　　　　　　　　  5.7  1.9 12.7 16.9  9.7 40 11.7                           
082028121015105278キタサンタイドー　　　　　　　　　　 15.0  3.6  7.2  6.6  4.6 35  0.0                           
082028121114100584ライトオブピース　　　　　　　　　　 11.0  2.8 -5.6  4.4 -0.7 29  8.2                           
082028121215110075ジャスパーモア　　　　　　　　　　　143.9 27.8-10.9-15.2 -8.6 21  0.0                           
082028121316103115ヨハン　　　　　　　　　　　　　　　 24.2  5.3 -7.7 13.6  1.3 31  0.0                           
082028121413104702サンキュー　　　　　　　　　　　　　  8.3  2.5  5.8 20.6  8.3 38 10.3                           
082028121516100546ケイアイターコイズ　　　　　　　　　  4.9  1.8 13.4 20.1 10.9 41 19.6A                          
082028121616103774グトルフォス　　　　　　　　　　　　 12.4  3.1 -0.2  7.2  2.1 32  0.0                           
10201c010117110171カメキチ　　　　　　　　　　　　　　 38.5  8.3-10.5  9.5 -1.0  4  0.0                           
10201c010217101017テーオープライム　　　　　　　　　　  6.7  2.2-12.0  6.9 -2.3  3 17.5                           
10201c010317103708ゴッドカーヌスティ　　　　　　　　　 20.1  4.7-11.0-15.0 -8.5 -4  0.0                           
10201c010417110077マイアミテソーロ　　　　　　　　　　 13.1  3.3  6.0-12.5 -1.5  3  0.0                           
10201c010517105040シャルロワ　　　　　　　　　　　　　 12.2  3.1 14.0  6.9  7.2 12  0.0                           
10201c010617102428キルシェンロート　　　　　　　　　　  3.8  1.6 15.0 22.5 12.3 17 13.8                           
10201c010717100540スマートアペックス　　　　　　　　　  7.7  2.4  7.2  6.6  4.6 10 13.1  5                        
10201c010817103936アイファーネイビー　　　　　　　　　 30.2  6.6-12.0-17.4 -9.6 -5  0.0                           
10201c010917103872ドーン　　　　　　　　　　　　　　　 17.9  4.3  7.2  3.6  3.7  9  0.0                           
10201c011017100609スカイボルト　　　　　　　　　　　　 25.5  5.7-12.0-15.0 -8.9 -4  0.0                           
10201c011117102234シャイニールミナス　　　　　　　　　  5.8  2.0 12.0 15.0  8.9 14 16.3                           
10201c011217102884ウェーブモンスター　　　　　　　　　 44.5  9.5-12.0 -2.4 -5.1  0  0.0                           
10201c011317101263ビクトリアワールド　　　　　　　　　 67.8 13.7-10.0-12.5 -7.4 -2  0.0                           
10201c011417101724タガノオボロ　　　　　　　　　　　　  4.2  1.7 24.0 23.7 15.9 21  0.0                           
10201c020117100247クラウンデザイアー　　　　　　　　　 12.3  3.2  7.2  9.5  5.5 10  0.0                           
10201c020217103253ネオボーゲン　　　　　　　　　　　　  8.3  2.5 10.0 12.5  7.4 12 18.8                           
10201c020317103084ヨドノドリーム　　　　　　　　　　　 26.5  6.0-11.0 20.0  2.0  7  0.0  4                        
10201c020417103483ブルベアエーカー　　　　　　　　　　 32.6  7.2-12.0 -9.0 -7.1 -2  0.0                           
10201c020517102607ニシノジェイピー　　　　　　　　　　 23.4  5.4-10.0-12.5 -7.4 -2  0.0                           
10201c020617101503シンカンワールド　　　　　　　　　　 46.7 10.0-10.0-12.5 -7.4 -2  0.0                           
10201c020717101945マイネルエンカント　　　　　　　　　  7.5  2.4 20.0 15.0 11.8 17 12.3                           
10201c020817103890ニホンピロスクーロ　　　　　　　　　  5.0  1.8-12.0 -9.0 -7.1 -2  0.0                           
10201c020917105119エピクレーシス　　　　　　　　　　　 24.8  5.6-10.0-12.5 -7.4 -2  0.0                           
10201c021017105800ウォータージョイ　　　　　　　　　　 22.1  5.1  7.2  6.1  4.5  9  0.0                           
10201c021117101624クリノヴィンセント　　　　　　　　　  4.1  1.6 14.4 18.0 10.7 16 15.0                           
10201c021217102784アイノウィステリア　　　　　　　　　 14.1  3.5 -2.5 -2.3 -1.6  3  0.0  5                        
10201c021317100149ベルシック　　　　　　　　　　　　　 27.1  6.1-10.0  7.5 -1.4  4  0.0                           
10201c021417100636メイショウキンカク　　　　　　　　　  4.0  1.6 18.0 22.5 13.4 18 13.8                           
10201c030117101295テイエムワールド　　　　　　　　　　 53.5 11.8-12.0 -4.5 -5.8 -1  0.0                           
10201c030217102296ユメイッキ　　　　　　　　　　　　　  7.6  2.5-12.0 30.0  4.6 10  0.0                           
10201c030317103272アンブローニュ　　　　　　　　　　　 65.3 13.9-10.0  7.5 -1.4  4  0.0                           
10201c030417101739タガノアレクシア　　　　　　　　　　 43.8  9.7-10.0-13.2 -7.6 -3  0.0                           
10201c030517106392ソフィアバローズ　　　　　　　　　　  6.3  2.1-12.0 22.5  2.3  7  0.0                           
10201c030617100825ナイトコマンダー　　　　　　　　　　 31.9  7.3-11.0-12.5 -7.8 -3  0.0                           
10201c030717104641ツクバゴールド　　　　　　　　　　　 10.6  2.9  6.6  9.0  5.1 10  0.0                           
10201c030817101979マイネルピカソ　　　　　　　　　　　 31.2  7.1-10.0-12.5 -7.4 -2  0.0                           
10201c030917109094クサヒバリ　　　　　　　　　　　　　 18.5  4.6-10.0  7.5 -1.4  4 23.8                           
10201c031017106126アオイスイセイ　　　　　　　　　　　 28.8  6.6 24.0-15.0  4.3  9  0.0                           
10201c031117102306スターオブフォース　　　　　　　　　  3.8  1.7 12.0 15.0  8.9 14 13.8                           
10201c031217100913コスモカンツォーネ　　　　　　　　　 39.5  8.9-11.0  7.5 -1.8  3  0.0                           
10201c031317100371エールヴィフ　　　　　　　　　　　　  4.9  1.9  6.0  9.0  4.9 10 15.0                           
10201c031417102978ラファームソルティ　　　　　　　　　 18.2  4.5-11.0-12.5 -7.8 -3 15.8                           
10201c031517103685サマープラネット　　　　　　　　　　 62.2 13.2-10.0-12.5 -7.4 -2  0.0                           
10201c031617106406タマノアドレ　　　　　　　　　　　　 15.7  4.0-12.0-15.0 -8.9 -4  0.0                           
10201c031717100199タッシーアンジェラ　　　　　　　　　 51.4 11.3-12.0-16.8 -9.4 -4  0.0  0                        
10201c031817104559タイセイレフィーノ　　　　　　　　　  9.0  2.8 18.0 -9.6  3.7  9  0.0                           
10201c040117105513サトノエスペランサ　　　　　　　　　  2.1  1.2 20.0 24.7 14.7 20 13.8  2                        
10201c040217100559ウィズアウトナイン　　　　　　　　　 53.0  8.4-10.0-12.5 -7.4 -2  0.0                           
10201c040317102646マイネルポインター　　　　　　　　　  5.9  1.6 16.5 12.5  9.8 15 16.3                           
10201c040417104610ナオミエキスプレス　　　　　　　　　 21.7  3.8-10.0-15.0 -8.2 -3  0.0                           
10201c040517103238ウインルモンド　　　　　　　　　　　 18.6  3.4 10.0 25.0 11.2 16  0.0                           
10201c040617106495フレッシュスタート　　　　　　　　　 16.4  3.1  6.6  7.5  4.7 10  0.0                           
10201c040717106390メイショウヒトハル　　　　　　　　　  8.3  2.0 11.0  8.0  6.4 11 12.3                           
10201c040817103819ダビデヴィットリオ　　　　　　　　　 26.6  4.6-10.0  7.5 -1.4  4  0.0                           
10201c040917102102ソツナサ　　　　　　　　　　　　　　 29.1  4.9     -15.0 -4.5  1  0.0                           
10201c041017110035サマーエモーション　　　　　　　　　  3.9  1.4 24.0 12.6 12.6 18 15.0                           
10201c041117109012ヤエノロータス　　　　　　　　　　　 35.8  5.9-10.0-12.5 -7.4 -2  0.0                           
10201c041217105666アイワナトラスト　　　　　　　　　　 18.8  3.5-10.0-14.3 -8.0 -3  0.0  0                        
10201c050116100047ドゥエルメス　　　　　　　　　　　　 11.0  2.6 10.0  7.5  5.9 26  0.0                           
10201c050216102174タマノジュメイラ　　　　　　　　　　 19.8  4.2  6.0-12.5 -1.5 18  0.0                           
10201c050316105998ワインレッドローズ　　　　　　　　　  3.2  1.4 24.0 22.5 15.6 36 13.8                           
10201c050415100874ナンゴクユメネット　　　　　　　　　 34.9  6.7-12.0 -1.0 -4.7 15  0.0                           
10201c050516104795ダイアナブライト　　　　　　　　　　  3.4  1.4  7.2 18.0  8.0 28 15.0                           
10201c050616103188カグラヒメ　　　　　　　　　　　　　  4.4  1.5 20.0 30.0 16.3 36 16.3                           
10201c050716104609ハッピーアモーレ　　　　　　　　　　  7.2  2.1 18.0  9.0  9.3 29 12.3                           
10201c050816100953スペロラルーチェ　　　　　　　　　　 27.1  5.4-10.0-12.5 -7.4 13  0.0                           
10201c050916100142アレグレモエティー　　　　　　　　　 28.2  5.6-12.0 -5.7 -6.1 14  0.0                           
10201c051016103732エリーキャナル　　　　　　　　　　　 14.9  3.3  6.0 15.0  6.7 27  0.0                           
10201c051116100553グラッブアドリーム　　　　　　　　　 38.4  7.3-12.0 -0.9 -4.7 15  0.0                           
10201c051216104308サイモンオーキッド　　　　　　　　　 25.6  5.1-11.0 -1.5 -4.5 16  0.0                           
10201c060116103063プリモプレミオ　　　　　　　　　　　 23.8  4.8-10.5-15.0 -8.4 12  0.0                           
10201c060215100400イッツマイターン　　　　　　　　　　 61.3 11.0-10.0-12.5 -7.4 13  0.0                           
10201c060315103585ホッコータピタン　　　　　　　　　　 41.8  7.9-10.0-15.0 -8.2 12  0.0                           
10201c060416101947バカラクイーン　　　　　　　　　　　  8.9  2.4  6.0  7.5  4.4 24 12.3                           
10201c060513102594フレンチイデアル　　　　　　　　　　 31.8  6.2-11.0-12.5 -7.8 12  0.0                           
10201c060616104218ヴァルドワーズ　　　　　　　　　　　  7.4  2.1-10.0 24.0  3.5 24 16.3                           
10201c060716100298ミニオンペール　　　　　　　　　　　 23.3  4.7      -2.0 -0.6 19  0.0                           
10201c060816104834ミッキースピリット　　　　　　　　　  3.2  1.4 18.0 22.4 13.3 33 13.8                           
10201c060914106523ドゥモワゼル　　　　　　　　　　　　 29.1  5.7-11.0  7.5 -1.8 18  0.0                           
10201c061014102120トーホウシーマ　　　　　　　　　　　 17.9  3.8-10.5-15.0 -8.4 12  0.0                           
10201c061115104753クルークヴァール　　　　　　　　　　 10.8  2.6 24.0  6.6 10.8 31  0.0  5                        
10201c061215103521シトリカ　　　　　　　　　　　　　　 24.3  4.9-12.0 15.0  0.1 20  0.0                           
10201c061316106012コハルビヨリ　　　　　　　　　　　　 21.9  4.5-12.0 -7.8 -6.7 13  0.0                           
10201c061416100105ケイゴールド　　　　　　　　　　　　 23.8  4.8-11.0-12.5 -7.8 12  0.0                           
10201c061516104817エスト　　　　　　　　　　　　　　　  3.3  1.5 12.0 23.7 11.5 32 15.0                           
10201c061616101091テンモントム　　　　　　　　　　　　 65.7 11.8-10.0-12.5 -7.4 13  0.0                           
10201c070116105319ファムファタル　　　　　　　　　　　 19.2  4.4-12.0 -2.4 -5.1 15  0.0                           
10201c070216103872ジューンバラード　　　　　　　　　　  3.2  1.5 20.0 18.8 13.0 33 13.8                           
10201c070314105350ルエヴェルロール　　　　　　　　　　  8.1  2.4 16.5 12.6  9.8 30 18.8                           
10201c070415105408クイーンズトゥルー　　　　　　　　　 18.8  4.3-12.0 -5.7 -6.1 14  0.0                           
10201c070516104663アラスカ　　　　　　　　　　　　　　 22.8  5.0-10.0  7.5 -1.4 19  0.0                           
10201c070616105066イルマタル　　　　　　　　　　　　　  4.4  1.7 15.0 22.5 12.3 32 15.0                           
10201c070716104410マイエンフェルト　　　　　　　　　　  7.7  2.3 11.0  9.0  6.7 27  0.0                           
10201c070815106165アトミカ　　　　　　　　　　　　　　  5.4  1.8 24.0 18.6 14.4 34 11.4                           
10201c070915102272ベラソヴラーノ　　　　　　　　　　　 36.0  7.5-11.0 -2.0 -4.6 15  0.0                           
10201c071016104533フィブロライト　　　　　　　　　　　 33.9  7.1-10.0-15.0 -8.2 12  0.0                           
10201c071116102109メイショウオウギ　　　　　　　　　　 18.8  4.3-12.0-15.0 -8.9 11  0.0                           
10201c071216104968アークロイヤル　　　　　　　　　　　 18.9  4.3  6.3  9.0  5.0 25  0.0                           
10201c071316101241アキノコマチ　　　　　　　　　　　　 51.1 10.4-11.0-12.5 -7.8 12  0.0                           
10201c071415103021ワタシヲマッテル　　　　　　　　　　 19.0  4.4-11.0  7.5 -1.8 18  0.0                           
10201c080116104682フランクリン　　　　　　　　　　　　 13.7  3.1-12.0-11.2 -7.8 12  0.0                           
10201c080215100731コスモレリア　　　　　　　　　　　　 35.8  7.0-11.0-12.5 -7.8 12  0.0                           
10201c080316100543メガディスカバリー　　　　　　　　　 46.2  8.8-10.0-12.5 -7.4 13  0.0                           
10201c080415100509タガノスカイハイ　　　　　　　　　　 10.8  2.6  7.2-15.0 -1.9 18  0.0                           
10201c080516100596シュリ　　　　　　　　　　　　　　　  2.3  1.3 24.0 30.0 17.8 38 13.8                           
10201c080616102020ガトン　　　　　　　　　　　　　　　 38.5  7.5-10.0-12.5 -7.4 13  0.0                           
10201c080716104961ディーイストワール　　　　　　　　　 18.2  3.9 10.0-12.5 -0.1 20 22.5                           
10201c080816100752マイネルウィルトス　　　　　　　　　  7.7  2.2  7.2 24.0  9.8 30 16.3                           
10201c080916102938マリノジュリア　　　　　　　　　　　 28.8  5.7-10.0  7.5 -1.4 19  0.0                           
10201c081014104326ラストプライドワン　　　　　　　　　 27.8  5.6-11.0-12.5 -7.8 12  0.0                           
10201c081116102102クリノオウジャ　　　　　　　　　　　  5.9  1.9 18.0 22.5 13.4 33 10.5                           
10201c081216101958レッドルーヴル　　　　　　　　　　　 12.5  2.9 14.4  5.6  7.0 27  0.0                           
10201c081316103097ビッグブルー　　　　　　　　　　　　 23.3  4.8-10.0 12.5  0.1 20  0.0                           
10201c081415103128イルルーメ　　　　　　　　　　　　　 20.6  4.4 12.0  7.5  6.7 27  0.0                           
10201c081516105024ウォーターブレイク　　　　　　　　　 15.5  3.5-12.0 -7.3 -6.6 13  0.0                           
10201c090116103091クラウドスケープ　　　　　　　　　　 23.8  3.8  6.6 15.0  6.9 27  0.0                           
10201c090215104458エナグリン　　　　　　　　　　　　　 13.6  2.5  6.0-12.5 -1.5 18  0.0                           
10201c090315102372ロードマドリード　　　　　　　　　　  2.8  1.2 24.0 22.5 15.6 36 15.0                           
10201c090416105530ファイナルマズル　　　　　　　　　　 17.1  3.0-11.0 12.5 -0.3 20  0.0                           
10201c090514105082ラインジェット　　　　　　　　　　　 11.9  2.3  1.6 11.7  4.1 24 12.3  4                        
10201c090616101770ラバストーン　　　　　　　　　　　　 34.9  5.3-11.0-12.5 -7.8 12  0.0                           
10201c090715101838クニノオーシャン　　　　　　　　　　 27.8  4.3-11.0-12.5 -7.8 12  0.0                           
10201c090815101566アンシャンテシチー　　　　　　　　　 13.5  2.5  7.2-15.0 -1.9 18  0.0                           
10201c090916103756キタサンチャンドラ　　　　　　　　　  2.3  1.2 18.0 13.8 10.7 31 13.8                           
10201c091013100206ウインドオブホープ　　　　　　　　　  6.4  1.6 12.0  7.5  6.7 27 16.3                           
10201c100117100601ヒバリ　　　　　　　　　　　　　　　 14.7  3.4-12.0 -9.0 -7.1 13  0.0                           
10201c100217105100エイリアス　　　　　　　　　　　　　 14.2  3.3-12.0  6.6 -2.4 18  0.0  5                        
10201c100317105721クリノアンカーマン　　　　　　　　　 69.0 12.8-12.0-15.0 -8.9 11  0.0                           
10201c100417101342シゲルキンセイ　　　　　　　　　　　 21.7  4.6-10.5 15.0  0.6 21  0.0                           
10201c100517106130ルガーサント　　　　　　　　　　　　  6.6  2.0 15.0 22.5 12.3 32 16.3                           
10201c100617102518ネバーゴーンアウト　　　　　　　　　 68.0 12.6-10.0-12.5 -7.4 13  0.0                           
10201c100717104264ハワーマハル　　　　　　　　　　　　 53.5 10.3-10.0-12.5 -7.4 13  0.0                           
10201c100817104253ジュニパーベリー　　　　　　　　　　 24.1  5.0  6.0  7.5  4.4 24  0.0                           
10201c100917101369ジュランド　　　　　　　　　　　　　 20.2  4.4-10.0-15.0 -8.2 12  0.0                           
10201c101017102940ワンダーカタリナ　　　　　　　　　　 14.7  3.4-12.0 -7.3 -6.6 13  0.0                           
10201c101117105516メメントモリ　　　　　　　　　　　　  2.6  1.3 24.0 30.0 17.8 38 13.8                           
10201c101217104206シゲルミズガメザ　　　　　　　　　　  5.2  1.8 14.4 18.0 10.7 31 15.0                           
10201c101317102257メイショウマサヒメ　　　　　　　　　 17.8  3.9 -1.7-16.8 -5.7 14 15.8  0                        
10201c101417102105ニシノストーム　　　　　　　　　　　 29.0  5.9  6.0  7.5  4.4 24  0.0                           
10201c101517103323ミーハディビーナ　　　　　　　　　　116.6 21.1-10.0-12.5 -7.4 13  0.0                           
10201c101617100498キタカラキタムスメ　　　　　　　　　 15.7  3.5-10.0-10.8 -6.9 13  0.0                           
10201c101717106128リインフォース　　　　　　　　　　　 35.8  7.1-12.0-15.0 -8.9 11  0.0                           
10201c101817106039サンアンティモニー　　　　　　　　　 79.3 14.6-10.0-12.5 -7.4 13  0.0                           
10201c110115104921アロハリリー　　　　　　　　　　　　 22.6  4.4-12.0  5.1 -2.9 47  0.0                           
10201c110214104449カデナ　　　　　　　　　　　　　　　  9.5  2.4 18.0 15.9 11.4 61 12.3                           
10201c110314102157テリトーリアル　　　　　　　　　　　  8.6  2.3-12.0 15.0  0.1 50 16.3                           
10201c110413103582レイホーロマンス　　　　　　　　　　 11.2  2.5 14.4 -9.0  2.6 53  0.0                           
10201c110510101161サイモンラムセス　　　　　　　　　　 29.6  5.6-12.0-11.5 -7.8 42  0.0                           
10201c110616104529ヴェロックス　　　　　　　　　　　　  2.1  1.3 18.5 30.0 15.8 66 13.8                           
10201c110713105471ナイトオブナイツ　　　　　　　　　　 18.8  3.8  8.3  7.4  5.3 55  0.0                           
10201c110814102617アンノートル　　　　　　　　　　　　 20.0  4.0-12.0-12.5 -8.1 42  0.0                           
10201c110916101814エメラルファイト　　　　　　　　　　 17.7  3.6-10.0-12.5 -7.4 43  0.0                           
10201c111014105825アウトライアーズ　　　　　　　　　　 30.1  5.6  7.2-12.5 -1.1 49  0.0                           
10201c111115110047タニノフランケル　　　　　　　　　　 17.4  3.6-12.0-15.0 -8.9 41  0.0                           
10201c111213104803ドゥオーモ　　　　　　　　　　　　　 24.7  4.8-11.0-15.0 -8.5 41  0.0                           
10201c111315104665ジナンボー　　　　　　　　　　　　　  6.2  1.9 15.0 -2.3  4.8 55 15.0  0                        
10201c111416106252ランスオブプラーナ　　　　　　　　　 60.0 10.3-10.5-16.8 -8.9 41  0.0  0                        
10201c120114103084エスティーム　　　　　　　　　　　　 42.2  8.3-10.0-12.5 -7.4 23  0.0                           
10201c120216102005ヒラボクメルロー　　　　　　　　　　  5.2  1.7 16.0 15.0 10.4 40 16.3                           
10201c120315104367ジャディード　　　　　　　　　　　　 27.8  5.7-12.0-12.5 -8.1 22  0.0                           
10201c120414104329メイショウカミシマ　　　　　　　　　  8.1  2.3 12.0 22.5 11.1 41  0.0                           
10201c120514106464テーオーフォルテ　　　　　　　　　　  3.1  1.4 18.3 15.4 11.3 41 13.8                           
10201c120615102790ドリームスピリット　　　　　　　　　 28.9  5.9-10.0  7.5 -1.4 29  0.0                           
10201c120716105210ノーチカルチャート　　　　　　　　　 13.9  3.2  6.6-15.0 -2.1 28  0.0                           
10201c120816106315ギルマ　　　　　　　　　　　　　　　 30.2  6.1-11.0-15.0 -8.5 21  0.0                           
10201c120915104883サニーレイ　　　　　　　　　　　　　 26.9  5.6-10.5-15.0 -8.4 22  0.0                           
10201c121015104186ゼーゲン　　　　　　　　　　　　　　 12.3  2.9-10.0 14.7  0.7 31  0.0  3                        
10201c121114105441サトノシャーク　　　　　　　　　　　  3.9  1.5  7.2 18.8  8.3 38 10.5                           
10201c121214101586シャイニーゲール　　　　　　　　　　  6.6  2.0       9.0  2.7 33 17.5                           
