042154010119103412プラスツー　　　　　　　　　　　　　 37.6  8.3-11.9-10.0 -7.2 -2  0.0                           
042154010219105437カフジペンタゴン　　　　　　　　　　  4.6  1.8 19.3 13.2 10.6 16 14.2                           
042154010319102057ウインタースイート　　　　　　　　　 67.7 14.1-15.0 -3.5 -5.8 -1  0.0                           
042154010419100685レセダ　　　　　　　　　　　　　　　  5.1  1.8 17.4 14.1 10.4 15  7.9                           
042154010519105406カンタルーパ　　　　　　　　　　　　  6.2  2.1  6.5 -2.5  1.0  6  0.0                           
042154010619101970ナムラビバ　　　　　　　　　　　　　 15.2  3.8  2.6 -9.0 -2.5  2  0.0                           
042154010719102554ワンダークレイモア　　　　　　　　　  7.5  2.4 15.5 15.5 10.3 15  0.0                           
042154010819110122ブラヴィーノ　　　　　　　　　　　　  7.2  2.3 11.4  6.3  5.7 11  8.6                           
042154010919101560モステニーレ　　　　　　　　　　　　 30.7  6.9-11.9 -1.4 -4.1  1  0.0                           
042154011019102814シゲルカンガルー　　　　　　　　　　 31.6  7.1-12.3-10.5 -7.5 -3  0.0                           
042154011119106140グラスサーシャ　　　　　　　　　　　 25.3  5.8 -9.1 -1.7 -3.4  2  0.0                           
042154011219101105シンソーブ　　　　　　　　　　　　　 32.0  7.2-11.9-15.4 -9.2 -4  0.0                           
042154011319102159イチゴキネンビ　　　　　　　　　　　  3.8  1.6 12.5  2.3  4.6 10 13.0                           
042154011419104138ユアマイホープ　　　　　　　　　　　 51.1 11.1-13.8-10.8 -8.1 -3  0.0                           
042154020119101428ローズブルーム　　　　　　　　　　　  6.2  2.2 11.5  7.6  6.2 11  0.0                           
042154020219103673バーニングアイズ　　　　　　　　　　 23.9  5.7 -3.3-10.5 -4.8  0  0.0                           
042154020319106709アニーアイル　　　　　　　　　　　　 34.3  7.9-12.1-10.0 -7.3 -2  0.0                           
042154020419101874コズミックフロスト　　　　　　　　　  5.1  1.9 14.2 15.0  9.8 15 15.3                           
042154020519102374スマイルムーン　　　　　　　　　　　  4.0  1.7 13.9 15.5  9.9 15  6.7                           
042154020619102576クリノマジン　　　　　　　　　　　　  4.9  1.8 14.4  4.6  6.0 11  6.9                           
042154020719106362スナノヨウセイ　　　　　　　　　　　 73.9 15.8-11.9 -9.0 -6.9 -2  0.0                           
042154020819109149カシノコマンド　　　　　　　　　　　 11.9  3.2 -0.5-20.0 -7.5 -2  0.0                           
042154020919100213ウインマーベル　　　　　　　　　　　 12.6  3.3  6.8  6.0  4.2  9  0.0                           
042154021019109098ダイヴトゥブルー　　　　　　　　　　 31.4  7.3-12.3-10.5 -7.5 -3  0.0                           
042154021119100742コスモプルエバ　　　　　　　　　　　  7.1  2.4  7.4 25.3 11.5 16  9.1  3                        
042154021219100308シルバーサドル　　　　　　　　　　　 35.8  8.2-11.9-11.8 -7.9 -3  0.0                           
042154021319105739ルナエルモッサ　　　　　　　　　　　  9.0  2.8  8.8-11.5 -1.6  3  9.2                           
042154030119102399テイエムクロマル　　　　　　　　　　 29.1  6.4-12.6-20.0-11.1 -6  0.0                           
042154030219100736マイネルオーサム　　　　　　　　　　 12.4  3.1  6.0  3.8  3.2  8  0.0                           
042154030319102476カシノジュピター　　　　　　　　　　  8.4  2.5  3.2 20.0  8.3 13  7.9                           
042154030419102785ケイティマジック　　　　　　　　　　 23.2  5.2-12.6-20.0-11.1 -6  0.0                           
042154030519106555シズオウ　　　　　　　　　　　　　　 31.8  6.9-11.5-10.0 -7.1 -2  0.0                           
042154030619104770アーブルチム　　　　　　　　　　　　 45.5  9.6-10.2-10.5 -6.9 -2  0.0                           
042154030719104065サイモンハミング　　　　　　　　　　 20.6  4.8  0.1 -2.5 -0.9  4  0.0                           
042154030819106369プレシャスソウル　　　　　　　　　　  8.7  2.6  3.2 13.0  5.7 11  8.6                           
042154030919106229マイムマイム　　　　　　　　　　　　 16.9  4.0 -3.4 -2.9 -2.1  3  0.0                           
042154031019110049ブラカー　　　　　　　　　　　　　　 10.9  2.8  1.5 -3.7 -0.9  4  9.2                           
042154031119102261ナニハサテオキ　　　　　　　　　　　  8.5  2.5  3.6 14.3  6.3 11  0.0                           
042154031219101350シタゴコロ　　　　　　　　　　　　　 13.7  3.4  4.0 14.7  6.6 12  0.0                           
042154031319105339ヴァラダムドラー　　　　　　　　　　  3.3  1.5 13.5 16.0  9.9 15 13.0                           
042154031419102764ララパラプリュイ　　　　　　　　　　  4.9  1.9 10.7  6.0  5.4 10  7.3                           
042154040116109024ナスノコウラン　　　　　　　　　　　 34.8  6.0-11.5 -9.4 -6.9 13  0.0                           
042154040217103084ヨドノドリーム　　　　　　　　　　　 24.2  4.4-12.3-10.5 -7.5 12  0.0                           
042154040318104630リオンドール　　　　　　　　　　　　  4.4  1.4 12.7 16.3  9.8 30  7.5  5                        
042154040418105159クールファイブ　　　　　　　　　　　 21.8  4.0 -6.3 -2.0 -2.6 17  0.0                           
042154040517103008ヤマノマタカ　　　　　　　　　　　　  3.3  1.3 14.9  9.4  7.9 28 14.2                           
042154040618100126クリノクラール　　　　　　　　　　　 15.8  3.1 11.1  6.3  5.6 26  0.0                           
042154040717100360ハーツシンフォニー　　　　　　　　　 20.0  3.8  3.4 -2.0  0.3 20  0.0                           
042154040815106286サダムラピュタ　　　　　　　　　　　  4.7  1.5 14.7 10.5  8.3 28  8.5                           
042154040918104574ローズボウル　　　　　　　　　　　　  2.5  1.2 26.5 17.5 14.4 34 13.0                           
042154050119105921キキノロザリオ　　　　　　　　　　　 48.7 10.6-11.9-13.8 -8.6 -9  0.0                           
042154050219102156プリンアラモード　　　　　　　　　　 48.2 10.5-12.1-10.0 -7.3 -7  0.0                           
042154050319102084ラインアルテア　　　　　　　　　　　 23.3  5.4 -5.8  8.1  1.2  1  0.0                           
042154050419100208ウインチャチャ　　　　　　　　　　　 31.0  7.0 -2.7-10.5 -4.7 -5  0.0                           
042154050519104925フクチャンクイーン　　　　　　　　　  7.2  2.3 12.2  5.6  5.7  6  8.1                           
042154050619101714デルマシルフ　　　　　　　　　　　　 12.1  3.2  2.7-10.5 -3.0 -3  0.0                           
042154050719101952エスリーア　　　　　　　　　　　　　 37.2  8.3 -5.7 -1.8 -2.4 -2  0.0                           
042154050819101464サラフィエル　　　　　　　　　　　　 17.0  4.2  0.7 -2.0 -0.5 -1  0.0                           
042154050919100217ウインオワーズ　　　　　　　　　　　 99.4 20.4-11.5 -6.4 -5.8 -6  0.0                           
042154051019103948ネレイド　　　　　　　　　　　　　　  4.2  1.7  8.4  9.0  5.8  6  0.0                           
042154051119101349ペイシャフラガール　　　　　　　　　 47.4 10.3-11.5 -2.0 -4.2 -4  0.0                           
042154051219104561ダルダヌス　　　　　　　　　　　　　  5.4  1.9 10.0 26.3 12.6 13  7.9  3                        
042154051319103792モンローテソーロ　　　　　　　　　　  4.1  1.7 16.2  6.9  7.4  7 13.0                           
042154051419105557アルドゥエンナ　　　　　　　　　　　 14.7  3.7  3.2 -2.0  0.2  0  0.0                           
042154051519105072ララペティアン　　　　　　　　　　　  7.6  2.4  0.2 12.3  4.6  5  9.1  4                        
042154051619110043バーニーフォールズ　　　　　　　　　 28.2  6.4-10.0 -3.7 -4.4 -4 11.5                           
042154060117105070チャーミングアクト　　　　　　　　　  3.2  1.4 20.8 15.8 12.0 32 13.0                           
042154060217100809デルマサファイア　　　　　　　　　　 38.1  7.5 -9.1-10.0 -6.4 14  0.0                           
042154060318103368メイショウカイト　　　　　　　　　　  8.2  2.3  6.3  6.3  4.2 24  0.0                           
042154060418100601シンシアハート　　　　　　　　　　　 12.3  2.9  6.7 12.0  6.4 26  0.0                           
042154060517104724エヴァジョーネ　　　　　　　　　　　 11.2  2.7  4.4 11.5  5.5 26  0.0                           
042154060618100997エコロマンボ　　　　　　　　　　　　 17.8  3.9 -2.2-12.9 -5.4 15  0.0                           
042154060718102229イマジンヨウコ　　　　　　　　　　　  5.9  1.9 10.7 16.0  9.1 29 15.3                           
042154060818106429ルシャリーブル　　　　　　　　　　　 21.0  4.5 -7.7-10.5 -6.2 14  0.0                           
042154060918106459メイショウデージー　　　　　　　　　 27.1  5.5 -6.0 -2.6 -2.8 17  0.0  5                        
042154061018100562ノーブルハーバー　　　　　　　　　　 24.7  5.1 -6.3 10.8  2.1 22  0.0                           
042154061117103430チェスナットロール　　　　　　　　　 62.6 11.6-11.5-19.1-10.5 10  0.0                           
042154061217105833カテドラルロック　　　　　　　　　　 48.8  9.4-11.9-10.0 -7.2 13  0.0                           
042154061318105340ゴールデンプルーフ　　　　　　　　　  3.6  1.5 18.6 16.6 11.7 32 14.2                           
042154061414101752エナホープ　　　　　　　　　　　　　 19.7  4.2 -2.6-10.5 -4.6 15  0.0                           
042154070118105438ロスコフ　　　　　　　　　　　　　　  3.4  1.3 18.3 24.6 14.5 35 14.2                           
042154070218104111ダノンハイファイブ　　　　　　　　　 25.0  4.7 -7.9-11.0 -6.4 14  0.0                           
042154070317103341アイスヴィスタ　　　　　　　　　　　 23.4  4.4 -8.1-10.5 -6.3 14  0.0                           
042154070416102097メイショウカスガ　　　　　　　　　　 19.3  3.8 -1.3 -1.7 -1.0 19  0.0                           
042154070517106451メイショウカムロ　　　　　　　　　　 12.5  2.7  9.1  6.3  5.0 25  0.0                           
042154070618104874コンソレーション　　　　　　　　　　  3.8  1.4 16.0 18.0 11.4 31 15.3                           
042154070718105469シュルレアリスト　　　　　　　　　　  2.7  1.2 17.0 28.3 15.5 35 13.0                           
042154070818110078アクイール　　　　　　　　　　　　　 22.5  4.3-10.1-10.5 -6.9 13  0.0                           
042154070918105986エイシンリヒト　　　　　　　　　　　  5.8  1.7 17.9 11.5  9.6 30  0.0                           
042154080118101232ヒヤ　　　　　　　　　　　　　　　　 11.0  3.0 10.7 15.5  8.9 29  9.2                           
042154080218106347スリーモーリス　　　　　　　　　　　 20.4  5.0 -7.8 -7.0 -4.9 15  0.0  0                        
042154080317100874ヴァルゴスピカ　　　　　　　　　　　  9.2  2.8 19.0 14.5 11.0 31  0.0                           
042154080417103143グランドストローク　　　　　　　　　  6.6  2.2  6.9  2.5  3.0 23 15.3                           
042154080517104052トレッファー　　　　　　　　　　　　 18.6  4.6 -3.8-10.5 -5.0 15  0.0                           
042154080617104573ミヤコシスター　　　　　　　　　　　 45.6 10.2-12.3-14.1 -8.9 11  0.0  0                        
042154080717105419ミーアシャム　　　　　　　　　　　　 11.9  3.2 -2.0-10.5 -4.4 16 10.3                           
042154080817104870レッドルピナス　　　　　　　　　　　 16.1  4.1  1.0  8.3  3.3 23  0.0                           
042154080917100622ワルツフォーデビー　　　　　　　　　 25.8  6.0-12.3-10.5 -7.5 12  0.0                           
042154081018105214サトノアポロン　　　　　　　　　　　  3.5  1.6 15.3 14.0  9.7 30  6.7                           
042154081117103868スマートルミエール　　　　　　　　　  5.6  2.0 12.7 14.1  9.0 29  6.9                           
042154081218104416クラーロイメル　　　　　　　　　　　 20.4  5.0 -0.8  1.5  0.3 20  0.0                           
042154081318105675トーセンアマンダ　　　　　　　　　　 15.2  3.9 -8.8-13.8 -7.7 12  0.0                           
042154081417101158アイアムイチオシ　　　　　　　　　　  9.0  2.8  6.7  7.3  4.7 25  0.0                           
042154090117105628パリスデージー　　　　　　　　　　　 41.9  9.5-11.9 -8.4 -6.7 13  0.0                           
042154090218105207ヴァンデスプワール　　　　　　　　　 17.3  4.4 -1.4 -2.0 -1.2 19  0.0                           
042154090317105623ルーツドール　　　　　　　　　　　　  4.6  1.8  5.6  9.6  5.2 25 14.2                           
042154090418102158アインゲーブング　　　　　　　　　　  4.3  1.8 14.1 15.0  9.7 30 13.0                           
042154090518102176エレフセリア　　　　　　　　　　　　 30.6  7.1 -9.1  2.4 -1.9 18  0.0                           
042154090617103332ニーニャ　　　　　　　　　　　　　　 30.3  7.1 -7.4  9.3  1.2 21  0.0                           
042154090718100654シーニックウェイ　　　　　　　　　　 12.7  3.4  8.5 -2.5  1.6 22  9.2                           
042154090818104986スクウェアセイル　　　　　　　　　　 62.6 13.5 -5.9 -2.5 -2.7 17  0.0                           
042154090917102893ジューンアクア　　　　　　　　　　　 48.0 10.8-12.3-10.5 -7.5 12  0.0                           
042154091017104824エンジェルサークル　　　　　　　　　  8.2  2.6  2.7 -2.0  0.1 20  0.0                           
042154091118106701ルヴァンノワール　　　　　　　　　　 14.4  3.8 -5.3-10.5 -5.4 15  0.0                           
042154091218106832ブライズルーム　　　　　　　　　　　 34.5  7.9 -6.9-10.0 -5.7 14  0.0                           
042154091316100369マックスブロケイド　　　　　　　　　 60.4 13.1-12.3-10.5 -7.5 12  0.0                           
042154091418100454サンフローリス　　　　　　　　　　　 36.7  8.4 -7.1  0.3 -2.0 18  0.0  5                        
042154091518104711エトワールマタン　　　　　　　　　　 15.1  3.9  9.6-10.0 -0.8 19  0.0                           
042154091618100671フィアスプライド　　　　　　　　　　  6.1  2.1 12.1 40.0 18.3 38  0.0  1  180   50              
042154091718102794レディアリエス　　　　　　　　　　　  6.8  2.3 11.5 10.8  7.4 27  8.5                           
042154100117100969ショウナンバービー　　　　　　　　　 10.7  2.2  5.5 -3.9  0.2 20  0.0                           
042154100215101929キングドンドルマ　　　　　　　　　　 60.2  9.1-15.0 -3.5 -5.8 14  0.0                           
042154100317105100エイリアス　　　　　　　　　　　　　 19.0  3.4  0.0 19.1  7.0 27  9.7  2                        
042154100417103329エンジェルティアラ　　　　　　　　　 39.5  6.3 -9.9-10.0 -6.6 13  0.0                           
042154100517105721クリノアンカーマン　　　　　　　　　 48.5  7.6-15.0  2.1 -3.7 16  0.0                           
042154100618106601テセウス　　　　　　　　　　　　　　 13.6  2.7  3.3 18.3  7.7 28  8.1                           
042154100717105152ラルゲッツァ　　　　　　　　　　　　 25.4  4.3 -1.8  8.3  2.5 23  0.0                           
042154100814104660シシオウ　　　　　　　　　　　　　　 39.6  6.4 -3.9 -2.0 -1.9 18 13.2                           
042154100915103213スズカローレル　　　　　　　　　　　 87.5 12.9 -6.1  0.9 -1.5 18  0.0  5                        
042154101018102691ハクサンタマテバコ　　　　　　　　　  3.0  1.3 21.5  8.1  9.4 29 14.2                           
042154101118101686ウキウキホリデー　　　　　　　　　　 36.6  5.9  0.8 -2.0 -0.5 20  0.0                           
042154101216101650モメチョッタ　　　　　　　　　　　　 37.7  6.1 -5.1 -2.0 -2.3 18  0.0                           
042154101318106605ホーキーポーキー　　　　　　　　　　 13.8  2.7  5.0  5.4  3.5 23  0.0                           
042154101416102216プレミアムコマチ　　　　　　　　　　 45.6  7.2-11.9-20.0-10.9  9  0.0                           
042154101518100729サンライズシューズ　　　　　　　　　 22.2  3.9 -4.2 -2.1 -2.0 18  0.0                           
042154101618104041マウンテンムスメ　　　　　　　　　　  2.5  1.3 18.3 29.9 16.5 36  6.7                           
042154101716100971ルーナセレナータ　　　　　　　　　　 31.0  5.1-13.8-14.6 -9.5 11  0.0  0                        
042154110116104839ブランノワール　　　　　　　　　　　 19.8  4.7 -2.8-10.5 -4.7 40 10.9                           
042154110215104347ルッジェーロ　　　　　　　　　　　　  4.1  1.7 12.0 19.7 10.8 56 14.2                           
042154110317102342スマイルカナ　　　　　　　　　　　　 35.4  7.7 -7.4 -1.4 -2.7 42 12.6                           
042154110416110106ロンドンテソーロ　　　　　　　　　　 44.2  9.4-11.5-11.5 -7.7 37  0.0                           
042154110516104899アクアミラビリス　　　　　　　　　　  6.0  2.0 11.6 15.5  9.2 54  0.0                           
042154110616103730ザイツィンガー　　　　　　　　　　　 16.0  3.9  7.2-10.5 -1.7 43  0.0                           
042154110716103115ヨハン　　　　　　　　　　　　　　　 45.5  9.7-12.3-10.5 -7.5 37  0.0                           
042154110816102073ホープフルサイン　　　　　　　　　　 17.9  4.3 -1.5-10.0 -4.1 41  0.0                           
042154110916101285イベリス　　　　　　　　　　　　　　 15.4  3.8 -0.8  7.9  2.7 48  0.0                           
042154111018105610ダディーズビビッド　　　　　　　　　 16.8  4.1  5.0  9.6  5.0 50  0.0                           
042154111115101028キルロード　　　　　　　　　　　　　  3.8  1.6 14.0 28.0 14.5 59  6.7  2                        
042154111217100437インターミッション　　　　　　　　　 99.6 19.9-11.5 -9.0 -6.8 38  0.0                           
042154111317100600カリオストロ　　　　　　　　　　　　 40.5  8.7-12.3-10.5 -7.5 37  0.0                           
042154111416110013デュープロセス　　　　　　　　　　　 30.5  6.7-10.2-10.5 -6.9 38 12.7                           
042154111517105421ビオグラフィー　　　　　　　　　　　 51.2 10.8 -1.3-10.5 -4.2 41  0.0                           
042154111616101917キタイ　　　　　　　　　　　　　　　 43.0  9.2-11.5-10.0 -7.1 38  0.0                           
042154111716102044アイラブテーラー　　　　　　　　　　 21.6  4.9 -7.9 -2.5 -3.3 42  0.0                           
042154111816104807ドナウデルタ　　　　　　　　　　　　  6.7  2.2 13.1 12.1  8.4 53  0.0  3                        
042154120118102902スギノマジェスティ　　　　　　　　　  5.1  1.6 10.7 14.1  8.4 38  6.9                           
042154120218102574ロードシュトローム　　　　　　　　　  6.7  1.9  9.9 12.3  7.5 37  0.0                           
042154120317101534オーヴァーネクサス　　　　　　　　　 14.0  2.9 12.6  6.3  6.1 36  9.2                           
042154120416105167ゴールドフレーム　　　　　　　　　　 11.4  2.5  2.9  1.6  1.5 31  8.5                           
042154120517103688リリーミニスター　　　　　　　　　　 15.0  3.1  1.7  3.3  1.7 32  0.0                           
042154120617103464テイエムホイッスル　　　　　　　　　 27.6  5.1 -6.5 11.5  2.3 32  0.0                           
042154120718104746セイクリッドゲイズ　　　　　　　　　 11.5  2.5 -2.8-10.5 -4.7 25  9.1                           
042154120817100859ジーマックス　　　　　　　　　　　　 14.9  3.1 -8.8 -2.0 -3.4 27  0.0                           
042154120917102894ルドンカズマ　　　　　　　　　　　　 23.2  4.4-10.1-10.5 -6.9 23  0.0                           
042154121018109080レプンカムイ　　　　　　　　　　　　  2.1  1.2 22.6 21.0 14.5 44 13.0                           
042154121118106244ウエストンバート　　　　　　　　　　 18.5  3.7 12.9  8.3  6.9 37  0.0                           
052144010119106785クリスタルローズ　　　　　　　　　　 17.7  4.1 -1.5  2.4  0.4  5  0.0                           
052144010219102346ムーンワード　　　　　　　　　　　　 37.5  7.7 -3.2  4.8  0.8  6  0.0                           
052144010319102647ナナコロビヤオキ　　　　　　　　　　 46.5  9.4 -8.8  2.0 -1.9  3  0.0  5                        
052144010419109035ブライトデジール　　　　　　　　　　 70.0 13.5-10.2 -9.2 -6.4 -1  0.0                           
052144010519103643ウインイノセンス　　　　　　　　　　 46.6  9.4-12.1-13.7 -8.7 -4  0.0                           
052144010619100463カブラヤジョウ　　　　　　　　　　　  6.2  2.0 10.9 18.7 10.1 15  0.0                           
052144010719103179エイシンルパン　　　　　　　　　　　 28.9  6.1 -8.8-11.9 -7.0 -2  0.0                           
052144010819105992ララランド　　　　　　　　　　　　　  4.8  1.7 13.7 22.2 12.3 17 18.8                           
052144010919103542マイネルシトラス　　　　　　　　　　 17.6  4.0-10.3  5.2 -1.2  4  0.0                           
052144011019105733オオフジ　　　　　　　　　　　　　　 51.0 10.2-12.1-11.0 -7.7 -3  0.0                           
052144011119105170オールフラッグ　　　　　　　　　　　  4.2  1.6 15.1 17.9 11.1 16 17.3                           
052144011219106651アポロリップ　　　　　　　　　　　　  7.5  2.3 14.9 16.9 10.7 16  0.0                           
052144011319100498ニシノフウジン　　　　　　　　　　　 17.1  3.9  2.0  9.2  4.0  9  0.0                           
052144011419101910ヴォルケニック　　　　　　　　　　　  3.2  1.4 19.1 24.4 14.7 20 15.9                           
052144020119104959スピードソルジャー　　　　　　　　　  7.6  2.0 10.7  6.1  5.4 10  0.0                           
052144020219106097ダンディジャック　　　　　　　　　　 20.2  3.8 -0.4 -5.2 -2.0  3  0.0  0                        
052144020319102754ダイゴシンリュウ　　　　　　　　　　 14.3  2.9 -6.7 -3.9 -3.4  2  0.0                           
052144020419105090マイレッドスター　　　　　　　　　　  6.6  1.8  9.9  7.8  5.8 11 18.8                           
052144020519103230ダイメイミライ　　　　　　　　　　　 18.1  3.5  5.0  9.2  4.9 10  0.0                           
052144020619105185スノーグレース　　　　　　　　　　　 12.9  2.7  4.0 16.5  7.3 12  0.0                           
052144020719105529ティーガーデン　　　　　　　　　　　  2.7  1.3 21.2 17.3 12.7 18 15.9C                          
052144020819101410ビュートラン　　　　　　　　　　　　 15.9  3.2 -3.2  5.8  1.2  6  0.0                           
052144020919103540チューウィー　　　　　　　　　　　　 23.6  4.3-11.6 -8.2 -6.5 -1  0.0                           
052144021019101678レッドリベリウス　　　　　　　　　　  3.1  1.3 19.2 16.4 11.8 17 17.3                           
052144021119103647ビッグローズ　　　　　　　　　　　　 61.6  9.9-14.3 -5.5 -6.3 -1  0.0                           
052144030119103637スピードクィーン　　　　　　　　　　 56.8  8.0-12.1-11.6 -7.9 -3  0.0                           
052144030219105482アサヒ　　　　　　　　　　　　　　　  2.0  1.2 22.6 21.9 14.8 20 15.9                           
052144030319102080アドーニス　　　　　　　　　　　　　 28.9  4.5-11.6-10.7 -7.4 -2  0.0                           
052144030419105076フォーグッド　　　　　　　　　　　　  5.5  1.5 14.1 10.5  8.1 13 18.8                           
052144030519100657コンクエスト　　　　　　　　　　　　  7.6  1.8 11.1 15.2  8.9 14  0.0                           
052144030619103586ギャラクシーナイト　　　　　　　　　  3.5  1.3 17.1 19.1 12.1 17  8.6                           
052144030719103244クモリナキマナコ　　　　　　　　　　 15.6  2.8  5.7  7.5  4.5  9 12.3                           
052144030819102628セイウンプラチナ　　　　　　　　　　 12.8  2.4  8.1  4.6  4.1  9  0.0                           
052144030919100009エテルナ　　　　　　　　　　　　　　 15.4  2.8 -3.5  5.8  1.1  6  0.0                           
052144040119102173サノプリ　　　　　　　　　　　　　　 29.9  5.7 -8.4 -5.5 -4.5 -5  0.0                           
052144040219105969モモサン　　　　　　　　　　　　　　 20.5  4.2 -4.8 -2.8 -2.5 -2  0.0                           
052144040319100882ヒナゲシ　　　　　　　　　　　　　　175.1 29.3-12.1 -7.7 -6.5 -6  0.0                           
052144040419102177キュートハイカー　　　　　　　　　　 37.0  6.9 -3.1  8.0  2.0  2  0.0                           
052144040519101843ヤマトカチドキ　　　　　　　　　　　 29.3  5.6  0.3-10.7 -3.8 -4  0.0                           
052144040619102184アシャカシーザ　　　　　　　　　　　 14.3  3.1  3.1  7.1  3.5  4  0.0                           
052144040719103137ロサロッサーナ　　　　　　　　　　　  7.0  2.0  9.7 14.7  8.3  8  9.4                           
052144040819102136ジェイエルジェット　　　　　　　　　175.1 29.3-11.6-12.9 -8.2 -8  0.0                           
052144040919110108ムーディナイル　　　　　　　　　　　  2.8  1.4 22.4 17.5 13.1 13 15.9                           
052144041019103797リュッカクローナ　　　　　　　　　　  7.0  2.0  9.4  7.4  5.5  6 10.1                           
052144041119104633キアナフリューゲル　　　　　　　　　 21.9  4.3  5.3  6.0  3.8  4  0.0                           
052144041219101759ムーヴ　　　　　　　　　　　　　　　 12.3  2.8 -3.7 -2.2 -1.9 -2  0.0                           
052144041319101099ミヤモダイナソー　　　　　　　　　　 37.2  6.9 -6.5-10.0 -5.6 -6  0.0                           
052144041419102253ケイツーリタス　　　　　　　　　　　 67.6 11.7-12.6 -5.9 -5.9 -6  0.0                           
052144041519109099メイリトルラバー　　　　　　　　　　  3.6  1.5 18.5  4.8  7.3  7 17.3                           
052144041619100744サリヴァン　　　　　　　　　　　　　 31.9  6.0-14.3  3.8 -2.9 -3  0.0  0                        
052144050119105499ガーデンアイル　　　　　　　　　　　 17.6  4.4 -2.7  6.0  1.4  1  0.0                           
052144050219106428ペイシャフェリシテ　　　　　　　　　  5.7  2.0 15.5  9.6  8.2  8 18.8                           
052144050319102706レヴァンツォ　　　　　　　　　　　　 88.6 18.9 -5.9 -2.0 -2.5 -3  0.0                           
052144050419101108オプティミストゥ　　　　　　　　　　 15.5  4.0  3.7 -2.2  0.3  0  0.0                           
052144050519100132ペイシャカレン　　　　　　　　　　　 31.2  7.3 -7.3-10.7 -6.1 -6  0.0                           
052144050619103884フォーンリリー　　　　　　　　　　　 43.6  9.9 -2.7-13.6 -5.8 -6  0.0                           
052144050719102783ブリラーノ　　　　　　　　　　　　　118.9 25.2-12.1-10.0 -7.3 -7  0.0                           
052144050819106698バラジ　　　　　　　　　　　　　　　  4.8  1.9 18.0  4.9  7.2  7  8.7                           
052144050919103246ゲンパチレオニダス　　　　　　　　　  7.0  2.3  6.4  6.1  4.2  4 10.1                           
052144051019105341シュホ　　　　　　　　　　　　　　　 21.1  5.2 -5.4-13.1 -6.4 -6  0.0                           
052144051119104824タイニープライド　　　　　　　　　　  4.2  1.7  6.9  9.1  5.4  5  0.0                           
052144051219106891ワンサイドラヴ　　　　　　　　　　　107.0 22.8-10.3-11.9 -7.5 -7  0.0                           
052144051319102042アマゾナイト　　　　　　　　　　　　 77.9 16.7 -8.8-18.6 -9.5 -9  0.0                           
052144051419110112キャンディドライヴ　　　　　　　　　  7.5  2.5 11.8  1.4  4.1  4 10.8A                          
052144051519105024アイスケイブ　　　　　　　　　　　　 22.4  5.4 -6.4 11.1  2.2  2  0.0                           
052144051619110052ウォーカーテソーロ　　　　　　　　　 24.8  5.9 -3.2 -2.0 -1.7 -2  0.0                           
052144051719106615ウイングスオブラヴ　　　　　　　　　  9.4  2.9 12.2  0.1  3.7  4 11.6                           
052144051819106716ヒドゥンキング　　　　　　　　　　　110.9 23.6-14.3-10.4 -8.1 -8  0.0                           
052144060115102857ディナミーデン　　　　　　　　　　　 69.6 12.0-10.2  6.9 -0.5 19  0.0                           
052144060217103070ラグローリア　　　　　　　　　　　　104.6 17.8-12.1-10.0 -7.3 13  0.0                           
052144060318105436ギャリエノワール　　　　　　　　　　  2.3  1.3 23.2 20.1 14.3 34 15.9C                          
052144060416102924ペプチドオリバー　　　　　　　　　　 13.6  3.0  7.1  4.6  3.8 24 11.5                           
052144060518105515パノティア　　　　　　　　　　　　　  7.7  2.1  9.4 11.2  6.9 27 10.1                           
052144060616104330エヌワイパフューム　　　　　　　　　 20.8  4.2-11.6 -2.0 -4.2 16  0.0                           
052144060718101425ジョイライド　　　　　　　　　　　　170.5 28.5-12.1-10.8 -7.6 12  0.0                           
052144060818106440クールマニワ　　　　　　　　　　　　 12.4  2.8  5.7  5.7  3.8 24  0.0                           
052144060918101254スズカビーチ　　　　　　　　　　　　 95.7 16.3-12.6-16.8 -9.9 10  0.0                           
052144061018104783ナリノペッパー　　　　　　　　　　　  6.1  1.8 16.8  4.9  6.8 27  0.0                           
052144061115105145デンセツノマジョ　　　　　　　　　　 17.3  3.6 -1.4  0.5 -0.2 20  0.0                           
052144061218102345サンキューレター　　　　　　　　　　  4.9  1.7 14.2 14.9  9.7 30 17.3 1                         
052144061318100049フクノラプラーニュ　　　　　　　　　 77.8 13.4-11.6-12.3 -8.0 12  0.0  0                        
052144061417100439カイザーソウル　　　　　　　　　　　 42.6  7.8-12.1 -6.8 -6.1 14  0.0                           
052144061518102290ブルーカルセドニー　　　　　　　　　 15.3  3.3  2.4 10.1  4.4 24  0.0  5                        
052144061618101198タイセイアーメット　　　　　　　　　 59.1 10.3-14.3 -7.9 -7.2 13  0.0                           
052144070116100255ウインリベルタ　　　　　　　　　　　  9.0  2.4  9.2  6.0  5.0 25 10.8                           
052144070218104957エクスインパクト　　　　　　　　　　  5.0  1.6 11.8  7.9  6.4 26 18.8                           
052144070317105910エクセレントラン　　　　　　　　　　 17.0  3.5  3.3  7.4  3.7 24  0.0                           
052144070418105123ジェニーアムレット　　　　　　　　　 10.6  2.4 10.6 -0.4  3.0 23  0.0                           
052144070518104110サトノフォーチュン　　　　　　　　　  3.5  1.4 19.6 16.2 11.8 32  0.0                           
052144070618106606ビーマイセルフ　　　　　　　　　　　 20.8  4.2 -8.6  8.4  0.5 20  0.0  5                        
052144070718104732ヒシシュシュ　　　　　　　　　　　　  2.7  1.3 19.3 29.9 16.8 37 15.9                           
052144070816100742ナミブ　　　　　　　　　　　　　　　 23.8  4.6 -8.6-17.5 -9.0 11  0.0  0                        
052144070918101605レナトゥス　　　　　　　　　　　　　 51.7  9.2-10.4 -7.6 -5.9 14  0.0                           
052144071018105477タイフォン　　　　　　　　　　　　　  7.0  2.0  8.6  5.5  4.6 25 10.1                           
052144080114105860モレッキ　　　　　　　　　　　　　　 13.2  2.9 -0.4 -2.0 -0.9 29  0.0                           
052144080215104534スパイスマジック　　　　　　　　　　 58.1 10.2-12.1 -8.1 -6.6 23  0.0                           
052144080316102412ヨンク　　　　　　　　　　　　　　　 26.3  5.1 -8.4-10.1 -6.2 24  0.0                           
052144080417104317ジェロボーム　　　　　　　　　　　　 25.9  5.0 -1.8 -8.2 -3.5 26  0.0                           
052144080518101989ジョディーズマロン　　　　　　　　　 22.7  4.5  0.7-10.1 -3.5 27  0.0                           
052144080617105829マーキュリーセブン　　　　　　　　　 70.5 12.2-11.6-10.0 -7.1 23  0.0                           
052144080716103481ニシノアメイズ　　　　　　　　　　　122.7 20.8-11.6 -7.6 -6.3 24  0.0                           
052144080816104822ボンディマンシュ　　　　　　　　　　 10.8  2.5  8.8 -1.3  2.2 32  0.0                           
052144080918101186マイコレット　　　　　　　　　　　　 48.6  8.9 -5.0-12.3 -6.0 24  0.0                           
052144081018106428タイセイサムソン　　　　　　　　　　  6.0  1.8 17.8 17.9 11.9 42 18.8                           
052144081117105055クレデンザ　　　　　　　　　　　　　 25.7  5.0  3.7  1.3  1.6 32  0.0                           
052144081218104834アリエノール　　　　　　　　　　　　  2.4  1.3 21.6 22.6 14.8 45 15.9                           
052144081315105928ララロワ　　　　　　　　　　　　　　122.7 20.8-11.6-12.6 -8.1 22  0.0                           
052144081418100684クリーンスレイト　　　　　　　　　　  4.6  1.6 17.0 20.3 12.5 43 17.3                           
052144081518106693グランツアーテム　　　　　　　　　　 11.1  2.6  9.4-16.7 -3.3 27  0.0  0                        
052144081617104783ストラテジーマップ　　　　　　　　　 21.7  4.3 -2.2-13.8 -5.7 24  0.0                           
052144090115103807ハルキストン　　　　　　　　　　　　 34.7  6.3-10.0 -8.1 -6.0 24  0.0                           
052144090213103687クラウンディバイダ　　　　　　　　　 30.2  5.6 -0.7-10.0 -3.9 26  0.0                           
052144090315100493キタノテイオウ　　　　　　　　　　　 44.2  7.9-12.1 -9.7 -7.2 23  0.0                           
052144090411101125オジュウチョウサン　　　　　　　　　  3.2  1.4 20.4 18.3 12.8 43  8.6                           
052144090516102442ホッコーメヴィウス　　　　　　　　　  5.4  1.7 12.5 14.1  8.9 39 18.8                           
052144090616106456アースドラゴン　　　　　　　　　　　 50.9  8.9 -8.8-14.9 -8.1 22  0.0                           
052144090713100637ラヴアンドポップ　　　　　　　　　　 14.4  3.0  5.7 11.5  5.9 36 11.6                           
052144090815110032アサクサゲンキ　　　　　　　　　　　  2.9  1.3 19.8 12.2 10.4 40 15.9                           
052144090914109137コウユーヌレエフ　　　　　　　　　　 11.7  2.6  9.0  5.4  4.7 35  0.0                           
052144091013103958シンキングダンサー　　　　　　　　　 14.6  3.1  6.0  8.7  5.0 35  0.0                           
052144091115101212ヒロシゲセブン　　　　　　　　　　　  6.8  1.9 13.4  8.4  7.1 37  0.0                           
052144091216101490マイティウェイ　　　　　　　　　　　 29.7  5.5  8.6-10.7 -1.3 29  0.0                           
052144100115104010フィールザファラオ　　　　　　　　　 12.1  2.8  9.7  7.6  5.7 41  0.0                           
052144100217106572ファイアランス　　　　　　　　　　　  4.2  1.6 16.5 27.3 15.0 50 17.3                           
052144100314101808ホッコーライデン　　　　　　　　　　 45.5  8.7 -3.3-18.6 -7.8 27  0.0                           
052144100417100358サンライズラポール　　　　　　　　　  2.8  1.4 19.6 17.4 12.3 47 15.9                           
052144100516102081オルクリスト　　　　　　　　　　　　 23.4  4.8-10.3 -1.8 -3.8 31  0.0                           
052144100615101257エピックアン　　　　　　　　　　　　  8.3  2.3  8.2  5.4  4.4 39 10.1                           
052144100717102808オレンジペコ　　　　　　　　　　　　 33.2  6.6-12.9 -8.1 -6.8 28  0.0                           
052144100816103768ケイアイビリジアン　　　　　　　　　 33.7  6.6 -4.8 14.1  3.7 39  0.0                           
052144100917104619コウソクスピード　　　　　　　　　　 27.2  5.5 -1.7 -0.2 -0.6 34  0.0                           
052144101018100700スカーレットスカイ　　　　　　　　　 15.0  3.4 -3.9  1.8 -0.5 34 12.2                           
052144101117106018コパノマーキュリー　　　　　　　　　 39.8  7.7 -3.5 -1.4 -1.6 33  0.0                           
052144101216104219シホノフォルテ　　　　　　　　　　　 94.2 16.9-12.9-10.1 -7.6 27  0.0                           
052144101316102082ストームガスト　　　　　　　　　　　  6.5  2.0 13.5  6.4  6.4 41  0.0                           
052144101417105502ファシネートゼット　　　　　　　　　 14.6  3.3  6.3  1.9  2.6 38  0.0                           
052144101517101731ダイシンイナリ　　　　　　　　　　　 23.1  4.8 -6.9 -8.1 -5.0 30  0.0                           
052144101612102503サンタナブルー　　　　　　　　　　　 60.2 11.0-14.3 -9.7 -7.8 27  0.0                           
052144110116100723マイネルサーパス　　　　　　　　　　 72.1 14.7-11.6 -9.9 -7.1 38  0.0                           
052144110217106711パンサラッサ　　　　　　　　　　　　 17.8  4.3 -3.6 -2.8 -2.1 43  0.0  0                        
052144110315105076バレリオ　　　　　　　　　　　　　　 38.7  8.4-10.3  9.2  0.3 45  0.0                           
052144110414103795ワンダープチュック　　　　　　　　　 27.1  6.1 -3.8 -2.4 -2.0 43  0.0                           
052144110517105508ココロノトウダイ　　　　　　　　　　  6.5  2.1 18.7 21.6 13.5 59  9.4                           
052144110616104946シルヴァーソニック　　　　　　　　　 14.2  3.6 -2.5  3.9  0.7 46 11.6                           
052144110717104093ワールドウインズ　　　　　　　　　　 17.5  4.2 -3.8 -6.1 -3.4 42  0.0                           
052144110817100404クラヴァシュドール　　　　　　　　　 12.0  3.1 16.0  4.8  6.6 52 10.8                           
052144110916100763コスモカレンドゥラ　　　　　　　　　 26.3  5.9-11.6 -2.0 -4.2 41  0.0                           
052144111016104634ハーメティキスト　　　　　　　　　　 14.4  3.6  3.3-12.6 -3.6 41  0.0                           
052144111115101654アフリカンゴールド　　　　　　　　　 50.4 10.8-10.0 -5.1 -4.9 40  0.0  0                        
052144111216104672レッドサイオン　　　　　　　　　　　104.0 21.0-12.6-12.6 -8.4 37  0.0                           
052144111315101467ジェネラーレウーノ　　　　　　　　　 34.7  7.6 -3.2  4.1  0.5 46  0.0                           
052144111414106335インビジブルレイズ　　　　　　　　　105.4 21.2-12.9-10.1 -7.6 37  0.0                           
052144111517101201ヤシャマル　　　　　　　　　　　　　  3.4  1.6 16.3 11.0  8.9 54 15.9                           
052144111614100063プレシャスブルー　　　　　　　　　　 23.1  5.3  2.0-13.5 -4.3 41  0.0                           
052144111716105093アトミックフォース　　　　　　　　　  5.0  1.9  9.1 19.0  9.7 55  8.7                           
052144111816104319サトノエルドール　　　　　　　　　　  7.8  2.4 11.2 13.7  8.4 53  0.0                           
052144120116105858チビラーサン　　　　　　　　　　　　 14.6  3.3  2.7 19.6  8.0 38  0.0                           
052144120216103668ヘイワノツカイ　　　　　　　　　　　 15.7  3.5  6.7  8.1  5.0 35  0.0                           
052144120318101067オパールムーン　　　　　　　　　　　  5.5  1.8 15.9 11.8  9.1 39 18.8                           
052144120414104595ブラックジェイド　　　　　　　　　　 43.1  8.3-11.6 -5.9 -5.6 24  0.0                           
052144120515104346エバーミランダ　　　　　　　　　　　 28.4  5.7-11.6-10.1 -7.2 23  0.0                           
052144120617105437グレイトオーサー　　　　　　　　　　  6.1  1.9 11.2 12.0  7.8 38  0.0  3                        
052144120717104994ライクアジュエリー　　　　　　　　　 19.3  4.1 -6.6-10.8 -5.9 24  0.0                           
052144120817105172モーベット　　　　　　　　　　　　　  5.5  1.8 13.2 17.2 10.3 40  8.6A                          
052144120917105546アドマイヤチャチャ　　　　　　　　　 28.4  5.7-11.6-16.8 -9.6 20  0.0                           
052144121018110089リフレイム　　　　　　　　　　　　　 16.3  3.6  1.8 25.2  9.8 40  0.0                           
052144121116102080ショーヒデキラ　　　　　　　　　　　 14.5  3.3  2.1  7.1  3.2 33 10.9                           
052144121218105402イルーシヴパンサー　　　　　　　　　  2.4  1.3 24.7 20.3 14.9 45 15.9                           
092144010119105609ディパッセ　　　　　　　　　　　　　  8.7  2.1 12.0  9.2  7.2 12  0.0                           
092144010219105292ヴァレッタカズマ　　　　　　　　　　  1.9  1.2 21.9 19.8 14.0 19 16.2                           
092144010319101236バルムンク　　　　　　　　　　　　　  4.9  1.5 10.2 16.4  8.7 14  0.0                           
092144010419103732ハクアイボリイ　　　　　　　　　　　 39.1  6.4 -9.2 -9.1 -6.1 -1  0.0                           
092144010519104496ストームゾーン　　　　　　　　　　　  8.7  2.1 10.9 -4.1  2.8  8 20.6  0                        
092144010619109163テイエムキバイモン　　　　　　　　　 37.8  6.2 -9.6 -6.3 -5.4  0  0.0                           
092144010719103407メイショウアジロ　　　　　　　　　　  5.5  1.6 13.1 14.8  9.2 14 13.4                           
092144010819102568マーゴットワーズ　　　　　　　　　　 14.4  2.8  5.7  7.1  4.2  9 23.5                           
092144010919103276オーシンプラス　　　　　　　　　　　 23.7  4.1-11.6-15.5 -8.9 -4  0.0  0                        
092144011019106218プライムアクター　　　　　　　　　　 30.5  5.1 -2.8 -1.9 -1.6  3  0.0                           
092144011119101094タマワープスピード　　　　　　　　　 36.8  6.1-12.8-16.0 -9.5 -4  0.0  0                        
092144020119102651マルヨニキーヤ　　　　　　　　　　　 24.3  5.3 -9.7-12.7 -7.4 -2  0.0                           
092144020219104537カラフルキューブ　　　　　　　　　　  4.2  1.6 15.5 15.4 10.3 15 12.4                           
092144020319102404プリムスフィーリア　　　　　　　　　 50.0 10.3-11.8-14.8 -8.8 -4  0.0  0                        
092144020419101187クリノフラッグ　　　　　　　　　　　 29.8  6.4-11.6 -9.1 -7.0 -2  0.0                           
092144020519106574ベルマーレミノル　　　　　　　　　　  6.6  2.1 17.3 10.3  9.4 14 22.1                           
092144020619103769ミーナティエルナ　　　　　　　　　　 18.9  4.4  0.5  0.0  0.2  5  0.0                           
092144020719100635ラニカイ　　　　　　　　　　　　　　  3.4  1.5 14.3 22.4 12.0 17  0.0  1  180   58              
092144020819104535スピンオフ　　　　　　　　　　　　　  6.0  2.0  4.3  8.8  4.2  9  0.0                           
092144020919101000コパノリンダ　　　　　　　　　　　　  7.7  2.3 11.1 15.3  8.7 14 23.5                           
092144021019105013トーアレインボー　　　　　　　　　　  4.9  1.7 10.9 17.3  9.2 14 19.1  4                        
092144021119103287マーブルケイケー　　　　　　　　　　 20.7  4.7 -4.8 -4.8 -3.2  2  0.0                           
092144030119105139スコールユニバンス　　　　　　　　　  6.6  2.0  9.2 13.1  7.3 12 20.6                           
092144030219102496スズノマーベリック　　　　　　　　　  5.8  1.9 10.8 20.8 10.2 15 13.4  1  150   50              
092144030319105402アルファカリーナ　　　　　　　　　　  7.6  2.2  2.0  9.2  3.5  8  0.0                           
092144030419103776モズタンジロウ　　　　　　　　　　　  6.6  2.0  4.6 15.3  6.3 11  0.0  5                        
092144030519105253フォアランナー　　　　　　　　　　　  4.2  1.6 14.7 18.1 10.8 16 17.7  3                        
092144030619104112メイショウウネビ　　　　　　　　　　 21.9  4.6 -6.7-17.1 -7.6 -3  0.0                           
092144030719104050グリーンバローズ　　　　　　　　　　  2.9  1.4 21.0 19.5 13.6 19 16.2                           
092144030819105970スリードレフォン　　　　　　　　　　 21.0  4.5 -3.2-20.0 -7.2 -2  0.0                           
092144030919104820デルマローレライ　　　　　　　　　　 10.6  2.6  5.0  9.0  4.5 10  0.0                           
092144040119104122テンダーメモリー　　　　　　　　　　 20.8  4.6 -9.1 -9.8 -6.3 -6  0.0                           
092144040219102865ヴェクトライズ　　　　　　　　　　　  7.3  2.2 15.1  9.8  8.5  8  0.0                           
092144040319105656カフジオクタゴン　　　　　　　　　　  4.4  1.6 13.3 15.5  9.5 10 17.7                           
092144040419106802クラッシュタイム　　　　　　　　　　  2.9  1.4 18.0 16.5 11.6 12 16.2                           
092144040519106577コルトレーン　　　　　　　　　　　　 21.6  4.6 -7.6 -2.0 -3.4 -3  0.0                           
092144040619100545アルムレジリエンス　　　　　　　　　 39.4  7.9-11.8-10.2 -7.4 -7  0.0                           
092144040719105011トーアマサムネ　　　　　　　　　　　 28.7  5.9-10.3 -5.4 -5.4 -5  0.0                           
092144040819102852サウンドグランツ　　　　　　　　　　 28.0  5.8 -6.5  5.0 -0.9 -1  0.0  2                        
092144040919102488キューバンピート　　　　　　　　　　 14.8  3.4  5.3 -2.8  1.1  1  0.0                           
092144041019100546タガノカンデラ　　　　　　　　　　　 35.5  7.2 -7.6-16.1 -7.6 -8  0.0  0                        
092144041119106929デリカダ　　　　　　　　　　　　　　  5.7  1.9  9.0 17.6  8.6  9 14.4                           
092144041219104268クリノヴィーナス　　　　　　　　　　  5.0  1.7 14.0 15.4  9.8 10 19.1                           
092144050119104836ウィングローリー　　　　　　　　　　  6.6  2.0  9.6  1.8  4.1  4  0.0                           
092144050219101185サザンステート　　　　　　　　　　　 26.3  5.4 -5.3 -5.8 -3.7 -4  0.0  5                        
092144050319104847ゴーハッピーゴー　　　　　　　　　　 34.6  6.9 -9.6 16.3  1.4  1  0.0                           
092144050419101860スピリットワールド　　　　　　　　　  5.3  1.8 13.7 15.7  9.7 10 12.4                           
092144050519104741クロステック　　　　　　　　　　　　  9.3  2.5  4.7 19.7  7.6  8 20.6                           
092144050619106670セルバーグ　　　　　　　　　　　　　 29.5  5.9 -4.0 -6.2 -3.3 -3  0.0  5                        
092144050719100580リリーラッシャー　　　　　　　　　　 48.1  9.3 -8.4-12.2 -6.7 -7  0.0                           
092144050819106366レイビル　　　　　　　　　　　　　　 14.2  3.3  6.4  4.1  3.6  4  0.0                           
092144050919103608リアルグローリー　　　　　　　　　　 14.1  3.2  0.8 -9.8 -2.6 -3 22.1                           
092144051019103635ドゥラッツォ　　　　　　　　　　　　 37.5  7.4-11.8-16.3 -9.2 -9  0.0  0                        
092144051119105230ポーカー　　　　　　　　　　　　　　 16.1  3.6  3.1  0.3  1.2  1  0.0                           
092144051219105500サトノドルチェ　　　　　　　　　　　  2.5  1.3 19.2 14.9 11.5 12 16.2                           
092144051319101984ショウナンナージャ　　　　　　　　　 14.2  3.2  0.5 13.7  4.3  4  0.0                           
092144051419106647ハイグッドエース　　　　　　　　　　 43.1  8.4 -7.2  9.2  0.1  0  0.0                           
092144051519103626メイショウイタマエ　　　　　　　　　 35.5  7.0-11.8-14.8 -8.8 -9  0.0  0                        
092144051619105247ロカビリークイッフ　　　　　　　　　 45.3  8.8-12.8-12.0 -8.3 -8  0.0                           
092144060118105251グロリアムンディ　　　　　　　　　　  3.4  1.2 17.6 18.4 12.0 32 17.7                           
092144060218104669ダノンドリーマー　　　　　　　　　　  3.4  1.2 15.2 11.9  9.1 29 19.1                           
092144060318102227アナゴサン　　　　　　　　　　　　　 19.8  3.6  4.5-16.0 -3.2 17 18.5  0                        
092144060418104160ニホンピロタイズ　　　　　　　　　　  8.7  2.1  7.4  9.8  5.7 26  0.0                           
092144060517104917キングオブドラゴン　　　　　　　　　 17.3  3.3  2.5 11.1  4.2 24  0.0                           
092144060618105304グッドインパクト　　　　　　　　　　 18.4  3.4-11.6-15.5 -8.9 11  0.0  0                        
092144060718104915ディクテイター　　　　　　　　　　　 14.3  2.8 -1.8 -1.1 -1.0 19  0.0                           
092144060818104947ディヴィーナ　　　　　　　　　　　　  2.3  1.2 24.4 25.6 16.6 37 16.2                           
092144070118102087クインズバジル　　　　　　　　　　　  4.4  1.6 10.2 19.1  9.5 39 19.1                           
092144070217101367ゼンノジャスタ　　　　　　　　　　　  3.4  1.4 18.4 23.3 13.7 44 16.2                           
092144070317103285アースライザー　　　　　　　　　　　 18.6  4.1 -4.0-17.3 -6.7 23  0.0  0                        
092144070416104724アドマイヤビーナス　　　　　　　　　  7.2  2.1 12.4  7.6  6.8 37 15.4                           
092144070517106409メイショウシャガ　　　　　　　　　　 24.6  5.2 -6.9-11.4 -5.9 24  0.0                           
092144070618110076ヴォワドアンジェ　　　　　　　　　　  3.6  1.5 18.8 16.1 11.7 42 17.7                           
092144070715101581クリノカポネ　　　　　　　　　　　　 28.7  5.9 -8.8 -2.9 -4.1 26  0.0                           
092144070814100750マイネルブロッケン　　　　　　　　　 26.1  5.4-11.6 -5.6 -5.9 24  0.0                           
092144070917104889マカオンブラン　　　　　　　　　　　 11.2  2.7  6.6 -3.1  1.5 31  0.0                           
092144071014105439ダイワドノヴァン　　　　　　　　　　  5.8  1.9  8.7  9.1  5.9 36  0.0                           
092144080118102372ランドボルケーノ　　　　　　　　　　  7.9  2.5 11.7 -4.0  3.1 33 22.1  0                        
092144080215104860スラッシュメタル　　　　　　　　　　 17.9  4.4-11.6 -5.2 -5.8 24 29.4                           
092144080317103276タケルラスティ　　　　　　　　　　　 11.5  3.1  4.4 12.1  5.2 35  0.0                           
092144080416104852マハーラーニー　　　　　　　　　　　 81.1 17.1-11.3-10.6 -7.3 23  0.0                           
092144080516110085タイミングナウ　　　　　　　　　　　 16.3  4.1  4.4  2.9  2.5 32  0.0                           
092144080618103920ノックオンウッド　　　　　　　　　　  6.1  2.1  5.2 16.8  6.9 37  0.0                           
092144080718102716プロバーティオ　　　　　　　　　　　  6.2  2.1  2.5  3.2  1.9 32 13.4                           
092144080816105069スペースクラフト　　　　　　　　　　 17.5  4.4  2.7 13.0  4.9 35  0.0  5                        
092144080918104251コパノジャンピング　　　　　　　　　 39.3  8.8-11.6-12.7 -8.1 22  0.0                           
092144081018105942エイシンディーデイ　　　　　　　　　  3.3  1.6 16.7 23.9 13.3 43  0.0                           
092144081117110172ハリーバローズ　　　　　　　　　　　 11.4  3.1 -2.3 -0.9 -1.1 29  0.0                           
092144081216106585テーオーポシブル　　　　　　　　　　 18.9  4.7  1.3  7.6  2.8 33 30.9                           
092144081317109088シュアゲイト　　　　　　　　　　　　 42.4  9.5-11.6-11.0 -7.6 22  0.0  0                        
092144081416103046ルモンド　　　　　　　　　　　　　　  7.3  2.4 12.5 11.7  8.1 38  0.0                           
092144090119104361テーオースパロー　　　　　　　　　　  4.3  2.2 12.8 17.7 10.0 55 19.1                           
092144090219104697ショウナンマッハ　　　　　　　　　　  5.5  2.7  9.8  7.8  5.9 51 15.4                           
092144090319100153カワキタレブリー　　　　　　　　　　  6.5  3.1 -2.7 -3.2 -2.0 43  0.0                           
092144090419106870カジュフェイス　　　　　　　　　　　  3.3  1.7 15.6 32.5 15.5 60 17.7                           
092144090519110077モンゴリアンキング　　　　　　　　　  3.1  1.7 17.1  5.5  7.9 53 16.2 1                         
092144090619110107ジャスパークローネ　　　　　　　　　  5.0  2.5 12.1-12.2  0.8 46  0.0                           
092144100117102294イズジョーノキセキ　　　　　　　　　  6.0  1.9 12.2 16.3  9.4 44 13.4  5                        
092144100216100746マイネルミュトス　　　　　　　　　　 15.1  3.5 -9.3 -6.6 -5.4 30  0.0                           
092144100317105600ラヴユーライヴ　　　　　　　　　　　  7.7  2.3 12.9 20.8 11.0 46  0.0                           
092144100418101189テーオーラフィット　　　　　　　　　 12.3  3.0  6.4  0.5  2.5 37 22.1                           
092144100515106174シャフトオブライト　　　　　　　　　 43.4  8.8 -8.1-17.3 -8.2 27  0.0  0                        
092144100617103441パラスアテナ　　　　　　　　　　　　 14.9  3.5  1.3  1.7  1.0 36  0.0                           
092144100713101965オンザロックス　　　　　　　　　　　 71.5 13.7-11.6-12.2 -7.9 27  0.0                           
092144100818101943タガノパッション　　　　　　　　　　  5.7  1.9 15.1 13.6  9.6 45 17.7                           
092144100918105081ジェラルディーナ　　　　　　　　　　  2.7  1.4 21.9 28.2 16.5 51 16.2                           
092144101017105517ルリアン　　　　　　　　　　　　　　 16.0  3.7  2.9 -0.4  0.9 36  0.0                           
092144101116104773ティグラーシャ　　　　　　　　　　　 34.1  7.0-10.3-12.6 -7.6 27  0.0                           
092144101217101829レザネフォール　　　　　　　　　　　 15.2  3.6-12.2-10.6 -7.7 27  0.0                           
092144101316110024ヒーリングマインド　　　　　　　　　 79.5 15.1-11.6-10.2 -7.3 28  0.0                           
092144101417105348ショウリュウハル　　　　　　　　　　 16.1  3.7 -4.5-11.3 -5.0 30  0.0                           
092144101515104209デクレアラー　　　　　　　　　　　　 99.5 18.8-10.0-10.2 -6.7 28  0.0                           
092144110118105269スルーセブンシーズ　　　　　　　　　 25.7  4.6  5.2  7.9  4.3 64  0.0                           
092144110218105554ステラリア　　　　　　　　　　　　　 23.3  4.2 -7.6-14.1 -7.0 53  0.0                           
092144110318105830クールキャット　　　　　　　　　　　 39.6  6.7 -8.3-11.9 -6.6 53  0.0                           
092144110418105233ソダシ　　　　　　　　　　　　　　　  1.9  1.2 21.1 21.5 14.2 74 16.2                           
092144110518105909エイシンヒテン　　　　　　　　　　　 71.4 11.3 -6.3-13.8 -6.4 54  0.0  0                        
092144110618100487スライリー　　　　　　　　　　　　　141.1 21.7-12.1 -1.4 -4.9 55  0.0                           
092144110718105285サルファーコスモス　　　　　　　　　 23.4  4.2 -3.2 -4.9 -2.6 57  0.0                           
092144110818104659エンスージアズム　　　　　　　　　　 82.3 12.9-11.8-10.2 -7.4 53  0.0                           
092144110918105020アンドヴァラナウト　　　　　　　　　  7.2  1.9 11.7 11.6  7.8 68 13.4                           
092144111018104922アールドヴィーヴル　　　　　　　　　 20.5  3.9  3.6  4.4  2.6 63  0.0                           
092144111118102167ユーバーレーベン　　　　　　　　　　 13.6  2.8  6.7 15.8  7.2 67 21.6                           
092144111218104903アカイトリノムスメ　　　　　　　　　  7.4  1.9 11.3 18.3  9.6 70  0.0                           
092144111318105824ホウオウイクセル　　　　　　　　　　122.5 18.9-11.4-13.9 -8.4 52  0.0                           
092144111418105181ファインルージュ　　　　　　　　　　  5.8  1.7 18.8 25.2 14.5 74  0.0                           
092144111518104914アナザーリリック　　　　　　　　　　 30.4  5.3 -8.5 -2.0 -3.7 56 28.8                           
092144111618105286ミスフィガロ　　　　　　　　　　　　 35.0  6.0-10.6-13.5 -7.9 52  0.0                           
092144120117100992サンライズシェリー　　　　　　　　　 26.3  5.9 -1.8 -6.5 -2.6 32  0.0                           
092144120217104175キタノオクトパス　　　　　　　　　　 63.1 13.0-11.3 -4.6 -5.5 29  0.0                           
092144120318104876ユアヒストリー　　　　　　　　　　　  7.7  2.4 14.7  9.8  8.3 43 20.6                           
092144120417106376メイショウドヒョウ　　　　　　　　　  8.3  2.6  8.1 -1.9  2.4 37 15.4                           
092144120517110069アンセッドヴァウ　　　　　　　　　　 14.6  3.6 -0.3 -3.9 -1.3 34  0.0                           
092144120614106120エクレアスパークル　　　　　　　　　 15.0  3.7  1.2 -0.9  0.2 35  0.0                           
092144120716104966レトロフィット　　　　　　　　　　　 56.6 11.7-11.3-10.6 -7.3 28  0.0                           
092144120816104760シハーブ　　　　　　　　　　　　　　  3.1  1.5 15.5 17.4 10.9 46 16.2                           
092144120917106568ロワマージュ　　　　　　　　　　　　 13.7  3.5 -6.2 -3.6 -3.4 32  0.0                           
092144121017106704ミステリオーソ　　　　　　　　　　　  7.4  2.4  5.5 -3.5  1.0 36  0.0  5                        
092144121116103983サンレイファイト　　　　　　　　　　 29.8  6.6-11.6-10.2 -7.3 28  0.0                           
092144121215104887ナンヨープランタン　　　　　　　　　  5.8  2.0 10.0 10.0  6.7 42 17.7  2                        
092144121317105293ヴァーダイト　　　　　　　　　　　　 15.9  3.9 -0.2 -3.0 -1.0 34  0.0                           
092144121418104527タイセイアゲイン　　　　　　　　　　 16.7  4.1 -1.8  4.4  0.7 36  0.0                           
092144121514102628ローレルリーベ　　　　　　　　　　　 51.7 11.0-11.3-10.6 -7.3 28  0.0                           
092144121615101377サンライズセナ　　　　　　　　　　　 63.1 13.0-11.6-12.2 -7.9 27  0.0                           
