012324010121105370キャプテンシー　　　　　　　　　　　  2.0  1.2 23.4 20.6 14.6 20 15.8                           
012324010221101376リート　　　　　　　　　　　　　　　  7.5  2.0 14.1 17.5 10.6 16  0.0                           
012324010321107204アオイエクラタン　　　　　　　　　　 35.4  6.3-12.7-10.3 -7.6 -3  0.0                           
012324010421101598アンクルクロス　　　　　　　　　　　 22.1  4.2 -4.0-20.0 -8.5 -4  0.0  0                        
012324010521103823オーケーソニック　　　　　　　　　　 33.4  5.9-12.7-10.7 -7.7 -3  0.0                           
012324010621101437ベストベルシック　　　　　　　　　　 12.4  2.7 -1.5  3.1  0.7  6 23.0                           
012324010721105711ズバットマサムネ　　　　　　　　　　  6.9  1.9  5.6  6.1  3.9  9 18.7                           
012324010821105646タイセイレスポンス　　　　　　　　　  5.9  1.8 10.2  3.0  4.2  9  0.0                           
012324010921101173ポケットマネー　　　　　　　　　　　 14.6  3.0 -0.6  0.5  0.0  5  0.0                           
012324011021100141メイオウ　　　　　　　　　　　　　　 25.3  4.7 -6.3-10.7 -5.8 -1  0.0                           
012324011121101042ショウナンマントル　　　　　　　　　  8.9  2.3  8.1  9.6  5.9 11  0.0                           
012324020120103452ラリーレイド　　　　　　　　　　　　  5.9  2.0  8.2 28.0 12.7 18 20.2                           
012324020220100638キャッチクライ　　　　　　　　　　　 29.9  6.5-10.4-15.9 -8.9 -4  0.0                           
012324020320102728ポルトドール　　　　　　　　　　　　  6.8  2.2 -0.1 14.3  5.2 10  0.0                           
012324020420106361ニシノレールガン　　　　　　　　　　 34.4  7.4 -8.3-20.0 -9.8 -5  0.0                           
012324020520101564テルテ　　　　　　　　　　　　　　　 39.5  8.4-12.4-10.3 -7.5 -2  0.0                           
012324020620105055ドナルビー　　　　　　　　　　　　　  3.4  1.5 18.8 11.7  9.9 15 15.8                           
012324020720100401テイエムルンバ　　　　　　　　　　　  4.6  1.7 16.6 17.1 11.3 16 17.3                           
012324020820101201ヴァルカン　　　　　　　　　　　　　 14.0  3.5  0.2  0.3  0.2  5  0.0                           
012324020920103617レディエンフェイス　　　　　　　　　  5.0  1.8 16.6 29.1 15.6 21  0.0  3                        
012324021020105310イースターエッグ　　　　　　　　　　 15.0  3.7  3.4 -1.5  0.5  5  0.0                           
012324021120102908ステラヴェスパー　　　　　　　　　　 18.3  4.3 -6.2 -3.6 -3.2  2  0.0                           
012324021220100897ルソレイユ　　　　　　　　　　　　　 19.4  4.5  0.8 -7.0 -2.3  3  0.0                           
012324030120104727ミスティックパワー　　　　　　　　　  6.3  2.2 11.7 11.2  7.6 13  0.0                           
012324030220104597ショウナンアビアス　　　　　　　　　  6.5  2.2  1.2 11.5  4.6 10  0.0                           
012324030320102793ルーラーリッチ　　　　　　　　　　　  5.2  2.0 15.8 23.9 13.5 19 17.3  1  121   57              
012324030420110149グリーンオパール　　　　　　　　　　 27.7  6.6-12.7 14.3  1.4  6  0.0                           
012324030520110113デフィレデモード　　　　　　　　　　 36.1  8.4-12.7-10.7 -7.7 -3  0.0                           
012324030620104518オボッチャマ　　　　　　　　　　　　  8.3  2.7  9.8 30.5 14.1 19 24.5                           
012324030720102104デルマコテナゲ　　　　　　　　　　　  7.1  2.4  8.0  2.0  3.1  8  0.0  0                        
012324030820110093ドナスウェット　　　　　　　　　　　 26.4  6.3-12.3-11.0 -7.7 -3  0.0                           
012324030920106754ブリリオ　　　　　　　　　　　　　　 21.7  5.3 -0.7 -2.2 -1.0  4  0.0                           
012324031020103414ムジェロ　　　　　　　　　　　　　　  4.1  1.7 18.6 22.5 13.8 19 15.8  1  214   80              
012324031120105888イナホ　　　　　　　　　　　　　　　 31.6  7.4 -5.1 -6.4 -3.9  1  0.0                           
012324031220104937ヴォアプレット　　　　　　　　　　　 20.6  5.1-10.3-16.5 -9.1 -4  0.0  0                        
012324031320100060オセアバトルプラン　　　　　　　　　  7.2  2.4  9.8  6.4  5.3 10  0.0                           
012324040120105216ウインユアソング　　　　　　　　　　 19.5  4.5 -0.5  2.7  0.8  6  0.0                           
012324040220102864サングラデーション　　　　　　　　　  3.3  1.5 25.7 15.7 13.5 18 15.8                           
012324040320100495ドラゴンヘッド　　　　　　　　　　　  4.7  1.7 11.2 12.0  7.8 13  0.0                           
012324040420104829オールアイズオン　　　　　　　　　　  4.4  1.6 20.5 16.0 12.0 17 17.3                           
012324040520103114ルージュメイベル　　　　　　　　　　 32.4  6.9-10.5 -2.4 -4.0  1  0.0  0                        
012324040620104328パープルアドミラル　　　　　　　　　 35.6  7.5-13.4-10.7 -7.9 -3  0.0                           
012324040720103104リスノワール　　　　　　　　　　　　 26.7  5.8  0.7  0.5  0.4  5  0.0                           
012324040820105807ヤマブキ　　　　　　　　　　　　　　 41.5  8.7-10.3-10.7 -7.0 -2  0.0                           
012324040920100109ヒラトミッチー　　　　　　　　　　　 17.7  4.1 -7.8 -4.0 -3.8  1  0.0                           
012324041020103321カナオールウェイズ　　　　　　　　　  7.6  2.3 10.3 11.9  7.5 12  0.0                           
012324041120101040スズカマリー　　　　　　　　　　　　 45.4  9.4-10.4-13.9 -8.2 -3  0.0  0                        
012324041220104204サンセットベリー　　　　　　　　　　 50.0 10.3-12.7-10.7 -7.7 -3  0.0                           
012324041320103945ヴェルミセル　　　　　　　　　　　　  7.0  2.2  9.3  8.5  5.9 11 20.2                           
012324041420103523アッシュフォード　　　　　　　　　　 13.7  3.3  4.4  0.3  1.4  6  0.0                           
012324050121105813ロールオブアームズ　　　　　　　　　  7.3  2.0  4.7 12.4  6.0  6  0.0                           
012324050221104860ウールデュボヌール　　　　　　　　　  2.9  1.4 24.6 26.5 17.1 17 15.8                           
012324050321104978マルカオペラ　　　　　　　　　　　　 15.7  3.3-14.9 -5.0 -6.3 -6  0.0                           
012324050421106211ウインマクシマム　　　　　　　　　　  3.3  1.4 22.4 15.6 12.4 12 17.3                           
012324050521105155パンジャ　　　　　　　　　　　　　　  6.0  1.8  9.5  9.2  6.2  6  0.0                           
012324050621101453サトノオラシオン　　　　　　　　　　  6.2  1.8 12.5 10.1  7.5  7 20.2                           
012324050721106378キングスクラウン　　　　　　　　　　 24.4  4.7-14.9-10.7 -8.4 -8  0.0                           
012324050821107239シュレディンガー　　　　　　　　　　 21.0  4.2-10.3-10.3 -6.9 -7  0.0                           
012324050921104158センチュリボンド　　　　　　　　　　  8.2  2.2  3.3  8.2  4.0  4  0.0                           
012324060119106060ラピドゥス　　　　　　　　　　　　　 27.2  5.2 -5.8-10.3 -5.5 14  0.0                           
012324060219100577アンノウンウォリア　　　　　　　　　  7.2  2.0 11.2 12.0  7.8 28 20.2                           
012324060319103309カフェカルマ　　　　　　　　　　　　  6.8  2.0 14.6 29.2 15.1 35  0.0                           
012324060420103318コルサファターレ　　　　　　　　　　  2.5  1.3 21.7 40.0 21.2 41 15.8                           
012324060517105117クロスザルビコン　　　　　　　　　　  4.5  1.6 11.1  3.4  4.6 25 17.3                           
012324060619104712フロンタルジェダイ　　　　　　　　　  9.4  2.5 11.8  9.4  7.0 27  0.0                           
012324060720102810デルマアビセタオシ　　　　　　　　　 32.3  6.1-12.7 -6.6 -6.2 14  0.0                           
012324060820102559ナチュラルリバー　　　　　　　　　　  7.6  2.1 13.4 10.6  7.9 28  0.0                           
012324060920101677エーティータキオン　　　　　　　　　 39.1  7.3-12.7-10.3 -7.6 12  0.0                           
012324061018104348ジョリーブレス　　　　　　　　　　　 45.8  8.4-10.3-10.3 -6.9 13  0.0                           
012324061118105256サトノバトラー　　　　　　　　　　　 16.0  3.4  7.2  2.2  3.0 23  0.0                           
012324061218103437ミルトボス　　　　　　　　　　　　　 26.5  5.1-12.7-11.3 -8.0 12  0.0                           
012324070120105789ヴァイルマティ　　　　　　　　　　　  3.4  1.6 15.0 21.1 12.2 32 15.8                           
012324070220105185ウインレイアー　　　　　　　　　　　 15.9  3.9 -0.5  0.3  0.0 20  0.0                           
012324070320103309ビップクロエ　　　　　　　　　　　　 41.2  8.9-12.7-10.3 -7.6 12  0.0                           
012324070420105615マスキュリン　　　　　　　　　　　　  7.7  2.4 14.2  3.3  5.5 25 18.7                           
012324070520101143イージーオンミー　　　　　　　　　　 12.5  3.2 -0.6  7.9  2.7 23  0.0                           
012324070620102680エールミネルヴァ　　　　　　　　　　 16.6  4.0 -6.0-10.3 -5.6 14  0.0                           
012324070720105797アンノウンレディ　　　　　　　　　　  8.0  2.5 10.8 10.0  6.9 27  0.0  5                        
012324070820103955ルーチェロッサ　　　　　　　　　　　 12.0  3.1 -5.4  1.9 -0.9 19  0.0                           
012324070920103255トゥーテイルズ　　　　　　　　　　　 28.9  6.5 -4.5-15.0 -6.8 13  0.0  0                        
012324071020102831ワレハウミノコ　　　　　　　　　　　 52.6 11.2-12.3-10.3 -7.5 13  0.0                           
012324071119101645ユイ　　　　　　　　　　　　　　　　 16.1  4.0 -0.5  0.7  0.1 20  0.0                           
012324071220105721ポーレット　　　　　　　　　　　　　 13.8  3.5  0.9  7.5  3.0 23  0.0                           
012324071320105648メランポジューム　　　　　　　　　　  5.0  1.9 14.4  9.0  7.6 28 17.3                           
012324071418104730シャドウエリス　　　　　　　　　　　 37.7  8.2-12.7-10.7 -7.7 12  0.0                           
012324071519104551ポルテーニャ　　　　　　　　　　　　 27.8  6.2 -9.9  1.1 -2.6 17  0.0                           
012324071619102559クインズステラ　　　　　　　　　　　 37.4  8.2-12.3-10.7 -7.6 12  0.0                           
012324080121102868モズミギカタアガリ　　　　　　　　　 11.2  2.4  6.4  6.0  4.1 49  0.0                           
012324080221100527タヤスロンドン　　　　　　　　　　　 19.8  3.8 -2.9  5.4  1.1 46  0.0                           
012324080321105127テラメリタ　　　　　　　　　　　　　  2.9  1.3 21.7 24.2 15.4 60 15.8                           
012324080421105509ノヴァエクスプレス　　　　　　　　　  2.9  1.3 18.8 17.8 12.2 57 17.3                           
012324080521102296オオイチョウ　　　　　　　　　　　　 25.9  4.7 -2.7 -2.0 -1.5 43  0.0                           
012324080621100210ドナベティ　　　　　　　　　　　　　  5.0  1.6 15.5 15.7 10.4 55 20.2                           
012324080721102388カイコウ　　　　　　　　　　　　　　 19.1  3.7 -3.4-10.0 -4.7 40  0.0                           
012324080821102653コスモディナー　　　　　　　　　　　  4.7  1.5 12.5  4.7  5.5 50  0.0                           
012324080921100444エイシンジョルト　　　　　　　　　　 35.6  6.2-12.4-10.0 -7.4 38  0.0                           
012324090120104793サンライズグルーヴ　　　　　　　　　  3.2  1.5 20.4 20.6 13.7 44  0.0                           
012324090217103886ラキ　　　　　　　　　　　　　　　　 43.2  8.7-11.7-14.3 -8.8 21  0.0                           
012324090318103473サヴァビアン　　　　　　　　　　　　 10.7  2.7  9.5  7.4  5.6 36  0.0                           
012324090416100201キョウワウォール　　　　　　　　　　 32.0  6.6 -8.0 -2.0 -3.1 27  0.0                           
012324090518106610ビヨンドザシーン　　　　　　　　　　 32.7  6.8 -8.4  0.5 -2.3 28  0.0                           
012324090618103195ハイラブハンター　　　　　　　　　　 38.3  7.8 -8.4-13.9 -7.6 22  0.0  0                        
012324090720103070ミラクルティアラ　　　　　　　　　　  4.2  1.6 19.4 23.4 14.4 44 17.3                           
012324090818100247テンウォークライ　　　　　　　　　　 18.9  4.3-10.3-10.7 -7.0 23  0.0                           
012324090919106364シュガーコルト　　　　　　　　　　　 20.7  4.6 -4.3 -5.0 -3.1 27  0.0                           
012324091019101778スマートムーラン　　　　　　　　　　  5.7  1.9 12.5  9.6  7.3 37  0.0                           
012324091114106286デストロイ　　　　　　　　　　　　　 63.0 12.1-12.7 -5.1 -5.7 24  0.0                           
012324091220106779ニットウライジン　　　　　　　　　　  5.8  1.9 18.2 12.7 10.1 40 20.2                           
012324091319105025マテンロウアイ　　　　　　　　　　　 11.9  2.9 -2.2  2.4  0.2 30  0.0                           
012324091418104365マイグレーション　　　　　　　　　　 24.6  5.3-12.7-10.7 -7.7 22 27.4                           
012324100118102021ヤマニンルリュール　　　　　　　　　 31.5  6.7 -7.4 -5.0 -4.1 26  0.0                           
012324100220104942シルフィードレーヴ　　　　　　　　　 17.0  4.0  9.3 -1.7  2.2 32  0.0                           
012324100318104765イズンシーラブリー　　　　　　　　　  2.9  1.4 21.4 23.5 15.0 45 15.8  2                        
012324100418104559ナリタローゼ　　　　　　　　　　　　 13.0  3.2  2.5 12.0  5.2 35  0.0  5                        
012324100520104674バレリーナ　　　　　　　　　　　　　 18.3  4.2 -7.5-13.6 -7.2 23  0.0                           
012324100619103897ハピネスアゲン　　　　　　　　　　　 11.7  2.9  6.9 -2.5  1.2 31  0.0                           
012324100720106330ラウラーナ　　　　　　　　　　　　　  8.3  2.5  2.9 13.5  5.8 36 20.2                           
012324100819105317トップキャスト　　　　　　　　　　　 16.4  3.8-10.3-10.3 -6.9 23  0.0                           
012324100920106706タリア　　　　　　　　　　　　　　　  7.2  2.2  6.2  1.2  2.3 32  0.0                           
012324101019100170デルマカミーラ　　　　　　　　　　　 28.2  6.0-10.3 -6.6 -5.5 24  0.0                           
012324101119102436ミズノコキュウ　　　　　　　　　　　  5.3  1.9 11.4 16.2  9.4 39 17.3                           
012324101219104328タカラマドンナ　　　　　　　　　　　 38.5  8.0-13.4-10.3 -7.8 22  0.0                           
012324101320107176ワックスフラワー　　　　　　　　　　 11.5  2.9  8.8  6.4  5.0 35  0.0                           
012324101419101819センタースリール　　　　　　　　　　 33.8  7.1-12.3-10.7 -7.6 22  0.0                           
012324110118104662ソーヴァリアント　　　　　　　　　　  6.6  2.1  8.9 17.8  9.2 64 21.6  3                        
012324110217101431ウインマリリン　　　　　　　　　　　 21.7  5.0 -0.3 12.4  4.5 59  0.0                           
012324110317101415ウインマイティー　　　　　　　　　　 39.0  8.4 -8.4 -5.0 -4.4 51  0.0                           
012324110418105165シャフリヤール　　　　　　　　　　　  6.2  2.1 12.9 20.9 11.5 67  0.0  2                        
012324110518100274ジャックドール　　　　　　　　　　　  3.1  1.5 26.8 16.1 13.9 69  0.0                           
012324110619105195ダノンベルーガ　　　　　　　　　　　  5.5  1.9 18.6 10.4  9.4 64 18.7                           
012324110719100596ヤマニンサルバム　　　　　　　　　　 45.8  9.7-14.9-10.3 -8.2 47  0.0                           
012324110819102879マテンロウレオ　　　　　　　　　　　 18.0  4.3 -0.9  0.9  0.1 55  0.0                           
012324110915101654アフリカンゴールド　　　　　　　　　 82.6 16.6-12.3-10.3 -7.5 48  0.0                           
012324111020106402トップナイフ　　　　　　　　　　　　 41.9  9.0-14.9-10.3 -8.2 47  0.0                           
012324111119101782ラーグルフ　　　　　　　　　　　　　 23.0  5.2-10.4 -9.0 -6.4 49  0.0                           
012324111216104877ヒシイグアス　　　　　　　　　　　　 17.5  4.2 -0.3 10.1  3.6 59 24.5                           
012324111318104541プログノーシス　　　　　　　　　　　  5.3  1.9 15.5 24.1 13.5 68  0.0  1  318   43              
012324111417102294イズジョーノキセキ　　　　　　　　　 16.6  4.0 -1.5-10.3 -4.2 51  0.0                           
012324111516110103ユニコーンライオン　　　　　　　　　 78.7 15.8-12.7-11.0 -7.8 47  0.0                           
012324120120106055アナザームーン　　　　　　　　　　　 46.1  8.5 -9.0-10.7 -6.6 13  0.0                           
012324120219105493トーホウデュラン　　　　　　　　　　  9.0  2.4 12.8  3.6  5.2 25 20.2                           
012324120317103142ヌンカプト　　　　　　　　　　　　　 42.0  7.8-12.4-10.7 -7.6 12  0.0                           
012324120419101896ラフシー　　　　　　　　　　　　　　 23.0  4.6-12.6-14.8 -9.2 11  0.0  0                        
012324120520101200ヒロノオオゾラ　　　　　　　　　　　 13.6  3.0  7.9 -4.0  0.9 21  0.0                           
012324120619105142ルミナスフラックス　　　　　　　　　 42.4  7.9-12.3-10.7 -7.6 12  0.0                           
012324120720104034バブルアップハート　　　　　　　　　 12.5  2.8 -2.2  0.9 -0.3 20  0.0                           
012324120818106561アルシオーネ　　　　　　　　　　　　  2.8  1.3 21.3 22.7 14.7 35 15.8                           
012324120919101413ミユキザストロング　　　　　　　　　 27.9  5.4 -8.4 12.0  1.9 22  0.0                           
012324121020102360クリノグローリー　　　　　　　　　　 14.0  3.1  1.4-13.9 -4.7 15  0.0  0                        
012324121120101850ウェザーコック　　　　　　　　　　　  5.8  1.8  6.5  7.8  4.8 25 18.7                           
012324121219104005ブレットフライ　　　　　　　　　　　 16.0  3.4 -2.0  1.5 -0.1 20  0.0                           
012324121320106635メイショウシナノ　　　　　　　　　　  3.8  1.5 19.2  5.8  7.9 28  0.0                           
042334010121109011スノーピーコック　　　　　　　　　　 26.9  5.5-12.0-10.7 -7.5 -3  0.0                           
042334010221102179サザンレーヴ　　　　　　　　　　　　 46.3  8.9-12.0-11.3 -7.7 -3  0.0                           
042334010321105835ミッキーアプローズ　　　　　　　　　  5.7  1.8 10.1  8.4  6.1 11 10.9                           
042334010421106823コガネノソラ　　　　　　　　　　　　  2.9  1.4 20.7 26.6 16.0 21  7.9                           
042334010521102053サノノミッキー　　　　　　　　　　　 19.0  4.1 -7.6  0.8 -2.0  3  0.0                           
042334010621101205ジャンル　　　　　　　　　　　　　　  5.1  1.7  8.7 28.3 13.0 18 20.2                           
042334010721101685キャットファイト　　　　　　　　　　  4.1  1.5 17.4 17.7 11.7 17  8.6 1                         
042334010821103229ギンザターゲット　　　　　　　　　　 10.8  2.6  6.6  2.0  2.7  8 11.6                           
042334010921103052サニイアール　　　　　　　　　　　　  4.9  1.7 15.1 16.6 10.6 16  0.0                           
042334020121106667サノノブレイダー　　　　　　　　　　 47.0  6.8-12.6 -0.6 -4.0  1  0.0                           
042334020221106816マイネルブリックス　　　　　　　　　 11.3  2.2  5.0 12.7  6.2 11 10.9  5                        
042334020321106010ショコラエクレール　　　　　　　　　 49.2  7.1 -6.8-12.1 -6.5 -1  0.0                           
042334020421106805マイネルディレクト　　　　　　　　　 11.5  2.2  3.5-12.4 -3.5  2  0.0                           
042334020521107192アラレタバシル　　　　　　　　　　　 18.9  3.2-16.8 -2.2 -5.8 -1  0.0                           
042334020621105596シトラール　　　　　　　　　　　　　  2.0  1.2 21.3 19.9 13.7 19 15.9C 1  169   39              
042334020721103345マイファミリー　　　　　　　　　　　  3.3  1.3 19.8 15.0 11.4 16  8.7                           
042334020821105475レイデラルース　　　　　　　　　　　  7.3  1.7  7.4 11.3  6.4 11 10.1                           
042334020921105445ハットルグリムス　　　　　　　　　　  6.5  1.6  8.6  9.0  5.9 11  9.4                           
042334030120101922ホウオウアルマン　　　　　　　　　　 12.4  2.9  7.0 -2.0  1.4  6 11.6                           
042334030220105708ヘリックス　　　　　　　　　　　　　 19.3  4.1  0.5 -2.7 -0.8  4  0.0                           
042334030320104467ローマンシアター　　　　　　　　　　 23.3  4.7 -7.0  6.9  0.4  5 15.9                           
042334030420101429ローディアマント　　　　　　　　　　 21.7  4.4 -7.4 12.9  2.5  8  0.0                           
042334030520104512ロコルルハーツ　　　　　　　　　　　 13.3  3.0  6.6 10.5  5.8 11 12.3                           
042334030620101779サンマルグレイト　　　　　　　　　　 50.8  9.5-12.0-15.4 -9.2 -4  0.0  0                        
042334030720105068フェイマスグローリ　　　　　　　　　 23.1  4.7 -1.1  6.0  1.9  7  0.0                           
042334030820100773バレーオブファイア　　　　　　　　　  4.6  1.6 14.5  3.8  5.7 11  8.6                           
042334030920103372コスタレイ　　　　　　　　　　　　　  2.5  1.3 33.7 19.6 17.3 22  7.9                           
042334031020105712セントアイヴス　　　　　　　　　　　 11.9  2.8 16.8 -4.8  3.3  8  0.0                           
042334031120103244メリープランク　　　　　　　　　　　 22.9  4.6 -5.8 -0.9 -2.1  3  0.0                           
042334031220102657サンクメダイユ　　　　　　　　　　　 12.4  2.8  5.5-11.1 -2.4  3  0.0                           
042334031320105685ボンフェット　　　　　　　　　　　　  6.6  2.0  3.3 14.9  6.5 11  9.4                           
042334040120102662サヴィトリ　　　　　　　　　　　　　 20.2  4.0 -5.4-11.4 -5.8 -1  0.0                           
042334040220105723アモフリューゲル　　　　　　　　　　  6.9  1.9 13.0  9.0  7.2 12  9.4                           
042334040320106702エクラディーバ　　　　　　　　　　　 59.1  9.9-12.0-12.4 -8.1 -3  0.0                           
042334040420106907サイモンカリン　　　　　　　　　　　120.1 19.5-12.0-11.3 -7.7 -3  0.0                           
042334040520102584バークエム　　　　　　　　　　　　　 36.4  6.5-12.6-12.7 -8.4 -3  0.0  0                        
042334040620106883ブラックデコ　　　　　　　　　　　　 12.6  2.7  5.1 10.7  5.5 10  0.0                           
042334040720100737ナディアクイーン　　　　　　　　　　164.9 26.5-12.0-10.0 -7.3 -2  0.0                           
042334040820101975サバイバルキュート　　　　　　　　　 34.1  6.2-12.0 -8.9 -6.9 -2  0.0                           
042334040920103409クラウンモチーフ　　　　　　　　　　 15.4  3.2  7.4 -1.0  1.9  7  0.0                           
042334041020101228シグナルファイアー　　　　　　　　　  3.8  1.5 18.0 10.6  9.3 14  8.6                           
042334041120102057ジンフィンドール　　　　　　　　　　 11.2  2.5 13.6  8.6  7.2 12 20.2                           
042334041220103269エンジェルラウンド　　　　　　　　　  2.5  1.3 19.3 20.2 13.2 18 15.9                           
042334041320106383ポポラーレウーノ　　　　　　　　　　 12.6  2.7  0.0 13.0  4.8 10  0.0                           
042334041420106929バトルエンジェル　　　　　　　　　　 36.7  6.6-12.0  5.2 -1.7  3  0.0                           
042334041520104053アユ　　　　　　　　　　　　　　　　 21.8  4.2-13.1 -8.9 -7.2 -2  0.0                           
042334050121105125リヤンドゥミラクル　　　　　　　　　  5.0  1.8 18.7 10.5  9.5  9  9.4                           
042334050221103371ハテナビト　　　　　　　　　　　　　 12.3  3.1  6.9  5.3  4.0  4 23.1                           
042334050321100069シアンカーン　　　　　　　　　　　　 20.9  4.8 -9.9  0.1 -2.9 -3  0.0  5                        
042334050421105670ベストミーエヴァー　　　　　　　　　 11.0  2.8  9.8 11.9  7.3  7  0.0                           
042334050521101283ストロングハッピー　　　　　　　　　 88.1 17.3-10.3 -5.0 -4.9 -5  0.0                           
042334050621106845ザロック　　　　　　　　　　　　　　 65.7 13.1-12.0 -6.7 -6.1 -6  0.0                           
042334050721105764アドマイヤベル　　　　　　　　　　　  3.8  1.6  8.6 19.6  9.8 10  8.0                           
042334050821105965ダノンマカルー　　　　　　　　　　　  3.9  1.6  8.7 13.5  7.6  8  8.7                           
042334050921107115シャインデザイン　　　　　　　　　　 33.7  7.2-12.0 -8.9 -6.9 -7  0.0                           
042334051021104489フレンドエメラルド　　　　　　　　　163.1 31.6-12.0-10.7 -7.5 -8  0.0                           
042334051121105672アグリアス　　　　　　　　　　　　　  6.9  2.2  8.2  5.7  4.6  5 10.1                           
042334051221106304ピンネシリ　　　　　　　　　　　　　 25.2  5.6 -4.9 -0.8 -1.8 -2  0.0                           
042334051321100946ニシノエール　　　　　　　　　　　　 78.0 15.4-12.0 -8.9 -6.9 -7  0.0                           
042334051421100574アオイメルスイ　　　　　　　　　　　 12.3  3.1 10.1 -5.8  0.9  1  0.0                           
042334051521104137ミエノブラボー　　　　　　　　　　　 25.7  5.7  3.7  7.7  3.9  4  0.0                           
042334051621101226クリノフィガロ　　　　　　　　　　　 42.0  8.8 -5.7-10.1 -5.4 -5  0.0                           
042334060120106933アンチフラジャイル　　　　　　　　　 12.6  3.2  0.9  6.4  2.6  8 10.8                           
042334060220105139エリンジウム　　　　　　　　　　　　107.8 21.2 -8.0-12.7 -7.1 -2  0.0                           
042334060320105047エクセルスコール　　　　　　　　　　 37.9  8.1-12.0-20.0-10.9 -6  0.0  0                        
042334060420105743エターナルジェイド　　　　　　　　　 79.3 15.8-12.6-12.9 -8.5 -4  0.0                           
042334060520104312スマートローラ　　　　　　　　　　　175.7 34.1-12.0 -7.9 -6.5 -1  0.0                           
042334060620103984グラスヴィガー　　　　　　　　　　　 13.0  3.3  0.6  3.4  1.4  6  0.0                           
042334060720105590ヤマニンアルマーレ　　　　　　　　　113.5 22.3-12.6  0.4 -3.6  1  0.0                           
042334060820101027アスクエブリーワン　　　　　　　　　 38.8  8.2-12.0-10.0 -7.3 -2  0.0                           
042334060920104624カドノユトリ　　　　　　　　　　　　 83.8 16.6-12.0-14.2 -8.8 -4  0.0                           
042334061020105203ウインアイオライト　　　　　　　　　  4.6  1.7 12.6 14.7  9.2 14  8.7 1                         
042334061120103410ディバイングレース　　　　　　　　　  5.5  1.9 25.3 16.0 13.5 18 10.1                           
042334061220104732ハルオーブ　　　　　　　　　　　　　  3.4  1.5 21.2 13.3 11.2 16 15.9                           
042334061320103927ベリーズテソーロ　　　　　　　　　　 23.5  5.3 -1.9-10.0 -4.2  1  0.0                           
042334061420102454ゼファーラーテル　　　　　　　　　　207.0 40.0-12.0-11.5 -7.8 -3  0.0                           
042334061520100225ラブロスピカ　　　　　　　　　　　　 47.9 10.0-12.0 -8.3 -6.6 -2  0.0                           
042334061620100375トワイライトレディ　　　　　　　　　 19.2  4.5  0.6 12.9  4.9 10  0.0                           
042334061720101158ビービーラドン　　　　　　　　　　　 15.9  3.8  8.0  8.3  5.4 10  0.0                           
042334061820102734エリーズダイヤ　　　　　　　　　　　  4.8  1.7 14.8 13.0  9.2 14  9.4                           
042334070120100074ネクストブレイク　　　　　　　　　　  8.2  2.5 12.8  9.5  7.3 12 10.8                           
042334070220100081アカツキロットリー　　　　　　　　　121.3 23.4-12.6 -0.6 -4.0  1  0.0                           
042334070320101424マリノリリアン　　　　　　　　　　　 62.6 12.4-12.0-10.0 -7.3 -2  0.0                           
042334070420106875メイショウサトユキ　　　　　　　　　 27.9  6.0-16.8 -2.0 -5.8 -1  0.0                           
042334070520104993ショーガイッパイ　　　　　　　　　　 58.9 11.7-12.0-12.4 -8.1 -3  0.0                           
042334070620103690セブンリーチ　　　　　　　　　　　　 80.3 15.7-12.0-10.0 -7.3 -2  0.0                           
042334070720101358キラメクホシ　　　　　　　　　　　　 15.4  3.7 16.8  3.5  6.3 11  0.0                           
042334070820103905スピリットクークス　　　　　　　　　 89.0 17.3-12.0 -9.8 -7.2 -2  0.0                           
042334070920103562コスモシャングリラ　　　　　　　　　  9.3  2.7 13.1  4.2  5.5 10  0.0                           
042334071020101865オークアンドモルト　　　　　　　　　  6.9  2.2 11.8  4.0  5.0 10  0.0                           
042334071120105775ツヴァイウイング　　　　　　　　　　 35.5  7.5-12.0 -9.7 -7.2 -2  0.0                           
042334071220102191グランツグリーン　　　　　　　　　　  3.6  1.5 14.1 21.0 11.9 17  8.0                           
042334071320102754アンナジーク　　　　　　　　　　　　 28.5  6.1  0.0-13.0 -4.8  0  0.0                           
042334071420102348カゼノハクシュウ　　　　　　　　　　125.2 24.1-12.0 -8.9 -6.9 -2  0.0                           
042334071520102859ステラデルシエロ　　　　　　　　　　  3.9  1.6 12.5  9.9  7.4 12 17.3                           
042334071620106693ラルミナ　　　　　　　　　　　　　　 50.7 10.4-12.0-11.1 -7.7 -3  0.0                           
042334071720105194シンガーズバラッド　　　　　　　　　258.8 49.2-12.0-10.0 -7.3 -2  0.0                           
042334071820103653ガールズレジェンド　　　　　　　　　  4.9  1.7 12.3 11.5  7.9 13 18.8                           
042334080119102439ラッキーガブリエル　　　　　　　　　 35.5  8.5 -0.2 -0.8 -0.4 20  0.0                           
042334080219104717クオーレドーロ　　　　　　　　　　　 26.3  6.4-12.0 -8.9 -6.9 13  0.0                           
042334080319104288ピカリエ　　　　　　　　　　　　　　  6.5  2.3  9.1 15.1  8.3 28  0.0                           
042334080420106819アースビート　　　　　　　　　　　　 22.4  5.6 -7.6 -6.9 -4.8 15 15.1                           
042334080519103815スマイルアップ　　　　　　　　　　　  4.1  1.8 13.4 20.0 11.4 31  8.0                           
042334080620102731エコロドゥネス　　　　　　　　　　　  6.2  2.2 13.5 22.0 12.1 32  8.6                           
042334080719100051キャプテンローレル　　　　　　　　　 21.0  5.4-12.0-11.1 -7.7 12 14.5                           
042334080820100143ディーズメイト　　　　　　　　　　　 26.8  6.6 -7.6-14.7 -7.7 12  0.0                           
042334080920105569クインズベル　　　　　　　　　　　　 19.1  4.9 -0.2 -3.8 -1.5 19 13.0                           
042334081019103946フィーカ　　　　　　　　　　　　　　  8.8  2.9  1.3 13.2  5.2 25 12.2                           
042334081119102736イルザ　　　　　　　　　　　　　　　 20.7  5.3 -9.8-10.0 -6.6 13  0.0                           
042334081220100656ダークンストーミー　　　　　　　　　  7.4  2.5 11.3 10.3  7.2 27  0.0                           
042334081320106719サラマックイーン　　　　　　　　　　  8.8  2.9 13.0 14.8  9.3 29  0.0                           
042334081419101223ブライティアコバ　　　　　　　　　　 38.5  9.1-12.0-11.1 -7.7 12  0.0                           
042334081520100363キョウエイカンフ　　　　　　　　　　  8.1  2.7  3.5 14.0  6.2 26  0.0                           
042334090120103721レイカットスルー　　　　　　　　　　 22.4  5.3  0.9  1.0  0.6 21  0.0                           
042334090220100305セイウンスイート　　　　　　　　　　 20.8  5.0  2.1 -2.5 -0.3 20  0.0                           
042334090319103705データアナリシス　　　　　　　　　　 89.3 18.6-12.0 -8.9 -6.9 13  0.0                           
042334090419101428ローズブルーム　　　　　　　　　　　 11.0  3.0 20.2  3.5  7.3 27  0.0                           
042334090520102872シャドウダッチェス　　　　　　　　　 45.4 10.0-10.1 -2.0 -3.8 16  0.0                           
042334090620102123オンネマトカ　　　　　　　　　　　　 71.0 15.0-12.0-20.0-10.9  9  0.0  0                        
042334090718109046ユイノダンディズム　　　　　　　　　  8.2  2.6  4.4  6.0  3.5 24  0.0                           
042334090819100937ニシノコニャック　　　　　　　　　　 32.2  7.3-16.8 -5.8 -7.2 13  0.0                           
042334090919105817ホウオウカグヤ　　　　　　　　　　　 25.2  5.9-12.0 -9.8 -7.2 13 31.8                           
042334091016101650モメチョッタ　　　　　　　　　　　　 46.9 10.4-12.0-11.0 -7.6 12  0.0                           
042334091119101031サミュエル　　　　　　　　　　　　　  4.9  1.9 18.3 17.4 11.9 32 17.3                           
042334091219100197ウインエイムハイ　　　　　　　　　　 38.9  8.7-12.0 -8.3 -6.6 13  0.0                           
042334091319100593フラッシュアーク　　　　　　　　　　 11.8  3.1  1.8  6.0  2.7 23  0.0                           
042334091420100258セイウンダマシイ　　　　　　　　　　 17.8  4.4 -3.6  9.4  2.4 22  0.0                           
042334091520102377サンタアナテソーロ　　　　　　　　　 17.1  4.3  0.7 -1.6 -0.4 20  0.0                           
042334091620103614ラクサパーナ　　　　　　　　　　　　  3.8  1.7 15.0 17.6 11.0 31 15.9                           
042334091720100482イルルージュ　　　　　　　　　　　　  6.6  2.2 10.2 12.5  7.6 28  0.0                           
042334091819105713ミッキーエイト　　　　　　　　　　　 21.7  5.1-12.6-13.9 -8.9 11  0.0                           
042334100120105217ウインオーディン　　　　　　　　　　  3.3  1.5 18.1 20.1 12.8 43  7.9                           
042334100219105450ショショローザ　　　　　　　　　　　 30.5  6.3 -5.7-10.1 -5.4 25  0.0                           
042334100318106314エープラス　　　　　　　　　　　　　 29.9  6.2 -7.5 -9.8 -5.8 24  0.0                           
042334100419105277リアド　　　　　　　　　　　　　　　  9.1  2.6 10.7  5.6  5.3 35 20.2                           
042334100517105667トランシルヴァニア　　　　　　　　　 60.0 11.5-12.0-13.7 -8.6 21  0.0                           
042334100619100861グランドライン　　　　　　　　　　　  6.9  2.1 17.9 16.5 11.4 41  9.4                           
042334100720105633リビアングラス　　　　　　　　　　　  3.9  1.6 18.6 17.9 12.1 42  8.7                           
042334100820103865エイトキングゴッド　　　　　　　　　 29.6  6.2 -3.3 -2.0 -1.7 28  0.0                           
042334100920101921コレオグラファー　　　　　　　　　　 12.3  3.0  6.0  4.7  3.5 34  0.0                           
042334101018105456サルマン　　　　　　　　　　　　　　 32.1  6.6-12.9-10.1 -7.6 22  0.0                           
042334101119100549タガノバルコス　　　　　　　　　　　 34.8  7.1 -2.9 -7.9 -3.8 26 17.4                           
042334101217103104ミズリーナ　　　　　　　　　　　　　 33.1  6.8-12.0 -5.0 -5.4 25  0.0                           
042334101317104670ビートザウイングス　　　　　　　　　 52.6 10.4-12.0-10.0 -7.3 23  0.0                           
042334101418103496ウェイオブライト　　　　　　　　　　 34.8  7.1 -0.5 -5.3 -2.1 28  0.0                           
042334101519104750ハイエスティーム　　　　　　　　　　 19.1  4.3-12.6 -3.6 -5.1 25  0.0                           
042334101618105524エクセレントタイム　　　　　　　　　 13.9  3.3 -1.3  6.8  2.1 32  0.0                           
042334101720100116アクションプラン　　　　　　　　　　 38.2  7.7 -7.6 -9.8 -5.9 24  0.0                           
042334101818105338マッハモンルード　　　　　　　　　　 26.6  5.6-12.9 -5.3 -5.8 24  0.0                           
042334110116104668カリボール　　　　　　　　　　　　　 40.0  9.5 -6.2-10.1 -5.6 39  0.0                           
042334110218103724ミスズグランドオー　　　　　　　　　 15.5  4.1 -0.1 14.3  5.2 50  0.0                           
042334110317105443ビップウインク　　　　　　　　　　　 38.9  9.2-12.9-12.6 -8.5 37  0.0                           
042334110419105968チェイスザドリーム　　　　　　　　　  5.5  2.0 13.7 11.9  8.5 53 20.2                           
042334110518105158デュアリスト　　　　　　　　　　　　  8.2  2.7  5.0 12.0  5.9 51 21.7  5                        
042334110616104746スワーヴシャルル　　　　　　　　　　  5.1  1.9 16.0 25.4 14.1 59  8.6  2                        
042334110719103529アルファマム　　　　　　　　　　　　  5.5  2.0 16.2 10.6  8.7 54  0.0                           
042334110819106293ファーンヒル　　　　　　　　　　　　  4.7  1.9  9.1 15.1  8.3 53  8.0                           
042334110917104744エリモグリッター　　　　　　　　　　  8.7  2.8  0.5 11.6  4.4 49  0.0                           
042334111015101626ディサーニング　　　　　　　　　　　 36.8  8.8-12.0 -4.9 -5.4 40  0.0                           
042334111118105169ナンヨーアイボリー　　　　　　　　　 24.1  6.0 -8.0  0.1 -2.4 43  0.0                           
042334111217103165デンコウリジエール　　　　　　　　　 25.7  6.3 -5.7-10.1 -5.4 40  0.0                           
042334111317102914シンシティ　　　　　　　　　　　　　  9.4  3.0  8.2 -3.1  1.3 46  0.0                           
042334111417100167カイアワセ　　　　　　　　　　　　　 28.2  6.9 -5.2-10.0 -5.2 40  0.0                           
042334120120102952オーサムデアラー　　　　　　　　　　  8.8  2.6  5.8 -8.9 -1.5 18 10.9                           
042334120219110076ワンダフルヘヴン　　　　　　　　　　  9.4  2.7 -4.8 27.8  8.8 29  0.0                           
042334120317110006アルファウェーブ　　　　　　　　　　  5.9  2.0  3.0  6.0  3.1 23 18.8                           
042334120418103537ワンダーウォール　　　　　　　　　　170.7 32.5-12.0-10.0 -7.3 13  0.0                           
042334120517101528セイシェルノユウヒ　　　　　　　　　 20.4  4.6-12.0  6.1 -1.4 19  0.0                           
042334120620104479トゥルース　　　　　　　　　　　　　 29.8  6.4  0.9 -8.9 -3.0 17  0.0                           
042334120720102805クロックフォード　　　　　　　　　　  4.4  1.7 15.7 19.1 11.7 32  0.0                           
042334120820100078フリッパー　　　　　　　　　　　　　  3.3  1.5 21.3 15.1 11.9 32 15.9                           
042334120920105860ジェントルタッチ　　　　　　　　　　 16.3  3.8  9.6  4.0  4.3 24  0.0                           
042334121020104748ファルコンミノル　　　　　　　　　　  7.8  2.3 12.6 10.9  7.8 28 10.1                           
042334121118101114クリノグリゴロス　　　　　　　　　　 55.4 11.0-12.0-20.0-10.9  9  0.0  0                        
042334121218104819エコロカナワン　　　　　　　　　　　 37.5  7.8-12.0 -9.4 -7.0 13  0.0                           
042334121320102792エッグスラット　　　　　　　　　　　 19.9  4.5 -4.7  5.3  0.5 21  0.0                           
042334121418103159グランドライズ　　　　　　　　　　　 29.2  6.2 -9.8-10.0 -6.6 13  0.0                           
042334121519104635シャドウアイル　　　　　　　　　　　 29.3  6.3-12.9 -7.9 -6.8 13  0.0                           
102334010117104415トーセンオリジン　　　　　　　　　　  6.3  1.8 11.5 13.8  8.4  8 19.1                           
102334010215102942キボウノダイチ　　　　　　　　　　　 29.6  5.4-11.2-13.8 -8.2 -8  0.0                           
102334010319110090ピンクダイヤ　　　　　　　　　　　　 29.1  5.4 -3.4-12.5 -5.0 -5  0.0                           
102334010418106211テイエムマグマ　　　　　　　　　　　 15.3  3.2 -2.1  7.6  1.5  2  0.0                           
102334010517104961タイセイモンストル　　　　　　　　　 11.5  2.5  5.7  4.9  3.6  4  0.0                           
102334010618102815ツカサ　　　　　　　　　　　　　　　 13.0  2.8  8.6  4.4  4.5  4  0.0                           
102334010716104987コバルトブルー　　　　　　　　　　　  2.2  1.2 23.0 23.3 15.4 15 16.2                           
102334010819102951アイファーロブスト　　　　　　　　　 28.3  5.2-11.0-10.6 -7.2 -7  0.0                           
102334010918106511ロックユー　　　　　　　　　　　　　  4.7  1.6  9.8 15.0  8.1  8 12.4                           
102334011017106230スズカデレヤ　　　　　　　　　　　　  7.6  2.1 11.3  8.4  6.7  7 20.6                           
102334011120107124ビネッサ　　　　　　　　　　　　　　 34.1  6.2 -9.7-11.2 -6.9 -7  0.0  0                        
102334011217100654プリンスオブジオン　　　　　　　　　 31.3  5.7-12.7-13.9 -8.8 -9  0.0                           
102334020121105543コートリーバウ　　　　　　　　　　　  1.7  1.2 20.0 23.2 14.3 19 16.2                           
102334020221102380オーケーカルメン　　　　　　　　　　 19.6  6.2-11.8-11.6 -7.8 -3  0.0  0                        
102334020321106820マイネルトゥルネー　　　　　　　　　  3.8  1.6  9.4 11.2  6.8 12 13.4                           
102334020421101102ナムラエデン　　　　　　　　　　　　  6.1  2.3  8.0  1.4  3.4  8  0.0                           
102334020521104832モアリジット　　　　　　　　　　　　  3.2  1.4 18.1 16.7 11.6 17 17.7                           
102334030120105302ブライテン　　　　　　　　　　　　　 41.7  7.4 -6.8 -8.9 -5.2  0  0.0                           
102334030220103451スーパーファルクス　　　　　　　　　 13.4  2.9  6.5  1.4  2.8  8  0.0                           
102334030320100622ロングエール　　　　　　　　　　　　 74.0 12.3-11.2 -9.3 -6.9 -2  0.0                           
102334030420106320ゲンパチルミナス　　　　　　　　　　 15.9  3.3 -1.6  0.4 -0.5  5  0.0                           
102334030520106306アウロス　　　　　　　　　　　　　　  2.5  1.3 17.7 19.4 12.3 17 16.2                           
102334030620102635エーテルノカゼ　　　　　　　　　　　 27.3  5.1  1.3 -5.1 -1.1  4  0.0                           
102334030720103597トゥルーサンライズ　　　　　　　　　 46.7  8.2 -3.4  7.8  1.1  6  0.0                           
102334030820104220ニホンピロラグーナ　　　　　　　　　 38.4  6.9-11.2-13.9 -8.3 -3  0.0                           
102334030920100174スノーファンタジー　　　　　　　　　 30.8  5.6-11.2-10.2 -7.2 -2  0.0                           
102334031020104779ジャッドノワール　　　　　　　　　　 27.9  5.2-11.2 -7.9 -6.5 -1  0.0                           
102334031120105609エクセルシオール　　　　　　　　　　 11.3  2.5 11.3  9.3  6.9 12 14.4                           
102334031220106211サンマルブライト　　　　　　　　　　 43.0  7.6-12.8-13.9 -8.9 -4  0.0                           
102334031320106918メイショウネムノキ　　　　　　　　　  6.3  1.8 12.3  9.3  7.3 12 19.1                           
102334031420106931テーオーシルビア　　　　　　　　　　  3.7  1.5 16.9 16.3 11.1 16 17.7                           
102334031520103704ルージュベルメール　　　　　　　　　 15.9  3.3  1.4  1.2  0.9  6  0.0                           
102334031620105598ヤマニンバシリーサ　　　　　　　　　102.2 16.7-12.8-13.9 -8.9 -4  0.0                           
102334040120103587ブルジュドバイ　　　　　　　　　　　 16.8  3.9 -3.4-12.5 -5.0  0  0.0                           
102334040220101911モズキラー　　　　　　　　　　　　　 60.7 11.8-11.2-14.8 -8.5 -4  0.0  0                        
102334040320104320アジュールブルー　　　　　　　　　　 26.2  5.6  6.0 -1.5  1.8  7  0.0                           
102334040420103894ホウオウマーメイド　　　　　　　　　 15.9  3.7 -3.8  8.9  1.3  6 26.5                           
102334040520105186ウインルベライト　　　　　　　　　　 34.7  7.2-10.1-10.3 -6.8 -2  0.0                           
102334040620100800イナウィンク　　　　　　　　　　　　 10.7  2.7 12.7  8.8  7.3 12  0.0                           
102334040720100441ハナサキポプラ　　　　　　　　　　　 74.7 14.4-11.2 -7.0 -6.2 -1  0.0                           
102334040820100715タイセイサーマル　　　　　　　　　　 14.4  3.4-11.2-17.3 -9.3 -4  0.0                           
102334040920101872デイトナモード　　　　　　　　　　　  6.9  2.2 13.3  8.3  7.4 12 17.7                           
102334041020104347スプル　　　　　　　　　　　　　　　 12.2  3.0  3.0  2.7  1.9  7  0.0                           
102334041120107145プリモカヴァロ　　　　　　　　　　　 38.2  7.9 -9.1-11.5 -6.8 -2  0.0                           
102334041220104598ショウナンアウリイ　　　　　　　　　107.5 20.5-11.2-11.3 -7.5 -2  0.0                           
102334041320105299リアライズ　　　　　　　　　　　　　  2.5  1.4 20.1 22.1 14.0 19 16.2                           
102334041420102983グレイコード　　　　　　　　　　　　 29.7  6.3 -9.4-10.2 -6.5 -2  0.0                           
102334041520102271コスモグングニール　　　　　　　　　  9.0  2.6  9.8  9.9  6.6 12 13.4                           
102334041620104756タマモメガジョッキ　　　　　　　　　 48.0  9.7 -4.7 -3.5 -2.8  2  0.0                           
102334041720104566ニホンピロソラーナ　　　　　　　　　 12.0  3.0  1.7  8.4  3.1  8  0.0                           
102334041820103665モンテコルノ　　　　　　　　　　　　 31.2  6.6 -0.5-11.6 -3.7  1  0.0  0                        
102334050121105591ジュンゴールド　　　　　　　　　　　  4.2  1.8 11.9 14.6  8.7  9 16.2  3                        
102334050221102379テイクザクラウン　　　　　　　　　　 24.1  5.8-11.8  1.9 -3.8 -4  0.0                           
102334050321100779ニシノザイホウ　　　　　　　　　　　 16.4  4.2  2.0  0.3  0.8  1  0.0                           
102334050421106761テーオーカルドア　　　　　　　　　　 39.5  9.1-11.2-16.5 -9.1 -9  0.0                           
102334050521105958ブリーズオンチーク　　　　　　　　　  9.1  2.9  4.8 -2.8  0.9  1 22.1                           
102334050621105819ホウオウセイメイ　　　　　　　　　　 13.5  3.6  3.9  6.4  3.3  3  0.0                           
102334050721104646ジンセイ　　　　　　　　　　　　　　  8.2  2.7  7.6 10.7  6.0  6  0.0                           
102334050821104622メイショウヘール　　　　　　　　　　 22.9  5.6-10.1-13.9 -7.9 -8  0.0                           
102334050921106196ウインメラナイト　　　　　　　　　　 40.1  9.3 -8.9-10.3 -6.4 -6  0.0                           
102334051021100689スマートストラグル　　　　　　　　　 13.6  3.6  3.1 -3.5  0.1  0  0.0                           
102334051121102597ラビットアイ　　　　　　　　　　　　  8.0  2.6  5.7 14.8  6.5  7  0.0                           
102334051221101722ベラジオハルカ　　　　　　　　　　　  5.2  2.0 11.9 15.6  9.0  9 12.4                           
102334051321100173ロードバルベーラ　　　　　　　　　　 13.2  3.5  4.9 -6.2 -0.1  0  0.0  0                        
102334051421106192ウインアルドーレ　　　　　　　　　　 36.7  8.5-11.2-10.2 -7.2 -7  0.0                           
102334051521100707テイエムゴールドン　　　　　　　　　 37.7  8.8 -7.9 -9.9 -5.9 -6  0.0                           
102334051621110137ピカリ　　　　　　　　　　　　　　　 12.3  3.3 -0.5  7.5  2.1  2 23.5                           
102334060120100925ダイゴショウリュウ　　　　　　　　　 25.1  6.2 -8.5 -8.6 -5.7 -1  0.0                           
102334060220100974テイエムサンローズ　　　　　　　　　  7.3  2.5  6.0 16.9  7.3 12  0.0                           
102334060320107113アイファーシアトル　　　　　　　　　 12.8  3.5  7.4 -8.6  0.1  5 18.5                           
102334060420103419カナウ　　　　　　　　　　　　　　　  4.4  1.8 13.1 13.1  8.7 14 16.2                           
102334060520101123サクセスハチハチ　　　　　　　　　　  8.4  2.7  7.6 -1.7  2.3  7  0.0                           
102334060620104768ウィービースティ　　　　　　　　　　 28.6  7.0-11.2 -8.3 -6.6 -2  0.0                           
102334060720110086ロスマリンブルー　　　　　　　　　　  5.5  2.1  8.8  8.0  5.6 11 17.7                           
102334060820106210メイショウトップウ　　　　　　　　　 23.1  5.7-11.2 -2.0 -4.7  0  0.0                           
102334060920103951ユメミゴコチ　　　　　　　　　　　　 46.5 10.9-11.2 -6.8 -6.1 -1  0.0                           
102334061020105356ミヅキ　　　　　　　　　　　　　　　 19.5  5.0 -3.4  7.9  1.1  6  0.0                           
102334061120101699シゲルマッハ　　　　　　　　　　　　  6.4  2.3 12.8 -3.1  3.8  9  0.0                           
102334061220100023モズミヤビ　　　　　　　　　　　　　 10.9  3.1 -1.4 -5.1 -2.0  3  0.0                           
102334061320104524タッケンイッキ　　　　　　　　　　　 34.5  8.3-11.2 -7.8 -6.4 -1  0.0                           
102334061420101835イセベイ　　　　　　　　　　　　　　  6.7  2.3  9.6  9.9  6.5 11 20.6                           
102334070118100618トーホウジュナール　　　　　　　　　  5.1  1.8 10.9 16.2  8.9 29 12.4                           
102334070220104523マイネルフォーコン　　　　　　　　　 11.2  2.8  1.5  1.0  0.9 21  0.0                           
102334070320106737メイショウコギク　　　　　　　　　　  7.9  2.3  7.5  6.6  4.7 25 19.1                           
102334070417101991テンジュイン　　　　　　　　　　　　 25.7  5.4-10.1-13.9 -7.9 12  0.0                           
102334070518100862クリノビックリバゴ　　　　　　　　　 40.6  8.1-12.8 -3.1 -5.6 14  0.0                           
102334070620100736ビッグボーンリタ　　　　　　　　　　 37.3  7.5-11.2  4.6 -2.7 17  0.0                           
102334070719104818メイケイバートン　　　　　　　　　　 12.1  2.9 10.8 12.1  7.6 28  0.0  2                        
102334070820106944ネイキッド　　　　　　　　　　　　　 19.0  4.2 -1.7  7.0  1.5 21  0.0                           
102334070919104686アキバ　　　　　　　　　　　　　　　 10.8  2.7  7.1  9.1  5.3 25  0.0                           
102334071020100784アントニオヒロキ　　　　　　　　　　 43.9  8.7-11.2 -8.3 -6.6 13  0.0                           
102334071120103969ヨウシタンレイ　　　　　　　　　　　 30.5  6.3 -8.5 -9.4 -5.9 14  0.0                           
102334071219102062ハルカナネガイ　　　　　　　　　　　 26.5  5.5 -6.2-13.9 -6.4 14  0.0                           
102334071320102027カミーロ　　　　　　　　　　　　　　 14.2  3.3 -0.5 16.6  4.8 25  0.0                           
102334071420101897レッドヒルシューズ　　　　　　　　　  2.7  1.4 19.4 19.4 12.9 33 16.2                           
102334071520105497シュガープラム　　　　　　　　　　　 95.9 17.8-12.2 -7.7 -6.8 13  0.0                           
102334071619106596バトルシャイニング　　　　　　　　　 19.5  4.3 -2.3 -1.8 -1.4 19 28.0                           
102334080118105021グルーヴビート　　　　　　　　　　　 12.4  2.6 -0.5  2.9  0.7 21  0.0                           
102334080219105538カメハメハタイム　　　　　　　　　　 12.2  2.6 -7.2-10.2 -5.7 14  0.0                           
102334080320102802イリスレーン　　　　　　　　　　　　  7.1  1.9 11.9  6.6  6.3 26  0.0                           
102334080419104126ミアステラ　　　　　　　　　　　　　 11.9  2.6  9.4  5.6  5.1 25 15.4                           
102334080519104839ゴルトシュミーデ　　　　　　　　　　  6.7  1.9 11.8 12.9  8.2 28 19.1                           
102334080617110112コンバットマーチ　　　　　　　　　　 28.4  5.1-11.2 -3.1 -5.0 15  0.0                           
102334080720101025アスクドゥポルテ　　　　　　　　　　  2.8  1.3 22.4  9.2 11.0 31 16.2                           
102334080816102615ゾロ　　　　　　　　　　　　　　　　 46.4  7.9-12.2-10.6 -7.7 12  0.0                           
102334080919100740ヴァンデスト　　　　　　　　　　　　 28.1  5.1-11.2-13.9 -8.3 12  0.0                           
102334081020106667サトノクローク　　　　　　　　　　　  3.1  1.4 16.0 18.0 11.3 31 17.7                           
102334081119100592カライカマウリオラ　　　　　　　　　 27.6  5.0 -6.9 -7.0 -4.6 15  0.0                           
102334090119103233ニシノデフィレ　　　　　　　　　　　 11.0  2.8  9.1 13.2  7.3 37  0.0                           
102334090217105192カーフライターク　　　　　　　　　　 37.9  7.8-11.2-10.2 -7.2 23  0.0                           
102334090319105915グッドグロウス　　　　　　　　　　　 95.6 18.1-11.2 -8.9 -6.8 23  0.0                           
102334090420103284トールキン　　　　　　　　　　　　　  4.1  1.6 16.0 25.1 13.4 43 17.7                           
102334090518104621サトノルーチェ　　　　　　　　　　　 10.7  2.7 -1.6  7.3  1.6 32  0.0                           
102334090616102801ロングファイナリー　　　　　　　　　 71.8 13.8-11.2 -8.9 -6.8 23  0.0                           
102334090719104260メイショウクリフト　　　　　　　　　  3.3  1.5 19.3 15.7 11.8 42 16.2                           
102334090818106391メイショウイジゲン　　　　　　　　　 46.6  9.4-11.2-17.3 -9.3 21  0.0                           
102334090919100210ウインバグース　　　　　　　　　　　  9.0  2.6  5.8  0.7  2.3 32  0.0                           
102334091018101964アルムファーツリー　　　　　　　　　 43.3  8.8 -6.2 -9.5 -5.1 25  0.0                           
102334091119104697ショウナンマッハ　　　　　　　　　　 30.5  6.4-11.2-10.2 -7.2 23  0.0                           
102334091220110090ティニア　　　　　　　　　　　　　　 10.6  2.7 12.1 15.4  9.1 39 22.1                           
102334091319101917エテルナメンテ　　　　　　　　　　　 26.9  5.7-11.2-10.6 -7.3 23  0.0                           
102334091418106455メイショウハボタン　　　　　　　　　 29.6  6.2 -3.4  0.3 -1.2 29  0.0                           
102334091519105044アドマイヤラヴィ　　　　　　　　　　  7.4  2.2 10.3 10.7  7.0 37 13.4  5                        
102334091617100922フチサンメルチャン　　　　　　　　　 16.0  3.7 -3.3-13.9 -5.4 25  0.0                           
102334100116100297カシノブレンド　　　　　　　　　　　 28.2  5.9-12.8-10.6 -7.9 27  0.0                           
102334100218105833アルメイダミノル　　　　　　　　　　 49.6 10.0-11.2 -1.6 -4.6 30  0.0                           
102334100318101796リキサントライ　　　　　　　　　　　 30.7  6.4-12.8 -7.0 -6.8 28  0.0                           
102334100419106684イチネンエーグミ　　　　　　　　　　 20.9  4.6  8.7  2.6  4.0 39  0.0                           
102334100519102059ブランアルディ　　　　　　　　　　　 12.8  3.1 10.1  7.7  6.0 41  0.0                           
102334100619105133スワヤンブナート　　　　　　　　　　 36.8  7.6 -7.9-12.5 -6.6 28  0.0                           
102334100718105350フルヴォート　　　　　　　　　　　　  3.1  1.5 18.5 22.7 13.6 49 16.2                           
102334100819101291コンスタンティン　　　　　　　　　　  6.3  2.0  7.6  9.8  5.7 41 19.1                           
102334100918105503ロコポルティ　　　　　　　　　　　　  8.8  2.5  1.5  7.5  2.8 38  0.0                           
102334101018104669ダノンドリーマー　　　　　　　　　　 29.0  6.1 -7.9 -7.7 -5.2 30  0.0                           
102334101120102776マルカラピッド　　　　　　　　　　　 23.1  5.0 -3.3 -6.1 -3.0 32 26.5                           
102334101219104116コパノニコルソン　　　　　　　　　　  4.4  1.7 14.2 15.0  9.7 45 12.4                           
102334101317106012ダッチマン　　　　　　　　　　　　　 55.7 10.8-11.2-12.2 -7.8 27  0.0                           
102334101415101320リバプールタウン　　　　　　　　　　 41.5  8.4-11.2-11.1 -7.4 28  0.0                           
102334101519101964ゼウスバイオ　　　　　　　　　　　　  7.7  2.3  6.0  4.9  3.7 39  0.0                           
102334101617102389ロードインファイト　　　　　　　　　 26.8  5.7 -7.1-13.6 -6.7 28  0.0                           
102334110117105298ストーンリッジ　　　　　　　　　　　 12.9  3.2  1.9  3.1  1.6 52  0.0                           
102334110217101121ボンボヤージ　　　　　　　　　　　　 48.4 10.2-11.3 -9.3 -6.9 43  0.0                           
102334110318105259スティクス　　　　　　　　　　　　　 28.5  6.3-11.8-13.3 -8.3 42  0.0  0                        
102334110416105734サンキューユウガ　　　　　　　　　　 10.7  2.8  3.4 -5.9 -0.5 49  0.0                           
102334110519104108エナジーグラン　　　　　　　　　　　 49.4 10.4-11.2-10.2 -7.2 43  0.0                           
102334110618103238リプレーザ　　　　　　　　　　　　　111.2 21.9 -6.2 -9.3 -5.1 45  0.0                           
102334110719102576クリノマジン　　　　　　　　　　　　 30.4  6.6 -8.3-12.3 -6.7 43  0.0                           
102334110817101765レジェーロ　　　　　　　　　　　　　 24.6  5.5-11.2-11.3 -7.5 43  0.0                           
102334110919105394ママコチャ　　　　　　　　　　　　　  3.3  1.6 16.3 21.0 12.3 62 16.2                           
102334111017103005ロードベイリーフ　　　　　　　　　　 14.3  3.5-11.2 -8.3 -6.6 43  0.0  0                        
102334111115104364トゥラヴェスーラ　　　　　　　　　　  9.0  2.7  7.2  7.8  5.0 55  0.0                           
102334111219103422テイエムスパーダ　　　　　　　　　　 46.1  9.7-11.2-15.0 -8.6 41  0.0                           
102334111319110102デュガ　　　　　　　　　　　　　　　 13.0  3.3  4.6  7.3  3.9 54 16.5                           
102334111420101588ロンドンプラン　　　　　　　　　　　 19.3  4.5 -1.2 -6.0 -2.2 48  0.0                           
102334111519110107ジャスパークローネ　　　　　　　　　 17.8  4.2  5.8  0.4  2.2 52  0.0                           
102334111617106387スマートリアン　　　　　　　　　　　 18.0  4.3  8.1  6.6  4.9 55 28.0                           
102334111718100032シゲルピンクルビー　　　　　　　　　 26.7  5.9 -7.5  2.2 -2.1 48  0.0                           
102334111820102764モズメイメイ　　　　　　　　　　　　  4.7  1.8 15.8  5.2  7.4 57 17.7                           
102334120120106399ユメハハテシナク　　　　　　　　　　 14.4  3.2  8.4  7.5  5.3 25  0.0                           
102334120218105284ピエトラサンタ　　　　　　　　　　　 23.8  4.7 -4.9  0.7 -1.6 18  0.0  0                        
102334120320102932タロントゥーズ　　　　　　　　　　　  5.0  1.7 12.1 14.3  8.7 29 17.7                           
102334120419104261メイショウオグマ　　　　　　　　　　 11.1  2.6  9.5  8.6  6.1 26 15.4                           
102334120520102262ドゥラリアル　　　　　　　　　　　　  2.3  1.3 20.6 19.4 13.4 33 16.2                           
102334120618104571ワイドアウェイク　　　　　　　　　　 71.4 12.5-11.2 -8.9 -6.8 13  0.0                           
102334120720100685ディーエスソフィア　　　　　　　　　  6.6  1.9  7.9 19.8  8.8 29  0.0                           
102334120820105897ソアラ　　　　　　　　　　　　　　　 47.6  8.8-11.2-12.9 -8.0 12  0.0                           
102334120920101214ミヤジトレヴ　　　　　　　　　　　　 44.6  8.2-11.2 -9.5 -7.0 13  0.0                           
102334121020106576モノクロームスター　　　　　　　　　 30.9  5.9  0.6 15.1  4.8 25  0.0                           
102334121120103991タマモネモフィラ　　　　　　　　　　 19.6  4.1  0.7  8.4  2.8 23  0.0                           
102334121220103673ケイエイト　　　　　　　　　　　　　 31.1  5.9 -7.6  2.8 -1.9 18  0.0                           
102334121317102599テイエムファルコン　　　　　　　　　 72.3 12.6-11.2 -4.0 -5.3 15  0.0                           
102334121420101641エムズマインド　　　　　　　　　　　 10.6  2.5  0.9 -1.3 -0.1 20 20.6                           
102334121520101925アイヤナ　　　　　　　　　　　　　　 22.4  4.5-10.3  7.4 -1.6 18  0.0                           
102334121619101233アイファーファイト　　　　　　　　　 38.1  7.1-11.2 -8.6 -6.7 13  0.0                           
