062253010120104238カマラードマリー　　　　　　　　　　 11.0  2.9  9.5 13.9  7.9 13 21.7                           
062253010220105327パイアイヤー　　　　　　　　　　　　  4.7  1.7 11.4 15.3  9.0 14  0.0                           
062253010320106968エマウリオマレプ　　　　　　　　　　 44.5  9.5-14.7 -7.3 -7.1 -2  0.0                           
062253010420104648キョウエイジョイ　　　　　　　　　　 40.7  8.8-11.6-12.2 -8.0 -3  0.0                           
062253010520105941ニシノピボット　　　　　　　　　　　 13.6  3.4 11.9  9.0  6.9 12 12.2                           
062253010620106970スングリダンダン　　　　　　　　　　 77.9 15.8-12.6-12.6 -8.4 -3  0.0                           
062253010720104169キタノマーベラス　　　　　　　　　　 31.4  6.9 -3.2 -2.1 -1.7  3  0.0  0                        
062253010820101738ヘルスケア　　　　　　　　　　　　　 96.2 19.4-11.6-10.6 -7.4 -2  0.0                           
062253010920104128ニケファルコン　　　　　　　　　　　 25.3  5.7-12.1 -2.6 -4.6  0  0.0                           
062253011020100039ベアカワイコチャン　　　　　　　　　  3.8  1.6 14.5 14.8  9.8 15  8.0                           
062253011120105136テイエムスイスイ　　　　　　　　　　  4.3  1.7 15.5 10.1  8.4 13  8.6                           
062253011220102605サトノミネルヴァ　　　　　　　　　　  5.9  2.0 11.5  9.8  7.0 12 10.1                           
062253011320102786チキチキチータ　　　　　　　　　　　 36.3  7.9-12.1-12.3 -8.1 -3  0.0                           
062253011420105481ジュエルマドンナ　　　　　　　　　　 28.4  6.3-12.1-10.0 -7.3 -2  0.0                           
062253011520102677プリティセレブ　　　　　　　　　　　 11.3  3.0  9.2  6.0  5.0 10  0.0                           
062253011620109054パープルラメーラ　　　　　　　　　　100.7 20.2-12.1-10.0 -7.3 -2  0.0                           
062253020120106385ブレードキング　　　　　　　　　　　 25.2  6.1 -3.2 -3.9 -2.4  3 15.9                           
062253020220100382ニシノファンフェア　　　　　　　　　  4.8  1.8 10.3 16.0  9.0 14  9.4                           
062253020320104354ジャクソン　　　　　　　　　　　　　  4.8  1.8 15.9 13.4  9.7 15  8.6                           
062253020420107126ラフト　　　　　　　　　　　　　　　 13.2  3.5 -1.9 -6.4 -2.9  2 12.2                           
062253020520100178ウインクリエ　　　　　　　　　　　　 12.6  3.4 -4.8 -2.0 -2.2  3  0.0                           
062253020620104945ベルウッドグラス　　　　　　　　　　 16.8  4.3 -3.9  1.8 -0.5  4 13.8                           
062253020720101465フクノブルジュ　　　　　　　　　　　  4.5  1.8 16.0 15.0 10.3 15  8.0                           
062253020820103088ピックアップライン　　　　　　　　　 46.8 10.7-11.6-14.3 -8.7 -4  0.0                           
062253020920100353ロゴデザイン　　　　　　　　　　　　 16.8  4.3 -3.4 -1.1 -1.4  4  0.0                           
062253021020101457リネンマンボ　　　　　　　　　　　　  8.1  2.6  4.2  6.5  3.6  9  0.0                           
062253021120102385ヒュームテソーロ　　　　　　　　　　 38.3  8.9-12.1-10.0 -7.3 -2  0.0                           
062253021220104740エドノアンジェラス　　　　　　　　　 11.3  3.1 -1.5 13.6  4.5 10  0.0                           
062253021320105108リアルブリージー　　　　　　　　　　 22.4  5.5 -5.6  9.5  1.8  7  0.0  5                        
062253021420100366ディオスシチー　　　　　　　　　　　 70.5 15.4 -6.4-12.4 -6.5 -1  0.0                           
062253021520100836リーア　　　　　　　　　　　　　　　 15.4  4.0 -0.7  2.2  0.6  6  0.0                           
062253030120101418クラウンジン　　　　　　　　　　　　 73.7 12.4-11.6 -6.7 -5.9 -1  0.0                           
062253030220106097ユーメイドマイデイ　　　　　　　　　 48.7  8.6-11.6-12.5 -8.1 -3  0.0                           
062253030320100639サイモンギフト　　　　　　　　　　　  3.5  1.4 12.4 20.0 11.1 16  8.6                           
062253030420105911モテオ　　　　　　　　　　　　　　　 93.8 15.6-12.6-10.0 -7.4 -2  0.0                           
062253030520102060ストリートジャガー　　　　　　　　　 27.3  5.1 -1.9  1.9  0.1  5  0.0                           
062253030620105278セイカパルナッソス　　　　　　　　　 36.1  6.6-12.1-12.6 -8.3 -3  0.0                           
062253030720106979ベベ　　　　　　　　　　　　　　　　 24.2  4.6 -0.9  4.0  1.2  6  0.0                           
062253030820107135ハッポウヤブレ　　　　　　　　　　　137.4 22.5-12.1-10.6 -7.5 -3  0.0                           
062253030920106620ラージフィールド　　　　　　　　　　 26.2  5.0-11.6-13.6 -8.5 -3  0.0  0                        
062253031020100769コスモレンブランサ　　　　　　　　　 20.8  4.1 -4.2 -2.0 -2.0  3  0.0                           
062253031120102192キョウエイノーブル　　　　　　　　　 58.4 10.0 -8.5-13.3 -7.4 -2  0.0                           
062253031220104529レジェンダシチー　　　　　　　　　　 17.7  3.6  2.3  4.5  2.3  7  0.0                           
062253031320104125キーチキング　　　　　　　　　　　　  2.7  1.3 20.1 20.0 13.4 18 15.9                           
062253031420107042クワスタッキー　　　　　　　　　　　 73.7 12.4 -8.7 -2.0 -3.3  2  0.0                           
062253031520104122アンプレッセシチー　　　　　　　　　  6.6  1.9 13.8 13.0  8.9 14 20.2                           
062253031620106388ディアナゼロス　　　　　　　　　　　  4.7  1.5 17.5 13.7 10.3 15  9.4                           
062253040120100301サルヴァトーレ　　　　　　　　　　　  4.3  1.5 18.3 18.7 12.3 17  8.7                           
062253040220102078レーベンスティール　　　　　　　　　  2.1  1.2 22.7 20.0 14.1 19 15.9                           
062253040320104437ジャーニーメモリー　　　　　　　　　 19.1  3.6 -0.2  6.5  2.3  7  0.0                           
062253040420101263イマキバラ　　　　　　　　　　　　　 79.8 12.4 -6.7-10.0 -5.7 -1  0.0                           
062253040520100761マンマリアーレ　　　　　　　　　　　  6.8  1.8 13.6 14.7  9.5 14 18.8                           
062253040620100621マイバラード　　　　　　　　　　　　 33.1  5.7 -8.8 -2.1 -3.4  2  0.0  0                        
062253040720104927ケイグンノイッカク　　　　　　　　　 44.2  7.4-10.3-10.0 -6.8 -2  0.0                           
062253040820100109ヒラトミッチー　　　　　　　　　　　 36.7  6.2 -5.4 -3.2 -2.8  2  0.0                           
062253040920104351ブランディー　　　　　　　　　　　　 40.2  6.7-12.1  6.3 -1.3  4  0.0                           
062253041020104001フジリョウエイ　　　　　　　　　　　 13.6  2.8  4.8 11.2  5.5 11  0.0                           
062253041120106762イデアテッシン　　　　　　　　　　　 36.9  6.2-12.1  4.5 -2.0  3  0.0                           
062253041220102452フェスティヴビーム　　　　　　　　　 14.8  2.9 -2.6 -6.4 -3.1  2  0.0                           
062253041320104878シルバープリペット　　　　　　　　　 44.3  7.4 -5.2  1.9 -0.9  4  0.0                           
062253041420102181コロンビアテソーロ　　　　　　　　　 62.6  9.9-12.1-10.1 -7.3 -2  0.0                           
062253041520103724ロッカフラダンサー　　　　　　　　　 23.4  4.2 -6.7  6.2  0.3  5  0.0                           
062253041620102507トーセンサマンサ　　　　　　　　　　 16.0  3.1  6.0  0.0  1.8  7 11.5                           
062253050120105825ミツカネサターン　　　　　　　　　　115.9 20.5-12.1-10.0 -7.3 -7  0.0                           
062253050220106481クリーンショコラ　　　　　　　　　　 43.1  8.2-12.1-11.9 -8.0 -8  0.0                           
062253050320102740コントラポスト　　　　　　　　　　　  3.4  1.3 21.2 27.4 16.4 16  9.4                           
062253050420103941ホウオウビスケッツ　　　　　　　　　 21.6  4.5  7.3  1.2  2.6  3  0.0                           
062253050520105893スイートレーヴ　　　　　　　　　　　117.7 20.8-11.6-11.8 -7.8 -8  0.0                           
062253050620100718クインズクシナダ　　　　　　　　　　 38.0  7.4 -8.8 -8.4 -5.7 -6  0.0                           
062253050720103898イグニション　　　　　　　　　　　　 16.1  3.6  2.4  6.5  3.1  3  0.0                           
062253050820103416テンペスト　　　　　　　　　　　　　  3.3  1.3 19.2 19.8 13.0 13 15.9                           
062253050920105053シルバーステラ　　　　　　　　　　　140.4 24.7-11.6 -6.7 -5.9 -6  0.0                           
062253051020103063マルディランダ　　　　　　　　　　　  3.3  1.3 15.8 15.9 10.6 11  8.7                           
062253051120100641ロカイユ　　　　　　　　　　　　　　 14.0  3.2  9.9  9.3  6.4  6  0.0  5                        
062253051220105992セセラギ　　　　　　　　　　　　　　100.0 17.8-11.6-11.8 -7.8 -8  0.0                           
062253051320105979アロハラニ　　　　　　　　　　　　　 17.3  3.8 -6.0 -2.0 -2.5 -3  0.0                           
062253051420103789コウソクカナ　　　　　　　　　　　　 18.0  3.9  7.3 10.9  6.2  6 24.6                           
062253051520107183シャインルピナス　　　　　　　　　　 26.4  5.3-12.1-10.6 -7.5 -8  0.0                           
062253051620102557アモ　　　　　　　　　　　　　　　　 33.1  6.5 -8.5 -8.4 -5.6 -6  0.0                           
062253060120104630イサムサットン　　　　　　　　　　　 30.3  5.9-11.6 -7.5 -6.2 -6  0.0                           
062253060220109082ギンガ　　　　　　　　　　　　　　　 43.1  8.2-11.6-10.9 -7.5 -7  0.0                           
062253060320106919メイショウフジ　　　　　　　　　　　  8.7  2.4  2.9 12.0  5.3  5  9.4                           
062253060420104762クンバカルナ　　　　　　　　　　　　 17.4  3.8  5.5 -7.1 -1.0 -1  0.0                           
062253060520103119ディズレーリ　　　　　　　　　　　　 13.8  3.1 -5.7 -8.4 -4.8 -5  0.0                           
062253060620110104ラップスター　　　　　　　　　　　　  2.3  1.3 21.3 25.6 15.8 16 15.9  2                        
062253060720104262ダイユウアレース　　　　　　　　　　116.5 20.4-11.6-13.6 -8.5 -8  0.0  0                        
062253060820106013インテンスシチー　　　　　　　　　　 34.7  6.7-12.1-10.5 -7.5 -7  0.0                           
062253060920105388ドラゴングライダー　　　　　　　　　  5.9  1.9 18.7 21.2 13.4 13  8.6                           
062253061020106787グレイソニック　　　　　　　　　　　140.3 24.5-12.6 -9.5 -7.3 -7  0.0                           
062253061120106155モジャータルマエ　　　　　　　　　　  9.2  2.5  6.3 11.2  6.0  6 10.1  2                        
062253061220103148ショウナンライシン　　　　　　　　　 15.0  3.3 -4.9  1.7 -0.8 -1  0.0                           
062253061320106867エピックヒーロー　　　　　　　　　　 12.7  2.9  4.5 -2.0  0.6  1  0.0                           
062253061420102956ブライテストドーン　　　　　　　　　 17.8  3.8  1.7-15.0 -5.0 -5  0.0  0                        
062253061520104328パープルアドミラル　　　　　　　　　 35.2  6.8-10.3 -2.0 -3.8 -4  0.0                           
062253061620106788ティーラミレス　　　　　　　　　　　 20.6  4.3 -1.3 -2.0 -1.1 -1 14.4                           
062253070119104845シャドウマッドネス　　　　　　　　　 57.5 12.4-12.1-10.0 -7.3 13  0.0                           
062253070219104159カヨウネンカ　　　　　　　　　　　　  5.2  2.0 17.1 16.4 11.1 31  0.0  4                        
062253070319105559ロジマンボ　　　　　　　　　　　　　 11.1  3.0 -8.1  6.6  0.0 20  0.0                           
062253070419105381ベストフィーリング　　　　　　　　　  3.9  1.7 11.7 15.8  9.3 29 15.9                           
062253070519104687ソバナ　　　　　　　　　　　　　　　 11.9  3.2  8.2  2.3  3.3 23 12.2  5                        
062253070619105844ディープレイヤー　　　　　　　　　　  9.5  2.9  6.3  7.2  4.5 25  9.4                           
062253070719105305ルージュカルミア　　　　　　　　　　 15.3  3.9  4.4 -1.7  0.7 21  0.0  5                        
062253070819105643ナンヨーアゼリア　　　　　　　　　　 20.1  5.0 -8.8  3.4 -1.4 19 15.1                           
062253070919105477ロムネヤ　　　　　　　　　　　　　　 11.1  3.0 10.9  7.4  6.0 26  0.0                           
062253071019104805デコラシオン　　　　　　　　　　　　 10.7  2.9  7.5 18.4  9.0 29  0.0                           
062253071119100768マイネルニコラス　　　　　　　　　　 19.9  4.9 -3.3-15.5 -6.7 13 14.5  0                        
062253071219105365ミント　　　　　　　　　　　　　　　 30.8  7.2-10.4-10.0 -6.8 13  0.0                           
062253071319101351セキテイオー　　　　　　　　　　　　 22.6  5.4  2.0 14.3  5.8 26  0.0                           
062253071419102104コウキ　　　　　　　　　　　　　　　 33.7  7.8-12.6 -7.5 -6.5 13  0.0                           
062253071519105784ステラナビゲーター　　　　　　　　　 27.1  6.4-10.3 -6.3 -5.4 15  0.0                           
062253071619103827オウケンボルト　　　　　　　　　　　 12.7  3.4 -8.8 -5.1 -4.5 15  0.0                           
062253080119106027プリンスミノル　　　　　　　　　　　  4.6  1.8  9.6 26.4 12.6 33  8.6                           
062253080219102384タイラーテソーロ　　　　　　　　　　 16.8  4.1  0.2  1.8  0.7 21  0.0                           
062253080319105148カズラポニアン　　　　　　　　　　　  5.9  2.0 12.8  8.0  6.8 27 10.1                           
062253080419105083ホウオウニンジャ　　　　　　　　　　 31.1  7.0-10.3-11.9 -7.5 13  0.0                           
062253080519101906ノクターナリティ　　　　　　　　　　 12.4  3.2  6.6 15.0  7.5 27 23.1                           
062253080617100968キタノポケット　　　　　　　　　　　 37.4  8.3-12.1-10.9 -7.6 12  0.0                           
062253080719102785ケイティマジック　　　　　　　　　　 15.6  3.9  5.3  5.0  3.4 23  0.0                           
062253080819110073ポイズンアロウ　　　　　　　　　　　 15.1  3.8 -4.2 10.6  2.6 23  0.0                           
062253080919100144メイマックス　　　　　　　　　　　　 39.4  8.7-10.0-12.4 -7.5 12  0.0                           
062253081019100234セイゲン　　　　　　　　　　　　　　  6.9  2.2 13.6  7.3  6.8 27  0.0                           
062253081119102163フォーワンセルフ　　　　　　　　　　  5.4  1.9 13.6  6.4  6.4 26  9.4                           
062253081219103956エコロエース　　　　　　　　　　　　 45.3  9.9-12.1 -8.1 -6.6 13  0.0                           
062253081319103543マイネルサハラ　　　　　　　　　　　  3.8  1.6 16.0 20.9 12.5 32  7.9                           
062253090120102121シルバーレイズ　　　　　　　　　　　 20.8  4.5 -3.7  6.5  1.3 21  0.0                           
062253090220103885クリノゴッホ　　　　　　　　　　　　 16.4  3.7 -7.1 16.7  4.0 24  0.0                           
062253090320103328スプレモフレイバー　　　　　　　　　  2.9  1.4 17.4 32.7 17.2 37 15.9                           
062253090420101419ブーケファロス　　　　　　　　　　　  4.6  1.6 14.6 10.0  8.0 28  0.0                           
062253090520103284トールキン　　　　　　　　　　　　　  4.3  1.6 17.1 29.3 15.9 36  8.7  2                        
062253090620104342キガン　　　　　　　　　　　　　　　  6.3  2.0  5.4 28.8 12.2 32 10.1                           
062253090720103093プレジャークルーズ　　　　　　　　　 20.9  4.5 -6.0 -4.2 -3.3 17  0.0                           
062253090820105571レイフォール　　　　　　　　　　　　 11.3  2.7 10.7 14.2  8.4 28 23.1                           
062253090920100741ノーブルラン　　　　　　　　　　　　  9.1  2.5 10.1  4.0  4.5 24  0.0                           
062253091020100305セイウンスイート　　　　　　　　　　 27.8  5.7 -7.4-10.1 -5.9 14  0.0                           
062253091120106973デイドリームビーチ　　　　　　　　　 52.8 10.2-11.6-11.8 -7.8 12  0.0                           
062253100118105317キミワテル　　　　　　　　　　　　　  9.4  2.7 -6.2  1.3 -1.4 34  0.0                           
062253100217101363トライハード　　　　　　　　　　　　 20.3  4.7 -8.4-10.1 -6.2 29  0.0                           
062253100318103086ヴァーチャリティ　　　　　　　　　　 15.8  3.8 -0.4 -7.6 -2.9 32  0.0                           
062253100419103529アルファマム　　　　　　　　　　　　  3.0  1.5 19.4 15.7 11.6 47  8.0                           
062253100518105460プレフェリータ　　　　　　　　　　　 27.2  5.9  7.6-15.2 -3.3 32 15.9A 0                        
062253100617100216チェリーブリーズ　　　　　　　　　　 68.5 13.5-12.1-10.0 -7.3 28  0.0                           
062253100716100952ヴァリアント　　　　　　　　　　　　 11.2  2.9 -4.1  2.3 -0.4 35 10.8                           
062253100818110126ジャスパーゴールド　　　　　　　　　  8.4  2.5  8.3 12.9  7.2 42  0.0  5                        
062253100917100167カイアワセ　　　　　　　　　　　　　 20.8  4.8 -3.2 -2.0 -1.7 33  0.0                           
062253101017104744エリモグリッター　　　　　　　　　　 28.3  6.1 -0.7-10.9 -4.2 31  0.0                           
062253101118103705サイファーシチー　　　　　　　　　　 17.9  4.2 -4.5  6.1  0.9 36  0.0                           
062253101214103514パワフルヒロコ　　　　　　　　　　　 99.3 19.4-12.9-10.1 -7.6 27  0.0                           
062253101317104130ナイトブリーズ　　　　　　　　　　　 13.4  3.3  5.1 21.6  9.4 44  0.0                           
062253101416104749フジノタカネ　　　　　　　　　　　　 12.9  3.2  1.7 -1.7 -0.1 35 11.6                           
062253101516103900エスケーアタランタ　　　　　　　　　 31.2  6.7 -9.9 -3.6 -4.3 31  0.0                           
062253101617103482コパシーナ　　　　　　　　　　　　　  5.1  1.9 10.6 16.6  9.3 44 17.3                           
062253110117105356ヴェルテックス　　　　　　　　　　　 23.2  5.1 -9.3 -5.6 -4.8 40  0.0                           
062253110215104714レッドヴェイロン　　　　　　　　　　 24.5  5.4-12.6-10.3 -7.6 37  0.0                           
062253110317104232ディアセオリー　　　　　　　　　　　  8.2  2.4 11.8  7.4  6.3 51 10.1                           
062253110416105885ニューモニュメント　　　　　　　　　  3.5  1.6 21.0 16.1 12.2 57  8.0                           
062253110516105472ホウオウトゥルース　　　　　　　　　 37.6  7.9-10.3-12.3 -7.6 37  0.0                           
062253110616105047トランスナショナル　　　　　　　　　 31.1  6.6 -8.7 -1.1 -3.0 42  0.0                           
062253110718102362オセアダイナスティ　　　　　　　　　 12.0  3.0 -0.5 10.6  3.7 49 11.5                           
062253110816105292レッドジェニアル　　　　　　　　　　 52.8 10.8-12.9-10.1 -7.6 37  0.0                           
062253110916103957デルマルーヴル　　　　　　　　　　　 25.6  5.6  1.5 -8.5 -2.7 42  0.0                           
062253111017102011キタノヴィジョン　　　　　　　　　　 17.0  4.0  1.8  8.0  3.5 48  0.0                           
062253111116106255アッシェンプッテル　　　　　　　　　 46.0  9.5-12.9-10.1 -7.6 37  0.0                           
062253111218103540ホウオウルバン　　　　　　　　　　　  7.9  2.4  4.8 16.9  7.6 53  9.4                           
062253111317104819ダノンファスト　　　　　　　　　　　 15.5  3.7  3.1 19.5  8.1 53  0.0                           
062253111417101895ペルセウスシチー　　　　　　　　　　 30.0  6.4 -8.4 -8.4 -5.6 39  0.0                           
062253111517100376アラジンバローズ　　　　　　　　　　  4.0  1.7 19.2 22.0 13.8 59 17.3                           
062253111617103617サンダーブリッツ　　　　　　　　　　 10.6  2.7  7.5  9.8  5.8 51  0.0                           
062253120117101417ウインアルカンナ　　　　　　　　　　152.0 32.6-12.1 -6.7 -6.1 24  0.0                           
062253120218105336セナリスト　　　　　　　　　　　　　 15.0  4.0  0.4 -5.3 -1.8 28  0.0                           
062253120319101629グランスラムアスク　　　　　　　　　  4.4  1.8 16.9 26.1 14.6 45  8.0                           
062253120417104095ジャルジェ　　　　　　　　　　　　　 27.7  6.6 -4.3 -7.9 -4.2 26  0.0                           
062253120518105367ルージュメサージュ　　　　　　　　　  6.5  2.3 15.4  9.4  8.1 38  0.0                           
062253120617104478ヒューマンコメディ　　　　　　　　　 20.9  5.3 -4.9  5.2  0.4 30  0.0                           
062253120718104711エトワールマタン　　　　　　　　　　 59.6 13.2 -8.5  1.0 -2.2 28  0.0                           
062253120817104689ブルームスベリー　　　　　　　　　　  5.1  1.9  4.7 -2.0  0.7 31  9.4                           
062253120918105345エクランドール　　　　　　　　　　　  6.0  2.1 16.0 19.2 11.8 42 20.2                           
062253121017104781グレースオブナイル　　　　　　　　　 61.0 13.5-11.6-13.9 -8.6 21  0.0                           
062253121117103123ヤマニンプレシオサ　　　　　　　　　 55.5 12.3 -9.6-10.0 -6.5 23  0.0                           
062253121217105663バルバレスコ　　　　　　　　　　　　 68.4 15.0-10.3-10.2 -6.8 23  0.0                           
062253121319105337テーオーアリエス　　　　　　　　　　 24.0  5.8 -9.8-10.1 -6.6 23  0.0                           
062253121417104824エンジェルサークル　　　　　　　　　 31.0  7.3 -8.4-12.2 -7.0 23  0.0                           
062253121516104462クールウォーター　　　　　　　　　　 19.9  5.0  0.1  4.0  1.5 31  0.0                           
062253121618102173ヒットザシーン　　　　　　　　　　　 22.7  5.5 -6.6 -6.4 -4.3 26 13.8                           
062253121718105360アイアゲート　　　　　　　　　　　　 48.3 11.1-10.7 -2.0 -3.9 26  0.0                           
062253121819100693アレグロモデラート　　　　　　　　　  4.9  1.9 13.9 14.3  9.4 39  8.6                           
072263010120103847グリームクィーン　　　　　　　　　　 39.4  7.1-10.9  7.5 -1.7  3  0.0                           
072263010220105076シミーシェイク　　　　　　　　　　　 14.5  3.1  5.0 15.0  6.3 11  0.0                           
072263010320105093ミルトプライム　　　　　　　　　　　  4.1  1.5 17.2 22.5 13.1 18 15.0                           
072263010420101636シークレットトーク　　　　　　　　　 26.8  5.1 -0.8-12.5 -4.0  1  0.0                           
072263010520102639カンフーダンス　　　　　　　　　　　  2.5  1.3 23.9 30.0 17.8 23 13.8                           
072263010620102293オウユーナッシング　　　　　　　　　 24.2  4.6-10.9-12.5 -7.7 -3  0.0                           
072263010720103467ナリサ　　　　　　　　　　　　　　　  8.1  2.2  6.7-15.0 -2.0  3 17.5                           
072263010820100267ハクサンミューズ　　　　　　　　　　 33.4  6.2  2.7-12.5 -2.8  2  0.0                           
072263010920105409ディアドコス　　　　　　　　　　　　 11.8  2.6  1.5  9.0  3.3  8 14.0                           
072263011020102311テーオーミシュラン　　　　　　　　　 11.4  2.6 -3.0-15.0 -5.6 -1  0.0                           
072263011120100619レヴィアタン　　　　　　　　　　　　  7.1  2.0 11.4 16.1  9.0 14  0.0  3                        
072263011220106917メイショウライジン　　　　　　　　　 28.9  5.4 -7.9 -9.0 -5.6 -1  0.0                           
072263011320105371ロサムンディー　　　　　　　　　　　 52.5  9.3-10.9-12.5 -7.7 -3  0.0                           
072263020118106467メテオダヴリル　　　　　　　　　　　  8.8  2.8 10.7 15.0  8.4 28  0.0                           
072263020219104733トゥーレツリー　　　　　　　　　　　 14.9  3.9-12.8-15.0 -9.2 11  0.0                           
072263020319106031サンマルソムニア　　　　　　　　　　 16.3  4.2 -7.5  7.5 -0.5 20  0.0                           
072263020419105528デームフォーチュン　　　　　　　　　 14.2  3.8 -7.9-15.0 -7.4 13  0.0                           
072263020519101620リノアラ　　　　　　　　　　　　　　  4.4  1.8 15.7 30.0 14.8 35 13.8                           
072263020619103210フレンチギフト　　　　　　　　　　　  5.7  2.0 11.4-12.5  0.4 20  0.0                           
072263020719105287フォンメイリー　　　　　　　　　　　  9.4  2.9  6.7  9.0  5.2 25  0.0                           
072263020817104052トレッファー　　　　　　　　　　　　  7.1  2.4 10.3 24.2 11.0 31  0.0                           
072263020919102137シロン　　　　　　　　　　　　　　　 12.4  3.4  1.7 18.0  6.0 26 22.5                           
072263021019105297ニューノーマル　　　　　　　　　　　 11.3  3.1 -8.2-15.0 -7.5 12 14.9                           
072263021118102988キアヌマウナ　　　　　　　　　　　　 37.9  8.8-10.9 -4.9 -5.5 15  0.0                           
072263021219106713クインズグレイト　　　　　　　　　　  4.9  1.9 17.8  5.4  8.1 28 15.0                           
072263030119100132ペイシャカレン　　　　　　　　　　　 17.0  3.5 -7.5  7.5 -0.5 20  0.0                           
072263030219106862マブセレナード　　　　　　　　　　　 24.9  4.8-10.9-12.5 -7.7 12  0.0                           
072263030319104288ピカリエ　　　　　　　　　　　　　　 32.3  6.0 -7.5-12.5 -6.5 14  0.0                           
072263030419103440ミラビリス　　　　　　　　　　　　　  8.1  2.2 14.1  7.5  7.4 27  0.0                           
072263030517104266カップッチョ　　　　　　　　　　　　 40.8  7.5-11.8-12.5 -8.1 12  0.0                           
072263030619104260メイショウクリフト　　　　　　　　　  3.4  1.5 18.9 17.4 12.1 32 15.0                           
072263030716105576シュロス　　　　　　　　　　　　　　 13.1  2.9 -4.3 15.0  2.9 23  0.0                           
072263030819105709グッドウッドガイ　　　　　　　　　　 11.3  2.6  8.4  9.0  5.8 26  0.0                           
072263030917102178メルテッドハニー　　　　　　　　　　 34.4  6.4-10.9  7.5 -1.7 18  0.0                           
072263031019104660フラップシグナス　　　　　　　　　　  7.6  2.1 14.7  4.1  6.6 27 16.3                           
072263031118104420ベストインクラス　　　　　　　　　　 35.3  6.5 -7.4-12.5 -6.5 14  0.0                           
072263031218103388ゴイゴイスー　　　　　　　　　　　　  2.9  1.4 19.4 16.4 12.0 32 13.8                           
072263031318105383カラパタール　　　　　　　　　　　　 17.4  3.6  4.3  7.5  3.8 24 15.8                           
072263031418103488キャットリング　　　　　　　　　　　 66.2 11.4-11.8-15.0 -8.8 11  0.0                           
072263040120106777セレッソデアモール　　　　　　　　　 21.9  4.6  4.0  9.0  4.2  9  0.0                           
072263040220106275エイシンエラン　　　　　　　　　　　 33.0  6.7 -7.9-15.0 -7.4 -2  0.0                           
072263040320102932タロントゥーズ　　　　　　　　　　　  5.0  1.7 14.8 30.0 14.4 19 15.0                           
072263040420104400テイエムノーブル　　　　　　　　　　 41.9  8.3-11.9-15.0 -8.9 -4  0.0                           
072263040520101394フェルドランス　　　　　　　　　　　 12.9  3.0 13.1  7.5  7.1 12 13.1                           
072263040620105809マイネルフォルツァ　　　　　　　　　 19.8  4.3-10.9-12.5 -7.7 -3  0.0                           
072263040720102139ネザーランドリマ　　　　　　　　　　 87.0 16.0-10.9-12.5 -7.7 -3  0.0                           
072263040820105578トウロウノオノ　　　　　　　　　　　 41.6  8.2-10.9-12.5 -7.7 -3  0.0                           
072263040920103305アリーチェ　　　　　　　　　　　　　 67.4 12.6-10.9-12.5 -7.7 -3  0.0                           
072263041020106166ヒルズカーン　　　　　　　　　　　　 71.2 13.2-10.9  7.5 -1.7  3  0.0                           
072263041120110015スターリングナウ　　　　　　　　　　 24.4  5.1-12.8 -9.0 -7.4 -2  0.0                           
072263041220103314カレンパンピナップ　　　　　　　　　  5.1  1.7 15.0 15.0 10.0 15 16.3                           
072263041320100208フクノカトレア　　　　　　　　　　　 17.8  3.9 -4.7  9.0  1.0  6  0.0                           
072263041420102853シャドウフューリー　　　　　　　　　  2.6  1.3 23.6 22.5 15.4 20 13.8                           
072263041520106355フェゲフォイア　　　　　　　　　　　  8.9  2.5 11.4 18.0  9.6 15  0.0                           
072263041620101783パニックボタン　　　　　　　　　　　 14.5  3.3 -3.7  5.5  0.3  5  0.0                           
072263050120104851デセオ　　　　　　　　　　　　　　　 37.9  7.3-11.9-15.0 -8.9 -4  0.0                           
072263050220101781アウローラシエル　　　　　　　　　　  9.3  2.5  7.2  3.2  3.6  9  0.0                           
072263050320102795バレンタインソング　　　　　　　　　 18.5  4.0-11.9 -9.1 -7.1 -2  0.0                           
072263050420103560ジェモロジー　　　　　　　　　　　　  3.5  1.5 23.5  5.7 10.3 15 15.0                           
072263050520100802チョウウマクイク　　　　　　　　　　 39.6  7.6-12.8-15.0 -9.2 -4  0.0                           
072263050620106634スリーミスラピス　　　　　　　　　　 13.1  3.0  3.9 -9.0 -1.3  4  0.0                           
072263050720103665モンテコルノ　　　　　　　　　　　　  7.3  2.1  9.1 18.0  8.7 14 17.5                           
072263050820104008ブロードイメル　　　　　　　　　　　 34.4  6.7 -8.3-15.0 -7.5 -3  0.0                           
072263050920106518エイシンレジューム　　　　　　　　　 16.8  3.7  7.2 10.9  5.9 11  0.0                           
072263051020102766ジアッシズ　　　　　　　　　　　　　 24.5  5.0 -5.3-15.0 -6.4 -1  0.0                           
072263051120101259マイネルスヴニール　　　　　　　　　 24.0  4.9-10.9-12.5 -7.7 -3  0.0                           
072263051220106352ヨリマル　　　　　　　　　　　　　　  6.3  1.9 11.2  9.0  6.8 12 11.4                           
072263051320100681ジーニアスバローズ　　　　　　　　　  3.1  1.4 17.0 15.0 10.7 16 13.8                           
072263060119101923セイカフォルゴーレ　　　　　　　　　 34.1  6.3-10.9-12.5 -7.7 12  0.0                           
072263060218104772レッドレジェーラ　　　　　　　　　　 30.8  5.8 -4.6  7.5  0.6 21  0.0                           
072263060319106615ウイングスオブラヴ　　　　　　　　　 16.5  3.5 -4.7 17.4  3.5 23  0.0                           
072263060419100026ベルドラゴ　　　　　　　　　　　　　  5.2  1.7  9.2  9.0  6.1 26 11.4                           
072263060519102491プレイテシア　　　　　　　　　　　　 30.0  5.7 -7.9-15.0 -7.4 13  0.0                           
072263060617104190ショーショーショー　　　　　　　　　 78.3 13.3 -7.5-12.5 -6.5 14  0.0                           
072263060719102676リゼレインボー　　　　　　　　　　　 11.5  2.6 10.3  7.5  6.0 26 18.8                           
072263060819104096ブルックレット　　　　　　　　　　　 30.0  5.7-11.9-15.0 -8.9 11  0.0                           
072263060918101551クリノザウルス　　　　　　　　　　　 23.0  4.5 -6.5  7.5 -0.1 20  0.0                           
072263061018105530ゴットゴーゴー　　　　　　　　　　　 10.8  2.5 11.4 18.0  9.6 30  0.0                           
072263061119105296パーカッション　　　　　　　　　　　  4.0  1.5 10.9 15.0  8.5 28 15.0                           
072263061219106978マサノカヴァリエ　　　　　　　　　　123.7 20.7-10.9-12.5 -7.7 12  0.0                           
072263061319105075エルバリオ　　　　　　　　　　　　　  2.5  1.3 20.8 30.0 16.6 37 13.8                           
072263061419102320サイモンカーチス　　　　　　　　　　 27.3  5.2 -4.5-13.4 -5.7 14  0.0  0                        
072263061519101330アイファーグローブ　　　　　　　　　 31.6  5.9 -4.3-12.5 -5.3 15  0.0                           
072263070119104567デインティハート　　　　　　　　　　 20.1  3.8  2.1-12.5 -3.0 17 15.8                           
072263070219105301ロマンシングブルー　　　　　　　　　  3.1  1.3 21.3 22.5 14.6 35 15.0                           
072263070318102665サツキハピネス　　　　　　　　　　　 18.9  3.6  1.8  9.0  3.4 23  0.0                           
072263070417101882ラフダイヤモンド　　　　　　　　　　 18.7  3.6 -9.1-15.0 -7.8 12  0.0                           
072263070516105487ホウオウプリンセス　　　　　　　　　 30.8  5.4 -5.3-15.0 -6.4 14  0.0                           
072263070619102493メロウヴォイス　　　　　　　　　　　 29.2  5.2-10.9-12.5 -7.7 12  0.0                           
072263070718104537リュクスフレンド　　　　　　　　　　 22.0  4.1  0.7-12.5 -3.5 17  0.0                           
072263070819105154チュウワダンス　　　　　　　　　　　  2.7  1.3 21.5 30.0 16.9 37 13.8                           
072263070919105795オメガオリーブ　　　　　　　　　　　 39.0  6.7-10.9-12.5 -7.7 12  0.0                           
072263071019105229ダノンソフィア　　　　　　　　　　　  6.7  1.8 13.6 18.0 10.4 30 16.3                           
072263071119104776ライブインステラ　　　　　　　　　　 17.7  3.5-10.9-12.5 -7.7 12  0.0                           
072263071219101635サトノリーベ　　　　　　　　　　　　 13.1  2.7 10.0 -9.0  1.0 21  0.0                           
072263071317105011エレガントチャーム　　　　　　　　　 24.2  4.4 -4.0  7.5  0.8 21  0.0                           
072263071417105940ジェラペッシュ　　　　　　　　　　　 77.5 12.3-10.9-12.5 -7.7 12  0.0                           
072263071518106612オリアメンディ　　　　　　　　　　　 77.5 12.3-10.9-12.5 -7.7 12  0.0                           
072263080117101159アイアムイチリュウ　　　　　　　　　  5.5  1.8  9.5 20.0  9.5 29 18.8                           
072263080218105996サムハンター　　　　　　　　　　　　  3.4  1.4 16.8 22.5 12.9 33 15.0                           
072263080318100679インテンスフレイム　　　　　　　　　  5.2  1.7 12.1  4.1  5.7 26  0.0                           
072263080417101624クリノヴィンセント　　　　　　　　　 33.0  6.5-10.9-12.5 -7.7 12  0.0                           
072263080518100241クリノアンビシャス　　　　　　　　　 20.2  4.3-10.4 -9.0 -6.5 13  0.0                           
072263080618102453ネオヒューズ　　　　　　　　　　　　 33.5  6.6-10.9-12.5 -7.7 12  0.0                           
072263080719105473レッドバロッサ　　　　　　　　　　　  4.9  1.6 14.8 20.5 11.6 32 16.3                           
072263080819100682サトノギベオン　　　　　　　　　　　  3.3  1.4 15.6  7.5  8.0 28  9.6                           
072263080918105315グランメテオール　　　　　　　　　　 11.2  2.7  5.2  4.7  3.3 23  0.0                           
072263090120104332ルミノメテオール　　　　　　　　　　 18.2  4.5 -7.5-12.5 -6.5 14  0.0                           
072263090220102352エムオーチロ　　　　　　　　　　　　 58.1 12.3-10.4-10.8 -7.1 13  0.0                           
072263090320102764モズメイメイ　　　　　　　　　　　　 13.5  3.5 -4.2 11.1  1.8 22  0.0  1  172   47              
072263090420103393ダルエスサラーム　　　　　　　　　　  6.3  2.1 11.9 15.0  8.9 29  0.0                           
072263090520106737メイショウコギク　　　　　　　　　　 14.9  3.8 -7.9-15.0 -7.4 13  0.0                           
072263090620105655アリスヴェリテ　　　　　　　　　　　  3.6  1.6 19.8 29.5 16.1 36 13.8                           
072263090720103367ハンベルジャイト　　　　　　　　　　 12.5  3.3  1.0  9.0  3.1 23 20.0                           
072263090820102982ハーエクセレンシー　　　　　　　　　 13.5  3.5  9.3 12.5  7.2 27 15.8                           
072263090920105285ユリーシャ　　　　　　　　　　　　　  7.8  2.5  3.1  9.0  3.8 24  0.0                           
072263091020102640サイモンオリーブ　　　　　　　　　　 27.5  6.3-10.9 -9.0 -6.7 13  0.0                           
072263091120104126サラサハウプリティ　　　　　　　　　  6.3  2.1  9.9 22.5 10.4 30  0.0                           
072263091220100500ヴィエンヌ　　　　　　　　　　　　　  5.0  1.9 19.3 13.1 11.0 31 15.0                           
072263091320103772エイトスターズ　　　　　　　　　　　 34.3  7.7-11.9-15.0 -8.9 11  0.0                           
072263100117106220ブロフェルド　　　　　　　　　　　　 45.9 10.3 -9.4-15.0 -7.9 22  0.0                           
072263100215104955オノリス　　　　　　　　　　　　　　  6.9  2.3  6.6 12.0  6.0 36  0.0                           
072263100317102043ファイヴレター　　　　　　　　　　　 16.5  4.2 -7.5  7.5 -0.5 30  0.0                           
072263100417101755テンピン　　　　　　　　　　　　　　 21.6  5.2 -7.9  4.4 -1.6 28  0.0                           
072263100518101337ヒミノフラッシュ　　　　　　　　　　 10.8  3.0 14.9 15.5 10.1 40 18.8  4                        
072263100619105045シャーマンズケイブ　　　　　　　　　  7.7  2.5  8.9-12.4 -0.5 30 12.3                           
072263100718106259サンマルレジェンド　　　　　　　　　  6.6  2.2 13.1 22.5 11.6 42 15.0                           
072263100815101170ダイシンカローリ　　　　　　　　　　 45.5 10.3-10.8-15.0 -8.5 22  0.0                           
072263100918103149メイショウヨシテル　　　　　　　　　 15.3  3.9  1.9  9.3  3.5 33  0.0                           
072263101018104729ワセダハーツ　　　　　　　　　　　　 11.6  3.2 -4.5  2.3 -1.0 29  0.0                           
072263101117105910エクセレントラン　　　　　　　　　　 36.3  8.3-10.9-12.5 -7.7 22  0.0                           
072263101218104439スイートフィル　　　　　　　　　　　 20.1  5.0  2.7  7.5  3.2 33  0.0                           
072263101318106220メイショウシロガネ　　　　　　　　　 30.2  7.0-11.8-18.3 -9.8 20  0.0  0                        
072263101419110007コルドンルージュ　　　　　　　　　　  3.4  1.6 12.3 30.0 13.5 44 13.8                           
072263101518104156ダッシュダクラウン　　　　　　　　　 12.0  3.2 -0.5  9.0  2.5 33  0.0                           
072263101614105853アーザムブルー　　　　　　　　　　　 44.0  9.9-10.9-12.5 -7.7 22  0.0                           
072263110119105155キラーアビリティ　　　　　　　　　　  8.3  2.4  9.7 18.0  9.0 59 12.3                           
072263110217102406コトブキテティス　　　　　　　　　　 34.6  7.2-10.9-12.5 -7.7 42  0.0                           
072263110316104624ハヤヤッコ　　　　　　　　　　　　　 27.6  5.9-10.9-14.9 -8.5 42  0.0  0                        
072263110418105074ワンダフルタウン　　　　　　　　　　 33.8  7.0-11.9-15.0 -8.9 41  0.0                           
072263110517105317アルジャンナ　　　　　　　　　　　　121.2 22.9-10.4-15.0 -8.3 42  0.0                           
072263110618104541プログノーシス　　　　　　　　　　　  3.4  1.5 21.4 22.5 14.6 65 13.8                           
072263110717102537フォワードアゲン　　　　　　　　　　 24.4  5.2 -6.5-12.5 -6.1 44  0.0                           
072263110815104317ギベオン　　　　　　　　　　　　　　 25.8  5.5 -5.7 -9.0 -4.8 45  0.0                           
072263110918104240アイコンテーラー　　　　　　　　　　 49.5 10.0-11.9-13.0 -8.3 42  0.0                           
072263111018105215イクスプロージョン　　　　　　　　　 23.1  5.0-12.8-15.0 -9.2 41  0.0                           
072263111116104632カントル　　　　　　　　　　　　　　  8.8  2.5 13.7 -9.0  2.3 52 18.8                           
072263111218104756バジオウ　　　　　　　　　　　　　　 16.6  3.8 -7.7-12.5 -6.6 43  0.0                           
072263111316102175ダンディズム　　　　　　　　　　　　 50.7 10.2 -9.1  5.4 -1.7 48  0.0                           
072263111418104788トゥーフェイス　　　　　　　　　　　  7.7  2.3  5.2 25.0  9.4 59  0.0                           
072263111517106583ソフトフルート　　　　　　　　　　　 26.8  5.7 10.1 15.0  8.2 58  0.0                           
072263111619102879マテンロウレオ　　　　　　　　　　　  3.9  1.6 20.3 -9.0  4.7 55 15.0                           
072263111717105106プリマヴィスタ　　　　　　　　　　　 46.6  9.4-12.8-11.2 -8.1 42  0.0                           
072263111819104937アスクワイルドモア　　　　　　　　　 18.8  4.3 -9.1 -9.0 -6.0 44  0.0                           
072263120119105493トーホウデュラン　　　　　　　　　　  7.7  2.7  8.3 18.0  8.4 28 17.5                           
072263120218105965エイシンディアデム　　　　　　　　　182.3 41.5-10.9-12.5 -7.7 12  0.0                           
072263120319100666イラーレ　　　　　　　　　　　　　　  4.8  2.0 17.3 22.5 13.1 33 13.8                           
072263120418105444レインボークラウド　　　　　　　　　 43.8 10.7-12.8-15.0 -9.2 11  0.0                           
072263120519100772ポルタフォルトゥナ　　　　　　　　　  8.6  2.9 -1.1-12.5 -4.2 16  0.0                           
072263120619107075ブランデーロック　　　　　　　　　　  7.5  2.6  3.0 25.0  8.6 29 11.4                           
072263120719105587ドラゴンゴクウ　　　　　　　　　　　 33.9  8.4 -7.4-12.5 -6.5 14  0.0                           
072263120819104943コルカノン　　　　　　　　　　　　　 12.0  3.5-11.9-15.0 -8.9 11  0.0                           
072263120917101767ベンガン　　　　　　　　　　　　　　  8.5  2.9  6.8  3.4  3.5 24  0.0                           
072263121017105021シュルルヴァン　　　　　　　　　　　 38.2  9.4-10.9-12.5 -7.7 12  0.0                           
072263121118105144チカリヨン　　　　　　　　　　　　　 22.2  5.7  4.1  4.7  2.9 23  0.0                           
072263121218102231トラストドーベル　　　　　　　　　　 36.1  9.0-10.9-12.5 -7.7 12  0.0                           
072263121319104356ディオアステリア　　　　　　　　　　  6.4  2.4  8.3 18.8  8.7 29  0.0                           
072263121416101553ペプチドルーカス　　　　　　　　　　 10.7  3.1 10.8 15.0  8.5 28 21.3                           
072263121519101562デフィデリ　　　　　　　　　　　　　 13.0  3.7  1.2  7.5  2.7 23  0.0                           
072263121618100593タイガーリリー　　　　　　　　　　　 26.4  6.7 -7.5-12.4 -6.5 14  0.0                           
072263121717105721クリノアンカーマン　　　　　　　　　 78.6 18.2-10.9-12.5 -7.7 12  0.0                           
072263121817104291ディープレーン　　　　　　　　　　　 36.6  9.1-11.9 -9.1 -7.1 13  0.0                           
092263010120101568エンジェルスアスク　　　　　　　　　  6.3  1.7 13.1 14.0  9.0 14 19.1                           
092263010220101714カフネ　　　　　　　　　　　　　　　 29.9  5.0-11.2-11.5 -7.6 -3  0.0                           
092263010320101077ヤエベニシダレ　　　　　　　　　　　 26.5  4.5-11.2 -9.0 -6.8 -2  0.0                           
092263010420102315ヨリノサファイヤ　　　　　　　　　　  2.0  1.2 21.6 24.8 15.4 20 16.2  1  148   86              
092263010520101605サトミノアサヒ　　　　　　　　　　　 44.2  7.0 -3.4-10.2 -4.3  1  0.0                           
092263010620100629サイモンコーラル　　　　　　　　　　  8.9  2.1  9.6  7.5  5.8 11 14.4                           
092263010720106425キミニオクル　　　　　　　　　　　　 28.9  4.8-11.2 -7.6 -6.4 -1  0.0  0                        
092263010820104534ネーブル　　　　　　　　　　　　　　 16.4  3.1  5.3  8.5  4.5  9  0.0                           
092263010920102604スカイピース　　　　　　　　　　　　 21.6  3.8 -0.5  6.0  1.6  7  0.0                           
092263011020106303イネフェイブル　　　　　　　　　　　 41.0  6.6-11.2-10.2 -7.2 -2  0.0                           
092263011120105552タガノアレハンドラ　　　　　　　　　  4.3  1.5 17.7 16.6 11.5 16 17.7                           
092263011220106794フローラサンライズ　　　　　　　　　 27.2  4.6 -6.7  3.6 -1.4  4  0.0                           
092263011320104223ニホンピロフリード　　　　　　　　　 22.7  4.0  1.3  8.8  3.1  8  0.0                           
092263020120100691ペイシャメガミ　　　　　　　　　　　 43.1  7.2 -6.7 -1.8 -3.0  2  0.0                           
092263020220102331メイショウオトギ　　　　　　　　　　  2.9  1.3 18.4 10.7 10.0 15 17.7                           
092263020320104222ニホンピロパークス　　　　　　　　　 66.8 10.5-11.8-14.7 -8.7 -4  0.0                           
092263020420109066ノリノリ　　　　　　　　　　　　　　 30.3  5.3 -6.2-12.7 -6.1 -1  0.0                           
092263020520104399コロネット　　　　　　　　　　　　　 27.5  4.8 -8.4 -0.5 -3.2  2  0.0                           
092263020620100690オボロヅキヨ　　　　　　　　　　　　 26.9  4.7 -6.2 -5.2 -3.8  1  0.0                           
092263020720101959ハイインザスカイ　　　　　　　　　　  6.7  1.8 12.0 17.9  9.8 15 20.6                           
092263020820100724センチュリヒーロー　　　　　　　　　 31.4  5.4-11.2-20.0-10.1 -5  0.0                           
092263020920106405タガノロビンソン　　　　　　　　　　  6.3  1.7 13.1  6.2  6.7 12 13.4                           
092263021020106938キセキニャン　　　　　　　　　　　　 20.7  3.9  3.9 -7.5 -0.8  4  0.0                           
092263021120104306スマートハンター　　　　　　　　　　  2.8  1.3 18.8 16.9 12.0 17 16.2                           
092263021220106185メイショウコナツ　　　　　　　　　　 17.7  3.4 -0.6  7.6  2.1  7  0.0                           
092263021320105057マヒート　　　　　　　　　　　　　　 17.3  3.3  1.1  8.8  3.0  8  0.0                           
092263030120101116ヒミノイチシロ　　　　　　　　　　　 13.0  3.2  4.5  8.7  4.3  9  0.0  5                        
092263030220101286ナムラアンソニー　　　　　　　　　　 21.9  4.8 -6.2-10.7 -5.5  0  0.0                           
092263030320110132ティルドーン　　　　　　　　　　　　  8.2  2.4  8.1 17.1  8.1 13  0.0  5                        
092263030420105885サダムターゲット　　　　　　　　　　 23.2  5.1 -2.0 -1.7 -1.2  4  0.0                           
092263030520101820ロングウッド　　　　　　　　　　　　  3.2  1.5 17.0 20.1 12.3 17 11.3                           
092263030620105357テイエムインパクト　　　　　　　　　 29.2  6.2 -8.6-12.6 -6.9 -2 30.9                           
092263030720110151グレン　　　　　　　　　　　　　　　  4.4  1.6 13.2  6.5  6.8 12 17.7                           
092263030820102406モズハタラキモノ　　　　　　　　　　 21.9  4.8 -6.7 -4.8 -3.9  1  0.0                           
092263030920100829コパノパサディナ　　　　　　　　　　  5.3  1.8 11.0 13.2  8.0 13 20.6  4                        
092263031020104561タイガースパーク　　　　　　　　　　  4.9  1.7 15.7 27.0 13.9 19  0.0  2                        
092263031120104547リュウノラファール　　　　　　　　　 15.5  3.7 -2.2 -4.8 -2.2  3  0.0                           
092263040116104257サトノファイター　　　　　　　　　　 20.9  4.9 -1.5 -7.3 -2.7 17  0.0                           
092263040215105502グローリーグローリ　　　　　　　　　 28.0  6.3 -2.1  0.2 -0.7 19  0.0                           
092263040317100997テーオーソクラテス　　　　　　　　　 29.0  6.5 -4.6-12.6 -5.5 15  0.0  0                        
092263040417102164ハディア　　　　　　　　　　　　　　 63.0 13.0-11.3-10.5 -7.3 13  0.0                           
092263040516102156セデックカズマ　　　　　　　　　　　  5.1  1.8 14.8 12.1  9.1 29  0.0                           
092263040616105007ポートロイヤル　　　　　　　　　　　 28.2  6.3-11.3-10.5 -7.3 13  0.0                           
092263040714102394エミーリオ　　　　　　　　　　　　　 28.1  6.3 -3.5  1.4 -0.9 19 20.6                           
092263040818104266ナギサ　　　　　　　　　　　　　　　  3.8  1.6 12.6 12.1  8.3 28 16.2                           
092263040916100158ダイシンクローバー　　　　　　　　　  6.1  2.0 10.6 15.5  8.5 29  0.0                           
092263041014103896メイショウハチク　　　　　　　　　　 26.6  6.0-10.3-11.4 -7.2 13  0.0                           
092263041116103787ダイメイコスモス　　　　　　　　　　 41.8  9.1 -8.6-16.9 -8.2 12  0.0                           
092263041217102082レーヴドオルフェ　　　　　　　　　　  4.3  1.7 15.8 16.1 10.6 31 17.7                           
092263041316103252ジェミニキング　　　　　　　　　　　  5.9  2.0  9.1 14.7  7.7 28 20.6                           
092263041418100827ショウナンサルヴォ　　　　　　　　　 13.8  3.5 -2.2  6.3  1.1 21  0.0                           
092263050120104406セイウンカノープス　　　　　　　　　 13.1  2.5 -6.2  7.8  0.1  0  0.0                           
092263050220101344フリンジティアラ　　　　　　　　　　 11.7  2.3 11.5  2.9  5.1  5  0.0                           
092263050320106542フレイムソード　　　　　　　　　　　 11.4  2.3 10.4 20.1  9.8 10  0.0                           
092263050420106460ウォータードラセナ　　　　　　　　　 28.2  4.6-11.2-19.5-10.0-10  0.0                           
092263050520103324コスモフランメ　　　　　　　　　　　  6.9  1.8 10.1  9.3  6.5  6 19.1                           
092263050620100521テイエムスーペリア　　　　　　　　　 27.1  4.5-11.2 -7.5 -6.4 -6  0.0                           
092263050720103525グラングスト　　　　　　　　　　　　  7.6  1.9 11.3 -2.8  3.3  3 20.6                           
092263050820103599ヴィラーゴスリーブ　　　　　　　　　  1.9  1.2 23.2 26.1 16.3 16 16.2                           
092263050920104505カースソーサラー　　　　　　　　　　  4.7  1.5 14.3 12.4  9.0  9 12.4                           
092263060120101600クレーフェアリー　　　　　　　　　　  4.4  1.7 16.5 15.1 10.6 11 12.4  3                        
092263060220104767マックザナイフ　　　　　　　　　　　 66.9 13.6-11.8 -7.3 -6.5 -7  0.0                           
092263060320100782フラッシュダンス　　　　　　　　　　  8.6  2.6  1.8  8.4  3.2  3  0.0                           
092263060420107072クルーエルワーク　　　　　　　　　　 25.9  5.8-11.2-12.1 -7.7 -8  0.0                           
092263060520104496トウシンカーリン　　　　　　　　　　  8.2  2.5  6.3-11.0 -1.0 -1  0.0                           
092263060620106508メイショウコウラン　　　　　　　　　 21.0  4.9 -3.3  6.1  0.6  1  0.0                           
092263060720105950カマチョクイン　　　　　　　　　　　  5.0  1.8  7.2  0.1  2.7  3 19.1                           
092263060820105335カネトシアズサ　　　　　　　　　　　 37.3  8.1-11.2-12.6 -7.9 -8  0.0                           
092263060920105620シェーヌダンクル　　　　　　　　　　 16.7  4.0 -1.9 11.0  2.6  3 25.0                           
092263061020101923クリノチャイルド　　　　　　　　　　 41.2  8.9 -3.9 -3.5 -2.5 -2  0.0                           
092263061120101032ヴァンビーナアスク　　　　　　　　　 18.5  4.4 -0.5  4.5  1.2  1  0.0                           
092263061220101638ナリタアワユキ　　　　　　　　　　　 20.1  4.7 -0.4 -7.3 -2.3 -2  0.0                           
092263061320102257モズメルベイユ　　　　　　　　　　　  3.6  1.6 18.7 22.8 13.7 14 16.2                           
092263061420104856プライムレート　　　　　　　　　　　  8.7  2.6  8.5 -9.8  0.2  0  0.0                           
092263070120100370フェリキタス　　　　　　　　　　　　  5.8  2.0 12.9  4.5  6.1 11 19.1                           
092263070220104478アルルカン　　　　　　　　　　　　　  5.9  2.0 11.0 22.1 10.7 16 20.6                           
092263070320104756タマモメガジョッキ　　　　　　　　　 21.7  5.0  0.1 13.7  4.1  9  0.0                           
092263070420100897ルソレイユ　　　　　　　　　　　　　 13.6  3.4  4.5 -6.1 -0.2  5  0.0                           
092263070520106235スーサンベガ　　　　　　　　　　　　 29.0  6.5 -6.7  6.9 -0.4  5  0.0                           
092263070620101961ショウナンダグラス　　　　　　　　　 40.2  8.7-11.2-10.2 -7.2 -2  0.0                           
092263070720101763トーホウフランゴ　　　　　　　　　　 12.2  3.1  3.9  8.7  4.0  9  0.0                           
092263070820100165オルタード　　　　　　　　　　　　　 33.2  7.3-11.2-20.0-10.1 -5  0.0                           
092263070920100329テセラフィリア　　　　　　　　　　　 64.7 13.3-11.2-14.7 -8.5 -4  0.0                           
092263071020104083テラステラ　　　　　　　　　　　　　  3.6  1.6 15.4 22.5 12.4 17 16.2                           
092263071120104198サイレンスタイム　　　　　　　　　　  4.7  1.8 13.1 19.4 10.6 16 12.4                           
092263071220100441ハナサキポプラ　　　　　　　　　　　 64.4 13.3-11.2-10.2 -7.2 -2  0.0                           
092263071320102150クリノコマンダー　　　　　　　　　　 50.5 10.8-11.8-10.7 -7.5 -3  0.0                           
092263071420100925ダイゴショウリュウ　　　　　　　　　 25.6  5.8 -0.8 -9.4 -3.1  2  0.0                           
092263071520110047ウェイオブサクセス　　　　　　　　　  9.0  2.7  0.6  2.4  0.9  6  0.0                           
092263071620102761ポーラーサンダー　　　　　　　　　　 40.6  8.8-11.2 -9.8 -7.0 -2  0.0                           
092263080119104328タカラマドンナ　　　　　　　　　　　 15.7  3.5 -7.0  2.8 -1.7 18  0.0                           
092263080218102006テーオーターナー　　　　　　　　　　 44.6  8.6-11.8-12.6 -8.1 12  0.0  0                        
092263080317103656ロードドミニオン　　　　　　　　　　 16.3  3.6  8.0  0.8  3.2 23  0.0                           
092263080419102065ワセダタンク　　　　　　　　　　　　  8.7  2.4  9.4  0.1  3.5 23  0.0                           
092263080519105906ダイリュウブラック　　　　　　　　　 26.4  5.4  2.2  5.4  2.4 22  0.0                           
092263080618100504デンジャーマン　　　　　　　　　　　 53.4 10.2-11.8-14.4 -8.6 11  0.0                           
092263080719100875ナインティゴット　　　　　　　　　　  5.8  1.8 14.7 10.8  8.6 29 13.4                           
092263080819102179ケイティソルジャー　　　　　　　　　  6.4  2.0 10.7 13.5  8.0 28 20.6  2                        
092263080918100388サトノテンペスト　　　　　　　　　　  2.5  1.3 21.5 14.6 12.3 32 16.2                           
092263081019102656ロードオルデン　　　　　　　　　　　  5.1  1.7 10.3 12.8  7.6 28 17.7                           
092263081117110112コンバットマーチ　　　　　　　　　　 38.8  7.6-11.2 -3.5 -5.2 15  0.0                           
092263081216102109メイショウオウギ　　　　　　　　　　 16.3  3.6  8.9  7.6  5.5 26  0.0                           
092263081319104969ドクターマンボウ　　　　　　　　　　 28.3  5.7-11.2-17.0 -9.2 11  0.0  0                        
092263090120103441フラッシングレート　　　　　　　　　 13.2  2.9  1.1  3.1  1.3 21  0.0  5                        
092263090220105642レミージュ　　　　　　　　　　　　　 29.2  5.5-11.2-12.0 -7.7 12  0.0                           
092263090320102873キミノナハマリア　　　　　　　　　　 37.9  7.0 -7.7-11.4 -6.2 14  0.0                           
092263090420103405フォトンブルー　　　　　　　　　　　 24.8  4.8 -0.6 -0.3 -0.3 20  0.0  5                        
092263090520102965マルカシャルマン　　　　　　　　　　 22.9  4.5 -0.5  3.6  0.9 21  0.0                           
092263090620103553バロッサヴァレー　　　　　　　　　　  5.4  1.7 11.5 12.2  7.9 28 19.1                           
092263090720104784サンライズピース　　　　　　　　　　 13.6  3.0  4.6  4.5  3.0 23  0.0                           
092263090820104764ウェイビー　　　　　　　　　　　　　 36.7  6.8-11.8-11.0 -7.6 12  0.0                           
092263090920105786マイネルエンペラー　　　　　　　　　  6.9  2.0 12.5 10.1  7.6 28 14.4                           
092263091020102976ノーブルクライ　　　　　　　　　　　  2.7  1.3 21.1 21.3 14.1 34 16.2                           
092263091120105730スカパラダイス　　　　　　　　　　　 31.6  5.9 -8.2-11.0 -6.3 14  0.0                           
092263091220103025ドクタードリトル　　　　　　　　　　  3.7  1.5 14.8 24.9 12.9 33 17.7                           
092263091320102273ムーンスカイ　　　　　　　　　　　　 35.5  6.6-11.2-18.5 -9.7 10  0.0                           
092263100117105224キングダムウイナー　　　　　　　　　 26.3  5.3 -0.6  0.5 -0.1 30  0.0                           
092263100217100415ラブスピール　　　　　　　　　　　　 66.7 12.1-11.2 -6.8 -6.1 24  0.0                           
092263100318106144レオカクテル　　　　　　　　　　　　 33.7  6.6-11.3 -7.8 -6.5 24  0.0                           
092263100417100967グレースルビー　　　　　　　　　　　 58.9 10.8-11.2 -7.5 -6.4 24  0.0                           
092263100519102817プリーチトヤーン　　　　　　　　　　  4.5  1.6 12.1 13.3  8.4 38 12.4                           
092263100618101746タイスケフェイス　　　　　　　　　　  6.9  2.0  9.8 15.3  8.2 38 20.6                           
092263100718100126クリノクラール　　　　　　　　　　　 16.5  3.6  6.7  7.8  4.8 35 23.5                           
092263100818105846メイショウオキビ　　　　　　　　　　 18.2  3.9 -0.6  5.2  1.3 31  0.0                           
092263100917102704ジャッジ　　　　　　　　　　　　　　 70.9 12.8-11.8-10.5 -7.5 23  0.0                           
092263101018102062ランスルー　　　　　　　　　　　　　 41.2  7.9 -9.8 -7.6 -5.9 24  0.0                           
092263101119101964ゼウスバイオ　　　　　　　　　　　　  5.0  1.7 14.8  8.9  8.1 38  0.0                           
092263101219110116ペルアア　　　　　　　　　　　　　　  2.7  1.3 20.8 16.2 12.5 42 16.2                           
092263101319106691ビーアイオラクル　　　　　　　　　　 10.7  2.6 13.4 25.2 12.5 42  0.0                           
092263101414100782カムカム　　　　　　　　　　　　　　 32.2  6.3-11.2  3.6 -3.0 27  0.0                           
092263101517106662インウィクトス　　　　　　　　　　　 70.9 12.8-11.3-10.5 -7.3 23  0.0                           
092263101617102390メリディアン　　　　　　　　　　　　 78.4 14.1-11.8-10.2 -7.4 23  0.0                           
092263110117105194ラインベック　　　　　　　　　　　　 12.0  2.8  4.0  8.1  3.9 49  0.0                           
092263110218104942シュヴァリエローズ　　　　　　　　　  2.9  1.3 17.8 12.5 10.3 55 11.3                           
092263110316103884シャイニーロック　　　　　　　　　　 23.3  4.8-11.2-10.7 -7.3 38  0.0                           
092263110416104926フォルコメン　　　　　　　　　　　　  3.9  1.5 16.0 14.9 10.3 55 17.7                           
092263110517105662リアンティサージュ　　　　　　　　　  8.3  2.3  4.8  6.5  3.7 49  0.0                           
092263110613106025エルプシャフト　　　　　　　　　　　 39.5  7.7-11.8-11.4 -7.7 37  0.0                           
092263110715106423ラセット　　　　　　　　　　　　　　  6.7  2.0  8.5 12.0  6.7 52 20.6                           
092263110817104093ワールドウインズ　　　　　　　　　　  7.3  2.1  8.0 11.7  6.4 51  0.0                           
092263110917105097グランデマーレ　　　　　　　　　　　  4.5  1.6 16.9 16.1 11.0 56 19.1                           
092263120117101777ヤマニンプティパ　　　　　　　　　　  9.4  2.4  0.5 15.8  4.9 35  0.0                           
092263120218106455メイショウハボタン　　　　　　　　　 10.9  2.5 10.1  6.9  5.8 36  0.0                           
092263120319101811ラブリネスオーバー　　　　　　　　　 12.8  2.8  8.9  7.3  5.5 35 17.5                           
092263120419110066エンジェルシリカ　　　　　　　　　　  8.0  2.2 10.9 16.1  8.8 39  0.0                           
092263120518100377タイセイグラシア　　　　　　　　　　 35.2  6.5-11.2 -5.0 -5.6 24 30.9                           
092263120618103611デルマカンノン　　　　　　　　　　　 33.5  6.2 -8.6  0.2 -3.1 27  0.0                           
092263120719106184カフジテトラゴン　　　　　　　　　　  2.6  1.3 20.0 14.8 11.8 42 16.2                           
092263120819104772セリノーフォス　　　　　　　　　　　 17.2  3.5 -6.2 -4.7 -3.7 26  0.0                           
092263120918101964アルムファーツリー　　　　　　　　　 37.8  6.9 -6.2 -3.9 -3.4 27  0.0  0                        
092263121019100581ヒルノローザンヌ　　　　　　　　　　 10.7  2.4  4.1  6.6  3.5 33  0.0                           
092263121118104239クープドクール　　　　　　　　　　　 33.0  6.1-11.2-14.7 -8.5 21  0.0                           
092263121218104260マイトレジャーフジ　　　　　　　　　 41.5  7.5-11.8-18.5 -9.9 20  0.0                           
092263121315103357メイショウドウドウ　　　　　　　　　  3.8  1.5 19.3 15.2 11.6 42 17.7                           
