012015010118103122メイショウワゲン　　　　　　　　　　 11.4  2.6 -5.8 -1.6 -2.3  3  2.6                           
012015010218110063カルフレグランス　　　　　　　　　　  3.8  1.4 17.2 10.2  8.9 14 10.5                           
012015010318103711シンヨモギネス　　　　　　　　　　　  9.0  2.3 -8.1  3.3 -1.2  4  0.0                           
012015010418105624トーセンパトリック　　　　　　　　　  8.6  2.3  7.8 12.0  6.7 12  3.4  4                        
012015010518110092デルマミロク　　　　　　　　　　　　  2.9  1.3 12.3 22.9 12.1 17  8.9                           
012015010618101894ターニングアップ　　　　　　　　　　 12.6  2.8  3.3 -3.1 -0.1  5  0.0                           
012015010718103861フクウン　　　　　　　　　　　　　　  3.2  1.3 11.8  5.6  5.6 11 10.7                           
012015010818100161カラドボルグ　　　　　　　　　　　　 16.3  3.4 -8.1 -2.5 -3.3  2  0.0                           
012015020118102912ジオルティ　　　　　　　　　　　　　  6.5  1.7 11.3 10.4  7.2 12  5.7                           
012015020218104267ユキノフラッシュ　　　　　　　　　　  2.8  1.2 16.7 16.7 11.1 16 11.6                           
012015020318101549コパノセイバー　　　　　　　　　　　 20.1  3.6 -8.1-10.7 -6.4 -1  0.0                           
012015020418102255サンマッハ　　　　　　　　　　　　　 19.8  3.5-10.3-10.4 -6.9 -2  0.0                           
012015020518110085ショベルヘッド　　　　　　　　　　　  2.6  1.2 14.7 20.4 11.9 17 10.7                           
012015020618100828キタノマンゲツ　　　　　　　　　　　 19.8  3.5-10.3-10.4 -6.9 -2  0.0                           
012015020718102570ロードフェイロン　　　　　　　　　　  6.9  1.8 10.3  4.4  4.7 10  4.9                           
012015020818105663トーセンネッロ　　　　　　　　　　　  5.7  1.6 -0.8 11.5  4.0  9  2.1                           
012015030117100813デルマルビー　　　　　　　　　　　　  7.2  2.2 10.7 10.4  7.0 12  3.2                           
012015030217106034エスパー　　　　　　　　　　　　　　 14.0  3.4-10.3-10.4 -6.9 -2  1.5                           
012015030317103285アースライザー　　　　　　　　　　　 33.4  7.2-10.3-20.0-10.4 -5  0.0                           
012015030417105800ウォータージョイ　　　　　　　　　　  5.0  1.8 12.2  9.1  7.0 12  8.7                           
012015030517101815マブルーク　　　　　　　　　　　　　 11.9  3.0  1.7  6.2  2.8  8  0.0  5                        
012015030617100283フクノソミュール　　　　　　　　　　 34.8  7.4-10.3-13.6 -8.1 -3  0.0                           
012015030717105176ハーモニクス　　　　　　　　　　　　 13.4  3.3 -5.3  0.0 -1.6  3  1.5                           
012015030817104780スペラーレ　　　　　　　　　　　　　 19.3  4.5  4.0-10.1 -2.5  2  0.0                           
012015030917103835サトノレガリア　　　　　　　　　　　  3.1  1.5 14.8  8.2  7.4 12 10.7                           
012015031017106533インセンディオ　　　　　　　　　　　 11.4  2.9 10.3  1.9  3.8  9  6.8                           
012015031117100157キティマグネット　　　　　　　　　　 38.9  8.2-10.3 -8.5 -6.2 -1  0.0                           
012015031217105234ユアソーラ　　　　　　　　　　　　　 12.6  3.2 -1.9-10.4 -4.4  1  4.1                           
012015031317105735ペイシャティアラ　　　　　　　　　　 18.7  4.4 -2.3-10.7 -4.6  0  0.0                           
012015031417102662メイショウルイス　　　　　　　　　　 12.1  3.1  6.2 10.2  5.6 11  1.3                           
012015040117109075スノージュエリー　　　　　　　　　　 32.3  7.1-10.3-13.3 -8.0 -3  0.0                           
012015040217105132パラティーノヒル　　　　　　　　　　 16.8  4.1 -5.8-17.0 -8.0 -3  0.0                           
012015040317101778ヤマニンボンモマン　　　　　　　　　 19.6  4.6  4.2  8.3  4.3  9  1.6                           
012015040417103092ダンツシルビア　　　　　　　　　　　 14.0  3.5  9.0  5.7  4.8 10  2.6                           
012015040517101374ライトニングレイ　　　　　　　　　　 28.1  6.2 -8.1-12.2 -6.9 -2  0.0                           
012015040617104191ゴールドオーク　　　　　　　　　　　 17.9  4.3 -2.7  0.5 -0.6  4  0.0                           
012015040717104284ラストエクセル　　　　　　　　　　　 14.6  3.6 -6.3  2.7 -0.9  4  0.0  0                        
012015040817105323サトノヴィーナス　　　　　　　　　　  6.1  2.0  9.5 14.0  8.0 13  6.3                           
012015040917105482フレジエ　　　　　　　　　　　　　　 31.4  6.9-10.3-10.4 -6.9 -2  0.0                           
012015041017105003デュアルネイチャー　　　　　　　　　 34.3  7.5-10.3-10.7 -7.0 -2  0.0                           
012015041117105261ラブアンバサダー　　　　　　　　　　  3.8  1.6 16.7 16.5 11.1 16  6.2                           
012015041217105624リリレフア　　　　　　　　　　　　　  6.7  2.2 15.6 15.8 10.5 15  9.1  2                        
012015041317105996ペプチドヒミコ　　　　　　　　　　　  4.1  1.7 12.0 14.2  8.8 14  9.7                           
012015041417100034アポロリリー　　　　　　　　　　　　 10.6  2.8  4.9  5.6  3.5  9  2.4                           
012015050118103349ワンダーフェンリル　　　　　　　　　  6.9  2.0  8.7 10.4  6.4  6  1.2                           
012015050218100299フクノルッカ　　　　　　　　　　　　 22.0  4.3 -4.7-14.6 -6.8 -7  0.0                           
012015050318104056シーオブクラウズ　　　　　　　　　　  4.2  1.5 13.3 10.2  7.7  8 11.6                           
012015050418100735エクシダス　　　　　　　　　　　　　 12.8  2.8 -2.7  4.9  1.0  1  6.9                           
012015050518105530ゴットゴーゴー　　　　　　　　　　　  6.4  1.9 13.8  9.2  7.5  8  6.3                           
012015050618106837テーオーメアリー　　　　　　　　　　  2.5  1.3 18.3 19.9 12.8 13  9.8                           
012015050718104041マウンテンムスメ　　　　　　　　　　 11.1  2.5  6.0 40.0 16.5 16  0.0                           
012015050818101544テイエムミラクル　　　　　　　　　　  6.6  1.9-10.0 -9.0 -6.3 -6  1.1                           
012015050918106439サトミノヒカリ　　　　　　　　　　　 19.1  3.9 -8.1 -2.8 -3.5 -3  0.0                           
012015060117103108ララロトリー　　　　　　　　　　　　 75.2 14.8 -8.1-13.6 -7.4 -2  0.0                           
012015060217105415ガニアン　　　　　　　　　　　　　　 65.4 13.0-10.3-10.7 -7.0 -2  0.0                           
012015060317106535コスモタイシ　　　　　　　　　　　　 16.9  4.0  7.8 17.9  8.9 14  4.4                           
012015060417104998アニマフレスカ　　　　　　　　　　　 15.1  3.6  3.3 -6.8 -1.5  3  2.7                           
012015060517105075レイコックアビー　　　　　　　　　　 14.9  3.6 -1.8 16.2  5.4 10  2.6                           
012015060617106259キタノコドウ　　　　　　　　　　　　 37.8  8.0-10.3 -4.8 -4.8  0  0.0                           
012015060717104214シロイスズメ　　　　　　　　　　　　114.1 22.1-10.3-10.7 -7.0 -2  0.0                           
012015060817100086フルールエトワール　　　　　　　　　 18.9  4.4 -2.8 -9.3 -4.3  1  3.1                           
012015060917101525ネオストーリー　　　　　　　　　　　  4.0  1.6 15.4 13.5  9.6 15  7.8                           
012015061017104227シュルシャガナ　　　　　　　　　　　  3.6  1.5 14.7 15.7 10.2 15 10.7                           
012015061117101120ハラハラドキドキ　　　　　　　　　　113.0 21.9-10.3 -3.0 -4.2  1  0.0                           
012015061217100369プモリテソーロ　　　　　　　　　　　  5.2  1.8 13.1  8.6  7.1 12  3.2                           
012015061317106637セーリング　　　　　　　　　　　　　 48.2 10.0-10.3-10.7 -7.0 -2  0.0                           
012015061417101523スマイルガール　　　　　　　　　　　 11.0  2.8  9.2 12.0  7.2 12  2.4                           
012015061517101172ナムライロハ　　　　　　　　　　　　 20.5  4.7-10.0-10.4 -6.8 -2  0.0                           
012015061617105277エボカシオン　　　　　　　　　　　　  6.7  2.1  1.7  7.6  3.3  8  2.3                           
012015070117100538サザンレインボー　　　　　　　　　　  3.2  1.5 17.2 10.2  8.9 29  8.9                           
012015070217100850サノマナ　　　　　　　　　　　　　　  6.9  2.3  0.7 14.2  5.4 25  6.8                           
012015070314103036プリンセスヨウク　　　　　　　　　　  7.5  2.4 14.1  5.4  6.2 26  5.2                           
012015070416104863マイヨブラン　　　　　　　　　　　　  6.6  2.2 -4.2-17.8 -7.8 12  4.2                           
012015070515101248フロイデ　　　　　　　　　　　　　　 16.9  4.2 -6.3  4.8 -0.1 20  1.5                           
012015070616101346アンビル　　　　　　　　　　　　　　 10.9  2.9  7.3  2.5  3.1 23  0.0                           
012015070717100827タイニーベイビー　　　　　　　　　　  6.3  2.1 11.7  8.6  6.7 27  3.9                           
012015070817103650タマモゼーゼマン　　　　　　　　　　  6.9  2.3 12.0 12.9  8.3 28  8.5                           
012015070917104764デルマトルマリン　　　　　　　　　　 16.9  4.2-10.3 -8.4 -6.2 14  0.0                           
012015071017102138シゲルガラテア　　　　　　　　　　　 27.0  6.2 -8.1-10.7 -6.4 14  0.0                           
012015071116105527リトルウィッチ　　　　　　　　　　　 30.3  6.9-10.3-10.4 -6.9 13  0.0                           
012015071216100505フィリーズラン　　　　　　　　　　　 24.8  5.8 -8.1-12.2 -6.9 13  0.0                           
012015080115104254エイカイキング　　　　　　　　　　　 16.2  3.7  5.2 -2.5  0.6 21  1.5                           
012015080214103870フォレストタウン　　　　　　　　　　 38.8  7.9 -6.3  6.5  0.5 20  0.0                           
012015080316103091クラウドスケープ　　　　　　　　　　 25.9  5.5 -2.3 -8.1 -3.7 16  0.0                           
012015080417105254リーガルマナー　　　　　　　　　　　  9.4  2.6  2.1 12.1  5.1 25  2.4  5                        
012015080516106106タニノシェクハンド　　　　　　　　　 44.8  9.0-10.0 12.0  1.4 21  0.0                           
012015080617100993エブリワンブラック　　　　　　　　　  3.7  1.5 12.0  9.2  7.0 27  9.7                           
012015080716104252ニューツーリズム　　　　　　　　　　 14.3  3.4 -1.8 -4.8 -2.3 18  1.4                           
012015080815103534フラベリフォーム　　　　　　　　　　  5.5  1.8 15.4 13.6  9.6 30  6.3                           
012015080916104725ヤンチャヒメ　　　　　　　　　　　　 13.1  3.1 -3.3  3.3  0.2 20  2.6                           
012015081017103489ディーエスプルーフ　　　　　　　　　 22.2  4.8-10.3 -4.8 -4.8 15  3.1                           
012015081117104704ロンドンデリーエア　　　　　　　　　  3.5  1.5  8.7 15.9  8.4 28  8.0                           
012015081217101239カネコメノボル　　　　　　　　　　　  8.6  2.5 12.8 10.7  7.8 28  3.4                           
012015081315100491ヒロノブシドウ　　　　　　　　　　　 33.1  6.8-10.0-10.7 -6.9 13  0.0                           
012015081416100889ワンダーヴァレッタ　　　　　　　　　 47.0  9.4-10.0-20.0-10.3 10  0.0                           
012015090115100731コスモレリア　　　　　　　　　　　　 13.0  3.0 -2.8-10.7 -4.8 15  0.0                           
012015090215105202ニシノベースマン　　　　　　　　　　 14.3  3.2 -4.7  0.5 -1.2 19  0.0                           
012015090316104663アラスカ　　　　　　　　　　　　　　  3.3  1.4 16.1 10.2  8.6 29 10.7                           
012015090417100366カウイダンス　　　　　　　　　　　　 21.0  4.4-10.3-15.9 -8.9 11  1.5                           
012015090516101165アルテラローザ　　　　　　　　　　　  4.7  1.6 -0.7  9.8  3.4 23  5.7                           
012015090617106586ギベルティ　　　　　　　　　　　　　  4.3  1.5 11.8 17.0  9.8 30 11.6  4                        
012015090716104961ディーイストワール　　　　　　　　　 16.1  3.5 -0.3-20.0 -7.4 13  0.0                           
012015090817100915ロッソモラーレ　　　　　　　　　　　 16.9  3.7  2.2  0.0  0.7 21  0.0                           
012015090913100376ファントムグレイ　　　　　　　　　　  3.4  1.4 17.9 24.9 14.5 34  6.8                           
012015100116105320カフジロッソ　　　　　　　　　　　　 33.2  7.8-10.3-13.8 -8.1 22  0.0  0                        
012015100217104488セイユメアカリ　　　　　　　　　　　 12.2  3.3 -3.3  4.7  0.7 31  4.4                           
012015100314100407ブラックカード　　　　　　　　　　　  4.6  1.8  9.8 13.1  7.7 38  7.8                           
012015100416100947タマモサンシーロ　　　　　　　　　　  8.9  2.8  5.6  0.6  1.9 32  6.1                           
012015100516100855マックスアン　　　　　　　　　　　　 37.2  8.6-10.3-20.0-10.4 20  0.0                           
012015100616102219グランデラムジー　　　　　　　　　　 17.1  4.4 -6.3-17.6 -8.3 22  1.5                           
012015100717102011キタノヴィジョン　　　　　　　　　　  6.2  2.2  8.7 14.4  7.9 38  4.2                           
012015100816110061モズエロイコ　　　　　　　　　　　　 26.5  6.3-10.3-13.8 -8.1 22  0.0  0                        
012015100915100644ランパク　　　　　　　　　　　　　　  8.7  2.8  9.2 -4.8  1.0 31  3.4                           
012015101016104569バンクショット　　　　　　　　　　　  4.5  1.8 11.4  9.2  6.8 37  7.1                           
012015101116109096フクノワイルド　　　　　　　　　　　  9.0  2.8-10.3  6.1 -0.9 29  1.3                           
012015101212101232フクノグリュック　　　　　　　　　　 18.4  4.7  6.2 -4.8  0.1 30  3.2                           
012015101316104645モンオール　　　　　　　　　　　　　 11.0  3.0  7.7 -2.5  1.4 31  1.4                           
012015101413106303エタニティーワルツ　　　　　　　　　 25.1  6.0 -8.1-20.0 -9.8 20  0.0                           
012015110116103387ナイママ　　　　　　　　　　　　　　 13.4  3.2  8.2-17.0 -3.8 41  0.0                           
012015110211104117ルミナスウォリアー　　　　　　　　　 31.0  6.5-10.0-10.4 -6.8 38  0.0                           
012015110317101695シンボ　　　　　　　　　　　　　　　 31.0  6.5 -8.1 -2.0 -3.2 42  0.0                           
012015110416100503ルフィアンキック　　　　　　　　　　 42.5  8.7 -8.1-10.0 -6.1 39  0.0                           
012015110514104623ソーディスイズラヴ　　　　　　　　　 46.3  9.4 -8.1-10.0 -6.1 39  0.0                           
012015110614102253デザートスネーク　　　　　　　　　　 33.5  7.0-10.3-10.7 -7.0 38  0.0                           
012015110715104671ウラヌスチャーム　　　　　　　　　　  7.3  2.2 -1.8 18.2  6.1 51  3.4                           
012015110815105108ロサグラウカ　　　　　　　　　　　　 13.8  3.3  6.0  0.5  2.0 47  0.0                           
012015110913106118ブラックスピネル　　　　　　　　　　 18.9  4.3-10.0-10.4 -6.8 38  0.0                           
012015111015104834ポンデザール　　　　　　　　　　　　  3.5  1.5 10.0 22.2 11.1 56  7.1  1  132   71              
012015111116104635ボスジラ　　　　　　　　　　　　　　  3.9  1.6 20.0 10.9 10.0 55  9.7                           
012015111214100208ウインイクシード　　　　　　　　　　  6.5  2.1 15.0  5.6  6.6 52  8.4                           
012015111317105585ヒュッゲ　　　　　　　　　　　　　　  7.6  2.3  9.3  8.5  5.9 51  7.3                           
012015111414105081プリンスオブペスカ　　　　　　　　　 19.4  4.4-10.0-15.0 -8.5 37  1.5                           
012015120116104864フィルムフェスト　　　　　　　　　　  8.2  2.5  8.7  0.3  2.7 23  5.5                           
012015120217100275サンキーウエスト　　　　　　　　　　 14.5  3.6 -5.8 -7.2 -4.4 16  0.0                           
012015120316105303ロイヤルヴィザージ　　　　　　　　　  7.8  2.4  4.7  4.4  3.0 23  3.6                           
012015120416102814ディザイアソング　　　　　　　　　　 23.1  5.2 -6.3-14.4 -7.2 13  0.0                           
012015120516104680ドゥシャンパーニュ　　　　　　　　　  6.5  2.1  1.7  1.7  1.1 21  4.5                           
012015120616104831シャンデフレーズ　　　　　　　　　　  6.3  2.1  8.7 11.9  7.0 27  4.2                           
012015120716105108ダンスロマネスク　　　　　　　　　　 13.1  3.3 -6.3  1.2 -1.5 19  1.5                           
012015120817105490ヴィディア　　　　　　　　　　　　　  3.3  1.5 11.3 10.9  7.4 27  8.9                           
012015120916102162エピックガール　　　　　　　　　　　  7.9  2.4 -0.3  4.1  1.4 21  5.2                           
012015121016105872クリノイヴァンカ　　　　　　　　　　  5.0  1.8 14.6  1.1  4.8 25  5.8                           
042025010118104971コウソクカレン　　　　　　　　　　　  7.0  2.3  4.3 22.4  9.5 15  0.0                           
042025010218102061シェーヴルフォイユ　　　　　　　　　 48.8 10.9-12.5-10.1 -7.5 -2  0.0                           
042025010318110021キトゥンズワルツ　　　　　　　　　　 13.7  3.6 -2.1 -2.4 -1.5  3  0.0                           
042025010418100808アラモードバイオ　　　　　　　　　　  6.3  2.2 13.6 12.2  8.6 14  8.2                           
042025010518104864ゲッレールト　　　　　　　　　　　　 10.8  3.0 20.0  1.9  6.7 12 15.4                           
042025010618103658バージョンアップ　　　　　　　　　　 28.8  6.7-12.5 -7.6 -6.5 -2  0.0                           
042025010718101375ポーラージェット　　　　　　　　　　 70.7 15.1-11.4-10.2 -7.2 -2  0.0                           
042025010818104333スカーレットジンク　　　　　　　　　 48.9 10.9 -6.0-10.1 -5.5 -1  0.0                           
042025010918104251コパノジャンピング　　　　　　　　　 70.0 15.0-12.5-10.1 -7.5 -2  0.0                           
042025011018105050ビップランバン　　　　　　　　　　　  3.4  1.6 22.0  9.5 10.1 15 12.8  2                        
042025011118105754スターリーアイズ　　　　　　　　　　 13.0  3.4  5.7  8.0  4.6 10  8.2                           
042025011218103181シゲルセンム　　　　　　　　　　　　  8.4  2.7 10.1  9.2  6.4 11  0.0                           
042025011318103529ハイレリーフ　　　　　　　　　　　　 59.2 12.8 -8.7 -9.9 -6.2 -1  0.0                           
042025011418106881ジャッカル　　　　　　　　　　　　　 14.3  3.7 -6.0 -3.1 -2.9  2  9.2                           
042025011518101337ヒミノフラッシュ　　　　　　　　　　 49.0 11.0-12.5-10.1 -7.5 -2  0.0                           
042025011618102135ベルリーソ　　　　　　　　　　　　　 90.5 19.2 -6.2-10.5 -5.7 -1  0.0                           
042025011718110045ショックアクション　　　　　　　　　  7.0  2.3 11.4  7.4  6.1 11 16.3                           
042025011818106000ワンプレート　　　　　　　　　　　　 39.6  9.0-11.4-13.9 -8.5 -4  0.0  0                        
042025020117104865プレパレンセ　　　　　　　　　　　　 14.1  3.3 -2.1  2.9  0.4  5  0.0                           
042025020217103498エリーウェイ　　　　　　　　　　　　 38.6  7.7 -6.5-20.0 -9.3 -4  0.0                           
042025020317101305スラーリドラーテ　　　　　　　　　　 40.2  8.0-11.4-13.6 -8.4 -3  0.0                           
042025020417109047メイショウカリスマ　　　　　　　　　 51.7 10.1 -6.0-10.1 -5.5 -1  0.0                           
042025020517109070トミケンリフリーク　　　　　　　　　 14.7  3.4  4.2  3.0  2.4  7  0.0                           
042025020617101397スウィートイレブン　　　　　　　　　152.7 27.7-12.5-10.1 -7.5 -2  0.0                           
042025020717104299ワイルドチャイルド　　　　　　　　　 37.7  7.5-12.5-10.1 -7.5 -2  0.0                           
042025020817106511メイショウワダマ　　　　　　　　　　  3.6  1.4 16.6 13.2  9.8 15 19.8                           
042025020917110004トロイカ　　　　　　　　　　　　　　  4.1  1.5 13.8 13.9  9.2 14 12.5                           
042025021017104281アールグロウ　　　　　　　　　　　　 15.6  3.6 10.1  5.8  5.2 10  8.7                           
042025021117103566ダッシュウイング　　　　　　　　　　 11.8  2.8 -2.9 -1.0 -1.2  4 10.3                           
042025021217101563ケイアイリア　　　　　　　　　　　　 95.4 17.5-12.5-10.1 -7.5 -2  0.0                           
042025021317100552タマモエクラン　　　　　　　　　　　  9.2  2.6 12.8 10.0  7.5 13  0.0                           
042025021417103816ヤングブラッド　　　　　　　　　　　  3.3  1.4 21.8 15.5 12.2 17 12.8                           
042025021517104072ハナブサ　　　　　　　　　　　　　　 64.3 12.0-12.5-10.1 -7.5 -2  0.0                           
042025030117105951ルーラーザクイーン　　　　　　　　　 24.3  5.3-12.5-10.1 -7.5 -2  8.6                           
042025030217102461シンフェイス　　　　　　　　　　　　 25.2  5.5 -6.0 -7.9 -4.7  0  0.0                           
042025030317106671ピクシーサンライズ　　　　　　　　　  4.8  1.7 15.8 20.6 12.3 17 15.2                           
042025030417106269ローマンビューティ　　　　　　　　　107.4 20.7-11.4  6.0 -1.2  4  0.0                           
042025030517103461トップブランド　　　　　　　　　　　 13.4  3.3-10.0  7.2 -0.4  5  0.0                           
042025030617104605ミヤコシャンティ　　　　　　　　　　172.5 32.9-11.4-11.9 -7.8 -3  0.0                           
042025030717105953ノーブルライラック　　　　　　　　　 38.5  8.1-10.0-11.1 -7.1 -2  0.0                           
042025030817101881アンティークブーケ　　　　　　　　　 57.2 11.3-12.5 -7.9 -6.6 -2  0.0                           
042025030917103474プルセイラ　　　　　　　　　　　　　  3.2  1.4 22.0 14.8 12.0 17 18.1                           
042025031017106597サラマンドラ　　　　　　　　　　　　 48.5 10.0-10.0 -9.1 -6.3 -1  0.0                           
042025031117100390スティルアリス　　　　　　　　　　　 14.3  3.4  1.9  2.8  1.6  7  0.0                           
042025031217101759マコトカンゼミズ　　　　　　　　　　 58.6 11.6-12.5 -7.6 -6.5 -2  0.0                           
042025031317104776ジュールサイクル　　　　　　　　　　  4.6  1.7 20.0  7.8  8.9 14  8.2                           
042025031417105896メイショウコバコ　　　　　　　　　　  7.0  2.2 18.6  8.1  8.6 14  0.0                           
042025031517101733タガノアマルフィ　　　　　　　　　　  6.4  2.1  7.5 11.4  6.4 11 13.5                           
042025040117106093フィオーレカフェ　　　　　　　　　　  4.6  1.8  6.0 15.0  7.3 12  7.5                           
042025040217104848デルマヒスイ　　　　　　　　　　　　288.9 62.4-11.4-14.1 -8.6 -4  0.0                           
042025040317104196ヴェルザスカ　　　　　　　　　　　　 39.9  9.4 -2.9 -5.3 -2.8  2  0.0                           
042025040417100016ブラックリスト　　　　　　　　　　　  9.4  3.0  3.6 10.0  4.7 10  8.2                           
042025040517106373メイショウコホク　　　　　　　　　　 33.6  8.0-12.5 -7.6 -6.5 -2  0.0                           
042025040617110079スマートルシア　　　　　　　　　　　 74.4 16.5-12.5-10.1 -7.5 -2  0.0                           
042025040717102006ゴールドシンガー　　　　　　　　　　 40.5  9.6 -3.7 -9.1 -4.4  1 11.1                           
042025040817100399ネージュフォレスト　　　　　　　　　 47.4 11.1 -8.7 -5.0 -4.4  1 11.6                           
042025040917110023サナップスコット　　　　　　　　　　 26.3  6.4-11.4-14.3 -8.7 -4  0.0                           
042025041017100392ロンズデールベルト　　　　　　　　　  7.2  2.5 15.0  9.3  7.9 13 10.3                           
042025041117105216アージオン　　　　　　　　　　　　　  5.6  2.0 16.0  5.9  7.0 12  0.0  0                        
042025041217110034グローバリズム　　　　　　　　　　　  6.8  2.4  7.8 15.2  7.9 13 23.1                           
042025041317101411エリーストーム　　　　　　　　　　　 88.3 19.5-11.0 -4.1 -4.8  0  0.0                           
042025041417100913コスモカンツォーネ　　　　　　　　　 38.0  9.0-11.4 -0.6 -3.6  1  0.0                           
042025041517104844ダイワセントライト　　　　　　　　　 67.0 15.0-10.0  4.9 -1.2  4 12.0                           
042025041617103957ネージュダムール　　　　　　　　　　 14.6  3.9 -2.1  1.0 -0.3  5  0.0                           
042025041717103283ゴールドパラディン　　　　　　　　　  5.2  2.0 15.8 12.7  9.4 14  0.0                           
042025041817104806タッチザモーメント　　　　　　　　　  9.0  2.9 -6.0-12.4 -6.3 -1  0.0  0                        
042025050118106316レッドインテンス　　　　　　　　　　 75.3 16.0-10.0 -7.5 -5.8 -6  0.0                           
042025050218102669スズノナデシコ　　　　　　　　　　　 18.2  4.5  7.4 -6.5 -0.2  0  0.0                           
042025050318103916アオイカツマ　　　　　　　　　　　　  5.7  2.1 13.4 10.9  8.0  8  5.8                           
042025050418100887バンブルビート　　　　　　　　　　　 42.5  9.5  6.0 -9.4 -1.6 -2  0.0  0                        
042025050518104553サジェス　　　　　　　　　　　　　　  9.4  2.9  7.5  7.8  5.1  5  0.0                           
042025050618103995コスモスケアヘッド　　　　　　　　　 16.0  4.1  1.3 22.0  8.5  8  0.0                           
042025050718106337メイショウトリプル　　　　　　　　　 13.3  3.5 12.9  8.6  7.0  7  0.0                           
042025050818105399クッキートン　　　　　　　　　　　　  7.1  2.3-10.0  4.5 -1.4 -1  0.0                           
042025050918105347ストゥーティ　　　　　　　　　　　　  6.5  2.2  0.5  2.6  1.1  1 15.1                           
042025051018104874コンソレーション　　　　　　　　　　  8.3  2.6  8.0 12.9  7.1  7 14.5                           
042025051118106677ノアブラック　　　　　　　　　　　　283.7 58.4-11.4 -0.6 -3.6 -4  0.0                           
042025051218105366レッドベルオーブ　　　　　　　　　　  3.5  1.6 25.1  9.5 11.0 11 12.8                           
042025051318100572タマモネックタイ　　　　　　　　　　112.2 23.5-12.5-10.1 -7.5 -7  0.0                           
042025051418102952エクセルボス　　　　　　　　　　　　111.5 23.3-11.4-10.0 -7.1 -7  0.0                           
042025051518104773ホットポッド　　　　　　　　　　　　 34.7  7.9-11.4 -9.6 -6.9 -7  0.0                           
042025051618106865シンゼンシャイン　　　　　　　　　　 15.3  3.9-12.5 -1.8 -4.4 -4  8.7                           
042025051718106608カキエモン　　　　　　　　　　　　　 45.6 10.2-11.4 -3.7 -4.8 -5 15.7                           
042025051818106219アスターナランハ　　　　　　　　　　 63.8 13.6-12.5-10.1 -7.5 -7  0.0                           
042025060118100553ミコブラック　　　　　　　　　　　　  6.7  2.3 18.6  7.8  8.4  8  7.2                           
042025060218100029テイエムジャスタ　　　　　　　　　　 27.8  6.6-12.5 -5.9 -5.9 -6  0.0                           
042025060318103734ミエノハヤブサ　　　　　　　　　　　  7.4  2.5  6.0 11.0  5.8  6  7.7                           
042025060418100313リンクスエルピス　　　　　　　　　　 56.6 12.5 -2.9 -5.6 -2.9 -3  0.0                           
042025060518101809トラストガイア　　　　　　　　　　　 24.7  6.0-10.0 -9.4 -6.4 -6  0.0  0                        
042025060618105424ブラックジャッカル　　　　　　　　　 25.8  6.2 -2.1 -5.6 -2.7 -3 13.7                           
042025060718102662ココリカレドニアン　　　　　　　　　 25.9  6.2 12.0 -9.1  0.3  0  0.0                           
042025060818103116サトノロイヤル　　　　　　　　　　　  3.8  1.7 19.0 12.1 10.1 10 12.8                           
042025060918103215コスモマイディア　　　　　　　　　　 19.8  5.0  4.4 -5.5 -0.7 -1  0.0                           
042025061018104793カイトエイティー　　　　　　　　　　  6.1  2.1 13.4 -2.0  3.3  3  0.0                           
042025061118106447キャヴァリエブラン　　　　　　　　　 62.2 13.7 -7.7 -5.5 -4.3 -4  0.0                           
042025061218101891ポケットロケット　　　　　　　　　　  6.4  2.2 -2.1  4.6  1.1  1 13.5                           
042025061318102162ロデオスターメイト　　　　　　　　　 34.4  8.0-10.0-11.7 -7.3 -7  0.0                           
042025061418101750アイノファンタジー　　　　　　　　　  6.0  2.1 11.7 11.5  7.7  8  5.8                           
042025061518102377サウンドブレイズ　　　　　　　　　　 16.9  4.4 -2.9  0.4 -0.7 -1 11.6                           
042025070117104086ヤマカツパトリシア　　　　　　　　　  7.0  2.0 17.0 10.4  8.9 14  8.9                           
042025070217100968キタノポケット　　　　　　　　　　　 22.1  4.4  3.2 -2.0  0.2  5  0.0                           
042025070317104349グランバル　　　　　　　　　　　　　 42.3  7.8-11.4-10.0 -7.1 -2  0.0                           
042025070417105602ラズルダズル　　　　　　　　　　　　  2.6  1.3 22.0 16.7 12.7 18 18.1                           
042025070517104696トラストバディ　　　　　　　　　　　 29.8  5.7 -2.9 -3.3 -2.1  3  0.0                           
042025070617105134フェリシアーノ　　　　　　　　　　　 37.1  7.0-12.5-10.1 -7.5 -2  0.0                           
042025070717100839レイワハルカ　　　　　　　　　　　　 60.6 10.7-12.5-10.1 -7.5 -2  0.0                           
042025070817102653リーガルクラン　　　　　　　　　　　 51.4  9.4-12.5-10.1 -7.5 -2  0.0                           
042025070917105491アリーヴェデルチ　　　　　　　　　　 26.6  5.2-12.5 -1.1 -4.2  1  0.0                           
042025071017103829ブライトアイズ　　　　　　　　　　　 14.6  3.2  7.5  4.7  4.0  9  0.0                           
042025071117100711ココアブラウン　　　　　　　　　　　247.2 41.4-12.5-10.1 -7.5 -2  0.0                           
042025071217106032タイセイシリウス　　　　　　　　　　 26.0  5.1 -6.0-12.4 -6.3 -1  0.0  0                        
042025071317105049アメトリン　　　　　　　　　　　　　105.9 18.1-12.5-13.9 -8.8 -4  0.0  0                        
042025071417104568ベリンダアン　　　　　　　　　　　　  8.8  2.4  2.2 11.7  4.9 10  0.0  5                        
042025071517104662フェアウェルキッス　　　　　　　　　 23.9  4.7 -6.0 -5.6 -3.9  1 17.3                           
042025071617106492シゲルタイヨウ　　　　　　　　　　　166.1 28.0-12.5-10.1 -7.5 -2  0.0                           
042025071717104868グロースザゴールド　　　　　　　　　 11.8  2.7  9.4 -9.1 -0.5  4  0.0                           
042025071817105101リンドブラッド　　　　　　　　　　　  4.0  1.5 19.9 16.9 12.2 17 19.8                           
042025080117105040シャルロワ　　　　　　　　　　　　　 14.8  3.1 -2.9 -2.5 -1.8 18  0.0                           
042025080215105145デンセツノマジョ　　　　　　　　　　  6.0  1.8-10.0 15.5  2.7 23 10.3                           
042025080317104452コマノウインクル　　　　　　　　　　  5.7  1.7 11.1 11.2  7.4 27 12.5                           
042025080417105971ミャゴラーレ　　　　　　　　　　　　 25.0  4.7  6.0 -6.9 -0.7 19  0.0  0                        
042025080514101550アピールバイオ　　　　　　　　　　　 30.9  5.6 20.0-10.2  2.3 22  0.0                           
042025080617101707ロバートソンキー　　　　　　　　　　  2.1  1.2 15.0 40.0 19.2 39 18.1  1  167   43              
042025080717103104ミズリーナ　　　　　　　　　　　　　  5.1  1.6 15.8  8.7  7.9 28 11.6                           
042025080813104232サンライズサーカス　　　　　　　　　 25.0  4.6-12.5 -7.9 -6.6 13  0.0                           
042025080916104723ミラーミラー　　　　　　　　　　　　  5.7  1.7 11.4 11.2  7.5 28  9.6                           
042025090118102858ブルーバード　　　　　　　　　　　　  8.6  1.9  8.8  8.7  5.8 51  9.6                           
042025090218102407キモンブラウン　　　　　　　　　　　 23.0  3.6  1.3 -5.0 -1.4 44  0.0                           
042025090318106159ニューフィー　　　　　　　　　　　　 63.3  8.6-10.0-10.9 -7.0 38  0.0                           
042025090418104885アスコルターレ　　　　　　　　　　　  2.6  1.2 18.8 16.7 11.8 57 19.8                           
042025090518105445エコロテッチャン　　　　　　　　　　 22.0  3.5-11.4-10.5 -7.3 38  0.0                           
042025090618103926ショウナンラスボス　　　　　　　　　 14.7  2.6  4.0  8.2  4.2 49  7.7                           
042025090718101455マルス　　　　　　　　　　　　　　　 32.2  4.8-11.4-12.9 -8.1 37  0.0                           
042025090818104936ジャカランダレーン　　　　　　　　　  2.4  1.2 25.1 18.2 14.2 59 18.1                           
042025090918106613プルスウルトラ　　　　　　　　　　　  7.3  1.7  9.7 12.8  7.6 53  6.2                           
042025091018102000ユイノチャッキー　　　　　　　　　　 12.6  2.3  7.2  3.0  3.3 48  0.0                           
042025091118102961ビゾンテノブファロ　　　　　　　　　 72.9  9.8-11.4 -2.6 -4.4 41  0.0                           
042025100111104859ボールドジャパン　　　　　　　　　　 46.8  9.4-10.0 -6.5 -5.4 25  0.0                           
042025100217101540サダムスキャット　　　　　　　　　　  7.2  2.2 10.1  5.1  4.9 35 16.3                           
042025100315101341ロイヤルバローズ　　　　　　　　　　  9.5  2.7  6.0  6.1  4.0 34  0.0                           
042025100416104193メイショウハナモリ　　　　　　　　　 58.1 11.3-12.5-10.1 -7.5 23  0.0                           
042025100514103690サンライズチャージ　　　　　　　　　 86.5 16.5-12.5-10.1 -7.5 23  0.0                           
042025100617103482コパシーナ　　　　　　　　　　　　　 13.0  3.1  5.3 11.7  5.9 36  8.2                           
042025100715104371アルベルティーヌ　　　　　　　　　　 12.1  3.0  6.0  8.5  4.9 35 10.9                           
042025100816106486メディクス　　　　　　　　　　　　　  3.5  1.5 21.8 17.8 13.1 43  5.3                           
042025100916103710レイトブルーミング　　　　　　　　　 62.6 12.1-12.5 -8.1 -6.7 23  0.0                           
042025101016105963ビートマジック　　　　　　　　　　　 46.5  9.4 -8.5-14.1 -7.7 22  0.0                           
042025101115101034ミフトゥーロ　　　　　　　　　　　　 45.2  9.2-11.4  8.4 -0.3 30  0.0                           
042025101216100467ハナブショウ　　　　　　　　　　　　 16.8  3.9  4.0 -0.7  0.9 31  9.2  0                        
042025101315104381ピエナミント　　　　　　　　　　　　 14.2  3.4 -6.0 -5.4 -3.8 26  0.0                           
042025101417102572トウカイエトワール　　　　　　　　　  6.3  2.0 15.0 10.8  8.5 38  6.2  5                        
042025101516104431スズカカナロア　　　　　　　　　　　  3.8  1.6 22.0 14.2 11.8 42 14.0                           
042025110116105101サトノダムゼル　　　　　　　　　　　  4.3  1.8 17.4 16.0 11.1 46  5.8                           
042025110215104610リンディーホップ　　　　　　　　　　 14.0  3.5 -1.5 -6.2 -2.7 32  0.0                           
042025110315104270オメガラヴィサン　　　　　　　　　　 45.6  9.8-12.5-10.1 -7.5 28  0.0                           
042025110416100763コスモカレンドゥラ　　　　　　　　　 16.1  3.9 12.4  1.0  4.1 39  0.0                           
042025110516101366ローズテソーロ　　　　　　　　　　　  8.0  2.5  6.0 17.3  8.1 43 24.7                           
042025110615104779フィニフティ　　　　　　　　　　　　 31.8  7.0-12.5-10.6 -7.6 27  0.0                           
042025110714101563スズカフューラー　　　　　　　　　　152.2 30.3-12.5-10.1 -7.5 28  0.0                           
042025110814105492ボーダーオブライフ　　　　　　　　　 56.1 11.6-11.4-13.4 -8.3 27  0.0                           
042025110914105992スパイラルダイブ　　　　　　　　　　  7.9  2.5  9.8  5.5  5.0 40  0.0                           
042025111016103202ハンターバレー　　　　　　　　　　　 97.7 19.7 -9.2-11.9 -7.1 28  0.0                           
042025111114103795ワンダープチュック　　　　　　　　　 35.2  7.7-12.5 -8.1 -6.7 28  0.0                           
042025111216105136サヴォワールエメ　　　　　　　　　　 66.8 13.7-12.5 -9.0 -7.1 28  0.0                           
042025111316104913アルティマリガーレ　　　　　　　　　  9.0  2.7 16.0  2.4  5.7 41  0.0                           
042025111416104730エクセランフィーユ　　　　　　　　　  7.9  2.5  4.1 -0.7  1.0 36  6.8                           
042025111515105091レッドベルローズ　　　　　　　　　　 29.5  6.6 -6.2  6.6  0.6 36 13.7                           
042025111613102117オーシャンビュー　　　　　　　　　　 73.8 15.0-11.4 -3.7 -4.8 30  0.0                           
042025111716100596シュリ　　　　　　　　　　　　　　　  3.8  1.7 20.2 13.5 11.0 46 18.1                           
042025111815104947メサルティム　　　　　　　　　　　　 16.1  3.9 -2.9 -1.6 -1.5 34  0.0                           
042025120117102666マイネルクライマー　　　　　　　　　 32.0  6.6-12.5-11.8 -8.1 12  0.0                           
042025120217105720クリノキングボス　　　　　　　　　　 11.7  2.9  0.4  3.5  1.4 21  7.7                           
042025120316105875ハイオソラール　　　　　　　　　　　 46.5  9.3-12.5 -6.1 -6.0 14  0.0                           
042025120417105982ロッキーサンダー　　　　　　　　　　  3.0  1.4 22.0 17.6 13.1 33 12.8                           
042025120517101291パイプライナー　　　　　　　　　　　  5.2  1.8 16.0  8.9  8.1 28 12.5                           
042025120617101783サウザンドスマイル　　　　　　　　　  8.0  2.3 11.4  6.2  5.7 26  0.0                           
042025120717101761ラブロッソー　　　　　　　　　　　　  8.8  2.5  6.0  6.1  4.0 24  0.0                           
042025120817103341アイスヴィスタ　　　　　　　　　　　 86.9 16.4-12.5-10.1 -7.5 13  0.0                           
042025120917109161アストゥーリアス　　　　　　　　　　 38.7  7.9-12.5 -8.1 -6.7 13  0.0                           
042025121013102945メイショウゴテツ　　　　　　　　　　 73.3 14.0-12.5-10.1 -7.5 13  0.0                           
042025121116105222ネルソンタッチ　　　　　　　　　　　 56.0 10.8-12.5 -6.1 -6.0 14  0.0                           
042025121217102776ベルウッドヨウサン　　　　　　　　　 12.1  3.0 -6.4  8.7  1.3 21 11.6                           
042025121317101380ベルダーイメル　　　　　　　　　　　  4.5  1.6 13.4 14.0  9.2 29 19.8                           
042025121414103806メイショウバンカラ　　　　　　　　　 46.8  9.4-12.5-10.1 -7.5 13  0.0                           
042025121517104921バルサミックムーン　　　　　　　　　 17.2  3.9  6.7  6.6  4.4 24  0.0                           
