062153010119103542マイネルシトラス　　　　　　　　　　  5.0  1.7 12.9  8.7  7.1 12  8.6                           
062153010219100828ヴィニュロン　　　　　　　　　　　　 23.2  4.8  2.4 -2.0  0.0  5  0.0                           
062153010319104204トルヴァルツァー　　　　　　　　　　 51.8  9.9-10.3-11.6 -7.3 -2  0.0                           
062153010419104234プリマリー　　　　　　　　　　　　　107.7 19.4-12.1-18.6-10.4 -5  0.0                           
062153010519106693ダイメイクルミ　　　　　　　　　　　 36.8  7.3-11.6 -9.2 -6.9 -2  0.0                           
062153010619102156プリンアラモード　　　　　　　　　　 47.2  9.1-11.6-10.0 -7.1 -2  0.0                           
062153010719101100キーチズカンパニー　　　　　　　　　  9.1  2.5 15.2 12.0  9.0 14 10.8                           
062153010819106490ミンナノユメミノル　　　　　　　　　 11.3  2.7  9.1 -2.0  2.0  7 11.6                           
062153010919103553シルバーキングダム　　　　　　　　　 14.0  3.2  2.7  5.8  2.9  8  0.0                           
062153011019104251ソーメニーサンクス　　　　　　　　　104.3 18.8-12.1-10.0 -7.3 -2  0.0                           
062153011119102766ヴェロニカマジック　　　　　　　　　 29.0  5.9 -2.5  6.0  1.5  6  0.0                           
062153011219101698ダノンマジック　　　　　　　　　　　  5.7  1.8 11.6 12.5  8.1 13  9.4                           
062153011319105419テンコウバヒ　　　　　　　　　　　　  8.4  2.4  6.3  8.2  4.9 10 10.1                           
062153011419106700ヒロノゴウカイ　　　　　　　　　　　161.2 28.8-12.6 -5.9 -5.9 -1  0.0                           
062153011519107007パワポケビー　　　　　　　　　　　　 30.4  6.1 -9.0  9.2  0.7  6  0.0                           
062153011619104952ロープスピニング　　　　　　　　　　  2.6  1.3 24.7 19.0 14.4 19  8.0                           
062153020119105314トゥザヒロイン　　　　　　　　　　　  5.8  1.9 15.1 14.9 10.0 15 10.1  3                        
062153020219106663シャムトラダイコウ　　　　　　　　　 31.3  6.4-14.7-15.3-10.0 -5  0.0                           
062153020319104155コイマリ　　　　　　　　　　　　　　 66.3 12.5-14.7-10.8 -8.4 -3  0.0                           
062153020419101068ペイシャアート　　　　　　　　　　　 82.8 15.5-11.6 -4.0 -4.9  0  0.0                           
062153020519107005フジシラユキヒメ　　　　　　　　　　 13.9  3.3  8.6  6.0  4.8 10 11.6                           
062153020619104610リトルポピー　　　　　　　　　　　　  2.7  1.4 19.3 23.9 14.6 20 15.9                           
062153020719104309マールムキトレウム　　　　　　　　　 75.4 14.2-14.7-17.5-10.8 -6  0.0  0                        
062153020819101689パルガン　　　　　　　　　　　　　　  5.1  1.7 15.8 19.4 11.9 17  0.0                           
062153020919103180シュネーシュテルン　　　　　　　　　 37.1  7.5-11.6 -9.7 -7.0 -2  0.0                           
062153021019104321イエローウィン　　　　　　　　　　　 42.0  8.4-14.7-11.5 -8.6 -4  0.0                           
062153021119105264スマイルオンミー　　　　　　　　　　  5.2  1.7 17.0 15.7 10.9 16 18.8                           
062153021219100522ノアチェリー　　　　　　　　　　　　 22.9  4.9 -6.1  7.4  0.9  6  0.0                           
062153021319104634メロディーフェア　　　　　　　　　　 14.6  3.4 -5.2  2.1 -0.8  4  0.0                           
062153021419106317パーチル　　　　　　　　　　　　　　  8.3  2.4 12.6 10.0  7.4 12  0.0                           
062153030119104005ブレットフライ　　　　　　　　　　　 11.5  2.9 10.2  8.4  6.1 11  0.0  5                        
062153030219102286アイパラドックス　　　　　　　　　　125.8 23.6-12.1 -9.7 -7.2 -2  0.0                           
062153030319101361ピースワンドルチェ　　　　　　　　　 81.6 15.6-14.7 -5.9 -6.6 -2  0.0  0                        
062153030419103514アフリカンサウンズ　　　　　　　　　 20.8  4.6  1.4 -4.0 -1.0  4  0.0                           
062153030519104997インペラートル　　　　　　　　　　　  4.7  1.7 16.2 13.7  9.9 15 17.3                           
062153030619102309ベッサスタージル　　　　　　　　　　  6.3  2.0  9.5 20.3 10.3 15 10.1  4                        
062153030719100492ニシノボルテージ　　　　　　　　　　 50.9 10.2 -9.3 -5.3 -4.7  0  0.0                           
062153030819105458クアトロマジコ　　　　　　　　　　　  3.0  1.4 16.4 20.0 12.3 17  7.9                           
062153030919104530ブランショセット　　　　　　　　　　  4.7  1.7 13.4 25.1 13.2 18  9.4  2                        
062153031019101803ドモナラン　　　　　　　　　　　　　102.7 19.4-12.1 -7.7 -6.5 -1  0.0                           
062153031119101129ノアダイオウ　　　　　　　　　　　　 66.0 12.7-14.3-10.0 -8.0 -3  0.0                           
062153031219106749ラールブル　　　　　　　　　　　　　  6.6  2.1  5.1  6.6  4.0  9 10.9                           
062153031319101456オレノマサムネ　　　　　　　　　　　 51.9 10.4-12.1 -9.7 -7.2 -2  0.0                           
062153031419104192イーサンバーニング　　　　　　　　　 17.0  3.9  0.7  9.2  3.6  9  0.0                           
062153031519103960チョコレートミルク　　　　　　　　　 66.7 12.8-14.3 -3.2 -5.5  0  0.0                           
062153040119105940アリシアン　　　　　　　　　　　　　 18.1  4.5 -6.6 11.1  2.1  7 13.7                           
062153040219100039トゥルーブルー　　　　　　　　　　　 17.9  4.5 -1.6 -4.0 -1.9  3  0.0                           
062153040319103948ネレイド　　　　　　　　　　　　　　  5.0  1.8  9.0 18.4  9.4 14  9.4                           
062153040419101562デフィデリ　　　　　　　　　　　　　 65.4 14.1-12.1-17.5-10.0 -5  0.0  0                        
062153040519103517ディージェーサン　　　　　　　　　　  4.1  1.7 19.3 11.6 10.0 15 15.9A                          
062153040619105910カガファクター　　　　　　　　　　　 79.8 17.0-12.1-14.1 -8.8 -4  0.0  0                        
062153040719106355ワイワイドリーム　　　　　　　　　　 68.4 14.7-11.6-15.0 -9.0 -4  0.0  0                        
062153040819101428ローズブルーム　　　　　　　　　　　  8.4  2.7 10.2  6.2  5.3 10  0.0                           
062153040919103188ライヴトパーズ　　　　　　　　　　　 31.5  7.3 -2.1  9.7  2.9  8 15.2                           
062153041019104001アメイジングアイル　　　　　　　　　  7.0  2.3 14.1  6.0  6.4 11  0.0                           
062153041119101504エリークラウン　　　　　　　　　　　 29.3  6.8 -8.5-12.5 -7.1 -2  0.0                           
062153041219104595エコロデビル　　　　　　　　　　　　  7.8  2.5  8.8  6.9  5.2 10 10.8                           
062153041319102884ゲンパチプライド　　　　　　　　　　 15.2  3.9  5.2 -1.2  1.1  6  0.0                           
062153041419105098オールイズトゥルー　　　　　　　　　  4.8  1.8  7.7 13.7  7.3 12  0.0                           
062153041519100501サツキレッドスター　　　　　　　　　151.2 31.7-11.6 -4.0 -4.9  0  0.0                           
062153041619105640カイト　　　　　　　　　　　　　　　 31.5  7.3 -2.2-11.9 -5.0  0  0.0                           
062153050119100318ケイアイセナ　　　　　　　　　　　　  3.7  1.5 19.3 16.2 11.7 12 17.3                           
062153050219105639シルミオーネ　　　　　　　　　　　　 24.1  4.9 -5.1 -5.6 -3.6 -4  0.0                           
062153050319105553レーヴディノエル　　　　　　　　　　  3.0  1.4 17.4 24.6 14.2 14 15.9                           
062153050419110034ワンダフルサマー　　　　　　　　　　 29.2  5.8 -3.2-15.2 -6.5 -7  0.0                           
062153050519100221リニュー　　　　　　　　　　　　　　 24.3  4.9 -7.0  5.8  0.0  0  0.0                           
062153050619101718グートアウス　　　　　　　　　　　　  6.9  2.0  9.1 17.9  9.3  9  0.0                           
062153050719105066ジャスコ　　　　　　　　　　　　　　 14.6  3.3 -4.8-10.0 -5.1 -5  0.0                           
062153050819103850パトリックハンサム　　　　　　　　　  5.5  1.8 20.5 20.4 13.6 14  9.4                           
062153050919106939オンリーワンエルフ　　　　　　　　　 33.0  6.5-10.3 -2.0 -3.8 -4  0.0                           
062153051019104782ストームシャドウ　　　　　　　　　　 19.3  4.1  8.7  6.0  4.8  5 12.3                           
062153051119107009ポケットシンデレラ　　　　　　　　　 34.2  6.7 -8.7-10.0 -6.3 -6  0.0                           
062153051219101023アルカンサス　　　　　　　　　　　　  7.2  2.1 15.8  5.9  6.9  7  0.0                           
062153060119106653コパノランサー　　　　　　　　　　　 11.9  4.8 -1.4  9.5  3.1  3  0.0                           
062153060219105713ミッキーエイト　　　　　　　　　　　  3.7  1.8 11.5  8.8  6.7  7  8.7                           
062153060319101092レオプレシード　　　　　　　　　　　  5.9  2.8 11.7  8.0  6.4  6  0.0                           
062153060419101461インテンシティ　　　　　　　　　　　 13.6  5.4 -5.7  7.3  1.0  1  0.0                           
062153060519104179ユイノセンリガン　　　　　　　　　　  5.8  2.7  3.9 13.1  6.0  6 20.2                           
062153060619106654アポロマジェスティ　　　　　　　　　  4.4  2.1 14.1  5.0  6.1  6  9.4                           
062153060719104371オセアレジェンド　　　　　　　　　　  2.6  1.5 21.8 16.9 12.7 13 15.9                           
062153070119106260ノアヴァイオレット　　　　　　　　　110.3 20.3-12.1 -9.7 -7.2 -2  0.0                           
062153070219106303サノワン　　　　　　　　　　　　　　 33.7  6.8-11.6-10.0 -7.1 -2  0.0                           
062153070319102628セイウンプラチナ　　　　　　　　　　  7.6  2.2 11.5  4.6  5.1 10  0.0                           
062153070419103885キントリヒ　　　　　　　　　　　　　  9.0  2.5 11.9  8.2  6.6 12  0.0                           
062153070519100585ユイノゴトク　　　　　　　　　　　　  2.5  1.4 20.0 17.5 12.4 17 15.9                           
062153070619101275マルターズデイ　　　　　　　　　　　 18.6  4.1 -0.5 10.9  3.8  9 14.5                           
062153070719101862クライアンテル　　　　　　　　　　　 12.0  2.9  2.2  9.9  4.3  9  0.0                           
062153070819105491ナンヨーリリー　　　　　　　　　　　 16.9  3.8 -0.5  6.7  2.3  7 13.0                           
062153070919102112フラスティー　　　　　　　　　　　　 99.8 18.4-10.3 -7.7 -5.9 -1  0.0                           
062153071019104928ヴィブラツィオーネ　　　　　　　　　 36.1  7.3 -0.8 -2.0 -1.0  4 16.6                           
062153071119104638ナックフローラ　　　　　　　　　　　 17.5  3.9  6.5 -1.8  1.3  6  0.0                           
062153071219102872マイネルビスワール　　　　　　　　　 33.2  6.7-12.1 -8.2 -6.6 -2  0.0                           
062153071319105527ソリスルクス　　　　　　　　　　　　 14.1  3.3 -4.7 -4.8 -3.2  2 12.2A                          
062153071419103827オウケンボルト　　　　　　　　　　　  6.0  2.0  9.1  5.9  4.9 10  0.0                           
062153071519110049ブラカー　　　　　　　　　　　　　　 13.1  3.1 -5.8 19.6  5.4 10  0.0                           
062153071619103002ハニートラップ　　　　　　　　　　　 49.6  9.7-14.3 -9.7 -7.8 -3  0.0                           
062153080118103976ダイモーン　　　　　　　　　　　　　 37.5  6.3 -3.2 -5.2 -2.9 17  0.0  0                        
062153080218106035コスモコラッジョ　　　　　　　　　　 18.1  3.4 -1.8-12.7 -5.2 15 11.6                           
062153080318104327ヒートヘイズ　　　　　　　　　　　　 33.5  5.7 -7.3-13.5 -7.1 13  0.0                           
062153080418106613プルスウルトラ　　　　　　　　　　　 24.8  4.4 -1.3  6.4  2.0 22 14.4                           
062153080518105249プンタアレナス　　　　　　　　　　　 20.4  3.8 -8.8 -8.2 -5.6 14  0.0                           
062153080618100440クリーンドリーム　　　　　　　　　　 16.7  3.2  4.7 11.8  5.7 26  0.0                           
062153080718103194セイウンロミオ　　　　　　　　　　　 23.2  4.2 -3.3  1.1 -0.6 19  0.0                           
062153080818102298シルミーヌ　　　　　　　　　　　　　 43.0  7.2-12.1  7.2 -1.0 19 17.3                           
062153080918100186タイセイマーベル　　　　　　　　　　  4.4  1.5 17.1 13.2 10.0 30  0.0                           
062153081018102811スズノイナズマ　　　　　　　　　　　 16.1  3.1  3.4 11.0  5.1 25  0.0                           
062153081118100859シュルードアイズ　　　　　　　　　　  7.5  2.0  9.4  5.8  4.9 25  9.4                           
062153081218105887ロンコーネ　　　　　　　　　　　　　  2.1  1.2 21.5 22.2 14.6 35 15.9                           
062153081317102819ダイチヴィット　　　　　　　　　　　 83.2 12.9-12.6 -5.9 -5.9 14  0.0                           
062153081417104168ウインジョイフル　　　　　　　　　　 34.2  5.8 -8.5 -3.9 -4.0 16  0.0                           
062153081518106440クールマニワ　　　　　　　　　　　　 23.0  4.1  1.5  5.7  2.5 23  0.0                           
062153081615105430ホウオウサマンサ　　　　　　　　　　 50.0  8.2-14.3-10.0 -8.0 12  0.0                           
062153090119103136シゲルファンノユメ　　　　　　　　　  2.8  1.3 23.7 27.1 17.0 37 15.9                           
062153090219104147シーズアクイーン　　　　　　　　　　 30.3  5.7 -8.8-10.0 -6.3 14  0.0                           
062153090319103120リトス　　　　　　　　　　　　　　　 16.0  3.4  1.3 -9.6 -3.1 17  0.0                           
062153090419101037エシェロン　　　　　　　　　　　　　 35.5  6.5 -8.8-12.5 -7.2 13  0.0                           
062153090519104095トータルリコール　　　　　　　　　　  4.2  1.5 11.1 16.4  9.3 29  9.4                           
062153090619102648エスティメート　　　　　　　　　　　 48.5  8.7-12.0 -4.0 -5.1 15  0.0                           
062153090719104415トーセンキャロル　　　　　　　　　　 10.9  2.5  1.2  4.9  2.2 22  0.0                           
062153090819102938ニシノレバンテ　　　　　　　　　　　  3.5  1.4 17.6 17.4 11.7 32 17.3 1                         
062153090919102303アイムファイン　　　　　　　　　　　  8.3  2.2  7.8 18.6  9.2 29 10.9                           
062153091019103360ジョーブリッランテ　　　　　　　　　  8.1  2.2 14.3 16.5 10.3 30  0.0                           
062153100115102637メイショウラビエ　　　　　　　　　　 67.0 13.7 -3.8-10.1 -4.8 30  0.0                           
062153100216104613テルモードーサ　　　　　　　　　　　 13.2  3.3 12.4  1.3  4.2 39  0.0                           
062153100315101340コンセッションズ　　　　　　　　　　 76.9 15.7-12.5-10.1 -7.5 28  0.0                           
062153100417100751アーマーバローズ　　　　　　　　　　  8.3  2.5 12.4  9.3  7.1 42 10.8                           
062153100513101259ローレルジャック　　　　　　　　　　 72.0 14.7-12.1 -9.6 -7.2 28  0.0                           
062153100616104253ウィッチクラフト　　　　　　　　　　 20.5  4.8 -7.4-10.1 -5.9 29 13.8                           
062153100715101377サンライズセナ　　　　　　　　　　　  8.4  2.6 -2.3 -5.4 -2.7 32  0.0                           
062153100817110145イッシン　　　　　　　　　　　　　　 92.6 18.7-12.9-10.1 -7.6 27  0.0                           
062153100915104010フィールザファラオ　　　　　　　　　 27.3  6.1 -1.0 -3.1 -1.4 34  0.0                           
062153101017110146ジゲン　　　　　　　　　　　　　　　  3.4  1.5 17.8 15.1 10.9 46  8.0                           
062153101114103001メイショウサチシオ　　　　　　　　　 64.3 13.2-12.9 -7.6 -6.7 28  0.0                           
062153101217101823チェーンオブラブ　　　　　　　　　　 17.1  4.2 -5.9-10.1 -5.5 30  0.0                           
062153101317105498ヴァルキュリア　　　　　　　　　　　  5.5  1.9  8.6  6.3  4.9 40  9.4                           
062153101416103020サンマルベスト　　　　　　　　　　　 63.8 13.1-10.0-10.1 -6.7 28  0.0                           
062153101515101341ロイヤルバローズ　　　　　　　　　　  6.8  2.2 12.0 10.2  7.3 42  0.0                           
062153101615110028アメリカンファクト　　　　　　　　　  5.0  1.8 15.8 13.8  9.8 45 17.3                           
062153110117100378デュードヴァン　　　　　　　　　　　 11.4  2.7 10.7 19.6 10.4 55 10.8                           
062153110215104321サトノディード　　　　　　　　　　　 48.3  9.2 -8.8-12.3 -7.2 38  0.0                           
062153110317100993エブリワンブラック　　　　　　　　　 36.5  7.1-12.9-10.1 -7.6 37  0.0                           
062153110418103139メイショウムラクモ　　　　　　　　　  2.8  1.4 18.8 20.0 13.0 58 15.9                           
062153110516101055ネオブレイブ　　　　　　　　　　　　 28.1  5.6 -3.7 -5.7 -3.2 42  0.0                           
062153110617104791バーナードループ　　　　　　　　　　 18.1  3.9 -0.6  5.9  2.0 47  0.0                           
062153110716106255アッシェンプッテル　　　　　　　　　 12.6  2.9  5.3 -1.6  1.0 46  0.0                           
062153110816102663ハギノアトラス　　　　　　　　　　　 34.9  6.8 -7.5-10.1 -6.0 39  0.0                           
062153110917110067アメリカンシード　　　　　　　　　　  4.2  1.6 16.0 12.8  9.5 54  8.7                           
062153111017103641ケンシンコウ　　　　　　　　　　　　 11.3  2.7  8.2 15.5  8.1 53  0.0                           
062153111117101831ペオース　　　　　　　　　　　　　　 19.9  4.3 -7.9 -8.1 -5.3 40  0.0                           
062153111217101819ハギノリュクス　　　　　　　　　　　 16.5  3.6 -7.1 19.7  5.1 50 24.6  3                        
062153111315106156コマビショウ　　　　　　　　　　　　 31.5  6.2 -9.9 -7.4 -5.7 39  0.0                           
062153111416105084ダノンテイオー　　　　　　　　　　　108.8 19.4-10.0-10.1 -6.7 38  0.0                           
062153111515105066レピアーウィット　　　　　　　　　　  8.7  2.4 10.8  9.7  6.8 52  0.0  3                        
062153111614105506バレッティ　　　　　　　　　　　　　 23.7  4.9  8.6  8.8  5.8 51  0.0                           
062153120116104352ガロシェ　　　　　　　　　　　　　　  7.2  2.1  3.5  7.4  3.8 34  0.0                           
062153120215105960カサーレ　　　　　　　　　　　　　　 28.8  5.8-10.0 -8.1 -6.0 24  0.0                           
062153120316110056ファインスティール　　　　　　　　　 10.6  2.6 -0.8  4.4  1.4 31  0.0                           
062153120418105347ストゥーティ　　　　　　　　　　　　  2.6  1.3 23.3 18.9 13.9 44  7.9                           
062153120517105452クロスセル　　　　　　　　　　　　　  4.9  1.7 18.1  7.3  8.1 38 17.3 1                         
062153120617104478ヒューマンコメディ　　　　　　　　　  7.8  2.2 10.3  2.4  4.0 34 10.9                           
062153120718101626ウインルーア　　　　　　　　　　　　 41.4  8.1-12.1-10.0 -7.3 23  0.0                           
062153120818102715ローゼライト　　　　　　　　　　　　 12.9  3.0 -1.1 -8.3 -3.4 27  0.0                           
062153120918105336セナリスト　　　　　　　　　　　　　  5.5  1.8 12.2  8.6  6.8 37  9.4                           
062153121016100232ウインメルシー　　　　　　　　　　　  9.2  2.5 19.1  7.1  8.3 38 11.6                           
072163010119103593ハセドン　　　　　　　　　　　　　　  4.7  1.7 14.1 30.0 14.2 19 10.5                           
072163010219106382オールタイムハイ　　　　　　　　　　  5.5  1.8 14.5 22.5 12.1 17 17.5                           
072163010319106399ダンツエスプリ　　　　　　　　　　　  5.3  1.8 15.5 18.3 11.2 16 16.3                           
072163010419102593ルイナールカズマ　　　　　　　　　　 11.1  2.7 -5.2-15.0 -6.4 -1  0.0                           
072163010519105759フジフォンテ　　　　　　　　　　　　 40.0  8.0 -8.5-12.5 -6.9 -2  0.0                           
072163010619100580リリーラッシャー　　　　　　　　　　 23.7  5.0 -4.1  9.0  1.2  6  0.0                           
072163010719100489セイウンフィーバー　　　　　　　　　 32.8  6.7 -6.1-12.5 -6.0 -1  0.0                           
072163010819101320アイファーラニオー　　　　　　　　　 23.6  5.0 -6.4-15.0 -6.8 -2  0.0                           
072163010919104149プチョヘンザ　　　　　　　　　　　　 41.4  8.2-12.3-12.5 -8.3 -3  0.0                           
072163011019102265ショウサンキズナ　　　　　　　　　　  9.5  2.6  4.4-15.0 -2.9  2  0.0                           
072163011119100011マテンロウマジック　　　　　　　　　  2.8  1.4 19.2 18.0 12.4 17 13.8                           
072163011219103961フィズアップ　　　　　　　　　　　　 17.1  3.8 -6.4  7.5 -0.1  5  0.0                           
072163020119101200リンドラゴ　　　　　　　　　　　　　  8.8  2.6  9.2 18.0  8.8 14  0.0                           
072163020219101824ミラクルスター　　　　　　　　　　　 18.4  4.3 -7.3 -9.0 -5.4  0  0.0                           
072163020319102292タイガークリスエス　　　　　　　　　  5.0  1.8 13.5 15.0  9.4 14 11.4                           
072163020419101767チョウジュクムスメ　　　　　　　　　 83.6 16.7-10.9-12.5 -7.7 -3  0.0                           
072163020519100026ベルドラゴ　　　　　　　　　　　　　  6.4  2.1 13.5  9.0  7.7 13 17.5                           
072163020619106632テイエムランウェイ　　　　　　　　　  4.2  1.6 16.4 15.7 10.7 16 15.0                           
072163020719103121ユメコイ　　　　　　　　　　　　　　 68.1 13.7-10.8-15.0 -8.5 -3  0.0                           
072163020819101720バーグチャン　　　　　　　　　　　　 34.1  7.4 -6.3-15.0 -6.8 -2  0.0                           
072163020919104123ルルネージュ　　　　　　　　　　　　 17.3  4.1 -1.0 25.0  7.1 12  0.0                           
072163021019101714デルマシルフ　　　　　　　　　　　　 24.8  5.6 -6.4-15.0 -6.8 -2  0.0                           
072163021119101809カレンブルーローズ　　　　　　　　　  3.7  1.5 19.7 22.5 14.0 19 13.8                           
072163021219101662グラサージュ　　　　　　　　　　　　 45.9  9.7-10.9  7.5 -1.7  3  0.0                           
072163021319103285クリノミニスター　　　　　　　　　　 31.3  6.8-11.9 -9.0 -7.1 -2  0.0                           
072163021419100649アリアンロッド　　　　　　　　　　　 37.6  8.1-12.6-15.0 -9.1 -4  0.0                           
072163021519106613エールゴージューン　　　　　　　　　 26.0  5.8-11.9-15.0 -8.9 -4  0.0                           
072163021619101559トニカクビジン　　　　　　　　　　　 20.2  4.7 -9.7-12.5 -7.3 -2  0.0                           
072163030117100795シングンバズーカ　　　　　　　　　　 20.1  3.7 -3.5  7.5  1.0 21  0.0                           
072163030217101528セイシェルノユウヒ　　　　　　　　　  8.6  2.1  2.5 25.0  8.4 28  0.0                           
072163030317103569バルンストック　　　　　　　　　　　 43.8  7.1 -7.6  7.5 -0.5 19  0.0                           
072163030416102615ゾロ　　　　　　　　　　　　　　　　 41.6  6.8-10.9 12.5 -0.2 20  0.0                           
072163030518104366ステイブルアスク　　　　　　　　　　  2.9  1.3 21.3 24.0 15.0 35 15.0                           
072163030618106811ヴァルガス　　　　　　　　　　　　　 47.0  7.6 -6.0-12.5 -5.9 14  0.0                           
072163030718100761ルリオウ　　　　　　　　　　　　　　 18.0  3.4 -1.2-12.5 -4.2 16  0.0                           
072163030816104400アドマイヤリーブラ　　　　　　　　　 33.4  5.6-10.9-12.5 -7.7 12  0.0                           
072163030918103477ホウオウヴォーヌ　　　　　　　　　　 28.4  4.8 -5.9-12.5 -5.9 14 16.6                           
072163031018106466タイキフォース　　　　　　　　　　　  2.7  1.3 18.8 30.0 15.9 36 13.8                           
072163031118106551メイショウオルセー　　　　　　　　　 76.9 11.7 -7.1-15.0 -7.1 13  0.0                           
072163031217102787シュバルツイェガー　　　　　　　　　  8.0  2.0 10.3  7.5  6.0 26 16.3                           
072163031318106797シバノトロフェオ　　　　　　　　　　 39.0  6.4-10.9-12.5 -7.7 12  0.0                           
072163031416101424トモジャチャーリー　　　　　　　　　 22.9  4.0 -1.6 15.0  3.9 24  0.0                           
072163031518105473エアーレジーナ　　　　　　　　　　　 16.5  3.1 -0.3  2.6  0.7 21  0.0                           
072163040119102387アメカテソーロ　　　　　　　　　　　 25.9  6.0 -3.5  7.5  1.0  6  0.0                           
072163040219101933ウェルシュゴールド　　　　　　　　　 62.9 13.3-10.9-12.5 -7.7 -3  0.0                           
072163040319105265アエリーゾ　　　　　　　　　　　　　  6.1  2.1  8.9 18.0  8.7 14 11.4                           
072163040419106713クインズグレイト　　　　　　　　　　 23.9  5.6 -9.6 27.7  4.8 10  0.0                           
072163040519100732テイエムオードリー　　　　　　　　　 39.8  8.9 -7.5-12.5 -6.5 -1  0.0                           
072163040619105040セントカメリア　　　　　　　　　　　  7.5  2.4  8.7  9.0  5.9 11 17.5                           
072163040719103327ルクスレジーナ　　　　　　　　　　　 12.8  3.3  4.9  6.2  3.7  9  0.0                           
072163040819105750カルチェリノイオリ　　　　　　　　　 17.5  4.3 -8.4  7.5 -0.8  4  0.0                           
072163040919103782ルピナスリード　　　　　　　　　　　  4.3  1.7 18.7 30.0 15.9 21 15.0                           
072163041019104995ショウナンナウシカ　　　　　　　　　 37.0  8.3-10.9-12.5 -7.7 -3  0.0                           
072163041119101877ルミネイト　　　　　　　　　　　　　  9.1  2.8  6.0  3.5  3.3  8  0.0                           
072163041219100180スナークステージ　　　　　　　　　　104.9 21.7-11.9-16.8 -9.4 -4  0.0  0                        
072163041319104159カヨウネンカ　　　　　　　　　　　　 18.3  4.5-10.9-12.5 -7.7 -3  0.0                           
072163041419100646アルティヒ　　　　　　　　　　　　　 12.3  3.2  3.4  9.6  4.1  9  0.0                           
072163041519106590アンジェリーナ　　　　　　　　　　　  4.2  1.7 20.5 15.5 12.2 17 13.8                           
072163041619106129ショウナンラブリー　　　　　　　　　 24.1  5.6-10.6-12.5 -7.6 -3  0.0                           
072163050119106720キタノシェクール　　　　　　　　　　 67.1 12.4-10.9-12.5 -7.7 -8  0.0                           
072163050219103946フィーカ　　　　　　　　　　　　　　  5.9  1.9  9.4 18.8  9.1  9 16.3                           
072163050319100482キージュピター　　　　　　　　　　　 63.9 11.8-10.9-12.5 -7.7 -8  0.0                           
072163050419101857ジュンツーポイント　　　　　　　　　 21.9  4.6 -1.9 -9.0 -3.4 -3  0.0                           
072163050519110061モズブーナー　　　　　　　　　　　　  3.0  1.4 22.2 26.2 16.0 16 13.8                           
072163050619110028マーナーパス　　　　　　　　　　　　  4.0  1.6 17.5 15.0 10.9 11 15.0                           
072163050719102892プランタニエール　　　　　　　　　　 40.1  7.9 -8.2 -9.0 -5.7 -6  0.0                           
072163050819100623ブランニューデイ　　　　　　　　　　 12.6  3.0  5.2-15.5 -2.7 -3  0.0                           
072163050919103468スナークユウマ　　　　　　　　　　　 17.3  3.8 -6.4-16.8 -7.4 -7  0.0  0                        
072163051019100110ナッカーフェイス　　　　　　　　　　 12.3  2.9  5.1  5.4  3.5  3 13.1                           
072163051119100932キタノセレナード　　　　　　　　　　  7.6  2.2  1.4  9.0  3.2  3  0.0                           
072163051219100871ブルーノート　　　　　　　　　　　　 15.7  3.5 -4.4 -7.8 -4.0 -4  0.0                           
072163051319105786ハイアキュレイト　　　　　　　　　　 13.5  3.1  6.7 22.5  9.2  9  0.0                           
072163060118105304グッドインパクト　　　　　　　　　　  7.4  2.4  1.7  9.0  3.3 23  0.0                           
072163060218105708ルージュエトワール　　　　　　　　　 49.5 11.0-11.0-15.0 -8.5 11  0.0                           
072163060318106464メイショウイッコン　　　　　　　　　  4.5  1.8 19.0 30.0 16.0 36 15.0                           
072163060418101166サイモンポーリア　　　　　　　　　　 19.3  4.8 -7.5  7.5 -0.5 20  0.0                           
072163060518101381トウカイベルシナル　　　　　　　　　 31.0  7.1-11.9 -9.0 -7.1 13  0.0                           
072163060617102390メリディアン　　　　　　　　　　　　 11.2  3.0  3.8-15.0 -3.1 17 14.9                           
072163060718105037サトノフィオーレ　　　　　　　　　　 44.5 10.0 -9.3-15.0 -7.9 12  0.0                           
072163060817101763ラブエスポー　　　　　　　　　　　　 14.6  3.8  4.9 12.5  5.5 26  0.0                           
072163060918103658バージョンアップ　　　　　　　　　　  5.9  2.1  6.5 -9.0 -0.3 20  0.0                           
072163061018104966ギブミーラブ　　　　　　　　　　　　  4.2  1.7 15.9  9.5  8.7 29 13.8                           
072163061115101835サツキワルツ　　　　　　　　　　　　 28.9  6.7-10.9-12.5 -7.7 12  0.0                           
072163061218100096キトゥンズマーチ　　　　　　　　　　 10.7  2.9  8.8 22.5 10.0 30  0.0                           
072163061318104472ベゼドランジュ　　　　　　　　　　　  5.5  2.0 11.9 23.1 11.3 31 16.3                           
072163070118103608ダイナストーン　　　　　　　　　　　  5.9  1.9 10.3 20.2  9.8 30 11.4                           
072163070217106420ベラール　　　　　　　　　　　　　　  7.4  2.3  2.3-15.0 -3.7 16  0.0                           
072163070317102855オーロアドーネ　　　　　　　　　　　 32.4  6.8 -7.5  7.5 -0.5 20  0.0                           
072163070416105750サダムゲンヤ　　　　　　　　　　　　 45.9  9.4 -9.3  3.3 -2.4 18  0.0                           
072163070518103832バルネージュ　　　　　　　　　　　　 26.2  5.6 -3.9-12.5 -5.2 15  0.0                           
072163070617106745ワンダフルライフ　　　　　　　　　　 92.9 17.9-10.9-12.5 -7.7 12  0.0                           
072163070718101281セブンパワー　　　　　　　　　　　　 81.4 15.8 -8.4-12.5 -6.8 13  0.0                           
072163070817110135トレーンベアラー　　　　　　　　　　  8.3  2.5  3.1 22.5  7.9 28  0.0                           
072163070918105762フィールザワールド　　　　　　　　　  8.4  2.5  7.4  7.5  5.0 25 20.0                           
072163071018110134ニルアドミラリ　　　　　　　　　　　 19.5  4.4 -2.1 -7.8 -3.1 17  0.0                           
072163071118105785メイショウマンサク　　　　　　　　　  5.9  1.9 10.1 15.0  8.2 28 15.0                           
072163071217102984バーニングソウル　　　　　　　　　　 82.3 16.0-12.6-20.0-10.6  9  0.0  0                        
072163071318101444ピラミデ　　　　　　　　　　　　　　 96.0 18.5-12.3-12.5 -8.3 12  0.0                           
072163071417100746アポロセイラン　　　　　　　　　　　 74.9 14.6-10.9-12.5 -7.7 12  0.0                           
072163071518104339メイショウナリヒラ　　　　　　　　　 11.8  3.0  9.5  9.0  6.2 26  0.0                           
072163071618105079ジャングルキング　　　　　　　　　　  2.7  1.4 21.3 18.8 13.4 33 13.8                           
072163080117102088グランチェイサー　　　　　　　　　　 20.4  4.6-10.9-12.5 -7.7 12  0.0                           
072163080217101153カゼノタニノアヤカ　　　　　　　　　  5.1  1.8 12.5 13.4  8.6 29 15.0                           
072163080316102111ファタリテ　　　　　　　　　　　　　 82.9 16.1 -9.2-15.0 -7.9 12  0.0                           
072163080418104689ミトグラフィア　　　　　　　　　　　 63.0 12.4-10.9-12.5 -7.7 12  0.0                           
072163080517110133ディランズソング　　　　　　　　　　 26.8  5.8 -8.2-12.5 -6.8 13  0.0                           
072163080618105518ダブルスナッチ　　　　　　　　　　　 13.0  3.2 -1.0 12.5  3.4 23  0.0                           
072163080718100894オプティミスモ　　　　　　　　　　　 25.9  5.6-11.0-15.0 -8.5 11  0.0                           
072163080816104481サルトアトランテ　　　　　　　　　　 20.4  4.6  3.7  9.0  4.1 24  0.0                           
072163080918103611デルマカンノン　　　　　　　　　　　  3.0  1.4 18.6 30.0 15.8 36 13.8                           
072163081018102768ジョーレイラニ　　　　　　　　　　　 50.1 10.3 -5.2-15.0 -6.4 14  0.0                           
072163081117105457ダブルアンコール　　　　　　　　　　  7.2  2.2  1.7  9.0  3.3 23 17.5                           
072163081218106809バイシクルキック　　　　　　　　　　120.6 23.1-10.9 -8.2 -6.5 14  0.0                           
072163081318103152メイショウイチヒメ　　　　　　　　　 18.5  4.3 -6.2-15.0 -6.8 13  0.0                           
072163081416106510トミケンルーア　　　　　　　　　　　 28.5  6.1 -0.6  7.5  2.0 22  0.0                           
072163081517101796リノ　　　　　　　　　　　　　　　　  9.1  2.6  2.0 15.0  5.2 25  0.0                           
072163081618100652ファイアダンサー　　　　　　　　　　  6.5  2.1 10.3  7.5  6.0 26 11.4                           
072163081714103615ダイイチターミナル　　　　　　　　　 86.3 16.7-10.9-12.5 -7.7 12  0.0                           
072163081816102216プレミアムコマチ　　　　　　　　　　120.6 23.1-10.6-12.5 -7.6 12  0.0                           
072163090115103578スズカワークシップ　　　　　　　　　195.8 31.9 -9.3 -9.0 -6.1 14  0.0                           
072163090218103206クオンタム　　　　　　　　　　　　　116.5 19.2-10.9-12.5 -7.7 12  0.0                           
072163090317101946バトーブラン　　　　　　　　　　　　 85.1 14.2-10.9-12.5 -7.7 12  0.0                           
072163090416104403マロリン　　　　　　　　　　　　　　 29.0  5.4-10.9-12.5 -7.7 12  0.0                           
072163090518101621ウインリブルマン　　　　　　　　　　 17.1  3.5  6.6 15.7  7.1 27  0.0                           
072163090618105763アズユーフィール　　　　　　　　　　 30.8  5.7-11.9  9.3 -1.6 18  0.0                           
072163090718104891アドマイヤハイジ　　　　　　　　　　  5.1  1.7 15.6 11.1  9.1 29 15.0                           
072163090818101924フォレスタ　　　　　　　　　　　　　208.6 33.9-10.9-12.5 -7.7 12  0.0                           
072163090918105461フレイミングサン　　　　　　　　　　  6.2  1.8  7.8  7.5  5.1 25  0.0                           
072163091017101556スカイテラス　　　　　　　　　　　　 41.4  7.4 -8.6 -7.8 -5.5 15  0.0                           
072163091117102665レッドペルーシュ　　　　　　　　　　 28.7  5.4  1.8  7.5  2.9 23 15.8                           
072163091217105621ミッキーパンチ　　　　　　　　　　　 12.0  2.7 11.1 14.5  8.4 28 18.8  4                        
072163091318105411フローレスクイーン　　　　　　　　　 24.2  4.6 -9.1-15.0 -7.8 12  0.0                           
072163091418101392コアレスロング　　　　　　　　　　　125.8 20.7-10.9-12.5 -7.7 12  0.0                           
072163091518105264ボーデン　　　　　　　　　　　　　　  2.2  1.2 21.1 18.8 13.4 33 13.8                           
072163091618104697サザンナイツ　　　　　　　　　　　　 46.2  8.2 -8.5-12.5 -6.9 13  0.0                           
072163091717105628パリスデージー　　　　　　　　　　　 31.2  5.8 -7.6  7.5 -0.5 19  0.0                           
072163091818105177アンシャンテ　　　　　　　　　　　　  7.6  2.1  5.6 22.5  8.8 29  0.0                           
072163100117102880ハギノエスペラント　　　　　　　　　 11.8  3.0  6.6 18.0  7.8 38 20.0                           
072163100215104955オノリス　　　　　　　　　　　　　　 12.1  3.1  4.5  7.4  3.9 34  0.0                           
072163100318101704サハラヴァンクール　　　　　　　　　 11.1  2.9  2.5 18.0  6.3 36  0.0                           
072163100417102141オンリーワンボーイ　　　　　　　　　 51.2 10.8 -8.6-12.5 -6.9 23  0.0                           
072163100515105583イベリア　　　　　　　　　　　　　　 47.0  9.9-11.9 -9.0 -7.1 23  0.0                           
072163100618110097ルーチェット　　　　　　　　　　　　  5.0  1.8 12.6  5.2  6.2 36 10.5                           
072163100718110122キャリアリズム　　　　　　　　　　　  3.3  1.5 23.6 19.2 14.4 44 13.8                           
072163100817106611フレイムウィングス　　　　　　　　　 25.7  5.7 -1.7-15.0 -5.1 25  0.0                           
072163100918104503アンクラウデッド　　　　　　　　　　  6.8  2.2  1.5 12.5  4.3 34  0.0                           
072163101016100757マイネルイヴィンス　　　　　　　　　104.7 20.8-10.9-12.5 -7.7 22  0.0                           
072163101116100279ベルジュネス　　　　　　　　　　　　 17.0  4.1 -3.5-12.5 -5.0 25  0.0                           
072163101213104814ドルチェリア　　　　　　　　　　　　 30.6  6.7-11.9 -9.1 -7.1 23  0.0                           
072163101318100830ダイシンピスケス　　　　　　　　　　 23.1  5.2-11.9  5.4 -2.7 27  0.0                           
072163101416103481ニシノアメイズ　　　　　　　　　　　101.3 20.1-10.9-12.5 -7.7 22  0.0                           
072163101517106255レッドレビン　　　　　　　　　　　　 15.7  3.8  3.8 19.4  7.2 37 22.5                           
072163101618100821タイセイスラッガー　　　　　　　　　  7.8  2.4 -0.8 25.0  7.2 37  0.0                           
072163110115104689アイスバブル　　　　　　　　　　　　 68.5 15.4-12.6-15.0 -9.1 41  0.0                           
072163110216102929ショウナンバルディ　　　　　　　　　 13.6  3.7 -6.5-15.0 -6.9 43  0.0                           
072163110317105214アドマイヤビルゴ　　　　　　　　　　  4.2  1.8 15.6 11.1  9.1 59  9.6                           
072163110415100831トラストケンシン　　　　　　　　　　 24.3  6.0-10.9-12.5 -7.7 42  0.0                           
072163110516105239ラストドラフト　　　　　　　　　　　 12.7  3.5  3.8-12.5 -2.4 48  0.0                           
072163110615101654アフリカンゴールド　　　　　　　　　 59.7 13.5-12.6-15.0 -9.1 41  0.0                           
072163110716105272シフルマン　　　　　　　　　　　　　 63.7 14.3-12.6 -5.4 -6.2 44  0.0                           
072163110816104851ヒンドゥタイムズ　　　　　　　　　　 13.8  3.8 -5.0-15.0 -6.3 44  0.0                           
072163110916102775シゲルピンクダイヤ　　　　　　　　　 29.8  7.2 -8.2-15.0 -7.5 42  0.0                           
072163111016104618ボッケリーニ　　　　　　　　　　　　  6.0  2.2  7.8  9.0  5.6 56 15.0                           
072163111115100744マイネルファンロン　　　　　　　　　 88.8 19.8-10.9-12.5 -7.7 42  0.0                           
072163111217103174ディアマンミノル　　　　　　　　　　  7.8  2.6 13.8-18.3 -0.4 50  0.0                           
072163111317101201ヤシャマル　　　　　　　　　　　　　 47.3 11.1 -8.5-12.5 -6.9 43  0.0                           
072163111418105060ラーゴム　　　　　　　　　　　　　　  6.8  2.4 11.8  9.0  7.0 57 16.3                           
072163111515103627バイオスパーク　　　　　　　　　　　 42.7 10.1-12.6-15.0 -9.1 41  0.0                           
072163111616104376キングオブコージ　　　　　　　　　　  8.2  2.7 12.4 15.0  9.0 59 18.8                           
072163111714100063プレシャスブルー　　　　　　　　　　 17.0  4.5 -2.6  7.5  1.3 51  0.0                           
072163111815105057レイエンダ　　　　　　　　　　　　　 12.2  3.4 -0.4-13.5 -4.2 46  0.0                           
072163120116103082ハルワタート　　　　　　　　　　　　 37.4  8.1-10.9-12.5 -7.7 22  0.0                           
072163120217100604レディオマジック　　　　　　　　　　 19.9  4.7  3.2  9.0  3.9 34  0.0                           
072163120317105306ミエノワールド　　　　　　　　　　　  5.8  2.0  8.4 15.0  7.6 38 16.3                           
072163120417100956セントクリーガー　　　　　　　　　　 15.6  3.8 -3.8  9.0  1.3 31  0.0                           
072163120516105963ビートマジック　　　　　　　　　　　 26.3  5.9 -6.4-15.0 -6.8 23  0.0                           
072163120617103482コパシーナ　　　　　　　　　　　　　 15.5  3.8  0.1 25.0  7.5 38  0.0                           
072163120716110095ワールドイズマイン　　　　　　　　　 48.8 10.4-10.9-12.5 -7.7 22  0.0                           
072163120818101929スカリーワグ　　　　　　　　　　　　 26.1  5.9 -5.4  5.8 -0.2 30  0.0                           
072163120918105619ショウナンバサロ　　　　　　　　　　 64.1 13.1 -8.4-15.0 -7.6 22  0.0                           
072163121017102371カーテンコール　　　　　　　　　　　  4.5  1.7 18.3 22.5 13.5 43 15.0                           
072163121118102200マヒオレ　　　　　　　　　　　　　　  8.4  2.6  9.6  9.0  6.2 36 13.1                           
072163121218102181コスモノアゼット　　　　　　　　　　  5.9  2.0  7.7-12.5 -0.9 29 17.5                           
072163121317110156ジェットマックス　　　　　　　　　　  3.7  1.6 15.5 13.5  9.7 40  0.0                           
072163121418110126ジャスパーゴールド　　　　　　　　　 17.0  4.1 -9.2  5.4 -1.8 28  0.0                           
072163121515102013クリノカサット　　　　　　　　　　　 46.0  9.8-10.6-15.0 -8.4 22  0.0                           
092163010119100561ヤマカツブラック　　　　　　　　　　  8.1  2.1  9.1  6.8  5.4 10 20.6                           
092163010219104167メイショウテオス　　　　　　　　　　 29.2  5.3-11.4-20.0-10.2 -5  0.0  0                        
092163010319104169メイショウタイゲイ　　　　　　　　　  9.5  2.4 11.2  7.1  6.2 11  0.0                           
092163010419100631フォーチュンテラー　　　　　　　　　  3.4  1.3 17.0 24.0 13.4 18 17.7  3                        
092163010519102452ワンダークエーサー　　　　　　　　　 28.1  5.1-11.4-13.8 -8.3 -3  0.0  0                        
092163010619102545アグネスリュウ　　　　　　　　　　　 13.9  2.9  4.2 -0.6  1.4  6  0.0  0                        
092163010719105649ターゲサンブルック　　　　　　　　　  4.6  1.5 13.4 22.2 11.6 17 13.4  2                        
092163010819101255ショウナンダイコク　　　　　　　　　 19.7  3.8-11.3-10.2 -7.2 -2  0.0                           
092163010919106546スターファースト　　　　　　　　　　 20.4  3.9 -4.5-10.9 -4.9  0  0.0                           
092163011019104000タイキスパルタン　　　　　　　　　　  2.6  1.2 23.8 16.0 13.5 19 16.2                           
092163020119105345サブライムアンセム　　　　　　　　　  3.7  1.6 19.1 15.9 11.8 17  0.0                           
092163020219103055シルバーブレッド　　　　　　　　　　 35.9  8.0 -4.5-15.7 -6.4 -1  0.0  0                        
092163020319106195シゲルトビウオ　　　　　　　　　　　 41.6  9.2-11.4 -9.8 -7.1 -2  0.0                           
092163020419104301モンシュヴァル　　　　　　　　　　　 72.0 15.0-11.4-20.0-10.2 -5  0.0                           
092163020519102852サウンドグランツ　　　　　　　　　　 96.0 19.8-11.4-20.0-10.2 -5  0.0  0                        
092163020619100586マコトダイトウレン　　　　　　　　　  8.4  2.6  6.1 10.6  5.4 10 15.4                           
092163020719100112シェヴロンケリー　　　　　　　　　　 17.1  4.2  1.5  2.9  1.4  6 25.0                           
092163020819103139ワイドスナイパー　　　　　　　　　　 27.4  6.3 -7.0 -2.6 -3.3  2  0.0                           
092163020919102656ロードオルデン　　　　　　　　　　　  4.9  1.8 13.5 13.1  8.9 14 19.1                           
092163021019102671スピリットサント　　　　　　　　　　 43.3  9.5-11.4 -9.2 -6.9 -2  0.0                           
092163021119103656コイニオチテ　　　　　　　　　　　　 10.7  2.9  9.5 24.4 10.8 16  0.0                           
092163021219102596オグロ　　　　　　　　　　　　　　　 68.1 14.2-11.4-11.0 -7.5 -2  0.0                           
092163021319100613ペルマナント　　　　　　　　　　　　 32.3  7.3 -7.0-11.3 -6.0 -1  0.0                           
092163021419100171アルマイメル　　　　　　　　　　　　  5.0  1.8 14.5 17.2 10.5 15  0.0                           
092163021519106938ブエナディオサ　　　　　　　　　　　 39.9  8.8-11.8-14.8 -8.8 -4  0.0  0                        
092163021619102068シャウビンダー　　　　　　　　　　　  4.9  1.8 14.8 13.3  9.4 14 17.7                           
092163030119105783ヒトツデモカチタイ　　　　　　　　　 35.2  6.2-11.4-10.2 -7.2 -2  0.0                           
092163030219102058ヴェーチェル　　　　　　　　　　　　 25.4  4.7 -4.4 -7.8 -4.0  1  0.0                           
092163030319102481エクサープト　　　　　　　　　　　　  2.3  1.2 22.7 27.4 16.5 22 16.2  2                        
092163030419104033メイショウサキガケ　　　　　　　　　 19.0  3.7 -0.5 -1.6 -0.7  4  0.0                           
092163030519100376タカノドリーム　　　　　　　　　　　 24.4  4.5-11.4-12.7 -8.0 -3  0.0                           
092163030619102404プリムスフィーリア　　　　　　　　　 28.5  5.2-11.8-14.8 -8.8 -4  0.0  0                        
092163030719104097メイショウヒメゴゼ　　　　　　　　　  4.9  1.5 16.3 15.5 10.6 16 13.4                           
092163030819103465エイシンウパシ　　　　　　　　　　　 23.0  4.3  0.0-11.9 -3.6  1  0.0                           
092163030919100666イラーレ　　　　　　　　　　　　　　  4.2  1.5 15.4 17.3 10.8 16 17.7  4                        
092163031019104148テステッソ　　　　　　　　　　　　　 19.1  3.7  6.8  9.9  5.5 10  0.0                           
092163031119100908シンシアフォーユー　　　　　　　　　 50.0  8.6-12.1-10.9 -7.7 -3  0.0                           
092163031219100569テイエムフォンテ　　　　　　　　　　 37.4  6.6 -7.0 -9.0 -5.3  0  0.0                           
092163031319103766ハリーオンダウン　　　　　　　　　　  7.6  2.0 15.3 17.9 11.0 16 20.6  4                        
092163040114100576フリーフリッカー　　　　　　　　　　  6.2  2.1  8.5 19.8  9.1 29 17.7                           
092163040214103551メイショウタカトラ　　　　　　　　　 27.9  6.5 -8.9 -8.8 -5.9 14  0.0                           
092163040315110004ストレイライトラン　　　　　　　　　 63.6 13.7-11.3-10.5 -7.3 13  0.0                           
092163040418110085ショベルヘッド　　　　　　　　　　　 29.7  6.9 -9.5 -2.0 -4.1 16  0.0                           
092163040516103861ビルジキール　　　　　　　　　　　　 27.8  6.5 -5.6-20.0 -8.1 12  0.0  0                        
092163040615104625トワイライトタイム　　　　　　　　　  8.2  2.6-11.5 13.8 -0.1 20  0.0                           
092163040716104257サトノファイター　　　　　　　　　　  3.4  1.6 14.9  9.4  8.3 28  0.0                           
092163040816104335ザメイダン　　　　　　　　　　　　　 13.3  3.5  6.2  6.8  4.3 24  0.0                           
092163040918102142マイネルダンク　　　　　　　　　　　 37.1  8.5-10.2 -8.7 -6.3 14  0.0                           
092163041018100827ショウナンサルヴォ　　　　　　　　　 24.1  5.7 -2.1-10.9 -4.0 16  0.0                           
092163041115105048ジンゴイスト　　　　　　　　　　　　  7.8  2.5  5.7  2.7  2.9 23 20.6                           
092163041214102878クライムメジャー　　　　　　　　　　  8.0  2.6  9.9  8.3  6.1 26  0.0  5                        
092163041316104963フィードバック　　　　　　　　　　　  8.0  2.6  3.0  3.5  2.2 22 23.5                           
092163041412104504マイネルオフィール　　　　　　　　　  6.4  2.2 13.3 13.5  8.9 29 13.4                           
092163050113103941グリニッチヴィレジ　　　　　　　　　 21.7  4.7 -7.8  1.7 -2.3 -2  0.0                           
092163050215105008タイセイトレイル　　　　　　　　　　 17.5  4.0  1.2  0.3  0.5  1  0.0                           
092163050316102556アノ　　　　　　　　　　　　　　　　  7.1  2.2  9.6 14.2  7.8  8 22.1  2                        
092163050417104000ユキノグローリー　　　　　　　　　　  5.0  1.7 13.5 12.4  8.7  9 17.7                           
092163050515101779ニシノオクタゴン　　　　　　　　　　 42.8  8.6-11.3-10.5 -7.3 -7  0.0                           
092163050616105492ホウオウアクセル　　　　　　　　　　  2.8  1.4 17.2 31.0 15.6 16 16.2  1  142   50              
092163050715102130ニホンピロヘイロー　　　　　　　　　  6.7  2.1 11.5 12.0  7.8  8  0.0                           
092163050815100367トモノコテツ　　　　　　　　　　　　 35.2  7.2-11.5-20.0-10.2-10  0.0  0                        
092163050917102171セツメンノトビウオ　　　　　　　　　 26.0  5.5-11.4 -0.5 -4.3 -4 19.6  5                        
092163051017101185ワーウルフ　　　　　　　　　　　　　  5.1  1.7 13.9 12.8  8.9  9  0.0                           
092163051118103077ヴァルプルギス　　　　　　　　　　　 43.6  8.8-11.3-10.5 -7.3 -7  0.0                           
092163051214105356アドラメレク　　　　　　　　　　　　  9.0  2.6  6.3  5.1  3.8  4  0.0                           
092163060119103020ロードラプソディ　　　　　　　　　　  5.0  1.8 11.2 12.8  7.9  8 19.1                           
092163060219103853カイオル　　　　　　　　　　　　　　  3.7  1.6 15.7 23.1 12.7 13 16.2                           
092163060319107035アスクオーマイキー　　　　　　　　　 25.9  5.9-11.4 -6.5 -6.1 -6  0.0                           
092163060419104850バレエマスター　　　　　　　　　　　 19.8  4.7 -7.0  7.6 -0.3  0  0.0                           
092163060519105348エバーフレッシュ　　　　　　　　　　 19.8  4.7 -2.0 10.9  2.5  3  0.0  5                        
092163060619102816モンステラマオ　　　　　　　　　　　 13.0  3.3  0.1 13.9  4.2  4  0.0                           
092163060719103064アランチャータ　　　　　　　　　　　 12.8  3.3  1.8 -4.2 -0.6 -1  0.0                           
092163060819104743サラダダイエット　　　　　　　　　　  5.9  2.0 16.7 14.0 10.3 10 20.6                           
092163060919100600ヤマニンサイフォス　　　　　　　　　 19.2  4.6 -1.8 -2.5 -1.4 -1  0.0                           
092163061019102530エリックバローズ　　　　　　　　　　 33.8  7.5-11.4-15.7 -8.9 -9  0.0  0                        
092163061119105316チアフルモーション　　　　　　　　　 12.6  3.3  0.6  3.4  1.2  1  0.0                           
092163061219101935マイトシップ　　　　　　　　　　　　 29.1  6.6-11.4  6.1 -2.3 -2  0.0                           
092163061319103490エイシングリーマン　　　　　　　　　  4.7  1.8 20.8 16.3 12.5 13 12.4 1                         
092163070119100625ピジョンブラッド　　　　　　　　　　 21.0  4.4 -3.6 -8.8 -4.0 -4  0.0                           
092163070219106614ジュエルシティー　　　　　　　　　　  2.9  1.4 13.0 21.6 11.2 11 16.2  4                        
092163070319106164ルクススパーク　　　　　　　　　　　  7.8  2.2  5.3 -2.5  1.2  1 22.1                           
092163070419106797メッチャサス　　　　　　　　　　　　  3.7  1.5 16.6 30.0 15.1 15 17.7  2                        
092163070519106208ジョウショーポピー　　　　　　　　　 12.5  2.9 -3.5 12.0  2.3  2 16.5  5                        
092163070619103459エイシンスケールズ　　　　　　　　　 27.0  5.3-11.4-10.9 -7.4 -7  0.0                           
092163070719105788デジタイゼーション　　　　　　　　　  5.5  1.8  9.1 -8.2  0.9  1  0.0                           
092163070819101789タマモピューリティ　　　　　　　　　  7.7  2.2  7.4  3.9  3.9  4  0.0                           
092163070919106492オーケークィーン　　　　　　　　　　 12.8  2.9 13.5 -5.9  3.2  3  0.0  0                        
092163071019101114フラミンゴマリーナ　　　　　　　　　 15.3  3.3 -8.9-12.7 -7.1 -7  0.0                           
092163080117106442ハイパーステージ　　　　　　　　　　 11.8  2.6  7.8 18.0  8.3 38  0.0                           
092163080214104516サンマルエンパイア　　　　　　　　　 38.1  6.7 -8.7 -9.8 -6.1 24  0.0                           
092163080318105431ミッキーヌチバナ　　　　　　　　　　  8.2  2.1 11.3  4.7  5.6 36  0.0                           
092163080417101367ゼンノジャスタ　　　　　　　　　　　 18.0  3.6  2.0  7.0  2.8 33  0.0                           
092163080516102658マーブルサニー　　　　　　　　　　　 46.5  8.1-11.4-11.2 -7.5 22  0.0                           
092163080617100967グレースルビー　　　　　　　　　　　 32.4  5.8-11.4 -5.4 -5.8 24  0.0                           
092163080717103912アキノスマート　　　　　　　　　　　 42.3  7.4 -9.8 -7.6 -5.9 24  0.0                           
092163080817101715タガノキングロード　　　　　　　　　 27.4  5.0 -8.3 -2.1 -3.7 26  0.0                           
092163080917104667タイセイメガロス　　　　　　　　　　 32.8  5.9 -7.0  0.5 -2.4 28  0.0  0                        
092163081017103299メタルスパーク　　　　　　　　　　　 57.4  9.6-11.3-10.5 -7.3 23  0.0                           
092163081117101372クーファアチャラ　　　　　　　　　　 43.6  7.6-11.4-15.3 -8.8 21  0.0  0                        
092163081218105701ワイズマンハート　　　　　　　　　　 21.8  4.1 -0.7 -3.4 -1.3 29  0.0  0                        
092163081318101012クリノドラゴン　　　　　　　　　　　  7.3  2.0  9.9  5.9  5.4 35 13.4                           
092163081414102088ランドジュピター　　　　　　　　　　 57.4  9.6-13.2-20.0-10.8 19  0.0  0                        
092163081517105796メイショウハクサン　　　　　　　　　  5.7  1.8 15.0 18.8 11.1 41 17.7                           
092163081618104951バーデンヴァイラー　　　　　　　　　  2.0  1.2 23.1 28.2 16.9 47 16.2                           
092163090119104170ファンウワーズ　　　　　　　　　　　 28.7  5.7-11.4 -9.3 -7.0 13  0.0                           
092163090219104074アートハウス　　　　　　　　　　　　  2.9  1.4 19.8 23.7 14.4 34 16.2                           
092163090319103776モズタンジロウ　　　　　　　　　　　 32.5  6.3-11.4-16.0 -9.0 11  0.0  0                        
092163090419105048ラスマドレス　　　　　　　　　　　　 12.1  2.8 -0.5 10.6  3.0 23  0.0                           
092163090519101618ダノンブリザード　　　　　　　　　　  3.8  1.5 13.8  7.1  7.2 27 17.7 1                         
092163090619105366フェーングロッテン　　　　　　　　　  7.0  2.1  9.2 12.3  7.1 27 19.1  3                        
092163090719106333ジャマン　　　　　　　　　　　　　　 21.6  4.4 -5.4  9.9  1.0 21  0.0                           
092163090819104666サトノヘリオス　　　　　　　　　　　  9.2  2.5 13.4 13.2  8.9 29 16.5                           
092163090919104767ヴェールランス　　　　　　　　　　　  7.8  2.2  4.4 14.2  5.9 26  0.0                           
092163091019104899インプレス　　　　　　　　　　　　　 15.3  3.4 -0.2  7.7  2.2 22  0.0                           
092163091119104909ボルドグフーシュ　　　　　　　　　　  8.2  2.3  7.4  9.4  5.5 26  0.0  5                        
092163100118105524エクセレントタイム　　　　　　　　　  7.7  2.0 10.0  8.1  6.1 36 22.1                           
092163100217104961タイセイモンストル　　　　　　　　　  6.9  1.9  9.9 18.2  9.1 39 20.6                           
092163100316101165アルテラローザ　　　　　　　　　　　  4.6  1.5 14.1 13.6  9.3 39 12.4                           
092163100418104225リフレーミング　　　　　　　　　　　  5.4  1.6 12.8 17.6 10.0 40  0.0                           
092163100517101146トウカイデュエル　　　　　　　　　　 24.2  4.5-12.1-10.2 -7.5 23  0.0                           
092163100614106464テーオーフォルテ　　　　　　　　　　 17.6  3.5 -4.1 -1.3 -1.9 28  0.0                           
092163100717105297ナオミラフィネ　　　　　　　　　　　 10.7  2.4  9.1  9.4  6.2 36  0.0                           
092163100817105212フアナ　　　　　　　　　　　　　　　  2.2  1.2 20.7 19.5 13.4 43 16.2                           
092163100916103275モイ　　　　　　　　　　　　　　　　 26.8  4.9 -5.1 -2.2 -2.5 27  0.0                           
092163110116110013デュープロセス　　　　　　　　　　　 41.9  7.9 -8.8 -5.2 -4.8 40  0.0                           
092163110216104629エングレーバー　　　　　　　　　　　  8.0  2.2  8.8  5.6  4.9 50  0.0                           
092163110317105269ベレヌス　　　　　　　　　　　　　　 18.0  3.9-11.4-17.3 -9.4 36  0.0  0                        
092163110417104685エアロロノア　　　　　　　　　　　　  2.7  1.3 20.5 17.0 12.6 58 16.2                           
092163110515104417レッドガラン　　　　　　　　　　　　  4.3  1.6 17.0 14.4 10.6 56 17.7                           
092163110616102073ホープフルサイン　　　　　　　　　　 12.9  2.9  3.4 -2.0  0.6 46  0.0                           
092163110717100404クラヴァシュドール　　　　　　　　　  5.7  1.8 16.0 11.5  9.3 54 19.1                           
092163110812103405ベステンダンク　　　　　　　　　　　 29.5  5.8-11.4-20.0-10.2 35  0.0  0                        
092163110915104670ガゼボ　　　　　　　　　　　　　　　 14.1  3.2  5.4 -2.8  1.1 46  0.0  5                        
092163111013105727レインボーフラッグ　　　　　　　　　 36.6  7.0 -7.0 -2.5 -3.3 42  0.0                           
092163111116102692ハッピーアワー　　　　　　　　　　　 39.5  7.5 -6.7 -7.5 -4.7 40  0.0                           
092163111215106423ラセット　　　　　　　　　　　　　　  7.2  2.1  8.8  8.1  5.7 51 14.4                           
092163120118100107アイファーベア　　　　　　　　　　　 41.0  7.7-11.4-20.0-10.2 10  0.0                           
092163120217101767ベンガン　　　　　　　　　　　　　　 16.0  3.4 -8.9-14.8 -7.7 12 25.0  0                        
092163120318104330ランスオブミューズ　　　　　　　　　  8.6  2.3  7.9 13.5  6.9 27 20.6  4                        
092163120417103497スズカサウスソング　　　　　　　　　 19.4  4.0 -8.2-10.2 -6.1 14  0.0                           
092163120516102421ランランウイング　　　　　　　　　　 15.9  3.4  1.9  1.1  1.0 21  0.0                           
092163120616102305メイショウミチノク　　　　　　　　　 11.7  2.7 11.8 15.6  9.0 29  0.0                           
092163120717103776マイネルエスペルト　　　　　　　　　 33.2  6.3-12.1-10.9 -7.7 12  0.0                           
092163120818100936シゲルリジ　　　　　　　　　　　　　 19.5  4.1 -4.7 -6.3 -3.6 16  0.0                           
092163120918103983メッザノッテ　　　　　　　　　　　　  3.9  1.5 10.5 13.3  7.8 28  0.0                           
092163121018103368メイショウカイト　　　　　　　　　　  2.7  1.3 22.0 17.5 13.3 33 16.2                           
092163121118106531サウンドウイッシュ　　　　　　　　　 17.6  3.7 -4.5 -4.0 -2.8 17  0.0  5                        
092163121218103304シゲルメダリスト　　　　　　　　　　 37.3  7.0 -3.1 -9.1 -3.9 16  0.0                           
092163121317102493シゲルフタゴザ　　　　　　　　　　　  6.4  1.9 13.2 16.9  9.9 30 13.4                           
