062456010122101542ナックオリオン　　　　　　　　　　　 13.3  2.8 -0.5  8.0  2.8  8  0.0                           
062456010222100028フェスタリア　　　　　　　　　　　　  5.4  1.6 13.0 22.7 12.2 17  9.4                           
062456010322100076ダイチラポール　　　　　　　　　　　  4.7  1.5 14.5  5.7  6.4 11 17.3                           
062456010422100547アサクサグレース　　　　　　　　　　  7.9  2.1 12.9  8.9  7.1 12 10.1                           
062456010522109151サツマノカゼ　　　　　　　　　　　　 50.7  8.6-11.6 -7.3 -6.2 -1  0.0                           
062456010622101614ノブダブルホワイト　　　　　　　　　 38.3  6.7 -0.4  7.9  2.8  8  0.0  5                        
062456010722103561イオリ　　　　　　　　　　　　　　　 22.3  4.2  3.0  0.9  1.2  6  0.0                           
062456010822102592ミキノオーボエ　　　　　　　　　　　110.0 17.5-12.1-11.2 -7.7 -3  0.0                           
062456010922109081ライブリブランコ　　　　　　　　　　174.1 27.3-11.6 -6.8 -6.0 -1  0.0                           
062456011022105640ウインギャラン　　　　　　　　　　　 46.7  8.0 -5.1-11.4 -5.7 -1  0.0                           
062456011122101988モモイロタンポポ　　　　　　　　　　 36.3  6.4-12.1-12.6 -8.3 -3  0.0                           
062456011222106454ハナナラツボミ　　　　　　　　　　　 30.3  5.4-10.3-10.0 -6.8 -2  0.0                           
062456011322106848ゴールドラブリー　　　　　　　　　　 64.9 10.6 -8.8 -9.6 -6.2 -1  0.0                           
062456011422101258ショウナンカチドキ　　　　　　　　　  2.1  1.2 21.6 21.2 14.3 19 15.9                           
062456011522104540ワナカ　　　　　　　　　　　　　　　 40.8  7.1 -3.2-12.2 -5.4  0  0.0                           
062456011622104110コンパクトファイト　　　　　　　　　 18.0  3.6 -0.1  7.8  2.8  8  0.0                           
062456020122106639モーニングマジック　　　　　　　　　  7.5  2.3 10.5 19.3 10.2 15  0.0                           
062456020222106995アイスリーディング　　　　　　　　　  5.8  1.9 16.6 19.2 12.0 17  9.4                           
062456020322101239ブラックウェル　　　　　　　　　　　 51.0 10.3-11.6-11.8 -7.8 -3  0.0                           
062456020422102932レオプレセア　　　　　　　　　　　　 79.5 15.2-12.1-13.3 -8.5 -4  0.0                           
062456020522100432オーケーマヒナ　　　　　　　　　　　  2.9  1.4 19.1 18.1 12.4 17 15.9                           
062456020622106500コックリサン　　　　　　　　　　　　114.9 21.7-12.1-10.0 -7.3 -2  0.0                           
062456020722105039デアルーチェ　　　　　　　　　　　　 20.0  4.5-10.3-10.0 -6.8 -2  0.0                           
062456020822106335モーニングスター　　　　　　　　　　 82.0 15.7-12.1 -2.3 -4.5  1  0.0                           
062456020922102785ラーナローザ　　　　　　　　　　　　  7.0  2.2 13.5  9.6  7.6 13 20.2                           
062456021022103543バーニングメモリー　　　　　　　　　 24.7  5.3 -8.7-11.4 -6.8 -2  0.0                           
062456021122103741ロミヒ　　　　　　　　　　　　　　　 17.3  4.0 -5.2  6.5  0.8  6  0.0                           
062456021222104926アップリンク　　　　　　　　　　　　 27.4  5.8 -1.7 -2.0 -1.2  4  0.0                           
062456021322103776ビップジェシー　　　　　　　　　　　 64.5 12.5-10.7 -1.7 -3.8  1  0.0                           
062456021422105145エルバステラ　　　　　　　　　　　　  5.0  1.8 12.0 17.7 10.1 15  8.6                           
062456021522104700ヴェネチアンレース　　　　　　　　　 67.9 13.1-10.3-10.0 -6.8 -2  0.0                           
062456021622105457デルマアポロニア　　　　　　　　　　 10.9  2.7  8.1 12.5  7.0 12  0.0                           
062456030122101231ブルジョア　　　　　　　　　　　　　 38.3  8.4-12.1-10.0 -7.3 -2  0.0                           
062456030222103014ウインバーテックス　　　　　　　　　 56.9 11.8-12.1 -6.5 -6.0 -1  0.0                           
062456030322103525ライラ　　　　　　　　　　　　　　　  3.7  1.6 17.4 21.2 13.0 18 15.9  2                        
062456030422100678ニシノヒナアラレ　　　　　　　　　　 73.3 15.0-10.7  5.9 -1.0  4  0.0                           
062456030522102835サーマル　　　　　　　　　　　　　　  4.4  1.7 17.6 14.6 10.6 16  8.7                           
062456030622106676キャピタルプレイン　　　　　　　　　  5.8  2.0  7.0  8.0  5.0 10 10.1                           
062456030722104822テンダールック　　　　　　　　　　　 11.4  3.0 -5.1  4.1  0.0  5  0.0  5                        
062456030822104560ルトンワージ　　　　　　　　　　　　 15.7  3.9  7.7 -5.2  0.4  5 12.2  0                        
062456030922100702ポッドベル　　　　　　　　　　　　　  8.7  2.7  9.3  6.0  5.0 10  0.0                           
062456031022106154フミマーズ　　　　　　　　　　　　　 78.3 16.0-11.6-12.5 -8.1 -3  0.0                           
062456031122103490カシノフロレゾン　　　　　　　　　　 31.0  6.9-12.1 -6.9 -6.2 -1  0.0                           
062456031222110035サマースピリット　　　　　　　　　　  5.0  1.8 13.8 10.7  8.1 13  9.4                           
062456031322101943ダイユウボンバー　　　　　　　　　　 29.2  6.5 -8.8-13.2 -7.5 -2  0.0  0                        
062456031422104422マーレリアン　　　　　　　　　　　　 33.8  7.5 -6.6 -2.6 -2.9  2  0.0                           
062456031522106257マジョッコピロコ　　　　　　　　　　158.6 31.7-12.1 -6.3 -5.9 -1  0.0                           
062456031622103144タイキブライトン　　　　　　　　　　 17.8  4.3  0.0 13.7  5.0 10  0.0                           
062456040117105506トラモント　　　　　　　　　　　　　 28.9  5.5 -8.5-10.7 -6.5 -6 14.4                           
062456040220102932タロントゥーズ　　　　　　　　　　　  2.5  1.3 22.1 19.0 13.6 14 15.9                           
062456040320104898サクセスバラード　　　　　　　　　　 24.6  4.8 -6.6-10.0 -5.6 -6 12.2                           
062456040421104800フォージドブリック　　　　　　　　　 38.2  7.1-12.1-10.0 -7.3 -7  0.0                           
062456040519105285メッセージソング　　　　　　　　　　 27.7  5.3 -6.9-10.1 -5.8 -6  0.0                           
062456040621107206ノアフェイス　　　　　　　　　　　　 71.7 12.4-12.1 -9.6 -7.2 -7  0.0                           
062456040718110132アメリカンエール　　　　　　　　　　 13.0  2.9  5.6  5.0  3.5  4  0.0                           
062456040817103710ルレーヴドゥリリ　　　　　　　　　　  5.1  1.6 15.9 13.7  9.8 10  9.4                           
062456040919100577アンノウンウォリア　　　　　　　　　 15.9  3.4  2.4  3.1  1.9  2  0.0                           
062456041021104267ナムラドーギー　　　　　　　　　　　 38.4  7.1-12.1-11.8 -8.0 -8 15.9                           
062456041119106851ラエール　　　　　　　　　　　　　　  4.2  1.5 15.9  8.3  7.8  8  0.0                           
062456041221104143アンコーナ　　　　　　　　　　　　　 45.8  8.3-12.1 -6.9 -6.2 -6  0.0                           
062456041321104924コンテナワールド　　　　　　　　　　  7.1  2.0 10.5  6.7  5.6  6  0.0                           
062456041419105566バーミリオンクリフ　　　　　　　　　 26.1  5.0  0.2  7.3  2.7  3  0.0                           
062456050122104215フェリアフローレス　　　　　　　　　 74.7 14.6-12.1-11.3 -7.8 -8  0.0                           
062456050222101194ヘヴンリーゴール　　　　　　　　　　 25.2  5.5  0.8 -8.9 -3.0 -3  0.0                           
062456050322105843ブドワールドール　　　　　　　　　　 14.4  3.5  0.8  6.0  2.4  2  0.0                           
062456050422110037フォルトレス　　　　　　　　　　　　  4.8  1.7 13.5 17.3 10.4 10  8.6                           
062456050522105240ウェルカムホーム　　　　　　　　　　  6.0  2.0  8.9 11.4  6.8  7 10.1                           
062456050622101066マルターズヴェロス　　　　　　　　　 20.0  4.6  3.4-10.7 -2.9 -3 12.3                           
062456050722104434ミステンザン　　　　　　　　　　　　 60.4 11.9-12.6-14.0 -8.9 -9  0.0                           
062456050822106615ニューエラ　　　　　　　　　　　　　101.5 19.6-12.1-10.3 -7.4 -7  0.0                           
062456050922104616アルメントフーベル　　　　　　　　　  3.1  1.4 18.3 17.5 11.9 12 15.9                           
062456051022106536マテンロウバディ　　　　　　　　　　  4.9  1.7 16.6 10.6  8.9  9  9.4                           
062456051122109055コウユーラッセーラ　　　　　　　　　 33.9  7.2 -6.6-10.0 -5.6 -6  0.0                           
062456051222103038リヴァスピナー　　　　　　　　　　　 79.7 15.5-12.1 -9.8 -7.2 -7  0.0                           
062456051322104953モティスフォント　　　　　　　　　　  6.5  2.1 13.5 14.9  9.5 10  0.0                           
062456051422103839レッドレントラー　　　　　　　　　　 59.7 11.8-12.1 -2.0 -4.4 -4  0.0                           
062456051522106766ヴィアツァ　　　　　　　　　　　　　182.0 34.6-12.6 -6.5 -6.2 -6  0.0                           
062456051622110092コンヴァージョン　　　　　　　　　　 25.2  5.5 -1.5  1.9  0.2  0  0.0                           
062456060122107192ゴールドリッカ　　　　　　　　　　　 25.9  4.7 -2.4 -5.4 -2.7 -3  0.0                           
062456060222102266ハインズテソーロ　　　　　　　　　　 25.2  4.6 -8.8-11.4 -6.8 -7  0.0                           
062456060322101692コナベイション　　　　　　　　　　　  2.9  1.4 19.0 18.1 12.3 12 17.3                           
062456060422100571エイシンカルナボン　　　　　　　　　 18.6  3.6  4.5-11.4 -2.8 -3  0.0                           
062456060522107398レジョンデロル　　　　　　　　　　　 49.6  8.5 -5.2  9.9  2.1  2  0.0                           
062456060622100250ハクサンエクレール　　　　　　　　　149.0 23.5-12.1-10.7 -7.6 -8  0.0                           
062456060722100765リケアキャンディ　　　　　　　　　　 68.0 11.1-12.1 -2.8 -4.7 -5  0.0                           
062456060822107384クリーンリーチ　　　　　　　　　　　 13.1  2.8  9.3  2.5  3.7  4 10.8                           
062456060922106669パシーヴ　　　　　　　　　　　　　　  2.9  1.4 12.6 22.2 11.9 12 15.9                           
062456061022100045レイズサンライズ　　　　　　　　　　 15.4  3.1 -1.9 -2.2 -1.4 -1  0.0                           
062456061122106945キタノロワーズ　　　　　　　　　　　 38.5  6.7 -8.5 -2.6 -3.5 -4  0.0                           
062456061222102603スパルタンワールド　　　　　　　　　 29.2  5.3 -8.0  7.7  0.4  0  0.0                           
062456061322103555ブレイズボーイ　　　　　　　　　　　  8.2  2.1  7.6  9.1  5.6  6  0.0  5                        
062456061422105247ピッツァナポリ　　　　　　　　　　　  9.2  2.3  3.6 -3.0  0.0  0 10.1                           
062456061522106243サヨノジャンボリー　　　　　　　　　 29.8  5.4 -5.7-12.8 -6.4 -6  0.0                           
062456061622101535キタノラータム　　　　　　　　　　　 42.4  7.3 -8.5 -6.8 -5.0 -5  0.0                           
062456070122106150スワローシチー　　　　　　　　　　　  8.6  2.4 10.2  7.2  5.7 11  0.0                           
062456070222101467レッドキリアン　　　　　　　　　　　 25.1  5.1  0.0 -4.4 -1.6  3  0.0                           
062456070322105227バーケンヘッド　　　　　　　　　　　 23.1  4.7 -3.3  5.0  0.8  6  0.0                           
062456070422105195アルティテュード　　　　　　　　　　  2.5  1.3 19.4 20.0 13.2 18 15.9                           
062456070522103528ホウオウスターツ　　　　　　　　　　 26.9  5.4 -8.8-10.3 -6.4 -1  0.0                           
062456070622104135ウィングコマンダー　　　　　　　　　 92.6 16.6-12.1-14.0 -8.8 -4  0.0  0                        
062456070722106824グランツローゼ　　　　　　　　　　　 20.2  4.3 -3.0 -2.0 -1.6  3  0.0                           
062456070822103807サトノアルタイル　　　　　　　　　　 13.1  3.0 11.7 -0.2  3.4  8 11.5  5                        
062456070922101818ジェイエルマスター　　　　　　　　　  5.2  1.8 11.8 17.0  9.8 15 17.3 1                         
062456071022106230ウインオアシス　　　　　　　　　　　  8.3  2.3  8.3  9.6  6.0 11  9.4                           
062456071122101747レイククイ　　　　　　　　　　　　　 35.9  7.0-12.1-12.7 -8.3 -3  0.0  0                        
062456071222105806アレグランサ　　　　　　　　　　　　  9.3  2.5 -1.7 10.3  3.3  8  0.0                           
062456071322106793コスモアンソロジー　　　　　　　　　 20.1  4.3 -1.0 -2.0 -1.0  4  0.0                           
062456071422103083センジュコスモス　　　　　　　　　　 52.7 10.0 -9.8-11.2 -7.0 -2  0.0                           
062456071522103738マーゴットフェスタ　　　　　　　　　 85.7 15.4-12.1-10.0 -7.3 -2  0.0                           
062456071622100715フィエールガール　　　　　　　　　　134.1 23.7-12.1-13.9 -8.7 -4  0.0                           
062456071722103315エットトゥカム　　　　　　　　　　　136.2 24.1-12.1-10.0 -7.3 -2  0.0                           
062456071822106808シュトレームング　　　　　　　　　　 34.7  6.8-12.1 -6.9 -6.2 -1  0.0                           
062456080121105373パレスドフィーヌ　　　　　　　　　　  3.1  1.5 19.9 20.0 13.3 33 15.9                           
062456080220106963アンタノバラード　　　　　　　　　　  8.7  2.5  1.3  3.6  1.7 22  0.0                           
062456080321105429アグラード　　　　　　　　　　　　　  4.5  1.7 12.9 17.7 10.4 30  8.7                           
062456080419101562デフィデリ　　　　　　　　　　　　　 56.1 10.9-12.1-11.2 -7.7 12  0.0                           
062456080518100299フクノルッカ　　　　　　　　　　　　 42.3  8.6 -8.8 -2.0 -3.4 17  0.0                           
062456080619102469ダイチラファール　　　　　　　　　　 12.1  3.0  5.8 11.3  5.9 26  0.0                           
062456080721100382ケープアグラス　　　　　　　　　　　 22.8  4.9 -3.9  7.3  1.5 22  0.0                           
062456080817100141クィーンアドバンス　　　　　　　　　 37.9  7.8 -7.2-14.1 -7.3 13  0.0                           
062456080919105830エスグラシア　　　　　　　　　　　　 12.3  3.0  4.5  3.4  2.6 23 12.3                           
062456081019102736イルザ　　　　　　　　　　　　　　　 18.4  4.2 -4.5 -2.0 -2.1 18  0.0                           
062456081120104291ベリーベリーベリー　　　　　　　　　 10.6  2.7 10.9 15.3  8.9 29  0.0                           
062456081220102819アイソラシー　　　　　　　　　　　　 56.1 10.9-10.3 -9.7 -6.6 13  0.0                           
062456081321103685レモンシフォン　　　　　　　　　　　 26.8  5.7-12.1  6.0 -1.4 19  0.0                           
062456081420106562バンブトンプロ　　　　　　　　　　　 28.6  6.0-12.1-12.0 -8.0 12 15.9                           
062456081521100184ニシノリアリティ　　　　　　　　　　 26.9  5.7 -0.9 -9.8 -3.9 16 15.1                           
062456081619106962アリュシナシオン　　　　　　　　　　  8.3  2.4  3.9 27.8 11.4 31  0.0                           
062456090120104452マウンテンエース　　　　　　　　　　 17.5  3.6  9.2  6.9  5.3 35 10.9                           
062456090221102577バレンタインガール　　　　　　　　　 24.7  4.8-12.1-12.5 -8.2 22  0.0                           
062456090319104478アコークロー　　　　　　　　　　　　 21.9  4.3  3.1  0.4  1.1 31  0.0                           
062456090420100593ヴォランテ　　　　　　　　　　　　　 29.7  5.6 -8.9-10.1 -6.4 24  0.0                           
062456090519104953インペリアルライン　　　　　　　　　 20.9  4.2 -3.0-14.0 -6.0 24  0.0                           
062456090621101259カズタンジャー　　　　　　　　　　　  2.8  1.3 22.2 15.3 12.3 42 15.9                           
062456090720104670ブロンディール　　　　　　　　　　　 33.3  6.2 -8.7-10.0 -6.3 24  0.0                           
062456090818102917ネイチャーシップ　　　　　　　　　　 19.2  3.9  3.5 19.5  8.2 38  0.0                           
062456090919100641アトラクティーボ　　　　　　　　　　 27.7  5.2 -5.3  5.8  0.5 31  0.0                           
062456091018100440クリーンドリーム　　　　　　　　　　 31.3  5.8-12.1-12.1 -8.1 22  0.0                           
062456091120102793ルーラーリッチ　　　　　　　　　　　  7.7  2.1  4.7 25.4 10.7 41 10.1                           
062456091221105692ニューバラード　　　　　　　　　　　  3.5  1.4 17.9 19.9 12.7 43 17.3                           
062456091321105811アーマルコライト　　　　　　　　　　  5.9  1.8  4.6 10.3  5.2 35  0.0                           
062456091421107266スプレーフォール　　　　　　　　　　 33.8  6.3 -7.0 -9.0 -5.4 25  0.0                           
062456100118106693グランツアーテム　　　　　　　　　　  9.2  2.5  5.5 12.2  6.1 41  0.0                           
062456100221100561ハビレ　　　　　　　　　　　　　　　  2.7  1.4 20.6 16.6 12.3 47 15.9                           
062456100320100761マンマリアーレ　　　　　　　　　　　  4.7  1.7 16.7 18.9 11.9 47  8.7                           
062456100418104574ローズボウル　　　　　　　　　　　　 63.8 11.8-12.1-10.0 -7.3 28  0.0                           
062456100520106908メイショウコバト　　　　　　　　　　 29.0  5.8 -1.6 -2.0 -1.2 34  0.0                           
062456100619106414アスクビックスター　　　　　　　　　105.5 19.0-12.9-11.8 -8.2 27  0.0                           
062456100718101243オレデイイノカ　　　　　　　　　　　 31.3  6.3 -7.3 -3.0 -3.3 32  0.0                           
062456100820102798スマラグドス　　　　　　　　　　　　 55.7 10.3-12.9-15.2 -9.4 26  0.0  0                        
062456100920102315ヨリノサファイヤ　　　　　　　　　　 57.7 10.7-12.1 -9.8 -7.2 28  0.0                           
062456101021107001ピュアキアン　　　　　　　　　　　　  7.2  2.1  9.7 15.0  8.4 43 18.8                           
062456101118104646オンザライン　　　　　　　　　　　　  8.8  2.5 10.2  5.8  5.2 40  0.0                           
062456101221105360ロジアデレード　　　　　　　　　　　  8.4  2.4 15.3  9.0  7.9 43 10.1                           
062456101318100720ゲットアップ　　　　　　　　　　　　 23.4  4.8-10.3 -2.2 -3.9 31  0.0  0                        
062456101419100876セブンスレター　　　　　　　　　　　 32.1  6.4 -8.4 -7.3 -5.2 30  0.0                           
062456101518110117フランスゴデイナ　　　　　　　　　　 15.7  3.5  0.6  2.6  1.1 36  0.0  5                        
062456101619101325アイファーエポック　　　　　　　　　 34.6  6.8-12.1 -9.8 -7.2 28  0.0                           
062456110118104261プラチナトレジャー　　　　　　　　　 21.0  5.0 -2.7-11.9 -5.2 40  0.0                           
062456110221101436エコロヴァルツ　　　　　　　　　　　  3.4  1.5 21.0 16.0 12.2 57 15.9                           
062456110318100420ノースザワールド　　　　　　　　　　 35.6  7.8 -6.6-13.5 -6.9 38  0.0  0                        
062456110419101348ビーアストニッシド　　　　　　　　　 67.4 13.8-12.1-10.0 -7.3 38  0.0                           
062456110519106698バラジ　　　　　　　　　　　　　　　 17.8  4.3 -4.2 -2.6 -2.2 43 13.0  1  160   51              
062456110619101629グランスラムアスク　　　　　　　　　 48.3 10.4-10.0-11.8 -7.3 38  0.0                           
062456110720100909ジューンオレンジ　　　　　　　　　　 12.3  3.2  4.4  4.1  2.8 48  0.0                           
062456110820102740コントラポスト　　　　　　　　　　　  5.1  1.8 12.6  7.7  6.6 52 17.3 14                        
062456110920105626コンクシェル　　　　　　　　　　　　 11.8  3.1 10.2 20.4 10.5 56  0.0  4                        
062456111018105043エスコーラ　　　　　　　　　　　　　  8.9  2.7  1.5 13.3  5.3 50 10.1  3                        
062456111118103489ホウオウリアリティ　　　　　　　　　 29.6  6.6-12.1-12.6 -8.3 37  0.0                           
062456111218105131セファーラジエル　　　　　　　　　　 33.7  7.4-12.9-10.1 -7.6 37  0.0                           
062456111318106795スパイラルノヴァ　　　　　　　　　　 28.4  6.4-12.9 -8.1 -6.8 38  0.0                           
062456111419105792アケルナルスター　　　　　　　　　　 59.9 12.4 -6.6  3.9 -0.6 44  0.0                           
062456111518104708ロングラン　　　　　　　　　　　　　  5.2  1.8 13.3 15.0  9.5 54  0.0                           
062456111619104998ショウナンマグマ　　　　　　　　　　 11.0  2.9  0.9  6.0  2.5 47  0.0                           
062456120121105713ヴィントシュティレ　　　　　　　　　 24.5  5.7 -9.3-12.5 -7.4 13  0.0                           
062456120221110003アンドアイラヴハー　　　　　　　　　  4.7  1.8 19.0 13.3 10.6 31  8.7                           
062456120320101866アオイコウキ　　　　　　　　　　　　 18.9  4.6-12.1-12.5 -8.2 12  0.0                           
062456120421100190ニシノインヴィクタ　　　　　　　　　  8.8  2.7  4.2  3.7  2.6 23 10.9                           
062456120518105199ビジューブリランテ　　　　　　　　　 38.1  8.5 -8.7  5.0 -0.8 19  0.0                           
062456120621103537トゥルーサクセサー　　　　　　　　　  9.4  2.8  5.8 -1.5  1.2 21  0.0                           
062456120720103705レッドロスタム　　　　　　　　　　　  6.0  2.1 10.9 16.1  9.2 29 10.1                           
062456120821105837レッドアトレーヴ　　　　　　　　　　  3.8  1.6 16.0 16.6 10.9 31 15.9                           
062456120920102741アサクサヴィーナス　　　　　　　　　 23.7  5.5 -1.4  8.9  2.8 23  0.0                           
062456121020104477スイーツバイキング　　　　　　　　　 59.7 12.6-12.1-10.5 -7.5 13  0.0                           
062456121121105491テリオスルル　　　　　　　　　　　　 47.7 10.4 -8.8-10.8 -6.6 13  0.0                           
062456121221100059ヴィーゲイツ　　　　　　　　　　　　109.9 22.6-12.1-10.0 -7.3 13  0.0                           
062456121319101416エールトゥヘヴン　　　　　　　　　　 23.5  5.5 -2.0 -8.9 -3.9 16  0.0                           
062456121421104554リメリック　　　　　　　　　　　　　 52.0 11.3 -8.5-11.1 -6.6 13  0.0                           
062456121521100247タイガードラゴン　　　　　　　　　　 41.4  9.1 -5.0-14.9 -7.0 13  0.0                           
062456121621105473ラヴスコール　　　　　　　　　　　　  4.8  1.8 16.1  9.9  8.5 28  9.4                           
072446010122101326ハイアップグレード　　　　　　　　　 27.6  5.8 -5.0-16.4 -6.8 -2  0.0                           
072446010222104311ヤングアメリカンズ　　　　　　　　　  5.8  1.9 10.2 15.0  8.2 13  0.0                           
072446010322105782プリスクリプション　　　　　　　　　 58.4 11.3-11.8-15.0 -8.8 -4  0.0                           
072446010422100831ジェイルブレイク　　　　　　　　　　 41.8  8.5-11.0-13.8 -8.2 -3  0.0                           
072446010522104404タイセイバンクール　　　　　　　　　  6.2  2.0  5.2  9.0  4.6 10  0.0                           
072446010622102710エイユーファイヤー　　　　　　　　　 51.2 10.3-11.8 -8.6 -6.9 -2  0.0                           
072446010722101442レズルレクティオ　　　　　　　　　　  4.0  1.6 17.1  9.0  9.0 14  0.0                           
072446010822106045ウィズマスタング　　　　　　　　　　 39.9  8.1 -7.1-15.0 -7.1 -2  0.0                           
072446010922105322ホウオウレイヴン　　　　　　　　　　  7.7  2.3 10.6 18.0  9.3 14  0.0                           
072446011022106834イリバーレ　　　　　　　　　　　　　 65.0 12.5-11.8-15.0 -8.8 -4  0.0                           
072446011122101059バヤシーフェイス　　　　　　　　　　 11.0  2.8 -5.5 22.5  4.7 10  0.0                           
072446011222102209サイモンベローチェ　　　　　　　　　  3.3  1.5 20.1  5.4  9.0 14  0.0                           
072446011322104636エポエポサン　　　　　　　　　　　　 18.4  4.2  1.9-15.0 -3.8  1  0.0                           
072446011422103972スウィープレジーナ　　　　　　　　　 32.4  6.7-11.8-15.0 -8.8 -4  0.0                           
072446011522103551ボールドハーテッド　　　　　　　　　 30.1  6.3 -6.9-15.0 -7.0 -2  0.0                           
072446020120100472イエスウィズキャン　　　　　　　　　 14.7  3.5 -2.9  9.0  1.6 22  0.0                           
072446020221106562ゴーゴーケイコ　　　　　　　　　　　 36.4  7.7-11.0-13.8 -8.2 12  0.0                           
072446020321100637ジェットブレイク　　　　　　　　　　 22.3  5.0-11.0-13.8 -8.2 12  0.0                           
072446020421103155メイショウキルギス　　　　　　　　　  4.3  1.7 18.6 18.0 12.2 32  0.0                           
072446020521102745ペッパーミル　　　　　　　　　　　　 19.1  4.4-11.0-13.8 -8.2 12  0.0                           
072446020618103293ヨドノゴールド　　　　　　　　　　　  3.3  1.5 18.2 -9.0  4.0 24  0.0                           
072446020721106326ペイシャニット　　　　　　　　　　　 13.6  3.3 -5.5-13.8 -6.2 14  0.0                           
072446020821101730ピコサン　　　　　　　　　　　　　　 15.6  3.7  3.9  9.0  4.1 24  0.0                           
072446020921102326サンレイマリー　　　　　　　　　　　 26.6  5.8-11.0-13.8 -8.2 12  0.0                           
072446021021106722マーゴットファブ　　　　　　　　　　 23.8  5.2-11.0 -3.8 -5.2 15  0.0                           
072446021121102933カルツァクライン　　　　　　　　　　 58.4 11.6-11.0-13.8 -8.2 12  0.0                           
072446021219104059スマートオリーブ　　　　　　　　　　  5.7  1.9  9.0 23.8 10.4 30  0.0                           
072446021319101446ワンリオン　　　　　　　　　　　　　 19.3  4.4 -0.2 -3.7 -1.2 19  0.0                           
072446021421101793オオゾラヒバリ　　　　　　　　　　　 24.4  5.4 -1.8 -3.8 -1.8 18  0.0                           
072446021521106542タガノヒナタ　　　　　　　　　　　　 25.3  5.5  2.4  9.0  3.6 24  0.0                           
072446021619105429レイワホマレ　　　　　　　　　　　　 15.1  3.6  0.1-15.0 -4.5 16  0.0                           
072446030121105853リュケイオン　　　　　　　　　　　　  8.0  2.0  2.2  8.3  3.3 23  0.0                           
072446030220106639カビーリア　　　　　　　　　　　　　 60.1  9.5-11.8-15.0 -8.8 11  0.0                           
072446030321101896ダイユウファリーナ　　　　　　　　　 40.3  6.8-11.0-13.8 -8.2 12  0.0                           
072446030420100307オブシディアン　　　　　　　　　　　 59.9  9.5-11.0-13.8 -8.2 12  0.0                           
072446030521104590ゲインサポート　　　　　　　　　　　  7.2  1.9 10.2 15.0  8.2 28  0.0                           
072446030620103378サトノルクソン　　　　　　　　　　　 53.5  8.8 -7.0 -9.0 -5.3 15  0.0                           
072446030721105750アルゴナヴィス　　　　　　　　　　　  2.9  1.3 19.9 -9.0  4.6 25  0.0                           
072446030819106333ジャマン　　　　　　　　　　　　　　 36.6  6.2 -5.9-15.0 -6.7 13  0.0                           
072446030921103586ガウラスパーク　　　　　　　　　　　 40.9  6.9-11.8-15.0 -8.8 11  0.0                           
072446031021105329カーマンライン　　　　　　　　　　　 15.1  3.0  6.6 12.0  6.0 26  0.0                           
072446031121101691ボックスオフィス　　　　　　　　　　 14.7  2.9 10.1 18.0  9.1 29  0.0                           
072446031221104092ペンナヴェローチェ　　　　　　　　　  2.8  1.3 21.2 30.0 16.8 37  0.0                           
072446031320106690デスティノ　　　　　　　　　　　　　 51.9  8.6-11.0 -3.8 -5.2 15  0.0                           
072446031418100895スマイルヴィヴァン　　　　　　　　　 59.9  9.5-11.0-13.8 -8.2 12  0.0                           
072446031521105718ベストディシジョン　　　　　　　　　 23.0  4.2-11.0-13.8 -8.2 12  0.0                           
072446031621107138スノーブリザード　　　　　　　　　　 27.8  4.9 -2.4  9.0  1.8 22  0.0                           
072446040122101400マーゴットレジーナ　　　　　　　　　 51.3 10.5-12.6-15.0 -9.1 -4  0.0                           
072446040222101447タイセイフィオーレ　　　　　　　　　  2.9  1.4 20.6 30.0 16.6 22  0.0                           
072446040322104672ナンヨーエンペラー　　　　　　　　　 12.1  3.0 -2.5 21.8  5.6 11  0.0                           
072446040422103933グラスティアラ　　　　　　　　　　　 38.5  8.1-11.0-13.8 -8.2 -3  0.0                           
072446040522105971オンザムーブ　　　　　　　　　　　　  6.6  2.1 14.9 18.0 10.9 16  0.0                           
072446040622100962クイーンズデイ　　　　　　　　　　　 45.2  9.3-11.8 -9.0 -7.0 -2  0.0                           
072446040722106635コンセントレイト　　　　　　　　　　 19.6  4.5 -6.9-15.0 -7.0 -2  0.0                           
072446040822105611ワイドクリーガー　　　　　　　　　　  5.5  1.9 19.3 22.5 13.8 19  0.0                           
072446040922104717ダノンジャガー　　　　　　　　　　　  5.9  1.9 14.0 10.8  8.4 13  0.0                           
072446041022104382ワールドキッス　　　　　　　　　　　  8.8  2.6 10.2  9.0  6.4 11  0.0                           
072446041122102958エーオ　　　　　　　　　　　　　　　 64.4 12.7-11.8-15.0 -8.8 -4  0.0                           
072446041222102296ケリフレッドアスク　　　　　　　　　 36.5  7.7 -6.5 -9.0 -5.1  0  0.0                           
072446041322104788ジュルナール　　　　　　　　　　　　 36.8  7.7-11.8-15.0 -8.8 -4  0.0                           
072446041422100486ロアヴィヴィエンヌ　　　　　　　　　 64.4 12.7-11.0-13.8 -8.2 -3  0.0                           
072446041522100583レディエンス　　　　　　　　　　　　 15.9  3.8 -3.8-15.0 -5.9 -1  0.0                           
072446041622101057ソルレーヴ　　　　　　　　　　　　　 26.6  5.8 -9.4  9.0 -0.7  4  0.0                           
072446050122100542クアトロイヴェール　　　　　　　　　 41.7  7.7 -6.5-15.0 -6.9 -7  0.0                           
072446050222105460グラスビーチ　　　　　　　　　　　　 37.2  7.0-12.6 -9.0 -7.3 -7  0.0                           
072446050322103060ホーリーブラッサム　　　　　　　　　  4.5  1.6 18.7 22.5 13.6 14  0.0                           
072446050422103908グロリアスアスペン　　　　　　　　　 82.7 14.3 -6.2-13.8 -6.4 -6  0.0                           
072446050522101415キッスミーアイ　　　　　　　　　　　 41.8  7.8 -3.0-15.0 -5.6 -6  0.0                           
072446050622104642シンクロボンバイエ　　　　　　　　　 17.9  3.7-11.8-15.0 -8.8 -9  0.0                           
072446050722104732アパッシメント　　　　　　　　　　　  2.5  1.3 22.0 24.4 15.4 15  0.0                           
072446050822102916モズプリヴェール　　　　　　　　　　 47.0  8.6-11.8 -8.6 -6.9 -7  0.0                           
072446050922100222ハクサンビューティ　　　　　　　　　 65.8 11.5-11.0-13.8 -8.2 -8  0.0                           
072446051022103354ピカッティー　　　　　　　　　　　　115.3 19.7-11.8 -8.6 -6.9 -7  0.0                           
072446051122103868ウェルウィッチア　　　　　　　　　　 47.5  8.7 -6.9 -2.0 -3.1 -3  0.0                           
072446051222103186テーオーライマン　　　　　　　　　　 11.1  2.6  3.2  5.4  2.8  3  0.0                           
072446051322104819ショウリュウシエル　　　　　　　　　 20.5  4.2  7.3  5.4  4.3  4  0.0                           
072446051422101549フォードワン　　　　　　　　　　　　 44.8  8.3-11.8-15.0 -8.8 -9  0.0                           
072446051522102578メイショウクメハチ　　　　　　　　　 64.1 11.2-11.8-20.0-10.3-10  0.0  0                        
072446051622100672テイエムリアリティ　　　　　　　　　 24.7  4.8 -3.1 -1.8 -1.7 -2  0.0                           
072446051722100459ハヤブサナンデヒメ　　　　　　　　　 12.6  2.8 -3.1  9.0  1.6  2  0.0                           
072446051822103907クルールローザンヌ　　　　　　　　　  5.0  1.6 14.4 19.9 11.3 11  0.0                           
072446060121102903ワンパット　　　　　　　　　　　　　  4.6  1.6 13.7 15.0  9.5 30  0.0                           
072446060221104448アンバードール　　　　　　　　　　　  2.4  1.3 23.6 21.7 15.2 35  0.0  1  230   62              
072446060320104725モーメントキャッチ　　　　　　　　　 55.3  9.7 -5.5-13.8 -6.2 14  0.0                           
072446060419100689リリーアロー　　　　　　　　　　　　 35.6  6.7-11.8 -9.0 -7.0 13  0.0                           
072446060521105607キトゥンヒール　　　　　　　　　　　 36.0  6.7-11.0-13.8 -8.2 12  0.0                           
072446060621102993ポルポラジール　　　　　　　　　　　  6.9  2.0  9.2 22.5 10.1 30  0.0                           
072446060721103064メイショウコナン　　　　　　　　　　 17.1  3.6  0.7-20.0 -5.7 14  0.0  0                        
072446060821107295アイファーキャップ　　　　　　　　　 24.0  4.7-11.0  7.2 -1.9 18  0.0                           
072446060920103939ホウオウプレシャス　　　　　　　　　 80.3 13.9-11.0-13.8 -8.2 12  0.0                           
072446061021105680シャハザマーン　　　　　　　　　　　 15.5  3.3  6.2 -9.0 -0.4 20  0.0                           
072446061121106128ラキアレクサンダー　　　　　　　　　 17.2  3.6 -1.8 -3.8 -1.8 18  0.0                           
072446061221106628レグロスヴァーグ　　　　　　　　　　 42.6  7.9-12.6-15.0 -9.1 11  0.0                           
072446061321101155ピエナオルフェ　　　　　　　　　　　 60.2 10.6-11.8-20.0-10.3 10  0.0  0                        
072446061421105221ダブルジャッジ　　　　　　　　　　　  5.0  1.6 12.9  8.4  7.3 27  0.0                           
072446061520101268モズバンディット　　　　　　　　　　 37.8  7.0-12.6  5.4 -3.0 17  0.0                           
072446070120106593ジークシュベルト　　　　　　　　　　 25.4  5.7 -5.7-15.0 -6.6 13  0.0                           
072446070221106982カーリングホリデー　　　　　　　　　 48.5 10.3-11.0-13.8 -8.2 12  0.0                           
072446070321103711ロサンゼルス　　　　　　　　　　　　 32.0  7.0-11.0-13.8 -8.2 12  0.0                           
072446070420105564テンフェリーチェ　　　　　　　　　　 22.8  5.2-11.0-13.8 -8.2 12  0.0                           
072446070518105096レッドフランカー　　　　　　　　　　 28.5  6.3 -1.6 34.5  9.8 30  0.0                           
072446070620103625ゴルデールスカー　　　　　　　　　　  6.3  2.1  8.8  5.4  4.8 25  0.0                           
072446070721104678ファストレーン　　　　　　　　　　　  6.8  2.2 16.2  4.6  7.3 27  0.0                           
072446070821103289レディーエンジェル　　　　　　　　　 42.8  9.2-11.8  5.4 -2.7 17  0.0                           
072446070921105125リヤンドゥミラクル　　　　　　　　　 53.4 11.3-11.0-13.8 -8.2 12  0.0                           
072446071019103092ワンダーウィルク　　　　　　　　　　 11.4  3.0  2.3 12.0  4.4 24  0.0                           
072446071120102952オーサムデアラー　　　　　　　　　　  6.0  2.0  6.1 15.0  6.7 27  0.0                           
072446071221104561キタノライジン　　　　　　　　　　　 53.2 11.3-11.0-10.6 -7.2 13  0.0                           
072446071320105167スナークメモリー　　　　　　　　　　 14.2  3.5 -1.3  9.0  2.2 22  0.0                           
072446071421107089ニシノアウェイク　　　　　　　　　　 19.4  4.6 -4.8 17.5  3.5 23  0.0                           
072446071519105745フレイムジョーカー　　　　　　　　　  3.0  1.5 17.3 18.4 11.9 32  0.0                           
072446071620104676マイレーヌ　　　　　　　　　　　　　 10.7  2.8 11.6  8.3  6.7 27  0.0                           
072446080121100683ビーグラッド　　　　　　　　　　　　  7.0  2.5  6.1 18.0  7.6 28  0.0                           
072446080221101382ブリックワーク　　　　　　　　　　　  5.3  2.1 16.0  9.0  8.6 29  0.0                           
072446080321100070ネクストヒロイン　　　　　　　　　　 20.3  5.4-11.0-13.8 -8.2 12  0.0                           
072446080421105289オタルグリーン　　　　　　　　　　　  6.0  2.2  3.3 21.4  7.6 28  0.0                           
072446080520103256カフジキアッキエレ　　　　　　　　　 17.6  4.8  3.5  5.2  2.8 23  0.0                           
072446080620103448スマートジェイナ　　　　　　　　　　  6.4  2.3 10.1 -9.0  1.0 21  0.0                           
072446080721107242ルージュラメンテ　　　　　　　　　　 26.2  6.7-11.8-15.0 -8.8 11  0.0                           
072446080820102965マルカシャルマン　　　　　　　　　　 39.2  9.7-11.8 -9.0 -7.0 13  0.0                           
072446080920102561インペリアルコート　　　　　　　　　  8.5  2.9  7.0 18.0  8.0 28  0.0                           
072446081019106280サクラオーラ　　　　　　　　　　　　 18.6  5.0 -8.5-15.0 -7.6 12  0.0                           
072446081119101406ラブカヒルー　　　　　　　　　　　　 81.1 18.9-10.5 -8.6 -6.4 14  0.0                           
072446081220102950テクノデザイン　　　　　　　　　　　 23.6  6.1-12.6 11.7 -1.1 19  0.0                           
072446081319102215サク　　　　　　　　　　　　　　　　 10.9  3.2 10.5  2.2  4.5 25  0.0                           
072446081420100138デアデルマーレ　　　　　　　　　　　 42.1 10.4-11.8-15.0 -8.8 11  0.0                           
072446081520103441フラッシングレート　　　　　　　　　  5.8  2.2  7.6 34.5 13.1 33  0.0                           
072446081620102977オールアイウォント　　　　　　　　　 42.8 10.6-11.8 -8.6 -6.9 13  0.0                           
072446090122101095アレスグート　　　　　　　　　　　　 11.1  3.9  6.6 15.3  7.0 27  0.0                           
072446090222110063サディーク　　　　　　　　　　　　　  3.6  1.6 13.1 15.0  9.3 29  0.0                           
072446090322103898ピーチマカロン　　　　　　　　　　　 24.8  8.3-11.0 -9.0 -6.7 13  0.0                           
072446090422106308ゼンダンマイウェイ　　　　　　　　　 27.4  9.1-11.0-16.3 -8.9 11  0.0  0                        
072446090522105990クニノハッピー　　　　　　　　　　　 12.7  4.5  2.2  8.3  3.3 23  0.0                           
072446090622110140ポールセン　　　　　　　　　　　　　  2.0  1.2 20.6 24.4 14.9 35  0.0                           
072446090722110118ユウトザユウト　　　　　　　　　　　  3.2  1.4 19.2 24.5 14.4 34  0.0  2                        
072446100119104531バンフィエルド　　　　　　　　　　　  8.9  2.2  5.4 30.0 11.0 41  0.0                           
072446100220104285ラーテル　　　　　　　　　　　　　　 32.4  5.6-11.0-13.8 -8.2 22  0.0                           
072446100320103208ジュンツバメガエシ　　　　　　　　　  2.6  1.3 18.7 15.8 11.6 42  0.0                           
072446100416102229フィデリオグリーン　　　　　　　　　 30.4  5.3-11.0 -3.8 -5.2 25  0.0                           
072446100521105164プレカーサー　　　　　　　　　　　　 28.7  5.1-11.0-13.8 -8.2 22  0.0                           
072446100619105111キャルレイ　　　　　　　　　　　　　  5.7  1.7 11.0 21.5 10.5 40  0.0                           
072446100721105285ライフセービング　　　　　　　　　　  7.0  1.9 11.0  5.4  5.7 36  0.0                           
072446100821104479ブロッケンボウ　　　　　　　　　　　  3.2  1.3 19.4  5.4  8.7 39  0.0                           
072446100918100967アスカノミライ　　　　　　　　　　　 22.9  4.2 -5.2-15.0 -6.4 24  0.0                           
072446101020103642スカーズ　　　　　　　　　　　　　　 10.8  2.4 10.9  9.0  6.7 37  0.0                           
072446110118100388サトノテンペスト　　　　　　　　　　 45.8  9.8 -6.5-15.0 -6.9 38  0.0                           
072446110216102663ハギノアトラス　　　　　　　　　　　 38.4  8.3-11.8 -9.0 -7.0 38  0.0                           
072446110319104108エナジーグラン　　　　　　　　　　　 71.8 14.6-11.8-15.0 -8.8 36  0.0                           
072446110417103283ゴールドパラディン　　　　　　　　　 76.0 15.4-12.6-15.0 -9.1 36  0.0                           
072446110518102969タイセイブレイズ　　　　　　　　　　 16.2  3.9 -7.8  7.3 -0.7 44  0.0                           
072446110619102454サクセスローレル　　　　　　　　　　 38.8  8.4-11.8 -3.7 -5.4 40  0.0                           
072446110719100629レオノーレ　　　　　　　　　　　　　 48.9 10.4-11.8-15.0 -8.8 36  0.0                           
072446110821103080ゼルトザーム　　　　　　　　　　　　 29.5  6.5 -1.6-15.0 -5.1 40  0.0                           
072446110919105075エルバリオ　　　　　　　　　　　　　 26.8  6.0-11.8-15.0 -8.8 36  0.0                           
072446111020102751エミサキホコル　　　　　　　　　　　  6.7  2.2  2.7 22.5  7.7 53  0.0                           
072446111120102891ユティタム　　　　　　　　　　　　　  8.5  2.6 13.8  9.0  7.8 53  0.0                           
072446111220101373バトゥーキ　　　　　　　　　　　　　 10.8  2.8 15.3 18.0 11.0 56  0.0                           
072446111320103070ミラクルティアラ　　　　　　　　　　 11.5  3.0  2.8  4.6  2.4 47  0.0                           
072446111420106015バグラダス　　　　　　　　　　　　　  5.9  2.0  8.8 21.5  9.7 55  0.0                           
072446111520101707スマートフォルス　　　　　　　　　　  3.0  1.5 16.5 30.0 15.1 60  0.0                           
072446111620103661フリームファクシ　　　　　　　　　　  6.8  2.2 -1.8-15.0 -5.2 40  0.0                           
072446120120101031アスクエピソード　　　　　　　　　　 42.6  8.5 -5.9 -9.0 -4.9 25  0.0                           
072446120221101576レオテミス　　　　　　　　　　　　　 21.7  4.7-11.8-15.0 -8.8 21  0.0                           
072446120321102914モズトキキ　　　　　　　　　　　　　  6.0  1.9  5.8  0.3  2.2 32  0.0                           
072446120420106407ライブリームーラン　　　　　　　　　160.0 29.4-11.0-13.8 -8.2 22  0.0                           
072446120519100578クインズプリーズ　　　　　　　　　　 69.0 13.1-11.8-15.0 -8.8 21  0.0                           
072446120620101872デイトナモード　　　　　　　　　　　 49.0  9.7-12.6-19.5-10.5 20  0.0                           
072446120719105337テーオーアリエス　　　　　　　　　　 43.5  8.7 -5.3 -9.0 -4.6 25  0.0                           
072446120820106777セレッソデアモール　　　　　　　　　 21.9  4.7-12.6-15.0 -9.1 21  0.0                           
072446120919103193トリップトゥムーン　　　　　　　　　 65.6 12.5-11.0-13.8 -8.2 22  0.0                           
072446121019104356ディオアステリア　　　　　　　　　　 12.0  2.9  0.9 11.3  3.7 34  0.0                           
072446121121100522ジョーメッドヴィン　　　　　　　　　  4.3  1.6 11.8 30.0 13.3 43  0.0                           
072446121220101517ソノママソノママ　　　　　　　　　　  8.3  2.4 15.8  9.0  8.5 38  0.0                           
072446121321100476ファイツオン　　　　　　　　　　　　 12.2  2.9  6.1 19.7  8.1 38  0.0  4                        
072446121421100019マサノカナリア　　　　　　　　　　　 13.6  3.2  5.1  9.0  4.6 35  0.0                           
072446121520102568ワイアウ　　　　　　　　　　　　　　 80.5 15.1-11.0-13.8 -8.2 22  0.0                           
072446121621103171タイキヴァンクール　　　　　　　　　  3.0  1.4 17.0 18.0 11.6 42  0.0                           
072446121720106131ジオパーククラウン　　　　　　　　　 65.3 12.4-11.8-15.0 -8.8 21  0.0                           
072446121819100168ベジェサ　　　　　　　　　　　　　　 33.4  6.8-12.6-15.0 -9.1 21  0.0                           
082476010122101217ハッピールンナ　　　　　　　　　　　 26.9  5.4 -2.8 -3.1 -2.0  3  0.0                           
082476010222102355コリエドール　　　　　　　　　　　　 17.9  3.9 -4.5 -2.2 -2.3  3  0.0                           
082476010322103761テイエムトップバン　　　　　　　　　 28.7  5.7-11.3-16.6 -9.1 -4  0.0  0                        
082476010422102885ドゥラリス　　　　　　　　　　　　　  2.8  1.3 20.4 18.3 13.0 18 16.2  1  174   64              
082476010522105335キミオモウハナ　　　　　　　　　　　 17.9  3.8 -1.4  0.5 -0.4  5  0.0                           
082476010622105127バレオリア　　　　　　　　　　　　　 22.1  4.5  1.8  0.8  0.9  6  0.0                           
082476010722105168メレサンク　　　　　　　　　　　　　  4.9  1.6 15.4 24.7 13.1 18 13.4  4                        
082476010822102600メリッササンライズ　　　　　　　　　 27.4  5.5  1.8-10.0 -2.3  3  0.0                           
082476010922103064グラブビクトリー　　　　　　　　　　 42.1  8.0-11.3-16.8 -9.2 -4  0.0  0                        
082476011022105794ラテライト　　　　　　　　　　　　　 44.5  8.5-11.3-13.1 -8.1 -3  0.0                           
082476011122103208サトノスピカ　　　　　　　　　　　　  4.1  1.5 14.5 14.7  9.7 15 17.7  4                        
082476011222105804カレンスカーレル　　　　　　　　　　 26.6  5.3-11.8-10.2 -7.4 -2  0.0                           
082476011322103881ツキノアカリ　　　　　　　　　　　　  5.1  1.7 13.9 14.6  9.5 14 20.6  4                        
082476020122104627シホノペルフェット　　　　　　　　　 14.9  3.2 10.4  6.6  5.8 11 22.1                           
082476020222102698イサチルカムカム　　　　　　　　　　 49.0  8.7-11.2-10.6 -7.3 -2  0.0                           
082476020322100287コパノジェームス　　　　　　　　　　 70.6 12.0-11.3-14.9 -8.6 -4  0.0  0                        
082476020422106597マッハレイジング　　　　　　　　　　 22.4  4.4  1.5  6.3  2.4  7  0.0                           
082476020522103944レイリースピリット　　　　　　　　　 45.1  8.1-10.0-14.5 -8.0 -3  0.0                           
082476020622100321リメンバーヒム　　　　　　　　　　　 26.0  4.9  1.8  8.7  3.3  8  0.0                           
082476020722101125アルピナセブン　　　　　　　　　　　 50.5  9.0 -8.8-11.6 -6.7 -2  0.0                           
082476020822100664グランキングオー　　　　　　　　　　  4.1  1.4 15.5 21.8 12.2 17 12.4  4                        
082476020922103884スティルシャイニン　　　　　　　　　 70.3 11.9-11.2-10.6 -7.3 -2  0.0                           
082476021022100144ナムラブルータス　　　　　　　　　　 31.1  5.8 -2.0-15.4 -5.4  0  0.0                           
082476021122106583ケイアイブイスリー　　　　　　　　　 37.7  6.9 -6.9  7.7 -0.2  5  0.0  5                        
082476021222102828メイショウタイピン　　　　　　　　　 17.6  3.6 -1.3-11.3 -3.9  1  0.0                           
082476021322106716ワウワウワウ　　　　　　　　　　　　 13.0  2.9 11.0  3.5  5.1 10  0.0                           
082476021422104597モンテディアーナ　　　　　　　　　　  2.5  1.2 21.8 18.7 13.6 19 16.2                           
082476021522100109ワイドレッド　　　　　　　　　　　　 42.7  7.7-11.2 -7.4 -6.3 -1  0.0                           
082476021622103704アスゴッド　　　　　　　　　　　　　  4.3  1.5 17.2 16.6 11.3 16 19.1                           
082476030122102945ルージュキャルト　　　　　　　　　　  4.4  1.6 14.2 13.7  9.3 14 13.4                           
082476030222101659モルテンコア　　　　　　　　　　　　  7.5  2.2  8.9 18.7  8.9 14 20.6                           
082476030322105947カンタベリーバイク　　　　　　　　　 48.0  9.2-11.2-10.6 -7.3 -2  0.0                           
082476030422103814セイノスケ　　　　　　　　　　　　　 31.2  6.2 -1.9  7.4  1.5  7  0.0                           
082476030522101276アライアンスデイ　　　　　　　　　　 35.7  7.0-12.2 -7.4 -6.7 -2  0.0                           
082476030622101273シャドーストライク　　　　　　　　　 37.3  7.3-11.3-10.2 -7.2 -2  0.0                           
082476030722104117レインオンミー　　　　　　　　　　　 14.0  3.2  6.8  6.1  4.3  9  0.0                           
082476030822104729サマーナイト　　　　　　　　　　　　 12.5  2.9  9.4  8.9  6.1 11  0.0                           
082476030922106248ピコビジュー　　　　　　　　　　　　 18.6  4.0 -0.4  1.5  0.3  5  0.0                           
082476031022110117チュウワチーフ　　　　　　　　　　　  3.2  1.4 19.3 21.2 13.4 18 16.2                           
082476031122101921キタノロジック　　　　　　　　　　　 34.8  6.8 -8.5 -7.5 -5.4  0  0.0                           
082476031222101958ペプチドシナノ　　　　　　　　　　　 28.5  5.7-11.3 -4.8 -5.6 -1  0.0                           
082476031322104307コパノディラン　　　　　　　　　　　 52.3  9.9-11.3 -9.0 -6.8 -2  0.0                           
082476031422101821ロードヴォイジャー　　　　　　　　　  3.5  1.4 18.7 14.0 11.1 16 17.7                           
082476040122102896ハミルトン　　　　　　　　　　　　　 20.2  3.5  6.5  3.7  3.5  8 17.5  0                        
082476040222103177ダイハッシュウ　　　　　　　　　　　 35.9  5.7 -8.3-14.6 -7.4 -2  0.0  0                        
082476040322105314フィーユチャン　　　　　　　　　　　 22.5  3.8 -6.7 -0.4 -2.6  2  0.0                           
082476040422101357ケイコウギュウゴ　　　　　　　　　　 21.0  3.7 -3.5-14.0 -5.5  0  0.0                           
082476040522104794サリーチェ　　　　　　　　　　　　　  3.1  1.3 17.0 18.6 11.8 17 17.7                           
082476040622106763ロングトーン　　　　　　　　　　　　 40.9  6.4-11.2-10.6 -7.3 -2  0.0                           
082476040722102516バッケンレコード　　　　　　　　　　 15.8  2.9  6.8 12.0  6.1 11  0.0                           
082476040822104714ショウヘイ　　　　　　　　　　　　　  2.3  1.2 23.0 26.8 16.5 21 16.2  1  125   58              
082476040922106633バルナバ　　　　　　　　　　　　　　 42.4  6.6-11.8-14.5 -8.7 -4  0.0                           
082476041022100030アースグレーザー　　　　　　　　　　  6.5  1.7  6.5 10.5  5.5 11 19.1                           
082476041122105290レッドヴァリアート　　　　　　　　　 18.2  3.3  2.8 -1.2  0.7  6  0.0                           
082476041222103070レイデラティエラ　　　　　　　　　　 17.8  3.2 -4.0 10.6  1.7  7  0.0                           
082476041322107249プティミニョン　　　　　　　　　　　 48.9  7.5-12.2-15.2 -9.0 -4  0.0  0                        
082476041422104603モーリシャスアロマ　　　　　　　　　 51.1  7.8-12.2 -6.0 -6.3 -1  0.0                           
082476050122104940エイカイカッシーナ　　　　　　　　　 20.6  4.6 -2.9  2.1 -0.4  0  0.0                           
082476050222100237アユツリムスメ　　　　　　　　　　　 27.2  5.8-10.1-14.9 -8.2 -8  0.0  0                        
082476050322106212ウインロゼライト　　　　　　　　　　 25.8  5.5 -8.3-11.0 -6.3 -6  0.0                           
082476050422101049ゾーンサイレンス　　　　　　　　　　 24.1  5.2 -0.9 -7.5 -2.6 -3  0.0                           
082476050522102130キムケンフォトン　　　　　　　　　　 15.3  3.6 -8.9  0.3 -3.2 -3 23.5                           
082476050622100895パープルヘイズ　　　　　　　　　　　 41.7  8.5-11.8-13.9 -8.5 -8  0.0                           
082476050722106905ワインクーラー　　　　　　　　　　　  7.1  2.2 15.7 13.3  9.7 10 14.4                           
082476050822103214ルクスコロン　　　　　　　　　　　　 11.6  2.9  4.9 14.8  6.2  6  0.0  5                        
082476050922103988カフジキームン　　　　　　　　　　　  4.1  1.6 19.1 19.0 12.7 13 17.7                           
082476051022105550ノクナレア　　　　　　　　　　　　　 17.4  4.0 -3.6-15.8 -6.1 -6  0.0                           
082476051122104669クラヴァンス　　　　　　　　　　　　  3.2  1.5 11.9 18.0  9.8 10 16.2  3                        
082476051222103238ビバジョー　　　　　　　　　　　　　  6.2  2.0  7.0 25.8 10.3 10  0.0                           
082476051322101740シャルメイビス　　　　　　　　　　　 33.0  6.8-11.3-11.2 -7.5 -8  0.0                           
082476051422103260メイショウタビズキ　　　　　　　　　 15.7  3.7  2.4 10.6  4.1  4  0.0                           
082476060122105193アンデルマット　　　　　　　　　　　  8.1  2.4  8.9 10.8  6.5  7  0.0                           
082476060222103306ワイドデコラシオン　　　　　　　　　  8.2  2.4 12.8 13.3  8.7  9 22.1                           
082476060322106925ハグ　　　　　　　　　　　　　　　　  2.6  1.4 22.4 12.6 12.0 12 16.2                           
082476060422101862ドナコルコバド　　　　　　　　　　　 14.3  3.4  5.0  0.7  2.0  2  0.0                           
082476060522103123オリビアサンライズ　　　　　　　　　 82.9 15.6-11.3-12.9 -8.0 -8  0.0  0                        
082476060622103369ベルレオーネ　　　　　　　　　　　　 31.8  6.5 -8.8-14.7 -7.6 -8  0.0                           
082476060722103618ボンショワ　　　　　　　　　　　　　 25.1  5.3 -2.0  5.6  0.9  1  0.0                           
082476060822104038フィオーレ　　　　　　　　　　　　　 55.9 10.7-11.3-10.2 -7.2 -7  0.0                           
082476060922105885ショーダンサー　　　　　　　　　　　 24.0  5.1 -5.9-11.8 -5.7 -6  0.0                           
082476061022104513タマモスノーダンス　　　　　　　　　 52.9 10.4-11.8-10.2 -7.4 -7  0.0                           
082476061122103941ルヴァンユニベール　　　　　　　　　 43.9  8.8 -8.9-11.6 -6.7 -7 33.8                           
082476061222103255メイショウソウセキ　　　　　　　　　  7.8  2.3  4.6 20.9  8.0  8  0.0                           
082476061322107133タガノマルアフ　　　　　　　　　　　 34.7  7.1 -8.4-11.1 -6.4 -6  0.0                           
082476061422102573メイショウアイル　　　　　　　　　　 10.7  2.7  5.2 18.2  7.4  7  0.0  4                        
082476061522104125トラスティソード　　　　　　　　　　  5.6  1.9  7.9 10.8  6.1  6 12.4                           
082476061622102914ミラクルボーン　　　　　　　　　　　 26.6  5.6 -8.0-12.2 -6.6 -7  0.0                           
082476070119102229ポジティブガール　　　　　　　　　　 27.9  6.5-11.3-10.2 -7.2 13  0.0                           
082476070221105933アシャカブラン　　　　　　　　　　　 13.2  3.5  1.6 14.6  5.0 25  0.0                           
082476070321104514ハリウッドブルース　　　　　　　　　  6.5  2.2 14.3 21.8 11.8 32 15.4                           
082476070421100677ヴォルスター　　　　　　　　　　　　 16.5  4.2 -9.0-12.4 -7.0 13  0.0                           
082476070520106355フェゲフォイア　　　　　　　　　　　 27.9  6.5 -6.9-15.6 -7.2 13  0.0                           
082476070621102755ジョウゲンノツキ　　　　　　　　　　  5.1  1.9  8.1 11.1  6.3 26 17.7  5                        
082476070721101240ペプチドヒナタ　　　　　　　　　　　 39.9  9.0-11.3-10.2 -7.2 13  0.0                           
082476070821104105ルクスマーベリック　　　　　　　　　  6.4  2.2 12.5  3.6  5.7 26 20.6                           
082476070920104559フリースタイル　　　　　　　　　　　 55.2 11.9-11.8-10.2 -7.4 13  0.0                           
082476071021105447ピストンボーイ　　　　　　　　　　　 14.3  3.7  5.5 14.5  6.4 26  0.0                           
082476071121103291アンナバローズ　　　　　　　　　　　  3.9  1.7 14.6 11.1  8.7 29  0.0                           
082476071218103125モラトリアム　　　　　　　　　　　　 61.7 13.3-11.3  6.0 -2.3 18  0.0                           
082476071320106722クインズエルサ　　　　　　　　　　　 27.9  6.5-11.3 -9.5 -7.0 13  0.0                           
082476071421105752レディマリオン　　　　　　　　　　　  5.8  2.1 13.7  5.5  6.7 27 19.1                           
082476071519101233アイファーファイト　　　　　　　　　 79.8 17.0-11.3  6.8 -2.1 18  0.0                           
082476071621100680ベレニーチェ　　　　　　　　　　　　 29.0  6.8 -4.0-10.2 -4.5 15  0.0                           
082476080121105427スカイサーベイ　　　　　　　　　　　  7.1  2.3 12.5 17.7  9.9 30 19.1                           
082476080221106544タガノヘラクレス　　　　　　　　　　 36.3  7.9 -4.7  5.8  0.0 20 23.7                           
082476080320104491ファームツエンティ　　　　　　　　　 37.0  8.0 -7.9-11.6 -6.4 14  0.0                           
082476080421110016ミスガリレオアスク　　　　　　　　　 14.8  3.7  1.7 -5.4 -1.0 19  0.0                           
082476080521105865エボルヴィング　　　　　　　　　　　  8.1  2.5  9.4 12.9  7.3 27 22.1                           
082476080621101488ソニックドライブ　　　　　　　　　　 44.4  9.4 -7.2-19.1 -8.4 12  0.0  0                        
082476080721104976ベトルス　　　　　　　　　　　　　　  3.1  1.5 14.8 22.4 12.1 32 16.2  5                        
082476080821102420ナムラブーニン　　　　　　　　　　　 24.5  5.5 -8.3-10.2 -6.1 14  0.0                           
082476080920103048ティムール　　　　　　　　　　　　　  8.0  2.5  7.1 14.1  6.8 27  0.0                           
082476081020101841コントリビューター　　　　　　　　　 82.7 16.6 -8.6 -5.8 -4.9 15  0.0                           
082476081120102570ディアマイサン　　　　　　　　　　　 42.2  9.0-11.3-13.1 -8.1 12  0.0                           
082476081219105051アメジストブラック　　　　　　　　　 28.2  6.2 -8.4 -4.6 -4.5 16  0.0                           
082476081321102115アラタマフェーヴル　　　　　　　　　 28.3  6.3 -2.6-14.5 -5.3 15  0.0                           
082476081421106642ファミリーツリー　　　　　　　　　　 23.9  5.4 -1.7  3.8  0.5 21  0.0                           
082476081521103078ルージュクライト　　　　　　　　　　 25.5  5.7 -9.1-11.0 -6.6 13  0.0                           
082476081621105503クルミナーレ　　　　　　　　　　　　  5.5  2.0  4.3 13.2  5.5 26  0.0                           
082476081721101116エコテーラー　　　　　　　　　　　　 17.4  4.2 -0.3-11.1 -3.4 17  0.0                           
082476081820103440スパークタイムリー　　　　　　　　　 41.2  8.8-11.2-10.6 -7.3 13  0.0                           
082476090117103267エクストラノート　　　　　　　　　　 48.8  8.7-11.2 -7.4 -6.3 24  0.0                           
082476090220107143ウイニンググレイス　　　　　　　　　 23.3  4.5  3.1  0.8  1.4 31  0.0                           
082476090321106706キャピタルサックス　　　　　　　　　  4.3  1.5 17.0 24.3 13.5 44 19.1  1  151   52              
082476090419105330パーサヴィアランス　　　　　　　　　 23.3  4.5-10.4 -9.5 -6.7 23  0.0                           
082476090521103306コトホドサヨウニ　　　　　　　　　　  2.8  1.3 17.5 20.2 12.5 42 16.2                           
082476090620100681ジーニアスバローズ　　　　　　　　　  3.4  1.4 17.9 15.7 11.3 41 17.7                           
082476090720106873オウギノカナメ　　　　　　　　　　　  8.5  2.3  5.0  7.2  4.0 34  0.0                           
082476090820106166ヒルズカーン　　　　　　　　　　　　 25.7  4.9 -9.5 -7.1 -5.6 24  0.0                           
082476090920104561タイガースパーク　　　　　　　　　　 33.6  6.2-10.2-15.4 -8.4 22  0.0                           
082476091020103407スリリングチェイス　　　　　　　　　  7.0  2.0 12.4 11.9  8.1 38 14.4                           
082476091119104913メジャークオリティ　　　　　　　　　 20.8  4.2 -6.6  8.8  0.2 30  0.0                           
082476100121101703ナスティウェザー　　　　　　　　　　  5.2  1.7 14.4 13.8  9.4 44 19.1  3                        
082476100221106658ストレングス　　　　　　　　　　　　  3.5  1.4 19.6 11.8 10.7 46 17.7                           
082476100319106513リッキーマジック　　　　　　　　　　 78.6 13.8-11.2-15.1 -8.6 26  0.0  0                        
082476100421102868モズミギカタアガリ　　　　　　　　　  3.0  1.4 18.5 16.7 11.8 47 16.2                           
082476100520102776マルカラピッド　　　　　　　　　　　 41.4  7.8 -6.4 -2.6 -3.1 32  0.0                           
082476100620110055エメラルドビーチ　　　　　　　　　　 30.2  5.9 -5.4-10.6 -5.2 30  0.0                           
082476100719100284アウグスト　　　　　　　　　　　　　 41.5  7.8-11.2-10.6 -7.3 28  0.0                           
082476100819106632テイエムランウェイ　　　　　　　　　 46.1  8.6 -1.1  0.8 -0.2 35  0.0                           
082476100917104238フームスムート　　　　　　　　　　　 61.8 11.0-11.2-10.6 -7.3 28  0.0                           
082476101020106518エイシンレジューム　　　　　　　　　 24.5  4.9 -2.8  5.8  0.7 36  0.0                           
082476101120102045フェルヴェンテ　　　　　　　　　　　  5.4  1.7 13.6  9.1  7.7 43 14.4                           
082476101219100652ハギノモーリス　　　　　　　　　　　 25.5  5.0 -8.9 -8.8 -5.9 29  0.0  0                        
082476101320103902ジャーヴィス　　　　　　　　　　　　 16.5  3.5 -0.3 11.3  3.3 38  0.0                           
082476101420110120ガンウルフ　　　　　　　　　　　　　 33.6  6.4 -0.1  5.0  1.5 36  0.0                           
082476101519102522ドグマ　　　　　　　　　　　　　　　 50.9  9.4-11.2-10.6 -7.3 28  0.0                           
082476101618102040ヴィヴァン　　　　　　　　　　　　　 30.4  5.9 -9.0 -1.3 -3.7 31  0.0                           
082476110122101562ダイシンラー　　　　　　　　　　　　 32.6  7.0-11.8 -9.0 -7.0 53  0.0                           
082476110222105396アドマイヤズーム　　　　　　　　　　  8.4  2.5  7.9 13.4  6.9 67  0.0                           
082476110322104401ランスオブカオス　　　　　　　　　　 27.9  6.1 -6.9-10.9 -5.8 54  0.0                           
082476110422105081ミュージアムマイル　　　　　　　　　  4.6  1.8 16.1  7.5  8.2 68 17.7                           
082476110522104120コスモストーム　　　　　　　　　　　112.4 22.0-11.2-11.6 -7.6 52  0.0                           
082476110622104898アルレッキーノ　　　　　　　　　　　 11.1  2.9  0.6  9.0  2.9 63  0.0                           
082476110722106394クラスペディア　　　　　　　　　　　 88.9 17.5 -8.5 -7.5 -5.4 55  0.0                           
082476110822104751アルテヴェローチェ　　　　　　　　　  3.3  1.5 17.6 22.2 13.1 73 16.2  2                        
082476110922104678エルムラント　　　　　　　　　　　　 49.7 10.3-12.1-14.0 -8.6 51  0.0  0                        
082476111022104971トータルクラリティ　　　　　　　　　 11.3  2.9  7.9  3.5  3.9 64 26.5                           
082476111122103220ニタモノドウシ　　　　　　　　　　　  8.1  2.4  6.8 15.1  7.0 67 18.7                           
082476111222101732パンジャタワー　　　　　　　　　　　  8.4  2.5  6.7 -6.0  0.7 61  0.0                           
082476111322102849エイシンワンド　　　　　　　　　　　 51.7 10.7 -7.2 -3.0 -3.5 56  0.0                           
082476111422106647テイクイットオール　　　　　　　　　 42.2  8.9-11.2-11.7 -7.6 52  0.0                           
082476111522105891ドラゴンブースト　　　　　　　　　　 36.6  7.8-11.2 -7.5 -6.4 54  0.0                           
082476111622104588タイセイカレント　　　　　　　　　　  8.2  2.5 11.7 12.0  7.9 68 14.4                           
082476120121101384フォーチュンタイム　　　　　　　　　  2.7  1.4 21.9 23.9 15.2 50 16.2  2                        
082476120219100666イラーレ　　　　　　　　　　　　　　138.6 24.6-11.3-11.6 -7.6 27  0.0                           
082476120319105451マンドローネ　　　　　　　　　　　　  7.7  2.2  4.3  5.4  3.2 38 19.1                           
082476120420103517レッドシュヴェルト　　　　　　　　　  8.3  2.3  5.0  5.4  3.5 38 14.4                           
082476120520102625アクートゥス　　　　　　　　　　　　 11.3  2.7  7.9 11.2  6.3 41  0.0                           
082476120619100659レベレンシア　　　　　　　　　　　　 10.9  2.6  5.5  4.4  3.3 38  0.0                           
082476120718102491メイショウエニシア　　　　　　　　　 98.7 17.7-11.8-11.2 -7.7 27  0.0                           
082476120820103482スカイロケット　　　　　　　　　　　 18.1  3.9  5.9  4.5  3.5 39  0.0  5                        
082476120918102091ウルトラソニック　　　　　　　　　　 63.1 11.6-11.3 -9.7 -7.1 28  0.0                           
082476121021100494ガロンヌ　　　　　　　　　　　　　　  4.5  1.7 13.1 15.6  9.5 44 17.7  0                        
082476121120103450ピピオラ　　　　　　　　　　　　　　 34.0  6.7-11.3-13.1 -8.1 27  0.0                           
082476121218106663エアミアーニ　　　　　　　　　　　　 64.2 11.8-11.3 -8.8 -6.8 28  0.0                           
082476121320102630アルーリングビュー　　　　　　　　　 20.4  4.4-11.3 -6.2 -6.0 29  0.0                           
082476121420103280エマヌエーレ　　　　　　　　　　　　 35.3  6.9 -9.5-12.9 -7.4 28  0.0  0                        
082476121519105044アドマイヤラヴィ　　　　　　　　　　 50.6  9.6-11.3-10.0 -7.1 28  0.0  0                        
082476121618106552メイショウフンケイ　　　　　　　　　 45.2  8.7-11.3-10.5 -7.3 28  0.0                           
082476121719102106ブリュットミレジメ　　　　　　　　　 40.6  7.9 -2.1  7.4  1.5 36  0.0                           
082476121819105298マイシンフォニー　　　　　　　　　　 25.7  5.2 -0.8-10.2 -3.4 32  0.0                           
