062325010120100923コンフィズリー　　　　　　　　　　　  3.5  1.3 12.0 20.7 11.2 16 18.8  1  174   49              
062325010220101228シグナルファイアー　　　　　　　　　 43.3  7.9 -8.1 -7.1 -5.0  0  0.0                           
062325010320104818レジュークレール　　　　　　　　　　  3.2  1.3 19.5 17.5 12.3 17  8.6                           
062325010420103180ミハルンルン　　　　　　　　　　　　 29.0  5.5 -2.8-10.3 -4.6  0  0.0                           
062325010520107218ミニクイアヒルノコ　　　　　　　　　 67.7 11.7-12.1 -5.8 -5.8 -1  0.0                           
062325010620101898サンバデルンバ　　　　　　　　　　　 12.9  2.9  8.9 11.3  6.8 12 10.9                           
062325010720101572スペシャリスト　　　　　　　　　　　  7.4  2.1  9.8 11.6  7.2 12  0.0                           
062325010820106024ナックダンス　　　　　　　　　　　　  3.1  1.3 21.0  7.1  8.9 14 15.9                           
062325010920103840サンデンロマン　　　　　　　　　　　 38.6  7.1-12.6-13.0 -8.5 -4  0.0                           
062325011020101341ムーランブルー　　　　　　　　　　　 16.7  3.5  9.2  8.2  5.8 11  0.0                           
062325011120103110ウィンクルティアラ　　　　　　　　　 22.8  4.5 -2.0-10.0 -4.3  1  0.0                           
062325011220100609テイエムエレガント　　　　　　　　　 42.3  7.8-11.6 -7.1 -6.1 -1  0.0                           
062325020120102731エコロドゥネス　　　　　　　　　　　  3.8  1.4 15.5 25.9 14.1 19 18.8                           
062325020220104438リーフカレント　　　　　　　　　　　 67.1 11.5 -6.5  1.2 -1.5  3  0.0                           
062325020320102468トーセンサウダージ　　　　　　　　　 18.1  3.7  7.3 -5.9  0.0  5  0.0                           
062325020420102299アシャカタカ　　　　　　　　　　　　  3.5  1.4 17.2 11.7  9.4 14  8.6                           
062325020520104114ロマンスハイウェイ　　　　　　　　　 48.3  8.7-11.6-11.6 -7.7 -3  0.0                           
062325020620102893ギフトオブザナイル　　　　　　　　　 38.9  7.1-10.6-12.5 -7.8 -3  0.0                           
062325020720107131フォーバーズ　　　　　　　　　　　　 39.3  7.2 -6.0 -0.6 -2.0  3  0.0  5                        
062325020820104029ノアローズ　　　　　　　　　　　　　 76.7 13.0-12.1  5.8 -1.5  3  0.0                           
062325020920101362モノノフレッド　　　　　　　　　　　 16.5  3.4  3.4-10.0 -2.6  2  0.0                           
062325021020104899ロワシュペール　　　　　　　　　　　 71.6 12.2 -9.3 -9.9 -6.4 -1  0.0                           
062325021120106977モイスチャー　　　　　　　　　　　　 46.8  8.4 -3.7 -7.1 -3.7  1  0.0                           
062325021220106818ルーチェステラーレ　　　　　　　　　  2.7  1.3 19.4  8.5  8.9 14 15.9                           
062325021320105491ニシノスイセイ　　　　　　　　　　　 33.0  6.1 -1.4 -2.0 -1.2  4  0.0                           
062325021420105291アルマセラフ　　　　　　　　　　　　 30.2  5.7-12.1-14.1 -8.8 -4  0.0                           
062325021520103960オメガキャプテン　　　　　　　　　　  7.9  2.1 13.5 11.0  8.1 13 10.1                           
062325021620105854トップビート　　　　　　　　　　　　176.9 29.2-11.6-14.7 -8.9 -4  0.0                           
062325030120101220マナキーアハ　　　　　　　　　　　　151.8 25.7-13.1-14.7 -9.3 -4  0.0                           
062325030220103087ラッキーコイン　　　　　　　　　　　  3.4  1.4 16.8 20.0 12.4 17  0.0                           
062325030320104498シゲルタイムフライ　　　　　　　　　 50.6  9.2-12.1-13.4 -8.5 -4  0.0                           
062325030420106551シャインフェーブス　　　　　　　　　 22.9  4.5 -0.7 -4.3 -1.8  3 12.2                           
062325030520106549イデアユウシン　　　　　　　　　　　 16.0  3.4 -5.2  4.3  0.0  5 11.6                           
062325030620105804マイネルアラウダ　　　　　　　　　　 30.6  5.8 -8.8  3.4 -1.4  4  0.0                           
062325030720105904ロケッツアン　　　　　　　　　　　　 52.0  9.5-11.6-10.0 -7.1 -2  0.0                           
062325030820104107ショウナンカブト　　　　　　　　　　  3.0  1.3 15.5  5.1  6.5 12 15.9                           
062325030920102185アッティラ　　　　　　　　　　　　　  8.0  2.2  9.6 14.3  8.1 13 10.1                           
062325031020104632ハッスルダンク　　　　　　　　　　　  4.7  1.6 21.6  7.0  9.0 14  9.4                           
062325031120107213グリューンヴァルト　　　　　　　　　 50.9  9.3-10.1-12.0 -7.4 -2  0.0                           
062325031220100859チェリーロシアン　　　　　　　　　　 53.4  9.7-11.6-11.7 -7.8 -3  0.0                           
062325031320101983クリノアルバトロス　　　　　　　　　 14.7  3.2  1.7-13.0 -4.3  1  0.0                           
062325031420106981アクラシア　　　　　　　　　　　　　122.3 20.8-12.1-10.8 -7.6 -3  0.0                           
062325031520103072フジマサメジャー　　　　　　　　　　 25.8  5.0 -3.7  5.5  0.9  6  0.0                           
062325031620104766タリスアマゾン　　　　　　　　　　　 23.1  4.6  3.3  8.5  4.1  9  0.0                           
062325040120105136テイエムスイスイ　　　　　　　　　　  5.3  1.7  9.8  4.3  4.5 10 10.1                           
062325040220106586ハクサンアイ　　　　　　　　　　　　 33.5  6.6 -4.6 -2.0 -2.1  3  0.0                           
062325040320102872シャドウダッチェス　　　　　　　　　  3.7  1.4 18.0 17.5 11.8 17  9.4                           
062325040420104351ブランディー　　　　　　　　　　　　 36.6  7.2 -0.4 -2.0 -0.9  4  0.0                           
062325040520104579ペイシャカリントウ　　　　　　　　　122.1 21.8-12.1 -7.1 -6.2 -1  0.0                           
062325040620105940ニシノトレンディー　　　　　　　　　  3.4  1.4 16.2 17.5 11.3 16 15.9                           
062325040720100143ディーズメイト　　　　　　　　　　　 14.4  3.3  8.5 14.4  7.8 13  0.0  5                        
062325040820100134リネンプラン　　　　　　　　　　　　 69.3 12.6-12.1 -7.7 -6.5 -1  0.0                           
062325040920105972ベルプリュネル　　　　　　　　　　　164.5 29.1-13.1-13.0 -8.7 -4  0.0                           
062325041020101463フクノヘップバーン　　　　　　　　　 73.3 13.3-11.6-11.3 -7.6 -3  0.0                           
062325041120104824シンデレラスマイル　　　　　　　　　 28.6  5.7  2.6 -9.4 -2.7  2  0.0                           
062325041220101052ルーラルハピネス　　　　　　　　　　  3.4  1.4 18.8 11.3  9.8 15  8.6                           
062325041320105151ミラクルキューブ　　　　　　　　　　106.4 19.1-12.1-10.0 -7.3 -2  0.0                           
062325041420109099メイレベッカ　　　　　　　　　　　　 17.7  3.9  1.3  7.8  3.3  8 11.5                           
062325041520101201ヴァルカン　　　　　　　　　　　　　 46.3  8.9 -8.1 -2.0 -3.2  2  0.0                           
062325041620102192キョウエイノーブル　　　　　　　　　 97.6 17.5-12.1-14.7 -9.0 -4  0.0                           
062325050120101794イーヴンキール　　　　　　　　　　　 86.3 15.3-12.1 -9.7 -7.2 -2  0.0                           
062325050220103225アルヴィエンヌ　　　　　　　　　　　  4.0  1.6 16.5 10.5  8.8 14  8.6                           
062325050320103800ランビリーゾ　　　　　　　　　　　　  6.2  1.9 12.0 13.9  8.7 14  9.4                           
062325050420104922トラファルガー　　　　　　　　　　　 93.3 16.5-11.6 -7.1 -6.1 -1  0.0                           
062325050520106974サムワンライクユー　　　　　　　　　 14.0  3.2  2.6 14.9  6.2 11  0.0                           
062325050620105653ラビットヘアー　　　　　　　　　　　 36.7  7.1-12.1  5.9 -1.5  4  0.0                           
062325050720102205キャラハンテソーロ　　　　　　　　　 93.9 16.6-11.6-10.0 -7.1 -2  0.0                           
062325050820110123レッドアーバイン　　　　　　　　　　 15.4  3.4  3.3 -1.7  0.4  5 13.0                           
062325050920105183ウインルピナス　　　　　　　　　　　  9.2  2.5  5.8  5.8  3.9  9  0.0                           
062325051020100045キラータイトル　　　　　　　　　　　 77.8 13.9-12.1-10.0 -7.3 -2  0.0                           
062325051120102530トーセンダビット　　　　　　　　　　 23.4  4.7 -9.3-11.3 -6.9 -2  0.0                           
062325051220103360ガレストロ　　　　　　　　　　　　　  2.8  1.4 19.4 12.4 10.4 15 15.9C 3                        
062325051320102533トーセンジュノ　　　　　　　　　　　 56.9 10.3-12.1-11.6 -7.9 -3  0.0                           
062325051420102895ロンギングタイム　　　　　　　　　　  7.7  2.2 16.2 16.8 11.0 16 10.1                           
062325051520101982クリノミスゴールド　　　　　　　　　202.4 35.1-12.1 -1.5 -4.2  1  0.0                           
062325051620100621マイバラード　　　　　　　　　　　　 13.7  3.1  4.7 17.7  7.9 13  0.0  5                        
062325060120105847サクラトップロール　　　　　　　　　 58.3  9.3-12.1-10.7 -7.6 -3  0.0                           
062325060220101351ヴェルティグレ　　　　　　　　　　　 15.1  3.0 -0.4 11.7  4.2  9 11.6                           
062325060320100570ツヴィリング　　　　　　　　　　　　 30.4  5.3 -2.4-10.0 -4.4  1  0.0                           
062325060420102090ノアタイクーン　　　　　　　　　　　 19.9  3.8 10.9 10.5  7.1 12 13.0                           
062325060520106371サンタモニカビーチ　　　　　　　　　 47.9  8.0-12.1 -5.1 -5.5 -1  0.0                           
062325060620103307コスタノヴァ　　　　　　　　　　　　 11.7  2.5 11.1 15.0  8.8 14 10.1  2                        
062325060720109038ショーネノー　　　　　　　　　　　　 15.1  3.0 -0.8  9.7  3.3  8  0.0                           
062325060820100675フリューゲル　　　　　　　　　　　　 39.6  6.7 -2.0  5.2  1.3  6  0.0                           
062325060920105850ミツカネアース　　　　　　　　　　　 67.8 10.7-12.1 -5.7 -5.7 -1  0.0                           
062325061020102375ニクソンテソーロ　　　　　　　　　　 65.4 10.4 -8.4 -2.0 -3.3  2  0.0                           
062325061120100459サクセスベージュ　　　　　　　　　　 14.1  2.8 -3.7-13.7 -6.1 -1  0.0                           
062325061220101655マンダリンボレロ　　　　　　　　　　  6.5  1.8 11.2 13.0  8.1 13  0.0                           
062325061320101742メイショウカガ　　　　　　　　　　　  7.7  2.0 11.6 10.6  7.4 12  9.4                           
062325061420106065ワラッテユルシテ　　　　　　　　　　 40.5  6.8-11.6-15.4 -9.1 -4  0.0  0                        
062325061520103289グランサバナ　　　　　　　　　　　　  1.8  1.2 21.2 22.4 14.6 20 15.9                           
062325061620106713ヴィアスパークル　　　　　　　　　　 79.6 12.5 -8.8-11.3 -6.8 -2  0.0                           
062325070120100520ベルウッドミカサ　　　　　　　　　　 45.1  7.9-12.1-10.8 -7.6 12  0.0                           
062325070220105836ゴールドレコーダー　　　　　　　　　 25.8  4.8 -6.3  6.2  0.4 20  0.0                           
062325070320104980ヒメナデシコ　　　　　　　　　　　　 14.0  3.0  4.3  3.8  2.7 23  0.0                           
062325070420106439ボーンイングランデ　　　　　　　　　 19.8  3.9  7.4 -0.8  1.9 22  0.0                           
062325070520101198メイテソーロ　　　　　　　　　　　　  2.8  1.2 13.7 13.6  9.1 29 15.9                           
062325070620102868ピクシレーション　　　　　　　　　　  3.3  1.3 20.1 21.8 14.0 34 18.8                           
062325070720105798マイネルカンパーナ　　　　　　　　　 25.5  4.8-12.1 -2.0 -4.4 16  0.0                           
062325070820107036マイネルビジョン　　　　　　　　　　 15.4  3.2  0.6 10.3  4.0 24  0.0                           
062325070920101199ロードプレイヤー　　　　　　　　　　  3.2  1.3 21.3 11.7 10.7 31  8.6                           
062325071020101598マジカルワード　　　　　　　　　　　 13.8  2.9  2.7 10.0  4.5 24 10.1                           
062325071120101187シャイニーゼネラル　　　　　　　　　 55.2  9.3-12.1 -6.8 -6.1 14  0.0                           
062325080119105399デュードメール　　　　　　　　　　　 14.4  3.1 -2.8  9.0  2.5 22  0.0                           
062325080218104014サクラファシナンテ　　　　　　　　　  3.5  1.4 16.6 19.8 12.2 32  8.7                           
062325080317101771ヤマニンエルモサ　　　　　　　　　　 27.2  5.1 -1.1 -2.0 -1.1 19  0.0                           
062325080419104128クイーンアポーン　　　　　　　　　　 12.8  2.8  6.7  3.8  3.4 23  0.0                           
062325080519103442クラリティスケール　　　　　　　　　  5.8  1.7 10.2 20.2 10.5 30  9.4                           
062325080619105180ミッテルライン　　　　　　　　　　　 14.2  3.0 -4.3 15.4  4.4 24 11.6                           
062325080719102747マキアージュ　　　　　　　　　　　　 14.3  3.0 -1.0  9.1  3.0 23 12.2                           
062325080818103430エスパダアスール　　　　　　　　　　 43.0  7.7-11.6  5.7 -1.4 19  0.0                           
062325080919103815スマイルアップ　　　　　　　　　　　  2.7  1.3 21.2 29.3 17.1 37 15.9                           
062325081018106602ビーマイベイビー　　　　　　　　　　 12.9  2.8  6.8  4.3  3.6 24  0.0                           
062325081119101615ハロースクロール　　　　　　　　　　 62.0 10.5 -4.5 -7.6 -4.1 16  0.0                           
062325081219106572グルノイユジョーヌ　　　　　　　　　 62.4 10.5-14.6 -3.9 -5.8 14  0.0                           
062325081317100141クィーンアドバンス　　　　　　　　　 20.1  4.0  7.1  1.7  2.8 23  0.0                           
062325090118104460サクセスエース　　　　　　　　　　　  9.2  2.5  2.0  6.0  2.8 33  0.0                           
062325090216104152トーアシオン　　　　　　　　　　　　 14.9  3.3  5.4  8.0  4.6 35 12.2                           
062325090317106722サイモンルモンド　　　　　　　　　　 82.0 14.5-12.1-12.0 -8.0 22  0.0                           
062325090417104238フームスムート　　　　　　　　　　　 24.1  4.8 -8.1  4.2 -0.9 29  0.0                           
062325090518102811スズノイナズマ　　　　　　　　　　　 60.1 10.8-12.1-10.0 -7.3 23  0.0                           
062325090616104845ガルヴィハーラ　　　　　　　　　　　 21.0  4.4  3.1 -0.8  0.6 31  0.0  5                        
062325090719104056トップオブジェラス　　　　　　　　　  3.0  1.4 21.2 24.7 15.4 45 15.9                           
062325090819100835オクトニオン　　　　　　　　　　　　 14.5  3.2  3.2 10.5  4.8 35  0.0                           
062325090919103346イスカンダル　　　　　　　　　　　　  3.5  1.5 17.1 21.6 13.1 43 17.3                           
062325091018110132アメリカンエール　　　　　　　　　　 36.5  7.0 -0.2  5.1  1.8 32  0.0                           
062325091119100286カンピオーネ　　　　　　　　　　　　  6.5  1.9 13.4 11.7  8.3 38 10.1                           
062325091217104776ジュールサイクル　　　　　　　　　　 47.1  8.8-12.1-13.6 -8.6 21  0.0                           
062325091319106765デアノヴァ　　　　　　　　　　　　　  6.4  1.9 10.5  6.0  5.3 35  0.0                           
062325091417104262タシロ　　　　　　　　　　　　　　　143.2 24.8-12.1 -5.7 -5.7 24  0.0                           
062325091518103194セイウンロミオ　　　　　　　　　　　 51.0  9.5-11.6-11.2 -7.6 22  0.0                           
062325100118103932フミロア　　　　　　　　　　　　　　 56.0 12.4-12.1-14.5 -8.9 26  0.0                           
062325100218100650ゼログラヴィティ　　　　　　　　　　  4.9  1.9  9.7 17.8  9.4 44 17.3                           
062325100317101693コスモカルナック　　　　　　　　　　 15.4  4.0  2.7  6.0  3.0 38  0.0                           
062325100417106087メイショウゲンセン　　　　　　　　　 37.9  8.8 -9.1-10.1 -6.4 29  0.0                           
062325100519105775ホウオウノーサイド　　　　　　　　　  6.7  2.3  7.0  1.9  2.8 38 10.1                           
062325100619105463レディバランタイン　　　　　　　　　 24.0  5.8 -1.3 -4.9 -2.2 33  0.0                           
062325100719101763グランアリエル　　　　　　　　　　　 36.0  8.4 -9.3-11.3 -6.9 28  0.0                           
062325100819105452ミッキーハーモニー　　　　　　　　　  4.4  1.8 18.1 19.6 12.6 48 15.9C 2                        
062325100919105237スリーパーダ　　　　　　　　　　　　 13.3  3.6 -2.8 -3.1 -2.0 33  0.0                           
062325101017106240アビエルト　　　　　　　　　　　　　 34.8  8.2 -7.0 -7.9 -5.0 30  0.0                           
062325101117102946オシリスブレイン　　　　　　　　　　 26.5  6.4 -6.6-11.2 -6.1 29  0.0                           
062325101218106077イルクオーレ　　　　　　　　　　　　  9.3  2.9  4.1 16.2  7.2 42  0.0                           
062325101318103926ショウナンラスボス　　　　　　　　　  5.9  2.1 13.3 20.2 11.4 46  0.0                           
062325101416104227ジョニーズララバイ　　　　　　　　　 57.1 12.6 -7.1 -5.7 -4.2 31  0.0                           
062325101518110037ブルースピリット　　　　　　　　　　  7.1  2.4  7.5 17.7  8.7 44 10.9                           
062325101618104347ユキノファラオ　　　　　　　　　　　 33.5  7.9 -6.0-12.4 -6.3 29  0.0                           
062325110117102406コトブキテティス　　　　　　　　　　 61.7 11.4-12.1-14.3 -8.9 41  0.0  0                        
062325110219106623クロスマジェスティ　　　　　　　　　 33.5  6.6-10.1 -7.1 -5.6 44  0.0                           
062325110317100006リノキアナ　　　　　　　　　　　　　 79.1 14.4-11.0 -7.5 -6.1 44  0.0                           
062325110419104074アートハウス　　　　　　　　　　　　  3.3  1.4 18.5 25.3 14.8 65 14.5                           
062325110516110115サトノセシル　　　　　　　　　　　　  8.8  2.5  7.8  9.7  5.9 56  0.0                           
062325110618104977シャーレイポピー　　　　　　　　　　 14.0  3.2 -3.0 -2.7 -1.9 48  0.0                           
062325110718105947エイシンチラー　　　　　　　　　　　 16.5  3.7  3.7 19.9  8.4 58  0.0                           
062325110818105269スルーセブンシーズ　　　　　　　　　  3.5  1.5 20.4  9.9  9.8 60 17.3                           
062325110917103201クリノプレミアム　　　　　　　　　　  6.0  1.9 11.9 15.6  9.3 59 18.8                           
062325111017104771ラルナブリラーレ　　　　　　　　　　 20.9  4.5-11.0-12.6 -7.9 42  0.0                           
062325111118100487スライリー　　　　　　　　　　　　　 26.3  5.4 -4.0 -1.3 -1.7 48  0.0                           
062325111219104124ストーリア　　　　　　　　　　　　　 12.8  3.0  0.3-12.7 -4.6 45 10.5                           
062325111318102035イリマ　　　　　　　　　　　　　　　 51.8  9.9 -2.3  4.7  1.0 51 14.7                           
062325111419100205ウインピクシス　　　　　　　　　　　  8.9  2.5 12.2  8.6  6.8 57  0.0                           
062325120119100053アレクサンドラ　　　　　　　　　　　 84.5 15.8-10.1-10.0 -6.7 23  0.0                           
062325120219109140ヒノクニ　　　　　　　　　　　　　　 66.7 12.6-10.2-10.0 -6.7 23  0.0                           
062325120319107075ブランデーロック　　　　　　　　　　  8.0  2.3 11.5 24.0 12.3 42 10.1                           
062325120419104962ウィリン　　　　　　　　　　　　　　  3.3  1.5 16.2 20.0 12.2 42  7.9                           
062325120518101679カシノフォワード　　　　　　　　　　 67.3 12.7-12.1 -1.5 -4.2 26  0.0                           
062325120618103485ジャガード　　　　　　　　　　　　　 64.7 12.2-12.1-10.0 -7.3 23  0.0                           
062325120719105238フリートオブフット　　　　　　　　　 13.8  3.3 -2.2  2.5  0.3 30  0.0                           
062325120818103902サウンドブライアン　　　　　　　　　 65.0 12.3-12.9-10.1 -7.6 22  0.0                           
062325120917101777ヤマニンプティパ　　　　　　　　　　 14.8  3.4  7.2  1.3  2.6 33  0.0                           
062325121014100050スズノフブキ　　　　　　　　　　　　 49.2  9.7-12.1-11.7 -7.9 22  0.0                           
062325121119101270ヨール　　　　　　　　　　　　　　　  6.8  2.1 16.9 16.1 11.0 41  9.4                           
062325121218101964アルムファーツリー　　　　　　　　　 12.5  3.0 -4.1 -1.0 -1.6 28  0.0                           
062325121319104386トーセンサンダー　　　　　　　　　　 14.1  3.3  7.9  3.5  3.7 34  0.0                           
062325121417101919コスモカッティーボ　　　　　　　　　 28.4  5.9-12.1 -7.8 -6.5 24  0.0                           
062325121519103136シゲルファンノユメ　　　　　　　　　 12.1  2.9 -1.5  3.8  0.9 31 10.9                           
062325121618104765イズンシーラブリー　　　　　　　　　  3.7  1.6 16.3 22.0 13.0 43 17.3                           
072321010120106830クラシカルタイプ　　　　　　　　　　 41.2  8.8-10.9-12.5 -7.7 -3  0.0                           
072321010220103347クレームブリュレ　　　　　　　　　　 79.9 15.9-10.6-15.0 -8.4 -3  0.0                           
072321010320106232ネモフィラ　　　　　　　　　　　　　 17.8  4.2 -0.8  7.5  2.0  7  0.0                           
072321010420103122レインボーウェザー　　　　　　　　　 19.8  4.6  1.3-20.0 -5.5 -1  0.0  0                        
072321010520102700センスオブピース　　　　　　　　　　 23.7  5.3 -7.7-15.0 -7.3 -2  0.0                           
072321010620104347スプル　　　　　　　　　　　　　　　  3.4  1.5 20.4  8.8 10.1 15 13.8                           
072321010720100975メイショウアサゴチ　　　　　　　　　 84.7 16.9-11.9-11.8 -7.9 -3  0.0                           
072321010820105867ネオアリシア　　　　　　　　　　　　  4.7  1.7 18.1 30.0 15.6 21 16.3                           
072321010920102678シュトラーセ　　　　　　　　　　　　 31.2  6.8-11.9-15.0 -8.9 -4  0.0                           
072321011020101574ギョウネン　　　　　　　　　　　　　 16.5  4.0 -3.7  7.5  0.9  6 14.0                           
072321011120102777ヴゼットマシェリ　　　　　　　　　　  6.2  2.0 10.1  9.6  6.6 12 17.5                           
072321011220106652セツナシュギ　　　　　　　　　　　　 62.0 12.5-10.9-12.5 -7.7 -3  0.0                           
072321011320102773ラプンタ　　　　　　　　　　　　　　 23.3  5.2  2.1  7.5  3.0  8  0.0                           
072321011420104356ルナスティール　　　　　　　　　　　 38.0  8.1-11.9-15.0 -8.9 -4  0.0                           
072321011520105055ドナルビー　　　　　　　　　　　　　  4.5  1.7 14.3 15.0  9.7 15  0.0                           
072321011620102057ジンフィンドール　　　　　　　　　　 11.8  3.0  4.2-12.5 -2.2  3  0.0                           
072321020120102153クリノトンイ　　　　　　　　　　　　 32.2  6.1-12.8-15.0 -9.2 -4  0.0                           
072321020220105933ダンツセリカ　　　　　　　　　　　　 32.5  6.2-11.9-19.8-10.3 -5  0.0  0                        
072321020320101123サクセスハチハチ　　　　　　　　　　  4.5  1.6 15.6  1.8  6.3 11  0.0                           
072321020420100857アオシロツルバミ　　　　　　　　　　 33.4  6.3-10.9-12.5 -7.7 -3  0.0                           
072321020520107203イツモハラペコ　　　　　　　　　　　  2.5  1.3 22.1 30.0 17.1 22 13.8                           
072321020620110092アヘッド　　　　　　　　　　　　　　  6.3  1.9 12.2  9.9  7.4 12  0.0  5                        
072321020720101766ミヤジシャルマン　　　　　　　　　　  5.4  1.7 17.8 17.5 11.8 17 16.3  4                        
072321020820105381パーティーキング　　　　　　　　　　 26.1  5.1 -4.3  7.5  0.7  6 21.3                           
072321020920103880エンシャントヌーン　　　　　　　　　 26.4  5.1 -6.9-15.0 -7.0 -2 15.8                           
072321021020105868ロッシーニ　　　　　　　　　　　　　 30.6  5.9 -7.4-12.5 -6.5 -1  0.0                           
072321021120110059リマスタリング　　　　　　　　　　　 14.4  3.2 -0.5-12.5 -3.9  1  0.0                           
072321021220110148シティオブハンター　　　　　　　　　 22.8  4.5 -4.6  7.5  0.6  6  0.0                           
072321021320100440メイショウヤッコ　　　　　　　　　　 34.8  6.6-11.9-15.0 -8.9 -4  0.0                           
072321021420106856ラヴァドーム　　　　　　　　　　　　 26.7  5.2 -0.2  8.7  2.5  8  0.0  5                        
072321030120102693ビヴァアカプルコ　　　　　　　　　　 22.6  4.3  2.1-12.5 -3.0  2  0.0                           
072321030220105878アルファゼウス　　　　　　　　　　　 30.1  5.5 -7.9  1.6 -2.4  3  0.0  5                        
072321030320105699カシノビルボード　　　　　　　　　　 60.9 10.2-10.9-12.5 -7.7 -3  0.0                           
072321030420103614ラクサパーナ　　　　　　　　　　　　 11.3  2.5 11.6  7.5  6.5 12  0.0                           
072321030520103913カガカーニバル　　　　　　　　　　　 49.5  8.6-10.9-12.5 -7.7 -3  0.0                           
072321030620102636アンスリウム　　　　　　　　　　　　  5.9  1.7  8.0-12.5 -0.8  4 16.3                           
072321030720102557アモ　　　　　　　　　　　　　　　　 42.9  7.6-10.9-12.5 -7.7 -3  0.0                           
072321030820101443キタノトパーズ　　　　　　　　　　　 52.8  9.2-10.9-12.5 -7.7 -3  0.0                           
072321030920103984グラスヴィガー　　　　　　　　　　　 29.5  5.4 -3.1  7.5  1.1  6  0.0                           
072321031020101316プロスパーバイオ　　　　　　　　　　 65.2 10.9-12.8-15.0 -9.2 -4  0.0                           
072321031120102234クリノコンドル　　　　　　　　　　　 40.2  7.1-12.8-15.0 -9.2 -4  0.0                           
072321031220104099マーシヴィガラス　　　　　　　　　　 13.4  2.9  9.1 15.0  7.8 13 18.8                           
072321031320101292ボナンザ　　　　　　　　　　　　　　  2.2  1.2 22.7 30.0 17.3 22 13.8                           
072321031420101791ヴァイキングムーン　　　　　　　　　 14.0  2.9  5.2 12.5  5.7 11  0.0                           
072321031520105888イナホ　　　　　　　　　　　　　　　 29.3  5.4-10.9  7.5 -1.7  3  0.0                           
072321031620103056ヴァルダリス　　　　　　　　　　　　  4.7  1.6 15.7 15.0 10.3 15 10.5                           
072321040120105365ドーバーホーク　　　　　　　　　　　  6.0  2.2  7.8 18.8  8.5 13  0.0                           
072321040220105299リアライズ　　　　　　　　　　　　　  4.8  2.0 15.6 30.0 14.7 20  0.0                           
072321040320106900アームテイル　　　　　　　　　　　　 23.3  6.0-10.9-12.5 -7.7 -3  0.0                           
072321040420107145プリモカヴァロ　　　　　　　　　　　 41.3 10.1 -3.1  9.0  1.6  7  0.0                           
072321040520100179ウインフィエルテ　　　　　　　　　　 28.2  7.1-12.8 -9.0 -7.4 -2  0.0                           
072321040620100795ベルタソ　　　　　　　　　　　　　　  6.6  2.4  9.7 12.0  7.2 12 17.5  5                        
072321040720101679シゲルノヴァ　　　　　　　　　　　　 25.4  6.5 -9.1 11.9  0.2  5  0.0  5                        
072321040820103365ウィズダムハート　　　　　　　　　　 18.8  5.0 -4.9-15.0 -6.3 -1  0.0                           
072321040920104906キタノシェイク　　　　　　　　　　　118.5 27.0-10.9-12.5 -7.7 -3  0.0                           
072321041020104863ビーアイブラック　　　　　　　　　　 33.0  8.2-11.9-15.0 -8.9 -4  0.0                           
072321041120101034アイアンムーン　　　　　　　　　　　 52.8 12.7-11.0-15.0 -8.5 -4  0.0                           
072321041220100739グランヴェリア　　　　　　　　　　　 40.7  9.9-12.8-15.0 -9.2 -4  0.0                           
072321041320106036タガノマカロン　　　　　　　　　　　 67.9 15.7-11.9-15.0 -8.9 -4  0.0                           
072321041420104769コロル　　　　　　　　　　　　　　　 62.2 14.5-12.8-15.0 -9.2 -4  0.0                           
072321041520101653モズマーカッシン　　　　　　　　　　  7.6  2.6 11.0 15.0  8.5 14 14.0                           
072321041620101624ワールドペコ　　　　　　　　　　　　  9.5  3.1 -5.7-15.0 -6.6 -2 21.3                           
072321041720110066ガルミッシュ　　　　　　　　　　　　  6.5  2.4  9.5  5.7  5.2 10  0.0                           
072321041820104372リトルココン　　　　　　　　　　　　  6.8  2.4 17.0  9.0  8.9 14 18.8                           
072321050120105073ガットネロ　　　　　　　　　　　　　  2.7  1.4 16.1 15.0 10.4 15 13.8                           
072321050220104887ドゥワー　　　　　　　　　　　　　　 23.5  5.0-10.9-12.5 -7.7 -3  0.0                           
072321050320103889アーテルナイト　　　　　　　　　　　  6.7  2.1 12.6 22.5 11.4 16  0.0                           
072321050420103665モンテコルノ　　　　　　　　　　　　  5.3  1.8 14.0  9.0  7.8 13 15.0                           
072321050520107194ザレットイットビー　　　　　　　　　 72.0 13.6-11.9-12.5 -8.1 -3  0.0                           
072321050620101642ジューンフリーダム　　　　　　　　　 39.6  8.0  0.5  9.0  2.9  8  0.0                           
072321050720105281コンピートバーチェ　　　　　　　　　 47.1  9.4-11.9-16.4 -9.3 -4  0.0  0                        
072321050820104010ヤマカツラナウェイ　　　　　　　　　 87.2 16.3-11.9-15.0 -8.9 -4  0.0                           
072321050920102383パールテソーロ　　　　　　　　　　　  8.5  2.4  6.5-12.5 -1.4  4  0.0                           
072321051020106145ナムラマイケル　　　　　　　　　　　  8.6  2.5  3.2 30.0 10.2 15  0.0                           
072321051120100981メイショウアヤカゼ　　　　　　　　　 72.0 13.6-10.6-11.8 -7.4 -2  0.0                           
072321051220106952ロードディライト　　　　　　　　　　 61.5 11.7-11.9-15.0 -8.9 -4  0.0                           
072321051320103064ミサイルビスケッツ　　　　　　　　　 63.0 12.0-10.9-12.5 -7.7 -3  0.0                           
072321051420106190トップガン　　　　　　　　　　　　　 44.6  8.9-11.8 -9.0 -7.0 -2  0.0                           
072321051520104266ブライトジュエリー　　　　　　　　　 11.0  2.7 12.0  4.4  5.7 11 20.0                           
072321051620102552クラウドセイル　　　　　　　　　　　 12.5  3.0 14.4 18.0 10.7 16 14.9                           
072321051720105851フェスティヴチャン　　　　　　　　　 31.2  6.4-10.9  7.5 -1.7  3  0.0                           
072321051820104480オフィスバトル　　　　　　　　　　　 61.6 11.7-11.9-15.0 -8.9 -4  0.0                           
072321060120106896メイショウポペット　　　　　　　　　  4.3  1.7 19.1  3.8  8.1 28 15.0                           
072321060220110053ノイジーアプローチ　　　　　　　　　 24.5  5.6-10.9-12.5 -7.7 12  0.0                           
072321060320105540アルムエアフォルク　　　　　　　　　 12.5  3.2  0.7-15.0 -4.2 16  0.0                           
072321060420105638インザビギニング　　　　　　　　　　  3.9  1.6 14.3 24.0 12.4 32  9.6  3                        
072321060520110130ボールドゾーン　　　　　　　　　　　  5.1  1.8 14.8  7.5  7.7 28 16.3                           
072321060620101591ソッコータルマカ　　　　　　　　　　  5.2  1.9 16.6 30.0 15.1 35 17.5                           
072321060720101036マテンロウガイ　　　　　　　　　　　 18.8  4.5 -0.8 12.7  3.5 24  0.0                           
072321060820100903サンデーヒーロー　　　　　　　　　　 11.8  3.1 -4.7  9.0  1.0 21  0.0                           
072321060920101938ペイシャハヤブサ　　　　　　　　　　 35.1  7.7-12.8-20.0-10.7  9  0.0                           
072321061020106941スペンサーバローズ　　　　　　　　　 15.3  3.8 -3.5-12.5 -5.0 15  0.0                           
072321061120102594ユアフラッシュ　　　　　　　　　　　 48.9 10.5-11.9-15.0 -8.9 11  0.0                           
072321061220104940マコトヴィクラント　　　　　　　　　 18.1  4.4 -7.9 -7.5 -5.1 15  0.0                           
072321061320100931メイトースイ　　　　　　　　　　　　 24.1  5.5 -8.0-15.0 -7.4 13  0.0                           
072321070115105026シエラネバダ　　　　　　　　　　　　 23.8  4.9 -7.9 -9.3 -5.7 14  0.0                           
072321070219100808ブルーゲート　　　　　　　　　　　　  8.5  2.4 10.4 12.5  7.6 28  0.0                           
072321070318105814マケルナマサムネ　　　　　　　　　　  4.5  1.6 14.5 30.0 14.3 34 15.0                           
072321070419100773マイネルカグラ　　　　　　　　　　　 18.4  4.0 -7.5-12.5 -6.5 14  0.0                           
072321070517104623ハナビマンカイ　　　　　　　　　　　 23.1  4.8-11.9 -9.0 -7.1 13  0.0                           
072321070619104569フジマサフリーダム　　　　　　　　　  5.4  1.7 12.5 15.0  9.1 29 12.3                           
072321070719101421ニジイロノコマ　　　　　　　　　　　 29.8  5.9 -6.1  7.5  0.0 20  0.0                           
072321070819104520コントゥラット　　　　　　　　　　　  4.6  1.6 19.5 15.0 11.6 32 16.3                           
072321070918102917ネイチャーシップ　　　　　　　　　　  2.7  1.3 16.4 18.8 11.7 32 13.8                           
072321071018104791タイセイアーサー　　　　　　　　　　 22.6  4.7 -4.0-12.5 -5.2 15  0.0                           
072321071117100368ロックグラス　　　　　　　　　　　　 33.3  6.6-12.8-19.8-10.6  9  0.0  0                        
072321080118103264マイバウム　　　　　　　　　　　　　 32.5  5.7-10.9  7.5 -1.7 18  0.0                           
072321080219104303ミニョンルミエール　　　　　　　　　  7.2  1.9  9.6  2.0  4.1 24  0.0                           
072321080318103023チョモランマ　　　　　　　　　　　　 48.9  8.2 -7.4-12.5 -6.5 14  0.0                           
072321080419104491ミッキーブンブン　　　　　　　　　　 16.6  3.3  3.9  7.5  3.7 24  0.0                           
072321080518103537ワンダーウォール　　　　　　　　　　 50.7  8.5-10.9-12.5 -7.7 12  0.0                           
072321080619106459コパノキャスター　　　　　　　　　　 26.0  4.7-12.8-15.0 -9.2 11  0.0                           
072321080719101999ジョーコモド　　　　　　　　　　　　  7.2  1.9  9.5 24.8 10.9 31 17.5  2                        
072321080819100275キガサ　　　　　　　　　　　　　　　 26.8  4.8  0.8  7.5  2.5 23  0.0                           
072321080919105578ヴラディア　　　　　　　　　　　　　 19.7  3.8 -7.5-12.5 -6.5 14  0.0                           
072321081019105029ロックバウンド　　　　　　　　　　　  3.2  1.4 15.3 17.5 10.9 31 15.0  3                        
072321081119100353テーオーインパクト　　　　　　　　　 27.9  5.0-11.9  9.8 -1.4 19  0.0  5                        
072321081218101997カズカポレイ　　　　　　　　　　　　  2.6  1.3 21.7 22.5 14.7 35 13.8                           
072321081319100722フリューゲルホルン　　　　　　　　　 11.9  2.5 11.6  2.9  5.1 25 13.1                           
072321090118103920ノックオンウッド　　　　　　　　　　 14.2  3.5 -7.5 16.2  2.1 32  0.0                           
072321090216102483ハクサンライラック　　　　　　　　　  7.2  2.3 13.5 15.0  9.4 39 12.3                           
072321090318105955エイシンヒビキ　　　　　　　　　　　116.5 22.8-12.8-15.0 -9.2 21  0.0                           
072321090418105151イルデレーヴ　　　　　　　　　　　　  6.0  2.0 13.8 18.0 10.5 40 16.3                           
072321090519103692トウカイファクター　　　　　　　　　 16.5  3.9  5.2-12.5 -1.8 28  0.0                           
072321090618103087ウェーブメジャー　　　　　　　　　　 51.6 10.7-10.6-15.0 -8.4 22  0.0                           
072321090717101591サクセスリボーン　　　　　　　　　　 39.1  8.3 -9.4 -3.0 -4.3 26  0.0                           
072321090819103040ティントリップ　　　　　　　　　　　  4.1  1.6 10.2 15.0  8.2 38 15.0                           
072321090916100418シンゼンブースター　　　　　　　　　 82.8 16.4-12.8-15.0 -9.2 21  0.0                           
072321091019101107ファーストリッキー　　　　　　　　　 41.6  8.8-11.9-15.0 -8.9 21  0.0                           
072321091115101903デルマカミカゼ　　　　　　　　　　　 13.8  3.4 -7.9-15.0 -7.4 23  0.0                           
072321091218110017スカイナイル　　　　　　　　　　　　 13.6  3.4 -3.7  1.9 -0.8 29  0.0                           
072321091316102801ロングファイナリー　　　　　　　　　 25.1  5.6 -7.7-15.0 -7.3 23  0.0                           
072321091419103902メイショウヒヅクリ　　　　　　　　　 11.8  3.0  9.9  3.8  4.8 35  0.0                           
072321091519107016ウナギノボリ　　　　　　　　　　　　  3.6  1.6 19.9 31.2 16.7 47 13.8  1  172   40              
072321091619104842ボルタドマール　　　　　　　　　　　 37.5  8.0-10.9  7.5 -1.7 28  0.0                           
072321100118102718ヘネラルカレーラ　　　　　　　　　　  2.8  1.3 21.5 12.7 11.7 42 13.8                           
072321100218105408シンシアリダーリン　　　　　　　　　  6.8  1.9  4.2  9.0  4.2 34  0.0                           
072321100317106570サマービート　　　　　　　　　　　　 14.2  3.0-10.9  7.5 -1.7 28  0.0                           
072321100418106154エスコバル　　　　　　　　　　　　　  3.2  1.4 17.8 20.3 12.6 43 15.0                           
072321100519104767ヴェールランス　　　　　　　　　　　  6.5  1.8  9.9  6.1  5.5 35 17.5                           
072321100619104929エコルフリューゲル　　　　　　　　　 15.1  3.1  4.4-12.5 -2.1 28  0.0                           
072321100718103730タイセイドリーマー　　　　　　　　　 24.6  4.6 -7.9-15.0 -7.4 23  0.0                           
072321100818105338マッハモンルード　　　　　　　　　　  5.7  1.7 15.8 18.0 11.2 41 11.4                           
072321100918100190アトミックフレア　　　　　　　　　　 23.0  4.3-12.8-15.0 -9.2 21  0.0                           
072321110117101731ダイシンイナリ　　　　　　　　　　　 50.9 10.5-11.9-20.0-10.4 25  0.0                           
072321110219105913ライラボンド　　　　　　　　　　　　 28.6  6.2 -2.0-12.5 -4.5 31  0.0                           
072321110318105214サトノアポロン　　　　　　　　　　　 11.3  2.9  2.3 30.0  9.8 45  0.0                           
072321110419100510キタノブレイド　　　　　　　　　　　 53.1 11.0 -7.5  7.5 -0.5 35  0.0                           
072321110517100461ワンスカイ　　　　　　　　　　　　　 27.1  5.9 -7.5-12.5 -6.5 29  0.0                           
072321110618104233スマイルミュ　　　　　　　　　　　　130.4 25.3-10.9-12.5 -7.7 27  0.0                           
072321110719103529アルファマム　　　　　　　　　　　　  5.8  1.9  9.9 15.0  8.1 43 11.4                           
072321110818103301テイエムアトム　　　　　　　　　　　  9.0  2.6 12.6  7.5  6.9 42 20.0                           
072321110917105058ライフレッスンズ　　　　　　　　　　 43.2  9.1-10.9 -4.3 -5.3 30  0.0                           
072321111018103150レイニーデイ　　　　　　　　　　　　  8.3  2.5  9.4-12.5 -0.3 35  0.0                           
072321111118104959ラフストリーム　　　　　　　　　　　  8.4  2.5 10.8 15.0  8.5 43 18.8                           
072321111215110063フォルツァエフ　　　　　　　　　　　 51.9 10.7 -6.8-20.0 -8.5 27  0.0                           
072321111319101741イグザルト　　　　　　　　　　　　　  3.5  1.5 11.9 12.5  8.1 43 13.8                           
072321111415104887ナンヨープランタン　　　　　　　　　 26.5  5.8-11.9 -9.5 -7.2 28  0.0                           
072321111518101514ラヴケリー　　　　　　　　　　　　　  4.2  1.7  5.8  9.0  4.8 40  0.0                           
072321111616110070ララクリュサオル　　　　　　　　　　 32.2  6.9 -7.9-15.0 -7.4 28  0.0                           
072321120119105334イヴィステラ　　　　　　　　　　　　  4.3  1.7 13.7 18.8 10.7 31 15.0                           
072321120219103555ハッピープリベイル　　　　　　　　　 32.3  7.3 -3.2-12.5 -4.9 15  0.0                           
072321120318105183インテグリフォリア　　　　　　　　　 13.5  3.5 -6.5-12.5 -6.1 14  0.0                           
072321120419104529シュガービート　　　　　　　　　　　 36.8  8.2-10.9-12.5 -7.7 12  0.0                           
072321120517105471ゴルトファルベン　　　　　　　　　　  8.3  2.6  4.0 22.5  8.2 28  0.0                           
072321120618100658コスモノート　　　　　　　　　　　　 22.1  5.2  3.0 12.5  4.8 25  0.0                           
072321120719104764ジェットグリッター　　　　　　　　　 39.3  8.7 -4.6 -9.0 -4.4 16  0.0                           
072321120817103328ウインドラブリーナ　　　　　　　　　 22.6  5.3 -7.7-15.0 -7.3 13  0.0                           
072321120917104674ヒューミリティ　　　　　　　　　　　  7.2  2.3  6.5 25.0  9.9 30 12.3                           
072321121019106615ウイングスオブラヴ　　　　　　　　　 27.0  6.2-11.9-15.0 -8.9 11  0.0                           
072321121119104850バレエマスター　　　　　　　　　　　  6.1  2.1 10.1 17.0  8.8 29 16.3                           
072321121219106086ニホンピロポート　　　　　　　　　　 12.0  3.1 -1.0-15.0 -4.9 15  0.0                           
072321121318105965エイシンディアデム　　　　　　　　　127.0 25.9-10.9-12.5 -7.7 12  0.0                           
072321121419105487アドマイヤジェイ　　　　　　　　　　  4.0  1.7 21.9  2.7  8.8 29 13.8                           
072321121517102855オーロアドーネ　　　　　　　　　　　 18.1  4.4-10.9-12.5 -7.7 12  0.0                           
072321121619100794マイネルエール　　　　　　　　　　　 62.1 13.0 -7.5-12.5 -6.5 14  0.0                           
092319010120101790ヴァイタリティ　　　　　　　　　　　 43.3  9.2-11.0-11.1 -7.4 -2  0.0                           
092319010220101852ニードレストゥセイ　　　　　　　　　 12.1  3.1  8.4 -6.1  1.3  6  0.0                           
092319010320107214コーリンラズベリー　　　　　　　　　 11.4  3.0  6.0  1.4  2.6  8  0.0                           
092319010420104463カーメルビーチ　　　　　　　　　　　 49.2 10.4-11.8-10.3 -7.4 -2  0.0                           
092319010520103618マコトエトルリア　　　　　　　　　　 37.1  8.0-11.0 -7.5 -6.3 -1  0.0                           
092319010620102635エーテルノカゼ　　　　　　　　　　　  6.2  2.1 11.2  9.9  7.1 12 14.4  5                        
092319010720103214グレンハイウェイ　　　　　　　　　　 48.6 10.3-11.0-10.2 -7.1 -2  0.0                           
092319010820103969ヨウシタンレイ　　　　　　　　　　　  3.3  1.5 17.4 19.7 12.3 17 16.2                           
092319010920103991タマモネモフィラ　　　　　　　　　　 20.0  4.7 -7.2-13.8 -6.8 -2  0.0                           
092319011020104267ベラストレーガ　　　　　　　　　　　 81.1 16.3-11.0-10.3 -7.1 -2  0.0                           
092319011120104660ホットチョコ　　　　　　　　　　　　 24.4  5.5  0.2-15.1 -4.5  1  0.0                           
092319011220105122ドリーミーバローズ　　　　　　　　　 61.9 12.6-11.0-10.2 -7.1 -2  0.0                           
092319011320102050サンポーニャ　　　　　　　　　　　　  4.9  1.8 13.5 15.6  9.6 15 17.7 1                         
092319011420106932リリノエ　　　　　　　　　　　　　　  8.1  2.5 12.1 16.6  9.4 14  0.0                           
092319011520102746ヨシノレジェンド　　　　　　　　　　 69.0 14.0 -8.5-11.7 -6.6 -2  0.0                           
092319011620103631ゴレアドール　　　　　　　　　　　　  5.9  2.0  7.4 16.8  7.8 13 19.1                           
092319020120104565ニホンピロアレイ　　　　　　　　　　 32.1  7.5-11.8-19.4-10.1 -5  0.0                           
092319020220101379ホッコーソムニウム　　　　　　　　　  6.2  2.1 11.3 10.8  7.4 12  0.0                           
092319020320103555ジャスティンユウジ　　　　　　　　　  4.3  1.7 13.6 11.4  8.4 13  0.0                           
092319020420106905メイショウランザン　　　　　　　　　 23.4  5.6 -5.1 -0.8 -2.1  3  0.0                           
092319020520105057マヒート　　　　　　　　　　　　　　 29.4  6.9-11.0-11.1 -7.4 -2  0.0                           
092319020620104854ストーンヘンジ　　　　　　　　　　　  4.6  1.8 15.1 18.9 11.2 16 12.4                           
092319020720101286ナムラアンソニー　　　　　　　　　　  4.7  1.8 13.4 19.3 10.7 16 19.1                           
092319020820103642スカーズ　　　　　　　　　　　　　　  5.2  1.9 15.1  8.2  8.0 13 20.6  5                        
092319020920106639カビーリア　　　　　　　　　　　　　 26.5  6.3 -8.5 -9.8 -6.1 -1  0.0                           
092319021020102566サーキュレイト　　　　　　　　　　　 32.9  7.6 -4.2 -6.9 -3.6  1  0.0                           
092319021120102586キールロワイヤル　　　　　　　　　　 20.1  5.0 -1.9 -1.8 -1.2  4 25.0                           
092319021220101698シゲルスゴウデ　　　　　　　　　　　 57.6 12.5-11.0-13.1 -8.0 -3  0.0                           
092319021320103177ミマンキ　　　　　　　　　　　　　　  8.5  2.7  5.7 11.6  5.6 11  0.0                           
092319030120110001ポテンザ　　　　　　　　　　　　　　 12.1  2.7  2.2 -3.1 -0.1  5  0.0                           
092319030220109168カシノジャッカル　　　　　　　　　　 45.1  8.2-11.8-10.8 -7.6 -3  0.0                           
092319030320102335サンライズサターン　　　　　　　　　 24.1  4.7-11.0-11.7 -7.5 -3  0.0                           
092319030420110109トリプルループ　　　　　　　　　　　  7.1  2.0 11.5 19.8 10.2 15 19.1                           
092319030520106327プラチナリボン　　　　　　　　　　　103.4 17.5-11.0-13.1 -8.0 -3  0.0                           
092319030620104650トモジャケーヤ　　　　　　　　　　　  2.8  1.4 19.1  9.6  9.9 15 16.2                           
092319030720105166サウンドレーヴ　　　　　　　　　　　 41.4  7.6 -8.8-12.3 -6.9 -2  0.0                           
092319030820103531フローラルハニー　　　　　　　　　　 42.1  7.7-11.0-13.1 -8.0 -3  0.0                           
092319030920103294クロニオス　　　　　　　　　　　　　 21.1  4.2 -1.1  9.1  2.3  7  0.0                           
092319031020110077モンテルナ　　　　　　　　　　　　　 19.0  3.9 -0.8  5.4  1.3  6  0.0                           
092319031120101792プロスペリダード　　　　　　　　　　 13.1  2.9 -1.2 -7.5 -2.7  2  0.0                           
092319031220106404ヴェッキオカズマ　　　　　　　　　　 50.5  9.1-11.0-10.2 -7.1 -2  0.0                           
092319031320102309サンライズオルク　　　　　　　　　　 84.2 14.3-11.0-13.3 -8.0 -3  0.0                           
092319031420106408ペプチドタイガー　　　　　　　　　　  3.5  1.5 17.5 16.5 11.4 16 12.4                           
092319031520100906フライングブレード　　　　　　　　　 13.3  2.9  6.0  9.8  5.1 10  0.0                           
092319031620102990シャドウレディー　　　　　　　　　　 15.3  3.3  7.7  9.1  5.6 11 25.0                           
092319040120101281リボンピーチ　　　　　　　　　　　　 13.3  2.7  7.6 -6.7  0.8  6  0.0                           
092319040220104171グァルジャー　　　　　　　　　　　　  2.8  1.3 19.1 21.3 13.4 18 16.2                           
092319040320105600ヤマニンブルトンヌ　　　　　　　　　 36.7  6.1-11.0-14.9 -8.5 -4  0.0                           
092319040420101621ラーク　　　　　　　　　　　　　　　 40.0  6.6-11.0-16.0 -8.8 -4  0.0                           
092319040520103725ロベリア　　　　　　　　　　　　　　 15.0  3.0 -3.6 -5.0 -2.8  2  0.0                           
092319040620104772ランスオブサターン　　　　　　　　　  8.1  2.0  8.6 16.5  8.1 13 19.1                           
092319040720106035タガノエリザベス　　　　　　　　　　 18.7  3.5 -7.9-16.0 -7.7 -3  0.0                           
092319040820100208フクノカトレア　　　　　　　　　　　 13.7  2.7  3.5 12.6  5.1 10  0.0                           
092319040920106837ウィンウッドテール　　　　　　　　　 13.2  2.7 10.7 10.2  7.0 12  0.0                           
092319041020101804リスクテイカー　　　　　　　　　　　 30.9  5.3 -5.1-10.2 -4.9  0  0.0                           
092319041120100166パラディ　　　　　　　　　　　　　　  2.8  1.3 19.8 17.8 12.6 18 17.7                           
092319041220106950レッツゴーローズ　　　　　　　　　　 14.5  2.9  2.6  8.3  3.4  8 17.5                           
092319050120100894ヨドノストロング　　　　　　　　　　 48.6 10.6-10.1 -9.6 -6.6 -2  0.0                           
092319050220105633リビアングラス　　　　　　　　　　　  4.3  1.7 17.0 20.5 12.4 17 17.7                           
092319050320104483スリラー　　　　　　　　　　　　　　 82.1 16.9-11.0-10.2 -7.1 -2  0.0                           
092319050420107098テイエムシャー　　　　　　　　　　　 23.6  5.5-11.0 -6.5 -6.0 -1  0.0                           
092319050520100681ジーニアスバローズ　　　　　　　　　  4.8  1.8 12.1 14.8  8.9 14  0.0                           
092319050620101931ランヴァル　　　　　　　　　　　　　  4.0  1.6 13.7  7.6  7.3 12 16.2                           
092319050720104224ニホンピロアリー　　　　　　　　　　 44.0  9.6-10.1-19.4 -9.5 -5  0.0                           
092319050820103358ブリックスダール　　　　　　　　　　 12.6  3.3  2.8  9.1  3.8  9  0.0                           
092319050920103707マテンロウレガシー　　　　　　　　　 12.0  3.1 -4.8 -5.2 -3.3  2 23.5                           
092319051020103193シャンデルナゴル　　　　　　　　　　 12.9  3.3  7.5 -2.7  1.9  7  0.0                           
092319051120106844ウォーターフルール　　　　　　　　　  8.0  2.5  5.6-10.1 -1.0  4  0.0                           
092319051220103186ヴォレトンクール　　　　　　　　　　 18.4  4.5  2.2  7.4  3.0  8 19.6                           
092319051320109047ディヴァインアロー　　　　　　　　　 52.9 11.4-10.1 -5.5 -5.4  0  0.0                           
092319051420103114ルージュメイベル　　　　　　　　　　  8.7  2.7 10.3 12.8  7.6 13  0.0                           
092319051520105842ヘアピンシュプール　　　　　　　　　 63.4 13.2-11.8-16.0 -9.1 -4  0.0                           
092319060120107170マインインパクト　　　　　　　　　　 29.0  5.7-11.2-10.6 -7.3 13  0.0                           
092319060220100958ミシェラドラータ　　　　　　　　　　 35.6  6.9-10.1-11.6 -7.2 13  0.0                           
092319060320106561ニシノベストワン　　　　　　　　　　 16.8  3.7  0.8 -1.9 -0.3 20  0.0                           
092319060420103255トゥーテイルズ　　　　　　　　　　　  7.5  2.2 10.4 13.5  7.9 28 15.4                           
092319060520104530モズスナイパー　　　　　　　　　　　 32.2  6.3-10.1-12.8 -7.5 12  0.0  0                        
092319060620103386メモリーズオブユー　　　　　　　　　  7.5  2.2  5.6 22.3  8.7 29  0.0                           
092319060720103471テンノメッセージ　　　　　　　　　　  5.0  1.7 14.1 14.2  9.4 29 19.1                           
092319060820103577ポルカリズム　　　　　　　　　　　　  6.5  2.0  9.5 18.6  9.1 29 20.6                           
092319060920104013プッシュオン　　　　　　　　　　　　  4.5  1.6 10.6 11.4  7.3 27  0.0                           
092319061020103279ショーモン　　　　　　　　　　　　　  2.6  1.3 20.9 20.5 13.8 34 16.2                           
092319070119104721ピラティス　　　　　　　　　　　　　  4.0  1.5 15.4 10.9  8.9 29 17.7                           
092319070219104053テーオートルネード　　　　　　　　　 15.5  3.7  0.2-16.0 -4.7 15  0.0                           
092319070319104000タイキスパルタン　　　　　　　　　　 28.8  6.1 -5.1 -7.2 -4.0 16  0.0                           
092319070419100195ウインバリオス　　　　　　　　　　　 16.1  3.8 -2.3  5.1  0.7 21  0.0                           
092319070519100943サードフォース　　　　　　　　　　　 23.7  5.1 -8.5 -5.5 -4.8 15  0.0                           
092319070619106153ルクスレガート　　　　　　　　　　　  8.0  2.4 12.1  5.9  6.2 26  0.0                           
092319070718102133マイネルグスタフ　　　　　　　　　　 23.6  5.1-11.0  1.8 -3.5 17  0.0                           
092319070818101198タイセイアーメット　　　　　　　　　 13.9  3.3  8.0 15.4  7.6 28 15.4                           
092319070918101032スキピオ　　　　　　　　　　　　　　  3.4  1.5 21.9 12.3 11.7 32 16.2                           
092319071019103468スナークユウマ　　　　　　　　　　　 40.2  8.3-11.8-13.6 -8.4 12  0.0  0                        
092319071119101200リンドラゴ　　　　　　　　　　　　　 16.2  3.8 -1.9  4.4  0.6 21  0.0                           
092319071219104346エトワールジェンヌ　　　　　　　　　  4.5  1.6 11.6 15.7  9.0 29 19.1                           
092319071319103583クレスケンスルーナ　　　　　　　　　 18.7  4.3 -7.8  5.8 -1.1 19  0.0                           
092319080113106474ケンホファヴァルト　　　　　　　　　 15.8  3.4  9.1  6.8  5.4 35  0.0                           
092319080216103444ニシノデイジー　　　　　　　　　　　  2.8  1.3 19.7 18.1 12.7 43 16.2                           
092319080316101149ロードアクア　　　　　　　　　　　　  9.4  2.5  0.6 -1.5 -0.2 30  0.0                           
092319080416104844ポルトラーノ　　　　　　　　　　　　 26.5  5.2 -9.5 -3.9 -4.7 25  0.0                           
092319080516100598マッスルビーチ　　　　　　　　　　　 17.6  3.7 -5.0-12.6 -5.6 24  0.0                           
092319080616102056レオビヨンド　　　　　　　　　　　　 20.1  4.2  6.9  0.8  2.8 33  0.0                           
092319080717105587ミッキーメテオ　　　　　　　　　　　  3.8  1.4 12.2 16.7  9.5 39 17.7                           
092319080816102075マーニ　　　　　　　　　　　　　　　 36.4  6.9-11.8 -8.6 -6.9 23  0.0                           
092319080916103252ジェミニキング　　　　　　　　　　　 25.0  4.9  1.5 11.7  4.1 34  0.0                           
092319081012103532マイネルレオーネ　　　　　　　　　　 14.6  3.2  7.6  9.5  5.6 36 15.4                           
092319081117106553ゼノヴァース　　　　　　　　　　　　  4.1  1.5 14.8 14.0  9.6 40 19.1                           
092319081214100814マイネルパラディ　　　　　　　　　　 28.5  5.5-11.0-11.7 -7.5 22  0.0                           
092319090120103453ダノンペドロ　　　　　　　　　　　　 13.0  3.2 -0.2  6.5  1.9 22  0.0                           
092319090220105750マイネルメモリー　　　　　　　　　　 12.3  3.1 -0.4  6.6  1.8 22  0.0                           
092319090320103370ミッキーキャンバス　　　　　　　　　  3.5  1.5 17.8 22.1 13.2 33 16.2                           
092319090420104731サインポール　　　　　　　　　　　　 48.9 10.1-12.8-10.5 -7.8 12  0.0                           
092319090520100734サヴォーナ　　　　　　　　　　　　　  5.5  1.9 11.1 14.2  8.3 28 19.1                           
092319090620101587ガルムキャット　　　　　　　　　　　 26.2  5.7-11.0-10.1 -7.1 13  0.0                           
092319090720104764ウェイビー　　　　　　　　　　　　　 40.2  8.4 -7.9-11.3 -6.3 14  0.0                           
092319090820101921コレオグラファー　　　　　　　　　　 25.8  5.6 -3.7 -4.8 -2.8 17  0.0                           
092319090920103436ネビュルーズ　　　　　　　　　　　　  6.8  2.1  3.2  7.2  3.3 23 14.4                           
092319091020103473サトノグランツ　　　　　　　　　　　  4.0  1.6 15.1 14.8 10.0 30 17.7  4                        
092319091120104302スマートファントム　　　　　　　　　  8.0  2.4 11.4  6.1  6.0 26  0.0                           
092319091220102870ブレイヴロッカー　　　　　　　　　　 11.0  2.8  7.7-15.0 -1.7 18  0.0                           
092319100119103358ストロングウィル　　　　　　　　　　  5.0  1.8 14.2 15.6  9.9 45 17.7                           
092319100219105546マテンロウスカイ　　　　　　　　　　  8.1  2.4  9.4 10.9  6.7 42  0.0                           
092319100317106012ダッチマン　　　　　　　　　　　　　 38.0  7.7-11.0-11.7 -7.5 27  0.0                           
092319100418104261プラチナトレジャー　　　　　　　　　 20.1  4.5 -9.5-11.8 -7.0 28  0.0                           
092319100518104944エイカイステラ　　　　　　　　　　　 11.1  2.7  3.2  4.6  2.6 38  0.0                           
092319100616106292オールイズウェル　　　　　　　　　　 26.3  5.5  3.5  3.7  2.4 37  0.0                           
092319100718104800ギャラントウォリア　　　　　　　　　 18.4  4.1 -7.7 -4.0 -4.0 31  0.0                           
092319100817105321アステロイドベルト　　　　　　　　　 22.4  4.8 -6.8  0.0 -2.5 33  0.0                           
092319100917101695シンボ　　　　　　　　　　　　　　　  7.1  2.1  9.6 13.0  7.4 42 14.4                           
092319101019105065パラレルヴィジョン　　　　　　　　　  2.8  1.4 19.1 20.6 13.2 48 16.2                           
092319101119105482アサヒ　　　　　　　　　　　　　　　 15.2  3.5 -7.1 -6.2 -4.5 31  0.0                           
092319101219101670メモリーレゾン　　　　　　　　　　　  6.2  2.0 13.9 11.4  8.5 44 19.1                           
092319110117100604レディオマジック　　　　　　　　　　 44.2  9.5-11.8 -4.2 -5.6 39  0.0                           
092319110218105158デュアリスト　　　　　　　　　　　　  6.7  2.2 11.9 10.1  7.4 52  0.0                           
092319110319105972ジレトール　　　　　　　　　　　　　  8.5  2.6  3.5 11.9  4.9 50  0.0                           
092319110417103504スリーグランド　　　　　　　　　　　 82.8 16.8-11.0  6.7 -2.0 43  0.0                           
092319110517101534オーヴァーネクサス　　　　　　　　　 13.7  3.4  6.9 -2.9  1.7 47 28.0                           
092319110619101889コンバスチョン　　　　　　　　　　　 12.9  3.3 -9.0-10.6 -6.5 39  0.0                           
092319110719105079ドンフランキー　　　　　　　　　　　  2.9  1.5 21.0 21.7 14.2 59 11.3                           
092319110816105537オメガレインボー　　　　　　　　　　  7.1  2.3 12.2 11.9  8.0 53 19.1                           
092319110917101719タガノビューティー　　　　　　　　　  8.2  2.5  4.8 24.7  9.2 54 20.6                           
092319111018103774レディバグ　　　　　　　　　　　　　 47.2 10.1-11.0  0.0 -4.0 41  0.0                           
092319111117106084メイショウテンスイ　　　　　　　　　 30.7  6.8  4.5 -7.1 -0.5 45  0.0                           
092319111216102633ブルベアイリーデ　　　　　　　　　　 11.9  3.1  0.7-12.7 -3.6 41  0.0                           
092319111318105954エイシンギアアップ　　　　　　　　　 13.4  3.4  7.3 24.0  9.9 55  0.0  3                        
092319111416104435ミッキーブリランテ　　　　　　　　　 28.5  6.4 -7.9 -4.9 -4.4 41  0.0                           
092319111517110120ピンシャン　　　　　　　　　　　　　 75.8 15.4-11.0-11.3 -7.4 38  0.0                           
092319111617101380ベルダーイメル　　　　　　　　　　　 36.6  8.0-11.8-15.0 -8.8 36  0.0                           
092319120119110084キミコソシャチョウ　　　　　　　　　 35.2  6.8 -5.1 -2.5 -2.6 27  0.0                           
092319120218101746タイスケフェイス　　　　　　　　　　 19.4  4.1 -1.9-10.1 -3.7 26  0.0                           
092319120319100108プリモスペランツァ　　　　　　　　　  3.5  1.4 14.5 17.9 10.7 41 17.7                           
092319120418102041ブルレスカ　　　　　　　　　　　　　 29.5  5.8  0.7-10.8 -3.0 27  0.0                           
092319120518103993キゾク　　　　　　　　　　　　　　　 42.5  8.0-11.0-11.3 -7.4 23  0.0                           
092319120618104503アンクラウデッド　　　　　　　　　　 12.8  2.9 -1.0  6.4  1.6 32  0.0                           
092319120719105211スーパーチーフ　　　　　　　　　　　  4.1  1.5 16.6 16.6 11.1 41 19.1                           
092319120818104148アシタガアルサ　　　　　　　　　　　 31.4  6.1-11.2-10.6 -7.3 23  0.0                           
092319120919100876セブンスレター　　　　　　　　　　　  8.0  2.2 11.2  9.4  6.9 37  0.0                           
092319121019104460オブジェダート　　　　　　　　　　　  3.1  1.3 16.8 18.7 11.8 42 16.2                           
092319121117105895イルミネーター　　　　　　　　　　　 34.4  6.6-11.0  4.0 -2.8 27  0.0                           
092319121217105597アドマイヤベネラ　　　　　　　　　　 10.6  2.5  7.7  7.6  5.1 35 15.4                           
