052542010123105162コパノエイダン　　　　　　　　　　　  9.0  2.6 10.1  7.3  5.7 11 21.7                           
052542010223104534カナデライド　　　　　　　　　　　　 43.8  9.0-11.6-20.0-10.8 -6  0.0  0                        
052542010323110047ホワイトナイル　　　　　　　　　　　 17.1  4.0 -1.0 -4.4 -1.9  3  0.0  0                        
052542010423106357ビースタニング　　　　　　　　　　　 85.6 16.6-11.6-10.0 -7.1 -2  0.0                           
052542010523110051ドナシェーン　　　　　　　　　　　　  5.0  1.7 20.2 10.7 10.0 15 18.8                           
052542010623104309エスシーレイジュ　　　　　　　　　　 41.4  8.6-12.1 -9.6 -7.2 -2  0.0                           
052542010723110104エコロシード　　　　　　　　　　　　  7.0  2.2 16.2 16.3 10.8 16  0.0  1  129   72              
052542010823104150カセノアステリア　　　　　　　　　　 14.3  3.5 -0.9 -2.2 -1.1  4  0.0                           
052542010923102699トコシエノヒトミ　　　　　　　　　　 51.7 10.6 -6.5 -2.8 -3.0  2  0.0                           
052542011023103365ヘリテージブルーム　　　　　　　　　  3.7  1.5 14.1  6.4  6.6 12  0.0                           
052542011123105578ワールドブレイヴ　　　　　　　　　　 34.0  7.2-12.1-10.0 -7.3 -2  0.0                           
052542011223101146アンプイットアップ　　　　　　　　　  3.8  1.5 13.6  7.4  6.8 12 17.3 1                         
052542011323102486フィールドアピール　　　　　　　　　 24.2  5.3  0.0  6.0  2.2  7  0.0                           
052542011423110008モーゲンセン　　　　　　　　　　　　 18.8  4.3 -1.2  9.7  3.2  8  0.0  5                        
052542011523105015タマコロリン　　　　　　　　　　　　 41.1  8.5-11.6-10.0 -7.1 -2  0.0                           
052542011623105996ビップレオン　　　　　　　　　　　　 68.6 13.4-10.3-11.0 -7.1 -2  0.0                           
052542020123103447セキテイリノ　　　　　　　　　　　　  8.8  2.2 11.2 20.0 10.7 16  0.0  4                        
052542020223104491コスモクラシック　　　　　　　　　　  9.0  2.2  6.8 12.5  6.6 12  0.0                           
052542020323102843ムーングレイル　　　　　　　　　　　  4.4  1.4 13.7  8.0  7.0 12 17.3                           
052542020423102431ナデシコ　　　　　　　　　　　　　　 52.7  8.7-11.6-10.0 -7.1 -2  0.0                           
052542020523106241ナムラパピ　　　　　　　　　　　　　 42.8  7.2-15.0-12.1 -8.9 -4  0.0                           
052542020623102619ナハトナナレオン　　　　　　　　　　 14.6  2.9  6.1  6.0  4.0  9  0.0                           
052542020723103603レッドジェルブロワ　　　　　　　　　  4.8  1.5 16.5 19.6 12.1 17  9.4  2                        
052542020823101473ソロイノシタク　　　　　　　　　　　 47.1  7.9-10.3 -2.0 -3.8  1  0.0                           
052542020923107154ラフターラインズ　　　　　　　　　　  2.1  1.2 21.9 18.2 13.2 18 15.9                           
052542021023106058ダノンドナウ　　　　　　　　　　　　 13.4  2.8 10.1 10.2  6.8 12 11.6                           
052542021123103934ルディドゥゲンジ　　　　　　　　　　 43.2  7.3-15.0-11.4 -8.7 -4  0.0                           
052542030123101827ヨドノティアラ　　　　　　　　　　　  7.6  2.4  9.9 11.0  7.0 12  0.0                           
052542030223104616シシリアンキッス　　　　　　　　　　 45.2  9.6-12.1 -2.0 -4.4  1  0.0                           
052542030323104697セイウンシシマイ　　　　　　　　　　130.0 25.7 -8.7 -6.8 -5.1  0  0.0                           
052542030423106484フェーダーローター　　　　　　　　　 99.0 19.7-12.1-18.1-10.3 -5  0.0                           
052542030523101271ニシノゴージャス　　　　　　　　　　 44.5  9.5-11.6-10.0 -7.1 -2  0.0                           
052542030623103195ノーブルラホーヤ　　　　　　　　　　 46.5  9.9 -9.8-10.0 -6.6 -2  0.0                           
052542030723104317ダイシンレスター　　　　　　　　　　  6.2  2.0 -0.4 15.2  5.5 10 10.1                           
052542030823106586ロット　　　　　　　　　　　　　　　 61.4 12.5 -8.8  4.7 -0.9  4  0.0                           
052542030923102896カラーオブサクセス　　　　　　　　　  4.0  1.6 12.0 12.1  8.0 13  0.0                           
052542031023106437リュウセイコウテイ　　　　　　　　　  6.9  2.2 12.1 17.1  9.9 15 10.9                           
052542031123106777ジェンダウィナー　　　　　　　　　　211.1 41.3-12.1-10.0 -7.3 -2  0.0                           
052542031223106025レヴェンドール　　　　　　　　　　　  5.8  2.0 10.4 13.0  7.9 13  9.4                           
052542031323106608エレクトロン　　　　　　　　　　　　 21.1  4.9  2.2 -2.0 -0.1  5 13.0                           
052542031423100283アドミ　　　　　　　　　　　　　　　  3.8  1.6  9.7 16.9  9.1 14  0.0                           
052542031523105702レディアエラ　　　　　　　　　　　　 23.7  5.3 -0.7  5.1  1.7  7 13.7                           
052542031623104160シンハ　　　　　　　　　　　　　　　 20.2  4.7 -1.7  2.7  0.5  5 12.2                           
052542031723100614エルリオ　　　　　　　　　　　　　　109.1 21.6-10.3-10.0 -6.8 -2  0.0                           
052542040121101711ピコイチ　　　　　　　　　　　　　　 32.6  5.4 -6.0  4.8  0.0  0  0.0                           
052542040219105140カレンマックナイト　　　　　　　　　 27.8  4.7 -0.9 -6.1 -2.5 -3  0.0                           
052542040318104261プラチナトレジャー　　　　　　　　　  2.3  1.2 19.4 21.2 13.6 14 15.9                           
052542040421101250シェアホルダーズ　　　　　　　　　　 52.3  8.3-12.1 -9.6 -7.2 -7  0.0                           
052542040520102452フェスティヴビーム　　　　　　　　　  7.8  2.0 14.3 11.5  8.5  9 10.1                           
052542040621104267ナムラドーギー　　　　　　　　　　　 19.2  3.5  2.2  7.1  3.3  3  0.0                           
052542040720102956ブライテストドーン　　　　　　　　　 26.5  4.5 -7.1-11.0 -6.2 -6  0.0                           
052542040819100135タイセイジャスパー　　　　　　　　　 14.6  2.8  7.7  6.4  4.7  5  0.0                           
052542040918102917ネイチャーシップ　　　　　　　　　　  6.8  1.8 10.0 24.0 11.8 12  9.4                           
052542041018103902サウンドブライアン　　　　　　　　　 37.5  6.1-12.9-10.1 -7.6 -8  0.0                           
052542041120100948ウォーターリーダー　　　　　　　　　 29.6  5.0-10.0 -1.9 -3.7 -4  0.0                           
052542041222103855ケイアイカラキア　　　　　　　　　　 48.9  7.8-12.1-12.7 -8.3 -8  0.0                           
052542041319102803ワンダージュノ　　　　　　　　　　　 50.0  8.0-10.0-10.1 -6.7 -7  0.0                           
052542041419106821ファベル　　　　　　　　　　　　　　  3.3  1.4 22.3 15.8 12.5 12 17.3                           
052542050123101215グリーンガーネット　　　　　　　　　 35.8  7.1 -1.9 -7.5 -3.3 -3  0.0  0                        
052542050223107171ピュアエンブレム　　　　　　　　　　 20.5  4.4 -3.0  0.0 -0.9 -1  0.0                           
052542050323106419コスモヘリアンサス　　　　　　　　　 98.3 18.0-12.6 -8.7 -7.0 -7  0.0                           
052542050423107105ルージュバロン　　　　　　　　　　　  6.4  2.0 11.6  9.2  6.9  7  0.0                           
052542050523102034ヴェリタスポルタ　　　　　　　　　　 63.2 11.8 -8.4 -7.5 -5.3 -5  0.0                           
052542050623105378ゴーイントゥスカイ　　　　　　　　　  3.7  1.5 18.7 13.0 10.4 10  8.6                           
052542050723101917マイネルアイフェル　　　　　　　　　 27.4  5.6-12.1-12.7 -8.3 -8  0.0                           
052542050823104471チアファンファーレ　　　　　　　　　 12.6  3.0  2.6 10.9  4.8  5 11.6                           
052542050923100862ゴールデンボート　　　　　　　　　　 52.4 10.1-10.3  6.1 -0.9 -1  0.0                           
052542051023104531ロイヤルヤマト　　　　　　　　　　　 23.8  5.0 -0.4-10.7 -4.0 -4  0.0                           
052542051123107084ベンティガスエルテ　　　　　　　　　 11.3  2.7  8.9  4.1  4.2  4  0.0                           
052542051223104737レッツゴーファイト　　　　　　　　　 62.8 11.7-12.1 -8.5 -6.7 -7  0.0                           
052542051323106939アッパーウォーター　　　　　　　　　  3.2  1.4 18.8 13.5 10.6 11 15.9                           
052542051423106422マイネルオラクル　　　　　　　　　　 76.5 14.1-11.6-10.0 -7.1 -7  0.0                           
052542051523101102ミスターライト　　　　　　　　　　　  4.6  1.6 17.6 16.5 11.3 11 18.8  3                        
052542060123103088トウシンライオット　　　　　　　　　 25.2  5.1 -8.6 -8.0 -5.5 -6  0.0                           
052542060223106350グラスハーティー　　　　　　　　　　 14.1  3.2  3.7  9.6  4.6  5  0.0                           
052542060323104614ゲームカレンダー　　　　　　　　　　 45.2  8.6 -8.5 -1.7 -3.2 -3  0.0                           
052542060423103954アースジャッジ　　　　　　　　　　　 25.3  5.1 -1.1 -2.8 -1.4 -1  0.0                           
052542060523102345ライブリピュア　　　　　　　　　　　 70.7 12.7-11.6 -8.0 -6.4 -6  0.0                           
052542060623106958ガーディアンテイル　　　　　　　　　 14.4  3.2  6.3  6.0  4.1  4  0.0                           
052542060723105995ビップルーク　　　　　　　　　　　　103.6 18.3-12.1-10.0 -7.3 -7  0.0                           
052542060823105216リアライズガイザー　　　　　　　　　  2.4  1.3 22.6 16.2 12.7 13 15.9                           
052542060923100722マーガレットクレア　　　　　　　　　 10.7  2.6  5.5 -3.9  0.2  0  0.0                           
052542061023102123テキサスバローズ　　　　　　　　　　  6.2  1.9  8.0 17.5  8.8  9  9.4                           
052542061123105753アデルフィー　　　　　　　　　　　　  6.8  2.0 16.3 13.8  9.9 10 10.1                           
052542061223102118レガーメ　　　　　　　　　　　　　　 28.6  5.7 -7.7  6.1 -0.1  0  0.0                           
052542061323100291ウインビギニング　　　　　　　　　　  5.5  1.8 12.9 13.6  8.9  9 17.3 1                         
052542061423104437ナックステート　　　　　　　　　　　128.2 22.5-12.1 -6.8 -6.1 -6  0.0                           
052542061523104141セイカスサノオ　　　　　　　　　　　 86.4 15.4-12.1-15.1 -9.2 -9  0.0  0                        
052542061623106596トントンビョウシ　　　　　　　　　　 53.0  9.9 -8.5 -2.0 -3.3 -3  0.0                           
052542070121105077レイククレセント　　　　　　　　　　  3.5  1.5 15.5 17.5 11.1 31 15.9                           
052542070220103844フリントロック　　　　　　　　　　　 57.8 11.3-11.6-13.5 -8.4 12  0.0                           
052542070321106308カイトグート　　　　　　　　　　　　 27.8  5.9-10.3  5.4 -1.1 19  0.0                           
052542070422106065ホリーアン　　　　　　　　　　　　　 35.0  7.3 -6.7 -2.9 -3.1 17  0.0                           
052542070522100540ニシノタンギー　　　　　　　　　　　 48.7  9.8-12.1-12.4 -8.2 12  0.0                           
052542070622102635バンブルビー　　　　　　　　　　　　  6.6  2.1 18.0 18.9 12.3 32 10.1                           
052542070722100511サザンティスプーン　　　　　　　　　  8.9  2.6 11.1  8.9  6.6 27 10.8                           
052542070820102741アサクサヴィーナス　　　　　　　　　 21.6  4.7  0.1 -6.7 -2.4 18  0.0  0                        
052542070920101598マジカルワード　　　　　　　　　　　102.2 19.4-11.6-10.5 -7.3 13  0.0                           
052542071021105533サトノジール　　　　　　　　　　　　 24.6  5.3-10.3 -0.2 -3.2 17  0.0                           
052542071122101362シャルパンティエ　　　　　　　　　　 58.8 11.4-12.1-15.1 -9.2 11  0.0  0                        
052542071222105429チギリ　　　　　　　　　　　　　　　 13.6  3.3  8.4  2.3  3.4 23 11.6  5                        
052542071322105972シホリーン　　　　　　　　　　　　　  3.9  1.6 17.2 18.1 11.8 32  8.7                           
052542071422100216アルマグラース　　　　　　　　　　　 58.1 11.3-12.1-12.4 -8.2 12  0.0                           
052542071522101259ショウナンマリーナ　　　　　　　　　 32.2  6.7 -0.9 -2.0 -1.0 19  0.0                           
052542071622102696ラブリーガール　　　　　　　　　　　  5.4  1.8 12.4 20.1 11.1 31  0.0                           
052542071719104746イヴニングスター　　　　　　　　　　 91.9 17.5-12.1  6.1 -1.4 19  0.0                           
052542071820102674スペルキャスター　　　　　　　　　　 87.5 16.7-12.1-11.4 -7.8 12  0.0                           
052542080121106683ジーティームテキ　　　　　　　　　　 63.4 10.4-12.1 -1.4 -4.1 16  0.0                           
052542080222101388ベストシーン　　　　　　　　　　　　  3.6  1.4 15.3 18.4 11.3 31  8.6                           
052542080320102552クラウドセイル　　　　　　　　　　　 28.2  5.1 -8.5 -2.0 -3.3 17  0.0                           
052542080422104093ガラク　　　　　　　　　　　　　　　  6.3  1.8 13.0  9.0  7.2 27  9.4                           
052542080521106840パーセルペーパー　　　　　　　　　　 21.0  4.1 -6.6  3.2 -0.8 19  0.0                           
052542080622105499プリンセスロロ　　　　　　　　　　　 36.3  6.4 -8.9-10.2 -6.4 14  0.0                           
052542080722106757ベストレーサー　　　　　　　　　　　 18.8  3.7  0.4  9.3  3.5 24  0.0  5                        
052542080822104666カザンラク　　　　　　　　　　　　　  6.4  1.8 14.5 12.5  8.9 29 10.1                           
052542080922105070ジャサルディア　　　　　　　　　　　  2.5  1.3 21.5 15.0 11.9 32 15.9C                          
052542081022100466ディナーラッシュ　　　　　　　　　　 25.9  4.8 -4.1 -8.1 -4.2 16  0.0                           
052542081122101569ハットメリリー　　　　　　　　　　　 73.1 11.9-11.6-13.5 -8.4 12  0.0                           
052542081221105168クイーンズワーフ　　　　　　　　　　 19.9  3.9 -3.3  8.0  1.9 22 11.6                           
052542081322100765リケアキャンディ　　　　　　　　　　 34.5  6.1 -2.4 13.7  4.3 24  0.0                           
052542081420103160ケイツークローン　　　　　　　　　　 20.8  4.0 -3.0 16.5  5.2 25  0.0                           
052542090120102631ラッジオ　　　　　　　　　　　　　　 19.5  5.0-12.1-10.5 -7.5 23  0.0                           
052542090222104050プチプラージュ　　　　　　　　　　　198.0 42.9-14.3-10.0 -8.0 22  0.0                           
052542090322101629クレオズニードル　　　　　　　　　　 14.6  3.9  3.5 -2.0  0.3 30  0.0                           
052542090421110003アンドアイラヴハー　　　　　　　　　 17.9  4.6 -9.3 -6.1 -5.0 25  0.0                           
052542090522104918チューラワンサ　　　　　　　　　　　  4.3  1.8 20.8 28.9 16.8 47  8.0  1  140   57              
052542090619104818メイケイバートン　　　　　　　　　　 26.2  6.4 -0.3 -3.4 -1.3 29  0.0  0                        
052542090721104200サクセスカラー　　　　　　　　　　　  5.5  2.0 10.3 13.4  8.0 38  8.6                           
052542090821110023エクストラバック　　　　　　　　　　 14.2  3.8 -4.4  7.4  1.4 31  0.0                           
052542090921110039コーティアスマナー　　　　　　　　　 40.7  9.6 -0.9 -7.9 -3.2 27  0.0                           
052542091022104588タイセイカレント　　　　　　　　　　 15.0  4.0  0.2-11.1 -4.0 26  0.0                           
052542091121103486ホウオウシェリー　　　　　　　　　　 20.4  5.2 -7.1-12.4 -6.7 23  0.0                           
052542091222105807パワースナッチ　　　　　　　　　　　  5.5  2.0 10.4  7.2  5.8 36  9.4                           
052542091322110056フードマン　　　　　　　　　　　　　  8.5  2.8 10.6  0.4  3.3 33 10.8                           
052542091420105951ヴェンチュラムーン　　　　　　　　　 79.6 17.6-11.6-12.8 -8.2 22  0.0                           
052542091520103634ミスヨコハマ　　　　　　　　　　　　 50.2 11.7 -8.8-16.1 -8.5 21  0.0  0                        
052542091620103534ジュドー　　　　　　　　　　　　　　109.7 24.1-12.1-11.2 -7.7 22  0.0                           
052542091722104163オンザブルースカイ　　　　　　　　　 58.1 13.0-12.9-10.1 -7.6 22  0.0                           
052542091822101573ポッドロワール　　　　　　　　　　　  6.8  2.3 13.6 19.7 11.3 41 20.2                           
052542100121101235ゴールデンオスカー　　　　　　　　　  6.5  2.1 11.7 13.5  8.5 43  8.7                           
052542100221110127テリフィックプラン　　　　　　　　　  2.7  1.4 19.1 15.9 11.6 47 15.9C                          
052542100319106691ビーアイオラクル　　　　　　　　　　 19.4  4.5 -2.1 -3.6 -2.0 33  0.0                           
052542100418110117フランスゴデイナ　　　　　　　　　　 43.4  9.0 -9.9-15.3 -8.6 26  0.0                           
052542100521100170ヴァンドーム　　　　　　　　　　　　 11.4  2.9 10.3  5.3  5.0 40 11.5                           
052542100621105750アルゴナヴィス　　　　　　　　　　　  8.6  2.5  9.1  4.2  4.3 39 10.1                           
052542100719102143フルオール　　　　　　　　　　　　　  8.7  2.6 15.6 10.1  8.4 43 10.9  1  193   36              
052542100821105120グラウンドビート　　　　　　　　　　 27.9  6.0 -2.3  3.0  0.4 35  0.0                           
052542100920102161サノノエスポ　　　　　　　　　　　　 57.2 11.4-12.1-13.9 -8.7 26  0.0                           
052542101018101989ジョディーズマロン　　　　　　　　　 12.6  3.1  5.0  0.1  1.5 37  0.0                           
052542101120103566シェットランド　　　　　　　　　　　 71.0 13.9-11.6-10.1 -7.2 28  0.0                           
052542101220104708ウィステリアリヴァ　　　　　　　　　 47.1  9.7-12.1 -6.7 -6.1 29  0.0  0                        
052542101320106873オウギノカナメ　　　　　　　　　　　 15.7  3.7 -6.8-13.1 -6.8 28  0.0                           
052542101420106552ルーンファクター　　　　　　　　　　 38.0  8.0-12.1-13.1 -8.4 27  0.0                           
052542101520110120ガンウルフ　　　　　　　　　　　　　  7.4  2.3 12.9  9.2  7.2 42  0.0                           
052542101621105831グラヴィス　　　　　　　　　　　　　 32.4  6.9-12.9-11.1 -7.9 27  0.0                           
052542110118104708ロングラン　　　　　　　　　　　　　 25.1  4.9  0.1-10.0 -3.6 51  0.0                           
052542110220100680エルトンバローズ　　　　　　　　　　  6.6  1.9 11.1 15.2  8.9 64 20.6                           
052542110321104324ディマイザキッド　　　　　　　　　　 17.1  3.6  0.1 16.5  6.1 61  0.0                           
052542110420103672ラファドゥラ　　　　　　　　　　　　 24.1  4.7-12.1-12.8 -8.3 47  0.0                           
052542110520103331ジェイパームス　　　　　　　　　　　 45.8  8.4-10.7 -8.0 -6.1 49  0.0  3                        
052542110621105643チェルヴィニア　　　　　　　　　　　  3.6  1.4 16.2 17.4 11.2 66 17.3  2                        
052542110720105424シルトホルン　　　　　　　　　　　　 18.0  3.7 -4.9 -8.5 -4.6 50  0.0                           
052542110820103941ホウオウビスケッツ　　　　　　　　　  5.0  1.6 15.1 13.9  9.6 65  9.4  5                        
052542110920102078レーベンスティール　　　　　　　　　  9.5  2.5  3.7  8.3  4.2 59  0.0                           
052542111022101420サトノシャイニング　　　　　　　　　  2.8  1.3 18.5 27.6 15.7 71 16.2                           
052542111121104094シリウスコルト　　　　　　　　　　　 17.7  3.7 -8.5 -2.0 -3.3 52 12.2                           
052542120121105716アージェント　　　　　　　　　　　　  4.9  1.6  9.1 29.4 13.5 44 17.3                           
052542120221101106スマートスピア　　　　　　　　　　　  7.0  2.0  8.8  4.2  4.2 34 10.1                           
052542120320102896ロミオボス　　　　　　　　　　　　　 27.0  5.3-12.1-12.0 -8.0 22  0.0                           
052542120421102982ベルダイナフェロー　　　　　　　　　 38.2  7.2-12.9-10.1 -7.6 22  0.0                           
052542120520104126サラサハウプリティ　　　　　　　　　 79.4 13.8-12.9-10.1 -7.6 22  0.0                           
052542120620102711ノルドヴェスト　　　　　　　　　　　 13.1  2.9  9.6  7.6  5.7 36 10.9                           
052542120722104605ショウナンヤッホー　　　　　　　　　 18.5  3.9  5.5-10.7 -2.3 28  0.0                           
052542120821102280デビッドテソーロ　　　　　　　　　　 59.7 10.6-11.6-20.0-10.8 19  0.0  0                        
052542120922105776グレイスザクラウン　　　　　　　　　  5.6  1.7 18.4  7.6  8.3 38  0.0                           
052542121020102724クールブロン　　　　　　　　　　　　 45.4  8.4-12.9-10.1 -7.6 22  0.0                           
052542121122105798オンザスクエア　　　　　　　　　　　 20.1  4.2 -5.0 -2.0 -2.2 28  0.0                           
052542121221104365リュウノタブーク　　　　　　　　　　 23.9  4.7  4.9  1.0  1.8 32  0.0                           
052542121317105433ヤウガウ　　　　　　　　　　　　　　 47.4  8.8-10.3-11.5 -7.3 23  0.0                           
052542121422105564ファリーザ　　　　　　　　　　　　　  2.4  1.3 20.8 20.0 13.6 44 15.9                           
052542121520101764トーホウキザン　　　　　　　　　　　 35.1  6.7 11.1 -4.1  1.8 32  0.0                           
052542121621104777クォーツァイト　　　　　　　　　　　 59.5 10.5-11.6 -4.3 -5.1 25  0.0  0                        
082532010123107378テーオーアンジェラ　　　　　　　　　  4.9  1.6 16.5 15.1 10.6 16 19.1                           
082532010223100452マクアケ　　　　　　　　　　　　　　 25.7  4.9  4.7 -1.9  1.2  6  0.0                           
082532010323102909マーゴットクリュグ　　　　　　　　　 17.2  3.6  9.0  9.3  6.1 11  0.0                           
082532010423109111ナンテヒダ　　　　　　　　　　　　　 67.5 11.5 -9.5  6.0 -1.7  3  0.0                           
082532010523104372セレーノ　　　　　　　　　　　　　　 36.6  6.7-11.3-11.0 -7.4 -2  0.0                           
082532010623106856アンガーザガール　　　　　　　　　　 28.6  5.4 -2.0 -6.8 -2.8  2  0.0                           
082532010723105140サヨノパララックス　　　　　　　　　  4.9  1.6 15.1-11.8  2.0  7 17.7                           
082532010823100541カセノコンコルド　　　　　　　　　　 81.3 13.8-11.3-10.0 -7.1 -2  0.0                           
082532010923101452スマートジュリアス　　　　　　　　　  2.3  1.2 18.2 14.3 11.0 16 16.2                           
082532011023103151ハードシングス　　　　　　　　　　　  7.7  2.1  6.7 10.3  5.5 11 14.4                           
082532011123105542トモエナゲ　　　　　　　　　　　　　 92.6 15.6-11.2-10.6 -7.3 -2  0.0                           
082532011223102701ブラッドムーン　　　　　　　　　　　 48.4  8.7-11.3 -4.6 -5.5 -1  0.0                           
082532011323102476ロードベルファスト　　　　　　　　　 29.9  5.6-11.3-10.2 -7.2 -2  0.0                           
082532011423102436ジャストキュート　　　　　　　　　　 46.1  8.3 -9.5 -7.1 -5.6 -1  0.0                           
082532011523107450ユウトザケンケン　　　　　　　　　　 17.9  3.7 -5.0 -8.6 -4.4  1  0.0                           
082532011623104339ルファーダ　　　　　　　　　　　　　 24.5  4.7  1.1 -3.5 -0.6  4  0.0                           
082532020123105346ミッキーラヴィータ　　　　　　　　　  2.2  1.3 21.5 21.9 14.5 19 16.2                           
082532020223103503プレセピオ　　　　　　　　　　　　　  6.5  2.8  7.4 13.3  6.7 12  0.0                           
082532020323103297シャローアロス　　　　　　　　　　　  5.7  2.5  8.6 24.0 10.4 15 14.4  3                        
082532020423107156トランスマリーン　　　　　　　　　　  3.7  1.7 15.7 14.9 10.2 15 17.7  3                        
082532020523101973デルニエジョイ　　　　　　　　　　　  4.0  1.8 15.8 14.9 10.3 15 19.1                           
082532020623102103リケアラザニア　　　　　　　　　　　 32.2 11.4-11.2-10.6 -7.3 -2  0.0                           
082532020723104979エンジェルグラース　　　　　　　　　 19.0  7.0-11.3-14.8 -8.6 -4  0.0  0                        
082532030123104377ナブッコ　　　　　　　　　　　　　　 87.5 16.8 -6.9-12.9 -6.4 -6  0.0                           
082532030223106647スギノダイナミック　　　　　　　　　 17.7  4.1  4.9 -2.7  1.0  1 28.0  0                        
082532030323100601ケイトバローズ　　　　　　　　　　　 16.4  3.8 -8.8-10.9 -6.5 -6  0.0                           
082532030423103292アーネストアイズ　　　　　　　　　　 16.6  3.9 -0.1 -7.3 -2.2 -2  0.0                           
082532030523106978アクロフェイズ　　　　　　　　　　　  5.7  1.9 13.2  4.7  6.3  6 13.4                           
082532030623105050ミトノテイオー　　　　　　　　　　　 62.9 12.2-11.3-10.2 -7.2 -7  0.0                           
082532030723104323アルムランプシー　　　　　　　　　　 14.4  3.4  2.1-11.3 -2.6 -3  0.0  0                        
082532030823102230ジャスティンダラス　　　　　　　　　  3.5  1.5 15.5 18.1 11.1 11 16.2  1  146   55              
082532030923104316タガノアイゼン　　　　　　　　　　　 12.9  3.1 -3.0-12.4 -4.8 -5  0.0                           
082532031023101134パイロマンサー　　　　　　　　　　　  3.9  1.6 16.8 16.4 11.1 11 17.7                           
082532031123105194リアルフォルツァ　　　　　　　　　　 14.3  3.4  3.1  7.8  3.5  3  0.0                           
082532031223103682コンテナヒーロー　　　　　　　　　　 40.3  8.3-11.8-10.2 -7.4 -7  0.0                           
082532031323106139レヴロード　　　　　　　　　　　　　 37.9  7.8-10.1-10.2 -6.8 -7  0.0                           
082532031423103441レッドフロイデ　　　　　　　　　　　 25.1  5.4 -7.3  9.4  0.1  0  0.0                           
082532031523104476カイラーサ　　　　　　　　　　　　　 19.0  4.3 -2.6 -1.9 -1.5 -2  0.0                           
082532031623106546サンライズケヴィン　　　　　　　　　 22.3  4.9 -6.9  7.4 -0.3  0  0.0  5                        
082532040123109105ユイアヴェニール　　　　　　　　　　 22.4  4.4 -4.6-14.6 -6.1 -6  0.0  0                        
082532040223103763レガリアーナ　　　　　　　　　　　　 27.0  5.1-11.3 30.0  4.9  5  0.0  2                        
082532040323106054ジーティーシップ　　　　　　　　　　 16.2  3.4  3.1 -1.3  0.7  1  0.0                           
082532040423105353ジーティーリボーン　　　　　　　　　  7.4  2.0  6.6  8.2  4.9  5  0.0                           
082532040523101004ハンザキ　　　　　　　　　　　　　　 10.9  2.5  6.4  7.6  4.6  5 22.1  0                        
082532040623105203マーブルパレス　　　　　　　　　　　  2.8  1.3 21.4 26.9 15.9 16 16.2                           
082532040723106092キシュウサラトイロ　　　　　　　　　 31.3  5.8-10.1-20.0 -9.7-10  0.0  0                        
082532040823103334モカプウイング　　　　　　　　　　　  8.0  2.2  7.9 10.2  6.0  6  0.0                           
082532040923106458ピルスナー　　　　　　　　　　　　　 25.2  4.8 -6.1-10.6 -5.4 -5  0.0                           
082532041023105989パッションマーレ　　　　　　　　　　  3.4  1.4 17.7 18.7 12.1 12 17.7                           
082532041123102105オフクマメ　　　　　　　　　　　　　 20.9  4.2  2.2  3.1  1.7  2  0.0                           
082532041223101094ヒバリノコ　　　　　　　　　　　　　 12.2  2.7  5.2  6.3  3.8  4 16.5  0                        
082532050123106068アオイハルカ　　　　　　　　　　　　  4.9  1.7  9.5  7.1  5.6  6 19.1                           
082532050223106988グッデイ　　　　　　　　　　　　　　 38.3  7.8 -6.9-10.2 -5.6 -6  0.0                           
082532050323105648ビサーロ　　　　　　　　　　　　　　 26.8  5.6 -3.4-10.5 -4.4 -4  0.0  0                        
082532050423101702マーゴットガイア　　　　　　　　　　 15.5  3.6  2.1 10.9  4.0  4  0.0                           
082532050523102224ストームゲイル　　　　　　　　　　　 18.3  4.1 -5.3 -4.8 -3.4 -3  0.0                           
082532050623102124ヒラボクソライア　　　　　　　　　　 13.0  3.1  4.7 -6.8 -0.3  0  0.0                           
082532050723104678コウギョク　　　　　　　　　　　　　  3.7  1.5 16.1 14.7 10.3 10 12.4                           
082532050823105236ポッドジーク　　　　　　　　　　　　 20.4  4.5-11.3-13.4 -8.2 -8  0.0                           
082532050923103507シャドウクライ　　　　　　　　　　　 24.2  5.2 -6.9 -7.5 -4.8 -5  0.0                           
082532051023102584ラコンチャビエン　　　　　　　　　　 17.2  3.9  1.6  2.0  1.2  1 26.5                           
082532051123106797オーロアルジェント　　　　　　　　　 11.4  2.8  5.1 14.1  6.1  6  0.0  5                        
082532051223107366ロサドラーダ　　　　　　　　　　　　 12.8  3.1  4.5  9.2  4.4  4  0.0  5                        
082532051323107157ブレットパス　　　　　　　　　　　　  3.5  1.5  9.7 15.9  8.3  8 16.2                           
082532060120100719キャロルビアンカ　　　　　　　　　　 44.6  9.2-11.3-11.2 -7.5 12  0.0                           
082532060222100181アイムアクイーン　　　　　　　　　　 38.2  7.9-11.3-11.2 -7.5 12  0.0                           
082532060322101429ブーディガ　　　　　　　　　　　　　 32.9  6.9 -9.7-10.2 -6.6 13  0.0                           
082532060420103433ヴァリージア　　　　　　　　　　　　 17.4  4.0  2.8 -5.9 -0.7 19  0.0                           
082532060521110106エリカヴェネチア　　　　　　　　　　 18.5  4.2 -9.0 -3.1 -4.2 16  0.0  0                        
082532060622100736ポッドフォルク　　　　　　　　　　　 34.9  7.3 -3.9-13.4 -5.4 15  0.0                           
082532060722105695ディニテ　　　　　　　　　　　　　　  7.4  2.3 10.0  9.3  6.5 26 14.4                           
082532060822103135コウジョリョウゾク　　　　　　　　　 24.5  5.3 -5.5-14.8 -6.5 14  0.0  0                        
082532060921110097ブルーワール　　　　　　　　　　　　 12.7  3.1  2.3  0.8  1.1 21  0.0                           
082532061022107299クレスコドルフィン　　　　　　　　　 26.0  5.6-11.3-10.2 -7.2 13  0.0                           
082532061122105021マテンロウブレイブ　　　　　　　　　  4.3  1.6 15.8 13.6  9.9 30 17.7                           
082532061222110104アメリカンビヨンド　　　　　　　　　  5.0  1.7 15.3 14.5 10.0 30 19.1                           
082532061322110051チムニートップス　　　　　　　　　　  9.5  2.7  7.3 10.4  5.8 26  0.0  5                        
082532061422105602エコロスパーダ　　　　　　　　　　　  3.3  1.5 16.7 15.4 10.7 31 16.2                           
082532070122101783プレミアシップ　　　　　　　　　　　 16.0  3.4  0.2 -8.0 -2.3 18  0.0  0                        
082532070222105399ダノンジャイアン　　　　　　　　　　  7.2  2.0  8.0  4.1  4.2 24  0.0                           
082532070322103909ショウナンアトレ　　　　　　　　　　 30.2  5.8-10.1 -7.5 -6.0 14  0.0                           
082532070422105422フォーキャンドルズ　　　　　　　　　 14.1  3.1  4.1  5.7  3.2 23 23.5                           
082532070521105536ルージュサリナス　　　　　　　　　　 22.3  4.4-11.8 -6.5 -6.3 14  0.0                           
082532070622100099クラウディアイ　　　　　　　　　　　  2.4  1.3 21.1 22.4 14.5 34 16.2                           
082532070721102801ドゥラシェーナ　　　　　　　　　　　 26.1  5.1 -6.9-12.1 -6.2 14  0.0                           
082532070822100655レーヌマロン　　　　　　　　　　　　  9.2  2.4  8.5 11.0  6.4 26  0.0                           
082532070921103520デルシエロ　　　　　　　　　　　　　  4.7  1.7 14.8 13.8  9.6 30 12.4                           
082532071022104138ディスパラール　　　　　　　　　　　  7.7  2.1 10.2 12.1  7.4 27 20.6                           
082532071122107149ヴォラヴィア　　　　　　　　　　　　 14.5  3.2  5.0  1.3  2.2 22  0.0                           
082532071221103845ニホンピロゴルディ　　　　　　　　　 32.0  6.1-11.3 12.0 -0.5 19  0.0  5                        
082532080121106757リネアグローリア　　　　　　　　　　 18.5  3.9 -0.5  5.1  1.3 31  0.0                           
082532080221104669サマーアゲイン　　　　　　　　　　　 55.8 10.0-11.3-10.9 -7.4 23  0.0                           
082532080321106734フラーハ　　　　　　　　　　　　　　 11.8  2.7  2.7 -0.4  0.9 31 15.4                           
082532080421103598ブライトルピナス　　　　　　　　　　 55.7 10.0-11.3-10.2 -7.2 23  0.0                           
082532080522100204ピエマンソン　　　　　　　　　　　　  3.3  1.5 18.1 24.8 14.1 44 17.7  1  130   56              
082532080620102993シンゼンイズモ　　　　　　　　　　　 45.4  8.5-11.3-11.2 -7.5 22  0.0                           
082532080721103819ストームバンガード　　　　　　　　　 68.4 12.2-11.3-12.4 -7.9 22  0.0                           
082532080822104120コスモストーム　　　　　　　　　　　  3.2  1.4 16.5 29.9 15.0 45 16.2  2                        
082532080921101241ランタナヒルズ　　　　　　　　　　　 25.0  5.0 -6.5-10.6 -5.6 24  0.0                           
082532081021103708マイティマイティー　　　　　　　　　  7.0  2.0 10.0 10.6  6.8 37  0.0                           
082532081121105973ワイノナオミ　　　　　　　　　　　　 22.8  4.6 -5.6 -7.5 -4.3 26  0.0                           
082532081221102845モズナイスバディー　　　　　　　　　 24.5  4.9  0.1 -8.8 -2.6 27  0.0                           
082532081318104030ワーズワース　　　　　　　　　　　　 17.6  3.8  6.2  5.6  4.0 34  0.0                           
082532081422104398タマモティーカップ　　　　　　　　　 11.3  2.6  6.2 -2.9  1.4 31 20.6                           
082532081519109106バイファーザベスト　　　　　　　　　 46.6  8.7 -6.9-11.5 -6.0 24  0.0                           
082532081621106105クアトロジャック　　　　　　　　　　 14.0  3.1  6.4 23.2  9.3 39  0.0                           
082532090121105228レディーヴァリュー　　　　　　　　　  3.0  1.3 19.7 17.3 12.4 47 17.7                           
082532090220106811タイキラフター　　　　　　　　　　　 11.1  2.3  8.9 10.5  6.4 41  0.0                           
082532090320103354アイスグリーン　　　　　　　　　　　  8.2  2.0  6.2 10.5  5.4 40 20.6                           
082532090420106667サトノクローク　　　　　　　　　　　 13.3  2.6 -0.5 -3.7 -1.3 34  0.0                           
082532090521104504ベント　　　　　　　　　　　　　　　 28.3  4.7-11.3 -8.6 -6.7 28  0.0                           
082532090621110088キュクヌス　　　　　　　　　　　　　  6.0  1.6 13.6 15.5  9.6 45 13.4                           
082532090719100768マイネルニコラス　　　　　　　　　　 32.0  5.2-11.2-10.6 -7.3 28  0.0                           
082532090821102728バッデレイト　　　　　　　　　　　　  2.4  1.2 17.6 32.2 16.1 51 16.2  2                        
082532090921102800キャントウェイト　　　　　　　　　　 11.5  2.3  6.5  6.0  4.2 39  0.0                           
082532100120110105マニバドラ　　　　　　　　　　　　　  6.1  1.9 10.1 17.7  9.0 54 19.1                           
082532100220103325プロトポロス　　　　　　　　　　　　 13.2  3.0  4.1 -1.7  1.0 46  0.0                           
082532100321100505キタノズエッジ　　　　　　　　　　　  8.5  2.3 13.3  7.6  7.2 52 14.4                           
082532100421104991スターターン　　　　　　　　　　　　  4.1  1.6 15.9  8.5  8.4 53 17.7                           
082532100519105459ソウテン　　　　　　　　　　　　　　 37.6  7.1-10.1-12.9 -7.6 37  0.0                           
082532100619102454サクセスローレル　　　　　　　　　　 62.2 11.1-11.3-16.6 -9.1 36  0.0  0                        
082532100720110131メタマックス　　　　　　　　　　　　 53.1  9.8-11.3 -0.3 -4.2 41  0.0                           
082532100818106147メイショウミツヤス　　　　　　　　　 38.6  7.3-11.3 -8.8 -6.8 38  0.0                           
082532100922110105アメリカンステージ　　　　　　　　　  2.7  1.3 20.4 24.9 14.9 60 16.2                           
082532101020100168ロードラディウス　　　　　　　　　　 40.0  7.5-11.3 -1.8 -4.7 40  0.0                           
082532101120101707スマートフォルス　　　　　　　　　　 16.3  3.5 -1.3 -1.7 -1.0 44  0.0                           
082532101221106554タガノミスト　　　　　　　　　　　　 16.6  3.6 -0.5-10.9 -3.5 42  0.0                           
082532101320106782ニットウバジル　　　　　　　　　　　 26.8  5.3  2.7  1.9  1.6 47  0.0                           
082532101421100768ジョーローリット　　　　　　　　　　 26.9  5.3  2.0  9.4  3.6 49  0.0                           
082532101519101894メズメライザー　　　　　　　　　　　 48.5  9.0 -7.7 -1.8 -3.4 42  0.0                           
082532101620104304スマートサニー　　　　　　　　　　　 25.4  5.0-11.3-11.4 -7.6 37  0.0                           
082532110121105104サンライズソレイユ　　　　　　　　　 25.2  5.3 -8.3-12.5 -6.8 48  0.0                           
082532110220103082カネフラ　　　　　　　　　　　　　　 38.9  7.9-11.3 -6.4 -6.1 49  0.0  0                        
082532110318104475ディープモンスター　　　　　　　　　 12.7  3.1 -0.7 -1.0 -0.6 54  0.0                           
082532110421105369アドマイヤテラ　　　　　　　　　　　  3.0  1.4 19.9 22.8 14.1 69 16.2                           
082532110521105560サンライズアース　　　　　　　　　　  8.1  2.4 11.7 14.3  8.6 64 14.4                           
082532110619100109プラダリア　　　　　　　　　　　　　 77.2 14.6-11.3-11.1 -7.5 48  0.0                           
082532110720103650ドゥレッツァ　　　　　　　　　　　　  7.6  2.3 15.6 20.0 11.7 67  0.0                           
082532110820103945ヴェルミセル　　　　　　　　　　　　 25.3  5.3 -8.9-10.9 -6.5 48  0.0                           
082532110919101847ミクソロジー　　　　　　　　　　　　 71.9 13.6-11.3-10.2 -7.2 48  0.0                           
082532111020102870ブレイヴロッカー　　　　　　　　　　 38.3  7.8 -8.6 -9.5 -6.0 49  0.0                           
082532111120103060ヴェルテンベルク　　　　　　　　　　 37.8  7.7-11.3 -4.6 -5.5 49  0.0                           
082532111219105312ワープスピード　　　　　　　　　　　 60.6 11.6-12.0  7.9 -2.0 53  0.0                           
082532111319104091メイショウブレゲ　　　　　　　　　　 85.6 16.1-11.8 -9.5 -7.2 48  0.0                           
082532111421106449サブマリーナ　　　　　　　　　　　　  8.4  2.4  8.7  7.0  5.3 60 22.1                           
082532111521100913ジューンテイク　　　　　　　　　　　 17.3  3.9 -3.8 -4.8 -2.8 52  0.0                           
082532111619104909ボルドグフーシュ　　　　　　　　　　 25.9  5.5 -4.5  1.1 -1.3 54  0.0                           
082532111719105252アルナシーム　　　　　　　　　　　　 37.7  7.6-10.1-11.2 -7.1 48  0.0                           
082532111821105195ショウナンラプンタ　　　　　　　　　  4.4  1.7 13.7 19.3 10.8 66 17.7  2                        
082532120122100933エルサトアナ　　　　　　　　　　　　 16.4  3.6  8.0 -9.5  0.1 30  0.0                           
082532120222100791ブラックケリー　　　　　　　　　　　  4.6  1.6 15.9 12.2  9.5 39 19.1                           
082532120320102140アンビバレント　　　　　　　　　　　 43.7  8.4-11.3 -8.3 -6.6 23  0.0                           
082532120420106777セレッソデアモール　　　　　　　　　 22.7  4.7 -4.6  7.0  0.4 30  0.0                           
082532120521105092ソングオブライフ　　　　　　　　　　 19.0  4.1  4.5  7.1  3.8 34  0.0                           
082532120622102421ビービーエフォート　　　　　　　　　 26.0  5.3 -0.8  1.7  0.2 30 20.6                           
082532120718104534アスクキングコング　　　　　　　　　 49.1  9.4-11.3 -7.5 -6.4 24  0.0                           
082532120821100365トウカイエルデ　　　　　　　　　　　 24.7  5.0 -2.5 -7.5 -3.2 27  0.0                           
082532120922103146カンシン　　　　　　　　　　　　　　  3.8  1.5  8.0 16.7  7.9 38 17.7                           
082532121021105833カリーシ　　　　　　　　　　　　　　 40.2  7.8 -6.7 -7.1 -4.6 25  0.0                           
082532121122104698ブルーサンセット　　　　　　　　　　 12.7  2.9  9.5  8.4  6.0 36  0.0                           
082532121222105793マゴイチタ　　　　　　　　　　　　　 41.2  8.0 -8.8-10.2 -6.3 24  0.0                           
082532121321107180ジュンヴァンケット　　　　　　　　　  3.0  1.4 14.4 22.5 12.0 42 16.2                           
082532121421100476ファイツオン　　　　　　　　　　　　 16.0  3.6 -5.5 -1.4 -2.4 28  0.0  0                        
082532121521105873シュブロンレーヴル　　　　　　　　　 41.3  8.0 -8.3 -7.5 -5.3 25  0.0                           
082532121620107036マイネルビジョン　　　　　　　　　　 32.5  6.4-11.2-10.6 -7.3 23  0.0                           
