042346010121104799グランドブレーカー　　　　　　　　　 62.4 11.1 -9.9 -2.0 -3.7  1  0.0                           
042346010221106792コスモカノア　　　　　　　　　　　　 15.0  3.3  5.2  5.6  3.6  9  0.0                           
042346010321105051スプレッドシャイン　　　　　　　　　 15.8  3.4  7.1  6.0  4.3  9  0.0                           
042346010421102256ノーブルスカイ　　　　　　　　　　　  4.0  1.5 13.3 21.0 11.7 17  7.9                           
042346010521106548タガノデュード　　　　　　　　　　　  3.6  1.4 16.7 12.6  9.6 15 14.2                           
042346010621100111ロンギングガバーナ　　　　　　　　　 45.3  8.4 -7.0-10.0 -5.8 -1  0.0                           
042346010721106761テーオーカルドア　　　　　　　　　　 26.7  5.2  2.9  6.3  3.2  8 11.5                           
042346010821106317キラーインキラーズ　　　　　　　　　 64.4 11.4-11.4 -1.0 -3.8  1  0.0                           
042346010921105932カシノエタンセル　　　　　　　　　　 98.8 17.1-11.9-10.0 -7.2 -2  0.0                           
042346011021106719サンデーダイヤ　　　　　　　　　　　 19.0  4.0 -5.6-10.0 -5.3  0  0.0                           
042346011121107286ミユキアテスウェイ　　　　　　　　　 89.8 15.6-11.9-20.0-10.9 -6  0.0                           
042346011221106787コスモキュランダ　　　　　　　　　　  2.9  1.3 18.0 13.5 10.4 15 13.0                           
042346011321100360カラーオブジアース　　　　　　　　　 21.6  4.4 -4.8 -2.0 -2.2  3  0.0                           
042346011421105617フライツァイト　　　　　　　　　　　 25.9  5.1 -9.3-10.0 -6.5 -1  0.0                           
042346011521100698ヴィーケン　　　　　　　　　　　　　 11.0  2.6  3.8  6.3  3.5  8  0.0                           
042346020121103475タイムレスブルーム　　　　　　　　　 63.6 11.4 -7.9 -2.0 -3.1  2  0.0                           
042346020221101688ウィルソンウェイ　　　　　　　　　　  5.1  1.7 14.8  8.3  7.5 12  7.3                           
042346020321103343ハヌル　　　　　　　　　　　　　　　 16.0  3.5  7.4  7.4  4.9 10  0.0                           
042346020421107149レッドジャスパー　　　　　　　　　　 91.7 16.2-11.4 -1.5 -4.0  1  0.0                           
042346020521110109グランオルカ　　　　　　　　　　　　  2.4  1.3 19.6 20.0 13.2 18 13.0                           
042346020621102029スウィバンビーナ　　　　　　　　　　 86.9 15.4-11.4-10.0 -7.1 -2  0.0                           
042346020721103484エコロカレン　　　　　　　　　　　　 33.3  6.5-11.9 -6.7 -6.0 -1  0.0                           
042346020821103554リルフロスト　　　　　　　　　　　　  9.3  2.5 11.5 11.8  7.8 13  0.0  5                        
042346020921102518ペイシャローズ　　　　　　　　　　　  6.4  1.9 11.5  1.0  3.8  9  8.5                           
042346021021109010リケアブロンシュ　　　　　　　　　　 48.6  9.1-11.4-12.5 -8.0 -3  0.0                           
042346021121106322ケーリーバンド　　　　　　　　　　　 35.6  6.8-11.9 -1.0 -3.9  1  0.0                           
042346021221101297サンスイレン　　　　　　　　　　　　 13.8  3.1  3.5  6.0  3.3  8  0.0                           
042346021321103817ヒロインコール　　　　　　　　　　　 60.7 10.9-11.9 -2.8 -4.6  0  0.0                           
042346021421106191コパノマイアミ　　　　　　　　　　　  5.8  1.8 14.9 -2.5  3.6  9  7.5                           
042346021521106150ゴッドカインド　　　　　　　　　　　 21.5  4.4 -6.7-10.5 -5.9 -1 10.4                           
042346030121106321エメラルドフィジー　　　　　　　　　 64.9 10.8-11.9-14.3 -8.8 -4  0.0                           
042346030221101634チアフルヴォイス　　　　　　　　　　 27.6  5.1-10.0-10.5 -6.8 -2  0.0                           
042346030321103908ショーヴァロンス　　　　　　　　　　 36.6  6.5-11.4-20.0-10.8 -6  0.0                           
042346030421104848バイユーラン　　　　　　　　　　　　 35.5  6.3 -6.4 15.5  3.8  9  0.0  3                        
042346030521105368ジュンパワフル　　　　　　　　　　　 14.8  3.1  3.4  5.0  2.9  8  0.0                           
042346030621101391ブラックドレス　　　　　　　　　　　 76.8 12.6-10.1-10.5 -6.9 -2  0.0                           
042346030721104447アマゾネス　　　　　　　　　　　　　 12.6  2.7  5.1  6.3  3.8  9  8.6                           
042346030821101413グレイトフルペイン　　　　　　　　　  8.2  2.1  9.3  6.3  5.1 10  7.9                           
042346030921100469カフェアローロ　　　　　　　　　　　 16.1  3.3  5.8  0.5  1.9  7  0.0                           
042346031021101090ペイシャコパ　　　　　　　　　　　　  3.2  1.4 14.7 18.3 11.1 16  7.3                           
042346031121101474マーメイド　　　　　　　　　　　　　  9.2  2.3  7.6 11.6  6.5 12  0.0                           
042346031221103897ショウナンラジョア　　　　　　　　　 25.2  4.7-10.0-10.5 -6.8 -2  0.0                           
042346031321104581ハリウッドパーク　　　　　　　　　　  2.8  1.3 21.9 18.5 13.4 18 13.0                           
042346031421105089ヒロインズクレスト　　　　　　　　　 16.3  3.3  4.7 -2.5  0.5  5 10.4                           
042346031521106348ジェットラン　　　　　　　　　　　　 83.1 13.6-12.3 -8.7 -6.9 -2  0.0                           
042346040118104949フォイアーロート　　　　　　　　　　 11.8  2.6  6.6 -2.5  1.1  1  8.1                           
042346040218104917レベランス　　　　　　　　　　　　　 14.3  3.1  8.7  6.3  4.9  5  9.2                           
042346040317104888リメンバーメモリー　　　　　　　　　  4.1  1.4 17.6 14.3 10.5 11  7.9                           
042346040418102247シゲルヒラトリ　　　　　　　　　　　 17.0  3.5 -6.7 -2.0 -2.7 -3  0.0                           
042346040520105533タガノチョコラータ　　　　　　　　　 27.9  5.2 -5.8 -4.0 -3.2 -3  0.0  0                        
042346040618102226ユーベルント　　　　　　　　　　　　 12.6  2.8 12.8  6.0  6.0  6  0.0                           
042346040719100498ニシノフウジン　　　　　　　　　　　 19.8  4.0-11.4 -7.6 -6.2 -6  0.0  0                        
042346040820103003ピンポイントドロー　　　　　　　　　 30.2  5.6 -7.7-20.0 -9.6-10  0.0  0                        
042346040919102922ゼンカイテン　　　　　　　　　　　　  3.8  1.4 18.6 10.3  9.4  9  7.3                           
042346041018104196タイセイコマンド　　　　　　　　　　  2.5  1.2 18.2 17.5 11.9 12 13.0                           
042346041118104860ゴーストレート　　　　　　　　　　　 30.5  5.7  0.8-19.5 -6.9 -7  0.0                           
042346050121101363アイランドピーク　　　　　　　　　　 12.0  3.1 -5.2 -1.2 -2.0 -2  0.0                           
042346050221109087ニュージェネラル　　　　　　　　　　  5.5  1.9 15.7 14.0  9.8 10 16.5                           
042346050321102195キタノバンライフ　　　　　　　　　　 69.6 14.0-11.9-10.0 -7.2 -7  0.0                           
042346050421104267ナムラドーギー　　　　　　　　　　　 38.7  8.3 -7.9-20.0 -9.7-10  0.0                           
042346050521104052ウヌボレヤサン　　　　　　　　　　　 38.8  8.3-11.9-20.0-10.9-11  0.0  0                        
042346050621100211ツクバアプローズ　　　　　　　　　　 75.0 15.0 -6.7-10.0 -5.7 -6  0.0                           
042346050721106701ハッピーギフト　　　　　　　　　　　 23.4  5.3 -1.9 -2.0 -1.3 -1  0.0                           
042346050821101930ライングッドマン　　　　　　　　　　  4.8  1.8  9.0 17.5  9.1  9  6.9                           
042346050921100202ケイツーレオン　　　　　　　　　　　 19.8  4.6  0.3 -4.0 -1.4 -1  9.8                           
042346051021104491エクセルブラック　　　　　　　　　　  5.4  1.9  8.8  0.0  2.6  3  7.9                           
042346051121102864チカチャン　　　　　　　　　　　　　 59.0 11.9 -9.1-10.0 -6.4 -6  0.0                           
042346051221106049リケアオランジュ　　　　　　　　　　 60.0 12.1 -8.5-20.0 -9.9-10  0.0                           
042346051321101649ウーロン　　　　　　　　　　　　　　  3.3  1.5 15.4 10.5  8.5  8  6.7                           
042346051421106287セイカボアソナード　　　　　　　　　 50.5 10.6 -8.6 -4.0 -4.0 -4  0.0                           
042346051521102339ユッカラン　　　　　　　　　　　　　 13.5  3.4  7.4  8.2  5.2  5  0.0  5                        
042346051621106220ナイトプラネット　　　　　　　　　　 45.5  9.6 -7.4-10.0 -5.9 -6  0.0                           
042346051721105168クイーンズワーフ　　　　　　　　　　 26.3  5.8 -3.3 -2.0 -1.7 -2  0.0                           
042346051821105343ブラックジョワ　　　　　　　　　　　 47.0  9.9-11.9-20.0-10.9-11  0.0  0                        
042346060119105386セントレア　　　　　　　　　　　　　 46.7  7.2-14.4-10.0 -8.0 12  0.0                           
042346060219103887シックザイン　　　　　　　　　　　　 18.6  3.3 -1.9  0.0 -0.6 19  0.0                           
042346060320103721レイカットスルー　　　　　　　　　　 15.3  2.8 -1.5 -2.0 -1.2 19  0.0                           
042346060419103308カフェベラノッテ　　　　　　　　　　 17.7  3.2  0.7  9.0  3.5 24  0.0                           
042346060519109138ベルウッドウズメ　　　　　　　　　　 25.7  4.3-11.4-20.0-10.8  9  0.0  0                        
042346060618101744レイデルマール　　　　　　　　　　　 12.3  2.4  3.0 16.0  6.8 27  8.1                           
042346060717104773オルガンザ　　　　　　　　　　　　　 29.4  4.8 -9.2-10.0 -6.4 14  0.0                           
042346060820104663ハルクバローズ　　　　　　　　　　　  3.6  1.4 17.7 14.3 10.6 31  7.3                           
042346060920106733ブラーヴ　　　　　　　　　　　　　　 20.2  3.5  6.8-10.5 -1.8 18  0.0                           
042346061019103517ディージェーサン　　　　　　　　　　  6.4  1.7 11.2  9.0  6.7 27 15.3                           
042346061120102702ストリンジェンド　　　　　　　　　　  2.1  1.2 22.9 30.8 18.2 38 13.0  1  231   64              
042346061219103960チョコレートミルク　　　　　　　　　 36.6  5.8 -8.0-13.2 -7.2 13  0.0  0                        
042346070117105358ソウルユニバンス　　　　　　　　　　 50.7  9.4-12.3-10.5 -7.5 12  0.0                           
042346070218104738コンテナジュニア　　　　　　　　　　  8.9  2.4  5.1 10.6  5.4 25  8.6  5                        
042346070320102944リュクススティール　　　　　　　　　 11.4  2.7  3.8 -2.0  0.4 20  0.0                           
042346070418101114クリノグリゴロス　　　　　　　　　　 60.0 10.7-14.4 -4.8 -6.1 14  0.0                           
042346070519105996ベンテイガ　　　　　　　　　　　　　 28.2  5.5-13.5 -4.7 -5.8 14  0.0                           
042346070620106205メイショウクーガー　　　　　　　　　  2.6  1.3 21.3 18.5 13.2 33 13.0                           
042346070719104579キャンデセント　　　　　　　　　　　  7.0  2.0 10.2 15.4  8.7 29  0.0                           
042346070820100209コトブキヘスペラス　　　　　　　　　 15.8  3.4  2.6  9.9  4.4 24  0.0  5                        
042346070919103542マイネルシトラス　　　　　　　　　　 11.1  2.6  2.6 19.1  7.8 28  0.0  3                        
042346071016100652ヨコスカダンディー　　　　　　　　　 41.6  7.8-13.5 -2.8 -5.1 15  0.0                           
042346071120100202ゼットスティール　　　　　　　　　　 38.5  7.3 -8.8-10.5 -6.5 14  0.0                           
042346071220100987セレクティオ　　　　　　　　　　　　  8.1  2.3  9.2 11.3  6.9 27  8.5                           
042346071319106573ヒルノデプラーツ　　　　　　　　　　  4.4  1.6 13.6 11.7  8.4 28 14.2  2                        
042346080120103893トリオーレ　　　　　　　　　　　　　  4.4  1.7  9.5 16.0  8.7 29  6.9                           
042346080216100484キーフェイス　　　　　　　　　　　　 49.5 10.9-12.1-18.4-10.4 10  0.0  0                        
042346080319101100キーチズカンパニー　　　　　　　　　 12.6  3.3  1.0 -2.0 -0.4 20  0.0                           
042346080420106458カゲマル　　　　　　　　　　　　　　  4.8  1.8 15.7 15.5 10.4 30  7.9                           
042346080519105258オルコス　　　　　　　　　　　　　　 18.1  4.5 -8.5 -2.0 -3.3 17 10.9                           
042346080620104346イミュータブル　　　　　　　　　　　 11.5  3.1  6.1 -8.7 -1.4 19  0.0                           
042346080720105517ヒビキ　　　　　　　　　　　　　　　  4.2  1.7 15.6 18.5 11.5 31  6.7                           
042346080817103155トモジャアルマンド　　　　　　　　　 19.3  4.7 -4.5-10.5 -5.2 15  0.0                           
042346080918103388ゴイゴイスー　　　　　　　　　　　　  6.2  2.1  4.0  6.3  3.5 24  8.6                           
042346081019101273ハローメリールー　　　　　　　　　　 16.3  4.1  4.4  1.9  2.0 22  0.0                           
042346081120100741ノーブルラン　　　　　　　　　　　　  5.6  2.0 14.8  0.5  4.6 25  8.5                           
042346090119105550レディズビーク　　　　　　　　　　　 12.3  2.9 -0.6-15.0 -5.7 14  0.0  0                        
042346090219105469ホーリーエンブレム　　　　　　　　　  7.7  2.2  8.3  9.7  6.0 26  8.5                           
042346090320105648メランポジューム　　　　　　　　　　 16.5  3.7  4.0 11.0  5.2 25  0.0  5                        
042346090417102084ヒルノアントラ　　　　　　　　　　　 15.6  3.5  7.5  8.3  5.3 25 10.4                           
042346090520103440スパークタイムリー　　　　　　　　　 31.6  6.3 -8.8-14.5 -8.0 12  0.0  0                        
042346090618104825フラリオナ　　　　　　　　　　　　　  3.8  1.6 11.8  9.6  7.1 27  7.3                           
042346090719105120アイスランドポピー　　　　　　　　　 11.0  2.7 10.5  6.0  5.3 25  8.6                           
042346090818103928グラティトゥー　　　　　　　　　　　 33.6  6.7-10.0-10.5 -6.8 13  0.0                           
042346090920103629マンデヴィラ　　　　　　　　　　　　  3.1  1.4 20.1 18.5 12.8 33 13.0                           
042346091020104708ウィステリアリヴァ　　　　　　　　　  7.2  2.1 14.8 12.0  8.8 29  0.0                           
042346091120106767ウェンス　　　　　　　　　　　　　　 38.4  7.5-11.4-10.0 -7.1 13  0.0                           
042346091218106352キヨラ　　　　　　　　　　　　　　　 12.2  2.9  2.1 -2.0 -0.1 20  0.0                           
042346091320106692アオラキ　　　　　　　　　　　　　　 50.0  9.6-11.9 -6.4 -5.9 14  0.0                           
042346100119102705ヒデノレインボー　　　　　　　　　　 57.8 11.7-10.0-10.5 -6.8 23  0.0                           
042346100219102470ダイチヴィヴァン　　　　　　　　　　 62.9 12.7-11.4-10.0 -7.1 23  0.0                           
042346100319103984テイエムファクター　　　　　　　　　 37.2  8.0-10.0-10.5 -6.8 23  0.0                           
042346100419101464サラフィエル　　　　　　　　　　　　 50.6 10.6-11.4-10.0 -7.1 23  0.0                           
042346100520100297フライヤートゥルー　　　　　　　　　  3.3  1.5 19.9 18.5 12.8 43 13.0                           
042346100620104632ハッスルダンク　　　　　　　　　　　  8.5  2.5  7.5  6.0  4.4 34  0.0                           
042346100720101694シゲルショウグン　　　　　　　　　　  4.8  1.7 13.6 11.5  8.3 38 15.3                           
042346100819100286カンピオーネ　　　　　　　　　　　　 23.3  5.2 -2.2 11.1  3.4 33 10.4                           
042346100920102120バンブーグローブ　　　　　　　　　　 22.7  5.1 -2.5 -2.0 -1.5 29  0.0                           
042346101020103566シェットランド　　　　　　　　　　　 15.1  3.7 -1.3-11.2 -4.5 26  0.0                           
042346101120105603ヤマニンエンディマ　　　　　　　　　  4.7  1.7 16.7 15.0 10.5 41  7.3                           
042346101218100995ルーパステソーロ　　　　　　　　　　 24.1  5.4  1.3 -2.0 -0.3 30  0.0                           
042346101320101036マテンロウガイ　　　　　　　　　　　  5.4  1.9 14.6 19.0 11.3 41  0.0  3                        
042346101419101999ジョーコモド　　　　　　　　　　　　 37.0  7.9-12.3-10.5 -7.5 22  0.0                           
042346101517104262タシロ　　　　　　　　　　　　　　　 30.7  6.7-11.9 -9.2 -6.9 23  0.0                           
042346110117103005ロードベイリーフ　　　　　　　　　　 11.1  3.1  9.3  8.3  5.8 51  0.0                           
042346110218100652ファイアダンサー　　　　　　　　　　  5.7  2.1  7.4 10.5  6.1 51  0.0                           
042346110318104041マウンテンムスメ　　　　　　　　　　 30.0  7.2-11.4 -7.6 -6.2 39  0.0  0                        
042346110417104253ジュニパーベリー　　　　　　　　　　 20.4  5.2 -2.8 19.7  6.4 51  0.0                           
042346110517104270トキメキ　　　　　　　　　　　　　　  9.3  3.0 12.1 10.5  7.5 52  8.5                           
042346110620102132トレンディスター　　　　　　　　　　  4.2  1.8 15.4 14.3  9.9 55 13.0                           
042346110718101728マイヨアポア　　　　　　　　　　　　  5.7  2.1 11.0 11.2  7.4 52  6.9                           
042346110817102914シンシティ　　　　　　　　　　　　　 12.7  3.5 -3.0 -2.5 -1.8 43  0.0                           
042346110919100653ハギノメーテル　　　　　　　　　　　 32.9  7.9 -3.8-10.5 -5.0 40 13.9                           
042346111016110119ジャスパージャック　　　　　　　　　 41.2  9.7-10.0-10.5 -6.8 38  0.0                           
042346111118102360メディーヴァル　　　　　　　　　　　 50.8 11.8-10.9-10.5 -7.1 38  0.0                           
042346111217100216チェリーブリーズ　　　　　　　　　　 56.3 12.7-11.9-10.0 -7.2 38  0.0                           
042346111317100367サトノファビュラス　　　　　　　　　 16.8  4.4  4.5 18.0  7.9 53  0.0  3                        
042346111415105850カイザーメランジェ　　　　　　　　　 41.4  9.7-11.4-13.2 -8.3 37  0.0  0                        
042346111515105276シセイヒテン　　　　　　　　　　　　 48.0 11.2-11.9-20.0-10.9 34  0.0  0                        
042346111618101145アジアノジュンシン　　　　　　　　　 11.7  3.3 -8.4  6.0 -0.3 45  9.2                           
042346111718103205クムシラコ　　　　　　　　　　　　　 18.3  4.7-14.4-10.0 -8.0 37  0.0                           
042346111817101765レジェーロ　　　　　　　　　　　　　 20.4  5.2-12.3-10.5 -7.5 37  0.0                           
042346120118104561エンブレムコード　　　　　　　　　　 12.7  3.5  1.4 -7.9 -2.5 18  0.0                           
042346120220106963アンタノバラード　　　　　　　　　　  4.6  1.8 15.7 18.4 11.5 31  6.7                           
042346120319106503ソレントフレイバー　　　　　　　　　  7.3  2.5  4.0 22.5  9.4 29 16.5                           
042346120420103218フミサウンド　　　　　　　　　　　　  5.2  2.0 16.4 16.4 10.9 31  7.5  5                        
042346120520104342キガン　　　　　　　　　　　　　　　 12.8  3.5  0.6 28.9 10.8 31  0.0  1  170   54              
042346120619105538カメハメハタイム　　　　　　　　　　 33.2  8.0 -6.6-10.5 -5.8 14  0.0                           
042346120720100497ベガリス　　　　　　　　　　　　　　 33.5  8.0  7.7  1.3  2.8 23  0.0  0                        
042346120820103495マルクパージュ　　　　　　　　　　　  8.6  2.8 12.9  6.3  6.2 26  0.0                           
042346120918105515パノティア　　　　　　　　　　　　　 24.2  6.0  0.3 -3.5 -1.2 19  0.0  0                        
042346121019101865ストームサージ　　　　　　　　　　　 97.2 21.5-11.4 -1.5 -4.0 16  0.0                           
042346121119106510ユキノエリザベス　　　　　　　　　　 68.3 15.3-11.4-20.0-10.8  9 14.4                           
042346121219105674ダニエラハニー　　　　　　　　　　　 22.6  5.6 -8.7-10.0 -6.3 14  0.0                           
042346121319106863ショウナンラタン　　　　　　　　　　 30.9  7.4 -8.7-10.5 -6.5 14  0.0                           
042346121420105571レイフォール　　　　　　　　　　　　102.6 22.6-11.9-10.0 -7.2 13  0.0                           
042346121520102625アクートゥス　　　　　　　　　　　　 11.9  3.3 -3.5  9.3  2.4 22  0.0                           
042346121619103577ツキニホエル　　　　　　　　　　　　 41.6  9.8-11.4-15.9 -9.3 11  0.0  0                        
042346121719102510アップフルーク　　　　　　　　　　　 73.2 16.3-13.5-13.7 -9.1 11  0.0  0                        
042346121820102734エリーズダイヤ　　　　　　　　　　　  5.1  1.9 11.6  2.8  4.5 25  7.3                           
052349010121106830フローティンローズ　　　　　　　　　  6.6  1.9  6.6 20.1  9.4 14 10.1                           
052349010221107141プレイフルネス　　　　　　　　　　　 28.8  5.5-10.3 -2.0 -3.8  1  0.0                           
052349010321106591スプリンクルソルト　　　　　　　　　 16.3  3.5 -2.4  6.3  1.6  7 11.6                           
052349010421104945ポンピエ　　　　　　　　　　　　　　  2.8  1.3 24.9 24.8 16.6 22  8.0                           
052349010521107073セイウンダキシメテ　　　　　　　　　 19.8  4.1  5.5  3.8  3.0  8  0.0                           
052349010621107021ミシェット　　　　　　　　　　　　　  3.7  1.5 13.0 25.1 13.1 18 17.3  2                        
052349010721106315サンスイシサン　　　　　　　　　　　 51.0  9.3-11.6 -3.6 -4.8  0  0.0                           
052349010821100461リアルカイザー　　　　　　　　　　　 38.3  7.1 -8.5-12.7 -7.2 -2  0.0  0                        
052349010921102098エースアビリティ　　　　　　　　　　  5.5  1.7 18.2 10.0  9.1 14  9.4                           
052349011021100931ライムストリート　　　　　　　　　　 70.8 12.3-12.1 -6.1 -5.9 -1  0.0                           
052349011121100784ニシノサヨシグレ　　　　　　　　　　 49.3  9.0-12.1-12.1 -8.1 -3  0.0                           
052349011221100402ニシノリピート　　　　　　　　　　　  8.8  2.3  8.9 19.2  9.7 15  0.0                           
052349011321100930ユイノパチョレック　　　　　　　　　 16.8  3.6  1.7-10.0 -3.2  2  0.0                           
052349020121105596シトラール　　　　　　　　　　　　　  2.8  1.3 15.6 18.4 11.4 16 17.3C 1  188   42              
052349020221104251サクセスビクトリー　　　　　　　　　 38.3  5.9 -8.8 -2.3 -3.5  2  0.0                           
052349020321102363リケアヴィオレ　　　　　　　　　　　 31.1  5.0 -5.2  1.4 -1.0  4  0.0                           
052349020421102074ヤマタケボヌール　　　　　　　　　　 52.8  7.9-12.1-12.1 -8.1 -3  0.0                           
052349020521105125リヤンドゥミラクル　　　　　　　　　  7.4  1.8 13.0  6.0  6.1 11 10.1                           
052349020621100190ニシノインヴィクタ　　　　　　　　　 10.6  2.2 13.7  5.2  6.0 11 10.9                           
052349020721106144ベニカケソラ　　　　　　　　　　　　 66.1  9.5-12.1-12.3 -8.1 -3  0.0                           
052349020821103825チョボナイノ　　　　　　　　　　　　 52.2  7.9-11.6-10.0 -7.1 -2  0.0                           
052349020921110072メティエダール　　　　　　　　　　　  7.1  1.8 13.5  8.8  7.3 12  9.4                           
052349021021102106ツルマウカタチ　　　　　　　　　　　  2.5  1.2 20.7 20.7 13.8 19  7.9                           
052349021121106972トラストボス　　　　　　　　　　　　 22.0  3.7 -6.7  5.6  0.0  5  0.0                           
052349021221101437ベストベルシック　　　　　　　　　　 16.7  3.0  4.0  7.2  3.8  9  0.0  5                        
052349030121100206ニューステソーロ　　　　　　　　　　  8.4  2.1 12.2  7.0  6.2 11 10.1                           
052349030221105903デンティベス　　　　　　　　　　　　  3.7  1.4 16.2 17.8 11.4 16  8.7                           
052349030321104951モンディーン　　　　　　　　　　　　 23.5  4.3 -3.4 -7.9 -3.9  1  0.0                           
052349030421104488フォーゲルヴァイデ　　　　　　　　　 32.2  5.6-14.7 -2.0 -5.1  0  0.0                           
052349030521103732エリカサファイア　　　　　　　　　　  2.3  1.2 22.1 22.2 14.8 20 15.9                           
052349030621107218ルヴェネ　　　　　　　　　　　　　　 41.5  7.0-11.6 -7.2 -6.1 -1  0.0                           
052349030721106773コスモヴィーコ　　　　　　　　　　　 13.6  2.8  4.7  8.9  4.7 10  0.0  5                        
052349030821104926ワイドマルガリータ　　　　　　　　　 12.6  2.6  5.6 20.3  9.1 14  0.0                           
052349030921106821マイネルレグルス　　　　　　　　　　  4.7  1.5 19.0 15.6 11.4 16 18.8                           
052349031021100817プリティキッス　　　　　　　　　　　 24.1  4.4  2.3 -0.6  0.5  5  0.0  5                        
052349031121103699フレンドマキ　　　　　　　　　　　　 29.2  5.1-11.6-11.7 -7.8 -3  0.0                           
052349040121103914ビッグポケット　　　　　　　　　　　 37.0  8.0-12.1-12.2 -8.1 -8  0.0                           
052349040221107262サンキャメロン　　　　　　　　　　　 11.0  2.9  3.6 -2.3  0.2  0  0.0                           
052349040321102087タマエスポワール　　　　　　　　　　 22.0  5.0 -6.3 -2.7 -2.9 -3  0.0                           
052349040421104416ワイドブリザード　　　　　　　　　　100.0 20.1-12.1 -6.7 -6.1 -6  0.0                           
052349040521102721スマートスコープ　　　　　　　　　　  5.1  1.9 14.5 22.7 12.7 13  8.7                           
052349040621103257チャコール　　　　　　　　　　　　　  7.8  2.4 11.4  9.1  6.8  7 10.1                           
052349040721104794ユアグローリー　　　　　　　　　　　 38.7  8.4-10.3-12.7 -7.7 -8  0.0                           
052349040821104949クーアフュルスト　　　　　　　　　　 27.6  6.2 -8.1-10.1 -6.1 -6  0.0                           
052349040921101201ロードインフェルノ　　　　　　　　　 13.5  3.4 -3.3  7.2  1.6  2  0.0                           
052349041021104795ヴェルヴ　　　　　　　　　　　　　　  7.9  2.4  4.2  4.0  2.7  3 10.9                           
052349041121102639ペイシャスウィフト　　　　　　　　　 40.1  8.7 -3.9 -8.7 -4.4 -4  0.0                           
052349041221104032ナックレインボー　　　　　　　　　　 49.2 10.5-10.3-12.3 -7.6 -8  0.0                           
052349041321103111シェリングフォード　　　　　　　　　 29.5  6.5 -8.8-11.3 -6.8 -7  0.0                           
052349041421102555アースイオス　　　　　　　　　　　　 17.7  4.3  0.1  1.4  0.5  1  0.0                           
052349041521103816ワンモアチャンス　　　　　　　　　　  3.3  1.5 18.3 15.3 11.1 11 15.9                           
052349041621103502アイウィル　　　　　　　　　　　　　  6.6  2.2 12.6 16.2  9.7 10  9.4                           
052349050121101758ブラックライズ　　　　　　　　　　　 11.0  2.3  7.8  7.5  5.1  5  0.0                           
052349050221105434ショウナンガチ　　　　　　　　　　　  3.4  1.3 18.7 13.8 10.7 11  8.7                           
052349050321103809マッスルバック　　　　　　　　　　　 35.5  5.8 -8.5-11.1 -6.6 -7  0.0                           
052349050421104410ミーハ　　　　　　　　　　　　　　　 37.0  6.0-10.7 -2.8 -4.2 -4  0.0                           
052349050521105404ジャスティンローマ　　　　　　　　　  6.7  1.8 14.9 16.7 10.6 11 10.1                           
052349050621101794キタノスティール　　　　　　　　　　 43.2  6.9 -5.3-11.3 -5.7 -6  0.0                           
052349050721103691ミルトパワー　　　　　　　　　　　　 16.5  3.1  5.5  5.4  3.6  4  0.0                           
052349050821104293アストロラヴ　　　　　　　　　　　　 23.1  4.0-10.4 -2.0 -3.9 -4  0.0                           
052349050921103267ブラックバラード　　　　　　　　　　  6.2  1.7 10.2 10.0  6.7  7 18.8                           
052349051021105755ジオセントリック　　　　　　　　　　  2.3  1.2 23.8 20.7 14.7 15 15.9                           
052349051121106802ヤルダバオト　　　　　　　　　　　　 27.2  4.6-11.6  1.4 -3.0 -3  0.0                           
052349060120102982ハーエクセレンシー　　　　　　　　　  7.5  2.3 13.4  6.0  6.2 26 10.1                           
052349060220103534ジュドー　　　　　　　　　　　　　　  5.5  1.9 10.7  8.4  6.3 26  9.4                           
052349060320103063マルディランダ　　　　　　　　　　　  8.3  2.5  9.0 10.4  6.5 27 10.9                           
052349060420105492ニシノピウモッソ　　　　　　　　　　 23.6  5.2  2.3  6.0  2.9 23  0.0                           
052349060517103353サーストンシカゴ　　　　　　　　　　 63.8 12.6-10.3 -6.1 -5.3 15  0.0                           
052349060620103705レッドロスタム　　　　　　　　　　　 15.9  3.8  4.7  7.2  4.1 24  0.0                           
052349060718100188レッジャードロ　　　　　　　　　　　 34.9  7.4-12.6 -8.4 -6.9 13  0.0                           
052349060818106506シルバースピリット　　　　　　　　　 37.9  8.0-11.6-10.0 -7.1 13  0.0                           
052349060920101184シャイニースイフト　　　　　　　　　 17.3  4.1 -5.2  4.8  0.2 20  0.0                           
052349061020103682フラミニア　　　　　　　　　　　　　 17.7  4.1-10.3 -7.0 -5.7 14  0.0                           
052349061120103545エンデミズム　　　　　　　　　　　　  3.2  1.5 19.3 16.7 11.9 32  7.9                           
052349061219104558マグマオーシャン　　　　　　　　　　 26.5  5.8 -8.8  9.5  0.8 21  0.0                           
052349061319105566バーミリオンクリフ　　　　　　　　　 16.1  3.8 -1.0  0.9  0.0 20  0.0                           
052349061420103225アルヴィエンヌ　　　　　　　　　　　  4.5  1.7 16.7 17.5 11.4 31 17.3                           
052349070118103430エスパダアスール　　　　　　　　　　  8.0  2.2  8.9 11.4  6.8 27  0.0                           
052349070219105188クロースコンバット　　　　　　　　　 11.8  2.6 -0.5-10.0 -3.8 16 12.2                           
052349070319105456ダノンフューチャー　　　　　　　　　  8.7  2.3  9.6  5.5  4.9 25 11.6                           
052349070417101531フォーチュネイト　　　　　　　　　　 35.4  6.5-12.1-12.7 -8.3 12  0.0  0                        
052349070519102406エイブルマン　　　　　　　　　　　　 48.1  8.6-11.6 -8.7 -6.7 13  0.0                           
052349070620104861タマモロック　　　　　　　　　　　　  8.0  2.2  9.0  9.6  6.2 26 10.1                           
052349070720100631ブレイゼスト　　　　　　　　　　　　  2.2  1.3 22.9 20.9 14.5 35 15.9                           
052349070820103747アヴェッリーノ　　　　　　　　　　　 46.0  8.2-14.7 -6.1 -6.6 13  0.0                           
052349070920103505マスグラバイト　　　　　　　　　　　  4.9  1.7 16.7 16.0 10.9 31  0.0                           
052349071020106166ヒルズカーン　　　　　　　　　　　　  7.6  2.1 11.9 12.3  8.1 28  9.4  3                        
052349071119105344コースタルテラス　　　　　　　　　　 14.9  3.2 -3.5  6.7  1.4 21  0.0                           
052349080119100295ウン　　　　　　　　　　　　　　　　 14.4  5.6 -9.8 -7.9 -5.8 24  0.0                           
052349080219105370ファンタジア　　　　　　　　　　　　  2.5  1.3 18.9 20.9 13.3 43 15.9                           
052349080318104512エルディアブロ　　　　　　　　　　　  5.5  2.5 12.5  9.7  7.3 37  0.0                           
052349080418104797リンフレスカンテ　　　　　　　　　　  4.2  2.0 11.2 13.9  8.5 38 18.8                           
052349080519106399ダンツエスプリ　　　　　　　　　　　 25.0  9.3-12.5 -7.9 -6.6 23  0.0                           
052349080619105414ダノンギャラクシー　　　　　　　　　  2.7  1.4 21.8 16.8 12.7 43 17.3                           
052349080719103827オウケンボルト　　　　　　　　　　　 14.0  5.4  1.8  3.8  1.9 32  0.0                           
052349090116102080ショーヒデキラ　　　　　　　　　　　 11.9  4.7 -3.6  2.2 -0.3 30  0.0                           
052349090220104160アイオブザストーム　　　　　　　　　  2.6  1.4 21.1 10.8 10.3 40 15.9                           
052349090319105177ビジュノワール　　　　　　　　　　　  4.2  2.0 12.5 14.4  9.0 39 10.1                           
052349090418109026［取消］ヴルカーノ　　　　　　　　　999.9999.9-20.0-20.0-20.0-20  0.0                           
052349090520102119ロードディフィート　　　　　　　　　 16.1  6.2 -2.9 -2.0 -1.6 28  0.0                           
052349090620106910エッセレンチ　　　　　　　　　　　　  4.1  1.9 14.0  9.0  7.5 38  9.4                           
052349090720106174キタノブライド　　　　　　　　　　　  3.6  1.7  9.7 15.0  8.4 38  8.7  5                        
052349090817100041チアチアクラシカ　　　　　　　　　　 15.5  6.0 -9.7-10.0 -6.6 23  0.0                           
052349100116102370ヘリオス　　　　　　　　　　　　　　  4.2  1.7 16.4 19.2 12.0 57  8.0                           
052349100218105169ナンヨーアイボリー　　　　　　　　　 30.6  7.0-12.9 -4.5 -5.5 39  0.0                           
052349100319103529アルファマム　　　　　　　　　　　　  4.3  1.7 12.9 11.5  8.1 53 17.3                           
052349100416105537オメガレインボー　　　　　　　　　　  4.5  1.7 18.0 13.0 10.2 55 18.8                           
052349100519102437ヴァルツァーシャル　　　　　　　　　  6.2  2.1 19.0  9.6  9.2 54 10.1                           
052349100619105859エーティーマクフィ　　　　　　　　　  8.0  2.5 11.2  8.1  6.3 51  0.0                           
052349100718105947エイシンチラー　　　　　　　　　　　 15.1  3.8 -1.5-12.5 -5.0 40  0.0                           
052349100818110126ジャスパーゴールド　　　　　　　　　 28.0  6.4 -4.1 -7.8 -4.1 41  0.0  0                        
052349100916102534イーサンパンサー　　　　　　　　　　 49.8 10.9-11.6-12.2 -8.0 37  0.0                           
052349101019106214フルム　　　　　　　　　　　　　　　 14.1  3.6  4.4  1.8  2.0 47  0.0                           
052349101114102562アーバンイェーガー　　　　　　　　　 23.0  5.4-11.6  5.6 -1.4 44  0.0                           
052349101219100252マルモリスペシャル　　　　　　　　　 13.3  3.4 -1.2  1.5  0.2 45  0.0                           
052349101315101626ディサーニング　　　　　　　　　　　 29.0  6.6 -9.9-15.1 -8.5 36  0.0                           
052349110118102348ノースブリッジ　　　　　　　　　　　 31.3  5.2-12.1-14.2 -8.8 51  0.0                           
052349110217100464エヒト　　　　　　　　　　　　　　　 42.1  6.7-11.2-12.2 -7.8 52  0.0                           
052349110319105283ドウデュース　　　　　　　　　　　　  4.6  1.5 14.0 25.1 13.4 73 12.4                           
052349110419105195ダノンベルーガ　　　　　　　　　　　  6.7  1.8 13.3 13.3  8.9 69  9.4                           
052349110519104476ガイアフォース　　　　　　　　　　　 22.1  3.8  5.4  7.1  4.2 64 25.0                           
052349110619105346ジャスティンパレス　　　　　　　　　 14.8  2.8  6.7  7.1  4.6 65  0.0                           
052349110719105219イクイノックス　　　　　　　　　　　  1.9  1.2 21.5 29.8 17.4 77 15.9  1  179   50              
052349110816104877ヒシイグアス　　　　　　　　　　　　 23.8  4.1 -5.3 -9.8 -5.2 55  0.0                           
052349110918104541プログノーシス　　　　　　　　　　　  6.7  1.8 13.5 17.7 10.5 71 20.6                           
052349111018100274ジャックドール　　　　　　　　　　　 12.0  2.4  6.5  5.3  3.9 64  0.0                           
052349111118105092アドマイヤハダル　　　　　　　　　　 47.9  7.5 -9.7-13.7 -7.9 52  0.0                           
052349120119105170オールフラッグ　　　　　　　　　　　  4.9  1.9 11.2 11.5  7.6 43 15.9                           
052349120220103790レディフォース　　　　　　　　　　　  9.0  2.9 15.4  8.1  7.6 43  0.0                           
052349120319107016ウナギノボリ　　　　　　　　　　　　  7.8  2.6  9.2  4.7  4.5 39 10.8                           
052349120417105306ミエノワールド　　　　　　　　　　　 32.6  7.9-12.9-14.5 -9.2 26  0.0                           
052349120518106560メイショウヒューマ　　　　　　　　　 39.1  9.3 -2.7-10.1 -4.5 30  0.0                           
052349120618105317キミワテル　　　　　　　　　　　　　 49.0 11.5-11.6 -9.5 -7.0 28  0.0                           
052349120717103437タイキスウォード　　　　　　　　　　 18.8  4.9 -5.6 -6.6 -4.1 31  0.0                           
052349120819105478ハイアムズビーチ　　　　　　　　　　  5.1  1.9  8.3  3.7  3.8 39  0.0  3                        
052349120919104496ストームゾーン　　　　　　　　　　　 28.1  6.9-10.0-10.1 -6.7 28  0.0                           
052349121018102666レーヴリアン　　　　　　　　　　　　  6.9  2.4  7.5  5.8  4.4 39  0.0                           
052349121119101295ホワイトガーベラ　　　　　　　　　　 16.4  4.4 -1.3  7.2  2.3 37 13.0  5                        
052349121219103472テーオーステルス　　　　　　　　　　  5.4  2.0 13.3 13.0  8.8 44 18.8                           
052349121318102969タイセイブレイズ　　　　　　　　　　 15.0  4.0  1.7  5.9  2.7 38  0.0                           
052349121419102454サクセスローレル　　　　　　　　　　 29.9  7.3 -9.9-10.1 -6.7 28  0.0                           
052349121518103147ホッコーカリュウ　　　　　　　　　　 80.1 17.9-12.9-10.1 -7.6 27  0.0                           
052349121619110103クロデメニル　　　　　　　　　　　　 20.4  5.3 -3.8 -5.2 -3.0 32  0.0  5                        
082329010121101400マックスセレナーデ　　　　　　　　　  5.6  1.9 10.8 14.2  8.2 13 20.6                           
082329010221102259クリノオリーブ　　　　　　　　　　　  4.6  1.7 14.1  5.5  6.8 12 12.4                           
082329010321103085ラピダニーニャ　　　　　　　　　　　 39.2  8.2-11.3 -8.7 -6.8 -2  0.0                           
082329010421102386セブンスリーローズ　　　　　　　　　 15.8  3.7  1.9-11.3 -2.7  2 25.0                           
082329010521101289ディーノサンライズ　　　　　　　　　  7.6  2.3  1.6  5.3  2.2  7  0.0                           
082329010621100362ホウオウドルーリー　　　　　　　　　  3.1  1.4 19.8 16.3 12.1 17 16.2                           
082329010721102508ジョウショータイプ　　　　　　　　　 18.6  4.3  1.8 -1.9  0.1  5  0.0                           
082329010821101725リリーズブルーム　　　　　　　　　　 26.5  5.7  0.8 24.2  7.6 13  0.0  1  573   25              
082329010921104589ジーティースピカ　　　　　　　　　　  5.2  1.8 11.1  9.9  7.0 12  0.0                           
082329011021102044クリノトパーズ　　　　　　　　　　　 27.5  5.9-11.3-16.5 -9.1 -4  0.0  0                        
082329011121106990ファミリー　　　　　　　　　　　　　 27.3  5.9 -8.8-11.9 -6.8 -2  0.0                           
082329011221105395オレンジダンサー　　　　　　　　　　 13.7  3.3  1.8 -6.1 -1.2  4  0.0                           
082329020121101612スマッシュスルー　　　　　　　　　　  8.4  2.1  9.9  9.7  6.5 12  0.0                           
082329020221105920ダンツハマー　　　　　　　　　　　　 37.8  6.3-11.3 -6.9 -6.2 -1  0.0                           
082329020321105392オルデラン　　　　　　　　　　　　　 20.4  3.7 -5.5 -2.6 -2.8  2  0.0                           
082329020421105137カレンデリスモンド　　　　　　　　　 16.7  3.2  2.0 -4.1 -0.5  5  0.0  0                        
082329020521110065メイショウトム　　　　　　　　　　　 19.7  3.6 -4.5 -7.7 -4.0  1  0.0                           
082329020621103900リンゴ　　　　　　　　　　　　　　　 11.0  2.3  8.1  8.2  5.4 10 14.4                           
082329020721105276バロンドール　　　　　　　　　　　　  2.9  1.3 19.9 17.8 12.6 18 17.7                           
082329020821103442ユウトザアシゲ　　　　　　　　　　　 33.1  5.6-11.8 -3.5 -5.4  0  0.0                           
082329020921110008ルディック　　　　　　　　　　　　　  2.6  1.3 16.1 23.3 12.9 18 16.2                           
082329021021100967ピースラピッド　　　　　　　　　　　 20.4  3.7  2.0 -7.5 -1.5  3  0.0                           
082329021121106938ソウルプラウド　　　　　　　　　　　 11.7  2.4  6.5  1.3  2.8  8 22.1                           
082329021221100715エクステンシヴリー　　　　　　　　　 17.8  3.4 -0.4  4.1  1.1  6  0.0                           
082329030121101781ウィズユアハート　　　　　　　　　　  3.8  1.5 16.1 13.3  9.9 15 17.7                           
082329030221106721タイセイタリスマン　　　　　　　　　 24.8  4.6 -5.8 -1.5 -2.6  2 18.5                           
082329030321103003メイショウカンムリ　　　　　　　　　 19.5  3.8  4.5  0.9  1.9  7  0.0                           
082329030421106200ウインオーブ　　　　　　　　　　　　 37.1  6.5-11.3-11.3 -7.5 -3  0.0                           
082329030521102673ダイシンアレス　　　　　　　　　　　 19.6  3.8  1.8  9.4  3.5  8  0.0                           
082329030621100018ソリューション　　　　　　　　　　　 32.1  5.7-11.3 -8.6 -6.7 -2  0.0                           
082329030721101643ニックオブタイム　　　　　　　　　　  2.4  1.3 22.0 25.3 15.7 21 16.2                           
082329030821107348グローリーロード　　　　　　　　　　 30.2  5.4 -4.0 -3.2 -2.4  3  0.0                           
082329030921102383ジョウエン　　　　　　　　　　　　　 26.7  4.9 -6.9-10.2 -5.6 -1  0.0                           
082329031021104193ウッドバイン　　　　　　　　　　　　  7.4  2.0 11.1 15.5  8.7 14 19.1                           
082329031121101753ジャコムスビ　　　　　　　　　　　　 40.4  7.0-11.3-11.4 -7.6 -3  0.0                           
082329031221107078ツーエムピシュー　　　　　　　　　　  7.5  2.0  7.1  7.8  4.9 10  0.0                           
082329031321102977ルージュプレジール　　　　　　　　　  8.8  2.2  9.8  6.5  5.5 11  0.0                           
082329040121105142ヴィアダクト　　　　　　　　　　　　  6.9  1.9  8.2 11.7  6.5  7 14.4                           
082329040221102393マルカビクトリー　　　　　　　　　　 22.9  4.2-10.2 -8.8 -6.4 -6  0.0                           
082329040321103776ベルメサイア　　　　　　　　　　　　  2.8  1.3 18.5 13.7 10.9 11 16.2                           
082329040421104952アスクヒロイズガイ　　　　　　　　　  3.0  1.3 18.2 17.2 11.8 12 17.7                           
082329040521104602ビーチピーチピール　　　　　　　　　 30.5  5.4-11.3-11.2 -7.5 -8  0.0                           
082329040621104503パシアンジャン　　　　　　　　　　　 20.8  3.9 -8.5-13.0 -7.0 -7  0.0                           
082329040721105344アキミューミュー　　　　　　　　　　 11.5  2.5  5.6 -9.5 -0.8 -1  0.0                           
082329040821102215サンライズダマシイ　　　　　　　　　 18.2  3.5 -4.3  7.5  0.7  1  0.0                           
082329040921106621ハイウェイスター　　　　　　　　　　  5.8  1.7 14.2 12.0  8.8  9 19.1                           
082329041021101027メッツガー　　　　　　　　　　　　　 13.2  2.7  8.0  5.5  4.6  5  0.0                           
082329050121100494ガロンヌ　　　　　　　　　　　　　　  3.8  1.5 16.4 16.1 10.8 11 17.7                           
082329050221106214プラティア　　　　　　　　　　　　　 33.7  6.9-11.3  5.1 -2.6 -3  0.0                           
082329050321105234モルツシャン　　　　　　　　　　　　  8.8  2.5  5.7 -1.9  1.5  2  0.0                           
082329050421101856クリノエタニティ　　　　　　　　　　 32.2  6.7-11.3 -9.9 -7.1 -7  0.0                           
082329050521110013トーマスフレア　　　　　　　　　　　 16.5  3.8  3.8  2.2  2.1  2  0.0                           
082329050621105549ネロコルヴィーノ　　　　　　　　　　  3.8  1.5 15.8 15.5 10.4 10  0.0                           
082329050721105603アルヒジュル　　　　　　　　　　　　 17.3  3.9  0.0 -3.2 -1.0 -1  0.0                           
082329050821105976ローマンレイク　　　　　　　　　　　  8.3  2.4 12.7  5.1  6.2  6 20.6                           
082329050921105383アルレジャン　　　　　　　　　　　　 11.4  2.8  3.1 15.2  5.7  6 16.5                           
082329051021102756アンビシュー　　　　　　　　　　　　 22.6  4.9 -6.4 -8.1 -4.8 -5  0.0                           
082329051121105803カーメルタザイト　　　　　　　　　　  3.4  1.4 17.3 14.5 10.7 11 16.2                           
082329060121101528クイーンカナロア　　　　　　　　　　  4.0  1.5 15.2 10.5  8.7  9 17.7                           
082329060221103821ハイディージェン　　　　　　　　　　 26.9  5.4-11.3 -6.9 -6.2 -6  0.0  0                        
082329060321105228レディーヴァリュー　　　　　　　　　  4.8  1.6 11.1 13.7  8.2  8 19.1                           
082329060421105508リューデスハイム　　　　　　　　　　  8.0  2.3 12.9 12.8  8.6  9 22.1                           
082329060521105812ビップジーニー　　　　　　　　　　　  2.9  1.3 15.7 21.9 12.3 12 11.3                           
082329060621102039テイエムドルオー　　　　　　　　　　 25.9  5.2-10.1-15.1 -8.2 -8  0.0                           
082329060721100836レアンダー　　　　　　　　　　　　　 13.0  3.0 -1.3  6.7  1.5  2  0.0                           
082329060821106755ジェネレート　　　　　　　　　　　　 20.4  4.3 -0.3-10.2 -3.2 -3  0.0                           
082329060921101791メイショウソニック　　　　　　　　　  6.6  2.0 12.7  6.9  6.7  7  0.0                           
082329061021105870ブリッジワン　　　　　　　　　　　　 12.2  2.9 -0.3  0.8  0.1  0  0.0                           
082329070120101894カズピレウス　　　　　　　　　　　　 28.4  4.9 -4.4 -4.8 -3.1 17  0.0                           
082329070220101811ササヤキ　　　　　　　　　　　　　　  2.4  1.2 19.9 17.8 12.6 33 16.2                           
082329070319104211シゲルツキミザケ　　　　　　　　　　 24.4  4.3 -6.9 -1.5 -3.0 17  0.0                           
082329070420102658ティエラサンタ　　　　　　　　　　　 12.2  2.5  4.3  1.1  1.9 22  0.0                           
082329070520103994タマモマスラオ　　　　　　　　　　　 24.7  4.4 -9.7 -7.5 -5.8 14  0.0                           
082329070618103762クープラン　　　　　　　　　　　　　 38.2  6.4 -8.9 -3.5 -4.3 16  0.0                           
082329070720103673ケイエイト　　　　　　　　　　　　　  4.6  1.4 14.0  8.9  7.8 28 19.1                           
082329070819106426ニホンピロペリー　　　　　　　　　　 23.7  4.2-10.1-16.5 -8.7 11  0.0  0                        
082329070920102932タロントゥーズ　　　　　　　　　　　  3.2  1.3 17.0 21.8 12.8 33 17.7                           
082329071019104533ヒロシクン　　　　　　　　　　　　　  9.0  2.2 12.4 10.2  7.6 28 14.4                           
082329071120101806ツクヨミ　　　　　　　　　　　　　　 24.7  4.3 -6.9-10.2 -5.6 14  0.0                           
082329080119105493トーホウデュラン　　　　　　　　　　 26.8  4.8  0.5-11.6 -3.3 17  0.0                           
082329080219100786ルショコラ　　　　　　　　　　　　　  5.9  1.7  6.6 12.7  6.2 26 13.4                           
082329080318100421ライズンシャイン　　　　　　　　　　 26.8  4.8  5.0 10.8  5.1 25  0.0                           
082329080420110120ガンウルフ　　　　　　　　　　　　　  4.8  1.6 18.3 15.8 11.4 31 17.7                           
082329080520103902ジャーヴィス　　　　　　　　　　　　 34.0  5.9 -2.3 12.0  2.8 23  0.0                           
082329080619103780ストロンゲスト　　　　　　　　　　　 70.3 11.2-11.3 -7.5 -6.4 14  0.0                           
082329080719104448ファムスパーブ　　　　　　　　　　　 56.6  9.1-11.8-10.2 -7.4 13  0.0                           
082329080820110055エメラルドビーチ　　　　　　　　　　  2.0  1.2 21.1 21.8 14.3 34 16.2                           
082329080917109029ルールシェーバー　　　　　　　　　　 19.6  3.7 -4.0 -1.1 -1.8 18  0.0                           
082329081018102859コマンダンテ　　　　　　　　　　　　 45.7  7.7-11.3-12.9 -8.0 12  0.0                           
082329081118105530ゴットゴーゴー　　　　　　　　　　　 20.8  3.9 -7.0-15.1 -7.1 13  0.0                           
082329081220105221キングダイヤモンド　　　　　　　　　 43.5  7.3 -8.1-16.5 -7.9 12  0.0  0                        
082329081319104169メイショウタイゲイ　　　　　　　　　 19.4  3.7  2.9  6.8  3.1 23  0.0                           
082329081420105950カマチョクイン　　　　　　　　　　　 18.0  3.5 -1.8  9.3  2.1 22 22.1                           
082329081519100026ベルドラゴ　　　　　　　　　　　　　 55.5  8.9-11.3-15.7 -8.9 11  0.0                           
082329081619102635オースミリン　　　　　　　　　　　　 15.1  3.0  7.9 13.6  7.0 27  0.0                           
082329090120101772メタルスピード　　　　　　　　　　　  5.7  1.7 12.4  9.4  7.4 37 19.1                           
082329090211106610シベリアンタイガー　　　　　　　　　 35.4  6.3-11.2-10.6 -7.3 23  0.0                           
082329090319105239ショウナンアデイブ　　　　　　　　　 13.8  2.9 -2.0  9.0  2.0 32  0.0                           
082329090418105382レアシャンパーニュ　　　　　　　　　 27.1  5.0-11.3 -7.5 -6.4 24  0.0                           
082329090520104013プッシュオン　　　　　　　　　　　　  6.6  1.9  7.7  0.7  3.0 33  0.0                           
082329090619105171クリオミニーズ　　　　　　　　　　　 17.4  3.5 -0.6 -4.8 -1.7 28  0.0                           
082329090720103354アイスグリーン　　　　　　　　　　　  5.9  1.7 12.5 17.1  9.7 40 14.4                           
082329090820103025ドクタードリトル　　　　　　　　　　  3.0  1.3 17.8 25.2 14.1 44 17.7                           
082329090920105750マイネルメモリー　　　　　　　　　　  2.9  1.3 18.4 10.2  9.8 40 16.2                           
082329100119105654シホノスペランツァ　　　　　　　　　  4.3  1.7 14.7 16.1 10.2 45 17.7                           
082329100219103888エンドウノハナ　　　　　　　　　　　  3.6  1.6 15.7  8.8  8.4 43 16.2                           
082329100319104572タイムオブフライト　　　　　　　　　 13.7  3.4  6.0  9.3  5.0 40 25.0                           
082329100418104638ミステリーウェイ　　　　　　　　　　 11.6  3.0  0.3 -3.8 -1.0 34  0.0                           
082329100517103293ホウオウエクレール　　　　　　　　　 12.1  3.1  5.8  6.5  4.1 39 16.5                           
082329100619101716アップデート　　　　　　　　　　　　 24.8  5.5 -4.5-11.8 -5.2 30  0.0                           
082329100716104998アスティ　　　　　　　　　　　　　　 65.3 13.1-11.2-10.6 -7.3 28  0.0                           
082329100819105312ワープスピード　　　　　　　　　　　  6.0  2.0 15.8 13.5  9.8 45  0.0                           
082329100917101915マイネルコロンブス　　　　　　　　　 42.9  9.1-11.2-10.6 -7.3 28  0.0                           
082329101017105285ダノンレガーロ　　　　　　　　　　　 39.9  8.5 -6.1-10.6 -5.4 30  0.0                           
082329101115102127スズカノロッソ　　　　　　　　　　　111.2 21.9-11.2-10.6 -7.3 28  0.0                           
082329101219100011マテンロウマジック　　　　　　　　　 47.0  9.9 -5.6 -8.8 -4.7 30  0.0                           
082329101317106032タイセイシリウス　　　　　　　　　　 32.1  7.0-11.3 -6.8 -6.2 29  0.0                           
082329101419100668サンセットクラウド　　　　　　　　　  8.3  2.5 10.4  1.9  4.4 39  0.0                           
082329101519104091メイショウブレゲ　　　　　　　　　　 17.4  4.1 -4.4 11.9  2.0 37  0.0                           
082329101618104688モンテディオ　　　　　　　　　　　　 21.7  4.9 -4.8 -1.9 -2.3 33  0.0                           
082329101717101436ウインエアフォルク　　　　　　　　　 35.8  7.7 -5.0 -7.4 -4.1 31  0.0                           
082329110118106795スパイラルノヴァ　　　　　　　　　　 22.8  5.5 -6.3-10.5 -5.5 40  0.0                           
082329110217105109フライライクバード　　　　　　　　　 11.9  3.2  1.4  5.5  2.2 47  0.0                           
082329110319101348ビーアストニッシド　　　　　　　　　 16.1  4.2  5.1  3.6  3.0 48  0.0                           
082329110419105546マテンロウスカイ　　　　　　　　　　  5.5  2.0 15.8 15.9 10.6 56 17.7                           
082329110516105272シフルマン　　　　　　　　　　　　　 58.9 12.9 -8.7 -9.0 -5.9 39  0.0                           
082329110616100272ヴァンケドミンゴ　　　　　　　　　　 74.7 16.2-11.8-10.5 -7.5 38  0.0                           
082329110717103572ビターエンダー　　　　　　　　　　　 47.9 10.9-11.2-10.6 -7.3 38  0.0                           
082329110819104998ショウナンマグマ　　　　　　　　　　 36.7  8.5 -9.2 -7.1 -5.5 39  0.0                           
082329110918102020ヤマニンサンパ　　　　　　　　　　　  8.6  2.7  4.8 -1.6  1.3 46 23.5                           
082329111018105277グラティアス　　　　　　　　　　　　  8.4  2.7  2.8  5.7  2.7 48  0.0                           
082329111119105252アルナシーム　　　　　　　　　　　　 17.7  4.5 -1.4  2.8  0.3 45  0.0                           
082329111218104942シュヴァリエローズ　　　　　　　　　 17.3  4.4 -6.9 -2.8 -3.4 42  0.0                           
082329111318105478ヴァリアメンテ　　　　　　　　　　　  7.1  2.4  6.0  9.9  5.2 50  0.0                           
082329111415106423ラセット　　　　　　　　　　　　　　 60.0 13.2-11.8-15.7 -9.0 36  0.0                           
082329111517110138エアファンディタ　　　　　　　　　　  6.8  2.3  8.3 16.3  7.9 53 13.4                           
082329111619102772ピンハイ　　　　　　　　　　　　　　  3.9  1.7 14.6 13.7  9.5 54 16.2                           
082329120117102510メタモルフォーゼ　　　　　　　　　　 18.6  4.4 -5.3 -6.1 -3.8 26  0.0                           
082329120219100871ブルーノート　　　　　　　　　　　　 69.1 13.8 -6.9 -8.2 -5.0 25  0.0                           
082329120319106593ゼットノヴァ　　　　　　　　　　　　  5.2  1.8 17.2 16.9 11.4 41 20.6                           
082329120419103421テイエムフェロー　　　　　　　　　　 49.5 10.3-11.3 -4.6 -5.5 24  0.0                           
082329120519106852グッドフェイス　　　　　　　　　　　 47.6 10.0-12.2-10.9 -7.7 22  0.0                           
082329120619105333ヴィゴラスダンサー　　　　　　　　　 18.2  4.3 -3.2  4.2  0.1 30  0.0                           
082329120716106585テーオーポシブル　　　　　　　　　　 46.7  9.8-11.3 -8.2 -6.6 23  0.0                           
082329120819104952ロープスピニング　　　　　　　　　　 20.3  4.7  2.5 -0.4  0.8 31  0.0                           
082329120918110001ジュストコル　　　　　　　　　　　　  3.5  1.5 16.5 21.8 12.6 43 16.2                           
082329121020105306カセノミオ　　　　　　　　　　　　　  4.3  1.7 15.9 11.6  9.3 39 17.7                           
082329121120105250ビルカール　　　　　　　　　　　　　 33.3  7.2 -9.2-10.6 -6.6 23  0.0                           
082329121219101685ドンフクリン　　　　　　　　　　　　 51.3 10.7-11.3-15.7 -8.9 21  0.0                           
082329121318105187ブレーヴジャッカル　　　　　　　　　 14.0  3.4  6.4  4.8  3.8 34 15.4                           
082329121417101804サヴァイヴ　　　　　　　　　　　　　 19.0  4.4 -8.9-12.0 -6.9 23  0.0                           
082329121520101035スズカコーズ　　　　　　　　　　　　  5.2  1.8 11.5  9.8  7.2 37  0.0                           
082329121617100447リュクスウォリアー　　　　　　　　　 24.1  5.4  3.1 -1.1  0.8 31  0.0  5                        
