032513010122100250ハクサンエクレール　　　　　　　　　 83.2 13.8-11.9 -9.0 -6.9 -2  0.0                           
032513010222106473ワキノグラス　　　　　　　　　　　　 34.7  6.3 -4.9-15.6 -7.2 -2 11.5                           
032513010322104486アシャカルーク　　　　　　　　　　　 18.1  3.6  6.6  3.7  3.3  8  0.0                           
032513010422107319ジークマインド　　　　　　　　　　　 83.2 13.8-11.9-10.0 -7.2 -2  0.0                           
032513010522101587クリアクォーツ　　　　　　　　　　　 37.1  6.7-10.2-10.0 -6.7 -2  0.0                           
032513010622102259ヘレンテソーロ　　　　　　　　　　　 47.6  8.4-11.9-10.0 -7.2 -2  0.0                           
032513010722104792タイセイウーノ　　　　　　　　　　　 40.5  7.2-10.0-10.0 -6.7 -2  0.0                           
032513010822101085シアトルプリンセス　　　　　　　　　 62.4 10.5-11.9 -2.0 -4.3  1  0.0                           
032513010922105449マサハヤモーブ　　　　　　　　　　　 18.8  3.8 -5.7-10.0 -5.4  0  0.0                           
032513011022107279ミトノキャット　　　　　　　　　　　  7.0  2.0  6.5  6.0  4.2  9 15.3                           
032513011122101104シャンパンゴールド　　　　　　　　　 34.5  6.2-12.3-10.0 -7.4 -2  0.0                           
032513011222102734スマートテンペスト　　　　　　　　　  9.2  2.4 12.0  6.0  5.8 11  0.0                           
032513011322103237メイショウホダワラ　　　　　　　　　  8.1  2.2 17.1 15.0 10.6 16  0.0                           
032513011422106122タルトポワール　　　　　　　　　　　  2.6  1.3 16.8 30.0 16.0 21 13.0  1  510   50              
032513011522101312パッションディーバ　　　　　　　　　  3.5  1.4 17.7 10.0  9.0 14  7.3                           
032513011622104139ロベルタカリーナ　　　　　　　　　　 24.1  4.6  6.7  8.4  5.1 10  0.0  5                        
032513020122104071ソシエテトウショウ　　　　　　　　　 47.2  8.5-11.9 -3.0 -4.7  0  0.0                           
032513020222100407ウォーターカルミア　　　　　　　　　 27.0  5.1 -2.5  6.0  1.5  6  0.0                           
032513020322104629バシレイア　　　　　　　　　　　　　 20.6  4.1 -0.9  8.0  2.7  8  9.8                           
032513020422102571メイショウマチルダ　　　　　　　　　  6.7  1.9 15.3 15.0 10.1 15 15.3                           
032513020522106173モンサンアマリリス　　　　　　　　　 64.2 11.0 -9.0-11.7 -7.0 -2  0.0                           
032513020622105763ルアスカリーン　　　　　　　　　　　  9.3  2.4 11.5 12.4  8.0 13  0.0  4                        
032513020722100357デボラ　　　　　　　　　　　　　　　  2.6  1.3 19.4 27.3 15.8 21 13.0  1  220   50              
032513020822102702ヨシノサプライズ　　　　　　　　　　 12.3  2.7  1.5  6.4  2.8  8  0.0  1  181   62              
032513020922100054ハイヌーンチェコ　　　　　　　　　　 42.0  7.6-12.3-10.0 -7.4 -2  0.0                           
032513021022109031リュウノハミング　　　　　　　　　　 41.6  7.6 -8.8-20.0-10.0 -5  0.0                           
032513021122102609ジュリアナガール　　　　　　　　　　 23.4  4.5-10.0-10.0 -6.7 -2  0.0                           
032513021222106264トレジャーハウス　　　　　　　　　　 32.4  6.0-11.9 -1.9 -4.3  1  0.0                           
032513021322103996ミズイロホルトゥス　　　　　　　　　  3.7  1.5 17.0 14.5 10.4 15  7.3                           
032513021422100993オーシンブーケ　　　　　　　　　　　 15.5  3.3  4.1 17.2  7.5 13  0.0  3                        
032513021522104422マーレリアン　　　　　　　　　　　　 26.4  5.0-11.9  4.2 -2.0  3  0.0                           
032513021622103626ヨッシーレイ　　　　　　　　　　　　 69.4 11.9-12.3-16.7 -9.8 -5  0.0  0                        
032513030122104409ベルランザドール　　　　　　　　　　 31.0  5.9 -5.7 12.0  2.7  8  0.0                           
032513030222106792コスモアチーブ　　　　　　　　　　　  2.8  1.4 20.5 34.3 18.7 24 13.0                           
032513030322106403エリジブル　　　　　　　　　　　　　 51.0  9.4-12.1 -7.4 -6.3 -1  0.0                           
032513030422104599アレグリーニ　　　　　　　　　　　　 20.1  4.2 -7.5-20.0 -9.6 -5  0.0  0                        
032513030522103318マシェリアムール　　　　　　　　　　 37.5  7.1-11.9-10.0 -7.2 -2  0.0                           
032513030622107108ビビデバビデブー　　　　　　　　　　 34.0  6.5-11.9-10.0 -7.2 -2  0.0                           
032513030722106180シャインバオバブ　　　　　　　　　　 18.6  3.9  7.6 10.0  5.9 11  0.0                           
032513030822101472メイショウサノサ　　　　　　　　　　 77.9 13.6-12.3-10.0 -7.4 -2  0.0                           
032513030922107091ルディシャ　　　　　　　　　　　　　 42.9  8.0 -8.0-14.0 -7.5 -3  0.0                           
032513031022106684ドラギニャン　　　　　　　　　　　　  8.5  2.3 10.7 15.0  8.7 14  0.0                           
032513031122106221ウインイルネージュ　　　　　　　　　  3.8  1.5  5.6  2.4  2.6  8 14.2                           
032513031222106822マイネルフィスキオ　　　　　　　　　  6.7  2.0  8.8  5.2  4.5 10 15.3                           
032513031322102856ロンギングジェニー　　　　　　　　　 36.9  7.0 -3.1 11.1  3.1  8  0.0                           
032513031422104166キャルミナス　　　　　　　　　　　　 18.9  3.9  4.8  0.7  1.7  7  0.0                           
032513031522101196グレイトレッグ　　　　　　　　　　　 39.0  7.3 -6.0-16.0 -7.7 -3  0.0                           
032513031622104856ブリヤディアマンテ　　　　　　　　　  9.0  2.4 10.7 40.0 17.9 23  0.0  1  376   46              
032513040122105041メイワファースト　　　　　　　　　　 37.9  8.3 -3.9  6.0  1.0  6  0.0                           
032513040222102258レイネイル　　　　　　　　　　　　　 44.0  9.5-11.9-10.0 -7.2 -2  0.0                           
032513040322100013ルミナヴィクター　　　　　　　　　　 46.2  9.9-12.3-18.4-10.4 -5  0.0  0                        
032513040422102874ハナウマビーチ　　　　　　　　　　　  6.5  2.2  7.6 10.0  5.9 11  0.0                           
032513040522100397ミュージックマン　　　　　　　　　　 61.3 12.6-11.9 -1.0 -3.9  1  0.0                           
032513040622105516メリーサウンド　　　　　　　　　　　  4.6  1.8 13.1 21.5 11.8 17 14.2                           
032513040722101599ピラニアキッス　　　　　　　　　　　  7.9  2.5  5.1 10.7  5.5 10  8.6                           
032513040822100145ナムラクレープ　　　　　　　　　　　 43.2  9.3-10.7-10.0 -6.9 -2  0.0                           
032513040922103926スイートロータス　　　　　　　　　　  9.3  2.8  2.1  5.6  2.7  8  9.2  0                        
032513041022102435ルージュミラージュ　　　　　　　　　  5.4  1.9 18.7 20.0 12.9 18  7.9                           
032513041122101848ナイトダンサー　　　　　　　　　　　 79.1 16.1-11.9 -8.7 -6.8 -2  0.0                           
032513041222101490スカイビート　　　　　　　　　　　　 12.8  3.3  5.6 12.0  6.1 11  0.0                           
032513041322100497スマートブル　　　　　　　　　　　　 47.2 10.1-12.3-10.0 -7.4 -2  0.0                           
032513041422102929ザハント　　　　　　　　　　　　　　  3.6  1.6 15.0  6.0  6.7 12  6.7                           
032513041522101968デルマアリエル　　　　　　　　　　　 12.9  3.3  9.6  8.0  5.8 11  0.0                           
032513050122106210ウインアレース　　　　　　　　　　　 35.9  7.4 -6.1 -4.4 -3.4  2 12.6                           
032513050222105536エルモサメロディア　　　　　　　　　 19.4  4.4 -3.9-19.8 -8.4 -3  0.0  0                        
032513050322105604グラスダイヤモンド　　　　　　　　　 66.5 12.8-11.9-10.0 -7.2 -2  0.0                           
032513050422104441メルヘンライズ　　　　　　　　　　　 14.4  3.4 -6.1 -4.7 -3.6  1  9.7                           
032513050522100073オビドス　　　　　　　　　　　　　　 18.8  4.3  4.7  6.0  3.6  9  0.0                           
032513050622106231ウインベラーノ　　　　　　　　　　　  6.4  2.0  8.0  6.0  4.6 10  0.0                           
032513050722104693レッドシュテルン　　　　　　　　　　  6.1  2.0 14.6 15.0  9.9 15  7.9                           
032513050822103706マジョレル　　　　　　　　　　　　　 45.6  9.2-11.9-10.7 -7.5 -2  0.0                           
032513050922101898ノブノリオウ　　　　　　　　　　　　 29.5  6.2-11.9-14.8 -9.0 -4  0.0  0                        
032513051022101605サミダレナイツ　　　　　　　　　　　 19.2  4.3  1.5-10.0 -3.2  2  0.0                           
032513051122101387レッドエソール　　　　　　　　　　　 36.7  7.6-12.3-10.0 -7.4 -2  0.0                           
032513051222104739クロウソング　　　　　　　　　　　　 12.5  3.1  9.8  8.0  5.9 11  0.0                           
032513051322100481アクロスザリバー　　　　　　　　　　 74.5 14.3-11.9-10.0 -7.2 -2  0.0                           
032513051422106817マイネルアレス　　　　　　　　　　　  3.3  1.5 19.2 34.3 18.3 23 13.0                           
032513051522101496トラストユー　　　　　　　　　　　　 31.1  6.5 -6.1-18.4 -8.6 -4  0.0  0                        
032513051622101631チェンジオブハート　　　　　　　　　  4.1  1.6 18.2 12.9 10.2 15  6.9                           
032513060122100733キタノブリッジ　　　　　　　　　　　  4.6  1.7 11.4  6.0  5.6 11 14.2                           
032513060222100186シャンハイノハナ　　　　　　　　　　 27.0  5.9 -9.1  8.4  0.3  5  0.0  5                        
032513060322106503セイラダンサー　　　　　　　　　　　 11.1  2.8 13.5  5.0  5.9 11  0.0                           
032513060422104150ヒロノエクスカリバ　　　　　　　　　  4.7  1.7  8.4 15.0  8.0 13  0.0                           
032513060522104196スマートセラム　　　　　　　　　　　  7.9  2.4  8.6 10.0  6.2 11 16.5                           
032513060622103424ゼンダンスバシリ　　　　　　　　　　 41.7  8.7-10.7-10.0 -6.9 -2  0.0                           
032513060722100029キタノヴァルカン　　　　　　　　　　 44.9  9.3-10.0-16.2 -8.9 -4  0.0                           
032513060822101431ダニエルバローズ　　　　　　　　　　 14.7  3.5  1.0-10.0 -3.4  2  0.0                           
032513060922102528ペイシャブギー　　　　　　　　　　　 32.0  6.8-11.9-11.2 -7.7 -3  0.0                           
032513061022103562ミリオンヒット　　　　　　　　　　　 17.3  4.1 -0.9 -4.7 -2.0  3  0.0                           
032513061122102355コリエドール　　　　　　　　　　　　 27.8  6.0 -1.8-16.7 -6.7 -2  0.0  0                        
032513061222100578キュールエアザミ　　　　　　　　　　112.9 21.8-12.3-10.0 -7.4 -2  0.0                           
032513061322104603モーリシャスアロマ　　　　　　　　　 52.1 10.7-11.9-10.0 -7.2 -2  0.0                           
032513061422104537バルスフィーダ　　　　　　　　　　　 57.6 11.5-11.9 -5.6 -5.6 -1  0.0                           
032513061522106829マイネルレクエルド　　　　　　　　　  3.2  1.4 19.4  7.4  8.5 14 13.0                           
032513061622102492グッバイウェーブ　　　　　　　　　　 15.6  3.7  8.3  9.6  6.0 11  0.0                           
032513070121106982カーリングホリデー　　　　　　　　　101.9 19.8-11.9-10.0 -7.2 13  0.0                           
032513070221107166イラーナ　　　　　　　　　　　　　　  3.6  1.5 15.0 11.0  8.5 29 13.0                           
032513070320106776トゥピ　　　　　　　　　　　　　　　 20.1  4.6 -1.9  3.4  0.7 21  0.0                           
032513070421105896ケープウィッカム　　　　　　　　　　  4.6  1.7 13.3 14.0  9.1 29  0.0                           
032513070519106938ブエナディオサ　　　　　　　　　　　 29.5  6.4-11.9  1.4 -3.1 17  0.0                           
032513070621103257チャコール　　　　　　　　　　　　　 41.4  8.7 -5.8-11.7 -6.0 14  0.0                           
032513070718101166サイモンポーリア　　　　　　　　　　 26.1  5.7  2.3-14.6 -4.7 15  0.0                           
032513070821105449コンテソレーラ　　　　　　　　　　　 16.4  3.9  1.6 15.1  6.0 26  0.0                           
032513070921104511コルヴィル　　　　　　　　　　　　　 30.2  6.5 -6.2-10.0 -5.5 14  0.0                           
032513071021104918シャーリーゴールド　　　　　　　　　 20.9  4.8 -7.2-10.0 -5.8 14  0.0                           
032513071120100130エスジースパークル　　　　　　　　　 15.8  3.8  2.7  6.0  3.0 23  8.6                           
032513071221101413グレイトフルペイン　　　　　　　　　 18.3  4.3 -4.8 10.0  2.2 22  0.0  5                        
032513071321102055グランバイオレット　　　　　　　　　 68.2 13.5-11.9 -1.2 -4.0 16  0.0                           
032513071420101341ムーランブルー　　　　　　　　　　　  5.7  1.9 14.9 13.0  9.2 29 16.5  5                        
032513071520104744ノーブルアクト　　　　　　　　　　　  4.0  1.6 12.3  4.5  5.3 25  7.3                           
032513080120101833イナフセド　　　　　　　　　　　　　  2.8  1.4 17.8 15.0 10.8 31 13.0                           
032513080220106489ドヴォルザーク　　　　　　　　　　　105.1 19.7-11.9 -7.0 -6.1 14  0.0                           
032513080319101753アオカミ　　　　　　　　　　　　　　  9.4  2.6 10.1 16.7  9.2 29  0.0  5                        
032513080420106336ゴレイジョウ　　　　　　　　　　　　 33.3  6.9-11.9-10.0 -7.2 13  0.0                           
032513080519104143ミュージアムピース　　　　　　　　　 19.0  4.3  3.7  5.0  2.9 23  0.0                           
032513080621109069サンダーアリュール　　　　　　　　　 18.2  4.1  0.4  9.7  3.7 24  0.0                           
032513080719102950アイファーリーベン　　　　　　　　　 90.5 17.1-11.9-10.0 -7.2 13  0.0                           
032513080821103542ホウオウマリアン　　　　　　　　　　 34.9  7.2-11.9-19.0-10.5  9  0.0                           
032513080921104878キングヴァージル　　　　　　　　　　 16.5  3.8 -8.4 -6.1 -4.8 15 10.4                           
032513081021102550メイショウハッブル　　　　　　　　　 12.3  3.0  0.6-10.0 -3.5 17  0.0                           
032513081120106345ハローマイラブリー　　　　　　　　　  5.0  1.8 19.1 14.0 10.9 31  7.3                           
032513081219101435コウユーママニニテ　　　　　　　　　 13.8  3.3  0.7-17.8 -6.3 14  9.8  0                        
032513081320105525カツノテンス　　　　　　　　　　　　 21.0  4.6  0.4 20.0  7.5 27  0.0                           
032513081421103385リワードファラオン　　　　　　　　　  9.0  2.6  5.4  7.3  4.3 24  0.0                           
032513081519105830エスグラシア　　　　　　　　　　　　 36.6  7.5-13.8-16.3-10.1 10  0.0  0                        
032513081620103507グラニットピーク　　　　　　　　　　 11.3  2.8 -3.2 -6.1 -3.2 17  9.1                           
032513090122101783プレミアシップ　　　　　　　　　　　  5.6  1.8 13.4 15.0  9.5 30  7.3                           
032513090222105458ピリカサンライズ　　　　　　　　　　 16.2  3.5  2.6 -4.0 -0.7 19  0.0  0                        
032513090322110054デルアヴァー　　　　　　　　　　　　  2.3  1.3 22.5 34.7 19.5 39 13.0  2                        
032513090422107202ニシノイストワール　　　　　　　　　 19.0  4.0 -8.0 -1.1 -2.8 17 10.4                           
032513090522103207ミュージシャン　　　　　　　　　　　  6.0  1.9 15.1  6.0  6.7 27  0.0                           
032513090622103522ジェットブレード　　　　　　　　　　 12.7  2.9  6.0 11.9  6.2 26  0.0  5                        
032513090722105633ノラリクラリ　　　　　　　　　　　　 19.5  4.1-12.3-16.6 -9.8 10  0.0  0                        
032513090822104786サトノラポール　　　　　　　　　　　  7.8  2.2 11.1 16.8  9.5 29  8.6                           
032513090922106793コスモアンソロジー　　　　　　　　　  5.6  1.8  6.0 10.0  5.5 25  7.9                           
032513091022100896テリオスルナ　　　　　　　　　　　　 25.9  5.2-11.9-10.0 -7.2 13  0.0                           
032513100121105802ミスティア　　　　　　　　　　　　　  9.4  2.8 10.9  5.1  5.1 25  9.2                           
032513100221103236コンバットペスカ　　　　　　　　　　 24.4  5.7-12.3  2.7 -2.7 17  0.0                           
032513100320106380アンジェリカル　　　　　　　　　　　 66.8 14.1-12.3-10.0 -7.4 13  0.0                           
032513100421105739オリーボーレン　　　　　　　　　　　  6.0  2.1 11.4 19.4 10.5 31  0.0  4                        
032513100520105652トリオンファルマン　　　　　　　　　 27.4  6.3 -9.7-10.0 -6.6 13  0.0                           
032513100621105491テリオスルル　　　　　　　　　　　　  4.7  1.8 14.1  6.1  6.5 26  7.3                           
032513100719105824アレナリア　　　　　　　　　　　　　  8.4  2.6  8.2-10.0 -1.2 19  9.1                           
032513100819105341シュホ　　　　　　　　　　　　　　　 36.7  8.2 -6.5-13.8 -7.0 13  0.0                           
032513100920103772エイトスターズ　　　　　　　　　　　  7.0  2.3  8.7 12.0  7.0 27  8.1                           
032513101021106618マハナ　　　　　　　　　　　　　　　 21.6  5.1 -5.0  6.0  0.7 21  0.0                           
032513101121102988スズカミエール　　　　　　　　　　　  3.9  1.7 17.5 20.0 12.6 33  6.7                           
032513101221105887リエータメンテ　　　　　　　　　　　 56.3 12.0-12.3-10.0 -7.4 13  0.0                           
032513101321106176スナークサファイア　　　　　　　　　 25.6  5.9 -7.7  6.0 -0.1 20  0.0                           
032513101420101121ハッピーアズラリー　　　　　　　　　 33.6  7.6-12.3-10.0 -7.4 13  0.0                           
032513101521104820メアヴィア　　　　　　　　　　　　　 28.8  6.6-11.9-12.1 -8.0 12  0.0                           
032513101621106194ウインデイジー　　　　　　　　　　　 14.7  3.7  6.6-10.0 -1.7 18  9.8                           
032513110120106491メイショウジェンマ　　　　　　　　　 16.4  3.8  2.3  6.0  2.9 33  0.0                           
032513110220106941スペンサーバローズ　　　　　　　　　 14.6  3.5 -6.3 -4.7 -3.6 26  0.0                           
032513110318105392レゾンドゥスリール　　　　　　　　　 41.1  8.4-12.3 -2.0 -4.4 26  0.0                           
032513110419101330アイファーグローブ　　　　　　　　　 33.5  7.0-11.9-20.0-10.9 19  0.0                           
032513110518103473サヴァビアン　　　　　　　　　　　　 33.5  7.0 -9.7-10.0 -6.6 23  0.0                           
032513110620102949ツインビスケッツ　　　　　　　　　　 38.5  7.9 -8.8  5.4 -0.7 29  0.0                           
032513110720103436ネビュルーズ　　　　　　　　　　　　 14.2  3.4  1.3  8.5  3.5 34  0.0                           
032513110821102219コパノエビータ　　　　　　　　　　　 47.4  9.6-11.9 -7.6 -6.4 24  0.0                           
032513110921105262ラオラシオン　　　　　　　　　　　　  4.6  1.7 14.3 22.6 12.6 43 14.2  1  403   63              
032513111021104949クーアフュルスト　　　　　　　　　　  3.1  1.4 20.0  1.5  6.6 37  6.7                           
032513111120105540アルムエアフォルク　　　　　　　　　  6.3  2.0  2.0 15.0  6.1 36  8.1                           
032513111220102840ブーバー　　　　　　　　　　　　　　 17.9  4.1  5.2  5.4  3.5 34 10.4                           
032513111320102544パスカリ　　　　　　　　　　　　　　 29.0  6.1 -7.1  4.7 -0.4 30  0.0                           
032513111419102163フォーワンセルフ　　　　　　　　　　 58.5 11.4 -8.8-10.0 -6.3 24  0.0                           
032513111520100053プレイサーゴールド　　　　　　　　　  4.8  1.7 13.1  6.0  6.1 36  7.9                           
032513120120100707クレセントウイング　　　　　　　　　  8.7  2.6  3.3  6.7  3.4 23  0.0                           
032513120221105312ルージュレベッカ　　　　　　　　　　 26.5  6.0 -7.3-10.0 -5.9 14  0.0                           
032513120320102269ツィスカリーゼ　　　　　　　　　　　 91.8 18.6-11.9-10.0 -7.2 13  0.0                           
032513120421104490エクセルゴールド　　　　　　　　　　  3.7  1.6 17.1 14.6 10.5 30  0.0                           
032513120521106690ペルフェツィオーネ　　　　　　　　　 15.9  3.9 -2.1  6.0  1.6 22  0.0                           
032513120621101825ナムライリス　　　　　　　　　　　　 14.7  3.7  2.3-12.3 -3.8 16  0.0  0                        
032513120720102208マテンロウアネモス　　　　　　　　　  8.1  2.5  3.8  6.8  3.6 24 17.7  0                        
032513120821104481ビアフォーナウ　　　　　　　　　　　 52.2 11.1-11.9-10.0 -7.2 13  0.0                           
032513120920100355ナックブレイブ　　　　　　　　　　　 76.3 15.6-11.9 -3.0 -4.7 15  0.0                           
032513121020101920メラヴィリオーザ　　　　　　　　　　 42.6  9.2-11.9-10.4 -7.4 13  0.0                           
032513121120100084レッドカメリア　　　　　　　　　　　 57.0 11.8-11.6 -8.7 -6.7 13  0.0                           
032513121221102717ジャグアール　　　　　　　　　　　　  6.7  2.2  2.2 11.7  4.9 25  7.9                           
032513121321103119ニシノアヤカゼ　　　　　　　　　　　 16.7  4.1 -1.8 -6.2 -2.8 17  0.0                           
032513121420105277コスモジョセフ　　　　　　　　　　　 32.4  7.2 -0.2  5.4  1.9 22  0.0                           
032513121519106183カフェクロニクル　　　　　　　　　　  4.5  1.8 15.0 22.7 12.8 33 14.2                           
032513121620103073サウンドレイラ　　　　　　　　　　　  7.3  2.3  5.6 12.0  6.1 26  8.1                           
062537010122102767アカイツキ　　　　　　　　　　　　　 45.5  8.1-12.9-10.1 -7.6 -3  0.0                           
062537010222104867ギフトバスケット　　　　　　　　　　 23.8  4.6  1.6 -9.2 -2.9  2  0.0                           
062537010322109052キカオクベシ　　　　　　　　　　　　 26.2  4.9 -9.0  6.2 -0.4  5 15.2                           
062537010422100872シスター　　　　　　　　　　　　　　 15.1  3.2  0.3 14.3  5.3 10  0.0  5                        
062537010522106568ドナカルナバル　　　　　　　　　　　  4.0  1.5 20.3 15.3 11.7 17 17.3                           
062537010622100359ラヴィングユー　　　　　　　　　　　 12.2  2.7  9.9 10.1  6.7 12  0.0                           
062537010722104816トロピカルレイン　　　　　　　　　　 14.2  3.0  3.5  2.1  1.8  7 10.8                           
062537010822101763ピコグリーン　　　　　　　　　　　　 34.6  6.3 -8.8 -0.7 -2.9  2  0.0  0                        
062537010922107300シンガソング　　　　　　　　　　　　  6.3  1.8 12.8 20.7 11.4 16  0.0                           
062537011022104440ハーモニーソング　　　　　　　　　　  2.5  1.3 19.3 18.3 12.5 17 15.9                           
062537011122105989リリアンファスト　　　　　　　　　　 19.9  4.0 -6.3 -2.0 -2.6  2  0.0                           
062537011222109130カシノベティ　　　　　　　　　　　　 81.3 13.6-15.0 -7.3 -7.2 -2  0.0                           
062537011322101421サトミノマリア　　　　　　　　　　　 15.9  3.3  0.4  6.4  2.5  7  0.0                           
062537011422104881エウテルペ　　　　　　　　　　　　　 19.8  4.0 -5.1 -1.1 -1.9  3  0.0                           
062537020122104840カーフキック　　　　　　　　　　　　  2.6  1.2 22.0  7.1  9.2 14 15.9                           
062537020222105495マーゴットゲイン　　　　　　　　　　 22.4  4.1 -4.4 -2.0 -2.1  3  0.0                           
062537020322101791セブンスウェイ　　　　　　　　　　　  8.5  2.2 13.3  9.7  7.5 13  0.0                           
062537020422105276リザードアイランド　　　　　　　　　  4.0  1.4 15.2 16.2 10.5 15 18.8                           
062537020522101174リネンフラッシュ　　　　　　　　　　 24.5  4.4-12.1 -8.8 -6.9 -2  0.0                           
062537020622104496スコーピオンイメル　　　　　　　　　  3.3  1.3 21.3 14.3 11.6 17 17.3                           
062537020722107159キャバリエクエスト　　　　　　　　　 40.5  6.9-15.0 -8.7 -7.7 -3  0.0                           
062537020822103763ブラーブデシジョン　　　　　　　　　 33.6  5.9-15.0 -0.7 -4.8  0  0.0  0                        
062537020922107074ロジアヴァンセ　　　　　　　　　　　 12.3  2.6  3.6-12.0 -3.3  2  0.0                           
062537021022105408パブリックスフィア　　　　　　　　　 13.8  2.8 -2.1  2.0  0.1  5  0.0  5                        
062537030122103846ショーモッシュ　　　　　　　　　　　  4.6  1.7 14.6 21.4 12.2 17 17.3                           
062537030222102173リケアエスプレッソ　　　　　　　　　 30.9  6.5  1.6 -3.9 -0.9  4  0.0                           
062537030322102290ペイシャケリー　　　　　　　　　　　 18.2  4.1 -0.2  4.8  1.7  7  0.0                           
062537030422100840クールマーキュリー　　　　　　　　　 56.3 11.0-13.0  6.2 -1.6  3  0.0                           
062537030522103235カフェブーケット　　　　　　　　　　 19.7  4.4  4.9 -2.0  0.7  6  0.0                           
062537030622101875アオイフォトグラフ　　　　　　　　　 99.1 18.8-11.6 -1.9 -4.2  1  0.0                           
062537030722101760ビレッジルミエール　　　　　　　　　 21.6  4.7 -6.5-10.3 -5.7 -1  0.0                           
062537030822103924ショウナンラリー　　　　　　　　　　  3.0  1.4 18.8 17.5 12.1 17 15.9                           
062537030922102555フルグライト　　　　　　　　　　　　 21.7  4.7  0.1  6.0  2.2  7  0.0                           
062537031022101661アルパインハット　　　　　　　　　　  5.8  1.9  9.0 16.8  8.9 14  0.0                           
062537031122103369ベルレオーネ　　　　　　　　　　　　 27.9  5.9-11.6-15.5 -9.2 -4  0.0                           
062537031222100039アイビーガオー　　　　　　　　　　　 50.5 10.2 -6.0 -2.0 -2.5  2  0.0                           
062537031322100304エスシーレベッカ　　　　　　　　　　 28.9  6.1-11.6-10.0 -7.1 -2  0.0                           
062537031422102567オロパタジン　　　　　　　　　　　　 13.6  3.3 -4.8  4.6  0.2  5 10.8                           
062537031522104876コウソクグルーヴ　　　　　　　　　　  7.7  2.3  7.7  9.5  5.8 11 10.1                           
062537031622106235ウインレアリゼ　　　　　　　　　　　 13.9  3.3  2.8-10.0 -2.8  2  0.0                           
062537040122103502ホウオウサンサール　　　　　　　　　  4.6  1.4 15.9 20.6 12.3 17  9.4                           
062537040222102871エイシンパルサー　　　　　　　　　　 23.6  4.2 -0.2 -3.0 -1.2  4  0.0  5                        
062537040322106564タガノアニマシオン　　　　　　　　　 19.4  3.6 -4.3  2.1 -0.5  4 11.6                           
062537040422105940メイショウコウベ　　　　　　　　　　  3.2  1.3 20.3 20.0 13.4 18 17.3                           
062537040522106799コスモグッドラック　　　　　　　　　 13.3  2.7 -2.7  7.1  1.8  7  0.0                           
062537040622102303アスクコモンタレヴ　　　　　　　　　  9.3  2.2 12.1  4.6  5.3 10  0.0                           
062537040722106695ジュンベルベット　　　　　　　　　　 62.5  9.7-15.0 -2.0 -5.2  0  0.0                           
062537040822103418ステイラッキー　　　　　　　　　　　 32.4  5.5 -8.8-15.5 -8.3 -3  0.0                           
062537040922102336ミヤファイター　　　　　　　　　　　 58.4  9.1 -4.3 -2.0 -2.0  3  0.0                           
062537041022102534グランスターオー　　　　　　　　　　 83.3 12.7-11.6 -1.9 -4.2  1  0.0                           
062537041122100863ハッスルアニキ　　　　　　　　　　　 39.6  6.5-10.7-10.0 -6.9 -2  0.0                           
062537041222101255ステイアンビシャス　　　　　　　　　 24.9  4.4 -6.0  6.0  0.4  5  0.0                           
062537041322105195アルティテュード　　　　　　　　　　  2.4  1.2 17.8 15.0 10.8 16 15.9                           
062537050122102988トレヴィ　　　　　　　　　　　　　　  3.4  1.3 17.9 22.9 13.8 19 17.3  1  125   77              
062537050222102028ルクストリッド　　　　　　　　　　　144.6 17.6-12.1-10.0 -7.3 -2  0.0                           
062537050322102164ムーンナイト　　　　　　　　　　　　 58.4  7.5-12.1-15.7 -9.4 -4  0.0                           
062537050422103031ジャスマン　　　　　　　　　　　　　 31.0  4.4-10.3 -1.0 -3.5  2 13.0  0                        
062537050522105616エマリオンレイ　　　　　　　　　　　 32.0  4.5 -4.8  6.0  0.8  6  0.0                           
062537050622100242オニムシャ　　　　　　　　　　　　　 30.9  4.4 -0.1-14.7 -5.4  0  0.0  0                        
062537050722105144リバーバレイト　　　　　　　　　　　  1.8  1.2 23.7 26.3 16.8 22 15.9                           
062537050822106853テルケンユミカグラ　　　　　　　　　 19.7  3.1  6.3  6.0  4.1  9  0.0                           
062537050922104468フルールネージュ　　　　　　　　　　 97.2 12.1-11.6 -9.5 -7.0 -2  0.0                           
062537051022101812クラウンジュエル　　　　　　　　　　 62.9  8.1-11.6 -9.8 -7.1 -2  0.0                           
062537051122103144タイキブライトン　　　　　　　　　　  8.5  1.8 12.8 10.3  7.6 13  0.0                           
062537051222105393タッチザシーリング　　　　　　　　　 32.2  4.6 -7.7  4.5 -0.7  4  0.0                           
062537051322100846キャレ　　　　　　　　　　　　　　　 24.3  3.6 -6.6 -2.0 -2.7  2 11.6                           
062537051422106349アレナトーレ　　　　　　　　　　　　 42.1  5.7 -8.6 -2.0 -3.3  2  0.0                           
062537051522100792ワイドリューレント　　　　　　　　　 12.6  2.2 10.3  6.4  5.4 10  0.0                           
062537051622103034アズーラ　　　　　　　　　　　　　　 94.1 11.7-15.0 -2.8 -5.5 -1  0.0                           
062537060122106065ホリーアン　　　　　　　　　　　　　 24.6  4.3-12.1-11.5 -7.8 12  0.0                           
062537060222103316キタノクニカラ　　　　　　　　　　　 19.3  3.6 -4.7  8.2  1.6 22  0.0                           
062537060322104716シェーンシュティア　　　　　　　　　  6.4  1.8 11.2 16.0  9.2 29 10.1                           
062537060422105078ミッキーマドンナ　　　　　　　　　　  2.1  1.2 20.4 26.3 15.8 36 15.9                           
062537060522107342ザラタン　　　　　　　　　　　　　　  4.2  1.4 16.9 15.4 10.7 31  9.4                           
062537060622105057ノビリシマビジョン　　　　　　　　　  4.0  1.4 15.1 13.5  9.5 29 17.3                           
062537060722105801ショウナンサムデイ　　　　　　　　　 10.6  2.3  3.9 10.8  5.1 25  0.0  5                        
062537060822102920ギフテッド　　　　　　　　　　　　　 15.6  3.0 -2.3  5.1  1.2 21  0.0                           
062537070121106840パーセルペーパー　　　　　　　　　　 34.4  6.9-12.1 -7.3 -6.3 14  0.0                           
062537070221105214モアナフリューゲル　　　　　　　　　 31.9  6.4-12.6 -2.0 -4.5 15  0.0                           
062537070321105106タッチアンドムーブ　　　　　　　　　  7.6  2.2 13.7 12.6  8.7 29 10.9                           
062537070421105765ミッキースターダム　　　　　　　　　 19.0  4.2  8.9  5.3  4.6 25  0.0                           
062537070521105911アンドローゼス　　　　　　　　　　　 19.1  4.2  4.7  9.0  4.7 25  0.0                           
062537070620103100ファイナルヒート　　　　　　　　　　  6.9  2.1  9.9 15.5  8.7 29 20.2                           
062537070721105453エラン　　　　　　　　　　　　　　　  4.1  1.6 17.0 12.5  9.7 30  0.0                           
062537070821100514キタノマキシム　　　　　　　　　　　 57.8 10.8-12.1 -7.4 -6.3 14  0.0                           
062537070921105035イージーブリージー　　　　　　　　　  5.5  1.8  9.8 13.5  7.9 28  9.4                           
062537071020104748ファルコンミノル　　　　　　　　　　 22.0  4.6 -5.3-15.8 -7.4 13  0.0                           
062537071120104986ロジウムエポック　　　　　　　　　　 37.9  7.5-11.6-10.0 -7.1 13  0.0                           
062537071221105052ルージュランブル　　　　　　　　　　 28.2  5.8 -7.0-10.0 -5.8 14  0.0                           
062537071321103689ミサトベレーザ　　　　　　　　　　　130.7 23.7-10.3-14.2 -8.3 12  0.0  0                        
062537071421105859フォルラニーニ　　　　　　　　　　　  3.0  1.4 20.4 18.1 12.8 33 15.9                           
062537071521100574アオイメルスイ　　　　　　　　　　　 43.6  8.6  2.0 -9.2 -2.8 17  0.0                           
062537080121102954ダイタジャスティス　　　　　　　　　 52.3  9.6-12.1-12.0 -8.0 12  0.0                           
062537080221109063ストロングブラック　　　　　　　　　 42.3  7.9 -7.3  5.3 -0.2 20  0.0                           
062537080319105456ダノンフューチャー　　　　　　　　　 11.9  2.7  4.4  2.8  2.3 22  0.0                           
062537080421103129マリンバンカー　　　　　　　　　　　  4.9  1.7 13.0 18.5 10.7 31 17.3A 3                        
062537080520105137ヴァンナチュール　　　　　　　　　　 37.1  7.0 -1.0  9.0  3.0 23  0.0                           
062537080621104618タリスマン　　　　　　　　　　　　　 19.7  4.1  1.7 -2.0 -0.2 20  0.0                           
062537080719106923ウッドショック　　　　　　　　　　　  6.7  2.0 12.2 20.1 11.0 31  0.0                           
062537080820101655マンダリンボレロ　　　　　　　　　　 10.8  2.5 11.3  7.4  6.1 26 10.9                           
062537080921106063ネオシルバー　　　　　　　　　　　　  2.4  1.3 20.3 18.3 12.8 33 15.9                           
062537081021109113アベベ　　　　　　　　　　　　　　　 55.3  9.8-12.1-10.4 -7.4 13  0.0                           
062537081121102531ミヤジテン　　　　　　　　　　　　　 49.3  9.1-11.6-13.9 -8.6 11  0.0  0                        
062537081221105969タナバタ　　　　　　　　　　　　　　 16.9  3.6 -3.1 -8.6 -4.1 16  0.0                           
062537081321101002ミランカ　　　　　　　　　　　　　　 25.0  4.9-10.3-14.3 -8.3 12  0.0                           
062537081419104558マグマオーシャン　　　　　　　　　　  7.3  2.1  9.7  5.7  5.0 25 10.1                           
062537090118103485ジャガード　　　　　　　　　　　　　 31.1  5.5 -5.6 -7.3 -4.4 26  0.0                           
062537090221105880レッドエヴァンス　　　　　　　　　　  2.6  1.3 21.5 15.5 12.1 42 15.9                           
062537090321102633フーコサンライズ　　　　　　　　　　 34.5  6.0 -9.8-10.1 -6.6 23 15.9                           
062537090421110165ピコアーガイル　　　　　　　　　　　  7.3  2.0  9.8  4.7  4.7 35 10.1                           
062537090520100956スーパーマン　　　　　　　　　　　　  7.2  1.9  8.1 21.5 10.3 40  0.0                           
062537090621105833カリーシ　　　　　　　　　　　　　　  3.3  1.4 18.5 17.2 11.9 42 17.3                           
062537090721105619スミレファースト　　　　　　　　　　 15.9  3.2  8.5  8.4  5.6 36  0.0                           
062537090820101763トーホウフランゴ　　　　　　　　　　 28.6  5.1 -8.2 -6.1 -4.7 25  0.0                           
062537090919103887シックザイン　　　　　　　　　　　　 41.1  7.1-12.1-10.3 -7.4 23  0.0                           
062537091021103710ヘルメース　　　　　　　　　　　　　 23.7  4.4 -1.1-10.3 -4.1 26  0.0                           
062537091119104675アップストローク　　　　　　　　　　 12.8  2.7  2.5-13.4 -4.2 26  0.0                           
062537091219105738ピンクセイラー　　　　　　　　　　　 22.8  4.2 -0.9 -1.0 -0.6 29  0.0                           
062537091319103193トリップトゥムーン　　　　　　　　　 29.2  5.2-10.3 -8.8 -6.3 24  0.0                           
062537100121105272タンゴバイラリン　　　　　　　　　　  7.4  2.3  7.4  6.0  4.4 39  0.0                           
062537100219104816レイトカンセイオー　　　　　　　　　157.5 29.6-11.6-10.0 -7.1 28  0.0                           
062537100321102078ジョージテソーロ　　　　　　　　　　  5.9  1.9  6.6 10.5  5.8 41 10.1                           
062537100419102648エスティメート　　　　　　　　　　　108.3 20.6-11.6 -8.7 -6.7 28  0.0                           
062537100520104632ハッスルダンク　　　　　　　　　　　 25.6  5.5 -6.6-10.3 -5.8 29  0.0                           
062537100621103306コトホドサヨウニ　　　　　　　　　　  5.8  1.9 13.1  1.9  4.6 40  8.6                           
062537100721105360ロジアデレード　　　　　　　　　　　  5.9  1.9 16.0 13.5  9.8 45 18.8                           
062537100820105761マイネルカーライル　　　　　　　　　 22.1  4.8-10.0 -1.8 -3.7 31  0.0                           
062537100921103732エリカサファイア　　　　　　　　　　 30.9  6.5 -7.1-14.0 -7.3 28  0.0                           
062537101021104456ウンガイソウテン　　　　　　　　　　 15.7  3.7  8.6 -2.2  1.8 37  0.0                           
062537101119105188クロースコンバット　　　　　　　　　 30.1  6.3 -5.2 -2.0 -2.3 33  0.0                           
062537101218101243オレデイイノカ　　　　　　　　　　　 39.9  8.2-12.1-12.4 -8.2 27  0.0                           
062537101321110127テリフィックプラン　　　　　　　　　  2.7  1.4 21.6 16.7 12.6 48 15.9C                          
062537101419106414アスクビックスター　　　　　　　　　 45.7  9.3 -3.2-10.1 -4.7 30  0.0                           
062537101519101168レッドラパルマ　　　　　　　　　　　 24.5  5.3 -7.0  8.4  1.0 36  0.0                           
062537101620103566シェットランド　　　　　　　　　　　 41.6  8.5-11.6-11.3 -7.6 27  0.0                           
062537110118103677ネビーイーム　　　　　　　　　　　　 12.1  3.0  8.8  5.6  4.7 40  0.0                           
062537110218104463テイエムタツマキ　　　　　　　　　　 37.6  7.7 -7.1-10.1 -5.8 29  0.0                           
062537110318102170マイネルグロン　　　　　　　　　　　  6.1  2.0 15.8 20.0 12.1 47 10.8                           
062537110418103308ジューンベロシティ　　　　　　　　　  3.5  1.5 20.7 14.8 11.6 47 15.9                           
062537110518104994アランデル　　　　　　　　　　　　　 18.3  4.1 -3.5  0.6 -0.8 34  0.0                           
062537110620103446スマイルスルー　　　　　　　　　　　  3.7  1.5 18.4 14.8 10.9 46 17.3                           
062537110719101614エコロデュエル　　　　　　　　　　　  6.0  1.9 13.1  8.6  7.1 42  0.0                           
062537110819104899インプレス　　　　　　　　　　　　　  5.0  1.7 14.0 10.4  8.0 43  9.4                           
062537110919106330プラチナドリーム　　　　　　　　　　 48.3  9.7-12.1 -7.4 -6.3 29  0.0                           
062537111018105291ザレストノーウェア　　　　　　　　　 39.6  8.0 -8.5-12.0 -6.9 28  0.0                           
062537111117104128バーンパッション　　　　　　　　　　 23.2  5.0 -5.7  9.3  1.7 37  0.0                           
062537111220105611ピーターサイト　　　　　　　　　　　 35.2  7.2-12.1-10.0 -7.3 28  0.0                           
062537120119102761グレタ　　　　　　　　　　　　　　　 35.5  7.3 -6.6 16.1  3.9 34  0.0                           
062537120220107095メモリーグラス　　　　　　　　　　　 22.8  4.9 -1.5  7.1  2.2 32  0.0                           
062537120319102321キングクー　　　　　　　　　　　　　 14.2  3.4  5.7 10.4  5.5 36  0.0                           
062537120421103711ロサンゼルス　　　　　　　　　　　　  3.6  1.5 15.6 15.5 10.4 40 17.3                           
062537120521104145オセアエクスプレス　　　　　　　　　 20.6  4.6 -7.1  4.5 -0.5 30  0.0                           
062537120618106597キュムロンニンバス　　　　　　　　　 42.1  8.5-11.6-13.9 -8.6 21  0.0  0                        
062537120720101052ルーラルハピネス　　　　　　　　　　  4.4  1.6 17.6  7.9  8.2 38  9.4                           
062537120819101351セキテイオー　　　　　　　　　　　　 38.4  7.8-11.6-13.7 -8.5 21  0.0  0                        
062537120920103888ベルシャンソン　　　　　　　　　　　 33.1  6.8-11.6-10.0 -7.1 23  0.0                           
062537121017105634メラーキ　　　　　　　　　　　　　　 43.0  8.7 -8.5 -2.0 -3.3 27  0.0                           
062537121119105344コースタルテラス　　　　　　　　　　 45.5  9.1 -8.8-10.0 -6.3 24  0.0                           
062537121217104086ヤマカツパトリシア　　　　　　　　　 31.8  6.6-12.9-10.1 -7.6 22  0.0                           
062537121320102636アンスリウム　　　　　　　　　　　　 22.6  4.9  7.7  8.4  5.4 35  0.0                           
062537121421102573メイショウヤーキス　　　　　　　　　  6.4  2.0 12.0 10.8  7.6 38 10.1                           
062537121521100338テセラリアン　　　　　　　　　　　　  3.6  1.5 21.6 17.5 12.9 43 15.9                           
062537121618101894ターニングアップ　　　　　　　　　　 64.7 12.4-12.1-13.9 -8.7 21  0.0  0                        
092527010122100687ゼットヒーロ　　　　　　　　　　　　 34.8  5.9 -4.0-14.5 -5.8 -1  0.0                           
092527010222105794ラテライト　　　　　　　　　　　　　 65.5 10.3 -9.7-12.4 -7.3 -2  0.0                           
092527010322105172デザフィアドール　　　　　　　　　　 15.1  3.0 -1.3  6.8  1.6  7  0.0                           
092527010422104653アイドルアイズ　　　　　　　　　　　 53.4  8.7-11.3-10.2 -7.2 -2  0.0                           
092527010522104585サダルメリク　　　　　　　　　　　　 15.6  3.1  0.5  8.8  2.8  8  0.0                           
092527010622101500ミッキーティラミス　　　　　　　　　 99.9 15.4-11.3-10.4 -7.3 -2  0.0                           
092527010722106614ネトル　　　　　　　　　　　　　　　 11.2  2.4  0.2 -1.2 -0.3  5  0.0  0                        
092527010822100995グロウミニョン　　　　　　　　　　　 29.0  5.0  2.5 -0.9  0.6  6 28.0                           
092527010922103228メイショウハマギク　　　　　　　　　 25.5  4.5  4.1 -8.2 -1.0  4  0.0                           
092527011022105834エールラヴィクトワ　　　　　　　　　 47.2  7.8-11.3-11.5 -7.6 -3  0.0                           
092527011122101706ガールズデイアウト　　　　　　　　　  2.5  1.3 18.3 16.3 11.6 17 16.2                           
092527011222100101アレーティア　　　　　　　　　　　　  3.3  1.4 15.8 27.9 14.2 19 17.7  1  213   76              
092527011322102460ハッピードリーム　　　　　　　　　　 12.3  2.6  4.3  7.8  3.9  9  0.0                           
092527011422102954アンジュアルディ　　　　　　　　　　  8.6  2.1 13.3  3.5  5.9 11  0.0                           
092527011522103065ローズゴジャール　　　　　　　　　　 59.4  9.4-11.3-11.8 -7.7 -3  0.0                           
092527011622104408トップレディー　　　　　　　　　　　 40.7  6.8 -5.8-15.5 -6.8 -2 21.6                           
092527020122105090アラモアナ　　　　　　　　　　　　　  4.5  1.8 14.3  3.3  6.2 11 17.7                           
092527020222103346メイショウヨンク　　　　　　　　　　 28.9  6.7 -0.5 -1.2 -0.5  4  0.0                           
092527020322110097アーロッタレット　　　　　　　　　　 27.3  6.4 -6.9 -7.9 -4.9  0  0.0                           
092527020422105302ヴリトラハン　　　　　　　　　　　　  8.8  2.8  8.4 27.5 11.3 16 15.4                           
092527020522106719アスクザアメリカン　　　　　　　　　  5.8  2.0 10.9  4.2  5.3 10 19.1                           
092527020622110157レーヴドアンジュ　　　　　　　　　　 11.1  3.0  5.8  3.8  3.3  8  0.0                           
092527020722103634メイショウサトノヒ　　　　　　　　　  4.2  1.7 10.5  5.8  5.6 11 16.2                           
092527020822100176メイショウアオコチ　　　　　　　　　 12.8  3.4 -0.5  6.1  1.6  7  0.0                           
092527020922106262アースノイド　　　　　　　　　　　　  7.4  2.4  3.3  3.9  2.4  7  0.0                           
092527021022104364アイズミサクラ　　　　　　　　　　　 38.0  8.6-11.3 -4.0 -5.3  0  0.0  5                        
092527021122110087ララアヴリル　　　　　　　　　　　　 11.6  3.1  9.0  8.1  5.7 11  0.0                           
092527021222107278ゼットエール　　　　　　　　　　　　 35.1  8.0 -6.7 -4.4 -3.8  1  0.0                           
092527021322103935スマートエレーヌ　　　　　　　　　　 33.8  7.7 -9.5-11.5 -6.9 -2  0.0                           
092527021422106313マイティーパワー　　　　　　　　　　 41.6  9.4-11.3-11.8 -7.7 -3  0.0                           
092527021522106227ウインハイエスト　　　　　　　　　　128.1 26.7-11.3-11.9 -7.7 -3  0.0                           
092527021622101065アラクシュミー　　　　　　　　　　　 34.6  7.9-11.3-15.5 -8.8 -4  0.0                           
092527030122110027サンリットアワーズ　　　　　　　　　 14.8  3.3  2.2 13.5  4.9 10 16.5                           
092527030222103587ミラクルブルー　　　　　　　　　　　 17.0  3.8 -3.9 -7.5 -3.7  1  0.0                           
092527030322110029ジョインザフレイ　　　　　　　　　　 44.7  8.6 -6.9-12.8 -6.4 -1  0.0                           
092527030422105931タイセイアルジャン　　　　　　　　　 65.9 12.1-11.3-13.1 -8.1 -3  0.0                           
092527030522100688セーデルマンランド　　　　　　　　　 15.1  3.4 -1.4 -2.9 -1.4  4  0.0                           
092527030622104861ヤノマスティーロ　　　　　　　　　　  3.6  1.5 13.7 23.6 12.1 17 17.7  2                        
092527030722104225エールヴィリース　　　　　　　　　　 74.3 13.6-11.3-11.5 -7.6 -3  0.0                           
092527030822104125トラスティソード　　　　　　　　　　 33.7  6.7-11.3-10.2 -7.2 -2  0.0                           
092527030922105727メリトーリアス　　　　　　　　　　　 19.1  4.1  1.0 -0.2  0.3  5  0.0                           
092527031022107191メイショウキタダケ　　　　　　　　　 48.1  9.3-11.3-11.8 -7.7 -3  0.0                           
092527031122110061ブレスドナイル　　　　　　　　　　　 26.2  5.3 -7.3-15.5 -7.3 -2  0.0                           
092527031222110055アインプレーゲン　　　　　　　　　　 12.2  2.9  5.7 10.7  5.3 10  0.0                           
092527031322110123クロノスバレット　　　　　　　　　　  7.8  2.2  9.3  9.9  6.4 11  0.0                           
092527031422103612ガウラサンダー　　　　　　　　　　　 52.0  9.9-11.3-12.9 -8.0 -3  0.0                           
092527031522106566ダイシンレアレア　　　　　　　　　　  3.2  1.5 17.3 16.1 11.2 16 16.2                           
092527031622106083ファルコンバローズ　　　　　　　　　  7.2  2.1 11.4  9.4  7.0 12 19.1                           
092527040122106295スイッチビスケット　　　　　　　　　 57.0 10.3  0.1-13.1 -3.9  1  0.0                           
092527040222103905エンゲージプライド　　　　　　　　　  9.0  2.4 13.9  8.2  7.6 13  0.0                           
092527040322102504キタノプレンティ　　　　　　　　　　 33.7  6.5 -8.4  1.7 -2.6  2  0.0  0                        
092527040422101437ジャストキングダム　　　　　　　　　 49.6  9.3-11.3 -4.7 -5.6 -1  0.0  0                        
092527040522105280ファーングロット　　　　　　　　　　  2.5  1.3 21.9 28.6 16.6 22 16.2  1  183   54              
092527040622106903アルファシリウス　　　　　　　　　　 38.0  7.3 -8.4-12.8 -6.9 -2  0.0                           
092527040722103281タイセイルシエル　　　　　　　　　　 52.6  9.8-11.3-12.4 -7.9 -3  0.0                           
092527040822104834トルストイ　　　　　　　　　　　　　 14.9  3.3  2.9 -8.7 -1.5  3 17.5  0                        
092527040922105389サンライズロジャー　　　　　　　　　 46.7  8.8-11.3 -7.5 -6.4 -1  0.0                           
092527041022102429ミッキーコンドル　　　　　　　　　　 14.3  3.2  4.9  7.4  4.0  9 23.5                           
092527041122105584ロッツオブプランズ　　　　　　　　　 14.0  3.1  8.1  9.3  5.8 11  0.0                           
092527041222105249エンハンス　　　　　　　　　　　　　 19.3  4.1-11.3 -6.3 -6.0 -1  0.0                           
092527041322105036グティ　　　　　　　　　　　　　　　 20.2  4.2  0.0 -2.8 -0.8  4  0.0  5                        
092527041422102199アルマデオロ　　　　　　　　　　　　  4.9  1.7 15.7 17.4 11.0 16 17.7                           
092527041522104777スティレセイル　　　　　　　　　　　 27.9  5.5 -5.5 -2.2 -2.7  2  0.0                           
092527041622102196サンライズシュガー　　　　　　　　　  7.0  2.1  5.8  6.0  3.9  9  0.0                           
092527050122107149ヴォラヴィア　　　　　　　　　　　　 17.8  7.0 -0.7  1.8  0.3 20  0.0                           
092527050222104397トッピボーン　　　　　　　　　　　　  2.7  1.4 20.0 20.1 13.4 33 16.2                           
092527050322104555ゴッドヴァレー　　　　　　　　　　　 18.4  7.2 -1.5-12.0 -4.2 16  0.0                           
092527050422105068メディテラニアン　　　　　　　　　　  2.7  1.4 16.5 26.3 13.9 34 17.7                           
092527050522105773リアライズオーラム　　　　　　　　　  2.9  1.5 16.7 17.3 11.3 31 19.1                           
092527050622105104ベストファンタジー　　　　　　　　　 19.5  7.6-11.3 -7.5 -6.4 14  0.0                           
092527050722110069ジューンエオス　　　　　　　　　　　  8.1  3.7  0.4  0.2  0.2 20 14.4                           
092527060122106996ゴージャス　　　　　　　　　　　　　 10.7  2.4  2.7  0.8  1.2 21  0.0                           
092527060222100159クインズショコラ　　　　　　　　　　  8.8  2.3  4.2  6.1  3.4 23 15.4                           
092527060322105761シュヴァルム　　　　　　　　　　　　  4.1  1.4 10.6 14.1  8.1 28 19.1                           
092527060422103798クリノスワロー　　　　　　　　　　　  3.5  1.4 13.5 25.9 12.7 33 17.7  2                        
092527060522104656ネティフラウ　　　　　　　　　　　　  5.7  1.7 14.4 10.8  8.5 29  0.0                           
092527060622104500ディアマイハニー　　　　　　　　　　 36.6  6.6-11.3 -8.8 -6.8 13  0.0                           
092527060722104990マリーヌ　　　　　　　　　　　　　　  2.7  1.3 20.0 18.0 12.7 33 16.2                           
092527060822104512タマモカンパネラ　　　　　　　　　　 16.2  3.3 -6.4 -0.4 -2.5 18  0.0                           
092527070120103048ティムール　　　　　　　　　　　　　  3.0  1.3 19.9 17.9 12.7 33 17.7                           
092527070220105976セルリアンミナギル　　　　　　　　　 25.8  4.8-11.3-10.2 -7.2 13  0.0                           
092527070321104976ベトルス　　　　　　　　　　　　　　  4.7  1.5 13.2 16.9  9.9 30 19.1  4                        
092527070420101323アットアブラスト　　　　　　　　　　 26.5  4.9 -6.9 -7.5 -4.8 15  0.0                           
092527070521105164プレカーサー　　　　　　　　　　　　 44.0  7.7-11.2-10.6 -7.3 13  0.0                           
092527070620102273ムーンスカイ　　　　　　　　　　　　 10.9  2.4  1.8 -3.4 -0.4 20  0.0  0                        
092527070721106768コスモアミマネラ　　　　　　　　　　 15.8  3.3  6.4  7.2  4.5 25  0.0                           
092527070821105577ダイヤモンドレイン　　　　　　　　　  5.6  1.7 12.1 12.1  8.1 28 14.4                           
092527070921105433アクアヴァーナル　　　　　　　　　　  3.0  1.3 18.3 16.9 11.8 32 16.2                           
092527071021105047マサハヤヴォス　　　　　　　　　　　 20.8  4.1 -8.2-14.7 -7.4 13  0.0                           
092527080120100052シルヴァーデューク　　　　　　　　　 18.2  4.5-11.8-10.2 -7.4 13  0.0                           
092527080221106544タガノヘラクレス　　　　　　　　　　 16.0  4.1 -3.9-13.8 -5.6 14 25.0                           
092527080319101985ダイシンビヨンド　　　　　　　　　　 16.8  4.2 -4.5  8.1  0.8 21  0.0                           
092527080419102215サク　　　　　　　　　　　　　　　　  6.7  2.2  8.9-15.5 -1.4 19 20.6                           
092527080520102675ダノンクロム　　　　　　　　　　　　 17.5  4.4-11.3-10.2 -7.2 13  0.0                           
092527080621105528サトノエンパイア　　　　　　　　　　 38.4  8.7-11.6 -8.8 -6.9 13  0.0                           
092527080719101406ラブカヒルー　　　　　　　　　　　　 49.3 11.0-11.3-13.1 -8.1 12  0.0                           
092527080821105416ラガークイン　　　　　　　　　　　　  5.8  2.0 19.9  7.4  9.5 30  0.0                           
092527080921105868バーケンティン　　　　　　　　　　　  3.9  1.7 15.4 13.9  9.8 30 11.3                           
092527081021101304サンウリエル　　　　　　　　　　　　 19.0  4.7  0.2  6.7  2.1 22  0.0                           
092527081120104570ルージュクレセント　　　　　　　　　 19.8  4.9 -6.9 -4.8 -4.0 16  0.0                           
092527081221104978マルカオペラ　　　　　　　　　　　　  9.2  2.8  7.7  8.6  5.4 25  0.0                           
092527081321105022グローブアマランス　　　　　　　　　  4.9  1.9 11.9 15.4  9.0 29  0.0                           
092527081421105289オタルグリーン　　　　　　　　　　　 12.4  3.3  1.8  4.7  2.1 22 23.5                           
092527090121110039コーティアスマナー　　　　　　　　　 14.4  3.5  0.5 13.1  4.1 34  0.0  5                        
092527090218105096レッドフランカー　　　　　　　　　　 37.4  7.8-11.8-10.2 -7.4 23  0.0                           
092527090321100703ブループリマドンナ　　　　　　　　　 58.2 11.5 -5.5 -1.9 -2.6 27  0.0                           
092527090420104091カッティングジェム　　　　　　　　　  6.1  2.0  9.4 19.3  9.2 39 13.4                           
092527090520102687バックトゥザライト　　　　　　　　　 11.3  2.9  4.1  2.4  2.2 32  0.0                           
092527090619102656ロードオルデン　　　　　　　　　　　 38.3  8.0 -8.9 -7.5 -5.5 24  0.0                           
092527090720100665ジャスパーバローズ　　　　　　　　　 22.8  5.0 -8.9 -1.3 -3.7 26  0.0                           
092527090820104561タイガースパーク　　　　　　　　　　 39.5  8.2 -7.0-14.2 -6.8 23 33.8                           
092527090921102503ジョニール　　　　　　　　　　　　　 15.3  3.6  4.1 -0.3  1.4 31  0.0                           
092527091021102797フィリップ　　　　　　　　　　　　　  4.0  1.6 16.5 11.4  9.5 39 17.7                           
092527091117100447リュクスウォリアー　　　　　　　　　 50.2 10.3-11.3-11.6 -7.6 22  0.0                           
092527091221110008ルディック　　　　　　　　　　　　　  3.5  1.5 15.0 20.7 11.7 42 16.2  2                        
092527091317100728シャイニーズラン　　　　　　　　　　 62.0 12.2-11.3-13.1 -8.1 22  0.0                           
092527091421104424グラティアスミノル　　　　　　　　　 24.3  5.3  5.9  9.3  5.0 35  0.0                           
092527091519105322アルファヒディ　　　　　　　　　　　 11.9  3.0 -1.8  7.8  1.7 32  0.0                           
092527091619101860スピリットワールド　　　　　　　　　  8.6  2.5  0.1 -3.3 -1.0 29  0.0                           
092527100121105374クイックバイオ　　　　　　　　　　　  6.6  2.1 12.6  7.5  6.9 37  0.0                           
092527100220102140アンビバレント　　　　　　　　　　　 29.1  6.2 -9.0-10.2 -6.4 24  0.0                           
092527100321105540サロニコス　　　　　　　　　　　　　 13.7  3.3 -2.1 -6.0 -2.6 27  0.0                           
092527100417101767ベンガン　　　　　　　　　　　　　　 48.8  9.9-11.3-13.8 -8.3 22  0.0                           
092527100521105752レディマリオン　　　　　　　　　　　  8.0  2.4  9.8  7.5  5.8 36 19.1                           
092527100621105702プシプシーナ　　　　　　　　　　　　 25.8  5.5-11.3-10.2 -7.2 23  0.0                           
092527100719103806ベルウッドブラボー　　　　　　　　　 45.6  9.3-11.2-10.6 -7.3 23  0.0                           
092527100820104083テラステラ　　　　　　　　　　　　　  9.1  2.6  8.5  2.9  4.0 34 16.5                           
092527100920106519モズアンタレス　　　　　　　　　　　 18.3  4.2  6.9 12.3  6.2 36  0.0                           
092527101021105970コンフェルマ　　　　　　　　　　　　 12.1  3.0  1.6  6.9  2.7 33  0.0                           
092527101121101412スカイハイ　　　　　　　　　　　　　  2.5  1.4 21.1 23.2 14.7 45 16.2                           
092527101221105591ジュンゴールド　　　　　　　　　　　  8.4  2.5  6.8 13.0  6.4 36 22.1  3                        
092527101321104928トラペジスト　　　　　　　　　　　　  8.4  2.5  4.0  5.8  3.2 33  0.0                           
092527101421105039ゴールドサーベル　　　　　　　　　　 53.0 10.7-11.3-12.3 -7.8 22  0.0                           
092527110120104136サンデーファンデー　　　　　　　　　 16.3  3.5  6.0  3.4  3.2 53  0.0                           
092527110219104589トウセツ　　　　　　　　　　　　　　 42.6  7.9-11.3-10.2 -7.2 43  0.0                           
092527110318105431ミッキーヌチバナ　　　　　　　　　　 13.5  3.0 -5.6  8.4  0.5 50 15.4                           
092527110420102904オメガギネス　　　　　　　　　　　　  6.5  1.9 10.5 -2.2  3.2 53  0.0                           
092527110519105746ホウオウルーレット　　　　　　　　　 23.5  4.7  6.5 -2.4  1.7 52  0.0                           
092527110620100960マーブルロック　　　　　　　　　　　 13.8  3.1 -4.9 -0.5 -1.9 48  0.0                           
092527110720102750タイトニット　　　　　　　　　　　　 16.8  3.6 -1.5 -4.3 -1.8 48  0.0                           
092527110821105615ミッキーファイト　　　　　　　　　　  2.4  1.3 22.7 27.5 16.6 67 15.9                           
092527110920105599ヤマニンウルス　　　　　　　　　　　  5.1  1.7 13.9 14.1  9.3 59 17.7                           
092527111019105993ラインオブソウル　　　　　　　　　　 41.8  7.8-12.2-10.2 -7.5 42  0.0                           
092527111119101198マリオロード　　　　　　　　　　　　 35.2  6.7-10.1-20.0 -9.7 40  0.0  0                        
092527111217103290ハギノアレグリアス　　　　　　　　　  7.3  2.1 14.3  8.0  7.6 58 20.6                           
092527111319105604ブレイクフォース　　　　　　　　　　 20.8  4.3 -8.0-15.8 -7.7 42  0.0                           
092527120121103586ガウラスパーク　　　　　　　　　　　 41.4  7.9-11.3-12.9 -8.0 12  0.0                           
092527120221105736カルパ　　　　　　　　　　　　　　　  5.7  1.8 12.2 15.8  9.2 29 12.4                           
092527120320100271フォティック　　　　　　　　　　　　 21.0  4.4 -6.4 10.2  0.7 21  0.0                           
092527120420104913グランデスフィーダ　　　　　　　　　 15.6  3.5  6.5 -1.9  1.8 22  0.0                           
092527120521101153ピエナクレスコ　　　　　　　　　　　 77.4 13.9-11.8 -9.9 -7.3 13  0.0                           
092527120621110140スターメイデン　　　　　　　　　　　 68.8 12.4-11.8-11.5 -7.8 12  0.0                           
092527120721110134エンブレムボム　　　　　　　　　　　 39.7  7.6-11.3-11.2 -7.5 12  0.0                           
092527120820106182メイショウホウセン　　　　　　　　　 50.9  9.6 -8.8-13.8 -7.4 13  0.0                           
092527120920100948ウォーターリーダー　　　　　　　　　 12.0  2.8 -2.0 -3.6 -1.8 18 20.6                           
092527121021105933アシャカブラン　　　　　　　　　　　 18.0  3.9 -5.5 -2.0 -2.6 17  0.0                           
092527121121103708マイティマイティー　　　　　　　　　  2.3  1.3 19.8 24.6 14.6 35 16.2                           
092527121221100090エイシンコクスン　　　　　　　　　　  5.9  1.8 12.9 16.4  9.6 30 19.1                           
092527121319104100メイショウイヌワシ　　　　　　　　　 60.9 11.1 -8.9-12.1 -6.9 13  0.0                           
092527121421103842ニホンピロカラット　　　　　　　　　 13.2  3.0  3.3-14.2 -3.0 17  0.0                           
092527121521100680ベレニーチェ　　　　　　　　　　　　 18.9  4.0  5.0  4.2  3.1 23  0.0                           
092527121619100665エンドレスロード　　　　　　　　　　 14.5  3.3 -1.1  5.2  1.2 21  0.0                           
