042446010122103588スノーリン　　　　　　　　　　　　　 16.4  3.5 -5.2 -2.0 -2.3  3  0.0                           
042446010222103308ミッドセンチュリー　　　　　　　　　 20.8  4.3-11.9-17.0 -9.8 -5  0.0  0                        
042446010322100068メイショウキンタイ　　　　　　　　　  5.9  1.8  7.7 10.0  6.0 11  0.0                           
042446010422106831エキゾチックガール　　　　　　　　　 11.3  2.6  1.3 -1.2 -0.1  5  0.0                           
042446010522102773リアライズハロック　　　　　　　　　 21.8  4.4 -4.0-10.0 -4.9  0 11.5                           
042446010622106792コスモアチーブ　　　　　　　　　　　 20.7  4.3 -6.6-18.0 -8.6 -4  0.0                           
042446010722106830サンカシグレ　　　　　　　　　　　　  2.5  1.3 20.8 16.4 12.3 17  6.7                           
042446010822105880ショウナンバージ　　　　　　　　　　  9.0  2.4  7.9 -2.0  1.6  7  0.0                           
042446010922102956エンマ　　　　　　　　　　　　　　　  4.4  1.6 14.3  6.0  6.5 11 14.2                           
042446011022104503ハイタイド　　　　　　　　　　　　　  5.7  1.8 11.7 29.0 14.1 19 15.3  1  190   67              
042446020122105887ツリートップムーン　　　　　　　　　 21.7  4.2 -9.9-10.0 -6.6 -2  0.0                           
042446020222100256フレンドシルバー　　　　　　　　　　 25.1  4.8-13.8 -4.2 -5.7 -1  0.0                           
042446020322106099ハルノアラシ　　　　　　　　　　　　  2.5  1.2 20.1 26.9 15.9 21 13.0                           
042446020422105136レッドギフテッド　　　　　　　　　　  4.2  1.4 15.6 17.0 10.9 16  7.9                           
042446020522102097チュラビックタイム　　　　　　　　　  5.6  1.7 15.6 20.8 12.3 17 16.5  3                        
042446020622103778ライフゲート　　　　　　　　　　　　  8.1  2.2  5.1  4.6  3.2  8  8.6                           
042446020722103472キョウエイスレーヴ　　　　　　　　　 20.0  4.0 -2.1  3.0  0.5  5  0.0                           
042446020822107134タガノマカシヤ　　　　　　　　　　　  4.0  1.4 18.3 20.0 12.8 18  0.0                           
042446020922104140ロワゾブルーチヌ　　　　　　　　　　 25.6  4.9-12.3-10.0 -7.4 -2  0.0                           
042446030120104215ケイアイメキラ　　　　　　　　　　　  3.9  1.4 13.4 15.0  9.5 30 14.2                           
042446030220100719キャロルビアンカ　　　　　　　　　　 16.9  3.2 -9.9-10.0 -6.6 13  0.0                           
042446030321105923ミスサラワク　　　　　　　　　　　　  6.7  1.8 13.0 12.0  8.3 28  0.0                           
042446030420102668メダルラッシュ　　　　　　　　　　　 12.4  2.5 10.4 -2.0  2.4 22  0.0                           
042446030518103802イモータルソウル　　　　　　　　　　 26.6  4.6 -0.9-10.0 -3.9 16  0.0                           
042446030619103592ベイビールビオ　　　　　　　　　　　  7.5  1.9 12.6  6.8  6.3 26  8.5                           
042446030721102980メイショウソムリエ　　　　　　　　　  2.1  1.2 23.0 20.0 14.2 34 13.0                           
042446030821105023メンドロントット　　　　　　　　　　 17.3  3.3  0.1 -3.0 -1.1 19 10.4                           
042446030920103023ヘラクレスノット　　　　　　　　　　 27.3  4.7-11.9-10.0 -7.2 13  0.0                           
042446031021105451オウケンヴィーナス　　　　　　　　　 14.0  2.8 -6.8 -3.2 -3.2 17  0.0                           
042446040121104487ヒカルエリザベス　　　　　　　　　　 20.9  8.2 -5.7-10.0 -5.4 -5  0.0                           
042446040220102872シャドウダッチェス　　　　　　　　　  2.8  1.4 15.2 17.5 11.0 11  7.3                           
042446040320102932タロントゥーズ　　　　　　　　　　　  8.8  4.0 -1.1-10.0 -4.0 -4  8.6                           
042446040418105814マケルナマサムネ　　　　　　　　　　 17.0  6.7-12.3-10.0 -7.4 -7  0.0                           
042446040518103724ミスズグランドオー　　　　　　　　　  6.0  2.8 15.8  4.6  6.4  6  8.1                           
042446040620101779サンマルグレイト　　　　　　　　　　  3.8  1.9 16.4 12.0  9.3  9  7.9                           
042446040719101464サラフィエル　　　　　　　　　　　　  2.7  1.4 18.3 17.5 11.9 12 13.0                           
042446050122103571サヤヒメ　　　　　　　　　　　　　　 33.9  6.3-11.9-12.0 -8.0 -8  0.0  0                        
042446050222100936キャストライトオン　　　　　　　　　 31.5  5.9 -1.9-14.5 -5.9 -6 11.5  0                        
042446050322102463スザンナ　　　　　　　　　　　　　　 34.2  6.3 -1.0-20.0 -7.6 -8 12.6  0                        
042446050422107140グレイトフルトップ　　　　　　　　　 51.0  9.1-11.9 -2.4 -4.4 -4  0.0                           
042446050522105361ノワスティエ　　　　　　　　　　　　 18.0  3.7  0.3-10.0 -3.6 -4  0.0                           
042446050622103750スピリットライズ　　　　　　　　　　  3.6  1.4 15.9 10.4  8.6  9  7.3                           
042446050722105566プレイアブルゲーム　　　　　　　　　 39.4  7.2 -1.0-16.1 -6.2 -6  0.0  0                        
042446050822101908イズルード　　　　　　　　　　　　　 12.4  2.7  1.4 10.8  4.4  4  0.0                           
042446050922102964チャンピオンリボン　　　　　　　　　 94.2 15.9-11.9-19.0-10.5-11  0.0  0                        
042446051022103872ヒカルプリンセス　　　　　　　　　　 51.0  9.1-11.9-10.0 -7.2 -7  0.0                           
042446051122110080スリーニューウェイ　　　　　　　　　 26.0  5.0  4.8  8.4  4.5  5  0.0  4                        
042446051222101204サツキレジーナ　　　　　　　　　　　 19.4  3.9 -7.2 -2.0 -2.9 -3  0.0                           
042446051322100916パラモランド　　　　　　　　　　　　 48.8  8.7 -8.0-10.0 -6.1 -6  0.0                           
042446051422105611ワイドクリーガー　　　　　　　　　　 24.5  4.7  1.5 -1.9 -0.2  0  0.0                           
042446051522107049ソープストーン　　　　　　　　　　　 30.5  5.7-11.9-19.1-10.6-11  0.0  0                        
042446051622106438タマモブラウンタイ　　　　　　　　　  4.9  1.6 16.6 26.0 14.5 15  7.9                           
042446051722101443サウスバンク　　　　　　　　　　　　  2.7  1.3 23.9 20.0 14.5 15 13.0                           
042446060120104336ダオラダオラ　　　　　　　　　　　　 34.7  5.9-12.3-10.0 -7.4 13  0.0                           
042446060221103064メイショウコナン　　　　　　　　　　  6.9  1.9 15.3  6.0  6.8 27  0.0                           
042446060321103040イッツナッシング　　　　　　　　　　 17.1  3.3 -5.7-11.6 -6.0 14  0.0                           
042446060420103593リックスター　　　　　　　　　　　　 26.3  4.7-11.9-13.2 -8.4 12  0.0                           
042446060521103154メイショウカシワデ　　　　　　　　　  2.7  1.3 17.1 26.0 14.7 35 13.0                           
042446060621104052ウヌボレヤサン　　　　　　　　　　　 12.2  2.5  2.4 12.0  5.1 25  0.0                           
042446060719106923ウッドショック　　　　　　　　　　　  6.7  1.8 13.1  3.0  5.0 25  0.0                           
042446060820102185アッティラ　　　　　　　　　　　　　 19.8  3.7  0.3 10.8  4.1 24  0.0                           
042446060920106549イデアユウシン　　　　　　　　　　　  9.4  2.3  8.2  1.9  3.2 23 17.7                           
042446061020102273ムーンスカイ　　　　　　　　　　　　  3.0  1.3 19.1 20.0 13.1 33 14.2                           
042446070118106352キヨラ　　　　　　　　　　　　　　　 14.5  3.6  0.5 -2.0 -0.6 19  0.0                           
042446070221104890ロンギングドルチェ　　　　　　　　　 26.8  6.0-11.9  1.0 -3.2 17 12.6  0                        
042446070321104931ルージュカエラ　　　　　　　　　　　  3.6  1.5 16.1  8.8  8.1 28  0.0                           
042446070421104901パロサント　　　　　　　　　　　　　 45.0  9.5 -8.8-20.0-10.0 10  0.0  0                        
042446070521105491テリオスルル　　　　　　　　　　　　 25.6  5.7-11.9 -5.4 -5.6 14  0.0                           
042446070621105911アンドローゼス　　　　　　　　　　　 21.8  5.0 -1.9-10.0 -4.2 16  0.0                           
042446070720103209セレスティアリティ　　　　　　　　　 24.6  5.5 -7.6  6.0 -0.1 20  0.0                           
042446070820106925メイショウノブカ　　　　　　　　　　  8.2  2.5 12.6 20.0 11.1 31  8.5                           
042446070921105415ドーンコーラス　　　　　　　　　　　  4.5  1.7 13.3 23.5 12.6 33  7.9                           
042446071020102868ピクシレーション　　　　　　　　　　  8.3  2.5  7.4-20.0 -5.1 15  0.0                           
042446071121105209チビノシエラザード　　　　　　　　　 25.8  5.8 -1.2 -2.0 -1.1 19 12.1                           
042446071219105764スノーディザイア　　　　　　　　　　 52.8 11.1-11.9-10.9 -7.6 12  0.0                           
042446071321103217ジョセフィーナ　　　　　　　　　　　 18.3  4.3  1.2-10.0 -3.3 17  0.0                           
042446071421104951モンディーン　　　　　　　　　　　　 56.9 11.6 -4.9-10.0 -5.1 15  0.0                           
042446071521105035イージーブリージー　　　　　　　　　  4.3  1.6 16.7 15.0 10.5 31 14.2                           
042446080119102510アップフルーク　　　　　　　　　　　 50.9 12.8-11.9 -1.0 -3.9 16  0.0  5                        
042446080221107068ミスサン　　　　　　　　　　　　　　 94.3 22.6-11.9-20.0-10.9  9  0.0                           
042446080320103261アウクソー　　　　　　　　　　　　　 14.3  4.1 -1.8 12.0  3.9 24  0.0                           
042446080419104374アカザ　　　　　　　　　　　　　　　 75.9 18.3-15.0-10.0 -8.2 12  0.0                           
042446080521103338ネイルンノ　　　　　　　　　　　　　  6.6  2.5 14.7 -1.2  4.0 24 15.3                           
042446080620103608アイリッシュパール　　　　　　　　　  7.9  2.8 13.8  6.0  6.3 26  0.0                           
042446080721104896アシセバイラ　　　　　　　　　　　　 17.7  5.0-12.1  2.5 -2.7 17  0.0                           
042446080821104920ジーティーポライト　　　　　　　　　 19.3  5.3 14.6 13.3  9.3 29  0.0                           
042446080920103614ラクサパーナ　　　　　　　　　　　　  5.9  2.3  2.4  5.7  2.8 23  6.7                           
042446081018100094ナムラシベラ　　　　　　　　　　　　  6.4  2.4 13.0  6.0  6.1 26  7.3                           
042446081121103289レディーエンジェル　　　　　　　　　 23.4  6.2 -2.4-10.0 -4.4 16  0.0                           
042446081220102208マテンロウアネモス　　　　　　　　　  9.0  3.1 12.2 -7.3  1.0 21  9.2  0                        
042446081318101951タガノスペルノヴァ　　　　　　　　　  8.9  3.1  6.3  6.0  4.1 24  8.6                           
042446081420100997マルモリディライト　　　　　　　　　 15.0  4.3  2.8 -2.0  0.1 20  0.0                           
042446081521106994ニシノルミリオン　　　　　　　　　　 17.1  4.8 -6.6 12.0  2.4 22  0.0  5                        
042446081620102640サイモンオリーブ　　　　　　　　　　 17.2  4.8-10.7-10.0 -6.9 13  0.0                           
042446081720101660ケイパブル　　　　　　　　　　　　　 28.6  7.5-11.9 -2.4 -4.4 16  0.0                           
042446081819100677ビヨンドザタイム　　　　　　　　　　 25.4  6.7-11.9  4.6 -1.9 18  0.0                           
042446090121100594アンバーニードル　　　　　　　　　　 19.5  4.3 -0.3  3.5  1.2 21  0.0                           
042446090221102401グランテレーズ　　　　　　　　　　　 26.7  5.6 -2.2-10.0 -4.3 16  0.0                           
042446090319105765ハウファアイルゴー　　　　　　　　　104.8 19.4-11.9-17.0 -9.8 10  0.0  0                        
042446090420106817タイキバルドル　　　　　　　　　　　 31.8  6.5-11.9-10.0 -7.2 13  0.0                           
042446090519101403プラチナジェット　　　　　　　　　　 58.3 11.1-11.9-10.0 -7.2 13  0.0                           
042446090621102433アートフォーム　　　　　　　　　　　 38.5  7.7 -9.8-10.0 -6.6 13  0.0                           
042446090721101399ヴァンヴィーヴ　　　　　　　　　　　 39.7  7.9 -4.7-20.0 -8.7 11  0.0  0                        
042446090821105537ビダーヤ　　　　　　　　　　　　　　  4.2  1.6 14.8 22.5 12.7 33 14.2  2                        
042446090920103073サウンドレイラ　　　　　　　　　　　 22.9  4.9 -1.0  6.0  1.9 22  0.0                           
042446091020103410ディバイングレース　　　　　　　　　 24.0  5.1 -2.0  0.0 -0.6 19 10.9                           
042446091121105880レッドエヴァンス　　　　　　　　　　 13.6  3.2 10.5 32.9 15.2 35 16.5  1  221   62              
042446091221101630グランドハーバー　　　　　　　　　　 26.6  5.5 -3.5  7.9  1.8 22  0.0                           
042446091318105515パノティア　　　　　　　　　　　　　 46.0  9.1-11.9-11.7 -7.9 12  0.0                           
042446091418100096キトゥンズマーチ　　　　　　　　　　 28.3  5.8 -3.0 -7.7 -3.7 16  0.0                           
042446091521100564エフォートレス　　　　　　　　　　　  3.0  1.4 22.3 13.0 11.5 31  6.7                           
042446091621101023アイファーバトル　　　　　　　　　　 22.7  4.8-11.9 20.0  3.8 24  0.0  4                        
042446091721107097ララバッカナール　　　　　　　　　　  4.6  1.6 13.7 20.0 11.4 31  0.0                           
042446091821100019マサノカナリア　　　　　　　　　　　 19.2  4.2  0.3-10.0 -3.6 16  0.0                           
042446100120104099マーシヴィガラス　　　　　　　　　　 18.7  4.2 -9.1 -2.0 -3.5 27  0.0                           
042446100219104720クロンヌドラレーヌ　　　　　　　　　 46.2  9.3-11.9 -6.0 -5.8 24  0.0                           
042446100320100897ルソレイユ　　　　　　　　　　　　　 24.8  5.3 -1.6  7.4  2.2 32  0.0  5                        
042446100421102295チュウワキャリア　　　　　　　　　　 11.4  2.8  8.6  6.2  4.9 35  0.0                           
042446100517100728シャイニーズラン　　　　　　　　　　 62.4 12.1-12.3-10.0 -7.4 23  0.0                           
042446100621106307モリノセピア　　　　　　　　　　　　  4.1  1.6 14.1  4.1  5.7 36 14.2                           
042446100721102953パドマ　　　　　　　　　　　　　　　 11.2  2.8  5.1  6.0  3.7 34  0.0                           
042446100819102491プレイテシア　　　　　　　　　　　　  3.2  1.4 19.1 15.0 11.2 41  6.7                           
042446100920103316スペキオサレジーナ　　　　　　　　　 18.2  4.1 -2.0 -2.0 -1.3 29  0.0                           
042446101019105819バンドールロゼ　　　　　　　　　　　 35.2  7.3-12.1-19.1-10.6 19  0.0  0                        
042446101120102702ストリンジェンド　　　　　　　　　　  5.0  1.7 12.4  9.9  7.3 37 15.3  5                        
042446101220105157ミルトハンター　　　　　　　　　　　 45.0  9.1-12.3 -5.3 -5.6 24  0.0  5                        
042446101320104363バスドラムガール　　　　　　　　　　 79.7 15.2-12.3-10.0 -7.4 23  0.0                           
042446101421110122アメリカンチケット　　　　　　　　　  8.0  2.4 10.4 13.7  8.1 38  8.1  1  131   54              
042446101519103600キュートヘスティア　　　　　　　　　 24.7  5.3 -2.9-10.0 -4.5 25  0.0                           
042446110119105448エリカヴィータ　　　　　　　　　　　 16.7  3.8  2.0 12.0  5.0 50 10.4  5                        
042446110218103507イヤサカ　　　　　　　　　　　　　　 21.8  4.7 -9.1 -2.4 -3.6 41  0.0                           
042446110318104011ファユエン　　　　　　　　　　　　　  4.8  1.8 17.0  2.5  6.0 51  7.3                           
042446110419100787エリオトローピオ　　　　　　　　　　 35.0  7.1 -8.4-10.0 -6.2 39  0.0                           
042446110520102762メインクーン　　　　　　　　　　　　 12.7  3.0  9.3 -2.0  2.1 47  0.0                           
042446110619101629グランスラムアスク　　　　　　　　　  7.1  2.2 12.1 17.5 10.0 55 15.3  1  239   67              
042446110720110060ホールネス　　　　　　　　　　　　　  2.8  1.4 22.2 23.4 15.2 60  6.7  1  131   54              
042446110818106314エープラス　　　　　　　　　　　　　 19.7  4.4-11.9  9.0 -0.3 45  0.0                           
042446110920105631エミュー　　　　　　　　　　　　　　 20.5  4.5-11.9  2.4 -2.7 42 11.5                           
042446111018101943タガノパッション　　　　　　　　　　 12.7  3.0  3.2 10.0  4.6 50  0.0                           
042446111119104159カヨウネンカ　　　　　　　　　　　　 25.4  5.3 -9.1-18.8 -9.6 35  0.0  0                        
042446111220105760エリダヌス　　　　　　　　　　　　　  9.3  2.6  5.5 14.5  7.0 52  0.0  5                        
042446111318105286ミスフィガロ　　　　　　　　　　　　  9.3  2.6  5.5  6.0  3.8 49  0.0                           
042446120121101682ギルティプレジャー　　　　　　　　　 13.5  3.1  3.0  6.0  3.1 23  0.0                           
042446120219101399ザウリ　　　　　　　　　　　　　　　  5.5  1.8 14.0 15.0  9.7 30  7.9                           
042446120320107103ターンソウル　　　　　　　　　　　　 33.6  6.6-15.0-10.0 -8.2 12  0.0                           
042446120421110075スターチスブーケ　　　　　　　　　　 23.5  4.8-12.3  3.5 -2.4 18  0.0                           
042446120521110156ドゥータップ　　　　　　　　　　　　  3.3  1.4 18.2  9.3  8.9 29 13.0  2                        
042446120621103595ビーコング　　　　　　　　　　　　　  8.8  2.4  6.1  6.0  4.0 24  0.0                           
042446120720103918ワタシダケドナニカ　　　　　　　　　 43.2  8.3-11.9-20.0-10.9  9  0.0                           
042446120819103318リオンラファール　　　　　　　　　　 27.0  5.4 -2.5  9.5  2.7 23  0.0                           
042446120917109029ルールシェーバー　　　　　　　　　　 32.0  6.3  1.5 -3.7 -0.9 19  0.0  5                        
042446121021110123アメリカンチーフ　　　　　　　　　　 24.9  5.1 -7.3  9.9  1.4 21  0.0  5                        
042446121119104128クイーンアポーン　　　　　　　　　　 18.7  4.0 -5.1 -2.0 -2.3 18  0.0                           
042446121221102573メイショウヤーキス　　　　　　　　　  7.4  2.1 12.0 10.0  7.3 27  8.1                           
042446121321110136アメリカンマーチ　　　　　　　　　　  3.4  1.4 18.0  8.5  8.5 29 14.2                           
052446010122104860ヴィジブルライト　　　　　　　　　　  4.2  1.5 10.7 25.6 12.6 18  0.0                           
052446010222103115キョウキランブ　　　　　　　　　　　  7.1  2.1  8.7 11.0  6.6 12 10.8                           
052446010322103855ケイアイカラキア　　　　　　　　　　  5.7  1.8 14.9 12.2  8.9 14 10.1                           
052446010422101067ファイアトリック　　　　　　　　　　 18.3  3.9 -1.6 -2.0 -1.2  4  0.0                           
052446010522104128トップオブグローリ　　　　　　　　　 18.5  3.9  2.4 -6.0 -1.5  4  0.0                           
052446010622103578ルジュウェール　　　　　　　　　　　 25.5  5.1 -2.0  6.0  1.6  7  0.0                           
052446010722104053ミトノオルフェ　　　　　　　　　　　  2.8  1.3 19.4 20.6 13.4 18 15.9  2                        
052446010822101234オオタチ　　　　　　　　　　　　　　  4.1  1.5 18.3 13.4 10.4 15 17.3                           
052446010922103323チューリップ　　　　　　　　　　　　 44.4  8.4-12.6-10.6 -7.7 -3  0.0                           
052446011022107159キャバリエクエスト　　　　　　　　　 27.2  5.4-14.3-10.2 -8.0 -3  0.0                           
052446020122100678ニシノヒナアラレ　　　　　　　　　　  8.4  2.0  6.9 20.4  9.6 15 10.1                           
052446020222104544ラファエラエンゼル　　　　　　　　　 27.7  4.6-12.7-11.9 -8.2 -3  0.0                           
052446020322105378ステレオプシス　　　　　　　　　　　 15.1  2.9  6.2  5.6  3.9  9  0.0                           
052446020422103034アズーラ　　　　　　　　　　　　　　 44.6  7.1 -8.8 -2.9 -3.7  1  0.0                           
052446020522105138ダノンリュラ　　　　　　　　　　　　  2.2  1.2 23.2 24.1 15.8 21 15.9                           
052446020622106777コスモサンブライト　　　　　　　　　 31.8  5.2 -8.8  6.1 -0.4  5  0.0                           
052446020722105781バレドラパン　　　　　　　　　　　　 14.1  2.7  0.6  1.6  0.8  6 10.8                           
052446020822100075ブラックティンカー　　　　　　　　　 18.2  3.3-12.1  4.1 -2.1  3  0.0                           
052446020922105499プリンセスロロ　　　　　　　　　　　  3.6  1.3 14.6 13.9  9.5 14  8.7                           
052446021022105532カリーン　　　　　　　　　　　　　　  4.6  1.4 14.6 10.5  8.2 13  9.4                           
052446030122103514ピジョンポイント　　　　　　　　　　  5.1  1.4 16.2 21.4 12.7 18 18.8                           
052446030222105241ソナタン　　　　　　　　　　　　　　  2.8  1.2 18.6 13.5 10.5 16 17.3                           
052446030322102016テルケンレングレー　　　　　　　　　 41.1  6.1-12.1 -2.8 -4.7  0  0.0                           
052446030422104264ライヴスプーン　　　　　　　　　　　 34.7  5.3 -3.2 -6.0 -3.2  2  0.0                           
052446030522102598コスモグリッター　　　　　　　　　　 21.8  3.6-11.6 -8.1 -6.4 -1  0.0                           
052446030622104576リケアダージリン　　　　　　　　　　 20.1  3.4 -3.4-10.6 -4.9  0  0.0                           
052446030722102387プレミアブルー　　　　　　　　　　　  8.2  1.9  9.3  9.6  6.3 11  0.0                           
052446030822103083センジュコスモス　　　　　　　　　　 13.5  2.5  7.5  8.7  5.4 10  0.0                           
052446030922107233エポカリーナ　　　　　　　　　　　　 31.1  4.8 -8.5-14.1 -7.7 -3  0.0  0                        
052446031022104859プレシャスデイ　　　　　　　　　　　  2.4  1.2 22.1 17.5 13.0 18 15.9                           
052446040122101653イグニススピリタス　　　　　　　　　 24.5  5.0 -9.6-11.2 -7.0 -7  0.0                           
052446040222101145ジュリスタ　　　　　　　　　　　　　 12.9  3.0  9.2  8.0  5.7  6  0.0                           
052446040322110104アメリカンビヨンド　　　　　　　　　  2.4  1.3 23.1 13.8 12.0 12 15.9                           
052446040422106908マーゴットオービス　　　　　　　　　 64.8 11.7-10.3 -2.0 -3.8 -4  0.0                           
052446040522100278ハーレムシャフル　　　　　　　　　　 27.1  5.4-12.6-14.1 -8.9 -9  0.0                           
052446040622102356ニッシンゲッポ　　　　　　　　　　　 26.7  5.3 -6.7-11.3 -6.2 -6 13.7                           
052446040722102455ヘイケ　　　　　　　　　　　　　　　 50.5  9.5 -6.0  3.6 -0.5  0  0.0                           
052446040822100580ブレードダンシング　　　　　　　　　 44.7  8.5-10.3-10.7 -7.0 -7  0.0                           
052446040922107284ライズトゥザトップ　　　　　　　　　  5.1  1.7 14.3 18.0 10.9 11 17.3  2                        
052446041022106858コトリノサエズリ　　　　　　　　　　 19.1  4.1 -1.3  0.6 -0.2  0  0.0                           
052446041122110007スナッピードレッサ　　　　　　　　　  5.8  1.8 14.8 13.1  9.2  9  9.4                           
052446041222103312キャプティバ　　　　　　　　　　　　164.7 28.7-12.1 -2.9 -4.7 -5  0.0                           
052446041322104334ヒソカ　　　　　　　　　　　　　　　164.7 28.7-12.1-12.9 -8.4 -8  0.0                           
052446041422105257ウフドゥウフ　　　　　　　　　　　　  6.7  2.0 14.1  2.8  5.3  5  0.0                           
052446041522104205ブルーカミング　　　　　　　　　　　 10.9  2.6  6.7  8.9  5.3  5  0.0                           
052446041622100243フェスティヴレッツ　　　　　　　　　 76.0 13.6-12.6-12.6 -8.4 -8  0.0  0                        
052446050122105057ノビリシマビジョン　　　　　　　　　 18.7  4.7 -0.5 -2.0 -0.9 -1  0.0                           
052446050222104589ベアリミッション　　　　　　　　　　  8.9  2.8 10.0  7.8  5.9  6  0.0                           
052446050322100486ロアヴィヴィエンヌ　　　　　　　　　 51.4 11.6 -9.1 -7.1 -5.3 -5  0.0                           
052446050422106234ピエノダモーレ　　　　　　　　　　　 43.2  9.9-12.1 -7.5 -6.4 -6  0.0                           
052446050522101818ジェイエルマスター　　　　　　　　　 17.9  4.5 -6.6-10.9 -6.0 -6  0.0                           
052446050622105252バトラーズワーフ　　　　　　　　　　 21.8  5.3 -7.8  9.6  1.2  1  0.0                           
052446050722104685エネルジコ　　　　　　　　　　　　　  4.6  1.8 16.4 17.1 11.2 11  0.0                           
052446050822104113アタックスリー　　　　　　　　　　　 40.6  9.3-11.6 -6.9 -6.0 -6  0.0                           
052446050922100887ゲンパチルーナ　　　　　　　　　　　 47.5 10.8-12.1-10.0 -7.3 -7  0.0                           
052446051022100360シュヴァルノワール　　　　　　　　　  7.4  2.5 12.1 13.0  8.4  8 20.2                           
052446051122105648ネスト　　　　　　　　　　　　　　　 53.1 12.0-12.1-14.1 -8.8 -9  0.0  0                        
052446051222106236ウインリバイバル　　　　　　　　　　 51.9 11.7-12.1-10.0 -7.3 -7  0.0                           
052446051322105043ジュンビクトワール　　　　　　　　　  5.8  2.1 15.3  8.6  7.7  8 18.8                           
052446051422102081ジーティーブライト　　　　　　　　　 47.1 10.7-11.6-11.0 -7.5 -8  0.0                           
052446051522105072ナヴァラトゥナ　　　　　　　　　　　  4.5  1.8  9.7  5.0  4.7  5 15.9                           
052446051622106545カンレイスキー　　　　　　　　　　　 31.3  7.3  0.7 -2.0 -0.5 -1  0.0                           
052446051722103501クリールスル　　　　　　　　　　　　  7.8  2.5  7.7 23.6 11.0 11  0.0                           
052446051822103895ミートザターゲット　　　　　　　　　 25.8  6.2 -6.9-10.0 -5.7 -6  0.0                           
052446060122100336フレンドビーチ　　　　　　　　　　　 12.3  2.3 -1.9-10.6 -4.5 16  0.0                           
052446060222103041カミーチェ　　　　　　　　　　　　　 39.4  5.9-15.0-10.0 -8.2 12  0.0                           
052446060322100737セイウンビッグバン　　　　　　　　　  2.0  1.2 22.1 21.8 14.6 35 15.9                           
052446060422101983ミライヘノブーケ　　　　　　　　　　  6.0  1.6 12.3  8.9  7.0 27 10.1                           
052446060522103329フェリスナビダ　　　　　　　　　　　 35.7  5.4-11.6 -7.1 -6.1 14  0.0                           
052446060622105429チギリ　　　　　　　　　　　　　　　  4.2  1.3 14.2 14.6  9.6 30  9.4  4                        
052446060722105317ミーントゥビー　　　　　　　　　　　  3.6  1.3 17.2 15.0 10.7 31 17.3                           
052446060822100286フタイテンホイール　　　　　　　　　 23.1  3.8 -8.8 -1.3 -3.1 17  0.0                           
052446070121105193マイフォーエバー　　　　　　　　　　 28.2  6.1-10.4  7.1 -0.5 19  0.0                           
052446070221101235ゴールデンオスカー　　　　　　　　　  8.2  2.5  5.9  6.0  4.0 24 10.1                           
052446070319102082トルーマンテソーロ　　　　　　　　　 10.6  2.7 -3.4  1.0 -0.7 19  0.0                           
052446070419107007パワポケビー　　　　　　　　　　　　 12.7  3.2  5.0  6.0  3.7 24  0.0                           
052446070520104623ムコウジマランプ　　　　　　　　　　  6.5  2.1 14.1 13.0  9.0 29 17.3                           
052446070620100558グレイスカリヨン　　　　　　　　　　  8.9  2.6 -1.1  8.0  2.6 23  0.0                           
052446070720103578ロッククリーク　　　　　　　　　　　 18.0  4.2 -6.9-10.9 -6.1 14  0.0                           
052446070819106938ブエナディオサ　　　　　　　　　　　 59.9 11.9-10.3-13.3 -8.0 12  0.0                           
052446070921105646タイセイレスポンス　　　　　　　　　  2.7  1.4 21.9 17.8 13.1 33 15.9                           
052446071021109113アベベ　　　　　　　　　　　　　　　 33.6  7.1-12.1-10.2 -7.4 13  0.0                           
052446071121102745ペッパーミル　　　　　　　　　　　　 19.8  4.5 -4.7  6.0  0.8 21  0.0                           
052446071221106666レイニングキャット　　　　　　　　　  6.6  2.1  8.7 12.8  7.3 27  9.4                           
052446071320102592アフトクラーティラ　　　　　　　　　 18.9  4.4 -0.9  1.0  0.1 20  0.0                           
052446071420104132スーパーリベロ　　　　　　　　　　　 44.3  9.2 -8.4-11.1 -6.6 13  0.0                           
052446080121106982カーリングホリデー　　　　　　　　　 17.8  3.9  6.7  6.6  4.4 24  0.0                           
052446080221105688セブンマイスター　　　　　　　　　　 11.3  2.7  3.5  4.9  2.8 23  0.0  4                        
052446080320102796ミラーオブマインド　　　　　　　　　  8.5  2.4 13.5  7.0  6.6 27  0.0                           
052446080421105971フラッシング　　　　　　　　　　　　  9.5  2.6 10.3  9.3  6.5 26 10.9                           
052446080519104005ブレットフライ　　　　　　　　　　　 11.8  2.8 -0.6  7.7  2.6 23 12.3                           
052446080621104561キタノライジン　　　　　　　　　　　 26.5  5.3 -8.8 -9.3 -6.1 14  0.0                           
052446080721103711ロサンゼルス　　　　　　　　　　　　 17.3  3.8 -6.4  5.9  0.2 20  0.0                           
052446080821101727ピコニ　　　　　　　　　　　　　　　  2.3  1.3 20.9 27.5 16.4 36 15.9  1  198   47              
052446080921107089ニシノアウェイク　　　　　　　　　　  6.5  2.0 13.2 12.0  8.4 28  8.6                           
052446081021106066メッエフアパラ　　　　　　　　　　　  8.7  2.4  7.4 12.0  6.6 27  0.0                           
052446081120102380ブッシュテソーロ　　　　　　　　　　 18.4  4.0 -6.8  8.0  0.9 21 14.4                           
052446081219100195ウインバリオス　　　　　　　　　　　 28.7  5.7 -6.2 -6.1 -4.1 16  0.0                           
052446090120102563ルカン　　　　　　　　　　　　　　　 26.6  4.9-12.9-10.1 -7.6 22  0.0                           
052446090219105369ヴィルトブリーゼ　　　　　　　　　　  6.1  1.8 11.8  5.0  5.4 35  0.0                           
052446090320105496ニシノコウフク　　　　　　　　　　　 10.7  2.4  9.8 -8.1  0.0 30  0.0                           
052446090420103228ビターグラッセ　　　　　　　　　　　  5.4  1.6 11.9  6.5  6.0 36  9.4                           
052446090521100206ニューステソーロ　　　　　　　　　　  3.6  1.4 20.5 21.2 13.9 44 17.3                           
052446090619104750ハイエスティーム　　　　　　　　　　  8.2  2.1 -2.5  6.8  1.7 32  0.0                           
052446090721105467フォーザボーイズ　　　　　　　　　　  2.5  1.3 21.0 32.1 18.1 48 15.9                           
052446090820105789ヴァイルマティ　　　　　　　　　　　  9.4  2.4 -5.0  9.7  2.1 32 11.5  5                        
052446100119104711トーセンリョウ　　　　　　　　　　　  2.7  1.2 20.2  9.6  9.6 45 15.9 1                         
052446100220105786マイネルエンペラー　　　　　　　　　  9.4  2.3 -1.2  1.7  0.3 35 10.8  0                        
052446100319104800エイカイマッケンロ　　　　　　　　　 13.9  2.8  0.0  5.5  2.0 37  0.0                           
052446100421106782コスモブッドレア　　　　　　　　　　  3.0  1.3 16.6 15.9 10.8 46  8.6                           
052446100520102925アームブランシュ　　　　　　　　　　 12.0  2.5 -0.1 10.5  3.8 39 11.6                           
052446100620104912アグラシアド　　　　　　　　　　　　  7.9  2.0 12.4  7.4  6.4 41 10.1                           
052446100718103535ホウオウラスカーズ　　　　　　　　　 18.2  3.4 -4.6-12.0 -5.8 29  0.0                           
052446100820109027ロジシルバー　　　　　　　　　　　　  4.7  1.5 14.3 11.0  8.3 43  0.0                           
052446110119102665フタイテンロック　　　　　　　　　　 14.9  3.5  1.3  0.0  0.4 45  0.0                           
052446110219105656カフジオクタゴン　　　　　　　　　　 23.4  5.1 -9.9-12.4 -7.5 37  0.0                           
052446110319105523メイプルリッジ　　　　　　　　　　　  3.0  1.4 21.0 25.2 15.5 61 15.9                           
052446110420103308オーロイプラータ　　　　　　　　　　 12.8  3.1 -2.3  3.4  0.6 46  0.0                           
052446110519105308タイセイドレフォン　　　　　　　　　 62.7 12.2-12.9-10.1 -7.6 37  0.0                           
052446110619106748リチュアル　　　　　　　　　　　　　  4.7  1.7 11.8 14.2  8.7 54  8.6                           
052446110718101087ヴァンヤール　　　　　　　　　　　　 13.1  3.2  7.0  2.8  3.1 48  0.0                           
052446110818105088テンカハル　　　　　　　　　　　　　 13.6  3.3 -6.1  7.4  0.9 46  0.0                           
052446110920104474ルクスフロンティア　　　　　　　　　  4.9  1.7 15.6 21.7 12.6 58 18.8  2                        
052446111019104983レッドファーロ　　　　　　　　　　　 33.0  6.9 -7.1 -8.7 -5.3 40  0.0  0                        
052446111121105387アンデスビエント　　　　　　　　　　 11.1  2.8  9.4  9.5  6.3 51 10.1  5                        
052446111218105251グロリアムンディ　　　　　　　　　　 20.6  4.6 -5.1 -8.1 -4.5 41  0.0                           
052446111320102095ペプチドソレイユ　　　　　　　　　　 15.1  3.6  1.7 -4.1 -1.0 44  0.0                           
052446120118100995ルーパステソーロ　　　　　　　　　　 44.8  8.9-12.1-10.0 -7.3 23  0.0                           
052446120219105064ファミリークレスト　　　　　　　　　 12.2  2.9 -4.9 -2.0 -2.2 28 11.6                           
052446120321100300エンセリオ　　　　　　　　　　　　　 10.9  2.7  7.7  6.5  4.7 35 10.9                           
052446120418101175サイモンメガライズ　　　　　　　　　 39.4  7.9-12.1-10.2 -7.4 23  0.0                           
052446120521105360ロジアデレード　　　　　　　　　　　  2.6  1.3 22.1 20.0 14.0 44 15.9                           
052446120619101121ララエフォール　　　　　　　　　　　 19.3  4.3 -1.4  4.1  1.1 31  0.0                           
052446120720103034ドライブアローカス　　　　　　　　　 18.0  4.0 -0.1 -1.1 -0.4 30  0.0                           
052446120819110074フィフティシェビー　　　　　　　　　 37.8  7.6-12.1-14.5 -8.9 21  0.0                           
052446120920103088ピックアップライン　　　　　　　　　  5.9  1.9 13.0 16.8 10.1 40  0.0                           
052446121020102843アッチャゴーラ　　　　　　　　　　　  5.6  1.8 15.5 11.0  8.7 39  8.6                           
052446121121105598ダノンスウィッチ　　　　　　　　　　  8.3  2.4 14.5  9.7  7.9 38  0.0                           
052446121220105361エリンアキレウス　　　　　　　　　　 20.8  4.6 -5.1  4.0 -0.1 30 14.4                           
052446121320106024ナックダンス　　　　　　　　　　　　 20.6  4.5-10.0-12.9 -7.7 22  0.0                           
052446121420103634ミスヨコハマ　　　　　　　　　　　　 28.2  5.8  0.3 -7.8 -2.8 27  0.0  0                        
082456010122106566ダイシンレアレア　　　　　　　　　　 27.1  4.1 -7.6-10.2 -5.8 -1  0.0                           
082456010222102966サンダーロード　　　　　　　　　　　  1.9  1.2 22.0 26.0 15.9 21 16.2  2                        
082456010322103119カガセブンスター　　　　　　　　　　  8.2  1.9  7.8 20.0  8.9 14  0.0  4                        
082456010422102052セルズパワー　　　　　　　　　　　　 14.8  2.6 -1.9-15.3 -5.3  0 16.5  0                        
082456010522102799タイセイアビリティ　　　　　　　　　  4.9  1.4 12.4  9.9  7.5 13 19.1                           
082456010622102943クリノランシャーク　　　　　　　　　 27.3  4.2-12.2 -9.7 -7.4 -2  0.0                           
082456010722105630カンタカナリート　　　　　　　　　　 11.3  2.2  9.5 10.9  6.8 12  0.0                           
082456010822105987アートレスマインド　　　　　　　　　  3.6  1.3 15.0 13.7  9.6 15 17.7                           
082456020122100452マルモリスパークル　　　　　　　　　  8.7  2.4  8.3 15.1  7.6 13 14.4                           
082456020222105235タイニービキニ　　　　　　　　　　　  4.2  1.5 13.2 19.9 10.8 16 19.1  3                        
082456020322100213ドラマツルギー　　　　　　　　　　　 26.2  5.2-10.1-13.0 -7.6 -3  0.0                           
082456020422101456ダイヤモンド　　　　　　　　　　　　  2.9  1.3 16.7 20.4 12.2 17 16.2                           
082456020522109114レーニス　　　　　　　　　　　　　　 17.2  3.7  1.4 11.2  3.9  9  0.0                           
082456020622101658タケノリッチ　　　　　　　　　　　　 12.7  2.9  2.6 -1.4  0.5  6  0.0  5                        
082456020722110077イリフィ　　　　　　　　　　　　　　  3.6  1.4 16.3 23.5 13.0 18 17.7  4                        
082456020822104308シカレ　　　　　　　　　　　　　　　 10.9  2.6 -4.0  2.5 -0.7  4  0.0                           
082456020922100273サンムーン　　　　　　　　　　　　　 17.9  3.8-11.3-10.2 -7.2 -2  0.0                           
082456021022103962ペイドラロワール　　　　　　　　　　 17.1  3.6  1.9 10.8  3.9  9  0.0                           
082456030122101117アイファーモービル　　　　　　　　　 17.9  3.8  6.8  6.5  4.4  4  0.0                           
082456030222100578キュールエアザミ　　　　　　　　　　 29.8  5.8-10.1 -4.1 -4.9 -5  0.0                           
082456030322102654マルモジーニー　　　　　　　　　　　 24.5  4.9  0.8-16.4 -4.6 -5  0.0  0                        
082456030422103195ヴェントインコーダ　　　　　　　　　  7.5  2.1 13.2 23.1 11.8 12 20.6                           
082456030522103211フェデラー　　　　　　　　　　　　　  2.4  1.3 21.9 21.1 14.4 14 16.2                           
082456030622102350ノアファースト　　　　　　　　　　　 83.1 14.7-11.2 -7.4 -6.3 -6  0.0                           
082456030722100109ワイドレッド　　　　　　　　　　　　 29.7  5.8 -5.3 -7.1 -4.1 -4  0.0                           
082456030822107135タガノテツ　　　　　　　　　　　　　 51.5  9.6-11.3-12.3 -7.8 -8  0.0                           
082456030922106115ライブリエクレール　　　　　　　　　 35.7  6.9 -3.8 -1.2 -1.8 -2  0.0                           
082456031022103746マキシマムビスタ　　　　　　　　　　  5.2  1.7  6.9 14.2  6.8  7  0.0                           
082456031122104653アイドルアイズ　　　　　　　　　　　  5.6  1.8  6.4 12.4  6.1  6 13.4                           
082456031222103282トップレジェンド　　　　　　　　　　 12.0  2.8  5.0  6.4  3.8  4 22.1                           
082456031322104343ブラックエンパイア　　　　　　　　　 52.9  9.8-11.3-14.0 -8.3 -8  0.0                           
082456031422101860ツルギトイシヅチ　　　　　　　　　　 28.5  5.6 -5.0 -7.1 -4.0 -4  0.0                           
082456031522101712バイアンドホールド　　　　　　　　　 72.8 12.9-11.3-10.2 -7.2 -7  0.0                           
082456031622103681コントリビュート　　　　　　　　　　 20.5  4.3 -6.9 -3.6 -3.6 -4  0.0                           
082456040122102747センビトウリョウ　　　　　　　　　　 33.9  7.2 -8.8-13.9 -7.4 -7  0.0                           
082456040222103205エリカエクスプレス　　　　　　　　　  3.4  1.5 16.0 18.2 11.3 11 16.2  2                        
082456040322104937ショウナンマハト　　　　　　　　　　 16.0  3.8  2.4 -0.8  0.6  1 25.0                           
082456040422104784ルクスジニア　　　　　　　　　　　　  7.4  2.3  5.8 15.5  6.8  7  0.0  3                        
082456040522105092ベレーザフィン　　　　　　　　　　　 44.5  9.2 -8.1-11.0 -6.3 -6  0.0                           
082456040622103269ミッシングユー　　　　　　　　　　　 22.7  5.0 -0.6 -0.5 -0.4  0  0.0                           
082456040722103245ミッキージュエリー　　　　　　　　　  4.2  1.7 19.4 19.8 13.1 13 17.7                           
082456040822102329ニンマリ　　　　　　　　　　　　　　110.4 21.3-11.3 -9.7 -7.1 -7  0.0                           
082456040922103230レイチェルバローズ　　　　　　　　　 30.2  6.4-10.1-11.3 -7.1 -7  0.0                           
082456041022100492マーゴットカーラ　　　　　　　　　　 38.9  8.1 -2.2-11.5 -4.3 -4  0.0                           
082456041122105186エルモドンナ　　　　　　　　　　　　 17.9  4.2 -8.4-13.9 -7.3 -7  0.0  0                        
082456041222104935フィヤール　　　　　　　　　　　　　  8.3  2.5 -2.8  9.8  1.9  2  0.0                           
082456041322104788ジュルナール　　　　　　　　　　　　 27.6  6.0  0.1  3.3  1.0  1  0.0                           
082456041422106072メルローズ　　　　　　　　　　　　　 65.1 12.8-11.3 -8.5 -6.7 -7  0.0                           
082456041522102128ミノリッチマイヤー　　　　　　　　　  8.3  2.5 14.3 20.3 11.3 11 14.4  1  178   51              
082456041622100457テレプシコーラ　　　　　　　　　　　 65.7 12.9-11.3-10.2 -7.2 -7  0.0                           
082456041722105339スピリットサージ　　　　　　　　　　 10.8  2.8  6.6  6.6  4.4  4  0.0  5                        
082456050122105497ピュアコレクション　　　　　　　　　 13.5  3.2  6.7  6.1  4.3  4  0.0                           
082456050222106611ヤマニンブークリエ　　　　　　　　　  3.7  1.5 15.2 17.8 10.9 11 17.7                           
082456050322105741リッター　　　　　　　　　　　　　　  5.1  1.7 15.6 17.3 10.9 11 20.6                           
082456050422101440クリノチャールズ　　　　　　　　　　 32.0  6.6-11.3-20.0-10.1-10  0.0  0                        
082456050522105310パーティハーン　　　　　　　　　　　  3.4  1.4 16.1 18.5 11.5 11 16.2  1  124   57              
082456050622104848ラストプリンセス　　　　　　　　　　 19.4  4.3  0.4  6.8  2.2  2  0.0                           
082456050722104495クイーンラブ　　　　　　　　　　　　 38.3  7.7-11.8 -2.9 -5.2 -5  0.0                           
082456050822105182メリザンド　　　　　　　　　　　　　  4.4  1.6 13.7 13.0  8.9  9  0.0                           
082456050922105528クリノクーチャン　　　　　　　　　　 16.7  3.8-10.1-11.3 -7.1 -7  0.0                           
082456051022104817ペールノエル　　　　　　　　　　　　 11.0  2.7  6.1 -9.9 -0.7 -1 15.4                           
082456051122101146チャットケリー　　　　　　　　　　　 28.0  5.8-10.1-10.2 -6.8 -7  0.0                           
082456060119106340サクラトップラン　　　　　　　　　　 27.1  4.1-11.8 -8.9 -7.0 13  0.0                           
082456060221106180シーリュウシー　　　　　　　　　　　 11.0  2.1  1.1-17.6 -4.9 15  0.0                           
082456060320102919ロスティチェーレ　　　　　　　　　　  8.9  2.0  9.1 10.7  6.5 27 14.4                           
082456060421110065メイショウトム　　　　　　　　　　　 17.2  2.9-11.3 -1.6 -4.6 15  0.0                           
082456060521105073パカーラン　　　　　　　　　　　　　  1.8  1.2 21.9 22.9 14.9 35 16.2                           
082456060621100868アウトドライブ　　　　　　　　　　　  5.0  1.4 13.7 18.3 10.5 31 19.1                           
082456060721104597ユウトザキンパツ　　　　　　　　　　 19.0  3.1  0.9  4.1  1.6 22  0.0                           
082456060821110159エアサンサーラ　　　　　　　　　　　  3.9  1.3 15.0 13.4  9.5 30 17.7                           
082456070121103225チカミリオン　　　　　　　　　　　　  4.6  1.9 13.6  7.6  7.3 37 16.2                           
082456070221102389トウカイポワール　　　　　　　　　　  6.7  2.3  9.3-12.1 -0.2 30 20.6                           
082456070320103248キープスマイリング　　　　　　　　　  6.6  2.3 12.7  4.0  5.9 36 13.4                           
082456070421106610バスタードサフラン　　　　　　　　　  9.3  3.0 12.6 22.7 11.4 41  0.0                           
082456070521109027テーオールビー　　　　　　　　　　　  5.3  2.0 11.4 11.2  7.5 38 17.7                           
082456070619106419モントブレッチア　　　　　　　　　　 18.6  4.8 -2.1 -0.4 -0.9 29  0.0                           
082456070720105872ヴォードヴィル　　　　　　　　　　　 37.4  8.9-11.3-10.4 -7.3 23  0.0                           
082456070819105073ワイルドベティ　　　　　　　　　　　 14.5  3.9 -2.8  7.0  1.1 31  0.0                           
082456070919105141ヴァンルーラー　　　　　　　　　　　 55.1 12.5-11.3-10.2 -7.2 23  0.0                           
082456071020104772ランスオブサターン　　　　　　　　　 13.4  3.7  0.2  9.7  3.0 33  0.0                           
082456071120103246ウィンターダフネ　　　　　　　　　　 29.4  7.1 -8.7-13.4 -7.2 23  0.0                           
082456071219105063アーレンダール　　　　　　　　　　　 11.8  3.3 -5.3  7.2  0.2 30  0.0                           
082456071320103323ナウズザタイム　　　　　　　　　　　103.1 22.8-11.8-10.2 -7.4 23  0.0                           
082456071420105533タガノチョコラータ　　　　　　　　　 42.4 10.0-10.1-11.5 -7.2 23  0.0                           
082456071521102219コパノエビータ　　　　　　　　　　　 10.8  3.1  2.5 -0.7  0.7 31  0.0                           
082456071619102794スカンジナビア　　　　　　　　　　　 23.7  5.9 -9.1 12.0  0.3 30  0.0  5                        
082456080122104633アーデルリーベ　　　　　　　　　　　  5.1  1.8 15.8 15.3 10.4 30 17.7                           
082456080222109164コウユーモジョカー　　　　　　　　　 27.9  5.8 -9.0-11.2 -6.7 13  0.0                           
082456080322105724ミッドナイトゲイル　　　　　　　　　 16.7  3.8  4.5  1.4  2.1 22  0.0                           
082456080422103609モカラマーズ　　　　　　　　　　　　 12.7  3.1 -4.5  1.1 -1.3 19 17.5  0                        
082456080522110111ジャスパーソレイユ　　　　　　　　　  8.0  2.3 12.0 12.5  8.1 28  0.0                           
082456080622104972スリーピース　　　　　　　　　　　　  7.8  2.3 -0.3  3.7  1.0 21  0.0                           
082456080722105407サニーサルサ　　　　　　　　　　　　  9.0  2.6  6.0 18.6  7.8 28  0.0  4                        
082456080822102711ザクシス　　　　　　　　　　　　　　 19.8  4.4 -8.1 -7.1 -5.1 15  0.0                           
082456080922100136スカイブルー　　　　　　　　　　　　  2.8  1.4 20.4 19.8 13.4 33 16.2  3                        
082456081022104120コスモストーム　　　　　　　　　　　 23.1  4.9 -1.3  7.3  1.7 22  0.0                           
082456081122110063サディーク　　　　　　　　　　　　　  5.7  1.9 11.6 11.0  7.6 28 19.1                           
082456090118101970タガノカイ　　　　　　　　　　　　　 11.5  2.6 -1.7 -1.5 -1.1 29  0.0                           
082456090220103329ローレルキャニオン　　　　　　　　　  4.7  1.5 13.4 17.4 10.1 40 13.4  4                        
082456090320104297ルクスビッグスター　　　　　　　　　 13.0  2.8 -4.5  0.6 -1.5 29 25.0                           
082456090420102883フォーチュンコード　　　　　　　　　 11.5  2.6  4.3  4.9  3.0 33  0.0                           
082456090521104479ブロッケンボウ　　　　　　　　　　　  5.1  1.6 16.6 19.2 11.8 42 20.6                           
082456090621105867ショウナンハウル　　　　　　　　　　  4.6  1.5  9.9  3.4  4.7 35  0.0                           
082456090721106449サブマリーナ　　　　　　　　　　　　  2.3  1.2 22.5 19.9 14.2 44 16.2                           
082456090819100295ウン　　　　　　　　　　　　　　　　 24.3  4.6-11.8-12.0 -7.9 22  0.0                           
082456100121105119キープカルム　　　　　　　　　　　　  3.5  1.5 20.0 19.7 13.2 48 16.2                           
082456100219105413タイゲン　　　　　　　　　　　　　　 14.5  3.5 -6.9  7.8 -0.2 35  0.0  5                        
082456100318105011ショウナンアレス　　　　　　　　　　 34.5  7.2-11.3 -4.8 -5.6 29  0.0                           
082456100419102220モカフラワー　　　　　　　　　　　　 23.8  5.2-11.2-10.6 -7.3 28  0.0                           
082456100515103357メイショウドウドウ　　　　　　　　　 64.4 12.5-11.3-12.3 -7.8 27  0.0                           
082456100618105056ジュリアバローズ　　　　　　　　　　  8.9  2.6 11.8  6.9  6.4 41  0.0  3                        
082456100720110133フロムダスク　　　　　　　　　　　　 45.6  9.3 -8.9-11.2 -6.6 28  0.0                           
082456100820105089グランデサラス　　　　　　　　　　　 32.1  6.7 -8.5 -5.1 -4.6 30  0.0                           
082456100920106660スズカダブル　　　　　　　　　　　　 29.0  6.2  2.0 -9.9 -2.2 33  0.0                           
082456101021105618スマートワイス　　　　　　　　　　　  3.8  1.6 17.0 15.7 10.9 46 17.7                           
082456101121100350アレンジャー　　　　　　　　　　　　 17.6  4.1  2.5  5.1  2.4 37  0.0                           
082456101220103664バトルハーデン　　　　　　　　　　　  7.1  2.2  9.9  3.0  4.5 40 14.4                           
082456101320102890イティネラートル　　　　　　　　　　 25.7  5.5-11.3-10.2 -7.2 28  0.0                           
082456101418106663エアミアーニ　　　　　　　　　　　　 46.7  9.5-11.3 -8.5 -6.7 28  0.0                           
082456101518104982ヴィルヘルム　　　　　　　　　　　　 43.1  8.8-11.3-10.2 -7.2 28  0.0                           
082456101620105354サクセスアイ　　　　　　　　　　　　  6.2  2.0  9.8 12.1  7.2 42 19.1                           
082456101719107075ブランデーロック　　　　　　　　　　 75.0 14.5-11.2 -7.4 -6.3 29  0.0                           
082456110121101134ピースワンデュック　　　　　　　　　 30.2  6.0  1.0  5.0  1.9 62  0.0                           
082456110221102256ノーブルスカイ　　　　　　　　　　　 35.5  6.9-11.3-12.4 -7.9 52  0.0  0                        
082456110321105236アスクカムオンモア　　　　　　　　　 42.8  8.3-11.3 -8.8 -6.8 53  0.0                           
082456110421105143ダノンデサイル　　　　　　　　　　　  3.7  1.5 19.8 20.6 13.4 73 17.7                           
082456110521109070ハヤテノフクノスケ　　　　　　　　　 53.1 10.1 -9.0 -8.5 -5.8 54  0.0                           
082456110621105856ミスタージーティー　　　　　　　　　 36.0  7.0-11.3 -5.2 -5.7 54  0.0                           
082456110721105587ビザンチンドリーム　　　　　　　　　 49.3  9.4 -8.9 -7.5 -5.5 54  0.0                           
082456110821106645ウエストナウ　　　　　　　　　　　　 63.7 11.6 -4.1-12.8 -5.3 55  0.0                           
082456110921106787コスモキュランダ　　　　　　　　　　  6.7  2.0 15.4 13.5  9.7 70  0.0                           
082456111021103272メイショウタバル　　　　　　　　　　 20.4  4.3  1.4  6.3  2.4 62  0.0                           
082456111121105195ショウナンラプンタ　　　　　　　　　 29.8  5.9  7.7 -1.6  2.3 62  0.0  0                        
082456111221104882シュバルツクーゲル　　　　　　　　　 34.7  6.8 -3.6 -1.6 -1.8 58  0.0  0                        
082456111321105436アーバンシック　　　　　　　　　　　  3.0  1.4 18.6 15.9 11.6 72 15.9                           
082456111421104791メリオーレム　　　　　　　　　　　　 15.0  3.4 -5.7 -0.7 -2.3 58  0.0  0                        
082456111521101436エコロヴァルツ　　　　　　　　　　　 26.7  5.4 -5.8  0.6 -1.9 58  0.0  5                        
082456111621105521ヘデントール　　　　　　　　　　　　  6.8  2.0  7.6 11.4  6.2 66 20.2  4                        
082456111721105369アドマイヤテラ　　　　　　　　　　　 19.8  4.2 -2.8  6.9  1.0 61  0.0  5                        
082456111821105625アレグロブリランテ　　　　　　　　　 49.6  9.5-12.1-10.0 -7.4 53  0.0                           
082456120118104481ヴアーサ　　　　　　　　　　　　　　 17.4  3.7 -5.5 10.8  1.2 36 18.5                           
082456120219106632テイエムランウェイ　　　　　　　　　 17.8  3.8 12.6  1.8  5.2 40  0.0                           
082456120320110153グレートサンドシー　　　　　　　　　  7.2  2.1 11.8 10.8  7.6 43  0.0                           
082456120420102776マルカラピッド　　　　　　　　　　　 33.9  6.5-11.3-13.9 -8.3 27  0.0                           
082456120521102868モズミギカタアガリ　　　　　　　　　 13.2  3.0  0.4  0.3  0.2 35  0.0                           
082456120619105449アルトシュタット　　　　　　　　　　 17.3  3.7 -2.3-13.7 -5.0 30  0.0                           
082456120719106684イチネンエーグミ　　　　　　　　　　 16.4  3.6  7.5 -1.5  2.3 37  0.0                           
082456120820102061ローズスター　　　　　　　　　　　　  3.8  1.5 13.9 23.0 12.0 47 17.7  2                        
082456120920102045フェルヴェンテ　　　　　　　　　　　 18.3  3.9  2.0 11.9  4.3 39  0.0                           
082456121018104332タマモダイジョッキ　　　　　　　　　  6.8  2.0  2.0  9.8  3.7 39 19.1                           
082456121120110055エメラルドビーチ　　　　　　　　　　 27.4  5.4-11.3-11.5 -7.6 27  0.0                           
082456121221103725テイエムリステット　　　　　　　　　  2.9  1.4 20.4 18.0 12.9 48 16.2  5                        
082456121317104238フームスムート　　　　　　　　　　　 46.1  8.7-12.2-10.6 -7.7 27  0.0                           
