042113010118106609プレカーリー　　　　　　　　　　　　 19.9  4.4 20.0 -2.0  5.3 10  0.0                           
042113010218103619リアルイマージン　　　　　　　　　　 22.8  4.9  1.2 -2.5 -0.6  4  0.0                           
042113010318101195ラブリボーン　　　　　　　　　　　　 29.1  6.0  0.4  6.3  2.4  7  0.0                           
042113010418105464エレガンスルブラ　　　　　　　　　　 56.4 10.8-10.0 -1.1 -3.4  2  0.0                           
042113010518106331ミレッシモ　　　　　　　　　　　　　  8.1  2.4  7.5 10.5  6.1 11  0.0                           
042113010618103113ブラックソウル　　　　　　　　　　　 39.1  7.9-10.8-10.5 -7.1 -2  0.0                           
042113010718102052クアドリフォリオ　　　　　　　　　　 11.5  2.8 10.0 17.9  9.6 15  8.6                           
042113010818105307ゴールドジャーニー　　　　　　　　　 12.4  3.0 -1.7-10.5 -4.4  1  0.0                           
042113010918106567マジックビューティ　　　　　　　　　  2.7  1.4 21.7 21.0 14.2 19 13.0                           
042113011018103432レリキアアスール　　　　　　　　　　 29.3  6.1-10.8-10.5 -7.1 -2  0.0                           
042113011118106215ニーマルエース　　　　　　　　　　　 14.9  3.5-10.0 -1.9 -3.7  1  0.0  5                        
042113011218104551ピリラニ　　　　　　　　　　　　　　  6.1  1.9 16.3 15.8 10.7 16  7.9                           
042113011318106557メイショウイナホ　　　　　　　　　　  5.1  1.8 12.3 11.5  7.9 13 14.2                           
042113011418101419セイレリック　　　　　　　　　　　　 39.2  7.9-12.5 -2.6 -4.7  0  0.0                           
042113011518104969グランエスペランサ　　　　　　　　　 37.2  7.5-10.8-10.5 -7.1 -2  0.0                           
042113020118104026キタノエンディング　　　　　　　　　 80.9 15.7-10.0-20.0-10.3 -5  0.0                           
042113020218105363レッドロムルス　　　　　　　　　　　  7.3  2.2  9.5  6.3  5.2 10  0.0                           
042113020318103006ラナチャンス　　　　　　　　　　　　  3.8  1.6  6.0  7.6  4.6 10  7.3                           
042113020418106782ハクシンエース　　　　　　　　　　　 52.3 10.7-10.0-10.0 -6.7 -2  0.0                           
042113020518106408ノーブルアリーナ　　　　　　　　　　 19.4  4.4-10.0-12.3 -7.5 -3  0.0                           
042113020618106284アイグローリー　　　　　　　　　　　 39.3  8.2-10.0-16.8 -9.2 -4  0.0                           
042113020718101573セイレーン　　　　　　　　　　　　　 18.1  4.2  6.5  6.3  4.3  9  0.0                           
042113020818103965ツヨシーフェイス　　　　　　　　　　  8.3  2.5  6.5 -2.5  1.0  6 17.7                           
042113020918100501チェリーベルツ　　　　　　　　　　　 68.2 13.4-10.0 -1.7 -3.6  1  0.0                           
042113021018102454ラグラスドシエル　　　　　　　　　　 23.0  5.1 -5.5 -2.6 -2.6  2  0.0  5                        
042113021118104407キンバ　　　　　　　　　　　　　　　  3.7  1.6 19.8 18.3 12.6 18 13.0                           
042113021218103784ミツカネジュピター　　　　　　　　　 29.8  6.4-10.0 -2.0 -3.7  1  0.0                           
042113021318102001ビュヴォン　　　　　　　　　　　　　 13.2  3.2  8.7 11.5  6.8 12  0.0                           
042113021418101964アルムファーツリー　　　　　　　　　  9.3  2.7  2.2-10.5 -3.2  2  0.0                           
042113021518104799パブリックドメイン　　　　　　　　　  7.5  2.3  7.5  6.0  4.4  9  8.1                           
042113030118103322トラキチ　　　　　　　　　　　　　　 27.6  5.8-10.0  5.3 -1.1  4 12.1                           
042113030218103040イントゥザワールド　　　　　　　　　  5.1  1.8 15.0 10.5  8.4 13  7.3                           
042113030318104509アンシャセ　　　　　　　　　　　　　 21.6  4.6 25.0-10.0  3.8  9  0.0                           
042113030418104630リオンドール　　　　　　　　　　　　 19.1  4.3-10.0  9.7  0.6  6  0.0  5                        
042113030518106172ウインガヴァナー　　　　　　　　　　  5.8  1.9 15.3 13.0  9.4 14  8.5                           
042113030618102644スケボーマン　　　　　　　　　　　　 45.7  9.1-10.0-10.0 -6.7 -2  0.0                           
042113030718103537ワンダーウォール　　　　　　　　　　 24.2  5.1-10.0 -2.0 -3.7  1  0.0                           
042113030818102097ディヴァインゲート　　　　　　　　　  2.7  1.4 18.8  8.1  8.6 14 13.0                           
042113030918101985インシニス　　　　　　　　　　　　　 26.7  5.6-10.8-10.5 -7.1 -2  0.0                           
042113031018106315ノーザンピーク　　　　　　　　　　　 35.7  7.3-12.5-10.0 -7.4 -2  0.0                           
042113031118101580グランツエクラ　　　　　　　　　　　 26.7  5.6-10.8-10.5 -7.1 -2  0.0                           
042113031218102979トーホウアシュラ　　　　　　　　　　 33.7  6.9 -7.0-10.5 -5.9 -1  0.0                           
042113031318100970デルマゾウチョウ　　　　　　　　　　 71.9 13.6-10.0-10.0 -6.7 -2  0.0                           
042113031418100938ラインポラリス　　　　　　　　　　　  5.2  1.8 10.8 13.3  8.1 13  7.5                           
042113031518100720ゲットアップ　　　　　　　　　　　　 12.8  3.1  6.0 22.0  9.9 15  0.0                           
042113040118102980アオイマジェスティ　　　　　　　　　 32.7  6.2-10.8-10.5 -7.1 -2  0.0                           
042113040218105219ルージュセリーズ　　　　　　　　　　 24.4  4.8-12.5 -9.0 -7.1 -2  0.0                           
042113040318103791ヒマラヤクリス　　　　　　　　　　　 13.3  2.9 15.0 -2.0  3.8  9  8.6                           
042113040418105484レコレータ　　　　　　　　　　　　　  4.4  1.6 12.0 13.5  8.6 14  7.3                           
042113040518104455エコロワカ　　　　　　　　　　　　　 14.3  3.1-12.5 12.5  0.8  6  0.0                           
042113040618103179ハクサンキュート　　　　　　　　　　133.5 22.6-10.0-13.2 -7.8 -3  0.0                           
042113040718102187アクチュアリー　　　　　　　　　　　 15.3  3.3-12.5  6.0 -1.5  3 10.4                           
042113040818103869トーホウレッド　　　　　　　　　　　 15.2  3.3 -4.7-10.5 -5.3  0  0.0                           
042113040918106719タキオン　　　　　　　　　　　　　　 52.1  9.4-10.0-13.4 -7.9 -3  0.0                           
042113041018106484ハートフルワールド　　　　　　　　　 11.0  2.6  3.5 11.4  5.2 10  0.0                           
042113041118101026サノラカ　　　　　　　　　　　　　　 33.6  6.3-10.8-12.9 -8.0 -3  0.0                           
042113041218101078アラタマリスト　　　　　　　　　　　 22.5  4.5  6.5 -1.8  1.3  6  0.0                           
042113041318103141カネトシバレンシア　　　　　　　　　  8.8  2.3 10.3 16.0  9.0 14  7.9                           
042113041418103594ビーアップ　　　　　　　　　　　　　 22.8  4.5-10.8-10.5 -7.1 -2  0.0                           
042113041518105340ゴールデンプルーフ　　　　　　　　　  2.5  1.3 21.7 18.3 13.2 18 13.0                           
042113050118100992ムラサメマル　　　　　　　　　　　　  7.3  2.1 12.0  3.4  4.8 10  0.0                           
042113050218105942エイシンディーデイ　　　　　　　　　 15.1  3.4 13.4 11.5  8.2 13  0.0                           
042113050318103295サフランポケット　　　　　　　　　　 22.7  4.7 -1.7-10.5 -4.4  1  0.0                           
042113050418100862クリノビックリバゴ　　　　　　　　　 47.4  9.0-10.8-10.5 -7.1 -2  0.0                           
042113050518106831コパノフランクリン　　　　　　　　　 16.6  3.6-10.8-10.5 -7.1 -2  0.0                           
042113050618102181コスモノアゼット　　　　　　　　　　  2.6  1.4 15.0 17.5 10.9 16 13.0                           
042113050718101192サンライズアクター　　　　　　　　　 35.2  6.9-10.8-10.5 -7.1 -2  0.0                           
042113050818103367メイショウセッサイ　　　　　　　　　 20.2  4.3 -5.0 -3.1 -2.6  2  0.0                           
042113050918102332ストロングカレント　　　　　　　　　  4.7  1.7 16.3 15.8 10.7 16 14.2                           
042113051018101952タガノディラン　　　　　　　　　　　 29.4  5.9-10.8-10.5 -7.1 -2  0.0                           
042113051118105986エイシンリヒト　　　　　　　　　　　  9.0  2.5  2.2-10.5 -3.2  2  8.6                           
042113051218102654レイダンジチ　　　　　　　　　　　　 26.3  5.3-10.0 -2.0 -3.7  1  0.0                           
042113051318102808キクノディーン　　　　　　　　　　　 52.3  9.9 -4.2-10.5 -5.1  0  0.0                           
042113051418100785グラッドビート　　　　　　　　　　　 68.3 12.4-10.0 14.8  2.4  7  0.0                           
042113051518102382ライヴクラッカー　　　　　　　　　　  7.5  2.2 15.0-11.0  0.5  5  8.5                           
042113060118100411ロフォーテン　　　　　　　　　　　　 39.5  8.9-10.8-10.5 -7.1 -2  0.0                           
042113060218100419フレディバローズ　　　　　　　　　　 20.9  5.1-12.5 -2.0 -4.5  1 10.4                           
042113060318102255サンマッハ　　　　　　　　　　　　　 88.4 18.7-10.8-10.5 -7.1 -2  0.0                           
042113060418101568ヨリナメンテ　　　　　　　　　　　　 34.3  7.9-10.8-10.5 -7.1 -2  0.0                           
042113060518102670クラックステソーロ　　　　　　　　　 43.3  9.7-10.0-15.2 -8.6 -4  0.0  0                        
042113060618104327ヒートヘイズ　　　　　　　　　　　　 45.8 10.3-10.8-11.5 -7.5 -2  0.0                           
042113060718103186セイウンゴールド　　　　　　　　　　  5.1  1.9 15.0 30.7 15.8 21 14.2                           
042113060818105221ピンクサンドビーチ　　　　　　　　　 32.4  7.4-12.5-10.0 -7.4 -2  0.0                           
042113060918103030ネフュージュニア　　　　　　　　　　 52.0 11.6-10.0-13.7 -8.0 -3  0.0                           
042113061018104225リフレーミング　　　　　　　　　　　  6.9  2.3  9.3  8.3  5.8 11  0.0                           
042113061118110042グレイシャーベイ　　　　　　　　　　  7.0  2.3 16.9 21.2 12.8 18  9.1  2                        
042113061218102483ベルベデール　　　　　　　　　　　　 16.5  4.2-10.0 -6.2 -5.3  0  0.0                           
042113061318100713ワンラヴ　　　　　　　　　　　　　　 21.1  5.2 -5.5-10.5 -5.5 -1  0.0                           
042113061418105120ルグランタンゴ　　　　　　　　　　　  6.1  2.1  9.8 13.4  7.9 13  0.0  3                        
042113061518105197フェアビアンカ　　　　　　　　　　　  7.0  2.3 12.5  6.3  6.1 11  9.2                           
042113061618103796ケンアンビシャス　　　　　　　　　　  3.9  1.7 25.0 14.8 12.9 18  6.7                           
042113070116104716グリッサード　　　　　　　　　　　　  6.7  2.2 10.8 -2.5  2.3 22  7.9                           
042113070217102309エムテイフラッシュ　　　　　　　　　 22.2  5.2-10.8-10.5 -7.1 13  0.0                           
042113070317106596サイレントスウープ　　　　　　　　　  7.1  2.3 11.0 -2.5  2.4 22  8.1                           
042113070417104823トロワシャルム　　　　　　　　　　　  8.3  2.6 20.0 16.4 12.0 32  8.6                           
042113070517105937キムケンドリーム　　　　　　　　　　  3.2  1.5 17.0 21.0 12.8 33  6.7                           
042113070617104694モノポリーアイズ　　　　　　　　　　  5.7  2.0 18.8 13.0 10.4 30  0.0                           
042113070717106220ブロフェルド　　　　　　　　　　　　 11.5  3.0  4.1-10.5 -2.6 17 10.9                           
042113070817105531アイスジェイド　　　　　　　　　　　  9.1  2.8  5.3-10.5 -2.3 18  9.8                           
042113070915100435タニマサベーカ　　　　　　　　　　　 25.7  5.9-10.0-10.0 -6.7 13  0.0                           
042113071016104003ハニーエンパイア　　　　　　　　　　 44.1  9.6 -5.5-10.5 -5.5 14  0.0                           
042113071117100247クラウンデザイアー　　　　　　　　　  9.0  2.7  7.8  6.3  4.7 25  0.0                           
042113071216101424トモジャチャーリー　　　　　　　　　 16.2  4.0 -1.7  3.3  0.7 21  0.0                           
042113080117101761ラブロッソー　　　　　　　　　　　　 10.6  2.7-10.0 -2.0 -3.7 16  0.0                           
042113080216102733チアフルローズ　　　　　　　　　　　 26.1  5.6  6.0 -2.0  1.1 21  0.0                           
042113080316101880メイショウカササギ　　　　　　　　　  7.6  2.3  3.7 13.0  5.9 26  0.0                           
042113080417103104ミズリーナ　　　　　　　　　　　　　  5.6  1.9 16.1  9.3  8.2 28  7.9                           
042113080517105838ピュアプリンセス　　　　　　　　　　  8.5  2.5-10.0-11.8 -7.3 13  8.6                           
042113080617101475ストレガ　　　　　　　　　　　　　　 57.7 11.4-10.0 -4.5 -4.7 15  0.0                           
042113080717102221サウンドワイズ　　　　　　　　　　　  3.2  1.5 19.8 18.3 12.6 33 13.0                           
042113080817103827ミューティー　　　　　　　　　　　　  4.4  1.7 15.0  4.0  6.0 26  7.3                           
042113080916103217スマートレジーナ　　　　　　　　　　 21.6  4.8-12.5-10.0 -7.4 13  0.0                           
042113081016102188メイショウコミチ　　　　　　　　　　 17.2  4.0  3.6  1.6  1.7 22  0.0                           
042113081117100108エルメーム　　　　　　　　　　　　　 33.8  7.1  7.5  3.8  3.6 24  0.0                           
042113081216103403チャンダナ　　　　　　　　　　　　　 50.3 10.3 20.0-10.0  2.3 22  0.0                           
042113081316101377アテンフェアリー　　　　　　　　　　 39.5  8.2-12.5 15.6  2.0 22 13.2                           
042113081416105215ベルポート　　　　　　　　　　　　　 35.3  7.4-12.5 12.0  0.6 21  0.0  5                        
042113081517100874ヴァルゴスピカ　　　　　　　　　　　 30.9  6.6 -2.0-10.8 -4.6 15  0.0                           
042113090117104390ミストラルウインド　　　　　　　　　 14.0  2.8 20.0-10.0  2.3 22  9.2                           
042113090217106604パセオ　　　　　　　　　　　　　　　 12.2  2.5-10.0  3.7 -1.6 18  0.0                           
042113090317110071シアトルテソーロ　　　　　　　　　　  3.0  1.3 15.0 17.2 10.8 31 14.2                           
042113090417101715タガノキングロード　　　　　　　　　  2.6  1.2 20.0 21.0 13.7 34 13.0                           
042113090517105091ベルクハイム　　　　　　　　　　　　 19.7  3.7-10.0-20.0-10.3 10  0.0                           
042113090617100808デルマラピスラズリ　　　　　　　　　 11.8  2.5  6.0  5.2  3.7 24  0.0                           
042113090717100265クリノヴジュアル　　　　　　　　　　 16.1  3.1-10.8-10.5 -7.1 13  0.0                           
042113090816105480ボーイズオブサマー　　　　　　　　　 17.8  3.4  2.2-10.5 -3.2 17  0.0                           
042113090916100848ジェイケイエース　　　　　　　　　　  4.5  1.4  7.5  9.0  5.6 26  7.9                           
042113100118103485ジャガード　　　　　　　　　　　　　 14.9  3.8-12.5 -2.0 -4.5 16  0.0                           
042113100218106601テセウス　　　　　　　　　　　　　　 21.1  5.1-12.5-12.2 -8.2 12  0.0                           
042113100318104029レイハリア　　　　　　　　　　　　　 14.3  3.7-10.0  0.9 -2.7 17  0.0                           
042113100418100849セイウンエンプレス　　　　　　　　　 20.0  4.9-10.0-10.0 -6.7 13  0.0                           
042113100518105226カトルショセット　　　　　　　　　　 12.3  3.3  6.0  6.0  4.0 24  0.0                           
042113100618110113ヒトヨギリ　　　　　　　　　　　　　  5.1  1.9 13.4 13.6  9.0 29  7.3  5                        
042113100718100824セピアノーツ　　　　　　　　　　　　 57.5 12.3-12.5-10.0 -7.4 13  0.0                           
042113100818102640ピースダンス　　　　　　　　　　　　 30.6  7.0-10.8-10.5 -7.1 13  0.0                           
042113100918105223モンファボリ　　　　　　　　　　　　  3.7  1.6 14.9 11.3  8.6 29 13.0                           
042113101018105992スマイルアモーレ　　　　　　　　　　 15.9  4.0-10.0 -2.0 -3.7 16  0.0                           
042113101118106152ルルルージュ　　　　　　　　　　　　 21.9  5.2  7.5 14.6  7.6 28  0.0                           
042113101218104332タマモダイジョッキ　　　　　　　　　  5.2  1.9  2.6 11.7  5.1 25 15.3                           
042113101318103296サニーオーシャン　　　　　　　　　　 17.8  4.4  7.5 13.1  7.1 27  0.0                           
042113101418105383カラパタール　　　　　　　　　　　　  6.9  2.3 25.0  6.0  9.7 30  8.1                           
042113101518100353ノボミラクル　　　　　　　　　　　　 86.2 18.1-10.0-20.0-10.3 10  0.0                           
042113110116100206ゴールデンライオン　　　　　　　　　  5.6  1.9 11.1 15.8  9.1 39  0.0                           
042113110216100757マイネルイヴィンス　　　　　　　　　 55.1 11.3-10.0-20.0-10.3 20  0.0                           
042113110316100279ベルジュネス　　　　　　　　　　　　 34.9  7.6 25.0  9.1 10.8 41  0.0  5                        
042113110417101798キンノマサカリ　　　　　　　　　　　  4.3  1.7 13.2 11.5  8.2 38 14.2                           
042113110517104921バルサミックムーン　　　　　　　　　  4.8  1.7 15.0  4.9  6.3 36  7.9                           
042113110617102894ルドンカズマ　　　　　　　　　　　　  9.1  2.7  6.5  6.3  4.3 34  0.0                           
042113110717106611フレイムウィングス　　　　　　　　　  8.7  2.6 13.9  6.3  6.5 36  0.0                           
042113110817100859ジーマックス　　　　　　　　　　　　 26.2  5.9  7.5  6.0  4.4 34 10.4                           
042113110917104420フェイバリット　　　　　　　　　　　 48.5 10.3-10.0 -3.9 -4.4 26  0.0                           
042113111017105001ルナエクリプス　　　　　　　　　　　 25.2  5.7-12.5-16.2 -9.7 20  0.0  0                        
042113111117102848アベックフォルス　　　　　　　　　　 26.8  6.0-10.0-10.0 -6.7 23  0.0                           
042113111216102230ゼヒニオヨバズ　　　　　　　　　　　 48.1 10.2-10.0 -9.1 -6.3 24  0.0  0                        
042113111317102031マテンロウスパーク　　　　　　　　　  3.7  1.6 16.1 16.0 10.7 41 13.0                           
042113111414103170レッドゼノン　　　　　　　　　　　　 38.2  8.3-10.8-10.5 -7.1 23  0.0                           
042113111516100696コスモハヤテ　　　　　　　　　　　　 40.4  8.7-10.0 -8.6 -6.2 24  0.0                           
042113120117105584タンジェリンムーン　　　　　　　　　  4.4  1.7 13.3 18.5 10.8 31  6.3                           
042113120216102002ラヴィッスマン　　　　　　　　　　　 50.1 11.2-10.8-10.5 -7.1 13  0.0                           
042113120316104961ディーイストワール　　　　　　　　　 22.0  5.3-10.0 -2.0 -3.7 16  0.0                           
042113120417105063ロッタチャンセズ　　　　　　　　　　 18.2  4.6  7.5 12.0  6.7 27  0.0  5                        
042113120517102491カガジャスティス　　　　　　　　　　 11.0  3.0 25.0  7.8 10.4 30  9.7                           
042113120617105874ヒナノコバン　　　　　　　　　　　　 41.1  9.4-10.0-10.0 -6.7 13  0.0                           
042113120717104165グラスディアブロ　　　　　　　　　　 78.3 16.8-12.5 -9.0 -7.1 13  0.0                           
042113120816102333マーベラスアゲン　　　　　　　　　　 52.8 11.8-10.0-11.8 -7.3 13  0.0                           
042113120917103605アーニングフェイム　　　　　　　　　 17.2  4.3  6.3  6.0  4.1 24  0.0                           
042113121016105865ミッキーフォンテン　　　　　　　　　 48.1 10.8-10.0 -7.3 -5.7 14  0.0                           
042113121117104182パンダノポケット　　　　　　　　　　 20.3  5.0  7.5-10.0 -1.4 19  0.0                           
042113121215104862ノストラダムス　　　　　　　　　　　  4.8  1.8 15.7 12.6  9.3 29  7.9                           
042113121317104196ヴェルザスカ　　　　　　　　　　　　  9.2  2.9  7.8 11.3  6.5 26 17.7                           
042113121417103666ウィスパリンホープ　　　　　　　　　  5.5  2.0  0.6-10.5 -3.7 16  0.0                           
042113121517105522アトリビュート　　　　　　　　　　　  4.6  1.8 14.4 16.8 10.5 30  6.9  5                        
042113121617104311エルモアットーレ　　　　　　　　　　 84.8 18.1-10.8-10.5 -7.1 13  0.0                           
062137010118100632ココネージュ　　　　　　　　　　　　 42.1  7.7-10.0 -9.7 -6.6 -2  0.0                           
062137010218104118ワイワイホワイト　　　　　　　　　　 75.0 12.8-10.4-15.0 -8.6 -4  0.0  0                        
062137010318103379ピットフォル　　　　　　　　　　　　 15.2  3.3 10.0  6.4  5.3 10  0.0                           
062137010418105741トーアテンニョ　　　　　　　　　　　 21.9  4.3-10.0  7.4 -0.3  5  0.0  5                        
062137010518103708リュヌダムール　　　　　　　　　　　  3.7  1.4 20.0 22.2 14.1 19 17.3                           
062137010618100123サンマルベローチェ　　　　　　　　　 43.6  7.9-10.0-18.1 -9.6 -5  0.0  0                        
062137010718102547アイアンフラワー　　　　　　　　　　  6.8  2.0  9.0 10.5  6.6 12  0.0  5                        
062137010818104263ブロードマリー　　　　　　　　　　　 33.2  6.2-10.0 -2.0 -3.7  1  0.0                           
062137010918105617アロハロック　　　　　　　　　　　　 27.5  5.2 -8.5  7.3  0.1  5  0.0                           
062137011018102587チャペルレーン　　　　　　　　　　　  4.4  1.5 12.0  6.6  6.0 11 18.8                           
062137011118101880キミョウキテレツ　　　　　　　　　　 44.1  8.0-10.0 -2.0 -3.7  1  0.0                           
062137011218101728マイヨアポア　　　　　　　　　　　　  2.7  1.3 15.0 24.4 13.4 18 15.9                           
062137011318102320ジェステミニョン　　　　　　　　　　 67.5 11.6 -4.2-16.7 -7.4 -2  0.0  0                        
062137011418105882サンコルテス　　　　　　　　　　　　 80.5 13.7-10.0 -4.0 -4.5  1  0.0                           
062137011518103931サクラトップメジャ　　　　　　　　　 37.6  6.9  6.0 -8.7 -1.4  4  0.0                           
062137011618100164アルファシャルマン　　　　　　　　　 43.7  8.0-10.0 -4.0 -4.5  1  0.0                           
062137020118106329オウケントップ　　　　　　　　　　　 64.1 12.9-11.7-10.0 -7.2 -2  0.0                           
062137020218101662ヴォーグマチネ　　　　　　　　　　　 46.9  9.9-10.0 -9.7 -6.6 -2  0.0                           
062137020318105475ウルランテ　　　　　　　　　　　　　  5.2  1.8 16.8 25.0 14.2 19  8.6                           
062137020418106685ワンズワード　　　　　　　　　　　　 79.3 15.8-11.7 -8.1 -6.5 -1  0.0                           
062137020518105432ジジ　　　　　　　　　　　　　　　　  5.3  1.9 14.2  6.9  6.8 12  9.4                           
062137020618101791ゴールデンナイト　　　　　　　　　　 11.1  2.9 -2.1  7.2  2.0  7  0.0                           
062137020718102811スズノイナズマ　　　　　　　　　　　  6.5  2.1  6.0 17.5  8.2 13 10.1                           
062137020818101977カゲキヨブレイン　　　　　　　　　　 31.0  6.8-11.7  8.5 -0.4  5  0.0                           
062137020918103727カザルス　　　　　　　　　　　　　　 49.2 10.3-10.0-12.3 -7.5 -3  0.0  0                        
062137021018100186タイセイマーベル　　　　　　　　　　  3.1  1.5 18.8  9.9  9.3 14 15.9                           
062137021118101250アドヴェントイヴ　　　　　　　　　　  9.5  2.8  8.2 12.0  6.9 12  0.0                           
062137021218104540ウエイトジャッジ　　　　　　　　　　 51.2 10.7-11.7-13.6 -8.5 -3  0.0                           
062137021318100752タンジェントアーク　　　　　　　　　 18.5  4.4 -8.5 -5.3 -4.5  1  0.0                           
062137021418100755ポンフー　　　　　　　　　　　　　　 14.8  3.6 11.2  1.1  3.8  9 12.3                           
062137021518102651ハンデンキング　　　　　　　　　　　 72.8 14.6-11.7-17.5 -9.9 -5  0.0  0                        
062137021618106236サザンジンジャー　　　　　　　　　　 19.3  4.5 -4.4  2.4 -0.4  5  0.0                           
062137030118104017サクラスヴニール　　　　　　　　　　 11.9  2.6  6.0  9.0  5.1 10 10.8                           
062137030218103306マラドーナ　　　　　　　　　　　　　 22.3  4.2  6.0  7.6  4.6 10  0.0                           
062137030318106575ウイングウインド　　　　　　　　　　 20.9  4.0  6.2 -2.0  1.1  6  0.0                           
062137030418100574タマモアンドロメダ　　　　　　　　　  3.8  1.5 14.2  6.0  6.5 11 17.3                           
062137030518103077ヴァルプルギス　　　　　　　　　　　 41.1  7.2-10.0 -4.0 -4.5  1  0.0                           
062137030618101171トランセンドパスト　　　　　　　　　  6.2  1.8 12.0 11.9  8.0 13  9.4                           
062137030718100963マスケティアーズ　　　　　　　　　　 63.8 10.5 -8.4 -7.7 -5.3  0  0.0                           
062137030818106094ラルカナタ　　　　　　　　　　　　　115.7 18.5-11.0-15.7 -9.1 -4  0.0                           
062137030918101716ジーガーオーシャン　　　　　　　　　 16.5  3.3  6.0  8.0  4.7 10  0.0                           
062137031018101022シゲルビーナス　　　　　　　　　　　177.0 27.9-10.0 -7.6 -5.8 -1  0.0                           
062137031118100731ナリノストーム　　　　　　　　　　　 28.6  5.2 -8.4 -0.1 -2.6  2  0.0                           
062137031218100069フライトメモリア　　　　　　　　　　 29.8  5.4-10.0  8.2  0.0  5  0.0                           
062137031318104349リーガルゲイリー　　　　　　　　　　 49.5  8.5-10.0-10.0 -6.7 -2  0.0                           
062137031418100609フラッシュヒーロー　　　　　　　　　183.2 28.9-10.0 -4.0 -4.5  1  0.0                           
062137031518104153ブルーガーデニア　　　　　　　　　　  8.1  2.1  4.9  6.9  4.0  9  0.0                           
062137031618109102スズジャッカル　　　　　　　　　　　  2.4  1.3 19.4 14.3 11.1 16 15.9                           
062137040117101089スペースシップ　　　　　　　　　　　 67.5 11.6-10.4-18.6 -9.9-10  0.0                           
062137040216100964タガノジェロディ　　　　　　　　　　  9.0  2.4  7.5  9.7  5.8  6  0.0                           
062137040314102878クライムメジャー　　　　　　　　　　 11.2  2.6 10.1  6.7  5.5  5  0.0                           
062137040416104029トゥーフラッシー　　　　　　　　　　 18.9  3.9 -9.4  4.6 -1.1 -1  0.0                           
062137040516105634グランソヴァール　　　　　　　　　　  5.6  1.7  6.0 15.7  7.6  8  9.4                           
062137040614109037クリノハプスブルク　　　　　　　　　 52.2  9.3-10.0-10.0 -6.7 -7  0.0                           
062137040715100367トモノコテツ　　　　　　　　　　　　  7.4  2.1  9.9  8.5  6.1  6 20.2                           
062137040814100576フリーフリッカー　　　　　　　　　　  4.9  1.6 12.9 20.4 11.4 11  8.7  2                        
062137040917102768トキノハヤテ　　　　　　　　　　　　 19.2  3.9 -5.4 10.5  2.2  2  0.0  5                        
062137041017103279トレベーラ　　　　　　　　　　　　　 38.5  7.1-11.7 -4.0 -5.0 -5  0.0                           
062137041117103197ルヴァンギラ　　　　　　　　　　　　 60.6 10.5-13.4-10.0 -7.7 -8  0.0                           
062137041216110061モズエロイコ　　　　　　　　　　　　  2.3  1.3 25.1 27.5 17.6 18 15.9  1  132   57              
062137041313103941グリニッチヴィレジ　　　　　　　　　 45.6  8.2-10.4-10.0 -6.8 -7  0.0                           
062137050118102014ヤマニンムジカ　　　　　　　　　　　 38.5  7.6-10.0 -5.9 -5.2  0  0.0                           
062137050218103995コスモスケアヘッド　　　　　　　　　 35.3  7.0-11.0 -1.9 -4.0  1 13.0                           
062137050318102652シヴァタウ　　　　　　　　　　　　　183.4 32.8-10.0 -7.6 -5.8 -1  0.0                           
062137050418100881マオノジーナス　　　　　　　　　　　  5.2  1.7 20.0 13.5 10.9 16 17.3                           
062137050518110031ロングボウマン　　　　　　　　　　　 12.6  3.0  3.7  6.6  3.5  9  0.0                           
062137050618100661エイペクス　　　　　　　　　　　　　  5.3  1.7 10.9 27.3 13.3 18  9.4                           
062137050718102169マイネルレイヨン　　　　　　　　　　 12.0  2.9 13.1  4.9  5.7 11  0.0                           
062137050818100705リターンオブクイン　　　　　　　　　114.2 20.7-13.4 -8.7 -7.2 -2  0.0                           
062137050918103321キセル　　　　　　　　　　　　　　　115.9 20.9-11.7-10.0 -7.2 -2  0.0                           
062137051018102224ベルクフリート　　　　　　　　　　　 49.9  9.6-10.0-10.1 -6.7 -2  0.0                           
062137051118103417ブライリー　　　　　　　　　　　　　 13.3  3.1  9.0 13.6  7.7 13  0.0                           
062137051218100453ウプサラ　　　　　　　　　　　　　　 35.5  7.0 -4.6 -6.8 -3.9  1  0.0                           
062137051318105104スパークフューチャ　　　　　　　　　 42.8  8.4-11.7-15.2 -9.1 -4  0.0                           
062137051418100378ディアナグラン　　　　　　　　　　　  6.0  1.9  4.0  8.0  4.1  9  0.0  5                        
062137051518104561エンブレムコード　　　　　　　　　　  2.6  1.3 15.0 26.2 14.1 19 15.9                           
062137051618104804デルマケゴン　　　　　　　　　　　　 43.8  8.5-13.4 -8.7 -7.2 -2  0.0                           
062137060118100073ルミナスライン　　　　　　　　　　　  9.1  2.7 10.0  9.7  6.6 27  0.0                           
062137060218110120ジャズエチュード　　　　　　　　　　  5.3  1.9-10.0 18.8  3.9 24  8.7                           
062137060318104471グレイトミッション　　　　　　　　　 29.0  6.4 -5.8  6.9  0.8 21 14.4                           
062137060418101294カモミールティー　　　　　　　　　　 21.5  4.9-10.0-10.1 -6.7 13  0.0                           
062137060518103870トランザクト　　　　　　　　　　　　 46.6  9.8-10.0 -9.5 -6.5 14  0.0                           
062137060618102407キモンブラウン　　　　　　　　　　　 57.3 11.6-11.7-13.2 -8.4 12  0.0                           
062137060718101277ナンヨーローズ　　　　　　　　　　　  9.0  2.7  7.9  6.5  4.8 25  0.0                           
062137060818100593タイガーリリー　　　　　　　　　　　 16.0  3.9-10.0  7.9 -0.1 20 12.2                           
062137060918104731メインターゲット　　　　　　　　　　  5.3  1.8 13.1  3.7  5.3 25  9.4                           
062137061018103205クムシラコ　　　　　　　　　　　　　 29.5  6.5 -0.3  4.6  1.6 22  0.0                           
062137061118103766フレンドパル　　　　　　　　　　　　 28.3  6.2-11.7 -2.0 -4.2 16  0.0                           
062137061218104127リュウノメアリー　　　　　　　　　　125.8 24.7-10.0-10.8 -7.0 13  0.0                           
062137061318106612オリアメンディ　　　　　　　　　　　 83.7 16.7-10.0 -9.2 -6.4 14  0.0                           
062137061418103926ショウナンラスボス　　　　　　　　　  6.0  2.0  9.0 17.9  9.3 29 10.1                           
062137061518105097テネラメンテ　　　　　　　　　　　　  3.1  1.5 19.6 21.9 13.9 34  7.9  2                        
062137061618101455マルス　　　　　　　　　　　　　　　113.2 22.3-13.1-12.6 -8.6 11  0.0                           
062137070117101940レットミーアウト　　　　　　　　　　 14.8  3.7 -5.2 -4.0 -3.0 17  0.0                           
062137070216104238ヤップヤップヤップ　　　　　　　　　 27.9  6.4-10.3-13.6 -8.1 12  0.0                           
062137070317100795シングンバズーカ　　　　　　　　　　  5.2  1.9 12.9 12.0  8.3 28  9.4                           
062137070416100255ウインリベルタ　　　　　　　　　　　 63.3 13.2-10.0-10.0 -6.7 13  0.0                           
062137070517101525ネオストーリー　　　　　　　　　　　 26.1  6.0 -0.4-10.0 -3.8 16  0.0                           
062137070615106231アルスラーン　　　　　　　　　　　　 15.3  3.8-10.0  9.5  0.5 20 26.0                           
062137070717104756アラタ　　　　　　　　　　　　　　　  4.1  1.7 14.6 20.0 11.7 32  7.9                           
062137070816102229フィデリオグリーン　　　　　　　　　 62.3 13.0 -3.9  1.1 -0.8 19  0.0                           
062137070917103843ウシュバテソーロ　　　　　　　　　　  7.2  2.3  6.0 14.8  7.2 27 10.1                           
062137071017104700ナリノモンターニュ　　　　　　　　　  4.3  1.7 16.5  8.2  8.0 28  0.0                           
062137071113105556シトラスクーラー　　　　　　　　　　 16.6  4.1  6.0 11.8  6.1 26 13.8                           
062137071216104639ミライオー　　　　　　　　　　　　　  9.0  2.8 -5.2 24.2  7.3 27  0.0                           
062137071317104478ヒューマンコメディ　　　　　　　　　 10.9  2.9  5.8  2.4  2.6 23  0.0                           
062137071417104168ウインジョイフル　　　　　　　　　　 44.5  9.7 -8.5  1.7 -1.9 18  0.0                           
062137071517101946バトーブラン　　　　　　　　　　　　 52.5 11.4-10.0 -9.7 -6.6 13  0.0                           
062137080117101193カレンリズ　　　　　　　　　　　　　 20.0  4.6 -2.1 -5.6 -2.7 27  0.0                           
062137080215102297サイドストリート　　　　　　　　　　 56.3 11.3-10.0-10.4 -6.8 23  0.0                           
062137080316106438マリアルージュ　　　　　　　　　　　 23.1  5.2 20.0-10.9  2.0 32  0.0                           
062137080415103256タツオウカランブ　　　　　　　　　　 63.0 12.6-10.0 -9.7 -6.6 23  0.0                           
062137080516104515ベルクワイア　　　　　　　　　　　　  7.9  2.4 12.4 17.9 10.3 40 10.1                           
062137080617100850サノマナ　　　　　　　　　　　　　　 35.8  7.6-11.7-12.3 -8.0 22  0.0                           
062137080717105060ロフティーピーク　　　　　　　　　　  4.6  1.7 16.0 12.9  9.5 40 17.3                           
062137080816102617ウィンターリリー　　　　　　　　　　 51.2 10.6-10.0-12.3 -7.5 22  0.0                           
062137080916104830ユナカイト　　　　　　　　　　　　　 18.7  4.4 -3.5  6.0  1.1 31  0.0                           
062137081017105315カイルアコナ　　　　　　　　　　　　  9.0  2.6 15.0  7.2  7.1 37 10.8                           
062137081116104245リフタスフェルト　　　　　　　　　　 40.4  8.5-12.5-10.1 -7.5 23  0.0                           
062137081216103140ナイスプリンセス　　　　　　　　　　  6.0  2.0 10.4 12.0  7.5 38  9.4  5                        
062137081317100812デルマクリスタル　　　　　　　　　　 14.3  3.5  8.7  1.7  3.2 33  0.0                           
062137081416102323セイドアモール　　　　　　　　　　　 27.4  6.0-11.7 -8.7 -6.7 23  0.0                           
062137081517100323ラフィンクロンヌ　　　　　　　　　　  3.3  1.5 12.0 27.3 13.6 44  8.0                           
062137081616100180クーファピーカブー　　　　　　　　　 14.4  3.5  7.5  8.2  5.3 35  0.0                           
062137090118104460サクセスエース　　　　　　　　　　　 26.6  5.5-10.0 -2.0 -3.7 16  0.0                           
062137090218106600ベンタロン　　　　　　　　　　　　　 57.5 10.9-13.1-12.6 -8.6 11  0.0                           
062137090318101300ドラミモン　　　　　　　　　　　　　 11.4  2.8  1.0  1.1  0.7 21  0.0                           
062137090418102985アオイゴールド　　　　　　　　　　　  4.2  1.5  6.0 19.5  8.9 29  8.7                           
062137090518105005ジャンカルド　　　　　　　　　　　　  4.2  1.5 13.3 22.5 12.2 32  9.4                           
062137090618102807ニシノソワレ　　　　　　　　　　　　 11.8  2.9-10.0-14.1 -8.2 12 12.3                           
062137090718104833カレンレベンティス　　　　　　　　　  8.1  2.4 20.0  2.6  7.0 27  0.0                           
062137090818106588ゲンパチリベロ　　　　　　　　　　　  3.0  1.4 18.5 15.3 11.2 31 15.9                           
062137090918100960プレイイットサム　　　　　　　　　　  4.7  1.7 12.9 11.4  8.1 28 10.1                           
062137100117105408ダノングロワール　　　　　　　　　　  6.1  2.2 12.0  6.7  6.1 41  9.4                           
062137100217103942テリオスベル　　　　　　　　　　　　  8.3  2.7 10.0 13.9  8.1 43  0.0                           
062137100315100748マイネルカイノン　　　　　　　　　　 13.7  3.6  3.6 -1.2  0.6 36  0.0                           
062137100417103898タイガーインディ　　　　　　　　　　 37.3  8.7-12.5 -5.6 -5.8 29  0.0                           
062137100516105472ホウオウトゥルース　　　　　　　　　  5.9  2.1 20.0  9.9  9.6 45  8.6                           
062137100614106120エクレアスパークル　　　　　　　　　 28.0  6.7-12.5 -8.1 -6.7 28  0.0                           
062137100716105047トランスナショナル　　　　　　　　　  3.8  1.7 19.5 10.8  9.8 45 15.9                           
062137100817104507ニーズヘッグ　　　　　　　　　　　　 18.2  4.6 -3.9 10.1  2.5 38  0.0  5                        
062137100916101613メイショウソテツ　　　　　　　　　　 85.8 18.6-12.5-10.1 -7.5 28  0.0                           
062137101017104105プリティーチャンス　　　　　　　　　 19.7  5.0 -6.0-17.4 -8.2 27  0.0                           
062137101115110100ツブラナヒトミ　　　　　　　　　　　 17.1  4.4 -2.1-14.8 -6.1 29  0.0                           
062137101216105929サクラルーフェン　　　　　　　　　　 14.0  3.7-11.7-13.1 -8.3 27  0.0                           
062137101315103949パキュートハート　　　　　　　　　　 84.9 18.4-12.5-10.1 -7.5 28  0.0                           
062137101416101147ロードリバーサル　　　　　　　　　　 26.1  6.3-12.5 -8.1 -6.7 28  0.0                           
062137101516101745ゲンパチルシファー　　　　　　　　　 17.7  4.5 18.6  1.9  6.3 41  0.0                           
062137101616101093ダンツキャッスル　　　　　　　　　　  6.8  2.3 15.0  8.1  7.5 42 20.2                           
062137110115101212ヒロシゲセブン　　　　　　　　　　　 24.8  3.5 -2.1-10.1 -4.3 31  0.0                           
062137110213106474ケンホファヴァルト　　　　　　　　　 12.3  2.1 11.4 20.0 10.8 46  0.0  4                        
062137110312100517タガノエスプレッソ　　　　　　　　　  4.9  1.3 13.7 12.3  8.6 44 18.8                           
062137110411101125オジュウチョウサン　　　　　　　　　  2.2  1.2 20.4 18.3 12.8 48 15.9                           
062137110512100683マイネルプロンプト　　　　　　　　　 20.2  3.0 -0.5  2.9  0.9 36  0.0                           
062137110613104138メイショウダッサイ　　　　　　　　　  2.4  1.2 21.8 18.9 13.5 48 17.3                           
062137110717100540スマートアペックス　　　　　　　　　 15.5  2.4  7.5  4.8  4.0 39  0.0                           
062137110813103958シンキングダンサー　　　　　　　　　 28.5  3.9 -8.5 -8.7 -5.7 29  0.0                           
062137120116104492ブラックヘイロー　　　　　　　　　　  4.2  1.6 12.5 15.0  9.3 39  8.7                           
062137120216104569バンクショット　　　　　　　　　　　  9.3  2.5  7.5  6.3  4.6 35 11.5                           
062137120316100161グリニッジシチー　　　　　　　　　　 17.3  3.7 -0.5  3.2  1.0 31  0.0                           
062137120415102558トウカイオルデン　　　　　　　　　　  8.5  2.3  1.6 23.0  8.9 39 21.7                           
062137120517105558ピオノノ　　　　　　　　　　　　　　  2.6  1.3 19.5 23.9 14.6 45 15.9                           
062137120615104534スパイスマジック　　　　　　　　　　 20.4  4.2-10.4 -8.1 -6.1 24  0.0                           
062137120714101530スズカブルグ　　　　　　　　　　　　  7.6  2.1 15.0 10.1  8.2 38  0.0                           
062137120816105007ポートロイヤル　　　　　　　　　　　 25.3  5.0-11.7  1.2 -3.1 27  0.0                           
062137120915101209レオアルティメット　　　　　　　　　  7.7  2.2-10.0 19.5  4.2 34  0.0                           
062137121015102164エピックスター　　　　　　　　　　　 13.4  3.0 -2.3  2.6  0.3 30  0.0                           
062137121116103584ペイシャムートン　　　　　　　　　　 23.7  4.7 -2.4-10.1 -4.4 26  0.0                           
092127010118106548メイショウノビヤカ　　　　　　　　　 28.4  5.5-10.9-12.5 -7.7 -3  0.0                           
092127010218103047アミスタ　　　　　　　　　　　　　　 68.3 12.0-10.9 -5.4 -5.6 -1  0.0                           
092127010318100852クリノプリンシス　　　　　　　　　　 34.5  6.6 -5.6  6.1 -0.2  5  0.0                           
092127010418101755コスモチェントロ　　　　　　　　　　 40.6  7.6-10.9-13.6 -8.1 -3  0.0                           
092127010518105304グッドインパクト　　　　　　　　　　  4.6  1.6 18.0 31.0 15.9 21 17.7  1  142   50              
092127010618105405ファーストソリスト　　　　　　　　　  4.9  1.6 16.5 13.0  9.9 15 19.1                           
092127010718106237エオウィン　　　　　　　　　　　　　 55.6  9.9-10.9 -5.4 -5.6 -1  0.0                           
092127010818102114カシェル　　　　　　　　　　　　　　 18.5  3.9 -5.6 -3.4 -3.1  2  0.0  0                        
092127010918105566オスタークラング　　　　　　　　　　 19.9  4.1 -5.6 -0.3 -2.1  3 16.5  0                        
092127011018106464メイショウイッコン　　　　　　　　　 22.1  4.5  0.3  5.2  1.7  7  0.0                           
092127011118104784ビブラマリエ　　　　　　　　　　　　 25.6  5.0-10.9-12.2 -7.7 -3  0.0                           
092127011218101833プリティワヒネ　　　　　　　　　　　 23.0  4.6  2.5  6.8  3.0  8  0.0                           
092127011318100167ショレアドルチェ　　　　　　　　　　 35.0  6.7 -7.8  8.0 -0.5  5  0.0                           
092127011418101588ウルズ　　　　　　　　　　　　　　　 32.5  6.2-10.9-10.9 -7.3 -2  0.0                           
092127011518105416メイセキム　　　　　　　　　　　　　  9.2  2.5  9.6  9.6  6.4 11  0.0                           
092127011618104571ワイドアウェイク　　　　　　　　　　  2.5  1.3 16.8 19.6 12.0 17 16.2                           
092127020118105483エレメンタル　　　　　　　　　　　　 22.1  5.1 -5.6-10.4 -5.2  0  0.0                           
092127020218101120モズオールビー　　　　　　　　　　　 46.1  9.9-11.5-10.2 -7.3 -2  0.0                           
092127020318100327ウォーターパフィン　　　　　　　　　 16.4  4.0  1.1  5.6  2.1  7  0.0                           
092127020418106546ポップワール　　　　　　　　　　　　 42.0  9.1-10.9-10.2 -7.1 -2  0.0                           
092127020518102749ツウカイアペックス　　　　　　　　　 29.5  6.6 -8.0-14.8 -7.4 -2  0.0  0                        
092127020618106380ミスズメジャー　　　　　　　　　　　  5.6  1.9 12.5  5.7  6.3 11 19.1                           
092127020718105205ペイルライダー　　　　　　　　　　　  6.9  2.2  3.8  7.5  3.6  9 14.4                           
092127020818100533マンヌポルト　　　　　　　　　　　　 20.6  4.9-11.5-13.6 -8.3 -3 26.5                           
092127020918101823ボタンザクラ　　　　　　　　　　　　 34.5  7.6-10.9-13.8 -8.1 -3  0.0  0                        
092127021018103128トムティット　　　　　　　　　　　　 61.8 12.7-10.9-12.7 -7.8 -3  0.0                           
092127021118104339メイショウナリヒラ　　　　　　　　　  5.6  1.9 17.5 20.7 12.6 18  0.0                           
092127021218104787ウラエウス　　　　　　　　　　　　　  8.8  2.7  4.3 17.1  6.7 12  0.0                           
092127021318104236ディープシーテッド　　　　　　　　　 31.8  7.0 -0.2  9.8  2.9  8  0.0                           
092127021418102568ダノンランディ　　　　　　　　　　　 10.7  2.8  0.0 14.9  4.5  9  0.0                           
092127021518103160ワンダーイチョウ　　　　　　　　　　  3.2  1.5 15.0 32.6 15.3 20 16.2  1  138   65              
092127021618100239クリノスパークル　　　　　　　　　　 65.3 13.4-11.5  4.6 -2.8  2  0.0                           
092127030118101944タガノポルトロン　　　　　　　　　　 58.4  9.7 -5.6 -2.5 -2.8  2  0.0                           
092127030218102597オンデューティ　　　　　　　　　　　 27.5  5.0 -0.2 -4.8 -1.5  3  0.0                           
092127030318104130シゲルホンブチョウ　　　　　　　　　 93.6 15.1-11.5-14.8 -8.7 -4  0.0  0                        
092127030418100103マイネルニルソン　　　　　　　　　　 18.5  3.7  1.1  5.4  2.0  7 23.5                           
092127030518104771ラムダ　　　　　　　　　　　　　　　  6.9  1.9 -2.1 -2.8 -1.6  3 19.1                           
092127030618104517フロンタルクリス　　　　　　　　　　  8.1  2.1  9.1  9.8  6.3 11  0.0                           
092127030718100727ハクサンマックス　　　　　　　　　　 42.9  7.5 -7.5 -1.9 -3.3  2  0.0                           
092127030818101973タガノスカウター　　　　　　　　　　 28.4  5.2 -4.1 -2.0 -2.1  3  0.0                           
092127030918102955ワンダーピュルテ　　　　　　　　　　 36.3  6.4-10.9 -6.5 -5.9 -1  0.0                           
092127031018102970ゾグラフォス　　　　　　　　　　　　 49.1  8.5-14.0-15.1 -9.7 -5  0.0                           
092127031118101127ショウサンイチマツ　　　　　　　　　  7.1  1.9 14.2 14.0  9.4 14 14.4                           
092127031218102605ロードトランス　　　　　　　　　　　  2.9  1.3 14.4 10.4  8.4 13  0.0                           
092127031318106493メイショウケイゼン　　　　　　　　　 28.7  5.2-11.5 -5.8 -6.0 -1  0.0                           
092127031418100059モントレージャック　　　　　　　　　 61.8 10.2-10.9-11.0 -7.3 -2  0.0                           
092127031518104346ヴェノム　　　　　　　　　　　　　　  3.0  1.4 19.5 22.8 14.0 19 17.7                           
092127040118105723ソルトダンケ　　　　　　　　　　　　 79.9 15.0-11.5-20.0-10.2 -5  0.0                           
092127040218106324エニシノウタ　　　　　　　　　　　　 21.0  4.6 -5.6  5.1 -0.5  4  0.0                           
092127040318105408シンシアリダーリン　　　　　　　　　 15.4  3.5  9.1  0.5  3.5  8  0.0                           
092127040418102035イリマ　　　　　　　　　　　　　　　  6.3  2.0  9.6  5.2  5.1 10 20.6                           
092127040518104057ブリングミージョイ　　　　　　　　　 39.1  7.9-11.5 -8.6 -6.8 -2  0.0                           
092127040618105195ネグローニ　　　　　　　　　　　　　 15.3  3.5 -5.6 -6.9 -4.1  1  0.0                           
092127040718105268テーオーマシェリ　　　　　　　　　　  6.0  1.9 10.2 14.4  8.1 13  0.0                           
092127040818104547ヒカリネツガル　　　　　　　　　　　 42.0  8.4-10.9-12.2 -7.7 -3  0.0                           
092127040918106082コーラスケイト　　　　　　　　　　　  3.5  1.5 17.7 17.0 11.6 17 16.2                           
092127041018105145エリカブライト　　　　　　　　　　　  7.7  2.3  8.2 19.3  8.8 14 15.4                           
092127041118104933ナンヨーインディゴ　　　　　　　　　 53.5 10.5-10.9-13.5 -8.0 -3  0.0                           
092127041218101943タガノパッション　　　　　　　　　　  3.6  1.5 16.7 13.8 10.3 15 17.7                           
092127041318103262オールマイフレンズ　　　　　　　　　 33.4  6.8-10.9-10.2 -7.1 -2  0.0                           
092127041418102770カレンプリマドーナ　　　　　　　　　 44.2  8.8-11.5-13.6 -8.3 -3  0.0                           
092127041518105550ブライドピーク　　　　　　　　　　　 35.8  7.3-10.8-10.6 -7.1 -2  0.0                           
092127050118103102ケンハービンジャー　　　　　　　　　 24.7  5.0-11.5-17.1 -9.3 -4  0.0                           
092127050218105348クローヴィス　　　　　　　　　　　　 11.2  2.7  1.1 16.6  5.4 10  0.0                           
092127050318110136プリファードラン　　　　　　　　　　 91.8 16.4-10.3 -7.5 -6.0 -1  0.0                           
092127050418104558エリカヴァレリア　　　　　　　　　　 11.0  2.6  6.1 -2.4  1.5  7  0.0  5                        
092127050518103677ネビーイーム　　　　　　　　　　　　 11.9  2.8 17.5 -1.2  6.1 11 16.5                           
092127050618105184ブリンク　　　　　　　　　　　　　　  2.9  1.4 18.0 16.4 11.5 17 16.2                           
092127050718106700クイーンネモシン　　　　　　　　　　 65.3 11.9-10.8-10.2 -7.0 -2  0.0                           
092127050818106584シュアーウィナー　　　　　　　　　　 62.4 11.4-10.9-10.7 -7.2 -2  0.0                           
092127050918104651ラッキーパラダイス　　　　　　　　　 51.3  9.7-10.9-12.2 -7.7 -3  0.0                           
092127051018100662ラヴィーニア　　　　　　　　　　　　 58.7 10.8-11.5-10.2 -7.3 -2  0.0                           
092127051118105411フローレスクイーン　　　　　　　　　  3.8  1.6 19.3 22.0 13.7 19 17.7                           
092127051218100537シルキーヴォイス　　　　　　　　　　 26.9  5.4 -8.3 -2.0 -3.6  1  0.0                           
092127051318104729ワセダハーツ　　　　　　　　　　　　  9.2  2.5 -1.5  3.8  0.6  6  0.0                           
092127051418103369ハギノピリナ　　　　　　　　　　　　 32.4  6.4  2.9  7.5  3.3  8  0.0                           
092127051518100122シンゼングレート　　　　　　　　　　 83.7 15.0-10.9 -8.8 -6.6 -2  0.0                           
092127051618103088ヴィスコンティ　　　　　　　　　　　 25.2  5.1  1.2  4.4  1.8  7 29.4                           
092127051718102146コスモホクシン　　　　　　　　　　　 14.9  3.3 -0.9-11.2 -3.7  1  0.0                           
092127051818106084ペプチドナイル　　　　　　　　　　　 20.5  4.3 -1.5  2.9  0.3  5  0.0                           
092127060118105247クリオズナ　　　　　　　　　　　　　 23.3  4.9-10.9-20.0-10.0 10  0.0  0                        
092127060218106459メイショウデージー　　　　　　　　　 23.5  5.0-10.9  7.0 -1.9 18  0.0                           
092127060318104644スターリングワース　　　　　　　　　  3.2  1.4 19.3 16.8 12.1 32 16.2                           
092127060418101989ジョディーズマロン　　　　　　　　　 27.2  5.6  3.8-17.3 -3.8 16  0.0  0                        
092127060518103636ワキノクイーン　　　　　　　　　　　 58.9 11.2-10.9-11.0 -7.3 13  0.0  0                        
092127060618106560メイショウヒューマ　　　　　　　　　  7.5  2.2 12.9 23.2 11.7 32  0.0                           
092127060718106697エイユーストロング　　　　　　　　　 25.8  5.4-10.9 -8.2 -6.5 14  0.0  0                        
092127060818101966タガノペカ　　　　　　　　　　　　　 22.7  4.8 -4.1  5.0  0.0 20  0.0                           
092127060918101204ジューンクエスト　　　　　　　　　　 15.2  3.5  8.2  8.6  5.6 26 22.1                           
092127061018101379サンマルセレッソ　　　　　　　　　　 39.1  7.8 -9.7-10.6 -6.7 13  0.0                           
092127061118100886ジェットエンブレム　　　　　　　　　  5.9  1.9 14.7 12.5  9.1 29 13.4  5                        
092127061218103408ミッキークイック　　　　　　　　　　 23.3  4.9 -5.6  8.3  0.4 20  0.0                           
092127061318110118アスカロン　　　　　　　　　　　　　 39.7  7.9 -8.1-12.2 -6.6 13  0.0                           
092127061418100985ペプチドサンライズ　　　　　　　　　  3.9  1.6 15.9 30.0 14.8 35 17.7                           
092127061518104188ヒットガール　　　　　　　　　　　　 36.2  7.3-10.9-12.2 -7.7 12  0.0                           
092127061618103087ウェーブメジャー　　　　　　　　　　 16.3  3.7 -0.2 12.0  3.5 24  0.0  5                        
092127070116103314ハーシェル　　　　　　　　　　　　　 16.7  3.4 -0.2 -2.5 -0.8 19  0.0                           
092127070215106286サダムラピュタ　　　　　　　　　　　  5.4  1.6 16.8 10.8  9.4 29 19.1                           
092127070317100543シフクユウヒ　　　　　　　　　　　　 59.9 10.0-11.5 -2.7 -5.0 15  0.0  0                        
092127070416103499グレートベースン　　　　　　　　　　 14.9  3.1 10.4 10.2  6.9 27  0.0                           
092127070516101089ブルベアオーロ　　　　　　　　　　　 25.7  4.8 -2.1 -9.1 -3.5 16  0.0                           
092127070617103748サクラサーブル　　　　　　　　　　　 37.5  6.7-14.0 -9.7 -8.0 12  0.0                           
092127070717106365スズカパンサー　　　　　　　　　　　  4.2  1.5 15.7 13.5  9.8 30 17.7  5                        
092127070816102146メイショウモチヅキ　　　　　　　　　 29.2  5.3-10.9-13.8 -8.1 12  0.0  0                        
092127070917105984スマートウィザード　　　　　　　　　  7.3  2.0 12.6 16.4  9.5 30 14.4                           
092127071017100577クリアショット　　　　　　　　　　　  2.3  1.2 19.2 17.3 12.2 32 16.2                           
092127071117103796クリノウマーベラス　　　　　　　　　 23.5  4.4-11.5 -9.8 -7.2 13  0.0                           
092127071217100084ナムラカミカゼ　　　　　　　　　　　 25.7  4.8 -8.1 -1.9 -3.5 16  0.0                           
092127071317100846キャルブルー　　　　　　　　　　　　 30.9  5.6 -8.3 -1.9 -3.6 16  0.0                           
092127080116103062ルーアン　　　　　　　　　　　　　　 17.2  3.3  1.5 12.2  4.2 24  0.0  5                        
092127080217105486ヒロイン　　　　　　　　　　　　　　  4.8  1.5 12.5 15.5  9.2 29 19.1                           
092127080317104344クイーンカピオラニ　　　　　　　　　 18.3  3.5-10.9 27.0  4.1 24  0.0                           
092127080417105400ステラータ　　　　　　　　　　　　　 13.9  2.8 -1.6  7.3  1.6 22  0.0                           
092127080517104573ミヤコシスター　　　　　　　　　　　 14.0  2.8  7.9  7.0  5.0 25 15.4                           
092127080617106247エクスチェンジ　　　　　　　　　　　 17.7  3.4 -4.2 13.4  2.5 22  0.0                           
092127080716101167ベストチャーム　　　　　　　　　　　  4.1  1.4 10.2 18.3  9.2 29 17.7                           
092127080817102893ジューンアクア　　　　　　　　　　　 20.3  3.8 -5.7 12.3  1.6 22  0.0                           
092127080916100601ハニエル　　　　　　　　　　　　　　  2.1  1.2 19.7 21.7 13.7 34 16.2                           
092127081016101901テイエムメロディー　　　　　　　　　 15.3  3.0  8.5 12.0  6.7 27  0.0                           
092127090116100503ルフィアンキック　　　　　　　　　　 23.5  4.2 -9.7-10.6 -6.7 23  0.0                           
092127090216103962ヴィント　　　　　　　　　　　　　　 46.2  7.7-11.5-14.8 -8.7 21  0.0  0                        
092127090316105734サンキューユウガ　　　　　　　　　　  2.0  1.2 21.8 30.2 17.1 47 16.2  1  135   76              
092127090417106131キーダイヤ　　　　　　　　　　　　　 13.0  2.7  9.0  7.8  5.6 36  0.0                           
092127090517102014メイショウユリシス　　　　　　　　　 19.1  3.6 -2.6  5.2  0.6 31  0.0                           
092127090615102095クリノイダテン　　　　　　　　　　　 58.8  9.4-10.9-13.1 -7.9 22  0.0                           
092127090715104974ブレイニーラン　　　　　　　　　　　  7.6  2.0 11.8  8.9  7.0 37 14.4                           
092127090817103005ロードベイリーフ　　　　　　　　　　  5.1  1.6 14.4  9.8  8.2 38  0.0                           
092127090913100731ピースマインド　　　　　　　　　　　 17.6  3.4 -5.6-15.5 -6.7 23  0.0  0                        
092127091016104251キュールエサクラ　　　　　　　　　　 13.4  2.7  5.5 12.0  5.6 36 23.5  5                        
092127091116101561グーテンモルゲン　　　　　　　　　　 33.7  5.8-10.9-16.0 -8.8 21  0.0  0                        
092127091216104751ブラックダンサー　　　　　　　　　　  6.9  1.9 14.2 20.3 11.3 41 19.1                           
092127100115103374バーニングペスカ　　　　　　　　　　  8.4  2.7 -4.2 14.6  2.8 38  0.0  4                        
092127100216104613テルモードーサ　　　　　　　　　　　 20.6  5.1 -1.6 24.7  6.8 42  0.0                           
092127100315105382マローネメタリコ　　　　　　　　　　 28.6  6.7 -9.7-10.6 -6.7 28  0.0                           
092127100414110107アスタースウィング　　　　　　　　　 35.7  8.3-10.9 -9.4 -6.8 28  0.0                           
092127100517106115メイショウベンガル　　　　　　　　　  4.9  1.9 10.2 15.6  8.4 43 17.7  2                        
092127100616102749ガンケン　　　　　　　　　　　　　　  4.3  1.8 12.5 17.0  9.7 45 16.2  3                        
092127100715103109メイショウミライ　　　　　　　　　　 12.8  3.4 -6.8 12.4  1.2 36  0.0                           
092127100816100939ゴッドバンブルビー　　　　　　　　　 15.8  4.1  4.0-12.3 -2.2 33 18.5                           
092127100916104340ゴールドラグーン　　　　　　　　　　 27.7  6.6-10.9  3.8 -2.9 32  0.0                           
092127101017110145イッシン　　　　　　　　　　　　　　 45.3 10.3-10.9-11.7 -7.5 27  0.0                           
092127101113105382シアーライン　　　　　　　　　　　　 16.8  4.3 -5.0 -3.6 -2.9 32  0.0                           
092127101216101333シャドウハンター　　　　　　　　　　 19.4  4.9 -4.2  9.0  1.2 36 29.4                           
092127101316104193メイショウハナモリ　　　　　　　　　 10.7  3.0  1.9-17.1 -4.4 31  0.0                           
092127101416100101コウユークロガヨカ　　　　　　　　　 58.2 12.7 -9.7-10.6 -6.7 28  0.0                           
092127101516100287モズダッシュスター　　　　　　　　　 13.2  3.5  7.2  6.2  4.5 39  0.0                           
092127101617109026ワイドカント　　　　　　　　　　　　  5.9  2.1  5.0 13.9  6.0 41  0.0                           
092127110118103406トーホウディアス　　　　　　　　　　 64.0 12.4-10.9-10.3 -7.1 43  0.0                           
092127110218104883アドマイヤザーゲ　　　　　　　　　　 33.4  6.9 -6.9-10.3 -5.6 44  0.0                           
092127110318100420ノースザワールド　　　　　　　　　　 58.9 11.4-10.9-13.9 -8.2 42  0.0                           
092127110418106723バルドルブレイン　　　　　　　　　　 49.5 10.0-10.9 -5.9 -5.8 44  0.0  0                        
092127110518104879バクシン　　　　　　　　　　　　　　 50.2 10.1-11.6-12.6 -8.0 42  0.0                           
092127110618105477タイフォン　　　　　　　　　　　　　 36.3  7.5-10.9-16.3 -8.9 41  0.0                           
092127110718101175サイモンメガライズ　　　　　　　　　 43.4  8.8-10.9-10.2 -7.1 43  0.0                           
092127110818105204ピクシーナイト　　　　　　　　　　　  3.4  1.5 20.2 22.6 14.2 64 16.2                           
092127110918105192ホウオウアマゾン　　　　　　　　　　  7.3  2.2  9.5 18.2  8.9 59 13.4                           
092127111018103590リッケンバッカー　　　　　　　　　　 37.6  7.7 -3.6-15.1 -5.8 44  0.0  0                        
092127111118105194ジュリオ　　　　　　　　　　　　　　  7.5  2.3 17.2 15.6 11.0 61  6.6                           
092127111218104861レイモンドバローズ　　　　　　　　　 15.0  3.5  5.0 -7.5 -0.4 50  0.0                           
092127111318100394サトノラムセス　　　　　　　　　　　 26.6  5.7 -5.6-13.6 -6.1 44  0.0                           
092127111418103027ワールドバローズ　　　　　　　　　　 23.3  5.0-10.9 15.7  0.7 51  0.0  4                        
092127111518105064ショウリュウレーヴ　　　　　　　　　  8.6  2.5 13.2 10.6  8.0 58  0.0                           
092127111618104576ジャスティンカフェ　　　　　　　　　  3.8  1.6 16.2 15.6 10.6 61 17.7                           
092127111718105260サンデージャック　　　　　　　　　　 53.2 10.7-10.9 -3.4 -5.0 45  0.0  0                        
092127111818105454グレイイングリーン　　　　　　　　　 14.5  3.4  8.7  7.3  5.4 55 23.5                           
092127120117104687アジャストザルート　　　　　　　　　  3.1  1.4 19.2 18.7 12.6 43 16.2                           
092127120217102383ロードセッション　　　　　　　　　　 19.4  4.1 -0.2  5.5  1.6 32  0.0                           
092127120317101146トウカイデュエル　　　　　　　　　　 33.1  6.5-11.5 -7.5 -6.5 24  0.0                           
092127120417110069アンセッドヴァウ　　　　　　　　　　  7.8  2.2 10.7  9.3  6.7 37  0.0                           
092127120517100993エブリワンブラック　　　　　　　　　  4.2  1.5 10.5 23.6 10.9 41 19.1  1  184   38              
092127120617106319メイショウコジョウ　　　　　　　　　  3.5  1.4 17.5 15.7 11.1 41 17.7                           
092127120716101847モーニングサン　　　　　　　　　　　 25.2  5.1 -8.3  0.8 -2.8 27  0.0                           
092127120816105584ブルーコンパクタ　　　　　　　　　　 12.2  2.8  9.1  5.9  5.1 35  0.0                           
092127120917105720クリノキングボス　　　　　　　　　　 37.1  7.2-14.0  6.2 -3.3 27  0.0                           
092127121016102571フェブタイズ　　　　　　　　　　　　 18.0  3.9  1.2 -9.1 -2.3 28 17.5                           
092127121115103481コウユーホクト　　　　　　　　　　　 27.6  5.5 -9.7 -4.2 -4.8 25  0.0                           
092127121215103197キタサンヴィクター　　　　　　　　　 16.4  3.6-11.5-17.1 -9.3 21  0.0                           
