032335010119106099ラブリアージェ　　　　　　　　　　　  6.7  2.2  6.0 -2.5  0.9 21  0.0                           
032335010220110012ランベントライト　　　　　　　　　　  6.1  2.0  8.0  8.0  5.3 25 15.3                           
032335010319110051シュガーフロート　　　　　　　　　　  4.8  1.8 18.7 15.5 11.3 31 14.2                           
032335010419100683パレフォーコン　　　　　　　　　　　 30.8  6.7 -7.9-10.5 -6.2 14  0.0                           
032335010519106305キリシマタウン　　　　　　　　　　　 44.1  9.3 -9.3 -4.8 -4.6 15  0.0                           
032335010620109134セロンテソーロ　　　　　　　　　　　 62.5 12.6 -5.3-14.3 -6.8 13  0.0                           
032335010719110120ビートエモーション　　　　　　　　　  3.3  1.5 14.3 20.0 11.6 32 13.0                           
032335010820103340スーパーアグリ　　　　　　　　　　　 14.1  3.5  6.5 12.6  6.6 27  0.0                           
032335010919104475ツヴァイシュテルネ　　　　　　　　　 19.3  4.5 -8.1-10.5 -6.3 14  0.0                           
032335011018100107アイファーベア　　　　　　　　　　　  8.2  2.5  7.3 11.0  6.2 26  0.0  5                        
032335011118101299アスクドンキバック　　　　　　　　　 33.8  7.3-12.3-10.5 -7.5 12  0.0                           
032335011218100862クリノビックリバゴ　　　　　　　　　127.7 25.2-12.3-10.5 -7.5 12  0.0                           
032335011320110145スモーキンビリー　　　　　　　　　　  9.4  2.8  4.0  1.9  1.9 22  0.0  3                        
032335011419102203ラージベル　　　　　　　　　　　　　127.7 25.2-11.4 -1.5 -4.0 16  0.0                           
032335011519105798ルワンジュ　　　　　　　　　　　　　 27.5  6.1 -1.5-10.5 -4.3 16  0.0                           
032335011619107032サリーチャン　　　　　　　　　　　　 27.0  6.0 -7.0 12.0  2.3 22  0.0                           
032335020121105089ヒロインズクレスト　　　　　　　　　  9.4  2.5 11.0 -2.5  2.4  7  0.0                           
032335020221109013メロディーダンサー　　　　　　　　　 32.1  6.0 -5.8  7.5  1.0  6  0.0                           
032335020321103040イッツナッシング　　　　　　　　　　  3.2  1.4 14.2 17.5 10.7 16 14.2                           
032335020421102997ウメテマリ　　　　　　　　　　　　　 21.0  4.2 -5.6-10.0 -5.3  0  0.0                           
032335020521103524ガーデンオブエデン　　　　　　　　　 59.7 10.4-12.3-10.5 -7.5 -3  0.0                           
032335020621101257マリノロマンス　　　　　　　　　　　 29.7  5.6-11.9-20.0-10.9 -6  0.0                           
032335020721102391ルルディルッカ　　　　　　　　　　　 20.5  4.2 -2.1  8.7  2.6  8  0.0                           
032335020821101026エコロアモーレ　　　　　　　　　　　  4.9  1.6 16.5 16.6 11.0 16 15.3  3                        
032335020921101158クイーンブラッド　　　　　　　　　　133.1 22.4-11.4 -5.8 -5.5 -1  0.0                           
032335021021105841メイケイアリッサム　　　　　　　　　 41.0  7.5-10.9-10.5 -7.1 -2  0.0                           
032335021121102357パレスパートナー　　　　　　　　　　 19.1  3.9 -2.6 -4.0 -2.2  3  0.0                           
032335021221107101イズジョーノヒカリ　　　　　　　　　  3.1  1.3 14.3 18.5 11.1 16 13.0                           
032335021321104436スペシャライト　　　　　　　　　　　 26.4  5.1  0.4  0.0  0.1  5  0.0                           
032335021421100680ベレニーチェ　　　　　　　　　　　　 11.4  2.6 12.5  6.3  6.1 11  0.0                           
032335021521106082ラヴリーディスク　　　　　　　　　　 88.9 15.2-11.4 -0.8 -3.7  1  0.0                           
032335030121104084トゥザコスモ　　　　　　　　　　　　 12.7  3.0 10.0  6.0  5.2 10  8.6                           
032335030221107293ゲッワイエンタン　　　　　　　　　　 35.6  7.2-12.3-10.5 -7.5 -3  0.0                           
032335030321106959ダイゴリュウジン　　　　　　　　　　  4.4  1.6 10.5  3.3  4.4  9  7.9                           
032335030421104597ユウトザキンパツ　　　　　　　　　　 78.0 14.7 -6.1-10.5 -5.7 -1  0.0                           
032335030521103371ハテナビト　　　　　　　　　　　　　  3.6  1.5 15.0 -2.5  3.6  9 14.2                           
032335030621106746キャッシュブリッツ　　　　　　　　　127.9 23.7-11.9 -3.1 -4.7  0  0.0                           
032335030721107280グランドエスケープ　　　　　　　　　 20.1  4.4 -6.0-10.5 -5.7 -1  0.0                           
032335030821103694タイセイマイウェイ　　　　　　　　　 14.1  3.3  2.1  8.0  3.6  9  0.0                           
032335030921105017サイレントヴォイス　　　　　　　　　 56.8 10.9-11.4-12.5 -8.0 -3  0.0                           
032335031021102436レッドリベルタ　　　　　　　　　　　  6.5  2.0 12.8 18.3 10.6 16  0.0                           
032335031121106979エースアンドキング　　　　　　　　　 79.2 14.9 -8.8 -5.8 -4.8  0  0.0                           
032335031221101602バガリーロータス　　　　　　　　　　 32.7  6.7 -8.8-10.5 -6.5 -1  0.0                           
032335031321103595ビーコング　　　　　　　　　　　　　 24.3  5.2 -4.7-10.5 -5.3  0  0.0                           
032335031421100625ダイチジェム　　　　　　　　　　　　 19.0  4.2  5.2  7.9  4.5  9  0.0  5                        
032335031521103306コトホドサヨウニ　　　　　　　　　　  3.5  1.4 15.6 18.5 11.5 16 13.0                           
032335040117110129リーガルバトル　　　　　　　　　　　 24.2  4.8 -2.1-10.0 -4.3 -4  0.0                           
032335040219106104レイメイ　　　　　　　　　　　　　　 64.1 11.4-11.4-10.0 -7.1 -7  0.0                           
032335040318102807ニシノソワレ　　　　　　　　　　　　  5.1  1.7 12.4 13.5  8.7  9  0.0                           
032335040420104089ドンカルロ　　　　　　　　　　　　　  3.5  1.4 18.2 13.0 10.2 10 14.2                           
032335040519103563アスターディゴン　　　　　　　　　　 36.0  6.9 -6.5-10.5 -5.8 -6  0.0                           
032335040620100241シュマンドロワ　　　　　　　　　　　 51.6  9.6-11.9-14.3 -8.8 -9  0.0                           
032335040719104588ビートザレコード　　　　　　　　　　  3.0  1.4 19.7  5.6  8.0  8 13.0                           
032335040819105103ルヴェルディ　　　　　　　　　　　　 17.4  3.7  4.4 -2.0  0.6  1  0.0                           
032335040917105269ベレヌス　　　　　　　　　　　　　　 12.1  2.8  6.1-10.5 -2.0 -2  8.6                           
032335041018103264マイバウム　　　　　　　　　　　　　  7.1  2.1  9.4  5.6  4.9  5  8.5                           
032335041118106064ラッセルリー　　　　　　　　　　　　 25.8  5.1-10.9-10.5 -7.1 -7  0.0                           
032335041216103092コルドゥーン　　　　　　　　　　　　 45.2  8.4-11.4-20.0-10.8-11  0.0                           
032335041318102815ツカサ　　　　　　　　　　　　　　　 49.1  9.1-11.4 -4.8 -5.2 -5  0.0                           
032335041418105424ブラックジャッカル　　　　　　　　　 14.5  3.2  4.7  3.4  2.7  3  0.0                           
032335050115105399ギガバッケン　　　　　　　　　　　　  5.5  1.8 11.0 13.6  8.3 28  7.9                           
032335050215104367ジャディード　　　　　　　　　　　　 12.4  3.0  0.1 14.5  5.3 25  0.0  4                        
032335050316102102クリノオウジャ　　　　　　　　　　　 17.1  3.9 -3.5 23.0  7.4 27  0.0  1  177   50              
032335050417100728シャイニーズラン　　　　　　　　　　 49.9 10.0-12.3-10.5 -7.5 12  0.0                           
032335050517105135アコルドエール　　　　　　　　　　　  8.9  2.5  7.8 -2.0  1.6 22  8.1                           
032335050618100443ショウナンアーチー　　　　　　　　　 11.8  2.9  6.9 11.3  6.2 26  0.0                           
032335050717100436グレートバローズ　　　　　　　　　　  3.3  1.5 20.4  9.3  9.5 30 13.0                           
032335050817102946オシリスブレイン　　　　　　　　　　  4.1  1.6 14.7  9.7  8.0 28  7.3                           
032335050919101021タマモワカムシャ　　　　　　　　　　 40.3  8.2-10.9-10.5 -7.1 13  0.0                           
032335051016104238ヤップヤップヤップ　　　　　　　　　 15.5  3.6  4.6 26.0 10.9 31 10.4  5                        
032335051118105291ザレストノーウェア　　　　　　　　　 14.6  3.5 -0.4  7.5  2.6 23  0.0                           
032335051219102200スマートキャノン　　　　　　　　　　 38.4  7.9-12.3-15.4 -9.3 11  0.0  0                        
032335051319102826テイエムナイスラン　　　　　　　　　 36.6  7.5-11.4-20.0-10.8  9  0.0                           
032335051418105810ラジェドール　　　　　　　　　　　　 23.1  5.0 -6.7-13.7 -7.0 13  0.0                           
032335060120102932タロントゥーズ　　　　　　　　　　　  3.9  1.5 17.8 15.5 11.0 31  7.3                           
032335060220106472ボールドトップ　　　　　　　　　　　 14.7  3.5  6.3  8.0  4.8 25  0.0                           
032335060319104639サトノストロング　　　　　　　　　　 26.2  5.6 -9.9 -0.9 -3.3 17  0.0                           
032335060419102312エターナルプライド　　　　　　　　　 27.8  5.9-14.4-13.3 -9.2 11  0.0                           
032335060520104111チェイスザウェイ　　　　　　　　　　 20.4  4.6  2.5 -8.5 -2.4 18  0.0                           
032335060619104849レッドデクスター　　　　　　　　　　  8.5  2.5 11.8 -2.5  2.6 23  8.1                           
032335060718102350テーオールノワール　　　　　　　　　 26.4  5.7-14.4-10.5 -8.2 12  0.0                           
032335060820100498ブライトファントム　　　　　　　　　 34.7  7.2-11.9-20.0-10.9  9  0.0  0                        
032335060920102093ビービーグラーテス　　　　　　　　　 36.6  7.6 -2.8-10.5 -4.7 15  0.0                           
032335061020105991ヴァンドゥラン　　　　　　　　　　　 11.1  2.8 10.2  8.3  6.1 26  0.0                           
032335061120103398ライツフォル　　　　　　　　　　　　  4.4  1.6 15.1 26.7 14.3 34 15.3  3                        
032335061220104306スマートハンター　　　　　　　　　　  3.5  1.5 16.8 11.3  9.2 29 13.0                           
032335061320101377ターコイズデュー　　　　　　　　　　 35.2  7.3-11.4-14.9 -8.9 11  0.0  0                        
032335061420101919ダイメイセブン　　　　　　　　　　　 31.9  6.7 -7.9-10.5 -6.2 14  0.0                           
032335061519101037エシェロン　　　　　　　　　　　　　 48.0  9.7-14.4-19.3-11.4  9  0.0                           
032335070121105216シーメジャー　　　　　　　　　　　　 10.8  2.8  4.5  8.3  4.4  9  8.6                           
032335070221100111ロンギングガバーナ　　　　　　　　　 12.4  3.1 10.4 -2.0  2.4  7  0.0                           
032335070321102849ディザーブラン　　　　　　　　　　　 45.6  9.5-11.9 -0.8 -3.9  1  0.0                           
032335070421105783マコトヴィエルジ　　　　　　　　　　 37.5  7.9-11.4-10.0 -7.1 -2  0.0                           
032335070521104760センドネージュ　　　　　　　　　　　 45.5  9.5-11.4-10.0 -7.1 -2  0.0                           
032335070621104112ローンウルフ　　　　　　　　　　　　  3.1  1.5 15.9 23.9 13.5 19  6.7  2                        
032335070721101473ベルベットハンマー　　　　　　　　　 34.5  7.3 -9.3 -4.8 -4.6  0  0.0                           
032335070821105168クイーンズワーフ　　　　　　　　　　  5.1  1.8  9.7 16.0  8.8 14  0.0                           
032335070921105875レイフロレット　　　　　　　　　　　 28.2  6.1 -5.5 -2.0 -2.4  3  0.0                           
032335071021105067アヴィエーター　　　　　　　　　　　 35.7  7.6-11.4-10.0 -7.1 -2  0.0                           
032335071121102396アテンスマイル　　　　　　　　　　　 17.9  4.2  1.4 -0.5  0.2  5  0.0                           
032335071221105739オリーボーレン　　　　　　　　　　　  8.0  2.4 13.7 11.3  8.3 13 16.5                           
032335071321100674イモータルバード　　　　　　　　　　 14.9  3.6  7.6 -9.2 -1.1  4  0.0                           
032335071421106993サクソンジェンヌ　　　　　　　　　　  6.2  2.0  6.0 17.2  8.1 13  7.9  2                        
032335071521103465リエンダ　　　　　　　　　　　　　　 23.4  5.2  4.1-12.4 -3.3  2  0.0                           
032335071621101647インヴェスター　　　　　　　　　　　 36.9  7.8-11.4 -7.9 -6.3 -1 13.2                           
032335080120106495サンスレッド　　　　　　　　　　　　 30.0  6.7 -6.7-10.0 -5.7 14  0.0                           
032335080220109102サウザンサニー　　　　　　　　　　　  3.1  1.5 17.3 12.7  9.8 30  6.7                           
032335080318104762キャニオニング　　　　　　　　　　　 24.2  5.6 -8.8-10.0 -6.3 14  0.0                           
032335080418100406ヴィントミューレ　　　　　　　　　　  6.3  2.1 15.0  1.2  4.9 25  0.0                           
032335080520100289シルバーダイヤ　　　　　　　　　　　 37.1  8.2 -4.5 12.0  3.0 23  0.0                           
032335080619102303アイムファイン　　　　　　　　　　　 18.4  4.5 -6.7  8.1  1.0 21 10.4                           
032335080719104568ビレッジスター　　　　　　　　　　　 31.4  7.0-10.3-10.5 -6.9 13  0.0                           
032335080818104938ヴェールクレール　　　　　　　　　　  6.1  2.1 13.3  9.3  7.4 27  6.9                           
032335080918103103ブラックハート　　　　　　　　　　　 53.6 11.5-11.4 -1.5 -4.0 16  0.0                           
032335081018104872アクアマリンブルー　　　　　　　　　 21.9  5.1-11.4 -4.7 -5.1 15  0.0                           
032335081120106407ライブリームーラン　　　　　　　　　  9.3  2.8  5.9  2.6  2.7 23  0.0  0                        
032335081220105484ニシノコウダイ　　　　　　　　　　　  7.6  2.4  6.5 11.3  6.1 26  8.5                           
032335081320103270ダミエ　　　　　　　　　　　　　　　  8.0  2.5  2.6  9.6  4.3 24  9.1                           
032335081417105132パラティーノヒル　　　　　　　　　　 77.2 15.9-11.4-19.3-10.5 10  0.0                           
032335081520101378アイヲツグモノ　　　　　　　　　　　 17.4  4.2 -1.5 -5.4 -2.4 18  0.0  0                        
032335081619103193トリップトゥムーン　　　　　　　　　 34.2  7.6 -1.5-10.5 -4.3 16 13.2                           
032335090119105908グランドゴールド　　　　　　　　　　  3.1  1.4 19.2 13.3 10.6 31 13.0                           
032335090220101344フリンジティアラ　　　　　　　　　　 80.0 14.8-14.4 -0.8 -4.6 15  0.0                           
032335090318104714テイデ　　　　　　　　　　　　　　　  3.9  1.6 16.6 10.9  9.0 29  7.3                           
032335090419103100サルサロッサ　　　　　　　　　　　　 17.7  3.9-10.2  6.0 -0.9 19  0.0                           
032335090520101768ブルーウィン　　　　　　　　　　　　 44.3  8.7 -4.4 -6.8 -3.8 16  0.0                           
032335090620100495ドラゴンヘッド　　　　　　　　　　　 22.2  4.7 -0.9 -2.0 -1.0 19  0.0                           
032335090720102919ロスティチェーレ　　　　　　　　　　  8.9  2.5 12.6 10.8  7.7 28  0.0                           
032335090818102144マイネルパリオート　　　　　　　　　 47.9  9.4 -9.3-16.7 -8.9 11  0.0  0                        
032335090919100841テラフォーミング　　　　　　　　　　  6.1  1.9 11.2 16.0  9.2 29  7.9                           
032335091018105257ダノンジェネラル　　　　　　　　　　 69.6 13.0-14.4-10.0 -8.0 12  0.0                           
032335091119106716ヒドゥンキング　　　　　　　　　　　 49.9  9.7-11.4 -9.2 -6.8 13 13.8                           
032335091220105809マイネルフォルツァ　　　　　　　　　 14.5  3.3 -2.6 13.9  4.3 24  9.8  4                        
032335091320102874シャドウソニック　　　　　　　　　　  9.4  2.6  7.3 15.5  7.9 28  0.0                           
032335091420102795バレンタインソング　　　　　　　　　 13.4  3.1  2.4-10.5 -3.1 17  0.0                           
032335091519104491ミッキーブンブン　　　　　　　　　　 47.1  9.2-11.4-19.5-10.6  9  0.0                           
032335091619104735コートパルフェ　　　　　　　　　　　 26.5  5.5 -6.0 -2.5 -2.7 17  0.0                           
032335100118109160アイアンムスメ　　　　　　　　　　　 39.7  8.9-12.3-10.5 -7.5 22  0.0                           
032335100220107113アイファーシアトル　　　　　　　　　  9.3  2.8 -1.1-10.5 -4.2 26  0.0                           
032335100319100566ミロワール　　　　　　　　　　　　　  5.8  2.0 19.6 15.5 11.6 42  0.0                           
032335100418105495パロットビーク　　　　　　　　　　　  4.6  1.8 11.3 14.0  8.5 39 14.2                           
032335100520102331メイショウオトギ　　　　　　　　　　 13.0  3.4 11.5 15.8  9.2 39  0.0                           
032335100619104869ファンタジックラン　　　　　　　　　 60.7 13.0-12.3-10.5 -7.5 22  0.0                           
032335100719106119ユウグロスファクタ　　　　　　　　　 29.2  6.7 -3.6 -2.5 -2.0 28 11.5                           
032335100820101271アイファースキャン　　　　　　　　　  6.5  2.2 -2.5 27.5  9.3 39  8.5  2                        
032335100920106733ブラーヴ　　　　　　　　　　　　　　 61.7 13.2-10.3 -2.5 -4.0 26  0.0                           
032335101019100898タッカーシルバー　　　　　　　　　　 22.3  5.3 -4.2-20.0 -8.6 21  0.0                           
032335101118109119ルピナステソーロ　　　　　　　　　　 27.8  6.5 -9.3-14.9 -8.3 22  0.0  0                        
032335101220101492シンリンゲンカイ　　　　　　　　　　 35.4  8.0 -3.2 12.0  3.4 33  0.0                           
032335101320105250ビルカール　　　　　　　　　　　　　  4.1  1.7 13.9 16.0 10.0 40  6.7                           
032335101417102984バーニングソウル　　　　　　　　　　 40.1  9.0 -6.5  9.3  1.5 31  0.0                           
032335101519102761グレタ　　　　　　　　　　　　　　　  6.9  2.3  8.7  1.7  3.2 33  8.6                           
032335101620105136テイエムスイスイ　　　　　　　　　　 45.2 10.1 -2.1-20.0 -8.0 22  0.0                           
032335110118104347ユキノファラオ　　　　　　　　　　　 23.2  5.7-11.4 -2.0 -4.2 31  0.0                           
032335110217100416リーゼントフラム　　　　　　　　　　126.0 27.2-12.3-12.2 -8.2 27  0.0                           
032335110320100443エイシンエイト　　　　　　　　　　　  5.4  2.0  7.7  4.9  4.1 39  7.3                           
032335110418100652ファイアダンサー　　　　　　　　　　  4.2  1.8 14.7 17.5 10.8 46  6.7                           
032335110518103926ショウナンラスボス　　　　　　　　　 17.0  4.4 -3.0-10.0 -4.6 30  0.0                           
032335110619103010オードゥメール　　　　　　　　　　　 23.1  5.7 -6.9-10.0 -5.7 29  0.0                           
032335110720100056クールムーア　　　　　　　　　　　　 12.7  3.5 -8.4 -6.9 -5.1 30  9.7                           
032335110820100105エイシンフェンサー　　　　　　　　　 13.8  3.7  1.7  1.6  1.1 36  0.0                           
032335110919105044アドマイヤラヴィ　　　　　　　　　　  6.9  2.4  5.5 13.0  6.4 41  8.1                           
032335111018106389メイショウツツジ　　　　　　　　　　 68.7 15.1-10.1-10.5 -6.9 28  0.0                           
032335111120105365ドーバーホーク　　　　　　　　　　　  6.8  2.3 16.3  5.5  6.9 42  7.5                           
032335111218105223モンファボリ　　　　　　　　　　　　 19.1  4.9-10.3 -2.5 -4.0 31  0.0                           
032335111319105452ミッキーハーモニー　　　　　　　　　  7.4  2.5  7.9 -4.6  0.7 36  0.0                           
032335111418102669スズノナデシコ　　　　　　　　　　　 14.9  3.9  0.5-10.5 -3.7 31 10.4                           
032335111519105766アメトリーチェ　　　　　　　　　　　 38.5  9.0-11.4-10.0 -7.1 28  0.0                           
032335111618102831ジャストザビアンカ　　　　　　　　　 30.1  7.2-12.3-17.7-10.2 25  0.0  0                        
032335120120105746コスモバラタ　　　　　　　　　　　　  6.5  2.2  1.8 -1.1  0.1 20  8.1  0                        
032335120219110056メイショウケイガン　　　　　　　　　 22.6  5.5-12.3-10.5 -7.5 12  0.0                           
032335120318102917ネイチャーシップ　　　　　　　　　　  5.7  2.1 12.8 36.7 17.3 37  0.0  1  317   50              
032335120417103353サーストンシカゴ　　　　　　　　　　 66.9 14.5-11.4-10.0 -7.1 13  0.0                           
032335120520103053シャンドゥレール　　　　　　　　　　  6.9  2.3  0.5 -8.6 -3.0 17 17.7                           
032335120619100913ポリクシニーズ　　　　　　　　　　　 32.7  7.6 -0.2 -2.0 -0.8 19  0.0                           
032335120717102084ヒルノアントラ　　　　　　　　　　　 15.2  3.9 -3.6-10.5 -4.9 15  0.0                           
032335120819103237バイコーン　　　　　　　　　　　　　 32.1  7.5-12.3-10.5 -7.5 12  0.0                           
032335120920105154アサカラキング　　　　　　　　　　　  3.8  1.7 13.5 15.0  9.6 30 13.0                           
032335121019100774マイネルシーマー　　　　　　　　　　 64.9 14.1-11.4-10.0 -7.1 13  0.0                           
032335121120102680エールミネルヴァ　　　　　　　　　　 26.1  6.2 -3.2-10.5 -4.8 15  0.0                           
032335121217105874ヒナノコバン　　　　　　　　　　　　 32.8  7.6 -8.5-20.0 -9.9 10  0.0  0                        
032335121320101587ガルムキャット　　　　　　　　　　　 31.6  7.4 -3.9-10.5 -5.0 15  0.0                           
032335121420103503クロスライセンス　　　　　　　　　　 13.3  3.5 -1.6 12.9  4.3 24  0.0  5                        
032335121520105798マイネルカンパーナ　　　　　　　　　 13.5  3.6  5.6 -2.0  0.9 21  0.0                           
032335121620106439ボーンイングランデ　　　　　　　　　  6.3  2.2  9.2 -2.5  1.8 22  7.9                           
052355010121101201ロードインフェルノ　　　　　　　　　 24.4  5.1 -1.0  7.2  2.3  7  0.0                           
052355010221103750ジョナ　　　　　　　　　　　　　　　 13.5  3.1  2.2  2.0  1.4  6  0.0                           
052355010321100069シアンカーン　　　　　　　　　　　　 27.2  5.6 -8.5-14.8 -8.0 -3  0.0  0                        
052355010421107262サンキャメロン　　　　　　　　　　　 10.9  2.7  9.7 16.9  9.1 14  0.0                           
052355010521104916ダンジュカリユシ　　　　　　　　　　  6.0  1.9  7.5 18.1  8.9 14  0.0                           
052355010621105673マルチライセンス　　　　　　　　　　 25.0  5.2 -4.6  6.5  1.0  6  0.0                           
052355010721106287セイカボアソナード　　　　　　　　　 42.4  8.3-12.1  9.8  0.0  5  0.0                           
052355010821106961ネクタール　　　　　　　　　　　　　 75.5 13.9-12.1-12.6 -8.3 -3  0.0                           
052355010921103691ミルトパワー　　　　　　　　　　　　 21.0  4.5 -4.9  9.0  1.8  7 12.2                           
052355011021103502アイウィル　　　　　　　　　　　　　 25.3  5.2  2.7-11.7 -3.5  2  0.0                           
052355011121105506ジョリーロジャー　　　　　　　　　　  4.9  1.7 13.9 19.3 11.2 16  8.7                           
052355011221110161セントラルヴァレー　　　　　　　　　  2.7  1.4 19.9 21.1 13.7 19 15.9                           
052355011321102639ペイシャスウィフト　　　　　　　　　  7.2  2.1 11.3  5.2  5.3 10 20.2                           
052355011421102426ゴールドチョウサン　　　　　　　　　 47.3  9.2-12.1-15.3 -9.2 -4  0.0  0                        
052355011521101197コムダビチュード　　　　　　　　　　164.9 29.7-11.6-11.7 -7.8 -3  0.0                           
052355011621105273スパイキーボウ　　　　　　　　　　　 42.1  8.3-12.1-10.0 -7.3 -2  0.0                           
052355020121107042ルヴニール　　　　　　　　　　　　　  7.0  2.1  3.6 15.1  6.6 12 10.1                           
052355020221104995エレクトリックブギ　　　　　　　　　 16.0  3.6  1.1  6.7  2.8  8  0.0                           
052355020321103825チョボナイノ　　　　　　　　　　　　 83.9 15.7-11.6 -2.0 -4.2  1  0.0                           
052355020421101794キタノスティール　　　　　　　　　　 93.9 17.4-11.6 -1.9 -4.2  1  0.0                           
052355020521103000ヴァルドルチャ　　　　　　　　　　　  2.6  1.4 20.9 20.0 13.6 19  7.9                           
052355020621100559ジャンバラヤ　　　　　　　　　　　　 12.4  3.0 12.4  7.6  6.5 12  0.0                           
052355020721110146ゴールデンルーキー　　　　　　　　　 94.4 17.5-12.1-11.9 -8.0 -3  0.0                           
052355020821102411ルチェッタ　　　　　　　　　　　　　 11.6  2.8 13.4  9.0  7.3 12  0.0                           
052355020921101040ショウナンラッシュ　　　　　　　　　 62.7 11.9-11.6-12.1 -7.9 -3  0.0                           
052355021021103193フェスティヴカレン　　　　　　　　　 51.9 10.2-11.6-19.1-10.5 -5  0.0  0                        
052355021121101322イサチルカゼニタツ　　　　　　　　　 10.9  2.7 11.3 10.5  7.2 12 10.9                           
052355021221100211ツクバアプローズ　　　　　　　　　　 41.1  8.2-11.6 -8.8 -6.7 -2  0.0                           
052355021321105031スマイルコレクター　　　　　　　　　  5.5  1.8  8.5 11.8  6.9 12 17.3                           
052355021421100282トキメキタロー　　　　　　　　　　　107.2 19.8-12.1-15.3 -9.2 -4  0.0  0                        
052355021521105007ブライトマン　　　　　　　　　　　　  6.2  2.0 12.9 11.0  7.9 13  9.4                           
052355021621103551ヘブンズサウンド　　　　　　　　　　 46.2  9.1-12.1 -9.5 -7.1 -2  0.0                           
052355021721107286ミユキアテスウェイ　　　　　　　　　 99.3 18.4-11.6-10.7 -7.4 -2  0.0                           
052355021821106774コモリウタ　　　　　　　　　　　　　 60.9 11.5 -8.8-11.3 -6.8 -2  0.0                           
052355030121103119ニシノアヤカゼ　　　　　　　　　　　  4.2  1.6 15.4 15.5 10.3 15 17.3 1                         
052355030221106673エチャケナ　　　　　　　　　　　　　  3.6  1.5 16.9 13.7 10.1 15 15.9                           
052355030321103089アムンラー　　　　　　　　　　　　　 11.4  2.9  9.3 15.0  8.3 13  0.0                           
052355030421102638ペイシャキク　　　　　　　　　　　　 19.4  4.5  1.8  2.8  1.6  7  0.0                           
052355030521102402ルージュエリシア　　　　　　　　　　 19.9  4.6  7.8  6.3  4.7 10  0.0                           
052355030621102107タニセンラッキー　　　　　　　　　　 41.0  8.7-12.1 -2.0 -4.4  1  0.0                           
052355030721102522クレイジーディス　　　　　　　　　　 11.8  3.0  6.4 10.1  5.6 11 23.1  5                        
052355030821103599ラインアルファ　　　　　　　　　　　 30.8  6.7-10.3  6.0 -0.9  4  0.0                           
052355030921101063メタシアター　　　　　　　　　　　　 17.9  4.2  1.8 -4.1 -1.0  4  0.0                           
052355031021103829ピュアバブル　　　　　　　　　　　　  5.3  1.8  8.2  8.1  5.4 10  0.0  1  156   46              
052355031121107105ナックエクスプレス　　　　　　　　　102.9 20.2-12.1-12.3 -8.1 -3  0.0                           
052355031221109062バスターショット　　　　　　　　　　118.1 23.1-12.1-12.7 -8.3 -3  0.0  0                        
052355031321106256ギガストーム　　　　　　　　　　　　 27.6  6.0-10.3 -2.0 -3.8  1  0.0                           
052355031421103484エコロカレン　　　　　　　　　　　　 73.8 14.7-11.6-11.1 -7.6 -3  0.0                           
052355031521102485ヤマタケプレーダ　　　　　　　　　　 41.3  8.7-12.1 -9.1 -7.0 -2  0.0                           
052355031621104079スピードパンサー　　　　　　　　　　  6.2  2.0  8.6 10.8  6.5 12  0.0                           
052355040121105372リアルアメリカン　　　　　　　　　　 28.6  6.0 -3.2-10.0 -4.6 -5  0.0                           
052355040221105451オウケンヴィーナス　　　　　　　　　 67.5 13.0-12.1-10.0 -7.3 -7  0.0                           
052355040321105852クラペ　　　　　　　　　　　　　　　 32.1  6.7 -8.5  0.7 -2.3 -2  0.0                           
052355040421104143アンコーナ　　　　　　　　　　　　　  8.3  2.4  5.9  9.6  5.3  5 23.1                           
052355040521105536ルージュサリナス　　　　　　　　　　  3.5  1.5 16.2 16.3 10.8 11  7.9  2                        
052355040621106842ジュエルソング　　　　　　　　　　　 28.0  5.9-12.1 -9.7 -7.2 -7  0.0                           
052355040721100789ハニーコム　　　　　　　　　　　　　  7.9  2.3  9.0 13.0  7.5  7  0.0                           
052355040821103198ハルノドゥミプリエ　　　　　　　　　 49.2  9.9-13.0-12.1 -8.3 -8  0.0                           
052355040921106454ファイアンス　　　　　　　　　　　　 14.7  3.5  0.9  8.7  3.5  3  0.0  5                        
052355041021105788バロネッサ　　　　　　　　　　　　　  3.8  1.5 20.0 17.5 12.4 12 17.3                           
052355041121105415ドーンコーラス　　　　　　　　　　　  4.8  1.7 12.0 16.7  9.7 10  9.4  2                        
052355041221101829ナムラマーヤ　　　　　　　　　　　　 75.6 14.5-11.6 -2.3 -4.3 -4  0.0                           
052355041321105664キタサンミューズ　　　　　　　　　　  7.6  2.3 10.5  7.5  5.9  6  0.0                           
052355041421106836ウォーブルースター　　　　　　　　　 80.0 15.3-12.1-11.9 -8.0 -8  0.0  0                        
052355050121104781ジュレブランシュ　　　　　　　　　　  7.5  2.3  7.0  6.0  4.3  4  0.0                           
052355050221106783コスモカンタータ　　　　　　　　　　 35.5  7.6-12.1-11.7 -7.9 -8  0.0                           
052355050321102347ウィウィルウィン　　　　　　　　　　 45.1  9.5-12.1-11.2 -7.7 -8  0.0                           
052355050421105184ショウナンアムロ　　　　　　　　　　 13.1  3.3  1.4  6.7  2.9  3  0.0                           
052355050521105408サトノギフテッド　　　　　　　　　　  3.8  1.5 19.8  1.1  6.3  6 15.9                           
052355050621105521ヘデントール　　　　　　　　　　　　  4.2  1.6 13.0 13.8  9.0  9 18.8  3                        
052355050721105878カムフライ　　　　　　　　　　　　　 32.2  7.0 -2.0-10.0 -4.3 -4  0.0                           
052355050821100726アルシャリフ　　　　　　　　　　　　 11.3  2.9 13.1  8.8  7.2  7  0.0                           
052355050921105272タンゴバイラリン　　　　　　　　　　 12.3  3.1  9.0 -1.4  2.2  2  0.0                           
052355051021106808シェルターベルト　　　　　　　　　　 31.6  6.8-12.1 -5.2 -5.5 -6  0.0                           
052355051121105795ジャスティンミラノ　　　　　　　　　  3.9  1.6 16.0 15.3 10.4 10 17.3                           
052355051221101587ラスジャン　　　　　　　　　　　　　 25.6  5.7-10.3-13.2 -7.9 -8  0.0                           
052355051321105669ルージュオニキス　　　　　　　　　　 43.9  9.3-12.1-12.1 -8.1 -8  0.0                           
052355051421103033ハイラント　　　　　　　　　　　　　 25.6  5.7 -8.8 -7.1 -5.2 -5  0.0                           
052355060121105203スレッタ　　　　　　　　　　　　　　 25.8  4.4-12.1 -6.3 -5.9 14  0.0                           
052355060221101023アイファーバトル　　　　　　　　　　  6.3  1.7 12.2 15.7  9.4 29 20.2                           
052355060321100594アンバーニードル　　　　　　　　　　  2.7  1.2 19.5 22.7 14.2 34 15.9                           
052355060421103118セイウンサニー　　　　　　　　　　　 13.3  2.6  4.1 -2.0  0.5 20  0.0                           
052355060521101429サトミノキラリ　　　　　　　　　　　  2.8  1.2 21.2 16.5 12.4 32  8.6                           
052355060621105068クリノハレルヤ　　　　　　　　　　　  4.4  1.4 19.9 12.4 10.5 31  9.4                           
052355060721106366ロアノークテソーロ　　　　　　　　　 18.8  3.4  0.5 -1.8 -0.5 19  0.0                           
052355060821106372イツツボシ　　　　　　　　　　　　　 25.6  4.4 -8.8 -8.7 -5.8 14  0.0                           
052355060921100102ココナツキュート　　　　　　　　　　 31.8  5.3-12.1 -6.3 -5.9 14  0.0                           
052355070120102595パワフルボンド　　　　　　　　　　　 33.6  6.5-12.1  1.0 -3.3 17  0.0                           
052355070219104882エミサソウツバサ　　　　　　　　　　 24.7  4.9 -9.9-10.1 -6.7 13  0.0                           
052355070320103205フロムナウオン　　　　　　　　　　　  2.3  1.3 19.4 21.0 13.5 34 15.9                           
052355070420102333サロンドブラック　　　　　　　　　　 19.3  4.1  0.6  6.0  2.4 22  0.0                           
052355070520103119ディズレーリ　　　　　　　　　　　　  5.8  1.8  9.1 12.7  7.4 27  0.0                           
052355070620106953ダスク　　　　　　　　　　　　　　　 13.0  3.0  7.7 -8.4 -0.8 19  0.0                           
052355070720102793ルーラーリッチ　　　　　　　　　　　  7.8  2.2  5.7 20.3  9.2 29 10.8                           
052355070819104953インペリアルライン　　　　　　　　　  6.9  2.0 11.0  7.6  6.1 26  0.0                           
052355070920105471マンノステータス　　　　　　　　　　 28.3  5.6-12.1-10.7 -7.6 12 14.5                           
052355071020102668メダルラッシュ　　　　　　　　　　　  6.8  2.0 11.3  2.5  4.3 24 18.8                           
052355071118105493ピュアブラッド　　　　　　　　　　　 10.9  2.6  6.6  6.7  4.4 24  0.0                           
052355080119103418ミキノプリンス　　　　　　　　　　　 36.5  7.6 -9.9-10.1 -6.7 23  0.0                           
052355080219110106オカンモシャチョウ　　　　　　　　　 42.6  8.8-10.2-15.9 -8.9 21  0.0  0                        
052355080319100567ロジヴィクトリア　　　　　　　　　　 29.6  6.3 -1.5 -2.6 -1.4 29  0.0                           
052355080420100818マーブルマカロン　　　　　　　　　　  7.4  2.3  8.7 11.0  6.6 37 10.1                           
052355080519101264アポロプラネット　　　　　　　　　　 30.7  6.5-10.3-10.5 -6.9 23  0.0                           
052355080618105237セラフィナイト　　　　　　　　　　　 11.7  2.9  4.6  6.0  3.6 34 10.9                           
052355080720105144ニシキギミッチー　　　　　　　　　　 18.1  4.2  4.8  6.4  3.8 34  0.0                           
052355080819105161オーガスタスカイ　　　　　　　　　　 41.1  8.5 -6.7-10.1 -5.7 24  0.0                           
052355080919106730マイアミュレット　　　　　　　　　　 28.3  6.1-12.6 11.4  0.4 30  0.0  5                        
052355081020106877スマートアイ　　　　　　　　　　　　  4.7  1.7 17.8 13.3 10.2 40  9.4                           
052355081118105762フィールザワールド　　　　　　　　　 20.7  4.7  2.4  7.3  3.4 33  0.0                           
052355081219106700ヒロノゴウカイ　　　　　　　　　　　 91.9 17.7-10.7 -2.3 -4.1 26  0.0                           
052355081319103149エピックジョイ　　　　　　　　　　　  4.3  1.6 16.0 12.2  9.3 39 17.3                           
052355081418105420スキャッターシード　　　　　　　　　  3.3  1.5 10.5 14.8  8.6 39  7.9                           
052355081518105283グアドループ　　　　　　　　　　　　 46.0  9.4 -8.8-11.8 -7.0 23  0.0                           
052355081619106146リバーサルバレット　　　　　　　　　 15.9  3.7  1.5  7.7  3.3 33  0.0                           
052355090119100549タガノバルコス　　　　　　　　　　　 17.9  3.4 -1.2  3.8  1.0 31  0.0                           
052355090219100796シーグラス　　　　　　　　　　　　　 14.3  2.9  1.3  5.7  2.5 32 10.9                           
052355090320103524レヴォルタード　　　　　　　　　　　  4.6  1.5 14.9 15.4 10.1 40  9.4                           
052355090420102925アームブランシュ　　　　　　　　　　  2.6  1.2 23.7 20.0 14.4 44 15.9                           
052355090517105375メリディアンローグ　　　　　　　　　 24.0  4.3 -4.9 -2.0 -2.2 28  0.0                           
052355090618101626ウインルーア　　　　　　　　　　　　 31.2  5.3 -6.7 -2.0 -2.7 27  0.0                           
052355090718105084ファジェス　　　　　　　　　　　　　 26.6  4.7-12.9-15.6 -9.6 20  0.0  0                        
052355090818102811スズノイナズマ　　　　　　　　　　　 37.2  6.3-12.1-10.0 -7.3 23  0.0                           
052355090919103827オウケンボルト　　　　　　　　　　　 15.6  3.1  6.0  3.8  3.2 33  0.0                           
052355091019105370ファンタジア　　　　　　　　　　　　  3.0  1.3 18.5 18.7 12.4 42 17.3                           
052355091118104797リンフレスカンテ　　　　　　　　　　 13.8  2.8  8.4  6.7  5.0 35  0.0                           
052355091218101590バイス　　　　　　　　　　　　　　　 62.7  9.8-14.3-10.1 -8.0 22  0.0                           
052355100119105560ヴァーンフリート　　　　　　　　　　 15.2  3.5  1.9 -2.4 -0.3 35  0.0                           
052355100217104137コパノリッチマン　　　　　　　　　　121.2 22.7-12.9-10.1 -7.6 27  0.0                           
052355100317106303アイブランコ　　　　　　　　　　　　 31.6  6.6  0.3 12.2  4.6 40  0.0                           
052355100418104669ダノンドリーマー　　　　　　　　　　 36.1  7.4-12.9 -8.5 -7.0 28  0.0                           
052355100518109080レプンカムイ　　　　　　　　　　　　 27.1  5.7 -9.1-10.1 -6.4 29  0.0                           
052355100619105523メイプルリッジ　　　　　　　　　　　  5.1  1.8 16.8 13.1  9.8 45  9.4                           
052355100718104345ランスオブアース　　　　　　　　　　 36.8  7.5-12.9-10.1 -7.6 27  0.0                           
052355100819109100メンアットワーク　　　　　　　　　　 11.0  2.8  4.7  6.0  3.6 39  0.0                           
052355100918104893スペシャルドラマ　　　　　　　　　　 49.6  9.9-12.1-10.0 -7.3 28  0.0                           
052355101019100551アルムブラーヴ　　　　　　　　　　　 39.2  8.0 -2.5 -5.6 -2.8 32  0.0                           
052355101119105032ホウオウフウジン　　　　　　　　　　 22.0  4.8 -0.9-10.9 -4.3 31 13.0                           
052355101219105519グリューヴルム　　　　　　　　　　　  7.4  2.2  5.4  9.2  5.0 40 20.2                           
052355101320110009オーサムリザルト　　　　　　　　　　  4.0  1.6 20.5 11.1 10.2 45  0.0                           
052355101418104665ダノンブレット　　　　　　　　　　　 13.6  3.2  6.0 11.7  6.1 41  0.0                           
052355101515100548ロジティナ　　　　　　　　　　　　　124.5 23.3-12.1-11.1 -7.7 27  0.0                           
052355101619106030ホウオウバリスタ　　　　　　　　　　  3.3  1.5 18.5 15.0 11.1 46 15.9                           
052355110121104882シュバルツクーゲル　　　　　　　　　 18.3  4.3 -9.1 16.7  3.4 58  0.0                           
052355110221105796サークルオブジョイ　　　　　　　　　 17.5  4.2  1.0  0.4  0.4 55  0.0                           
052355110321104893ファーヴェント　　　　　　　　　　　  4.5  1.7 18.0 20.7 13.0 68  8.5                           
052355110421101751ミカエルパシャ　　　　　　　　　　　  9.4  2.8 -1.4  7.7  2.4 57  0.0                           
052355110521105195ショウナンラプンタ　　　　　　　　　 11.8  3.0 10.6-12.2 -1.3 54  0.0                           
052355110621105808ガイアメンテ　　　　　　　　　　　　 13.7  3.4  5.2  7.1  4.2 59 11.3                           
052355110721105744シュトラウス　　　　　　　　　　　　  4.3  1.6 16.8  8.1  8.0 63  8.7                           
052355110821105252シャンパンマーク　　　　　　　　　　  4.5  1.7 12.1  9.0  6.9 62 10.1                           
052355110921105859フォルラニーニ　　　　　　　　　　　  3.6  1.5 19.5 16.6 11.9 67  7.9                           
052355111021105491テリオスルル　　　　　　　　　　　　 28.2  6.2 -8.7-14.8 -8.0 47  0.0  0                        
052355120120103228ビターグラッセ　　　　　　　　　　　 14.2  3.0  6.6  6.3  4.3 24  0.0                           
052355120220105207ウインアチーヴ　　　　　　　　　　　 28.2  5.2-12.0-10.0 -7.3 13  0.0                           
052355120319104046サトノレギオン　　　　　　　　　　　 84.1 13.8-12.1-12.9 -8.4 12  0.0  0                        
052355120420101967ダイシンヤマト　　　　　　　　　　　  8.5  2.2 12.0  5.1  5.5 25 10.1                           
052355120520105803マイネルラッシュ　　　　　　　　　　 16.4  3.3 -5.0  6.0  0.7 21 11.6                           
052355120620103364ペリファーニア　　　　　　　　　　　  2.7  1.3 23.2 22.3 15.1 35 15.9                           
052355120720103727ゴールドシーン　　　　　　　　　　　 19.1  3.8  2.5  6.0  3.0 23  0.0                           
052355120819100722フリューゲルホルン　　　　　　　　　 52.8  9.1-12.1 -2.8 -4.7 15  0.0                           
052355120919105550レディズビーク　　　　　　　　　　　 40.5  7.2 -7.0-10.1 -5.8 14  0.0                           
052355121020103547ランカグア　　　　　　　　　　　　　 19.7  3.9 -5.9 -6.8 -4.3 16  0.0                           
052355121120102741アサクサヴィーナス　　　　　　　　　  7.8  2.1  7.0 11.9  6.5 26  0.0                           
052355121219104610リトルポピー　　　　　　　　　　　　 50.4  8.7-12.1-14.2 -8.8 11  0.0                           
052355121320105951ヴェンチュラムーン　　　　　　　　　 26.9  5.0 -4.8-12.8 -6.1 14  0.0                           
052355121420103410ディバイングレース　　　　　　　　　 20.1  4.0 -4.4 -2.0 -2.1 18  0.0                           
052355121520103545エンデミズム　　　　　　　　　　　　  3.4  1.4 18.5 16.7 11.7 32 17.3                           
082335010121100710カネトシショウカ　　　　　　　　　　 58.8 10.0-12.7 -1.5 -5.1  0  0.0                           
082335010221102915インペリオ　　　　　　　　　　　　　 42.1  7.5-11.3 -7.5 -6.4 -1  0.0                           
082335010321102644イムナラムール　　　　　　　　　　　 32.0  5.9  1.6  8.5  3.1  8  0.0                           
082335010421100350アレンジャー　　　　　　　　　　　　  9.4  2.4  0.3 10.0  3.1  8  0.0                           
082335010521106924トラストバシレウス　　　　　　　　　 60.3 10.2-11.3 -7.5 -6.4 -1  0.0                           
082335010621103725テイエムリステット　　　　　　　　　 23.8  4.5 -2.9  6.9  1.0  6 25.0                           
082335010721101766ソルトロック　　　　　　　　　　　　 14.0  3.0  6.9  7.4  4.8 10 16.5                           
082335010821101753ジャコムスビ　　　　　　　　　　　　 44.2  7.8 -6.9-11.4 -5.9 -1  0.0                           
082335010921103073プロミシングスター　　　　　　　　　 12.9  2.8  8.7 13.7  7.3 12  0.0                           
082335011021104910フラムリンガム　　　　　　　　　　　  3.4  1.4 17.7 16.1 11.3 16 17.7                           
082335011121102244テーオードラッカー　　　　　　　　　  2.7  1.3 19.8 16.0 12.1 17 16.2                           
082335011221104639ラストボーン　　　　　　　　　　　　 24.1  4.6 -8.9 -1.8 -3.8  1  0.0                           
082335011321103944スマートカナートス　　　　　　　　　 48.3  8.5-11.3-12.2 -7.8 -3  0.0                           
082335011421102245キモンキャリントン　　　　　　　　　 44.8  7.9-11.3-11.9 -7.7 -3  0.0                           
082335011521104457バーキン　　　　　　　　　　　　　　 35.1  6.4 -8.9 -7.5 -5.5 -1  0.0                           
082335011621102259クリノオリーブ　　　　　　　　　　　  6.1  1.8 12.1  8.7  7.0 12  0.0                           
082335020121103617ファッシネイトパイ　　　　　　　　　 59.5  8.6-11.3 -7.5 -6.4 -1  0.0                           
082335020221100200エスケイイーグル　　　　　　　　　　 18.9  3.3 -0.5 -0.9 -0.5  5  0.0                           
082335020321102077クレスコウェイ　　　　　　　　　　　 76.0 10.8-11.3 -7.5 -6.4 -1  0.0                           
082335020421100715エクステンシヴリー　　　　　　　　　 38.6  5.9 -8.5 -4.8 -4.6  0  0.0                           
082335020521107020キングリッキー　　　　　　　　　　　 52.4  7.8-12.2-16.5 -9.4 -4  0.0  0                        
082335020621106621ハイウェイスター　　　　　　　　　　 11.2  2.2 12.1 14.5  8.8 14 19.1                           
082335020721101468アリエスキング　　　　　　　　　　　 13.4  2.5 12.2 18.9 10.1 15 15.4                           
082335020821103423プエルタアスール　　　　　　　　　　 19.3  3.4  1.6  7.8  2.9  8  0.0                           
082335020921100130ロードフォアエース　　　　　　　　　  2.1  1.2 19.9 25.1 14.8 20 16.2                           
082335021021101226クリノフィガロ　　　　　　　　　　　  3.3  1.4 18.2 17.1 11.8 17 17.7                           
082335021121103776ベルメサイア　　　　　　　　　　　　 14.6  2.7  4.4  8.0  4.0  9  0.0                           
082335021221104529カシノシャンデリア　　　　　　　　　 63.3  9.1-11.3 -6.9 -6.2 -1  0.0                           
082335021321104437プルーフリーダー　　　　　　　　　　 84.8 12.0 -8.9 -8.8 -5.9 -1  0.0                           
082335021421103845ニホンピロゴルディ　　　　　　　　　 46.9  7.1 -8.9 -9.9 -6.2 -1  0.0                           
082335021521104999テトラード　　　　　　　　　　　　　 13.2  2.5 -5.2 -4.8 -3.3  2  0.0                           
082335021621104793レジットダンサーズ　　　　　　　　　 52.4  7.8-12.2-10.6 -7.7 -3  0.0                           
082335030121105736カルパ　　　　　　　　　　　　　　　  7.4  2.4 11.6  1.9  4.8 10  0.0                           
082335030221101157ゲンヨウサイ　　　　　　　　　　　　  3.6  1.6  8.7 15.3  7.8 13 11.3                           
082335030321104215ペイシャラブリー　　　　　　　　　　 42.5  9.4-11.3 -8.9 -6.8 -2  0.0                           
082335030421100018ソリューション　　　　　　　　　　　 35.5  8.0-11.8 -8.6 -6.9 -2  0.0                           
082335030521105976ローマンレイク　　　　　　　　　　　  5.3  1.9 16.8  5.3  7.8 13 19.1                           
082335030621106548タガノデュード　　　　　　　　　　　  5.1  1.9 10.3  7.3  6.0 11 17.7                           
082335030721100494ガロンヌ　　　　　　　　　　　　　　  7.2  2.3  9.7  5.5  5.2 10  0.0                           
082335030821105579ジェントルレイン　　　　　　　　　　 33.5  7.5-11.3-12.8 -8.0 -3  0.0                           
082335030921101791メイショウソニック　　　　　　　　　 13.2  3.4  6.6  6.9  4.5  9  0.0                           
082335031021103003メイショウカンムリ　　　　　　　　　 23.8  5.5-11.3-15.1 -8.7 -4  0.0                           
082335031121103842ニホンピロカラット　　　　　　　　　 12.8  3.3 -3.7-16.5 -6.3 -1 25.0  0                        
082335031221104669サマーアゲイン　　　　　　　　　　　  6.4  2.1 11.8 14.0  8.5 14  0.0                           
082335040121103949フクノパピヨン　　　　　　　　　　　 24.0  5.4 -2.1 -0.4 -0.9 -1  0.0                           
082335040221106173イナズマホリデー　　　　　　　　　　 11.5  2.9  6.2  8.2  4.7  5  0.0  5                        
082335040321106549タガノアミカル　　　　　　　　　　　 14.8  3.6  2.1 -3.5 -0.3  0  0.0                           
082335040421100605リケアマロン　　　　　　　　　　　　 35.8  7.7-11.2-10.6 -7.3 -7  0.0                           
082335040521100098ミスティカ　　　　　　　　　　　　　  7.5  2.3  5.7 -5.3  0.5  0 22.1                           
082335040621103723アンリーベイビー　　　　　　　　　　  3.9  1.6 14.5 19.0 11.0 11 17.7                           
082335040721102731ブリリアントスピカ　　　　　　　　　  4.3  1.6 15.6 18.7 11.3 11 19.1                           
082335040821103275メイショウノワキ　　　　　　　　　　 39.4  8.4 -1.2  6.0  1.4  1  0.0                           
082335040921104522ビースピリット　　　　　　　　　　　 32.2  7.0 -8.9-16.5 -8.2 -8  0.0                           
082335041021105003ランランガール　　　　　　　　　　　  3.8  1.5 12.8  9.0  7.4  7  0.0                           
082335041121100818メイショウコフデ　　　　　　　　　　 31.2  6.8 -4.6 -8.8 -4.3 -4  0.0                           
082335041221101908ビーラヴゼアー　　　　　　　　　　　  6.8  2.2 11.5  9.3  7.0  7 14.4                           
082335041321102334ドロップ　　　　　　　　　　　　　　 45.5  9.6-11.3-14.0 -8.3 -8  0.0                           
082335050121102645デンタルフロス　　　　　　　　　　　 29.6  6.2-11.3-14.0 -8.3 -8  0.0                           
082335050221101813ヨツヤカイダン　　　　　　　　　　　 27.7  5.9-11.2-10.6 -7.3 -7  0.0                           
082335050321101524ビッグアンサー　　　　　　　　　　　  5.2  1.8 13.6 23.0 11.9 12 12.4                           
082335050421104278マリーアムール　　　　　　　　　　　  6.0  1.9  7.7 11.2  6.2  6  0.0                           
082335050521100163ロードアルフィーネ　　　　　　　　　  2.8  1.4 21.1 11.7 11.2 11 16.2                           
082335050621103933スマートレイヴ　　　　　　　　　　　  5.4  1.8  4.4  9.1  4.3  4 19.1                           
082335050721110007イーブンナウ　　　　　　　　　　　　  6.3  2.0 12.6 10.4  7.7  8 22.1                           
082335050821100277ビッグキャット　　　　　　　　　　　 10.8  2.7  4.1 -8.7 -1.1 -1  0.0                           
082335050921106558エンタブラチュア　　　　　　　　　　 18.6  4.2 -3.9 -7.5 -3.7 -4  0.0                           
082335051021106425ムーンウォーク　　　　　　　　　　　 11.7  2.9  6.6  0.5  2.6  3  0.0                           
082335060121105434ショウナンガチ　　　　　　　　　　　  2.3  1.2 21.5 21.0 14.2 19 16.2                           
082335060221105603アルヒジュル　　　　　　　　　　　　 24.2  4.2 -5.8-11.9 -5.7 -1  0.0                           
082335060321106354モズトップガン　　　　　　　　　　　 27.6  4.7-10.1-13.0 -7.6 -3  0.0  0                        
082335060421109070ハヤテノフクノスケ　　　　　　　　　  3.4  1.3 14.9 15.2 10.0 15 17.7                           
082335060521103963エイシンローテイト　　　　　　　　　 20.4  3.7 -1.5  5.3  1.0  6 17.5                           
082335060621103591ベルベストランナー　　　　　　　　　 14.3  2.8  3.6 -5.5 -0.3  5  0.0                           
082335060721106761テーオーカルドア　　　　　　　　　　 18.8  3.4  1.1-18.0 -5.0  0  0.0                           
082335060821104586コスモモアナ　　　　　　　　　　　　 30.5  5.1 -8.5  0.7 -2.9  2  0.0                           
082335060921103250サウンドノバ　　　　　　　　　　　　 11.3  2.3 12.7 -9.9  1.7  7  0.0                           
082335061021107052マテンロウノカゼ　　　　　　　　　　  4.1  1.4 15.4 10.0  8.6 14 19.1                           
082335070120103525グラングスト　　　　　　　　　　　　  7.1  2.2  2.0 -5.5 -0.9 19  0.0                           
082335070219105271セットリスト　　　　　　　　　　　　  8.6  2.5 12.2  4.1  5.7 26  0.0                           
082335070320105167スナークメモリー　　　　　　　　　　 15.6  3.6 -2.0 -3.1 -1.7 18  0.0  0                        
082335070419105975フェルンマンボ　　　　　　　　　　　  3.7  1.5 13.7 14.0  9.2 29 17.7                           
082335070520106950レッツゴーローズ　　　　　　　　　　  3.6  1.5 16.0 16.5 10.8 31 16.2  4                        
082335070620106473ゴーフォマームード　　　　　　　　　  4.4  1.6 16.2 13.9 10.1 30 13.4                           
082335070719103769ミーナティエルナ　　　　　　　　　　 30.1  6.3-12.7-10.2 -7.7 12  0.0                           
082335070819102229ポジティブガール　　　　　　　　　　 31.4  6.6-11.3-10.2 -7.2 13  0.0                           
082335070918101572シュピカ　　　　　　　　　　　　　　 19.3  4.4 -2.3 -9.2 -3.6 16  0.0                           
082335071019105849ドゥライトアルディ　　　　　　　　　 19.8  4.5-11.3-11.1 -7.5 13  0.0                           
082335071120103274ロンシャンクイーン　　　　　　　　　 15.7  3.7  2.6  7.4  3.2 23 25.0                           
082335071219104461サルサディーバ　　　　　　　　　　　 28.7  6.1-11.8-10.2 -7.4 13  0.0                           
082335080119106925ムーンリットナイト　　　　　　　　　 12.4  2.8 -1.3 -1.6 -1.0 29  0.0                           
082335080219101609ディオ　　　　　　　　　　　　　　　  2.5  1.3 19.5 16.4 12.1 42 16.2                           
082335080320103899セーヌドゥレーヴ　　　　　　　　　　  8.2  2.2  7.6  6.2  4.6 35 14.4                           
082335080418105392レゾンドゥスリール　　　　　　　　　 32.5  6.0 -8.8 -6.8 -5.3 25  0.0                           
082335080518104633テーオーダヴィンチ　　　　　　　　　 17.2  3.6  6.6 10.8  5.7 36  0.0                           
082335080620104013プッシュオン　　　　　　　　　　　　  6.4  1.9 14.1 12.3  8.9 39  0.0                           
082335080720104564ニホンピロキーフ　　　　　　　　　　 12.0  2.7  4.0  9.9  4.4 34  0.0  5                        
082335080819105637ヴァモスロード　　　　　　　　　　　 19.5  3.9 -0.5 -2.9 -1.1 29 26.5                           
082335080920104083テラステラ　　　　　　　　　　　　　 24.0  4.6 -4.5  8.2  0.8 31  0.0                           
082335081015103983メイショウカクウン　　　　　　　　　 37.2  6.8-12.2-11.5 -7.9 22  0.0                           
082335081120100148アルジーヌ　　　　　　　　　　　　　  4.1  1.5 15.1 21.7 12.0 42 17.7                           
082335081218103730タイセイドリーマー　　　　　　　　　 31.8  5.9-11.3-10.2 -7.2 23  0.0                           
082335081317101322ヒルノエドワード　　　　　　　　　　 51.6  9.2-11.3 -5.0 -5.6 24  0.0                           
082335090119103984テイエムファクター　　　　　　　　　 73.1 14.3-10.1-15.1 -8.2 22  0.0                           
082335090217103184トゥルブレンシア　　　　　　　　　　 84.9 16.4-11.3  2.1 -3.5 26  0.0                           
082335090319102470ダイチヴィヴァン　　　　　　　　　　 77.2 15.0-11.2-10.6 -7.3 23  0.0                           
082335090419106671ワンダフルトゥデイ　　　　　　　　　  7.0  2.2 11.8 18.0  9.7 40 13.4                           
082335090518103473サヴァビアン　　　　　　　　　　　　 39.0  8.1 -9.7 -7.5 -5.8 24  0.0                           
082335090619100360グローツラング　　　　　　　　　　　 21.6  4.8  0.5  6.0  2.0 32  0.0                           
082335090718100390サンライズゴラッソ　　　　　　　　　  8.7  2.5  9.9  7.7  5.9 36  0.0                           
082335090819103584オラヴェリタス　　　　　　　　　　　 16.3  3.8 -7.2  6.1 -0.8 29  0.0                           
082335090920106196メイショウモズ　　　　　　　　　　　  3.0  1.5 19.5 17.6 12.4 42 16.2                           
082335091019102705ヒデノレインボー　　　　　　　　　　 47.9  9.8-11.3  4.9 -2.7 27  0.0                           
082335091120102737マリアナトレンチ　　　　　　　　　　  7.5  2.3  6.6 11.5  5.9 36 20.6                           
082335091218102956ワンダースティング　　　　　　　　　 23.2  5.1-11.3 -6.1 -6.0 24  0.0                           
082335091319102163フォーワンセルフ　　　　　　　　　　 49.7 10.2-11.2-10.6 -7.3 23  0.0                           
082335091419106475カネトシブルーム　　　　　　　　　　  8.9  2.6 12.6  9.9  7.6 38 23.5  5                        
082335091519100286カンピオーネ　　　　　　　　　　　　 14.9  3.6 -2.8 12.0  2.6 33  0.0                           
082335091620101905プラーヴィ　　　　　　　　　　　　　  4.8  1.8 15.0 18.0 10.9 41  0.0                           
082335100118104638ミステリーウェイ　　　　　　　　　　 17.7  3.7 -5.7 -4.8 -3.5 31  0.0                           
082335100219104828キングズパレス　　　　　　　　　　　  3.0  1.4 15.7 19.2 11.5 47 16.2                           
082335100319100668サンセットクラウド　　　　　　　　　 15.7  3.4  1.1 -4.9 -1.1 34  0.0                           
082335100417105374フィリオアレグロ　　　　　　　　　　 17.1  3.6  0.2-14.2 -4.2 31 19.6                           
082335100516104998アスティ　　　　　　　　　　　　　　 56.0  9.9-11.2-10.6 -7.3 28  0.0                           
082335100620100254ニシノレヴナント　　　　　　　　　　 14.3  3.1  8.1  6.4  4.9 40  0.0                           
082335100715100533ドンアルゴス　　　　　　　　　　　　 40.8  7.6-12.2-15.7 -9.2 26  0.0                           
082335100819104091メイショウブレゲ　　　　　　　　　　 12.5  2.8 11.3 16.4  9.1 44  0.0                           
082335100919103888エンドウノハナ　　　　　　　　　　　  3.4  1.5 17.8 15.6 11.2 46 17.7                           
082335101020103101シェイクユアハート　　　　　　　　　 11.0  2.6 10.7  8.5  6.5 41 19.1                           
082335101119104850バレエマスター　　　　　　　　　　　 17.4  3.7 -8.9  4.9 -1.8 33  0.0                           
082335101219101507ディナースタ　　　　　　　　　　　　 15.9  3.4  1.8 -1.9  0.1 35  0.0                           
082335101319105046ブルーロワイヤル　　　　　　　　　　 26.9  5.2 -9.7-12.2 -7.2 28  0.0                           
082335101418104553サジェス　　　　　　　　　　　　　　 13.7  3.0  2.2  5.4  2.4 37  0.0                           
082335110118102020ヤマニンサンパ　　　　　　　　　　　  3.6  1.4 17.7 16.0 11.3 56 17.7                           
082335110219100792マイネルクリソーラ　　　　　　　　　  4.5  1.5 13.0 10.7  8.0 53  0.0                           
082335110318106795スパイラルノヴァ　　　　　　　　　　 43.8  8.2-11.8-10.5 -7.5 38  0.0                           
082335110416105272シフルマン　　　　　　　　　　　　　 48.4  9.0 -6.2 -9.0 -5.0 40  0.0                           
082335110518101071アサマノイタズラ　　　　　　　　　　 39.0  7.3 -7.5 -3.9 -3.9 41  0.0                           
082335110618105343レッドジェネシス　　　　　　　　　　 77.0 13.5-11.3 -9.9 -7.1 38  0.0                           
082335110718104756バジオウ　　　　　　　　　　　　　　 11.8  2.7  8.8  8.8  5.9 51 14.4                           
082335110818104708ロングラン　　　　　　　　　　　　　 19.2  4.0 -5.5 -0.4 -2.1 43  0.0                           
082335110919105194コマンドライン　　　　　　　　　　　 35.7  6.8-11.2 -3.4 -5.1 40  0.0                           
082335111019103817テーオーソラネル　　　　　　　　　　 13.0  2.9 12.2 10.9  7.7 53 22.1                           
082335111118104977シャーレイポピー　　　　　　　　　　 28.4  5.5-11.3-11.6 -7.6 37  0.0                           
082335111216104762プライドランド　　　　　　　　　　　 15.5  3.4  5.1 -2.8  1.0 46  0.0                           
082335111318103489ホウオウリアリティ　　　　　　　　　 33.1  6.3  0.7 -0.7  0.0 45  0.0                           
082335111417104232ディアセオリー　　　　　　　　　　　 35.5  6.7 -9.0-10.6 -6.5 39  0.0                           
082335111516104983トップオブメジャー　　　　　　　　　 82.2 14.4-11.3-10.2 -7.2 38  0.0                           
082335111618104475ディープモンスター　　　　　　　　　  2.9  1.3 18.7 24.0 14.1 59 16.2                           
082335120120102965マルカシャルマン　　　　　　　　　　 34.9  7.1 -6.9 -9.9 -5.5 14  0.0                           
082335120219101635サトノリーベ　　　　　　　　　　　　 18.3  4.1 -2.0 -2.3 -1.4 19  0.0                           
082335120318106425ドリアード　　　　　　　　　　　　　 32.1  6.6 -4.5-14.1 -5.9 14  0.0                           
082335120420103629マンデヴィラ　　　　　　　　　　　　  5.8  1.9 16.5 18.8 11.7 32 19.1                           
082335120519105350シタン　　　　　　　　　　　　　　　 34.5  7.0-11.3 -4.2 -5.4 15  0.0                           
082335120620103299ゴーマックス　　　　　　　　　　　　 21.6  4.6 -5.9-14.1 -6.4 14  0.0  0                        
082335120719106863ショウナンラタン　　　　　　　　　　 39.0  7.8-11.3-11.9 -7.7 12  0.0                           
082335120819101446ワンリオン　　　　　　　　　　　　　104.0 19.3-11.8 -7.0 -6.4 14  0.0                           
082335120920100052シルヴァーデューク　　　　　　　　　  3.0  1.4 15.8 16.5 10.7 31 11.3                           
082335121020100997マルモリディライト　　　　　　　　　 52.6 10.4-11.3-11.5 -7.6 12  0.0                           
082335121119105777ホウオウスミヨシ　　　　　　　　　　 77.3 14.5-11.3 -8.2 -6.6 13  0.0                           
082335121219104068レオンバローズ　　　　　　　　　　　  7.9  2.3  6.8 19.1  8.2 28 22.1                           
082335121320102310キタサンダムール　　　　　　　　　　  4.3  1.6 17.0 14.9 10.7 31 17.7                           
082335121420103579アルタビスタ　　　　　　　　　　　　  9.1  2.6  1.0  1.3  0.8 21  0.0                           
082335121520103471テンノメッセージ　　　　　　　　　　  7.2  2.2 12.6  8.6  7.2 27  0.0                           
