042042010118104416クラーロイメル　　　　　　　　　　　 18.1  4.0-10.8-10.6 -7.1 -2 10.4                           
042042010218100291ラッキーフレイム　　　　　　　　　　 95.4 17.4-10.0-20.0-10.3 -5  0.0                           
042042010318102176エレフセリア　　　　　　　　　　　　 33.9  6.8-10.0-10.0 -6.7 -2  0.0                           
042042010418106798アッシュグレー　　　　　　　　　　　 43.1  8.4-12.5-11.8 -8.1 -3  0.0                           
042042010518103883スマートルグラン　　　　　　　　　　  6.3  2.0 15.0 24.2 13.4 18  7.3                           
042042010618103548モーニングアップ　　　　　　　　　　 81.8 15.0-10.0 -4.5 -4.7  0  0.0                           
042042010718103084カバーガール　　　　　　　　　　　　  7.3  2.2 14.5  5.7  6.4 11  8.1                           
042042010818105481ワールドクルーズ　　　　　　　　　　  9.0  2.5  7.5  6.0  4.4  9  9.1                           
042042010918103039サツキティアラ　　　　　　　　　　　 10.7  2.6-12.5  7.5 -1.0  4  0.0                           
042042011018100570セリシア　　　　　　　　　　　　　　  2.4  1.3 19.8 21.0 13.6 19  6.7                           
042042011118103418ストライプ　　　　　　　　　　　　　  7.2  2.1 20.0  3.7  7.4 12  0.0                           
042042011218105660トーセンイヴ　　　　　　　　　　　　 38.1  7.5-12.5 -3.6 -5.1  0  0.0                           
042042011318104246ナムラモヨ　　　　　　　　　　　　　 24.8  5.1-12.5 -2.0 -4.5  1 10.9                           
042042011418103529ハイレリーフ　　　　　　　　　　　　 29.7  6.0-12.5-10.8 -7.7 -3  0.0                           
042042011518100131ハイテレスヴェター　　　　　　　　　 16.2  3.6  6.0  4.4  3.4  8  0.0                           
042042020118103191セイウンノウヒメ　　　　　　　　　　 83.1 12.9 -7.0 -5.5 -4.1  1  0.0                           
042042020218104208プリティインピンク　　　　　　　　　 14.1  2.8  6.0  6.0  4.0  9  0.0                           
042042020318106181メイショウホガラカ　　　　　　　　　  6.3  1.8  9.5  9.6  6.4 11  7.5                           
042042020418101438ジュンコーハク　　　　　　　　　　　 17.0  3.3  4.2 -5.5 -0.8  4  9.7                           
042042020518100583スマートジュリアン　　　　　　　　　 14.2  2.9 11.5 14.3  8.7 14  0.0                           
042042020618101880キミョウキテレツ　　　　　　　　　　 62.1  9.8-12.5  5.4 -1.8  3  0.0                           
042042020718101271リーヴルネッサンス　　　　　　　　　 19.5  3.7 -4.7 -2.5 -2.3  3  0.0                           
042042020818106531サウンドウイッシュ　　　　　　　　　 29.5  5.1 -5.0 -1.7 -2.1  3  0.0                           
042042020918104216コスモザクロ　　　　　　　　　　　　 38.1  6.4-10.0-10.0 -6.7 -2  0.0                           
042042021018101364ビービーダルク　　　　　　　　　　　 30.4  5.3-10.8-10.5 -7.1 -2  0.0                           
042042021118105214サトノアポロン　　　　　　　　　　　  2.7  1.3 21.7 21.0 14.2 19 13.0                           
042042021218100298サンランシング　　　　　　　　　　　 25.1  4.5 25.0  0.9  7.8 13  0.0                           
042042021318101503アピールデザイン　　　　　　　　　　 39.0  6.6-10.8-10.5 -7.1 -2  0.0                           
042042021418106155ノアヴィグラス　　　　　　　　　　　  3.0  1.3  7.5  4.7  4.0  9 14.2                           
042042021518104420ベストインクラス　　　　　　　　　　 29.3  5.1  7.5 -4.5  0.6  6  0.0                           
042042030117100846キャルブルー　　　　　　　　　　　　 27.8  6.3-10.8-10.5 -7.1 13  0.0                           
042042030217105297ナオミラフィネ　　　　　　　　　　　  8.4  2.6 11.6  8.5  6.6 27  9.2                           
042042030317101896マイネルアストリア　　　　　　　　　 12.6  3.3 -2.0  3.3  0.6 21  9.8                           
042042030413104170ヨクエロマンボ　　　　　　　　　　　  5.5  1.9  6.0 15.3  7.4 27  0.0  5                        
042042030517102848アベックフォルス　　　　　　　　　　  4.2  1.7 15.0 13.0  9.3 29  6.7                           
042042030617106722サイモンルモンド　　　　　　　　　　 22.6  5.3-10.8-10.5 -7.1 13  0.0                           
042042030716102723プロース　　　　　　　　　　　　　　 16.8  4.2-12.5-19.5-10.9  9  0.0                           
042042030817104986キングスバーンズ　　　　　　　　　　  4.2  1.7 12.5 18.8 10.6 31  7.3                           
042042030916104765スティングレイ　　　　　　　　　　　  6.6  2.2  8.0  6.3  4.7 25  0.0                           
042042031017106012ダッチマン　　　　　　　　　　　　　  5.2  1.9 12.7 17.1 10.1 30 15.3                           
042042031116100212ゼットセントラル　　　　　　　　　　 31.2  7.0 -5.5-10.5 -5.5 14  0.0                           
042042040113103687クラウンディバイダ　　　　　　　　　 31.4  5.8-10.0-20.0-10.3-10  0.0                           
042042040217102082レーヴドオルフェ　　　　　　　　　　 37.6  6.8-12.5-10.8 -7.7 -8  0.0                           
042042040312104787ショウボート　　　　　　　　　　　　  7.2  2.0 20.0  8.0  8.9  9  7.9                           
042042040414105637スマートシャヒーン　　　　　　　　　 31.9  5.9-10.0-12.1 -7.4 -7  0.0                           
042042040514102142ディレットーレ　　　　　　　　　　　  3.6  1.5 14.4 15.8 10.1 10 14.2                           
042042040616101379コンシード　　　　　　　　　　　　　 46.0  8.2-12.5-20.0-11.1-11  0.0                           
042042040717100244クラウンデフィート　　　　　　　　　 44.7  8.0-10.0-10.0 -6.7 -7  0.0                           
042042040816103085ダノンレグナム　　　　　　　　　　　  7.8  2.1  8.5  6.3  4.9  5  0.0                           
042042040916104844ポルトラーノ　　　　　　　　　　　　  2.7  1.3 20.0 23.9 14.8 15 13.0                           
042042041014103896メイショウハチク　　　　　　　　　　 28.9  5.4 -5.5-16.3 -7.6 -8  0.0  0                        
042042041115104557プロトスター　　　　　　　　　　　　 23.0  4.4-10.0  6.7 -0.5 -1  9.8                           
042042041214102204スリーランディア　　　　　　　　　　  8.6  2.3  8.7  8.0  5.5  6  0.0  5                        
042042041316105169ジャストアジゴロ　　　　　　　　　　  8.2  2.2  8.8 12.6  7.3  7  0.0                           
042042050118104608コーンフィールド　　　　　　　　　　  4.4  1.6 15.0  8.7  7.7  8 14.2                           
042042050218100786カシノローズ　　　　　　　　　　　　 28.0  5.5-10.0 -4.0 -4.5 -4  0.0                           
042042050318102997リヴウェル　　　　　　　　　　　　　  8.8  2.4  7.5  6.0  4.4  4  0.0                           
042042050418102332ストロングカレント　　　　　　　　　  2.6  1.3 21.7 15.5 12.2 12  6.7                           
042042050518101123グレイテストゲーム　　　　　　　　　127.2 22.3-10.0 -4.5 -4.7 -5  0.0                           
042042050618104480ホープケツァール　　　　　　　　　　 11.4  2.7 20.0  6.0  8.2  8  9.1                           
042042050718103799ミルトブラック　　　　　　　　　　　 18.5  4.0-10.0  3.3 -1.8 -2  0.0                           
042042050818104349リーガルゲイリー　　　　　　　　　　 38.6  7.4-10.0-10.0 -6.7 -7  0.0                           
042042050918102881プレゼント　　　　　　　　　　　　　 74.4 13.3-10.0-10.0 -6.7 -7  0.0                           
042042051018103970セレージャ　　　　　　　　　　　　　 13.5  3.1 20.0 19.2 13.0 13  0.0                           
042042051118106355マロンビクトリー　　　　　　　　　　126.6 22.2-10.0-12.5 -7.6 -8  0.0                           
042042051218103947スマートリン　　　　　　　　　　　　 84.5 15.0 18.8-20.0 -1.7 -2  0.0                           
042042051318102192デクラーク　　　　　　　　　　　　　 25.9  5.2  3.0 12.3  5.4  5  0.0                           
042042051418102566インゴットバード　　　　　　　　　　  5.5  1.8  8.5  9.6  6.1  6  7.5                           
042042051518103657アウリイ　　　　　　　　　　　　　　 11.4  2.7 12.5  0.0  3.8  4  9.2                           
042042060118101548レゾンデートル　　　　　　　　　　　 44.0  9.1-10.0  7.5 -0.3  5  0.0                           
042042060218104180イデアエスクロー　　　　　　　　　　  9.0  2.6 25.0 10.5 11.4 16  0.0                           
042042060318101730スイーツマジック　　　　　　　　　　 16.4  3.9-10.0 19.2  4.0  9  0.0                           
042042060418106415イッツアメモリー　　　　　　　　　　  4.9  1.8 12.0 24.0 12.4 17  7.3                           
042042060518106626ボニート　　　　　　　　　　　　　　 37.8  7.9  6.0  8.0  4.7 10  0.0                           
042042060618106737キュンキュンハート　　　　　　　　　 83.9 16.3-10.0 -4.5 -4.7  0  0.0                           
042042060718106364ヒルノエルニド　　　　　　　　　　　 57.7 11.4-10.8-10.3 -7.0 -2  0.0                           
042042060818100824セピアノーツ　　　　　　　　　　　　  8.7  2.5-12.5 -2.0 -4.5  1  0.0                           
042042060918109140ヒムカノロッキー　　　　　　　　　　 27.8  6.0-10.8-10.5 -7.1 -2  0.0                           
042042061018106592トーティシェル　　　　　　　　　　　103.7 20.0-10.0 -1.6 -3.6  1  0.0                           
042042061118103956ネオペトリコール　　　　　　　　　　 35.8  7.5-10.0 -8.2 -6.0 -1  0.0                           
042042061218100330パドマーヴァティ　　　　　　　　　　 19.2  4.4-12.5 -2.7 -4.7  0  0.0                           
042042061318104074スターマン　　　　　　　　　　　　　 65.4 12.8-10.0 -7.2 -5.6 -1 14.4                           
042042061418101686ウキウキホリデー　　　　　　　　　　  5.6  1.9 15.0  8.1  7.5 12 15.3                           
042042061518106601テセウス　　　　　　　　　　　　　　 59.2 11.7-11.3  5.8 -1.3  4  0.0                           
042042061618103561ラグランジア　　　　　　　　　　　　  8.6  2.5-12.5  3.0 -2.7  2  0.0                           
042042061718103287ベアフューチャー　　　　　　　　　　 93.0 18.0-12.5-10.0 -7.4 -2  0.0                           
042042061818101782コスモサンレミ　　　　　　　　　　　  3.0  1.4  6.0  8.9  5.1 10 13.0                           
042042070117101807ソプラドール　　　　　　　　　　　　  3.0  1.3 18.6 17.0 11.8 32  6.7                           
042042070217106048ヒロシゲサンライズ　　　　　　　　　 21.1  4.4 -5.5 -4.4 -3.3 17  0.0                           
042042070316102526クラウドナイン　　　　　　　　　　　 35.0  6.8-10.0  4.7 -1.3 19  0.0                           
042042070416103146メイショウヨソユキ　　　　　　　　　 20.2  4.3  0.6 -2.5 -0.7 19  0.0                           
042042070517104238フームスムート　　　　　　　　　　　  3.6  1.4 18.8 15.0 11.1 31 14.2                           
042042070614104240フラッグアドミラル　　　　　　　　　  4.0  1.5 15.0  0.9  4.8 25  7.9                           
042042070717105896メイショウコバコ　　　　　　　　　　 33.4  6.5-10.8-10.5 -7.1 13  0.0                           
042042070817104869ライトマイファイア　　　　　　　　　  8.9  2.4  9.5 10.5  6.7 27  8.6                           
042042070915105038ローズベリル　　　　　　　　　　　　  5.7  1.8 10.7  9.6  6.7 27  0.0                           
042042071017100010テンチシンメイ　　　　　　　　　　　 14.6  3.3  7.5  2.2  3.1 23  9.2                           
042042080116103909カナロアガール　　　　　　　　　　　  4.0  1.6 18.8 29.3 16.4 36  7.3                           
042042080217105302シンドラー　　　　　　　　　　　　　 16.3  3.9-12.5  3.0 -2.7 17  0.0                           
042042080317102537フォワードアゲン　　　　　　　　　　  3.8  1.5-12.5  6.7 -1.3 19 13.0                           
042042080416104608プロスペリティ　　　　　　　　　　　 22.1  5.0 10.0-10.0 -0.7 19  0.0                           
042042080517103382フォギーデイ　　　　　　　　　　　　 18.5  4.3-12.5  6.0 -1.5 18  0.0                           
042042080616101241アキノコマチ　　　　　　　　　　　　  4.5  1.7 25.0 13.0 12.3 32 15.3                           
042042080716104308サイモンオーキッド　　　　　　　　　 24.2  5.4-10.8-10.5 -7.1 13  0.0                           
042042080814106196サトノマックス　　　　　　　　　　　  6.2  2.0 15.0 34.7 17.2 37  8.6                           
042042080917105296イルミナル　　　　　　　　　　　　　  6.0  2.0 20.0  6.0  8.2 28  0.0                           
042042081016100273グレルグリーン　　　　　　　　　　　 12.5  3.2  7.5 13.7  7.3 27  0.0                           
042042081116103023アイヴィーサ　　　　　　　　　　　　 46.8  9.8-10.0 -9.2 -6.4 14  0.0                           
042042090117103868スマートルミエール　　　　　　　　　 38.6  7.9 -5.5  6.3  0.7 21  0.0  1  147   50              
042042090217104404プロンタン　　　　　　　　　　　　　 19.2  4.3-12.5  4.3 -2.2 18  0.0                           
042042090316110159ベストマジック　　　　　　　　　　　 10.8  2.7-12.5  3.1 -2.6 17  8.6                           
042042090414100905イイデファイナル　　　　　　　　　　 33.5  7.0-10.8-10.3 -7.0 13  0.0                           
042042090516110095ワールドイズマイン　　　　　　　　　  2.7  1.4 12.0 30.0 14.6 35 13.0  2                        
042042090616104706プラチナポセイドン　　　　　　　　　 10.8  2.7-12.5 -2.0 -4.5 16  9.2                           
042042090717100008ドンマニフィコ　　　　　　　　　　　 18.2  4.2 -5.0  0.4 -1.4 19  0.0                           
042042090817106555エターナルダイヤ　　　　　　　　　　  6.4  2.0 12.0 10.9  7.6 28  8.5                           
042042090917101818ラブアドベンチャー　　　　　　　　　  5.5  1.9 25.0 11.1 11.6 32  0.0                           
042042091016100065シンゼンマックス　　　　　　　　　　  5.9  1.9 16.3 10.8  8.9 29  7.9                           
042042091116106132タマモクレマチス　　　　　　　　　　 22.9  5.0 -4.7 -2.5 -2.3 18  0.0                           
042042091216103534ジュンノサップ　　　　　　　　　　　 72.6 14.0-10.0-17.8 -9.5 10  0.0                           
042042091316110118キュウドウクン　　　　　　　　　　　 15.1  3.6 -7.0 -5.5 -4.1 16  0.0                           
042042100117104970ルヴェルソー　　　　　　　　　　　　  3.3  1.4 12.0 15.0  9.1 29 13.0                           
042042100217104086ヤマカツパトリシア　　　　　　　　　  7.0  2.1 11.2  6.3  5.7 26  0.0                           
042042100317103017アイルビー　　　　　　　　　　　　　 32.5  6.5-10.0 -5.4 -5.0 15  0.0                           
042042100413102005ケルベロス　　　　　　　　　　　　　 13.0  3.1-10.0 -1.6 -3.6 16  0.0                           
042042100517106303アイブランコ　　　　　　　　　　　　  3.5  1.4  7.5  8.9  5.5 26 14.2                           
042042100615106231アルスラーン　　　　　　　　　　　　 14.2  3.3-10.0 -0.4 -3.1 17  0.0                           
042042100717105059ポーラーサン　　　　　　　　　　　　 15.6  3.5-12.5  4.7 -2.0 18  0.0                           
042042100817101946バトーブラン　　　　　　　　　　　　 12.0  2.9 12.5 12.0  8.1 28  0.0                           
042042100916103092コルドゥーン　　　　　　　　　　　　 41.3  8.1-10.0-20.0-10.3 10  0.0                           
042042101017105619ヴォリアーモ　　　　　　　　　　　　  3.6  1.4 18.8  5.0  7.5 27 15.3                           
042042110117106264ビアイ　　　　　　　　　　　　　　　 49.5 10.3 -7.0 -5.5 -4.1 31  0.0                           
042042110215105276シセイヒテン　　　　　　　　　　　　 27.6  6.0-10.0 -7.2 -5.6 29  0.0                           
042042110313105594ナンヨーアミーコ　　　　　　　　　　 25.7  5.7  7.5 -7.2 -0.4 35  0.0                           
042042110414103017ヒロイックアゲン　　　　　　　　　　  4.1  1.7-10.0 15.0  2.5 37  7.3                           
042042110516102073ホープフルサイン　　　　　　　　　　 25.6  5.6 20.0 -7.3  3.3 38  0.0                           
042042110614101889アルミューテン　　　　　　　　　　　 49.1 10.2-10.0-11.8 -7.3 28  0.0                           
042042110714102359コウエイダリア　　　　　　　　　　　 35.6  7.6 -5.0-10.5 -5.3 30  0.0                           
042042110814102972メイショウカリン　　　　　　　　　　 81.6 16.1 -7.0 -5.5 -4.1 31  0.0                           
042042110915104842スターリーステージ　　　　　　　　　 16.7  4.0 -3.5-17.1 -7.3 28  0.0                           
042042111017102212ヒルノマリブ　　　　　　　　　　　　 20.5  4.7-10.8-10.3 -7.0 28  0.0                           
042042111114104912ショウナンマッシブ　　　　　　　　　 30.3  6.6-12.5 17.3  2.6 38  0.0                           
042042111216101149ロードアクア　　　　　　　　　　　　 18.1  4.2 -5.5-14.3 -6.9 28  0.0                           
042042111316110158フォッサマグナ　　　　　　　　　　　  6.1  2.0  6.0 30.0 12.8 48  7.5  2                        
042042111416101383タイセイブランシュ　　　　　　　　　 14.2  3.5 12.5  3.0  4.8 40  8.6                           
042042111515105673サラドリーム　　　　　　　　　　　　 19.4  4.5-10.0  3.1 -1.9 33  0.0                           
042042111615100061シルヴェーヌ　　　　　　　　　　　　 46.7  9.8-12.5  9.0 -0.4 35  0.0                           
042042111717105553アヌラーダプラ　　　　　　　　　　　  3.6  1.6 13.5 11.9  8.4 43 13.0                           
042042111814104968アダムバローズ　　　　　　　　　　　  8.3  2.5 16.3 16.5 10.9 46  8.5                           
042042120113105264インザバブル　　　　　　　　　　　　 27.5  5.1-12.5  0.9 -3.4 27  0.0                           
042042120217105141キッズアガチャー　　　　　　　　　　 13.8  2.9  6.5  6.3  4.3 34  0.0                           
042042120316105305フラッシングジェム　　　　　　　　　 22.8  4.3-10.0-20.0-10.3 20  0.0                           
042042120413105842スピアザゴールド　　　　　　　　　　  8.5  2.2  7.5 11.8  6.6 37  8.1                           
042042120514105910アヴァント　　　　　　　　　　　　　 12.8  2.7 -5.5-10.5 -5.5 24  0.0                           
042042120616100279ベルジュネス　　　　　　　　　　　　 18.4  3.6 20.0 21.3 13.8 44 10.4                           
042042120715101829ラブリーイレブン　　　　　　　　　　  3.4  1.4 14.0 12.6  8.8 39 14.2                           
042042120815101014ダンツチョイス　　　　　　　　　　　 18.2  3.6-10.8-10.5 -7.1 23  0.0                           
042042120913105538カフジキング　　　　　　　　　　　　  5.3  1.6 14.6 15.8 10.2 40  7.9                           
042042121015104333コスタネラ　　　　　　　　　　　　　  2.7  1.3 21.7 21.0 14.2 44  6.7                           
042042121112100091シャインアロー　　　　　　　　　　　 31.4  5.7-10.0-10.0 -6.7 23  0.0                           
052042010118102464クロノフルール　　　　　　　　　　　 36.5  8.0 -8.5-13.9 -7.6 -3  0.0  0                        
052042010218101488トーセンルチアーノ　　　　　　　　　 21.1  5.0 -8.7 -5.6 -4.7  0  0.0                           
052042010318102785トペコンヒーロ　　　　　　　　　　　 20.7  4.9 -1.4 -9.3 -3.8  1  0.0  5                        
052042010418106608カキエモン　　　　　　　　　　　　　137.8 27.5-11.4 -3.7 -4.8  0  0.0                           
052042010518103863グラスミリオン　　　　　　　　　　　 36.5  8.0-10.0  2.9 -1.9  3  0.0                           
052042010618105265グランスエーニョ　　　　　　　　　　  9.4  2.8-10.0  1.0 -2.6  2  7.2                           
052042010718105639トーセンジェイク　　　　　　　　　　 42.9  9.3-10.0  4.9 -1.2  4  0.0                           
052042010818106035コスモコラッジョ　　　　　　　　　　 13.8  3.5-11.0  8.4 -0.2  5  7.7                           
052042010918109030スマーティキャット　　　　　　　　　130.9 26.2-11.4 -2.6 -4.4  1  0.0                           
052042011018103734ミエノハヤブサ　　　　　　　　　　　  4.6  1.7 14.7 20.0 11.7 17  5.8                           
052042011118102002ラブカプチーノ　　　　　　　　　　　  4.7  1.7  6.0  4.5  3.5  8 15.1                           
052042011218102382ライヴクラッカー　　　　　　　　　　 14.3  3.6  0.0  3.1  1.1  6  8.2                           
052042011318104503アンクラウデッド　　　　　　　　　　  3.6  1.5 17.9 18.2 12.0 17 12.8                           
052042011418100647ディープステイト　　　　　　　　　　  6.1  2.0 13.6  9.8  7.7 13  9.6                           
052042011518102286セイウンスパーダ　　　　　　　　　　 27.8  6.2 -9.2 -6.0 -5.0  0  0.0                           
052042011618102820ゲンパチボロネーゼ　　　　　　　　　 84.3 17.1-11.4-11.1 -7.5 -2  0.0                           
052042020118103425カンタベリーパール　　　　　　　　　159.0 32.1-10.0 -2.9 -4.1  1  0.0                           
052042020218102851セイウンスノー　　　　　　　　　　　  6.6  2.2 10.1  8.8  6.3 11 10.3                           
052042020318102352ビギニングドリーム　　　　　　　　　 21.7  5.1  6.0 -2.0  1.1  6  0.0                           
052042020418106887メイム　　　　　　　　　　　　　　　 79.7 16.4-10.0 -2.6 -4.0  1  0.0                           
052042020518105612スノーフレイム　　　　　　　　　　　 86.6 17.8-10.4-20.0-10.5 -5  0.0  0                        
052042020618102989エバーサニーハート　　　　　　　　　 30.6  6.9  6.0  8.0  4.7 10  0.0                           
052042020718106046トップシンデレラ　　　　　　　　　　 25.5  5.8 -3.6 -1.2 -1.5  3  9.2A                          
052042020818105678トーセンアルル　　　　　　　　　　　  4.8  1.8 12.0  6.1  5.8 11 14.0                           
052042020918101691コスモマッドネス　　　　　　　　　　 66.1 13.7-13.4-15.9 -9.9 -5  0.0  0                        
052042021018103498アイルビーザワン　　　　　　　　　　  8.5  2.6  2.0-10.5 -3.3  2  0.0                           
052042021118101551クリノザウルス　　　　　　　　　　　  5.9  2.0-10.0  2.4 -2.1  3  6.2                           
052042021218102803マイネルレスペト　　　　　　　　　　  5.9  2.0 11.8 19.5 10.7 16 13.5                           
052042021318101024サノノバーディ　　　　　　　　　　　 12.5  3.3 20.0  2.9  7.1 12  0.0                           
052042021418101817アイスマン　　　　　　　　　　　　　  3.6  1.6 15.0 14.0  9.6 15 12.8                           
052042021518102958サンウッドランド　　　　　　　　　　182.5 36.8-11.4-10.4 -7.2 -2  0.0                           
052042021618102135ベルリーソ　　　　　　　　　　　　　 32.3  7.2-11.4-10.5 -7.3 -2  0.0                           
052042030118102173ヒットザシーン　　　　　　　　　　　 38.0  7.0 -3.9-11.8 -5.5  0  0.0                           
052042030218101546ラブリーハミング　　　　　　　　　　 40.7  7.4 -9.2 -5.0 -4.6  0 10.1                           
052042030318102672スノウリリー　　　　　　　　　　　　 12.5  2.8  7.5 13.6  7.2 12 10.3C                          
052042030418102652シヴァタウ　　　　　　　　　　　　　 71.0 12.1-10.0-13.6 -8.0 -3  0.0                           
052042030518102504シグナステソーロ　　　　　　　　　　 38.8  7.1-10.0  6.0 -0.8  4  0.0                           
052042030618105127ディアマンテール　　　　　　　　　　  3.5  1.3 13.0 17.6 10.4 15 19.8                           
052042030718100158リネンデザイン　　　　　　　　　　　 22.4  4.4-10.0  0.4 -2.9  2  0.0                           
052042030818100498モッツアフィアート　　　　　　　　　 77.2 13.1-10.0-12.9 -7.7 -3  0.0                           
052042030918100658コスモノート　　　　　　　　　　　　 11.8  2.7 11.6 -9.1  0.1  5  6.8                           
052042031018101360タイプチョウサン　　　　　　　　　　 30.0  5.6-10.0 -5.3 -4.9  0  0.0                           
052042031118105004アップリバー　　　　　　　　　　　　  3.8  1.4 18.9 18.8 12.6 18 12.5                           
052042031218106598ドルフィンクエスト　　　　　　　　　 15.2  3.2 -3.1  8.8  2.3  7  0.0                           
052042031318106774キイソアリング　　　　　　　　　　　 49.2  8.8 -9.0 -2.6 -3.7  1  0.0                           
052042031418100226アラビアンナイト　　　　　　　　　　  2.8  1.3 20.0 20.2 13.4 18  7.5                           
052042040118104702フィエゾン　　　　　　　　　　　　　 13.8  3.3-10.0 -2.0 -3.7 -4  0.0                           
052042040218105575エイムトゥルー　　　　　　　　　　　  9.1  2.6  4.0 -1.9  0.5  1 10.3                           
052042040318105880ロケーション　　　　　　　　　　　　 67.6 13.2-10.0  3.9 -1.6 -2  0.0                           
052042040418101825ショウユアセルフ　　　　　　　　　　 58.0 11.5 -6.2-17.5 -8.3 -8  0.0                           
052042040518100756シュアーヴアリア　　　　　　　　　　  2.9  1.4 17.7  6.8  7.8  8 18.1                           
052042040618102274デモネタブンキット　　　　　　　　　 48.3  9.9 -6.4-11.9 -6.3 -6  0.0                           
052042040718101245ペイシャクェーサー　　　　　　　　　 46.4  9.5-11.4 -6.5 -5.8 -6  0.0                           
052042040818102294ゲツレンカ　　　　　　　　　　　　　 77.1 15.0-11.4-14.1 -8.6 -9  0.0                           
052042040918101207ハッピーモンチャン　　　　　　　　　 79.2 15.4-11.4-12.8 -8.1 -8  0.0                           
052042041018106037ブラウンザウバー　　　　　　　　　　294.5 55.5-10.0-11.3 -7.1 -7  0.0                           
052042041118103835ラズベリーラバー　　　　　　　　　　199.6 37.8-10.0-10.0 -6.7 -7  0.0                           
052042041218103980マエストリーナ　　　　　　　　　　　 31.2  6.6-10.0-20.0-10.3-10  9.2  0                        
052042041318104582ハローマイキー　　　　　　　　　　　 11.2  2.8  7.9 -6.9 -0.2  0 10.9  0                        
052042041418102314ハンデンミラクル　　　　　　　　　　294.5 55.5-10.0 -0.6 -3.2 -3  0.0                           
052042041518102638アーティフィス　　　　　　　　　　　  5.9  2.0 10.7 12.3  7.7  8  6.2                           
052042041618101447マイネルニゲラ　　　　　　　　　　　  6.1  2.0 20.0  7.0  8.6  9  6.8                           
052042041718103485ジャガード　　　　　　　　　　　　　  5.2  1.8 14.7 12.1  8.8  9  5.8                           
052042041818102254ギルベルト　　　　　　　　　　　　　 13.7  3.3-10.0-10.9 -7.0 -7  0.0                           
052042050118102398セザンテイオー　　　　　　　　　　　 73.7 12.3-10.0-10.0 -6.7 -7  0.0                           
052042050218104888スニップ　　　　　　　　　　　　　　 20.3  4.0  4.2  1.2  1.7  2 11.6                           
052042050318104662ソーヴァリアント　　　　　　　　　　  4.5  1.6 10.9 39.1 17.6 18 11.6  1  187   55              
052042050418101978ケイアイカナンガ　　　　　　　　　　 26.0  4.9 -3.2  8.4  2.1  2  0.0                           
052042050518103913トミケンシャイリ　　　　　　　　　　 23.4  4.5-10.0 -7.5 -5.8 -6  0.0                           
052042050618105328アルマドラード　　　　　　　　　　　  2.3  1.3 17.9 24.7 14.4 14 18.1B 2                        
052042050718102156オープストガルテン　　　　　　　　　 26.2  4.9-11.0-20.0-10.6-11  0.0  0                        
052042050818100635ダイヤモンドブルー　　　　　　　　　 11.6  2.6 12.1 17.5 10.0 10  7.7                           
052042050918104927アンドルディース　　　　　　　　　　  8.2  2.2  4.8  8.5  4.6  5  6.8                           
052042051018102239ラロワイヤル　　　　　　　　　　　　 30.7  5.7-10.0 -1.7 -3.6 -4  0.0                           
052042051118106273ブレークアップ　　　　　　　　　　　 38.0  6.8 -8.5-15.5 -8.2 -8  0.0  0                        
052042051218105573レインフロムヘヴン　　　　　　　　　  9.4  2.4 -0.1  4.0  1.4  1  0.0                           
052042051318105313セブンシーズ　　　　　　　　　　　　  7.0  2.0 16.6 13.2  9.8 10  8.9                           
052042060117101597ミツカネプリンス　　　　　　　　　　  7.6  2.3  9.1 21.6 10.6 31  0.0                           
052042060217102612ソラン　　　　　　　　　　　　　　　 40.9  8.5  3.1  3.5  2.2 22  0.0                           
052042060316105883コングールテソーロ　　　　　　　　　 32.3  6.9-10.0  5.2 -1.1 19  0.0                           
052042060416102924ペプチドオリバー　　　　　　　　　　 18.3  4.3 -4.9  3.2 -0.3 20  9.1                           
052042060515102003キタノユウキ　　　　　　　　　　　　  3.7  1.6 17.4 17.6 11.7 32 18.1  2                        
052042060611101037スズカアポロ　　　　　　　　　　　　109.5 21.2-10.0 -6.2 -5.3 15  0.0                           
052042060715104142ミッキーチャイルド　　　　　　　　　  6.6  2.1 10.7 13.8  8.3 28  8.9                           
052042060815101903デルマカミカゼ　　　　　　　　　　　  8.7  2.6-10.0  5.3 -1.1 19  0.0  0                        
052042060916102122アドゥシール　　　　　　　　　　　　 88.1 17.2-11.0-20.0-10.6  9  0.0  0                        
052042061015104870ネイビーアッシュ　　　　　　　　　　 32.0  6.8-10.0-10.0 -6.7 13  0.0                           
052042061116103267トーホウボッカ　　　　　　　　　　　 87.6 17.1-11.0-13.5 -8.3 12  0.0  0                        
052042061217106187セイスケルツォ　　　　　　　　　　　 14.3  3.5-11.0  9.3  0.1 20 16.4B                          
052042061317102630リアンフィーユ　　　　　　　　　　　  3.9  1.6  6.0 17.3  8.1 28 14.0                           
052042061417103473スズカコーズマンボ　　　　　　　　　 24.1  5.3 -5.6  1.9 -1.0 19  0.0                           
052042061517102776ベルウッドヨウサン　　　　　　　　　 14.1  3.4 -8.5 -1.8 -3.2 17  0.0                           
052042061616106452イサチルダイチ　　　　　　　　　　　 14.5  3.5  6.1 -5.0  0.0 20  0.0                           
052042070117110061コスモクウ　　　　　　　　　　　　　 28.9  6.3-11.4-10.5 -7.3 13  0.0                           
052042070213100376ファントムグレイ　　　　　　　　　　  8.7  2.6 -0.7  5.8  1.9 22  0.0                           
052042070317105307ゴルトベルク　　　　　　　　　　　　  3.9  1.6 12.6 21.4 11.6 32 11.6                           
052042070416103345イサク　　　　　　　　　　　　　　　 15.6  3.7 -8.6 15.1  3.0 23  8.6                           
052042070516102051トライゲッター　　　　　　　　　　　 44.2  9.2-10.4-14.6 -8.5 12  0.0                           
052042070617104232ディアセオリー　　　　　　　　　　　  3.7  1.6 12.0 22.9 12.0 32 12.8  2                        
052042070716104234ピンシェル　　　　　　　　　　　　　 12.6  3.2  6.0 12.5  6.4 26  0.0                           
052042070817101201ヤシャマル　　　　　　　　　　　　　  7.1  2.2 20.0  9.6  9.5 30 16.3                           
052042070917104614ラグビーボーイ　　　　　　　　　　　  6.1  2.0 13.6 12.0  8.5 28 15.1  5                        
052042071017104784リヴァージュ　　　　　　　　　　　　 26.3  5.8 -1.5  0.2 -0.4 20  0.0                           
052042071114103615ダイイチターミナル　　　　　　　　　 24.6  5.4 -8.7-10.0 -6.3 14  0.0                           
052042071217102665レッドペルーシュ　　　　　　　　　　 38.5  8.1 -1.4-11.9 -4.8 15  0.0                           
052042071317104824エンジェルサークル　　　　　　　　　 12.5  3.1  3.4  7.1  3.6 24  0.0                           
052042071416103099カンパーニャ　　　　　　　　　　　　 39.8  8.4 -9.4-11.8 -7.1 13  0.0                           
052042080116106069フーズサイド　　　　　　　　　　　　 20.5  3.9  6.0  8.4  4.9 35  0.0                           
052042080216100047ドゥエルメス　　　　　　　　　　　　 45.7  7.7-13.4-11.8 -8.3 22  0.0                           
052042080314101963ジャカンドジョー　　　　　　　　　　 21.8  4.0-11.4 -1.2 -3.9 26  0.0                           
052042080414105974サトノヴィクトリー　　　　　　　　　 35.9  6.2-10.0 -2.0 -3.7 26  0.0                           
052042080516105472ホウオウトゥルース　　　　　　　　　  5.4  1.6 15.0 25.8 14.0 44 12.5  1  179   41              
052042080614105748グレンマクナス　　　　　　　　　　　  6.2  1.8 11.7 13.6  8.5 38  9.6                           
052042080715105088ヴォウジラール　　　　　　　　　　　  2.2  1.2 20.0 15.6 11.7 42 18.1                           
052042080815106466サイモンサーマル　　　　　　　　　　 21.8  4.0-11.0-12.8 -8.0 22  0.0                           
052042080914105545ディスカバー　　　　　　　　　　　　 69.3 11.1-11.4-11.8 -7.7 22  0.0                           
052042081016100106フィストバンプ　　　　　　　　　　　 12.1  2.6 11.3 10.5  7.2 37  0.0                           
052042081113101497テンノサクラコ　　　　　　　　　　　 34.2  6.0-10.0-11.3 -7.1 23  0.0                           
052042081215101592フローリン　　　　　　　　　　　　　  4.4  1.5 18.8 13.3 10.5 41 19.8                           
052042090114101586シャイニーゲール　　　　　　　　　　 13.2  3.4  3.6 10.6  5.0 40  0.0  5                        
052042090214105265マスターコード　　　　　　　　　　　 20.5  4.9-12.5 -2.4 -4.6 30  0.0                           
052042090315104186ゼーゲン　　　　　　　　　　　　　　  6.8  2.2 12.5  8.2  6.8 42  6.3                           
052042090412101430マイネルカレッツァ　　　　　　　　　 36.8  8.1-10.0-10.0 -6.7 28  0.0                           
052042090514103156ベイビーステップ　　　　　　　　　　 44.5  9.7 -6.5  6.2  0.3 35  0.0                           
052042090616102056レオビヨンド　　　　　　　　　　　　  9.4  2.8 16.0 10.1  8.5 44  7.7                           
052042090715100831トラストケンシン　　　　　　　　　　  6.0  2.1 20.0 20.8 13.6 49  0.0                           
052042090815104293カーロバンビーナ　　　　　　　　　　 29.2  6.6-11.4-10.7 -7.3 28  0.0                           
052042090913102117オーシャンビュー　　　　　　　　　　 78.6 16.2-11.0 -3.7 -4.7 30  0.0                           
052042091015104797グロンディオーズ　　　　　　　　　　  3.2  1.5 15.0 14.3  9.7 45 18.1                           
052042091116105056ダイワダグラス　　　　　　　　　　　  7.4  2.4 -1.6 13.2  4.4 39  7.2                           
052042091216104921サトノラディウス　　　　　　　　　　  7.3  2.3  6.0  8.1  4.8 40  9.6                           
052042091314105104トータルソッカー　　　　　　　　　　 56.3 11.8 -6.2 20.7  5.7 41  0.0                           
052042091415101077ナムラドノヴァン　　　　　　　　　　 14.0  3.6  7.5 -1.9  1.6 37 21.0                           
052042091513104277ステイブラビッシモ　　　　　　　　　 47.3 10.3-11.4-11.5 -7.6 27  0.0                           
052042091614105947シロニイ　　　　　　　　　　　　　　 45.4  9.9-12.5 -9.0 -7.1 28  0.0                           
052042100116103291レシプロケイト　　　　　　　　　　　  5.4  1.8 18.8 13.5 10.6 56 19.8                           
052042100216104554デターミネーション　　　　　　　　　  8.0  2.3 -2.1  2.8  0.4 45  9.6                           
052042100315110073ジャスパープリンス　　　　　　　　　  5.6  1.8 13.8 18.3 10.9 56  6.3  2                        
052042100413100358サトノファンタシー　　　　　　　　　 36.7  7.5-12.5-10.1 -7.5 38  0.0                           
052042100516102633ブルベアイリーデ　　　　　　　　　　  8.9  2.5 13.7  3.6  5.4 50  0.0                           
052042100615103530ハーグリーブス　　　　　　　　　　　 16.8  3.8  1.5  6.2  2.7 48  8.2                           
052042100715101434エテルニテ　　　　　　　　　　　　　 44.2  8.9-12.5 -5.9 -5.9 39  0.0                           
052042100814104841アードラー　　　　　　　　　　　　　 39.8  8.1 -2.9-13.6 -5.9 39  0.0                           
052042100915100512タガノアム　　　　　　　　　　　　　 18.5  4.2 -2.1 -3.6 -2.0 43  0.0                           
052042101014103547スマートダンディー　　　　　　　　　 19.8  4.4  3.6 -3.6 -0.2 45  0.0                           
052042101116101154ロードグラディオ　　　　　　　　　　 40.2  8.1-12.5 -7.9 -6.6 38  0.0                           
052042101215105549ドリュウ　　　　　　　　　　　　　　 35.2  7.2-10.0 -9.4 -6.4 39  0.0                           
052042101317106084メイショウテンスイ　　　　　　　　　  2.7  1.4 25.1 16.8 13.7 59 18.1                           
052042101415100348ショーム　　　　　　　　　　　　　　 15.2  3.5 -0.8  7.5  2.5 48  0.0                           
052042101515101191サザンヴィグラス　　　　　　　　　　115.2 21.5-11.0-12.8 -8.0 37  0.0                           
052042101616102078ラインカリーナ　　　　　　　　　　　 64.4 12.3-11.4-10.9 -7.4 38  0.0                           
052042110116104880コントラチェック　　　　　　　　　　 22.5  3.9 -8.7 -6.7 -5.1 50  0.0  0                        
052042110214103795ワンダープチュック　　　　　　　　　 29.4  4.9-11.4-10.3 -7.2 48  0.0                           
052042110315101636アイスストーム　　　　　　　　　　　 39.9  6.4-11.9-13.8 -8.6 46  0.0                           
052042110416104772ザダル　　　　　　　　　　　　　　　  6.3  1.7  9.8 19.5 10.1 65  6.2  4                        
052042110514105589ダイワキャグニー　　　　　　　　　　  7.3  1.8 10.0 16.5  9.1 64 13.5                           
052042110616106518トーラスジェミニ　　　　　　　　　　 26.9  4.5-10.0 -2.6 -4.0 51  0.0                           
052042110715102735サンレイポケット　　　　　　　　　　 10.7  2.2  6.8  7.8  4.9 60  0.0                           
052042110817104753サトノインプレッサ　　　　　　　　　  4.3  1.5 13.1 19.6 11.1 66 15.6                           
052042110917105327サリオス　　　　　　　　　　　　　　  2.0  1.2 22.7 22.2 14.9 70 18.1                           
052042111014104449カデナ　　　　　　　　　　　　　　　 18.1  3.3-11.4  9.0 -0.1 55 20.8  5                        
052042111115105850カイザーメランジェ　　　　　　　　　 42.4  6.7-10.0-15.7 -8.8 46  0.0  0                        
052042120116110023ランドルーラー　　　　　　　　　　　  9.3  2.4 20.7 15.8 12.0 42  0.0                           
052042120214104390ライオネルカズマ　　　　　　　　　　 24.4  4.7-10.0 -2.0 -3.7 26  0.0                           
052042120314105032シルバーストーン　　　　　　　　　　111.6 18.5-10.0-20.0-10.3 20  0.0  0                        
052042120417101060ストームドッグ　　　　　　　　　　　 92.5 15.5-14.3-10.0 -8.0 22  0.0                           
052042120517100406シャドウブロッサム　　　　　　　　　  7.6  2.1  6.0  5.8  3.9 34  6.2                           
052042120617103123ヤマニンプレシオサ　　　　　　　　　 17.3  3.6-10.0  6.1 -0.8 29  7.7                           
052042120715100023ピースユニヴァース　　　　　　　　　 19.0  3.8-10.0 -4.8 -4.8 25 12.3                           
052042120815102071グラスレオ　　　　　　　　　　　　　 50.1  8.9-10.0  2.9 -1.9 28  0.0                           
052042120917103423ソスピタ　　　　　　　　　　　　　　  8.7  2.3  6.0 14.9  7.3 37  6.8                           
052042121016104630ブーザー　　　　　　　　　　　　　　 27.1  5.1 -0.5  4.4  1.5 31  0.0                           
052042121117102105ニシノストーム　　　　　　　　　　　 18.1  3.7 -4.8  5.8  0.7 31  8.2                           
052042121212102070コスモヨハネ　　　　　　　　　　　　100.9 16.8-13.4 -1.3 -4.5 26  0.0                           
052042121317105332ヴェスターヴァルト　　　　　　　　　  2.5  1.3 18.3 27.9 15.7 46 12.8                           
052042121417101183レッドライデン　　　　　　　　　　　  4.0  1.5 13.8 16.5 10.2 40 14.0                           
052042121516100745スペキュラース　　　　　　　　　　　 20.0  4.0  7.8  8.2  5.3 35  0.0                           
052042121616100689エンジェルカナ　　　　　　　　　　　119.0 19.7-11.4-13.6 -8.4 22  0.0                           
082042010118100621トーホウスザク　　　　　　　　　　　  7.9  2.8 -0.9 11.8  3.2  8 16.5                           
082042010218103594ビーアップ　　　　　　　　　　　　　 49.3 12.2-10.9-14.1 -8.2 -3  0.0                           
082042010318105619ショウナンバサロ　　　　　　　　　　 12.3  3.6 -0.2 -8.3 -2.6  2  0.0                           
082042010418102902スギノマジェスティ　　　　　　　　　 18.6  5.1 -3.6  3.8 -0.2  5 29.4                           
082042010518103826ニホンピロメドウ　　　　　　　　　　 37.5  9.5-10.9-10.1 -7.0 -2  0.0                           
082042010618101960タガノミューコ　　　　　　　　　　　128.8 30.2-10.9-10.4 -7.1 -2  0.0                           
082042010718103909タマモメルヘン　　　　　　　　　　　 28.2  7.3  6.5  5.8  4.1  9  0.0                           
082042010818100611キャンユーキッス　　　　　　　　　　  6.3  2.3 10.9 22.2 10.7 16  0.0  2                        
082042010918100104アイファーパンサー　　　　　　　　　 91.2 21.6-10.9-20.0-10.0 -5  0.0  0                        
082042011018103769ミヤジオシャラク　　　　　　　　　　  7.3  2.6  7.2 22.5  9.4 14 22.1                           
082042011118106865シンゼンシャイン　　　　　　　　　　  7.9  2.8 13.8-11.6  1.6  7  0.0                           
082042011218105319マテンロウルビー　　　　　　　　　　 11.4  3.4-10.3 -8.1 -6.2 -1  0.0                           
082042011318105151イルデレーヴ　　　　　　　　　　　　  5.5  2.2 15.4 22.0 12.2 17  0.0                           
082042011418106007スプリングローズ　　　　　　　　　　 91.2 21.6-10.9-14.9 -8.5 -3  0.0                           
082042011518103035ドローム　　　　　　　　　　　　　　  6.3  2.3 -2.6 11.6  2.5  8  0.0                           
082042011618100679インテンスフレイム　　　　　　　　　  7.0  2.5  1.8 20.6  6.8 12 20.6  4                        
082042020118105422カスティーリャ　　　　　　　　　　　  2.4  1.2 21.8 30.5 17.1 22 16.2                           
082042020218104229リスカム　　　　　　　　　　　　　　  4.1  1.4 14.1 20.8 11.4 16 19.1                           
082042020318102222リュウールドレ　　　　　　　　　　　 17.0  3.3 -5.6-16.4 -7.0 -2  0.0  0                        
082042020418104889ヴェルナー　　　　　　　　　　　　　  3.4  1.3 15.4 23.0 12.5 18 17.7                           
082042020518106005ピエナパプリカ　　　　　　　　　　　 28.8  5.0 -8.3 -8.6 -5.6 -1  0.0  0                        
082042020618101134リツィタル　　　　　　　　　　　　　 16.3  3.2  2.9  9.8  4.0  9  0.0  5                        
082042020718102328アサケレディ　　　　　　　　　　　　 25.7  4.5-11.5-10.1 -7.2 -2  0.0                           
082042020818100179シゲルソウサイ　　　　　　　　　　　  8.1  2.0  9.2 10.2  6.4 11 14.4                           
082042020918102220マジックランプ　　　　　　　　　　　 21.0  3.9-11.5-20.0-10.2 -5  0.0  0                        
082042021018100631パピードッグ　　　　　　　　　　　　 27.7  4.8 -5.6-14.2 -6.3 -1  0.0                           
082042030118103952ジューンゴゼン　　　　　　　　　　　 31.0  5.8 -0.2-10.2 -3.1 -3  0.0                           
082042030218104965シグネチャーセル　　　　　　　　　　  6.4  1.9  4.1 12.7  5.3  5 20.6  3                        
082042030318103576ブレイリーマックス　　　　　　　　　 50.5  9.0-11.5-10.2 -7.3 -7  0.0                           
082042030418101131インバシオン　　　　　　　　　　　　 16.1  3.4 -4.3  5.8  0.2  0  0.0                           
082042030518102445マサノムサシ　　　　　　　　　　　　 29.9  5.6-11.5-14.1 -8.4 -8  0.0                           
082042030618102703ドンカポノ　　　　　　　　　　　　　  4.6  1.6 16.2 23.9 13.1 13 17.7                           
082042030718102749ツウカイアペックス　　　　　　　　　 22.6  4.4 -7.8 -7.5 -5.1 -5  0.0  0                        
082042030818105527トリニタリアニズム　　　　　　　　　 11.2  2.6  1.2  6.9  2.5  3  0.0                           
082042030918106577ディープギンガ　　　　　　　　　　　 12.3  2.7 -1.4 10.0  2.5  2  0.0                           
082042031018100386アレグリッシモ　　　　　　　　　　　  5.3  1.7  4.8 12.4  5.5  5 13.4                           
082042031118105412ジョークラッシャー　　　　　　　　　  2.3  1.3 17.6 16.2 11.3 11 16.2                           
082042040118104987グレイシャーパーク　　　　　　　　　  9.2  2.6 -2.6 13.1  3.0  3  0.0                           
082042040218105015クラウディベイ　　　　　　　　　　　  3.3  1.5  9.0 15.8  8.0  8 16.2                           
082042040318104340テリーヌ　　　　　　　　　　　　　　 20.8  4.5  7.9 -1.9  2.3  2  0.0                           
082042040418102315ペーパードライバー　　　　　　　　　 96.8 17.9-10.9 -9.5 -6.8 -7  0.0                           
082042040518104571ワイドアウェイク　　　　　　　　　　 11.5  2.8 15.4 12.8  9.5  9 16.5                           
082042040618105128マニトゥーリン　　　　　　　　　　　 33.0  6.7 -5.6  9.9  0.9  1  0.0                           
082042040718104977シャーレイポピー　　　　　　　　　　  3.7  1.5 20.6 11.3 10.9 11 17.7                           
082042040818106200メイショウヒゾッコ　　　　　　　　　 57.2 10.9 -6.9-13.4 -6.6 -7  0.0                           
082042040918103386ガールズヒロイン　　　　　　　　　　 51.2 10.0-11.5 -8.7 -6.8 -7  0.0                           
082042041018100077グルーヴィカグヤ　　　　　　　　　　 27.1  5.6-10.9-12.9 -7.9 -8  0.0                           
082042041118102715ローゼライト　　　　　　　　　　　　  6.1  1.9  3.8  7.7  3.7  4  0.0                           
082042041218100894オプティミスモ　　　　　　　　　　　 33.3  6.8-10.3 -7.5 -6.0 -6  0.0                           
082042041318106456メイショウサチヒメ　　　　　　　　　 84.4 15.7-10.9-16.4 -8.9 -9  0.0  0                        
082042041418105278マラムコーブ　　　　　　　　　　　　  8.7  2.5  6.4  5.8  4.1  4 20.6                           
082042041518106102ブリリアントウェイ　　　　　　　　　 18.0  4.0  8.4 -7.5  0.8  1  0.0                           
082042041618103299アーサーズシスター　　　　　　　　　 19.9  4.4 -6.4-13.4 -6.4 -6  0.0  0                        
082042050118104628レンツシュピッツェ　　　　　　　　　  7.2  2.3 13.0 12.3  8.5  8 20.6                           
082042050218104886ダノングロッケン　　　　　　　　　　 35.2  7.5 -6.9-18.2 -8.0 -8  0.0  0                        
082042050318100938ラインポラリス　　　　　　　　　　　 11.8  3.0 -7.1 -3.5 -3.7 -4  0.0  0                        
082042050418104481ヴアーサ　　　　　　　　　　　　　　 12.3  3.1-10.3 -9.7 -6.7 -7 17.5                           
082042050518104951バーデンヴァイラー　　　　　　　　　  4.2  1.7 16.7  5.3  7.7  8 17.7  4                        
082042050618105187ブレーヴジャッカル　　　　　　　　　  5.5  1.9  1.1 10.2  3.5  3  0.0                           
082042050718104995ガリレオインパクト　　　　　　　　　  3.6  1.6 16.0 22.0 12.5 12 16.2                           
082042050818105915アーデントバローズ　　　　　　　　　 15.5  3.8-10.3-11.1 -7.1 -7  0.0                           
082042050918100481ノーブルアイランド　　　　　　　　　 26.2  5.8 -4.6 -2.2 -2.3 -2  0.0                           
082042051018104618グッドラベリング　　　　　　　　　　 34.1  7.3 -8.1  1.0 -2.7 -3  0.0                           
082042051118104160ニホンピロタイズ　　　　　　　　　　 28.7  6.3 -4.3-10.1 -4.6 -5  0.0                           
082042051218100763アルーブルト　　　　　　　　　　　　 10.8  2.8  0.3  8.3  2.6  3  0.0                           
082042051318104156ダッシュダクラウン　　　　　　　　　 27.1  6.0 -5.6 -4.8 -3.5 -3  0.0                           
082042051418106462ウインバシリス　　　　　　　　　　　 57.6 11.6-10.3-14.2 -8.0 -8  0.0                           
082042060117104196ヴェルザスカ　　　　　　　　　　　　 15.7  4.0 -5.6 14.8  2.4 22  0.0                           
082042060216104827ノーブルスコア　　　　　　　　　　　 14.4  3.7-10.3-10.3 -6.9 13  0.0                           
082042060315104908ヴィルトゥース　　　　　　　　　　　  5.6  2.0 11.8 20.8 10.6 31  0.0  2                        
082042060417106417マテンロウディーバ　　　　　　　　　  4.2  1.7  9.7 21.6 10.0 30 16.2                           
082042060517105993ムーンライト　　　　　　　　　　　　  9.2  2.8  6.4 16.1  7.2 27  0.0                           
082042060617102014メイショウユリシス　　　　　　　　　 11.9  3.2-10.9 -2.7 -4.8 15 26.5                           
082042060717103554トウケイミラ　　　　　　　　　　　　  8.3  2.6  8.5  2.1  3.7 24 14.4                           
082042060816101153ダノンシティ　　　　　　　　　　　　 15.6  4.0 10.2  0.2  3.8 24  0.0                           
082042060917103885アサケエース　　　　　　　　　　　　 10.8  2.9  2.9 12.1  4.7 25 25.0                           
082042061017105457ダブルアンコール　　　　　　　　　　  4.5  1.8 17.4 14.2 10.6 31  0.0                           
082042061117104138グランレイ　　　　　　　　　　　　　  8.5  2.7 10.4  3.4  4.8 25  0.0                           
082042070114104401サウンドテーブル　　　　　　　　　　 17.8  3.3  8.2  6.1  4.8 25  0.0                           
082042070217102744ヒルノブルージュ　　　　　　　　　　  2.2  1.2 18.0 20.8 12.8 33 16.2                           
082042070315101328マイティバローズ　　　　　　　　　　 28.2  4.8-10.9 -8.3 -6.5 14  0.0                           
082042070416102183メイショウラッシュ　　　　　　　　　  4.8  1.5 16.8 16.1 11.0 31  0.0                           
082042070516103252ジェミニキング　　　　　　　　　　　 20.4  3.7-11.5  0.0 -4.2 16  0.0  0                        
082042070617106220ブロフェルド　　　　　　　　　　　　 43.3  7.0 -4.6-14.8 -6.1 14  0.0                           
082042070714104419デフィ　　　　　　　　　　　　　　　 37.8  6.2-10.9-20.0-10.0 10  0.0                           
082042070814100591マナローラ　　　　　　　　　　　　　 12.9  2.6  0.5 11.7  3.7 24 20.6                           
082042070917106312サンライズプラウ　　　　　　　　　　 13.5  2.7  3.8  5.7  3.1 23  0.0                           
082042071017100197ホッコーアカツキ　　　　　　　　　　  3.6  1.3 20.1  8.3  9.9 30 17.7                           
082042071117103160オーケーメジャー　　　　　　　　　　 14.4  2.8 -7.5 -0.9 -3.0 17 16.5  0                        
082042080116101368ウォークザライン　　　　　　　　　　 23.1  4.0-10.9-14.3 -8.3 22 25.0                           
082042080216104222トーセンスカイ　　　　　　　　　　　  4.7  1.4 10.4 10.8  7.1 37 19.1                           
082042080317105574チュウワノキセキ　　　　　　　　　　  2.7  1.2 12.5 16.2  9.4 39 16.2                           
082042080417105483ゴールドティア　　　　　　　　　　　  5.6  1.6 13.7 13.7  9.1 39 14.4                           
082042080515104047ドゥリトル　　　　　　　　　　　　　 24.7  4.2-10.9-10.3 -7.1 23  0.0                           
082042080615104974ブレイニーラン　　　　　　　　　　　 18.7  3.4 -2.5 -3.8 -2.1 28  0.0                           
082042080715104780リュクスポケット　　　　　　　　　　 10.8  2.2  8.6  7.2  5.3 35  0.0                           
082042080817106720サンライズオネスト　　　　　　　　　  2.7  1.2 19.2 15.5 11.7 42  0.0                           
082042090118102936ウインスーリール　　　　　　　　　　  4.3  1.7 14.1  9.6  8.1 28 19.1                           
082042090218105339サルビア　　　　　　　　　　　　　　  1.8  1.2 19.7 22.9 14.1 34 16.2  1  140   56              
082042090318104239クープドクール　　　　　　　　　　　  4.0  1.6 15.7 22.1 12.4 32 17.7                           
082042090418104545レッツゴーアスク　　　　　　　　　　  4.9  1.9 15.8 19.5 11.6 32 14.4                           
082042090518106358リターンギフト　　　　　　　　　　　 17.9  5.7-10.9-10.2 -7.1 13  0.0                           
082042090618105978エイシンシトリン　　　　　　　　　　 18.9  6.1 -6.4-20.0 -8.3 12  0.0                           
082042100114103603サンライズカラマ　　　　　　　　　　 11.6  3.0 10.4  5.9  5.6 41 23.5                           
082042100216103990ノンライセンス　　　　　　　　　　　  5.8  2.0  1.1  9.4  3.2 38  0.0                           
082042100317102686ジェネティクス　　　　　　　　　　　  3.8  1.6  9.1 26.1 11.2 46 16.2  1  136   73              
082042100415101281ロイヤルパールス　　　　　　　　　　 49.1 10.5-10.9 -8.7 -6.6 28  0.0                           
082042100516103684キタノオドリコ　　　　　　　　　　　 28.1  6.3 -9.7 -7.6 -5.8 29  0.0                           
082042100614101827クリノライメイ　　　　　　　　　　　 97.9 19.7-10.9 -5.9 -5.8 29  0.0                           
082042100716101637ゴールドリング　　　　　　　　　　　 73.5 14.9-10.9-10.2 -7.1 28  0.0                           
082042100817101540サダムスキャット　　　　　　　　　　  4.2  1.7 17.5 12.0 10.0 45 17.7  5                        
082042100914103963ヨドノビクトリー　　　　　　　　　　 29.9  6.6 -5.6-14.9 -6.5 28  0.0  0                        
082042101016103079ハルサカエ　　　　　　　　　　　　　 24.6  5.6 -9.7-10.5 -6.7 28  0.0                           
082042101113103403マイネルラック　　　　　　　　　　　 35.0  7.6-10.9-11.0 -7.3 28  0.0                           
082042101214104427ヴォーガ　　　　　　　　　　　　　　 30.3  6.7-10.9 -9.4 -6.8 28  0.0                           
082042101316106486メディクス　　　　　　　　　　　　　  6.5  2.1 15.4 13.0  9.5 45  0.0  4                        
082042101415102637メイショウラビエ　　　　　　　　　　  8.9  2.7  1.2  7.6  2.7 38 15.4                           
082042101516100603プリカジュール　　　　　　　　　　　 35.3  7.7-14.0-16.3-10.0 25  0.0                           
082042101616100924アヴォンリー　　　　　　　　　　　　 11.7  3.0 11.6 11.9  7.8 43  0.0                           
082042110114106010ダンビュライト　　　　　　　　　　　 16.2  3.9 -0.2  5.3  1.5 57  0.0                           
082042110214101976キセキ　　　　　　　　　　　　　　　  4.3  1.7 11.5 13.8  8.4 63  0.0                           
082042110315104649シルヴァンシャー　　　　　　　　　　 12.6  3.2  3.9  2.8  2.3 57  0.0                           
082042110415105008タイセイトレイル　　　　　　　　　　 42.7  9.1  1.2 -6.4 -1.5 54  0.0                           
082042110513102360ノーブルマーズ　　　　　　　　　　　 48.4 10.2 -7.5-10.3 -5.8 49  0.0                           
082042110615104287ステイフーリッシュ　　　　　　　　　 12.8  3.2 11.2  4.3  5.4 60  0.0                           
082042110713103569リッジマン　　　　　　　　　　　　　 94.7 18.9-10.8-11.9 -7.5 47  0.0                           
082042110816104611カセドラルベル　　　　　　　　　　　  9.5  2.8 -4.2  9.6  1.3 56  0.0  5                        
082042110912104650モンドインテロ　　　　　　　　　　　217.9 42.6-10.0-11.3 -7.1 48  0.0                           
082042111011104019アルバート　　　　　　　　　　　　　 25.1  5.6 -2.4-15.2 -5.4 50  0.0                           
082042111115103627バイオスパーク　　　　　　　　　　　 28.9  6.4-11.5  5.7 -2.5 52  0.0                           
082042111213104803ドゥオーモ　　　　　　　　　　　　　 49.0 10.3-10.9-13.9 -8.2 47  0.0                           
082042111315104063グローリーヴェイズ　　　　　　　　　  6.7  2.2 12.0  9.0  7.1 62  0.0                           
082042111415104689アイスバブル　　　　　　　　　　　　 46.3  9.8-11.5 -7.6 -6.5 49  0.0                           
082042111512104503パフォーマプロミス　　　　　　　　　  7.0  2.2  7.9  6.2  4.8 60 14.4                           
082042111615101465ミスマンマミーア　　　　　　　　　　 18.8  4.4 -4.3-16.3 -6.5 49 28.0                           
082042111716104376キングオブコージ　　　　　　　　　　  3.6  1.6 14.6 13.8  9.5 64 16.2                           
082042120116110085タイミングナウ　　　　　　　　　　　 78.3 15.2-10.8-12.9 -7.8 22  0.0                           
082042120217106115メイショウベンガル　　　　　　　　　  4.3  1.7 14.2 26.1 13.0 43 17.7  3                        
082042120317110172ハリーバローズ　　　　　　　　　　　  5.3  1.8 12.9 20.3 10.8 41 19.1                           
082042120417106018コパノマーキュリー　　　　　　　　　 19.0  4.4 -5.6 12.2  1.6 32  0.0                           
082042120517105433ヤウガウ　　　　　　　　　　　　　　  5.3  1.8 15.2 15.0 10.1 40 14.4                           
082042120615105681クインズカトレア　　　　　　　　　　103.0 19.8-10.9-10.3 -7.1 23  0.0                           
082042120712102486コンクエストシチー　　　　　　　　　 56.4 11.2-10.9-10.3 -7.1 23  0.0                           
082042120816104193メイショウハナモリ　　　　　　　　　 14.5  3.5 -0.2-16.6 -5.1 25  0.0                           
082042120914105352ヴィーナスフローラ　　　　　　　　　 16.6  3.9  1.2-12.3 -3.3 27  0.0                           
082042121016105096ショウナンパンサー　　　　　　　　　 26.6  5.7 -5.6 10.2  1.0 31  0.0                           
082042121115110070デルタバローズ　　　　　　　　　　　  8.4  2.5  1.8  3.7  1.8 32  0.0  0                        
082042121216103777ウェイクール　　　　　　　　　　　　 51.3 10.5-11.5-14.8 -8.7 21  0.0                           
082042121316104064コマノバルーガ　　　　　　　　　　　  3.3  1.5 12.4  7.2  6.7 37 16.2                           
082042121414103990モハー　　　　　　　　　　　　　　　 57.9 11.4 -2.4 -7.5 -3.1 27  0.0                           
082042121516100805グレートバニヤン　　　　　　　　　　 37.4  7.8-10.9-16.4 -8.9 21  0.0  0                        
082042121611106567テーオーソルジャー　　　　　　　　　147.9 28.2-10.9-11.4 -7.4 23  0.0                           
