022417010122102029サノノスウィフト　　　　　　　　　　 16.6  5.4-12.7-10.7 -7.7 -3  0.0                           
022417010222106666ドゥアムール　　　　　　　　　　　　  2.6  1.2 20.5 22.6 14.4 19 17.3                           
022417010322105363ラピッドグロウス　　　　　　　　　　  4.5  1.8 14.9 -0.1  4.4  9 18.7                           
022417010422101343サスペンスクィーン　　　　　　　　　  7.7  2.9 -1.5  3.3  0.8  6  0.0                           
022417010522105429チギリ　　　　　　　　　　　　　　　  1.8  1.2 23.9 21.9 15.2 20 15.8                           
022417020121103544ココモローズ　　　　　　　　　　　　 10.8  2.6  3.3 -2.0  0.3  5  0.0                           
022417020221106208リベリアンガール　　　　　　　　　　 15.9  3.6 -1.3  8.6  2.8  8  0.0                           
022417020321101261マリノルージュ　　　　　　　　　　　  4.6  1.6 17.8 26.5 15.1 20 17.3                           
022417020421104386キガタレイ　　　　　　　　　　　　　 13.2  3.1  9.8  0.5  3.1  8  0.0                           
022417020521105957グレナマディー　　　　　　　　　　　 27.9  5.7-12.4-17.7-10.2 -5 30.2                           
022417020621103938ルクスミッシェル　　　　　　　　　　 20.6  4.4-10.3-20.0-10.4 -5  0.0                           
022417020721100455ミツカネエリーズ　　　　　　　　　　 21.0  4.5-12.7-13.5 -8.8 -4  0.0  0                        
022417020821105907フォートボヤール　　　　　　　　　　  5.4  1.8 12.1  2.5  4.5 10  0.0                           
022417020921102264ロケットホームラン　　　　　　　　　  8.5  2.4  8.7  9.0  5.9 11  0.0                           
022417021021101154ピエナリオン　　　　　　　　　　　　 29.3  5.9-13.3 -9.9 -7.6 -3  0.0                           
022417021121105420ランポレッキオ　　　　　　　　　　　 15.7  3.5  6.8 -5.3  0.1  5  0.0                           
022417021221101558タマモアルタイル　　　　　　　　　　  2.7  1.4 22.1 19.5 13.8 19 15.8                           
022417030121105390アリーバ　　　　　　　　　　　　　　 11.1  2.9  6.4 10.5  5.8 11  0.0                           
022417030221102151モズイージス　　　　　　　　　　　　 12.0  3.1  3.6 14.9  6.5 12  0.0                           
022417030321107101イズジョーノヒカリ　　　　　　　　　 38.1  8.4-10.4 -9.9 -6.8 -2  0.0                           
022417030421110166ヤルヤン　　　　　　　　　　　　　　 19.4  4.7  3.2 -8.9 -2.3  3  0.0                           
022417030521106790レジーナチェリ　　　　　　　　　　　  7.7  2.4 10.3 12.5  7.7 13  0.0                           
022417030621106938ソウルプラウド　　　　　　　　　　　 12.0  3.1 -2.1 12.0  3.8  9  0.0  5                        
022417030721103836ケイアイプロキオン　　　　　　　　　 14.0  3.5 -5.9 -5.3 -3.7  1  0.0                           
022417030821100983ヤシマ　　　　　　　　　　　　　　　 64.2 13.3-12.7 -9.9 -7.4 -2  0.0                           
022417030921110078オメガインペリアル　　　　　　　　　  7.1  2.3 13.2  3.0  5.1 10 18.7                           
022417031021103870タイガノイッテキ　　　　　　　　　　 41.2  9.0-12.7  0.3 -3.7  1  0.0                           
022417031121105822エバーアリエル　　　　　　　　　　　 37.8  8.3-12.7-13.3 -8.7 -4  0.0  0                        
022417031221101790ブイキャット　　　　　　　　　　　　 43.9  9.5-12.7 -9.9 -7.4 -2  0.0                           
022417031321101304サンウリエル　　　　　　　　　　　　  3.3  1.6 23.2  8.0  9.9 15 15.8                           
022417031421103166タイキトレコローネ　　　　　　　　　 24.1  5.5-12.7-10.7 -7.7 -3  0.0                           
022417031521105395オレンジダンサー　　　　　　　　　　  5.5  2.0 17.8  9.0  8.6 14 17.3                           
022417031621105216シーメジャー　　　　　　　　　　　　 23.2  5.4-10.3 -9.9 -6.7 -2  0.0                           
022417040121104392スターゲット　　　　　　　　　　　　  2.5  1.3 21.4 21.3 14.2 19 15.8                           
022417040221101566マルモリミッション　　　　　　　　　 33.4  6.4-10.3 -9.7 -6.6 -2  0.0                           
022417040321103371ハテナビト　　　　　　　　　　　　　  5.4  1.7 13.2 19.9 11.3 16  0.0                           
022417040421102262クリノアイリス　　　　　　　　　　　 33.0  6.4 -7.3-13.9 -7.3 -2  0.0  0                        
022417040521103147ヴァレリア　　　　　　　　　　　　　 12.9  2.9  7.7  6.4  4.7 10 21.6                           
022417040621104688フェイマスグラース　　　　　　　　　 28.0  5.5-12.7-13.9 -8.9 -4  0.0  0                        
022417040721105635プロトアステール　　　　　　　　　　 14.4  3.2  2.1 11.9  5.0 10  0.0                           
022417040821100045プラチナバンド　　　　　　　　　　　 19.7  4.1  2.3 -5.3 -1.3  4  0.0                           
022417040921103713エコロブレード　　　　　　　　　　　  4.8  1.6 15.7 17.1 11.0 16 17.3                           
022417041021100464サテフィカ　　　　　　　　　　　　　 28.7  5.6-10.4  1.8 -2.5  3  0.0                           
022417041121104999テトラード　　　　　　　　　　　　　  6.2  1.9 14.8  9.9  8.1 13  0.0                           
022417041221100395ガルニエ　　　　　　　　　　　　　　 32.1  6.2 -8.1 -2.5 -3.3  2  0.0                           
022417041321103193フェスティヴカレン　　　　　　　　　 31.1  6.0-10.5  3.1 -2.0  3  0.0                           
022417050122103625デスティニーホープ　　　　　　　　　 17.1  3.4  3.2  0.5  1.1  1  0.0                           
022417050222100490モズナナスター　　　　　　　　　　　  4.0  1.4 18.2 14.2 10.7 11  0.0                           
022417050322105947カンタベリーバイク　　　　　　　　　 31.4  5.5-12.4 -7.5 -6.5 -6  0.0                           
022417050422101125アルピナセブン　　　　　　　　　　　 22.0  4.1-12.7 -9.9 -7.4 -7  0.0                           
022417050522104769エンドレスサマー　　　　　　　　　　  3.1  1.3 23.7 12.7 11.8 12 17.3                           
022417050622105474シャドウキャッスル　　　　　　　　　  2.7  1.2 27.2 27.3 18.2 18 15.8  1  214   80              
022417050722103443ポップグルーヴ　　　　　　　　　　　 18.8  3.6-12.0 -5.3 -5.5 -6  0.0                           
022417050822100829デコピン　　　　　　　　　　　　　　  6.6  1.8 11.9  8.6  6.7  7 20.2                           
022417050922106509ピースシャイニー　　　　　　　　　　 12.6  2.6  1.5 -1.9 -0.2  0  0.0                           
022417060122101543ルークススペイ　　　　　　　　　　　  4.6  1.8 18.8  4.9  7.4  7 15.8                           
022417060222107010ローレルランウェイ　　　　　　　　　  6.2  2.2 19.7 10.4  9.7 10 20.2                           
022417060322106936ウインラテアート　　　　　　　　　　  6.3  2.2  5.0 18.0  8.1  8  0.0                           
022417060422105909アースミューズ　　　　　　　　　　　 22.4  5.5-12.7 -4.8 -5.6 -6  0.0                           
022417060522100929スパーク　　　　　　　　　　　　　　 19.6  4.9-10.3  0.5 -2.9 -3  0.0                           
022417060622100065トゥインクルアップ　　　　　　　　　  7.0  2.4  8.0 -1.9  1.7  2  0.0                           
022417060722106939ローレルゼロ　　　　　　　　　　　　 17.0  4.4-10.3  0.1 -3.1 -3  0.0                           
022417060822101234オオタチ　　　　　　　　　　　　　　 22.7  5.5-12.0 25.5  5.8  6  0.0                           
022417060922104609フラッシュポイント　　　　　　　　　  4.7  1.8 12.9  0.5  4.1  4  0.0                           
022417061022100347サフランキララ　　　　　　　　　　　 11.6  3.2 11.5 -9.9 -0.2  0  0.0                           
022417061122106298ディヴァンカドー　　　　　　　　　　  5.3  1.9 14.9 22.2 12.6 13 18.7  3                        
022417070119105807ルークスヘリオス　　　　　　　　　　 14.0  3.2  0.8 12.0  4.6 25  0.0                           
022417070221100838モンブランミノル　　　　　　　　　　  4.5  1.6 13.7 10.4  7.9 28 17.3                           
022417070321105491テリオスルル　　　　　　　　　　　　 19.4  4.2  3.5-17.7 -5.4 15  0.0                           
022417070421101454ステラクラウン　　　　　　　　　　　  2.7  1.4 21.4 19.9 13.7 34 15.8                           
022417070521106694ソウルアンドジャズ　　　　　　　　　 20.1  4.3 -0.1 -5.3 -2.0 18  0.0                           
022417070621104411マイノワール　　　　　　　　　　　　  7.2  2.1  6.3  9.0  5.2 25  0.0                           
022417070720105721ポーレット　　　　　　　　　　　　　 23.4  4.8 -7.6 -9.9 -5.9 14  0.0                           
022417070821102256ノーブルスカイ　　　　　　　　　　　  6.1  1.9 13.8 10.5  8.0 28 18.7                           
022417070919100702コスモエクスプレス　　　　　　　　　 12.3  2.9 -0.8  0.5 -0.1 20  0.0                           
022417071021100148ロードオールライト　　　　　　　　　  7.0  2.1  8.7 15.8  8.4 28  0.0  5                        
022417071117105874ヒナノコバン　　　　　　　　　　　　 33.0  6.6-12.7-10.7 -7.7 12  0.0                           
022417080119104882エミサソウツバサ　　　　　　　　　　 13.5  3.2  5.0  9.9  5.1 25 24.5                           
022417080219104712フロンタルジェダイ　　　　　　　　　  7.4  2.2  3.6 -6.3 -1.2 19  0.0                           
022417080319110073ポイズンアロウ　　　　　　　　　　　 17.3  3.9 -7.6-14.6 -7.6 12  0.0                           
022417080416103252ジェミニキング　　　　　　　　　　　 16.9  3.9 -2.3 -9.9 -4.3 16  0.0                           
022417080520103118ブレイヴアロウ　　　　　　　　　　　  7.1  2.2  1.8  8.6  3.7 24  0.0                           
022417080620101572スペシャリスト　　　　　　　　　　　 12.9  3.1 -1.4 12.4  4.1 24  0.0                           
022417080721100361アルデドゥオーモ　　　　　　　　　　 14.0  3.3  0.8 -5.3 -1.7 18  0.0                           
022417080821105811アーマルコライト　　　　　　　　　　  3.1  1.4 18.9 19.9 13.0 33 15.8                           
022417080917105117クロスザルビコン　　　　　　　　　　  5.2  1.8 16.9  6.8  7.6 28 18.7                           
022417081021104961サトノレイズ　　　　　　　　　　　　  4.3  1.6 17.4 15.7 11.0 31  0.0                           
022417090119101643バシレウスシチー　　　　　　　　　　  6.8  2.0 12.0  3.9  5.0 25 21.6                           
022417090221110041ミッドナイトラスタ　　　　　　　　　  4.5  1.6 14.8 25.6 13.8 34  0.0                           
022417090320103844フリントロック　　　　　　　　　　　 23.2  4.5-10.3 -1.3 -3.6 16  0.0                           
022417090420100906フライングブレード　　　　　　　　　  6.7  1.9 15.0  8.0  7.4 27 20.2                           
022417090519103517ディージェーサン　　　　　　　　　　 25.4  4.9 -5.3 -5.3 -3.5 16  0.0                           
022417090619101765ビッグパレード　　　　　　　　　　　 16.4  3.5  0.7  5.3  2.2 22  0.0                           
022417090721104928トラペジスト　　　　　　　　　　　　  6.5  1.9 11.1  5.0  5.2 25  0.0                           
022417090821100243セイウンティーダ　　　　　　　　　　 18.2  3.8 -2.8 -4.8 -2.6 17  0.0                           
022417090921103092ナムラローズマリー　　　　　　　　　  2.4  1.3 22.6 19.9 14.1 34 15.8                           
022417091020102646クラックオブドーン　　　　　　　　　 29.0  5.5 -5.8 -9.9 -5.4 15  0.0                           
022417091120102321テーオーヴァイナー　　　　　　　　　 22.7  4.5-10.4-18.8-10.0 10  0.0                           
022417100119105041ホウオウプレミア　　　　　　　　　　  7.7  2.5 11.9  6.4  5.9 36  0.0                           
022417100220106811タイキラフター　　　　　　　　　　　  6.4  2.2 12.7 15.7  9.6 40 18.7  5                        
022417100321105442エラトー　　　　　　　　　　　　　　  3.5  1.6 18.2 19.9 12.8 43 15.8                           
022417100420103642スカーズ　　　　　　　　　　　　　　 13.3  3.5 -1.4 -1.9 -1.1 29  0.0                           
022417100518105462アナレンマ　　　　　　　　　　　　　 18.9  4.7-12.7-15.0 -9.3 21  0.0  0                        
022417100620104708ウィステリアリヴァ　　　　　　　　　  7.4  2.4  8.2  5.0  4.3 34 20.2  2                        
022417100717103299メタルスパーク　　　　　　　　　　　 29.8  7.0-12.4-10.7 -7.6 22  0.0                           
022417100820106413レッドバレンティア　　　　　　　　　 16.9  4.3-12.4-10.7 -7.6 22  0.0                           
022417100918104714テイデ　　　　　　　　　　　　　　　  7.5  2.5 13.0 -2.5  3.0 33  0.0                           
022417101019105159スカイフォール　　　　　　　　　　　 18.2  4.6 -5.7  6.0  0.5 30  0.0                           
022417101121104318スプリングノヴァ　　　　　　　　　　 10.7  3.0  6.7  4.5  3.7 34  0.0                           
022417101220103682フラミニア　　　　　　　　　　　　　  6.3  2.2 11.2 16.0  9.2 39  0.0                           
022417110119106682ロックユアハート　　　　　　　　　　 37.8  9.1-12.7-10.8 -7.8 27  0.0                           
022417110218103296サニーオーシャン　　　　　　　　　　 57.5 13.1-12.7-18.5-10.6 24  0.0                           
022417110320102630アルーリングビュー　　　　　　　　　 14.0  3.8  7.4 21.2 10.0 45  0.0                           
022417110418104559ナリタローゼ　　　　　　　　　　　　 19.1  5.0 -1.4-20.0 -7.8 27 27.4  0                        
022417110519105760シュヴェルトライテ　　　　　　　　　 28.1  6.9-12.7-10.7 -7.7 27  0.0                           
022417110620106406クリダーム　　　　　　　　　　　　　  9.0  2.9  2.8  6.4  3.2 38  0.0                           
022417110720100443エイシンエイト　　　　　　　　　　　  5.0  2.0 11.2 10.6  7.2 42 15.8                           
022417110820110114スリーアイランド　　　　　　　　　　 22.9  5.8 -8.6  6.8 -0.1 35  0.0                           
022417110919105452ミッキーハーモニー　　　　　　　　　 11.8  3.3  8.0 27.0 12.3 47  0.0                           
022417111020105365ドーバーホーク　　　　　　　　　　　  5.1  2.0 16.1 21.0 12.5 48 17.3  1  175   50              
022417111119104697ショウナンマッハ　　　　　　　　　　 25.8  6.4-12.7 -9.9 -7.4 28  0.0                           
022417111219103594レッドアヴァンティ　　　　　　　　　  5.7  2.1 15.1  9.2  7.9 43  0.0                           
022417111320106706タリア　　　　　　　　　　　　　　　 31.3  7.6-12.7-10.7 -7.7 27  0.0                           
022417111419100751マイネルレノン　　　　　　　　　　　 12.8  3.6 -3.6 -6.8 -3.6 31  0.0  0                        
022417111520100105エイシンフェンサー　　　　　　　　　  7.3  2.5 12.1  8.5  6.7 42  0.0                           
022417111618100693ブルーシンフォニー　　　　　　　　　 21.8  5.5-11.7 -8.2 -6.5 28  0.0                           
022417120121104777クォーツァイト　　　　　　　　　　　  4.9  1.7 16.7  2.7  6.0 26  0.0                           
022417120219105287フォンメイリー　　　　　　　　　　　 25.9  5.6-12.7-10.7 -7.7 12  0.0                           
022417120321102219コパノエビータ　　　　　　　　　　　 12.9  3.1  3.6 15.5  6.8 27  0.0                           
022417120421103593タマモプルメリア　　　　　　　　　　  8.9  2.6 12.2  5.8  5.8 26  0.0                           
022417120521105321エーデル　　　　　　　　　　　　　　  4.1  1.6 17.2 15.5 10.8 31 17.3                           
022417120621103912モデルハント　　　　　　　　　　　　 19.8  4.5 -7.6 12.0  2.1 22  0.0                           
022417120721105972ポマール　　　　　　　　　　　　　　 21.0  4.7-12.7 -9.9 -7.4 13  0.0                           
022417120821104413ウェイトゥゴー　　　　　　　　　　　  3.3  1.5 17.8 18.4 12.1 32 15.8                           
022417120919102438チャプリ　　　　　　　　　　　　　　 19.3  4.4  0.9 -1.6 -0.3 20  0.0                           
022417121020105578トウロウノオノ　　　　　　　　　　　 23.6  5.1 -5.8  0.5 -1.6 18 30.2                           
022417121121100294ネバーモア　　　　　　　　　　　　　  8.3  2.4 11.4 -4.0  2.0 22  0.0                           
022417121221100886ビップレーヌ　　　　　　　　　　　　 14.1  3.4 -8.4  6.4 -0.2 20  0.0                           
032421010118105908カサデガ　　　　　　　　　　　　　　 61.6 10.8-13.0 -6.0 -6.1 14  0.0                           
032421010219105392フロールシュタット　　　　　　　　　 23.4  4.6 -6.1  5.0  0.0 20  0.0                           
032421010320102800オメガリッチマン　　　　　　　　　　 26.5  5.1 -4.2 -2.7 -2.3 18  0.0                           
032421010418105500ヴィジュネル　　　　　　　　　　　　  2.2  1.3 23.7 18.9 14.0 34 15.9                           
032421010518104698ハートオブアシティ　　　　　　　　　  5.7  1.8 11.8 12.7  8.2 28  0.0                           
032421010619100498ニシノフウジン　　　　　　　　　　　 42.1  7.8-12.1 -2.0 -4.4 16  0.0                           
032421010719105981ゴールドルパン　　　　　　　　　　　 17.5  3.7  3.2  6.4  3.3 23  0.0                           
032421010818103063フィルムスコア　　　　　　　　　　　 51.5  9.4 -9.4 -5.6 -4.9 15  0.0                           
032421010919104571サインオブサクセス　　　　　　　　　 17.0  3.6 -2.3  6.3  1.6 22  0.0                           
032421011019102826テイエムナイスラン　　　　　　　　　 24.3  4.8 -8.3  0.7 -2.2 18 27.5                           
032421011118102216ロンギングバース　　　　　　　　　　 11.3  2.6  4.8  0.0  1.4 21  0.0                           
032421011218104463テイエムタツマキ　　　　　　　　　　 25.5  5.0 -9.4 -7.6 -5.6 14  0.0                           
032421011317105272リレーションシップ　　　　　　　　　  7.5  2.1 13.8  9.8  7.7 28 20.3                           
032421011419105296パーカッション　　　　　　　　　　　  6.4  1.9 10.9 12.6  7.9 28  0.0                           
032421020121100577サンダーボール　　　　　　　　　　　 70.3 13.1-13.0 -7.3 -6.6 -2  0.0                           
032421020221102894ルルフィーユ　　　　　　　　　　　　  6.2  1.9 12.9  9.0  7.2 12  0.0                           
032421020321104634ペッシ　　　　　　　　　　　　　　　 20.8  4.5  9.7 -2.7  1.9  7  0.0                           
032421020421102825チーチャン　　　　　　　　　　　　　 11.1  2.7  8.5  9.7  6.1 11 23.2                           
032421020521102873キタノローマン　　　　　　　　　　　 44.7  8.8-11.7-10.6 -7.4 -2  0.0                           
032421020621105550セルース　　　　　　　　　　　　　　  5.4  1.8 10.6 10.1  6.9 12  0.0                           
032421020721102011ワールドジェニー　　　　　　　　　　 48.3  9.5-10.0 -3.1 -4.1  1  0.0  0                        
032421020821107103タマモルル　　　　　　　　　　　　　 95.8 17.6-11.7-12.2 -8.0 -3  0.0                           
032421020921107294アースヒロイン　　　　　　　　　　　 40.5  8.0-12.1 -3.0 -4.7  0  0.0                           
032421021021105294ウェルキン　　　　　　　　　　　　　 69.3 12.9-12.1-10.7 -7.6 -3  0.0                           
032421021121101833ジェイエルジェティ　　　　　　　　　  4.0  1.5 13.8 18.9 11.1 16 17.4                           
032421021221104681デュアルアップ　　　　　　　　　　　  6.5  2.0 16.1 13.5  9.8 15  0.0                           
032421021321106132アーキル　　　　　　　　　　　　　　 92.2 17.0-11.7-10.4 -7.3 -2  0.0                           
032421021421104570ユズノキ　　　　　　　　　　　　　　 32.3  6.5-10.1 -6.6 -5.4  0  0.0  0                        
032421021521104850セージグリーン　　　　　　　　　　　  3.1  1.4 15.5 14.3  9.9 15 15.9                           
032421030121105903デンティベス　　　　　　　　　　　　  3.7  1.6 14.3 13.2  9.1 14 15.9                           
032421030221106959ダイゴリュウジン　　　　　　　　　　  7.7  2.5 12.4 11.0  7.8 13  0.0                           
032421030321105087オンザジュピター　　　　　　　　　　 34.4  7.9 -7.2 -9.6 -5.7 -1  0.0                           
032421030421101728アドゥールグロー　　　　　　　　　　 25.6  6.0 -4.8 -7.2 -4.1  1  0.0                           
032421030521104358ノアファラオ　　　　　　　　　　　　 38.5  8.7-11.7 -3.8 -4.9  0  0.0                           
032421030621102229ダンシングボビー　　　　　　　　　　 21.5  5.2 -5.3  9.0  1.7  7  0.0                           
032421030721102276マクミランテソーロ　　　　　　　　　  7.9  2.5 15.0 14.4  9.8 15 23.2                           
032421030821100180タキザクラ　　　　　　　　　　　　　  5.8  2.0 12.0 10.5  7.4 12 18.8                           
032421030921107337クリノユウセイ　　　　　　　　　　　 93.4 19.7-12.1-10.0 -7.3 -2  0.0                           
032421031021106435カマクラバクフ　　　　　　　　　　　  7.2  2.4  3.3 15.8  6.8 12  0.0  5                        
032421031121101486ムーランボルドー　　　　　　　　　　 38.3  8.7-11.7 -8.3 -6.6 -2  0.0                           
032421031221103502アイウィル　　　　　　　　　　　　　 27.1  6.3-10.1-11.9 -7.4 -2  0.0                           
032421031321102200レッドライトニング　　　　　　　　　 10.7  2.9  8.9  0.2  2.7  8  0.0  0                        
032421031421103500レボルシオン　　　　　　　　　　　　  5.4  2.0 10.3 12.0  7.5 12  0.0                           
032421031521104588ロジサビアーレ　　　　　　　　　　　 33.5  7.7-10.0-10.7 -6.9 -2  0.0                           
032421040117100660ポピュラーソング　　　　　　　　　　 24.0  5.1 -6.2 15.1  3.7  4  0.0                           
032421040218104331ヴァトレニ　　　　　　　　　　　　　  3.4  1.4 21.4 11.9 10.8 11 15.9                           
032421040317101915マイネルコロンブス　　　　　　　　　  3.6  1.4 17.4 18.8 12.1 12 17.4                           
032421040419105045シャーマンズケイブ　　　　　　　　　 12.8  3.1  6.8 19.7  9.3  9  0.0                           
032421040520103612モンテイゾラ　　　　　　　　　　　　 23.6  5.0 -2.3-13.5 -5.6 -6  0.0                           
032421040620104244フィッシュポンド　　　　　　　　　　 47.9  9.4-11.7-11.9 -7.9 -8  0.0                           
032421040719104549テンメジャーガール　　　　　　　　　  4.2  1.5 18.1 14.7 10.8 11 18.8                           
032421040820103003ピンポイントドロー　　　　　　　　　 31.9  6.5 -6.5-11.3 -6.1 -6  0.0                           
032421040917101355クリノサンシャイン　　　　　　　　　 45.8  9.1-10.5 -3.8 -4.5 -5  0.0                           
032421041018104070セルジュ　　　　　　　　　　　　　　 15.9  3.6  1.4  9.7  4.0  4  0.0                           
032421041118102989エバーサニーハート　　　　　　　　　 59.3 11.2 -9.3-10.6 -6.7 -7  0.0                           
032421041218104149ディベルティール　　　　　　　　　　 15.0  3.4  7.8  6.1  4.6  5  0.0                           
032421041318105328アルマドラード　　　　　　　　　　　  6.3  2.0  8.8  9.4  6.1  6  0.0                           
032421050122105689ヴァリアントマーチ　　　　　　　　　  4.5  1.5 13.6 13.0  8.8  9 20.3                           
032421050222103082リケアディンブラ　　　　　　　　　　 25.7  5.1-10.1 -8.6 -6.2 -6  0.0                           
032421050322105564ファリーザ　　　　　　　　　　　　　  2.9  1.3 20.6 17.5 12.6 13 15.9                           
032421050422103497エコロジェイド　　　　　　　　　　　 12.6  2.9  8.1  1.1  2.8  3  0.0                           
032421050522100757イノキ　　　　　　　　　　　　　　　  3.6  1.4 15.7 21.1 12.4 12 17.4  3                        
032421050622101542ナックオリオン　　　　　　　　　　　 29.3  5.7-10.0-12.8 -7.7 -8  0.0                           
032421050722103144タイキブライトン　　　　　　　　　　  8.2  2.3  2.5  2.6  1.7  2  0.0                           
032421050822103324シュラフ　　　　　　　　　　　　　　 38.1  7.2-12.1-18.5-10.4-10  0.0  0                        
032421050922100639ロードヴェルト　　　　　　　　　　　  4.4  1.5 19.1 12.9 10.5 10  0.0                           
032421060122106427ニシノケンタマン　　　　　　　　　　  4.2  1.4 13.7 20.0 11.4 11 18.8                           
032421060222102079セラヴィーナス　　　　　　　　　　　 10.7  2.3 11.0  1.0  3.7  4  0.0                           
032421060322105636リトルサムシング　　　　　　　　　　  3.3  1.3 20.9 18.0 12.9 13  0.0  2                        
032421060422102145キョウエイウインド　　　　　　　　　 25.0  4.4-12.1 -4.5 -5.3 -5  0.0                           
032421060522104146デルタウェーブ　　　　　　　　　　　  2.4  1.2 20.5 15.7 11.9 12 15.9                           
032421060622102362ナックトライアンフ　　　　　　　　　 26.1  4.5-10.1 15.4  2.6  3  0.0                           
032421060722106405ブルーオブウインド　　　　　　　　　 13.0  2.6 -0.9  3.8  1.1  1  0.0                           
032421060822106337ダブルメッセージ　　　　　　　　　　 11.6  2.4  2.7 12.1  5.2  5 21.7                           
032421060922106190ラインパシオン　　　　　　　　　　　 19.7  3.6  2.3  6.3  3.0  3  0.0                           
032421070121102996テンライ　　　　　　　　　　　　　　 33.4  6.4  3.7  2.2  1.9  7  0.0                           
032421070221104975マーシャリアーナ　　　　　　　　　　 36.1  6.9-10.2-14.0 -8.2 -3  0.0                           
032421070321104901パロサント　　　　　　　　　　　　　  5.4  1.7 14.4 14.5  9.6 15 18.8                           
032421070421101985デルマプラクリティ　　　　　　　　　 75.8 13.4-12.1 -6.4 -6.0 -1  0.0                           
032421070521106765ラディアントホース　　　　　　　　　 59.2 10.6-12.6 -9.6 -7.3 -2  0.0                           
032421070621105959サトノルチル　　　　　　　　　　　　  2.4  1.3 22.4 25.8 16.2 21 15.9                           
032421070721106791コスモブリランテ　　　　　　　　　　 13.9  3.1  3.7  8.0  4.0  9  0.0                           
032421070821100194ニシノプレゼント　　　　　　　　　　 38.4  7.3 -9.6 -2.0 -3.6  1  0.0                           
032421070921106165ゼンダンサクラ　　　　　　　　　　　 19.9  4.2-10.0  7.5 -0.3  5  0.0                           
032421071021102579ワープエンジン　　　　　　　　　　　 51.7  9.6-11.7-10.0 -7.2 -2  0.0                           
032421071121105946ゼフィールエレ　　　　　　　　　　　  9.5  2.5  3.8 -3.7 -0.2  5  0.0                           
032421071221101383アッシュバーグ　　　　　　　　　　　 26.1  5.2  0.1  0.7  0.3  5  0.0                           
032421071321103981グレートスピリット　　　　　　　　　  5.3  1.7 18.8 19.6 12.8 18 17.4                           
032421071421102704グレースアイリス　　　　　　　　　　 13.5  3.0  3.9-10.0 -2.5  3  0.0                           
032421071521100024ブリックス　　　　　　　　　　　　　 39.8  7.5 -9.3-12.8 -7.5 -2  0.0                           
032421071621105114バビロン　　　　　　　　　　　　　　 22.6  4.6 -2.2 -5.0 -2.5  3  0.0                           
032421080121106583ユイノコキュウ　　　　　　　　　　　 47.8 10.0-12.1-10.0 -7.3 13  0.0                           
032421080220100838ポンサン　　　　　　　　　　　　　　 14.3  3.5  4.0 -1.1  0.8 21  0.0                           
032421080321100761アスプリージャ　　　　　　　　　　　  5.3  1.8 14.7 22.2 12.6 33 18.8                           
032421080421100674イモータルバード　　　　　　　　　　  3.4  1.5 13.7 12.4  8.7 29 15.9                           
032421080520110020コレクテイニア　　　　　　　　　　　 33.2  7.1 -8.3 -8.3 -5.5 14  0.0                           
032421080621106070ブリスフル　　　　　　　　　　　　　 20.1  4.7 -5.0 13.3  3.4 23  0.0                           
032421080721107266スプレーフォール　　　　　　　　　　  4.4  1.7 16.9 20.0 12.4 32 17.4                           
032421080821105432ダイオジェナイト　　　　　　　　　　  9.3  2.7  0.1  6.0  2.2 22  0.0                           
032421080920102211ヤマタケアオイバラ　　　　　　　　　151.3 29.4-12.1-12.8 -8.3 12  0.0                           
032421081021106896ミツカネジェミニ　　　　　　　　　　 11.6  3.0  7.5 -1.7  1.6 22  0.0  5                        
032421081120106146セイウンミライズ　　　　　　　　　　 78.6 15.6 -8.3-13.1 -7.3 13  0.0                           
032421081220104479トゥルース　　　　　　　　　　　　　 33.5  7.2-12.1-11.6 -7.9 12  0.0                           
032421081321103809マッスルバック　　　　　　　　　　　  7.1  2.2 17.8 16.5 11.4 31  0.0  5                        
032421081421100155ロードレヴェランス　　　　　　　　　 14.1  3.5 -2.4  7.0  1.8 22  0.0                           
032421081521100759セッカチドラゴン　　　　　　　　　　 45.1  9.4 -9.5-13.5 -7.8 12  0.0                           
032421090121100284ヤマニンアラクリア　　　　　　　　　 14.8  3.0  9.1  0.2  2.8 23  0.0                           
032421090221100588ホワイトビーチ　　　　　　　　　　　  2.7  1.2 18.1 15.0 10.9 31 15.9                           
032421090320100978ハギノカノア　　　　　　　　　　　　  7.5  2.0  6.4  4.7  3.6 24  0.0                           
032421090421100779ニシノザイホウ　　　　　　　　　　　  8.4  2.1 16.8  6.6  7.5 27 10.9                           
032421090519101646サハラ　　　　　　　　　　　　　　　 37.0  6.4-12.6-10.5 -7.6 12  0.0                           
032421090619105466オウケンムーンアイ　　　　　　　　　 33.5  5.9-11.7-12.4 -8.1 12  0.0  0                        
032421090721105475レイデラルース　　　　　　　　　　　  3.1  1.2 15.9 19.5 11.9 32 17.3                           
032421090821103033ハイラント　　　　　　　　　　　　　  3.2  1.2 17.0 11.5  9.3 29  9.4                           
032421100120105642レミージュ　　　　　　　　　　　　　 23.8  5.7  1.9-13.3 -4.3 26  0.0                           
032421100220105496ニシノコウフク　　　　　　　　　　　  5.4  2.0 13.9  2.0  4.9 35  9.4                           
032421100319104687ソバナ　　　　　　　　　　　　　　　  5.3  2.0 12.4 12.7  8.4 38  8.6                           
032421100420102631ラッジオ　　　　　　　　　　　　　　  8.1  2.6  5.8  6.2  4.0 34 10.1                           
032421100519104613イルチルコ　　　　　　　　　　　　　  9.4  2.9  7.4 10.4  6.0 36 12.3                           
032421100619105108エバーシャドネー　　　　　　　　　　  4.0  1.7 15.3  5.3  6.5 37 15.9                           
032421100720105615マスキュリン　　　　　　　　　　　　  8.4  2.7 11.4  7.4  6.1 36  0.0                           
032421100817104215プリティユニバンス　　　　　　　　　 42.2  9.7 -9.5 -7.9 -5.7 24  0.0                           
032421100919105073ワイルドベティ　　　　　　　　　　　 32.9  7.7-12.9-10.1 -7.6 22  0.0                           
032421101020105760エリダヌス　　　　　　　　　　　　　 28.9  6.8 -4.7  6.0  0.8 31  0.0                           
032421101119105477ロムネヤ　　　　　　　　　　　　　　 17.8  4.5 -0.4 10.8  3.8 34  0.0                           
032421101219105101バーリンギャップ　　　　　　　　　　 26.1  6.2-12.1-12.8 -8.3 22  0.0  0                        
032421101320103565フィールザオーラ　　　　　　　　　　 17.1  4.4 -6.5 -7.7 -4.8 25  0.0                           
032421101421105702プシプシーナ　　　　　　　　　　　　  8.6  2.7 -2.3  0.9 -0.4 30  0.0                           
032421110120102299アシャカタカ　　　　　　　　　　　　  7.3  2.2  6.7  9.9  5.6 41  0.0                           
032421110219109094ブッシュガーデン　　　　　　　　　　 18.1  4.1 -0.6  7.7  2.6 38 12.3                           
032421110318102281キタノエクスプレス　　　　　　　　　  3.2  1.4 20.9 16.3 12.2 47  7.9                           
032421110419105555ヴェールアンレーヴ　　　　　　　　　 23.4  5.0 -9.0 -2.0 -3.4 32  0.0                           
032421110520102238スタードラマー　　　　　　　　　　　 38.5  7.8 -9.7-10.1 -6.6 28  0.0                           
032421110619107075ブランデーロック　　　　　　　　　　 33.5  6.9-10.7 -2.0 -3.9 31  0.0                           
032421110720101792プロスペリダード　　　　　　　　　　  4.0  1.5 16.6 14.0 10.1 45 17.3                           
032421110819101626ピンクマクフィー　　　　　　　　　　 15.6  3.6  9.1  4.4  4.3 39  0.0                           
032421110919100214ウインモナーク　　　　　　　　　　　  4.4  1.6 14.9 26.2 14.1 49 18.8                           
032421111017102838ハーモニーマゼラン　　　　　　　　　 30.1  6.3 -6.3  7.5  0.9 36  0.0                           
032421111118106552メイショウフンケイ　　　　　　　　　 27.9  5.8-12.9 -5.3 -5.8 29  0.0                           
032421111220101262エコロレジーナ　　　　　　　　　　　 34.3  7.1 -9.2  0.4 -2.6 32  0.0                           
032421111318100025シゲルカチョウ　　　　　　　　　　　 35.3  7.2 -7.4 -7.9 -5.1 30  0.0                           
032421111419102786ウォータールグラン　　　　　　　　　 12.1  3.0  8.2  1.9  3.2 38  0.0                           
032421120121104547セリエル　　　　　　　　　　　　　　  3.2  1.5 19.9 25.7 15.4 35 15.9                           
032421120221100328グリントリッター　　　　　　　　　　  7.4  2.3 16.6  9.0  8.3 28  0.0                           
032421120320104105グローブフェイム　　　　　　　　　　 22.4  5.0 -6.8  8.6  1.1 21  0.0                           
032421120419102604ヴォルスパシアル　　　　　　　　　　141.6 27.3-11.7 -1.7 -4.1 16  0.0                           
032421120520106983ネバレチュゴー　　　　　　　　　　　 11.5  2.9  7.9  8.0  5.3 25  0.0                           
032421120620100143ディーズメイト　　　　　　　　　　　 50.6 10.4-10.1-10.7 -7.0 13  0.0                           
032421120721102458ホーリーブライト　　　　　　　　　　 19.8  4.6  2.8-10.0 -2.8 17  0.0                           
032421120818104946ドリームオン　　　　　　　　　　　　 92.8 18.1-11.7 -6.4 -5.9 14  0.0                           
032421120919104059スマートオリーブ　　　　　　　　　　  4.8  1.8  9.9  3.0  4.1 24  8.6                           
032421121019105674ダニエラハニー　　　　　　　　　　　 22.3  5.0 -6.9 -2.0 -2.8 17  0.0                           
032421121120105983サルモン　　　　　　　　　　　　　　 32.3  6.9 -9.3 -2.0 -3.5 16  0.0                           
032421121219104560ヘレンキムゼー　　　　　　　　　　　  6.7  2.1  8.5 11.0  6.6 27  9.4                           
032421121319107007パワポケビー　　　　　　　　　　　　 12.6  3.1  7.9  6.0  4.6 25 12.2                           
032421121419105753ホウオウベリテ　　　　　　　　　　　 91.6 17.9-11.7-16.0 -9.4 11  0.0  0                        
032421121519102469ダイチラファール　　　　　　　　　　  6.9  2.2 10.9 11.5  7.5 27 10.1                           
032421121618101240フィーリウスワン　　　　　　　　　　 71.0 14.0-12.1 -9.9 -7.3 13  0.0                           
102431010122105348ポンペルモ　　　　　　　　　　　　　 14.2  2.7 -6.2-13.0 -6.2 -1  0.0                           
102431010222107056テーオーシュターデ　　　　　　　　　 10.9  2.2 11.6  4.2  5.5 11  0.0                           
102431010322105304エルモッソペンドロ　　　　　　　　　  5.0  1.5 13.3  7.2  7.0 12 19.1                           
102431010422105431ネーブルオレンジ　　　　　　　　　　  4.5  1.4 11.7 12.6  8.1 13 17.7                           
102431010522104656ネティフラウ　　　　　　　　　　　　  6.7  1.7 12.4 12.6  8.3 13 14.4                           
102431010622103066レイピア　　　　　　　　　　　　　　  1.9  1.2 21.6 20.3 14.0 19 16.2                           
102431010722107132タガノサダフ　　　　　　　　　　　　 19.9  3.5-11.2-11.6 -7.6 -3  0.0                           
102431010822100541エハバンディーア　　　　　　　　　　 22.4  3.8-11.2 -7.0 -6.2 -1  0.0                           
102431020121100142ミリオンタイムズ　　　　　　　　　　 15.9  3.5  6.2  9.4  5.1 10  0.0                           
102431020221101755マナ　　　　　　　　　　　　　　　　 34.3  6.6 -8.3-11.8 -6.6 -2  0.0  0                        
102431020321102533エイユーウォーリア　　　　　　　　　 30.5  5.9-11.2-13.6 -8.2 -3  0.0  0                        
102431020421106501ジーティーサンサン　　　　　　　　　 39.9  7.6-11.2-10.9 -7.4 -2  0.0                           
102431020521106200ウインオーブ　　　　　　　　　　　　  8.4  2.3 12.4 12.3  8.2 13  0.0                           
102431020621106295オースサイン　　　　　　　　　　　　 23.7  4.8  1.3  7.9  2.8  8  0.0                           
102431020721102917カプシーヌ　　　　　　　　　　　　　 26.1  5.2-11.2-13.6 -8.2 -3  0.0  0                        
102431020821104834マサレエトワール　　　　　　　　　　  2.8  1.3 16.6 11.2  9.4 14 16.2                           
102431020921107366ジャスパーサン　　　　　　　　　　　 41.9  7.9-11.2-12.1 -7.7 -3  0.0                           
102431021021101490ミッキースバル　　　　　　　　　　　 13.3  3.0 -0.7 -1.0 -0.6  4 22.1                           
102431021121101237シャカシャカシー　　　　　　　　　　  3.9  1.5 14.7 14.7  9.8 15 17.7                           
102431021221107078ツーエムピシュー　　　　　　　　　　 30.9  6.0 -8.3 -1.6 -3.5  1  0.0                           
102431021321103864タイヘイノヨ　　　　　　　　　　　　 17.1  3.7  1.2 10.9  3.7  9  0.0                           
102431021421103595ビーコング　　　　　　　　　　　　　  5.2  1.7 14.1 14.2  9.4 14 13.4                           
102431030121105223ルージュレイナス　　　　　　　　　　  7.5  2.3 15.1 12.2  9.2 14  0.0                           
102431030221104671ミライハーモニー　　　　　　　　　　  5.4  1.9 10.0 10.5  6.8 12 12.4                           
102431030321100297ブルボンクイーン　　　　　　　　　　  5.9  2.0 16.2 17.1 11.1 16  0.0                           
102431030421109059クリノラリマール　　　　　　　　　　 41.9  8.8 -8.3  0.8 -2.8  2  0.0                           
102431030521101766ソルトロック　　　　　　　　　　　　 12.5  3.1 11.5 11.4  7.6 13 23.5                           
102431030621100712レインボーカロル　　　　　　　　　　 71.6 14.2-11.2-12.2 -7.8 -3  0.0                           
102431030721103982ダイメイイチョウ　　　　　　　　　　 40.1  8.5-11.2-12.4 -7.8 -3  0.0                           
102431030821102979ラリッサ　　　　　　　　　　　　　　 31.9  6.9-10.1-10.2 -6.8 -2  0.0                           
102431030921103279メイショウツバメ　　　　　　　　　　 40.9  8.6-11.2-13.2 -8.1 -3  0.0                           
102431031021100233テーオーサファイア　　　　　　　　　 18.6  4.3-11.2  3.6 -3.0  2  0.0                           
102431031121106019キルケロッソ　　　　　　　　　　　　  7.9  2.4 11.8 12.7  8.1 13 22.1                           
102431031221101604マクッテソフィア　　　　　　　　　　 39.4  8.3 -7.2  6.9 -0.6  4  0.0                           
102431031321105563シャドフ　　　　　　　　　　　　　　  3.0  1.5 14.7 17.3 10.6 16 16.2                           
102431031421102082ルクスリーベン　　　　　　　　　　　 55.6 11.2-11.2 -8.2 -6.6 -2  0.0                           
102431031521104853サクセスカノン　　　　　　　　　　　 32.8  7.1 -3.7  5.1  0.2  5  0.0                           
102431031621103933スマートレイヴ　　　　　　　　　　　 28.2  6.2 -0.7 12.9  3.6  9  0.0                           
102431031721103076メイショウメイボク　　　　　　　　　 74.2 14.7-10.1-12.4 -7.4 -2  0.0                           
102431031821100401ニシノミニョンヌ　　　　　　　　　　 35.3  7.5 -3.4 -5.4 -2.9  2  0.0                           
102431040121105307レッドアスール　　　　　　　　　　　 34.0  6.9-11.2-10.6 -7.3 -2  0.0                           
102431040221105398［取消］エリザベス　　　　　　　　　999.9999.9-20.0-20.0-20.0-20  0.0                           
102431040321105823ダノンモンブラン　　　　　　　　　　  9.2  2.6 -5.1 -4.6 -3.3  2  0.0                           
102431040421101483ヘルト　　　　　　　　　　　　　　　 39.3  7.9-11.2-12.1 -7.7 -3  0.0                           
102431040521109019スターアドミラル　　　　　　　　　　 24.6  5.2-11.2-12.7 -7.9 -3  0.0                           
102431040621100267エリカエレガンテ　　　　　　　　　　 12.1  2.9 -0.8 -7.0 -2.4  3  0.0                           
102431040721103862サダメ　　　　　　　　　　　　　　　  6.3  2.0 12.9  3.8  5.9 11  0.0                           
102431040821101157ゲンヨウサイ　　　　　　　　　　　　  6.3  2.0  6.5 10.9  5.7 11 19.1                           
102431040921100708グランパリッシュ　　　　　　　　　　 29.0  6.0-11.8-11.6 -7.8 -3  0.0                           
102431041021104932ワイマング　　　　　　　　　　　　　 19.0  4.2  3.6  4.4  2.6  8  0.0                           
102431041121105855シュヴェルトリリエ　　　　　　　　　  2.5  1.3 16.9 22.6 13.0 18 16.2                           
102431041221105861コスモベラエステラ　　　　　　　　　 22.3  4.8 -6.1 -1.3 -2.6  2  0.0                           
102431041321101825ナムライリス　　　　　　　　　　　　 22.4  4.8 -8.3-10.1 -6.1 -1  0.0                           
102431041421106065リュージュ　　　　　　　　　　　　　 25.5  5.4 -9.5-13.2 -7.4 -2  0.0                           
102431041521102739サリータ　　　　　　　　　　　　　　 29.3  6.1 -6.7 -3.3 -3.4  2  0.0                           
102431041621105750アルゴナヴィス　　　　　　　　　　　 12.7  3.0  3.9 10.0  4.4  9 16.5                           
102431050122109132キリシマギンガ　　　　　　　　　　　 51.6  9.0-12.8-10.6 -7.9 -8  0.0                           
102431050222109144ナントカナルニャ　　　　　　　　　　  4.7  1.6 15.3 10.4  8.7  9 17.7                           
102431050322109122ヒカルノキミ　　　　　　　　　　　　 29.7  5.5 -8.4 -0.9 -3.3 -3  0.0                           
102431050422109146カシノクンプウ　　　　　　　　　　　 23.2  4.4 -4.0  5.1  0.1  0  0.0                           
102431050522109176エイシンアヤメ　　　　　　　　　　　 11.9  2.6 10.5 11.7  7.4  7  0.0                           
102431050622109103カシノシンボル　　　　　　　　　　　 23.3  4.4 -6.2 -6.5 -4.2 -4  0.0                           
102431050722109118ナンシヨウト　　　　　　　　　　　　  5.5  1.7 11.1 17.4  9.3  9 19.1                           
102431050822109145エイヨーアメジスト　　　　　　　　　  2.2  1.2 22.4 30.2 17.3 17 16.2                           
102431050922109115アウダース　　　　　　　　　　　　　 14.7  3.1  4.1  7.5  3.8  4  0.0                           
102431051022109127サバイバルナイン　　　　　　　　　　 34.0  6.1-11.2-10.6 -7.3 -7  0.0                           
102431051122109108ジューシーオレンジ　　　　　　　　　 22.2  4.3  1.4  6.4  2.4  2  0.0                           
102431051222109139ランインザウインド　　　　　　　　　 19.7  3.9  0.9  0.8  0.6  1 16.5                           
102431051322109169ザボドフスキー　　　　　　　　　　　 19.9  3.9 -8.4  4.6 -1.7 -2  0.0                           
102431051422109106カシノシンマナ　　　　　　　　　　　 38.3  6.8 -9.2 -7.1 -5.5 -6  0.0                           
102431060122104120コスモストーム　　　　　　　　　　　  9.3  2.5  9.6 16.9  8.6  9  0.0                           
102431060222105108モンテシート　　　　　　　　　　　　  3.9  1.4 14.8 17.0 10.5 11  0.0                           
102431060322110088オトメナシャチョウ　　　　　　　　　  3.3  1.4 13.8 24.3 12.4 12 17.7                           
102431060422100452マルモリスパークル　　　　　　　　　 12.8  2.9 -2.9-14.6 -5.4 -5  0.0                           
102431060522101499ロワン　　　　　　　　　　　　　　　  3.3  1.4 18.6 10.8 10.1 10 11.3                           
102431060622106035カリスパール　　　　　　　　　　　　 22.2  4.6-11.2-12.7 -7.9 -8  0.0                           
102431060722104633アーデルリーベ　　　　　　　　　　　  7.1  2.1  9.8 14.8  8.0  8 22.1                           
102431060822105124ボヌールキャッツ　　　　　　　　　　  6.8  2.0  5.8 15.6  6.8  7 20.6                           
102431070121102567メイショウボヌール　　　　　　　　　  5.6  1.8 11.8 12.8  8.2 13 19.1                           
102431070221102973トゥラッタッタ　　　　　　　　　　　 11.6  2.8 10.4 -0.5  3.7  9  0.0                           
102431070321104679ルパンモージュ　　　　　　　　　　　 64.5 12.0-11.2-10.1 -7.1 -2  0.0                           
102431070421104207レッドモンストル　　　　　　　　　　  9.4  2.6  3.0  0.9  1.4  6  0.0                           
102431070521102680ラブリーメイク　　　　　　　　　　　 46.9  9.1-11.2 -8.4 -6.6 -2  0.0                           
102431070621102513ミヤノキングリー　　　　　　　　　　 32.4  6.5 -6.2-11.2 -5.6 -1  0.0                           
102431070721104661ユウトザイースト　　　　　　　　　　 63.0 11.7 -7.2-10.1 -5.7 -1  0.0                           
102431070821102160テイエムデンセツ　　　　　　　　　　  3.8  1.5 15.4 21.0 11.9 17 17.7                           
102431070921102344ボーズマン　　　　　　　　　　　　　 46.9  9.1-10.1-10.2 -6.8 -2  0.0                           
102431071021106975ゼンノジーニー　　　　　　　　　　　 12.9  3.0 -8.3  9.3 -0.3  5  0.0                           
102431071121104471ケイティガイア　　　　　　　　　　　 42.8  8.4-13.2-12.7 -8.6 -4  0.0                           
102431071221106248エピックナイト　　　　　　　　　　　 18.5  4.1  6.7  5.2  4.0  9  0.0                           
102431071321100752アレナパラシオ　　　　　　　　　　　  3.1  1.4 20.1  8.3  9.9 15 11.3                           
102431071421102959シレンツィオ　　　　　　　　　　　　 43.1  8.4-11.2-11.4 -7.5 -3  0.0                           
102431071521107371アマントアスク　　　　　　　　　　　 27.0  5.5-11.2  4.9 -2.6  2  0.0                           
102431071621104667ソルアマゾン　　　　　　　　　　　　 14.4  3.3  6.2  6.5  4.2  9 25.0                           
102431080121102904パシフィックルート　　　　　　　　　  6.6  1.8 12.9  3.3  5.7 26 13.4                           
102431080220106843メイショウヒュウガ　　　　　　　　　 29.1  4.9-11.2 -9.9 -7.1 13  0.0                           
102431080320101587ガルムキャット　　　　　　　　　　　 18.3  3.4  3.8 -3.8  0.3 20  0.0                           
102431080420101768ブルーウィン　　　　　　　　　　　　 22.2  3.9 -6.2  7.0 -0.2 20  0.0                           
102431080521104770フォーディアライフ　　　　　　　　　 32.8  5.5-11.2-11.4 -7.5 12  0.0                           
102431080621105564カズミクラーシュ　　　　　　　　　　  2.2  1.2 22.4 20.4 14.3 34 16.2                           
102431080720105892ヴァルトラウテ　　　　　　　　　　　 33.0  5.5-11.2-10.2 -7.2 13  0.0                           
102431080821101228クリノアドバンス　　　　　　　　　　  8.3  2.1  9.9 17.5  8.9 29  0.0                           
102431080920101242ダンスフェイマス　　　　　　　　　　 28.2  4.8-11.2-11.9 -7.7 12  0.0                           
102431081020100678アンテロース　　　　　　　　　　　　 11.0  2.3 11.3 10.4  7.3 27 22.1                           
102431081121101155ピエナオルフェ　　　　　　　　　　　 33.8  5.6 -6.2-13.2 -6.2 14  0.0                           
102431081221102016エコロマーズ　　　　　　　　　　　　  3.6  1.4 16.3 18.8 11.6 32 17.7  3                        
102431090119100740ヴァンデスト　　　　　　　　　　　　 24.7  5.1 -3.4 -7.6 -3.5 16  0.0                           
102431090221105348ラファミリア　　　　　　　　　　　　  5.0  1.7 13.6 14.9  9.5 29 20.6                           
102431090321105867ショウナンハウル　　　　　　　　　　  3.1  1.4 19.9 19.4 13.1 33  0.0                           
102431090420104162ティータイム　　　　　　　　　　　　 31.6  6.3 -6.2-10.2 -5.3 15  0.0                           
102431090521100617ウォータープイプイ　　　　　　　　　  4.8  1.6 10.5 20.9 10.1 30 13.4                           
102431090621101003ラブカ　　　　　　　　　　　　　　　 12.3  2.9  6.7  9.4  5.3 25 22.1                           
102431090720103111アスターブジエ　　　　　　　　　　　  3.7  1.5 18.2 12.2 10.3 30 17.7                           
102431090820110017シャスティフォル　　　　　　　　　　 22.3  4.6-11.2-13.2 -8.1 12  0.0                           
102431090920102675ダノンクロム　　　　　　　　　　　　 13.4  3.1  8.2 10.2  6.1 26  0.0                           
102431091017104623ハナビマンカイ　　　　　　　　　　　 19.5  4.2 -5.6 -6.7 -4.1 16  0.0                           
102431091119105059エレアイム　　　　　　　　　　　　　 30.4  6.1-11.2-10.2 -7.2 13  0.0                           
102431100117105895イルミネーター　　　　　　　　　　　 55.7  9.3 -4.9 -8.7 -4.4 26  0.0                           
102431100219106364シュガーコルト　　　　　　　　　　　 52.9  9.1 -8.8-10.3 -6.3 24  0.0                           
102431100320106934エナジーポコアポコ　　　　　　　　　 27.7  5.1-11.2-10.2 -7.2 23  0.0                           
102431100419100625ピジョンブラッド　　　　　　　　　　 26.5  4.9-11.2-13.2 -8.1 22  0.0                           
102431100520104148タイセイウォリアー　　　　　　　　　  6.8  1.9 13.3 14.6  9.3 39 20.6                           
102431100618103195ハイラブハンター　　　　　　　　　　 60.7 10.1-11.8 -6.5 -6.3 24  0.0                           
102431100719104448ファムスパーブ　　　　　　　　　　　 59.3  9.9-10.1-10.2 -6.8 23  0.0                           
102431100818105738トーアエレクトロン　　　　　　　　　 90.3 14.7-11.2 -8.7 -6.7 23  0.0                           
102431100920103499トーホウガレオン　　　　　　　　　　 24.1  4.5 -3.5-11.2 -4.6 25  0.0                           
102431101020103636インテンソ　　　　　　　　　　　　　  6.3  1.8 12.9 12.6  8.5 39 13.4                           
102431101119103401メイショウホマレ　　　　　　　　　　  4.2  1.5 15.1 10.0  8.5 39 17.7  0                        
102431101217106722サイモンルモンド　　　　　　　　　　 60.1 10.0-12.8-10.6 -7.9 22  0.0                           
102431101318106473タイキドミニオン　　　　　　　　　　 29.3  5.4 -3.8 -3.8 -2.5 27  0.0                           
102431101421104910フラムリンガム　　　　　　　　　　　  2.3  1.3 19.9 19.3 13.1 43 16.2                           
102431101519100323ケイアイメビウス　　　　　　　　　　 20.8  4.1  7.4-13.7 -1.4 29  0.0  0                        
102431101620109096ライジングラパス　　　　　　　　　　 13.0  2.8 -2.7 17.1  4.1 34  0.0                           
102431110120106535モズロックンロール　　　　　　　　　 11.8  2.8  3.2 15.5  5.8 41  0.0                           
102431110218105056ジュリアバローズ　　　　　　　　　　  4.2  1.6 15.6 15.7 10.4 45 17.7                           
102431110318101621ウインリブルマン　　　　　　　　　　 27.6  5.5-11.2 -3.5 -5.2 30  0.0                           
102431110420103521セブンマジシャン　　　　　　　　　　  2.8  1.4 20.2 17.1 12.5 48 16.2                           
102431110519105197ブラックシールド　　　　　　　　　　 23.5  4.8-11.8-10.2 -7.4 28  0.0                           
102431110620106338ソレイユヴィータ　　　　　　　　　　 12.9  3.0  4.1 -2.0  0.9 36  0.0                           
102431110718104688モンテディオ　　　　　　　　　　　　 22.9  4.7 -3.5 -3.5 -2.3 33  0.0                           
102431110820104550ワイドアラジン　　　　　　　　　　　 35.9  7.0-12.2-11.8 -8.0 27  0.0  0                        
102431110918100043ロワンディシー　　　　　　　　　　　 26.0  5.3 -3.5 -8.5 -3.8 31  0.0                           
102431111018103927マテンロウアレス　　　　　　　　　　 13.2  3.0  5.2  8.8  4.5 40 17.5                           
102431111119100318ケイアイセナ　　　　　　　　　　　　  7.0  2.1 11.2 19.1  9.8 45  0.0  2                        
102431111220100148アルジーヌ　　　　　　　　　　　　　  7.7  2.2  9.8 15.8  8.3 43 20.6                           
102431111319105637ヴァモスロード　　　　　　　　　　　 22.0  4.5 -3.4-13.0 -5.1 30  0.0                           
102431120119102062ハルカナネガイ　　　　　　　　　　　 28.0  5.1 -8.5 -7.6 -5.4 15  0.0                           
102431120219106028ピースキーパー　　　　　　　　　　　 21.6  4.1 -5.5-11.8 -5.6 14  0.0  0                        
102431120321103299シアター　　　　　　　　　　　　　　  4.9  1.6 13.7 14.0  9.2 29 17.7                           
102431120418103200バーニングパワー　　　　　　　　　　 23.7  4.4 -8.4  5.0 -1.6 18  0.0                           
102431120520103979モカラエース　　　　　　　　　　　　 15.3  3.1  4.8 -0.6  1.6 22  0.0                           
102431120620102591メリオルヴィータ　　　　　　　　　　 28.0  5.1-11.2-10.2 -7.2 13  0.0                           
102431120720101872デイトナモード　　　　　　　　　　　  6.3  1.8 13.2  8.2  7.3 27 14.4                           
102431120821105537ビダーヤ　　　　　　　　　　　　　　  2.1  1.2 21.6 22.8 14.8 35 16.2                           
102431120921102561キーウェーブ　　　　　　　　　　　　  5.2  1.6 10.9 22.9 10.9 31 19.1                           
102431121020102271コスモグングニール　　　　　　　　　 14.8  3.1  7.7  6.1  4.7 25  0.0                           
102431121120101597サンライズタイソン　　　　　　　　　 25.0  4.6-11.2  7.6 -1.8 18  0.0  5                        
