05202c010117100722ドバウィビクトリー　　　　　　　　　 19.6  4.6-10.0-10.0 -6.7 -2  0.0                           
05202c010217102804ブロウンアウェイ　　　　　　　　　　 25.3  5.7  6.0  6.7  4.3  9  0.0                           
05202c010317100847サノレーヌ　　　　　　　　　　　　　 18.5  4.4-10.0 -5.9 -5.2  0  0.0                           
05202c010417104128バーンパッション　　　　　　　　　　  4.8  1.8 18.3 12.4 10.0 15 14.0                           
05202c010517104404プロンタン　　　　　　　　　　　　　 12.7  3.2 20.0  6.1  8.2 13  8.2                           
05202c010617100977ストームファルコン　　　　　　　　　  7.6  2.4 14.4 10.2  8.1 13  9.6                           
05202c010717100815デルマシルバー　　　　　　　　　　　 46.2  9.8-10.0  1.7 -2.4  3  0.0                           
05202c010817103221マインヒロイン　　　　　　　　　　　 94.5 18.9-11.4-10.6 -7.3 -2  0.0                           
05202c010917102519ケイツーポンド　　　　　　　　　　　 11.7  3.0 -8.0  6.6  0.0  5  0.0                           
05202c011017102051フクジュ　　　　　　　　　　　　　　106.5 21.2-10.0 -3.3 -4.2  1  0.0                           
05202c011117100049キエンセラ　　　　　　　　　　　　　 63.2 12.9 -8.5-12.7 -7.2 -2  0.0                           
05202c011217104273キャストロペトラ　　　　　　　　　　  7.8  2.4  6.0  6.8  4.3  9  7.2                           
05202c011317106309スズカキングボス　　　　　　　　　　  3.4  1.5 15.0  6.4  6.8 12 18.1                           
05202c011417104949レジイナアン　　　　　　　　　　　　  5.9  2.0-10.0  9.7  0.6  6  6.3                           
05202c011517100801ゼンダンラビット　　　　　　　　　　 68.5 13.9-10.0-10.5 -6.8 -2  0.0                           
05202c011617104983ブラッククリスマス　　　　　　　　　 25.6  5.7-10.0-13.0 -7.8 -3  0.0                           
05202c020117101945マイネルエンカント　　　　　　　　　 16.1  3.3 -1.0  6.0  1.9  7  0.0                           
05202c020217105018プラットフォーマー　　　　　　　　　  6.6  1.9 13.7 16.5 10.2 15  6.8                           
05202c020317101260ショウナンマトイ　　　　　　　　　　 12.7  2.7 -1.0  8.0  2.6  8 10.3                           
05202c020417103607ミヤビマドンナ　　　　　　　　　　　 23.1  4.3  7.5 -3.2  1.1  6  0.0                           
05202c020517101568リョウランハート　　　　　　　　　　 82.5 13.4-11.4-14.6 -8.8 -4  0.0  0                        
05202c020617102071ジュンハルト　　　　　　　　　　　　  4.2  1.5 15.8 20.0 12.1 17 14.0                           
05202c020717100570メイショウコダチ　　　　　　　　　　155.1 24.5-10.0-12.6 -7.6 -3  0.0  0                        
05202c020817104947サトノアレックス　　　　　　　　　　  2.3  1.2 21.0 19.7 13.5 19 18.1                           
05202c020917106465カネショウイケメン　　　　　　　　　 92.4 14.9-11.4 -3.9 -4.8  0  0.0                           
05202c021017103058ファーステストクー　　　　　　　　　 37.9  6.7-11.4-20.0-10.8 -6  0.0                           
05202c021117103863トウショウガルーダ　　　　　　　　　117.0 18.7-10.4 -9.9 -6.8 -2  0.0                           
05202c021217109041ミライヘノノゾミ　　　　　　　　　　 42.0  7.3 -8.7-14.5 -7.9 -3  9.6                           
05202c021317102130ブラウンアイズ　　　　　　　　　　　 90.9 14.7-10.0-10.6 -6.9 -2  0.0                           
05202c021417106729ハイテイブルース　　　　　　　　　　 20.4  4.0 -6.5-11.1 -6.0 -1  0.0                           
05202c021517100842ペイシャティフォン　　　　　　　　　113.9 18.2-13.4-14.8 -9.4 -4  0.0                           
05202c021617104958シャイニングブルー　　　　　　　　　  5.5  1.6 11.6 13.9  8.6 14  6.2                           
05202c030117101537デクスター　　　　　　　　　　　　　  4.1  1.6 15.0  7.2  7.1 12 14.0                           
05202c030217105712ジョウハリ　　　　　　　　　　　　　 74.0 14.4-11.4-11.1 -7.5 -2  0.0                           
05202c030317101103ウイルホースバイオ　　　　　　　　　  6.2  2.0 12.4 19.5 10.9 16 12.5                           
05202c030417101132サフランフラワー　　　　　　　　　　 30.8  6.5 -5.9 -3.9 -3.2  2  0.0                           
05202c030517102900トモジャブルーノ　　　　　　　　　　 27.0  5.8  6.0  5.0  3.6  9  0.0                           
05202c030617103776マイネルエスペルト　　　　　　　　　 13.5  3.3 14.6 -8.5  1.3  6  0.0                           
05202c030717106727レハール　　　　　　　　　　　　　　  9.0  2.6 14.2 11.7  8.6 14  7.2  5                        
05202c030817103158オーケーゴールド　　　　　　　　　　  6.3  2.0 11.8 12.9  8.3 13  9.6  5                        
05202c030917103116リネンターゲット　　　　　　　　　　115.1 22.0-11.4-20.0-10.8 -6  0.0                           
05202c031017103304リベリアスハート　　　　　　　　　　 18.8  4.3-10.0 -2.0 -3.7  1  0.0                           
05202c031117106552プログラマー　　　　　　　　　　　　149.2 28.3-10.0 -4.6 -4.7  0  0.0                           
05202c031217100748キョウエイリヴァル　　　　　　　　　 18.3  4.2 -0.8 18.4  6.5 12  0.0                           
05202c031317100067ネオトゥルー　　　　　　　　　　　　  3.4  1.5 12.8 18.8 10.7 16  5.3                           
05202c031417102939スマイルオリオン　　　　　　　　　　 53.4 10.8-11.4-13.3 -8.3 -3  0.0                           
05202c031517100947ディレクトゥス　　　　　　　　　　　 29.5  6.3 -6.5-14.5 -7.3 -2 10.1                           
05202c031617104591シゲルエリス　　　　　　　　　　　　 19.1  4.4-10.0  1.7 -2.4  3 13.0                           
05202c040117100527コンカルノー　　　　　　　　　　　　 25.3  4.7 -6.5-11.8 -6.3 -1  0.0                           
05202c040217103044タマサイ　　　　　　　　　　　　　　 28.5  5.2 20.0-11.5  1.8  7 10.1                           
05202c040317101382キョウワファントム　　　　　　　　　 28.3  5.1-11.4-14.6 -8.8 -4  0.0  0                        
05202c040417101911コスモレペティール　　　　　　　　　 23.6  4.4 10.4  6.4  5.5 10  0.0                           
05202c040517105178アストンクリントン　　　　　　　　　  3.1  1.3 10.0 15.1  8.5 14 14.0                           
05202c040617101230ピースディオン　　　　　　　　　　　 44.2  7.6 -0.5 10.4  3.7  9  0.0  5                        
05202c040717106423ビックハート　　　　　　　　　　　　 49.2  8.4 -9.2 -0.6 -3.0  2  0.0                           
05202c040817106635キューゴーパドック　　　　　　　　　 34.4  6.1-11.4 -8.4 -6.5 -1  0.0                           
05202c040917100009テイエムクロホマレ　　　　　　　　　 84.8 13.7-10.0-20.0-10.3 -5  0.0  0                        
05202c041017103573ニシノアクシス　　　　　　　　　　　  5.4  1.6 11.9 11.6  7.8 13 15.2                           
05202c041117104621ソードライン　　　　　　　　　　　　  2.8  1.3 14.8 23.8 13.2 18 18.1  1  122   58              
05202c041217106236アースブレイブ　　　　　　　　　　　 25.1  4.6  4.3 10.1  5.0 10  0.0                           
05202c041317106535コスモタイシ　　　　　　　　　　　　 12.6  2.7  6.0  9.4  5.2 10  0.0                           
05202c041417106221タカンナ　　　　　　　　　　　　　　 25.6  4.7-10.0 -0.8 -3.3  2  0.0                           
05202c041517106591キングズフォース　　　　　　　　　　 14.4  3.0  6.6 -5.3  0.0  5  7.2  0                        
05202c041617105183モンテマツリ　　　　　　　　　　　　129.0 20.5-11.4-14.1 -8.6 -4  0.0                           
05202c050117104545トーアリュウジン　　　　　　　　　　 43.1  7.9-10.4-10.5 -7.0 13  0.0                           
05202c050217103189クリノテルチャン　　　　　　　　　　123.6 20.9-11.4 -6.8 -5.9 14  0.0                           
05202c050317100682サイモンルグラン　　　　　　　　　　 12.3  2.8  6.1  4.5  3.5 23  7.2  5                        
05202c050417100035アポロティアモ　　　　　　　　　　　 68.9 11.9-11.4-12.2 -7.9 12  0.0                           
05202c050517104395ジュネス　　　　　　　　　　　　　　 32.1  6.1 -3.9 -5.8 -3.3 17  0.0                           
05202c050617103617サンダーブリッツ　　　　　　　　　　 17.8  3.7 -1.0 -3.0 -1.4 19  0.0                           
05202c050717102141オンリーワンボーイ　　　　　　　　　  3.2  1.3 19.1 19.5 12.9 33 19.8                           
05202c050817101348ラストマン　　　　　　　　　　　　　  3.1  1.3 15.2 14.0  9.7 30 12.8                           
05202c050917106572ファイアランス　　　　　　　　　　　  4.3  1.5 12.5 15.6  9.5 29 15.1                           
05202c051017102147トミケンレゲンダ　　　　　　　　　　 12.0  2.7 10.0  5.7  5.1 25  0.0                           
05202c051117105466タイムマシン　　　　　　　　　　　　109.8 18.6-11.0-12.6 -7.9 12  0.0  0                        
05202c051217104595ハシレコウマ　　　　　　　　　　　　168.4 28.2-11.0 -8.9 -6.6 13  0.0                           
05202c051317105985ココラ　　　　　　　　　　　　　　　 42.0  7.7  6.0 -5.7 -0.3 20  9.6                           
05202c051417102043ファイヴレター　　　　　　　　　　　 16.3  3.4  6.8 12.0  6.4 26  0.0  5                        
05202c051517101539シャーレ　　　　　　　　　　　　　　 53.0  9.6-11.0-10.3 -7.1 13  0.0                           
05202c051617104507ニーズヘッグ　　　　　　　　　　　　 18.7  3.9  6.0 13.9  6.9 27  0.0  3                        
05202c060116101058ネオレインボウ　　　　　　　　　　　159.2 25.6-10.0-10.3 -6.8 13  0.0                           
05202c060215103047リネンコジーン　　　　　　　　　　　 25.0  4.7 -6.5-20.0 -9.3 11  0.0                           
05202c060316105970ケイツーテソーロ　　　　　　　　　　 66.5 11.1-10.0-10.0 -6.7 13  0.0                           
05202c060415101903デルマカミカゼ　　　　　　　　　　　 23.0  4.4-10.0 -0.4 -3.1 17  0.0  0                        
05202c060516104061コマノゼニト　　　　　　　　　　　　  2.1  1.2 18.8 24.0 14.4 34 18.1                           
05202c060616106452イサチルダイチ　　　　　　　　　　　 14.9  3.1  4.0 -4.8 -0.6 19  0.0                           
05202c060716102382ヴェル　　　　　　　　　　　　　　　 27.6  5.1-10.0 -9.7 -6.6 13  0.0                           
05202c060816100749シークザトゥルース　　　　　　　　　 55.7  9.4-10.0 -8.3 -6.0 14  0.0  0                        
05202c060916101626ギニー　　　　　　　　　　　　　　　 24.5  4.6  8.1 -2.9  1.4 21  0.0                           
05202c061014100256バナナボート　　　　　　　　　　　　112.6 18.3-10.0 -8.9 -6.3 14  0.0                           
05202c061116101710アイムソーグレイト　　　　　　　　　 29.5  5.4-10.0  6.3 -0.7 19  0.0                           
05202c061215105172アースビヨンド　　　　　　　　　　　 11.2  2.5 20.0 14.5 11.3 31 23.1                           
05202c061316104430バスクベレー　　　　　　　　　　　　 13.5  2.9-10.0 -7.1 -5.6 14  0.0  0                        
05202c061415103534フラベリフォーム　　　　　　　　　　  8.2  2.2 12.3 13.2  8.5 29  6.2A 5                        
05202c061515102565セイウンデルレイ　　　　　　　　　　 14.1  3.0 -3.7  8.0  1.8 22  0.0                           
05202c061615105923ライトカラカゼ　　　　　　　　　　　  5.2  1.7 12.0 23.0 12.0 32 14.0  1  215   29              
05202c070114105635リーゼントシャルフ　　　　　　　　　 71.0 13.2-13.1-20.0-11.3  9  0.0                           
05202c070216106237フラッフィーベア　　　　　　　　　　 22.0  4.7 10.0  3.7  4.4 24  8.7A 0                        
05202c070316102118ラブインブルーム　　　　　　　　　　 44.8  8.8-11.4-10.6 -7.3 13  0.0                           
05202c070416102333マーベラスアゲン　　　　　　　　　　 59.8 11.3-13.1  4.1 -2.4 18  0.0                           
05202c070515101679ロイヤルディクリー　　　　　　　　　 60.6 11.4 -6.0  2.0 -1.1 19  0.0                           
05202c070616103217スマートレジーナ　　　　　　　　　　 18.3  4.1 -2.1  6.8  1.9 22 11.6                           
05202c070715105858ココロノイコロ　　　　　　　　　　　 28.0  5.8-11.4-14.8 -8.8 11  0.0                           
05202c070815102558トウカイオルデン　　　　　　　　　　  3.0  1.4 13.4 20.4 11.5 32 12.8                           
05202c070916104818フィリアーノ　　　　　　　　　　　　  4.8  1.7  6.1 13.3  6.7 27  6.2  5                        
05202c071016103297ノヴェッラ　　　　　　　　　　　　　 13.3  3.1-10.0  8.0 -0.1 20  7.7                           
05202c071116106022アルママ　　　　　　　　　　　　　　  6.7  2.0 20.0 14.8 11.4 31 13.5  5                        
05202c071216110163オフウィドゥス　　　　　　　　　　　  4.1  1.6 17.7 17.0 11.5 32  0.0                           
05202c071314105017カレン　　　　　　　　　　　　　　　 35.6  7.2  1.2 -2.0 -0.4 20  0.0                           
05202c071415105145デンセツノマジョ　　　　　　　　　　  8.2  2.3  6.0 15.0  7.3 27 10.3  2                        
05202c080115106499ルックスマート　　　　　　　　　　　 16.3  3.5  2.6  7.8  3.6 34  0.0                           
05202c080214103367サンシロウ　　　　　　　　　　　　　  6.2  1.9 10.0  2.5  3.9 34 15.2                           
05202c080316103041レッドクーゲル　　　　　　　　　　　  9.0  2.4 10.1-11.5 -1.2 29  0.0                           
05202c080415102790ドリームスピリット　　　　　　　　　 16.2  3.5-10.0 11.0  1.0 31  0.0                           
05202c080516105285セントレオナード　　　　　　　　　　  2.5  1.3 21.0 23.3 14.8 45 18.1  1  122   58              
05202c080615102431ファストライフ　　　　　　　　　　　 14.2  3.1  1.3-10.0 -3.3 27  7.7                           
05202c080716103895フラテルニテ　　　　　　　　　　　　 48.4  8.8-11.0-10.4 -7.1 23  0.0                           
05202c080816103263ルタンブル　　　　　　　　　　　　　 21.8  4.3-10.0  6.0 -0.8 29 13.7                           
05202c080916104965エフェクトオン　　　　　　　　　　　  4.2  1.5 12.4 14.4  9.0 39 11.6                           
05202c081016103323ブルーエクセレンス　　　　　　　　　  8.5  2.3  4.6 -7.1 -1.2 29  0.0  0                        
05202c081116104149ツクバソヴァール　　　　　　　　　　 70.7 12.3-11.4-11.1 -7.5 23  0.0                           
05202c081216102550シュブリーム　　　　　　　　　　　　 16.2  3.4  6.0  3.4  3.0 33  0.0                           
05202c090115104358フラワーストリーム　　　　　　　　　  5.7  1.8 10.0 12.5  7.6 43  0.0                           
05202c090214105851ビービーガウディ　　　　　　　　　　 19.9  4.2  6.0  9.4  5.2 40  0.0                           
05202c090313104137シベリウス　　　　　　　　　　　　　 41.5  7.9-11.4-10.5 -7.3 28  0.0                           
05202c090414104991マイネルツァイト　　　　　　　　　　 29.7  5.8-10.0 -5.7 -5.1 30  0.0                           
05202c090516101930バンブトンハート　　　　　　　　　　  6.1  1.9 13.9 15.7  9.9 45  9.6                           
05202c090616105200ブランクエンド　　　　　　　　　　　  5.1  1.7 13.5 21.3 11.9 47 11.6                           
05202c090714100928サンチェサピーク　　　　　　　　　　  2.4  1.3 18.6 21.1 13.3 48 18.1                           
05202c090814105991サトノグラン　　　　　　　　　　　　  8.2  2.3  5.5  4.8  3.4 38 10.9                           
05202c090914104230グッドラックサマー　　　　　　　　　 42.9  8.1-14.3 -5.9 -6.5 29  0.0                           
05202c091015102046マイウェイアムール　　　　　　　　　 30.1  5.9-10.0-20.0-10.3 25  0.0                           
05202c091115104932メダリオンモチーフ　　　　　　　　　  7.2  2.1  5.9 17.5  8.2 43 14.5                           
05202c100115103535ロフティフレーズ　　　　　　　　　　  8.5  2.5  7.8 14.5  7.7 43 16.3                           
05202c100215100831トラストケンシン　　　　　　　　　　 15.2  3.5  2.7 13.7  5.8 41  0.0                           
05202c100315101568モンテグロッソ　　　　　　　　　　　 15.2  3.5 -9.2 -6.1 -5.0 30  0.0                           
05202c100415101645ソロフレーズ　　　　　　　　　　　　 40.8  8.2-11.4-14.4 -8.7 26  0.0                           
05202c100514102163ゴールドスミス　　　　　　　　　　　 29.0  6.0-10.0 -3.1 -4.1 31 10.1  0                        
05202c100615104627アストラサンタン　　　　　　　　　　 28.6  6.0-11.4 -2.0 -4.2 31  0.0                           
05202c100715104406ダイワメモリー　　　　　　　　　　　 15.1  3.5 -3.6 -3.9 -2.5 32  8.2                           
05202c100814101854スペリオルシチー　　　　　　　　　　 56.5 10.9-11.4-14.3 -8.7 26  0.0  0                        
05202c100914105992スパイラルダイブ　　　　　　　　　　  8.4  2.4 11.8 -9.9 -0.1 35  0.0                           
05202c101014101029スーパーブレイク　　　　　　　　　　 36.4  7.4-11.4-10.4 -7.2 28  0.0                           
05202c101116105056ダイワダグラス　　　　　　　　　　　  4.2  1.7 11.0 19.3 10.4 45  5.8                           
05202c101216104634ハーメティキスト　　　　　　　　　　  8.7  2.5 11.7  4.8  5.3 40 17.5                           
05202c101315101707ルーカス　　　　　　　　　　　　　　  3.1  1.5 17.1 21.2 12.9 48 12.8  1  122   58              
05202c101414100534ウインガナドル　　　　　　　　　　　  8.8  2.5-10.0  5.8 -0.9 34  0.0                           
05202c110117104753サトノインプレッサ　　　　　　　　　 46.8  6.7 -7.5 -1.2 -2.7 57  0.0                           
05202c110217105317アルジャンナ　　　　　　　　　　　　 44.5  6.4 -3.4-12.8 -5.7 54  0.0                           
05202c110317105422ワーケア　　　　　　　　　　　　　　 11.9  2.2  6.5 13.3  6.8 67  6.7  5                        
05202c110417105241レクセランス　　　　　　　　　　　　 90.3 12.0-11.4-12.3 -7.9 52  0.0                           
05202c110517101835コントレイル　　　　　　　　　　　　  1.7  1.1 22.7 28.4 17.2 77 16.2                           
05202c110617105567ヴェルトライゼンデ　　　　　　　　　 29.8  4.5-11.4  1.9 -2.7 57  0.0                           
05202c110717105973ブラックホール　　　　　　　　　　　206.9 26.7-10.4 -7.5 -5.9 54  0.0  0                        
05202c110817103572ビターエンダー　　　　　　　　　　　 76.1 10.3 -8.7 -3.1 -3.7 56  0.0  0                        
05202c110917110026ダーリントンホール　　　　　　　　　 17.4  3.0  8.7  6.1  4.8 65  0.0                           
05202c111017101805コルテジア　　　　　　　　　　　　　 75.4 10.2 -7.1-12.1 -6.6 53  0.0                           
05202c111117102833ガロアクリーク　　　　　　　　　　　 13.5  2.4  5.0  5.8  3.6 64  0.0                           
05202c111217105327サリオス　　　　　　　　　　　　　　  4.8  1.5 14.4 21.6 12.2 72  5.8  2                        
05202c111317102170ディープボンド　　　　　　　　　　　 76.5 10.3-11.5  4.8 -1.7 58  0.0                           
05202c111417105434マイラプソディ　　　　　　　　　　　 32.6  4.9 -7.1  0.5 -1.9 58  0.0                           
05202c111517105472サトノフラッグ　　　　　　　　　　　 11.8  2.2 14.8 12.9  9.2 69  6.3                           
05202c111617105331マンオブスピリット　　　　　　　　　 90.3 12.0-11.5-14.8 -8.9 51  0.0  0                        
05202c111717105612ヴァルコス　　　　　　　　　　　　　 32.1  4.8  1.4 -8.6 -2.7 57 18.5                           
05202c111817101429ウインカーネリアン　　　　　　　　　 52.4  7.5-11.4  7.7 -0.6 59  0.0                           
05202c120115105008タイセイトレイル　　　　　　　　　　  6.5  2.1  6.0 14.5  7.1 62  0.0                           
05202c120213102360ノーブルマーズ　　　　　　　　　　　 22.0  5.1 11.5  7.1  6.1 61  0.0                           
05202c120314106176ポポカテペトル　　　　　　　　　　　 51.3 11.0 -5.3 -5.5 -3.6 51  0.0                           
05202c120415104689アイスバブル　　　　　　　　　　　　 11.5  3.0-10.0  8.5  0.1 55  0.0                           
05202c120516104376キングオブコージ　　　　　　　　　　  5.7  2.0-11.5  7.3 -0.8 54 17.7                           
05202c120613105785メートルダール　　　　　　　　　　　 29.8  6.6-11.0-10.4 -7.1 48  0.0                           
05202c120712104164ミュゼエイリアン　　　　　　　　　　157.3 31.5-11.4-15.0 -8.9 46  0.0  0                        
05202c120815101654アフリカンゴールド　　　　　　　　　 21.7  5.0-11.5 -8.6 -6.6 48  0.0                           
05202c120914106038サトノクロニクル　　　　　　　　　　 61.6 12.7-10.0 -1.2 -3.4 52  0.0                           
05202c121013109072ミライヘノツバサ　　　　　　　　　　 43.4  9.4 -8.4-14.5 -7.8 47  0.0                           
05202c121115104287ステイフーリッシュ　　　　　　　　　 15.2  3.8 10.0 18.2  9.7 65  0.0                           
05202c121215103452ゴールドギア　　　　　　　　　　　　 19.8  4.7  5.6 -4.6  0.0 55  0.0                           
05202c121315104671ウラヌスチャーム　　　　　　　　　　 20.8  4.9 -2.1  5.6  1.4 56  9.1                           
05202c121414102894パリンジェネシス　　　　　　　　　　 56.1 11.6-10.0-11.1 -7.1 48  0.0                           
05202c121516104907バラックパリンカ　　　　　　　　　　 27.1  6.1-10.0 -9.9 -6.6 48  0.0                           
05202c121616101209オセアグレイト　　　　　　　　　　　  3.2  1.5 16.7 23.5 13.6 69 12.8                           
05202c121716104635ボスジラ　　　　　　　　　　　　　　  9.3  2.8  8.9 12.9  7.4 62  6.8                           
05202c121816103444ニシノデイジー　　　　　　　　　　　 11.7  3.1 -0.1  8.7  3.2 58 10.9  5                        
08203c010117106170ハルハアケボノ　　　　　　　　　　　  8.9  2.3  8.2  3.0  3.9  9  0.0                           
08203c010217103103シューラヴァーグ　　　　　　　　　　 42.8  7.5-10.9-14.6 -8.4 -3  0.0                           
08203c010317105760ライズインビルド　　　　　　　　　　 38.3  6.8-10.9-11.8 -7.5 -3  0.0                           
08203c010417102882スマートオーブ　　　　　　　　　　　 65.5 10.9 -5.6  5.2 -0.5  5  0.0                           
08203c010517100619マヌイーア　　　　　　　　　　　　　 42.6  7.5-10.9  5.9 -2.2  3  0.0                           
08203c010617103816ヤングブラッド　　　　　　　　　　　  5.2  1.6 15.1 19.2 11.3 16 13.4  3                        
08203c010717100096アイファーオレンジ　　　　　　　　　 60.1 10.1  1.2 -5.7 -1.3  4  0.0                           
08203c010817102099キタノオトメ　　　　　　　　　　　　 67.9 11.3-10.9 -7.5 -6.2 -1  0.0                           
08203c010917102567ジョークー　　　　　　　　　　　　　 35.2  6.3-10.9 -9.6 -6.9 -2  0.0  0                        
08203c011017109047メイショウカリスマ　　　　　　　　　 36.1  6.5 -5.6 -6.1 -3.9  1  0.0                           
08203c011117106015オーシャンズ　　　　　　　　　　　　  2.6  1.3 11.5 19.5 10.1 15 16.2                           
08203c011217104125カモントゥミー　　　　　　　　　　　 45.0  7.9 -5.6-17.1 -7.2 -2  0.0  0                        
08203c011317105556マコトヤマンバギリ　　　　　　　　　  6.6  1.9 15.4  8.3  8.1 13 20.6                           
08203c011417104083ランスオブマインド　　　　　　　　　145.9 23.5-11.5-10.8 -7.5 -2  0.0                           
08203c011517106438スナークダヴィンチ　　　　　　　　　  3.6  1.4 18.5 15.5 11.4 16 17.7                           
08203c011617106430テーオーエリザベス　　　　　　　　　 28.6  5.3-10.9 -9.8 -6.9 -2  0.0                           
08203c020117105288スティーヴン　　　　　　　　　　　　 13.7  2.3  3.1  7.2  3.3  8 19.1                           
08203c020217101706マルカブレーブ　　　　　　　　　　　 64.9  8.2 -5.6 -3.4 -3.1  2  0.0  0                        
08203c020317100448サンライズアルコン　　　　　　　　　 14.2  2.4 -3.6 14.2  2.9  8  0.0                           
08203c020417103160オーケーメジャー　　　　　　　　　　 22.8  3.4  3.7  7.5  3.6  9 16.5  5                        
08203c020517101239カネコメノボル　　　　　　　　　　　 31.5  4.4-10.3 -4.9 -5.2  0  0.0                           
08203c020617102812ワンダーアーウット　　　　　　　　　 18.7  2.9  2.9 -9.8 -1.9  3  0.0                           
08203c020717105082ヴェラアズール　　　　　　　　　　　  1.8  1.2 21.8 29.3 16.8 22 16.2  1  147   46              
08203c020817100551タマモイチバンボシ　　　　　　　　　 57.2  7.3-10.8-13.5 -8.0 -3  0.0  0                        
08203c020917104780スペラーレ　　　　　　　　　　　　　 35.1  4.8 -0.2  3.2  0.9  6  0.0                           
08203c021017104131ガマン　　　　　　　　　　　　　　　124.2 15.0-11.5-10.8 -7.5 -2  0.0                           
08203c021117105682セルリアンエース　　　　　　　　　　 51.4  6.8-11.5-12.1 -7.8 -3  0.0                           
08203c021217102055ベルティーナ　　　　　　　　　　　　 39.4  5.4-10.9-10.8 -7.2 -2  0.0                           
08203c021317101591サクセスリボーン　　　　　　　　　　  3.4  1.3 18.5 21.6 13.3 18 17.7  2                        
08203c021417110119カクシン　　　　　　　　　　　　　　 24.4  3.6  1.2  9.1  3.2  8  0.0                           
08203c021517105889ダイアナマロン　　　　　　　　　　　 71.0  8.9-10.9  6.5 -2.0  3  0.0                           
08203c021617105328サンラディウス　　　　　　　　　　　 25.1  3.7 -5.7-12.7 -5.9 -1  0.0                           
08203c030117105204エールオンレール　　　　　　　　　　 29.5  6.2-10.9-10.2 -7.1 -2  0.0                           
08203c030217104218クリノコハルビヨリ　　　　　　　　　186.2 34.9-15.0-12.1 -9.1 -4  0.0                           
08203c030317104932バルトロメウ　　　　　　　　　　　　  5.5  1.9  9.6 10.3  6.6 12 17.7                           
08203c030417102336アイファーサイアン　　　　　　　　　112.2 21.3-11.5-20.0-10.2 -5  0.0  0                        
08203c030517102135フィアレススマイル　　　　　　　　　111.4 21.1-11.5-14.2 -8.5 -3  0.0                           
08203c030617105263ビットクラッシャー　　　　　　　　　 41.0  8.4-11.5-11.0 -7.5 -3  0.0                           
08203c030717100677リーガルバローズ　　　　　　　　　　  8.6  2.5  8.6 12.2  6.8 12 14.4  5                        
08203c030817106699ナムラドン　　　　　　　　　　　　　 11.3  2.8  1.2  6.6  2.4  7 22.1                           
08203c030917105077ヴァイスリヒト　　　　　　　　　　　 23.5  5.1-10.9-14.7 -8.4 -3  0.0                           
08203c031017105143ザフーン　　　　　　　　　　　　　　  5.8  1.9  1.5 10.2  3.6  9  0.0                           
08203c031117100368ロックグラス　　　　　　　　　　　　 23.6  5.1  2.8  7.6  3.3  8  0.0                           
08203c031217103313レーベンレジェンダ　　　　　　　　　 13.1  3.2  3.1 15.5  5.8 11  0.0                           
08203c031317105215アービター　　　　　　　　　　　　　 39.0  8.0-10.8-14.6 -8.3 -3  0.0                           
08203c031417105103アルセスト　　　　　　　　　　　　　 16.2  3.8  2.5  6.6  2.9  8  0.0                           
08203c031517104203グラフェン　　　　　　　　　　　　　112.2 21.3-11.5-10.3 -7.3 -2  0.0                           
08203c031617105128バブリースノー　　　　　　　　　　　 34.2  7.1  1.8-15.8 -4.1  1  0.0                           
08203c031717106173アトレッド　　　　　　　　　　　　　 19.9  4.5 -5.6 -2.2 -2.7  2  0.0                           
08203c031817105093クレイス　　　　　　　　　　　　　　  2.8  1.4 16.9 28.9 14.9 20 16.2                           
08203c040115101022マヤノフロスティ　　　　　　　　　　 20.1  3.9 -3.9 -4.1 -2.7 -3  0.0                           
08203c040213106463ギャラントグリフ　　　　　　　　　　 60.6  9.9 -9.7-10.5 -6.7 -7  0.0                           
08203c040314104375デアリングアイデア　　　　　　　　　 43.0  7.4-11.7  6.5 -2.3 -2  0.0                           
08203c040414102142ディレットーレ　　　　　　　　　　　 17.6  3.5 -3.9  6.5  0.5  1  0.0                           
08203c040516102967アイアス　　　　　　　　　　　　　　 47.1  8.1 -9.7-10.5 -6.7 -7  0.0                           
08203c040615104558アンドレアス　　　　　　　　　　　　 14.5  3.0 -0.6  0.8  0.0  0  0.0                           
08203c040716104153トーアコルレオーネ　　　　　　　　　  7.8  2.1 12.1 18.5 10.0 10  0.0  4                        
08203c040816110096ピースプレイヤー　　　　　　　　　　  2.7  1.3 23.4 13.7 12.7 13 16.2                           
08203c040916101130アキンド　　　　　　　　　　　　　　 16.8  3.4 -9.7  2.1 -2.9 -3 16.5                           
08203c041013104166タイセイパルサー　　　　　　　　　　  3.1  1.4 17.4 16.2 11.2 11 17.7                           
08203c041113100677ピッツバーグ　　　　　　　　　　　　  6.1  1.8  9.7  5.3  5.1  5 19.1                           
08203c041212105949スズカノーチラス　　　　　　　　　　 25.9  4.7-11.7  6.3 -2.4 -2  0.0                           
08203c041316100652ヨコスカダンディー　　　　　　　　　 23.7  4.4  5.8  1.1  2.5  2  0.0                           
08203c050117100978タイガーサイレンス　　　　　　　　　 17.0  4.4  1.2 10.8  3.7 24  0.0                           
08203c050217100699クリノイコライザー　　　　　　　　　 13.1  3.5 -8.3 -4.9 -4.5 15  0.0                           
08203c050317103621ボルサリーノ　　　　　　　　　　　　 12.4  3.4 11.8  2.8  5.2 25  0.0                           
08203c050417100447リュクスウォリアー　　　　　　　　　  4.6  1.8  1.1 10.7  3.6 24  0.0                           
08203c050517106163サンビースト　　　　　　　　　　　　 39.9  9.3-10.9 -5.9 -5.8 14  0.0  0                        
08203c050617102550サンライト　　　　　　　　　　　　　 27.3  6.5 -0.9 -4.8 -1.8 18  0.0                           
08203c050717101064サンオブロジータ　　　　　　　　　　  6.1  2.1  4.1  8.4  4.0 24 14.4                           
08203c050817103831ロゼキルシュ　　　　　　　　　　　　 38.5  9.0 -5.6 -4.2 -3.3 17  0.0                           
08203c050917102221サウンドワイズ　　　　　　　　　　　 23.0  5.6  2.9-10.2 -2.0 18  0.0                           
08203c051017106451メイショウカムロ　　　　　　　　　　 23.6  5.7-10.9-12.0 -7.6 12  0.0                           
08203c051117101535ジャスパーイーグル　　　　　　　　　 41.0  9.5-10.9  9.1 -1.3 19  0.0                           
08203c051217103952ディーズローリエ　　　　　　　　　　 38.3  8.9-10.9 -9.8 -6.9 13  0.0                           
08203c051317101474イーサンティラノ　　　　　　　　　　  5.3  1.9 11.1 21.1 10.4 30 19.1                           
08203c051417106115メイショウベンガル　　　　　　　　　 17.7  4.5 -3.6  6.8  0.7 21  0.0  0                        
08203c051517101807ソプラドール　　　　　　　　　　　　  4.7  1.8  4.2 17.5  6.8 27 17.7                           
08203c051617100728シャイニーズラン　　　　　　　　　　 16.2  4.2 -5.6 -6.8 -4.1 16 25.0  5                        
08203c060117100997テーオーソクラテス　　　　　　　　　 16.9  4.3 -3.1 -1.1 -1.5 19  0.0  0                        
08203c060217106118テイエムミラージュ　　　　　　　　　 38.3  8.7-10.9  5.2 -2.4 18  0.0                           
08203c060317101482ハクアイブラック　　　　　　　　　　 12.9  3.4 -0.3  9.0  2.6 23  0.0  5                        
08203c060417105993ムーンライト　　　　　　　　　　　　 15.8  4.0 -5.6 22.2  4.6 25  0.0                           
08203c060517101110ヒメサマ　　　　　　　　　　　　　　 89.1 19.0-10.9-13.4 -8.0 12  0.0                           
08203c060617100583ディヴィナシオン　　　　　　　　　　 27.8  6.5-14.0  9.1 -2.4 18  0.0                           
08203c060717110130クラシックココア　　　　　　　　　　  5.0  1.8 15.8 17.8 11.1 31 19.1                           
08203c060817105358ソウルユニバンス　　　　　　　　　　 81.8 17.4-11.5 -1.1 -4.5 15  0.0                           
08203c060917101121ボンボヤージ　　　　　　　　　　　　  4.9  1.8 14.2 22.4 11.9 32 17.7                           
08203c061017101982マイネルヘルト　　　　　　　　　　　 17.4  4.4  6.5  5.2  3.9 24  0.0                           
08203c061117102940ワンダーカタリナ　　　　　　　　　　  4.1  1.7 16.8 -9.0  3.5 23 11.3                           
08203c061217102014メイショウユリシス　　　　　　　　　 17.8  4.5 -5.6  2.9 -1.2 19  0.0                           
08203c061317105516メメントモリ　　　　　　　　　　　　 14.2  3.7-10.9-12.3 -7.7 12  0.0                           
08203c061417100406シャドウブロッサム　　　　　　　　　 13.1  3.5  3.1 11.6  4.6 25  0.0                           
08203c061517106264ビアイ　　　　　　　　　　　　　　　 78.6 16.8-10.9-12.1 -7.6 12  0.0                           
08203c061617109130ローランダー　　　　　　　　　　　　  7.7  2.5  8.2 -8.8  0.4 20 20.6                           
08203c070116103950ヒミノブルー　　　　　　　　　　　　  2.9  1.3 17.1 25.4 13.9 34 16.2                           
08203c070215101328マイティバローズ　　　　　　　　　　 14.8  3.3  6.5  4.2  3.6 24  0.0                           
08203c070316105989オリーブティアラ　　　　　　　　　　 19.7  4.1 -5.6 -4.9 -3.5 16  0.0                           
08203c070416103686ブルベアブロンゾ　　　　　　　　　　 16.6  3.6 -4.2 -4.0 -2.7 17  0.0  5                        
08203c070516102528マテラサンオウ　　　　　　　　　　　  3.7  1.5  5.8 15.2  6.7 27  0.0                           
08203c070616104817エスト　　　　　　　　　　　　　　　  5.0  1.7 17.2  9.1  9.0 29 19.1                           
08203c070716102183メイショウラッシュ　　　　　　　　　  5.8  1.8 14.1  8.5  7.7 28 14.4                           
08203c070816101605メイショウフクイク　　　　　　　　　 25.4  5.1 -7.5-10.5 -5.9 14 29.4                           
08203c070916102305メイショウミチノク　　　　　　　　　 17.5  3.7-11.5 12.0 -0.6 19  0.0                           
08203c071015103922ルクスムンディー　　　　　　　　　　 17.0  3.7 -5.3-16.7 -7.0 13  0.0                           
08203c071116102003ライズ　　　　　　　　　　　　　　　 27.9  5.5-11.5-19.3-10.0 10  0.0                           
08203c080116104685ノーブルワークス　　　　　　　　　　 19.5  4.5 -8.3  5.5 -1.4 29  0.0                           
08203c080216105174ファビュラスギフト　　　　　　　　　 83.5 16.4-10.9-10.2 -7.1 23  0.0                           
08203c080315101549ディアボレット　　　　　　　　　　　 30.2  6.5 -5.6 -4.8 -3.5 27  0.0                           
08203c080415104667アルモニカ　　　　　　　　　　　　　 42.0  8.8-11.5-10.2 -7.3 23  0.0                           
08203c080516104662セプタリアン　　　　　　　　　　　　  8.2  2.5 13.1 16.6  9.8 40  0.0                           
08203c080615101210アルジャーノン　　　　　　　　　　　 18.3  4.3-10.9  7.2 -1.8 28  0.0                           
08203c080714100555ヤマニンペダラーダ　　　　　　　　　 14.9  3.6  2.5 12.1  4.5 35 25.0                           
08203c080815104171ヘブンリーデイズ　　　　　　　　　　  8.7  2.6 11.6  6.2  6.1 36  0.0                           
08203c080916102897ホッコーシェルビー　　　　　　　　　 18.7  4.4-10.9 -4.8 -5.4 25  0.0                           
08203c081014106472コパノピエール　　　　　　　　　　　 62.4 12.5-10.9-10.7 -7.2 23  0.0                           
08203c081116106582テーオーアマゾン　　　　　　　　　　 14.5  3.5 -5.6 25.3  5.5 36  0.0                           
08203c081216103649ハーフバック　　　　　　　　　　　　  6.7  2.1 -0.2  9.2  2.7 33  0.0                           
08203c081315101364カーサデルシエロ　　　　　　　　　　  3.1  1.5 20.2 19.3 13.2 43 16.2                           
08203c081416104983トップオブメジャー　　　　　　　　　  5.0  1.8  8.5 14.4  7.4 37 17.7  5                        
08203c081516106363ローゼンクリーガー　　　　　　　　　 15.7  3.8 -1.4 18.4  5.0 35 18.5                           
08203c090116106489エイシンヨッシー　　　　　　　　　　 23.9  4.6 -8.3 -4.5 -4.4 26  0.0                           
08203c090215105241マースゴールド　　　　　　　　　　　 13.1  2.9  2.9  6.0  2.9 33  0.0                           
08203c090315101581クリノカポネ　　　　　　　　　　　　 66.3 11.3-11.5-12.7 -8.0 22  0.0                           
08203c090416104231ダノンスプレンダー　　　　　　　　　  3.9  1.5 13.2 20.9 11.1 41 17.7                           
08203c090516101707メスキータ　　　　　　　　　　　　　 30.0  5.6 -8.3 -7.2 -5.2 25  0.0                           
08203c090614103358スズカフロンティア　　　　　　　　　  7.3  2.0 11.7 11.6  7.8 38  0.0                           
08203c090716103066シャンパンクーペ　　　　　　　　　　 27.3  5.2 -3.9 12.9  2.4 32  0.0                           
08203c090816101093ダンツキャッスル　　　　　　　　　　  2.5  1.3 22.0 25.5 15.7 46 16.2                           
08203c090915101631スピンドクター　　　　　　　　　　　 16.1  3.4 -4.6  3.0 -0.8 29 23.5                           
08203c091014103848スズカスマート　　　　　　　　　　　 30.8  5.8-11.5-10.8 -7.5 23  0.0                           
08203c091115103197キタサンヴィクター　　　　　　　　　 20.7  4.2  2.9  6.5  3.0 33  0.0                           
08203c091216102853メメランタン　　　　　　　　　　　　 64.2 11.0 -7.5 -6.6 -4.7 25  0.0  0                        
08203c091314104010ウォータービルド　　　　　　　　　　  6.4  1.9  4.8 19.5  7.6 38 13.4                           
08203c091415100367トモノコテツ　　　　　　　　　　　　 74.8 12.7-14.0-12.7 -8.9 21  0.0                           
08203c091514102730ヴォカツィオーネ　　　　　　　　　　 31.1  5.8-11.0  7.3 -1.8 28  0.0                           
08203c100115104721アンコールプリュ　　　　　　　　　　 32.0  7.4-11.5-10.5 -7.4 38  0.0                           
08203c100215101665ロケット　　　　　　　　　　　　　　 18.7  4.6 -1.9 28.4  7.8 53  0.0                           
08203c100314103032グランドロワ　　　　　　　　　　　　 28.5  6.6  1.8-12.1 -3.0 42  0.0                           
08203c100415100635エントシャイデン　　　　　　　　　　 23.1  5.5 -7.5  3.1 -1.8 43  0.0                           
08203c100515106423ラセット　　　　　　　　　　　　　　  5.2  1.9 11.5 12.4  7.9 53  0.0                           
08203c100614102036ボンセルヴィーソ　　　　　　　　　　  6.0  2.1  1.1 14.7  4.8 50 19.1                           
08203c100713103082サフランハート　　　　　　　　　　　 46.1 10.3-10.9-14.4 -8.3 37  0.0  0                        
08203c100816104650ランフォザローゼス　　　　　　　　　 39.9  9.0 -9.7 -8.6 -6.1 39  0.0                           
08203c100913102679ロードクエスト　　　　　　　　　　　 14.7  3.8  5.8  6.9  4.2 49 17.5                           
08203c101016104807ドナウデルタ　　　　　　　　　　　　 11.7  3.1 12.9  3.7  5.8 51  0.0  0                        
08203c101115104438リバティハイツ　　　　　　　　　　　 11.3  3.1 -5.6 -2.4 -2.8 42 22.1                           
08203c101215100772エイシンデネブ　　　　　　　　　　　 44.7 10.0-11.5 -6.5 -6.2 39  0.0                           
08203c101315104361アマルフィコースト　　　　　　　　　 20.6  5.1 -4.1 -1.1 -1.8 43  0.0  5                        
08203c101415101615プリディカメント　　　　　　　　　　 22.1  5.3-10.9-14.2 -8.3 37  0.0                           
08203c101516104470ディアンドル　　　　　　　　　　　　 27.3  6.4-11.5-12.4 -7.9 37  0.0  0                        
08203c101613101522スマートオーディン　　　　　　　　　  9.3  2.9 15.8  3.4  6.8 52  0.0                           
08203c101716105009プールヴィル　　　　　　　　　　　　  3.8  1.7 14.7 23.7 12.5 57 16.2                           
08203c110117105198プライムフェイズ　　　　　　　　　　  3.4  1.5 15.9 16.8 10.9 56 16.2                           
08203c110217109123イロゴトシ　　　　　　　　　　　　　 18.3  4.2 -4.2-17.1 -6.7 38  0.0  0                        
08203c110317105585ヒュッゲ　　　　　　　　　　　　　　  6.1  2.0  8.5 13.0  7.0 52  0.0                           
08203c110417100464エヒト　　　　　　　　　　　　　　　  4.1  1.6 16.9 30.5 15.3 60 12.4                           
08203c110517104687アジャストザルート　　　　　　　　　 16.6  3.9-10.9-12.3 -7.7 37  0.0                           
08203c110617106125メイショウボサツ　　　　　　　　　　  5.0  1.7  8.5  8.3  5.6 51 19.1                           
08203c110717102192ショウナンハレルヤ　　　　　　　　　  5.7  1.9 14.5  8.7  7.9 53 22.1                           
08203c110817102936ミスニューヨーク　　　　　　　　　　  5.3  1.8 12.5  7.8  6.9 52  0.0                           
08203c120114105338オールザゴー　　　　　　　　　　　　 18.4  4.2  9.5 12.2  7.1 42  0.0                           
08203c120216104834ミッキースピリット　　　　　　　　　  4.1  1.6 14.7 12.7  9.2 44 17.7                           
08203c120313105631レッドラウダ　　　　　　　　　　　　 32.9  6.8 -5.6-12.6 -5.8 29  0.0                           
08203c120413101207ブライティアレディ　　　　　　　　　  5.1  1.8 19.2  9.3  9.8 45 19.1  5                        
08203c120516105439エムティアン　　　　　　　　　　　　 28.4  6.0 -1.4 -9.1 -3.2 32  0.0                           
08203c120614102359コウエイダリア　　　　　　　　　　　 51.3 10.3-10.9-10.2 -7.1 28  0.0                           
08203c120715103374バーニングペスカ　　　　　　　　　　 41.1  8.4-10.9-14.9 -8.5 27  0.0  0                        
08203c120814101919タイセイブレーク　　　　　　　　　　 21.6  4.7 -5.6  7.6  0.2 35  0.0                           
08203c120916105064ブリッツアウェイ　　　　　　　　　　 33.7  7.0-10.9-12.6 -7.8 27  0.0                           
08203c121014100158ゼセル　　　　　　　　　　　　　　　 26.5  5.6 -8.3 -4.5 -4.4 31 26.5                           
08203c121114102019コロラトゥーレ　　　　　　　　　　　 47.9  9.6-10.9-13.4 -8.0 27  0.0                           
08203c121212101282ゲンキチハヤブサ　　　　　　　　　　 67.3 12.9-10.9-10.6 -7.2 28  0.0                           
08203c121315101399メモリーコロネット　　　　　　　　　  3.3  1.5 12.9 12.3  8.4 43 11.3                           
08203c121415104842スターリーステージ　　　　　　　　　  6.9  2.1 11.1  8.2  6.5 42  0.0                           
08203c121516104289ショウナンタイガ　　　　　　　　　　  7.7  2.3  2.5 13.0  4.8 40  0.0                           
08203c121616100433タマモメイトウ　　　　　　　　　　　 39.3  8.0 -5.6 11.6  1.4 36  0.0                           
