032012010117104820エバーバリュー　　　　　　　　　　　 26.0  5.0-10.0 20.9  4.7 10  0.0                           
032012010217100346ゲステルン　　　　　　　　　　　　　 41.8  7.7-12.5 -5.4 -5.7 -1  0.0                           
032012010317103358ワイルドキャット　　　　　　　　　　 10.6  2.5  8.5  4.1  4.1  9  0.0                           
032012010417102530ペイシャバイカ　　　　　　　　　　　 20.1  4.1-10.0-10.0 -6.7 -2  0.0                           
032012010517106269ローマンビューティ　　　　　　　　　 14.4  3.1 25.0  7.4 10.2 15  0.0                           
032012010617100279ピエナラプソディ　　　　　　　　　　  3.3  1.4 18.1 16.9 11.6 17 14.2                           
032012010717101828ロニセラ　　　　　　　　　　　　　　 13.7  3.0  8.7  8.6  5.8 11  0.0                           
032012010817104160バーミーズ　　　　　　　　　　　　　 39.3  7.3-10.8-10.8 -7.2 -2 12.6                           
032012010917100283フクノソミュール　　　　　　　　　　143.5 24.1-10.0 -8.2 -6.0 -1  0.0                           
032012011017105672リブエターナル　　　　　　　　　　　 85.6 14.7-12.5-19.5-10.9 -6  0.0                           
032012011117104729マイレリーフ　　　　　　　　　　　　  3.0  1.4 16.5 19.8 12.2 17  6.7                           
032012011217104132ハイスピードカム　　　　　　　　　　 29.2  5.6 -5.0  1.2 -1.1  4  0.0                           
032012011317100592ウインクルジニー　　　　　　　　　　  7.8  2.2 13.5  8.5  7.2 12 15.3                           
032012011417106638レジーナクィーン　　　　　　　　　　 34.4  6.4-10.0 12.0  1.4  6  0.0                           
032012011517101730タガノペルマネンテ　　　　　　　　　  8.0  2.2  9.5 11.6  7.1 12  0.0                           
032012020117103868スマートルミエール　　　　　　　　　  2.9  1.3 19.8 19.8 13.2 18 14.2  2                        
032012020217102943ベストレイドプラン　　　　　　　　　 80.6 12.3-10.0-10.0 -6.7 -2  0.0                           
032012020317102284ニットウイロンデル　　　　　　　　　 63.5  9.9-10.0  6.6 -0.6  4  0.0                           
032012020417110161デトロイトテソーロ　　　　　　　　　  2.7  1.3 20.0 27.7 16.2 21 13.0  1  112   75              
032012020517103984バルセロナ　　　　　　　　　　　　　140.7 21.0-10.0-10.0 -6.7 -2  0.0                           
032012020617103734ボンジョルノ　　　　　　　　　　　　 23.4  4.1-10.0-20.0-10.3 -5  0.0  0                        
032012020717100056オレンジブラウニー　　　　　　　　　  7.4  1.9 -2.0  4.5  1.0  6  7.9                           
032012020817101669ラブオーソ　　　　　　　　　　　　　 52.7  8.5-12.5-10.0 -7.4 -2  0.0                           
032012020917105025タナノフローラ　　　　　　　　　　　 32.0  5.4 -7.0  5.7  0.0  5  0.0                           
032012021017103314ピュアムーン　　　　　　　　　　　　 12.6  2.6  6.0  7.3  4.5  9  0.0                           
032012021117102450ハーディン　　　　　　　　　　　　　 14.8  2.9  5.0  8.0  4.4  9  9.2                           
032012021217101931リーディングレディ　　　　　　　　　 13.3  2.7  7.5  7.9  5.1 10  0.0                           
032012021317105942キミノミラクル　　　　　　　　　　　 19.4  3.6 10.0 10.2  6.7 12  0.0  5                        
032012021417106431ドリームバンドーム　　　　　　　　　 56.4  8.8-10.0-14.7 -8.4 -3  0.0                           
032012021517102817ミラノジェントル　　　　　　　　　　 19.0  3.6-10.0 -1.6 -3.6  1  0.0                           
032012021617101675コパノアーチャー　　　　　　　　　　 89.7 13.7-10.0-10.0 -6.7 -2  0.0                           
032012030117102875バーゲニングパワー　　　　　　　　　 29.7  6.2-10.8-10.8 -7.2 -2  0.0                           
032012030217104760ドロス　　　　　　　　　　　　　　　  4.8  1.7 15.0  1.8  5.2 10  7.5                           
032012030317103048ニンギルス　　　　　　　　　　　　　  4.8  1.7 14.2 11.6  8.5 14  0.0                           
032012030417100904タイクーンバゴ　　　　　　　　　　　 18.0  4.1  6.5  2.0  2.7  8  0.0  4                        
032012030517105895イルミネーター　　　　　　　　　　　  3.3  1.4 14.1 17.2 10.5 16 13.0                           
032012030617101625リモテソーロ　　　　　　　　　　　　 48.0  9.7-10.0-10.0 -6.7 -2  0.0                           
032012030717101262リヴィエラボーイ　　　　　　　　　　  9.4  2.7  7.5 16.5  8.3 13 17.7                           
032012030817103196エールプレジール　　　　　　　　　　 37.0  7.6-12.5 -3.6 -5.1  0  0.0                           
032012030917103398ニシノアオハル　　　　　　　　　　　 72.9 14.0-12.5 -7.2 -6.4 -1  0.0                           
032012031017104131ガマン　　　　　　　　　　　　　　　 56.3 10.9-10.8 -4.7 -5.0  0  0.0                           
032012031117101566ネヴァタップアウト　　　　　　　　　  4.1  1.6 20.0 13.8 11.1 16  7.3                           
032012031217101105シエスタキー　　　　　　　　　　　　 87.2 16.6-12.5-10.0 -7.4 -2  0.0                           
032012031317101913マイネルエピキュア　　　　　　　　　 27.1  5.7-10.0  6.0 -0.8  4  0.0                           
032012031417104480フォーハンズプレイ　　　　　　　　　 16.8  3.9  7.5  5.0  4.1  9  0.0                           
032012031517100957ホウオウガルーダ　　　　　　　　　　 75.5 14.4 -7.0-11.8 -6.4 -1  0.0  0                        
032012040114103687コンゴウトシオー　　　　　　　　　　 56.6 10.1-10.0 -4.5 -4.7 -5  0.0                           
032012040214102038マスラオ　　　　　　　　　　　　　　 27.5  5.4  0.0-20.0 -7.3 -7  0.0  0                        
032012040316109095ベストデイエヴァー　　　　　　　　　 56.6 10.1-10.0-10.0 -6.7 -7  0.0                           
032012040416101760アスターブリザード　　　　　　　　　  4.2  1.5 12.8 11.3  8.0  8 14.2                           
032012040516105496レイヴンキング　　　　　　　　　　　  4.3  1.5 20.0 12.3 10.5 11 15.3                           
032012040615102586リキサンゴルト　　　　　　　　　　　 32.7  6.3-12.5  5.8 -1.6 -2  0.0                           
032012040716104153トーアコルレオーネ　　　　　　　　　 41.6  7.8-10.8-10.8 -7.2 -7  0.0                           
032012040814103040エイシンクリック　　　　　　　　　　  5.4  1.7 12.8 15.2  9.4  9  0.0                           
032012040914103459スリーミネルバ　　　　　　　　　　　 56.5 10.1-10.0-10.0 -6.7 -7  0.0                           
032012041015104858ブショウ　　　　　　　　　　　　　　 40.0  7.6  7.5-19.0 -4.7 -5  0.0                           
032012041113103443オールインワン　　　　　　　　　　　 17.4  3.7  6.5 -3.3  0.7  1  0.0  4                        
032012041215103946シゲルマツタケ　　　　　　　　　　　 20.5  4.3 -1.1  6.8  2.2  2  0.0                           
032012041314105781インシュラー　　　　　　　　　　　　  2.6  1.3 15.0 14.5  9.8 10 13.0                           
032012041415103922ルクスムンディー　　　　　　　　　　 20.9  4.3  4.2  4.5  2.9  3  0.0                           
032012050117105742ペイシャフラッシュ　　　　　　　　　 15.2  3.6-12.5 -0.6 -4.0  1  9.2                           
032012050217104675ランドアーティスト　　　　　　　　　 15.3  3.6 12.5  0.3  3.9  9  0.0                           
032012050317102618ラガーヴィーヴ　　　　　　　　　　　  6.2  2.0  9.4  4.3  4.4  9 16.5                           
032012050417104835デルマヘリオドール　　　　　　　　　149.3 28.4-12.5-10.0 -7.4 -2  0.0                           
032012050517105943ウインランウェイ　　　　　　　　　　 74.6 14.5-10.0-20.0-10.3 -5  0.0  0                        
032012050617105301ラヴィンフォール　　　　　　　　　　  5.5  1.8 14.2 14.6  9.6 15  7.5                           
032012050717105059ポーラーサン　　　　　　　　　　　　  7.9  2.4 20.0 10.4  9.8 15  0.0                           
032012050817104168ウインジョイフル　　　　　　　　　　  4.3  1.6 14.5 11.4  8.5 14  7.3                           
032012050917101895ペルセウスシチー　　　　　　　　　　  3.3  1.5 15.0 13.5  9.4 14  6.7                           
032012051017104442ブルーノジュネス　　　　　　　　　　 27.1  5.8-10.0  8.7  0.2  5  0.0                           
032012051117101935マイネルチェスト　　　　　　　　　　 26.6  5.7-10.0 24.0  5.8 11  0.0  3                        
032012051217106208オウケンブリザード　　　　　　　　　 19.3  4.4  1.8  1.2  1.0  6  0.0                           
032012051317106385クリップルクリーク　　　　　　　　　100.7 19.4-10.0-10.9 -7.0 -2  0.0                           
032012051417105368ユークレース　　　　　　　　　　　　 38.6  8.0-12.5 14.1  1.4  6  0.0  4                        
032012051517102818アトラクトボイス　　　　　　　　　　 71.1 13.9-10.0-20.0-10.3 -5  0.0                           
032012051617103210カドフィール　　　　　　　　　　　　 44.2  9.1-10.0  3.7 -1.6  3  0.0                           
032012060117105415ガニアン　　　　　　　　　　　　　　 28.9  6.0  6.0-19.5 -5.3  0  0.0                           
032012060217105304ハローミスソフィ　　　　　　　　　　 37.8  7.6-10.8-10.8 -7.2 -2  0.0                           
032012060317105036ウォルフライエ　　　　　　　　　　　 16.1  3.7  2.4 12.0  5.1 10  0.0                           
032012060417105183モンテマツリ　　　　　　　　　　　　 47.2  9.3-12.5 -2.0 -4.5  1  0.0                           
032012060517101018グラスエルファロ　　　　　　　　　　 63.3 11.9-12.5  6.5 -1.4  4  0.0                           
032012060617100609スカイボルト　　　　　　　　　　　　 47.1  9.3-10.8-10.3 -7.0 -2  0.0                           
032012060717101120ハラハラドキドキ　　　　　　　　　　 22.8  4.8 20.0-17.4 -0.4  5  0.0                           
032012060817105143ザフーン　　　　　　　　　　　　　　  5.0  1.7 17.1 17.9 11.7 17  7.3                           
032012060917106075トゥオーノ　　　　　　　　　　　　　 17.8  4.0-10.8 -4.7 -5.0  0  0.0                           
032012061017103829ブライトアイズ　　　　　　　　　　　 33.7  6.8  4.2 -7.5 -1.5  4  0.0                           
032012061117104695ミッキーウィン　　　　　　　　　　　  2.7  1.4 17.9 20.0 12.7 18  6.7                           
032012061217106505チェーロ　　　　　　　　　　　　　　 28.7  5.9 -4.7 -5.5 -3.4  2  0.0                           
032012061317106456ロンドンストライプ　　　　　　　　　100.2 18.5-10.0 -9.2 -6.4 -1  0.0                           
032012061417104900ダンスグルーヴィ　　　　　　　　　　  5.7  1.9  7.5 -2.3  1.4  6  7.5  0                        
032012061517103919ショウナンランチャ　　　　　　　　　 11.7  2.8  6.5 -5.5 -0.1  5  8.6                           
032012061617105504ブレーナード　　　　　　　　　　　　  6.2  2.0  7.5  7.9  5.1 10 16.5                           
032012070116105033ブーケオブジュエル　　　　　　　　　 14.1  3.4  6.0 -2.0  1.1 21  0.0                           
032012070215101404デルマシャンパン　　　　　　　　　　 11.4  2.8 15.0  7.3  7.2 27  0.0                           
032012070316102645ボンドロール　　　　　　　　　　　　 23.1  5.0-12.5-12.3 -8.3 12  0.0                           
032012070416103102ゴーインピース　　　　　　　　　　　 23.6  5.1-12.5  3.1 -2.6 17  0.0                           
032012070516100694アドアステラ　　　　　　　　　　　　  7.9  2.3 15.0  3.2  5.7 26  8.1                           
032012070615105038ローズベリル　　　　　　　　　　　　  3.2  1.4 17.9 24.3 14.3 34 13.0                           
032012070715100933ロマンスガッサン　　　　　　　　　　 53.0 10.6-10.0 -9.2 -6.4 14  0.0                           
032012070816105759ブラックアーシャ　　　　　　　　　　 98.3 18.7-10.0-20.0-10.3 10  0.0                           
032012070916104003ハニーエンパイア　　　　　　　　　　 20.6  4.6  0.4-10.8 -3.8 16  0.0                           
032012071014101752エナホープ　　　　　　　　　　　　　 24.6  5.3  0.6 -5.5 -1.8 18  0.0                           
032012071116103653ミフリマ　　　　　　　　　　　　　　146.3 27.5-10.0 -7.3 -5.7 14  0.0                           
032012071215105385ウエスタンマリーヤ　　　　　　　　　 18.6  4.2-10.0 -1.3 -3.5 17  0.0                           
032012071315101835サツキワルツ　　　　　　　　　　　　 29.6  6.2  0.0 -2.0 -0.7 19  0.0                           
032012071416103022リーピングリーズン　　　　　　　　　  4.3  1.6 16.9 12.3  9.6 30 14.2                           
032012071516100359ペイシャキュウ　　　　　　　　　　　  4.7  1.7 16.0  6.0  7.0 27  7.9                           
032012080116102520メイスンハナフブキ　　　　　　　　　 26.6  6.0-10.0-17.5 -9.4 11  0.0                           
032012080216105303ロイヤルヴィザージ　　　　　　　　　  5.2  1.9 16.5  5.3  6.9 27  6.9                           
032012080316100248リゲイン　　　　　　　　　　　　　　 31.1  6.9-10.8-10.8 -7.2 13  0.0                           
032012080415105203セイウンミツコ　　　　　　　　　　　  5.9  2.0 12.0  2.5  4.5 25  7.9                           
032012080516104746スワーヴシャルル　　　　　　　　　　  3.3  1.5 14.4 14.6  9.7 30 13.0                           
032012080614106523ドゥモワゼル　　　　　　　　　　　　 40.2  8.7-10.0 -8.2 -6.0 14  0.0                           
032012080715104546エイカイマドンナ　　　　　　　　　　 15.5  3.8 -4.7 13.0  3.4 23  0.0                           
032012080816106030ナタラディーヴァ　　　　　　　　　　  8.6  2.6 18.8  6.0  7.8 28  0.0                           
032012080915102095クリノイダテン　　　　　　　　　　　 80.0 16.2-10.8-10.8 -7.2 13  0.0                           
032012081016101098リュウグウヒメ　　　　　　　　　　　 14.2  3.6-12.5  6.0 -1.5 18  0.0                           
032012081115100043ドクターデューン　　　　　　　　　　 32.1  7.1 12.5  8.5  6.9 27  0.0  5                        
032012081216101780キュールエミヤビ　　　　　　　　　　 29.2  6.5-10.8-10.8 -7.2 13  0.0                           
032012081316101234トウケイココノエ　　　　　　　　　　 86.2 17.4-10.8-10.8 -7.2 13  0.0                           
032012081416105369ストラトスフィア　　　　　　　　　　 12.7  3.2  8.8  2.4  3.5 24  0.0                           
032012081515104753クルークヴァール　　　　　　　　　　  7.4  2.3 13.3-14.3 -1.3 19  8.5                           
032012081616104448ファクトゥーラ　　　　　　　　　　　 29.0  6.4 -5.5-10.8 -5.6 14 11.5                           
032012090116103071サトノアイビス　　　　　　　　　　　 35.4  7.8-10.8-10.8 -7.2 13  0.0                           
032012090216100455サウンドカナロア　　　　　　　　　　 16.6  4.0  4.2 -1.4  0.7 21  9.8                           
032012090314103590シルヴァーメテオ　　　　　　　　　　 66.0 13.6-10.0-14.7 -8.4 12  0.0                           
032012090416101428サーストンネイジュ　　　　　　　　　 31.5  7.0-10.8-13.4 -8.2 12  0.0  0                        
032012090516106486メディクス　　　　　　　　　　　　　  5.0  1.8  6.5  9.9  5.6 26 14.2                           
032012090616106381アスカノダイチ　　　　　　　　　　　  7.8  2.4  9.9 11.8  7.3 27  0.0                           
032012090716106305シルバークレイン　　　　　　　　　　 80.8 16.4 -5.5-10.8 -5.6 14  0.0                           
032012090816110156ユニキャラ　　　　　　　　　　　　　 47.3 10.2-10.8-10.8 -7.2 13  0.0                           
032012090916100418シンゼンブースター　　　　　　　　　  5.2  1.8 11.8 10.2  7.3 27  7.9                           
032012091016110095ワールドイズマイン　　　　　　　　　  5.2  1.8 20.0 12.0 10.4 30  8.1  5                        
032012091115105510カクカクシカジーカ　　　　　　　　　116.4 23.4-10.0 -4.5 -4.7 15  0.0                           
032012091215101808ミンデンユウカ　　　　　　　　　　　 93.0 18.8-12.5 -1.5 -4.3 16  0.0                           
032012091314110082パンサーバローズ　　　　　　　　　　  3.4  1.5 14.0 19.0 11.2 31  6.7                           
032012091415105782パーフェクトウェイ　　　　　　　　　 69.9 14.3-10.0-13.5 -7.9 12  0.0                           
032012091516100306ヤマチョウヴォイス　　　　　　　　　 40.1  8.7-12.5-11.4 -7.9 12  0.0                           
032012091615100828ハルメキ　　　　　　　　　　　　　　  7.3  2.3 10.0  6.0  5.2 25  0.0                           
032012100116100752マイネルウィルトス　　　　　　　　　  3.2  1.3 18.1 18.1 12.1 32  7.3                           
032012100216103067トゥプエデス　　　　　　　　　　　　 20.4  3.9 -5.0-10.8 -5.5 15  0.0                           
032012100315104209デクレアラー　　　　　　　　　　　　 29.4  5.2  0.6 -5.5 -1.8 18  0.0                           
032012100416103607ポベーダテソーロ　　　　　　　　　　 36.2  6.3-10.0-10.0 -6.7 13  0.0                           
032012100515105048ジンゴイスト　　　　　　　　　　　　  5.5  1.6 10.8 11.8  7.6 28 15.3  3                        
032012100616100543メガディスカバリー　　　　　　　　　 36.8  6.4-12.5-10.0 -7.4 13  0.0                           
032012100716100742ナミブ　　　　　　　　　　　　　　　103.2 16.2-12.5-12.7 -8.4 12  0.0                           
032012100816103294ウォルフズハウル　　　　　　　　　　  8.0  2.1 25.0  7.2 10.1 30  8.1                           
032012100916100942ショウナンハルラ　　　　　　　　　　 93.0 14.7-10.0 -4.7 -4.7 15  0.0                           
032012101015100157ロゼフェニックス　　　　　　　　　　 63.6 10.3-12.5 -5.1 -5.6 14  0.0                           
032012101116101958レッドルーヴル　　　　　　　　　　　 19.4  3.7  8.7  8.0  5.5 26  0.0                           
032012101215104983イルーシヴゴールド　　　　　　　　　  2.6  1.3 17.2 19.8 12.4 32 13.0                           
032012101315105202ニシノベースマン　　　　　　　　　　 20.8  3.9-12.5  5.0 -1.9 18  0.0                           
032012101414101754マイネルユニブラン　　　　　　　　　 76.5 12.2-12.5 -0.6 -4.0 16  0.0                           
032012101516106606カラテ　　　　　　　　　　　　　　　 43.0  7.3-12.5 -9.7 -7.3 13  0.0                           
032012101615103021ワタシヲマッテル　　　　　　　　　　 23.8  4.4-10.0  4.9 -1.2 19  0.0                           
032012110115105628ミッキーポジション　　　　　　　　　 23.2  5.2-10.0 28.2  7.3 52  0.0  1  245   25              
032012110214103977ダンツゴウユウ　　　　　　　　　　　  4.3  1.7 17.1 21.7 13.1 58  6.9                           
032012110313102205ヒロブレイブ　　　　　　　　　　　　 72.8 14.6-11.3-10.8 -7.3 38  0.0                           
032012110414105513フュージョンロック　　　　　　　　　 27.6  6.1 -5.0-10.8 -5.5 40 13.3                           
032012110515110047タニノフランケル　　　　　　　　　　 21.9  5.0 -4.7 11.0  2.6 48 22.4                           
032012110614101173アディラート　　　　　　　　　　　　 11.8  3.0 -1.1 -1.6 -0.9 44  0.0                           
032012110712104659サンデーウィザード　　　　　　　　　 19.5  4.6-10.8-10.8 -7.2 38  0.0                           
032012110815100106クロスケ　　　　　　　　　　　　　　 16.3  3.9-12.5-10.0 -7.4 38  0.0                           
032012110914101985チェスナットコート　　　　　　　　　 39.9  8.5-10.8-11.8 -7.6 37 13.2  0                        
032012111014106361クリノフウジン　　　　　　　　　　　 11.4  2.9 -5.5  6.8  0.8 46  0.0                           
032012111113104893プレスティージオ　　　　　　　　　　  7.3  2.3 13.0 11.4  8.1 53  0.0                           
032012111215101174ロードアクシス　　　　　　　　　　　  3.6  1.5 11.9  3.6  4.9 50  6.7                           
032012111310101667カフェリュウジン　　　　　　　　　　137.2 26.9-12.5-10.0 -7.4 38  0.0                           
032012111414102253デザートスネーク　　　　　　　　　　  5.2  1.8 18.8 13.5 10.6 56  0.0                           
032012111514100629ノーブルサターン　　　　　　　　　　 22.8  5.1 -1.7  0.3 -0.4 45  0.0                           
032012120114103017ヒロイックアゲン　　　　　　　　　　  2.5  1.4 15.0 25.2 13.7 44  6.7                           
032012120215105041ハウナニ　　　　　　　　　　　　　　 35.0  7.2  7.5 -5.1  0.4 30  0.0                           
032012120314103453ファイブフォース　　　　　　　　　　 46.2  9.3-12.5 -0.6 -4.0 26  0.0                           
032012120416100689エンジェルカナ　　　　　　　　　　　155.2 29.0-12.5 -9.7 -7.3 23  0.0                           
032012120516101149ロードアクア　　　　　　　　　　　　 14.1  3.4  6.5 14.3  7.2 37  8.6                           
032012120616105994スマイルスター　　　　　　　　　　　  9.0  2.6-12.5 -5.4 -5.7 24  0.0  0                        
032012120716105482アイルチャーム　　　　　　　　　　　 17.8  4.0-10.0 -5.1 -4.9 25 11.5                           
032012120814105700シャインサンデー　　　　　　　　　　  8.5  2.5 12.5 15.0  9.3 39  7.5                           
032012120916102670マイネルアルケミー　　　　　　　　　 14.4  3.4-12.5  4.5 -2.1 28 10.3                           
032012121015100061シルヴェーヌ　　　　　　　　　　　　 31.5  6.6-12.5  2.7 -2.8 27  0.0                           
032012121116101917キタイ　　　　　　　　　　　　　　　 15.0  3.5-12.5 -2.0 -4.5 26  0.0                           
032012121213103801ニシノラディアント　　　　　　　　　 14.3  3.4 -7.0-10.3 -5.9 24  0.0                           
032012121315104337グランドピルエット　　　　　　　　　 14.9  3.5-10.0-19.5-10.1 20  0.0                           
032012121414102033ダノンハイパワー　　　　　　　　　　 31.0  6.5-12.5  8.5 -0.6 29  0.0  5                        
032012121516100321ウォーターエデン　　　　　　　　　　  6.6  2.1 14.9 13.5  9.4 39  7.3                           
032012121616103017ルマーカーブル　　　　　　　　　　　 27.0  5.7-12.5 -3.0 -4.8 25  0.0                           
062036010117102988ヴェリエーロ　　　　　　　　　　　　 44.5  7.6 -6.0 -4.1 -3.3  2  0.0                           
062036010217106368プレシャススパート　　　　　　　　　 25.0  4.5  6.0  1.7  2.4  7  0.0                           
062036010317104395ジュネス　　　　　　　　　　　　　　  5.7  1.7 12.7  8.6  7.0 12 15.1                           
062036010417100794ガルナッチャ　　　　　　　　　　　　 12.4  2.6 12.0 11.2  7.7 13 17.5                           
062036010517106296ラカルマ　　　　　　　　　　　　　　 69.5 11.2-11.4-11.1 -7.5 -2  0.0                           
062036010617103791グレイトサンディー　　　　　　　　　 29.8  5.3 -4.4 -8.3 -4.4  1  0.0                           
062036010717103461トップブランド　　　　　　　　　　　  5.9  1.7 13.2 11.0  8.0 13  6.7                           
062036010817101478ラブキーセキ　　　　　　　　　　　　 52.1  8.8-10.0 -5.7 -5.1  0  0.0                           
062036010917104772エレガントヴォイス　　　　　　　　　  5.0  1.6 15.0 11.3  8.6 14  5.8                           
062036011017104317ジェロボーム　　　　　　　　　　　　  2.1  1.2 19.6 19.7 13.1 18 18.1                           
062036011117105896メイショウコバコ　　　　　　　　　　 50.5  8.5 -2.9 -8.1 -3.8  1  0.0                           
062036011217101138ルージュキッス　　　　　　　　　　　 45.0  7.7 -6.5  3.9 -0.5  4  0.0                           
062036011317105718ゼンダンスネーク　　　　　　　　　　 25.0  4.5  6.2 -9.9 -1.8  3  0.0                           
062036011417102211ゾールシカ　　　　　　　　　　　　　 36.3  6.3-10.4 -9.9 -6.8 -2  0.0                           
062036020117101997ブンロート　　　　　　　　　　　　　  3.9  1.5 12.0 15.3  9.2 14 14.0                           
062036020217100275サンキーウエスト　　　　　　　　　　  3.2  1.4 17.5 15.9 11.1 16 18.1                           
062036020317101020ソルレオーネ　　　　　　　　　　　　 90.3 16.7-10.0-17.3 -9.3 -4  0.0  0                        
062036020417109005エクセルチェイサー　　　　　　　　　176.7 32.1-10.0 -0.6 -3.2  2  0.0                           
062036020517103444ミサトアンバー　　　　　　　　　　　 93.7 17.3-11.4 -3.3 -4.6  0  0.0                           
062036020617100308マホウショ　　　　　　　　　　　　　 71.1 13.3 -8.0 -2.2 -3.2  2  0.0                           
062036020717102465カズモンレアーレ　　　　　　　　　　 10.8  2.7 20.7  6.0  8.4 13  0.0                           
062036020817103191フレアリボン　　　　　　　　　　　　138.1 25.2-10.0-11.1 -7.1 -2  0.0                           
062036020917100926スーコーサファイア　　　　　　　　　150.4 27.4-11.4-10.0 -7.1 -2  0.0                           
062036021017101008グレートコート　　　　　　　　　　　  3.9  1.5  6.0 10.0  5.5 10  6.3                           
062036021117106249タイセイダンク　　　　　　　　　　　  9.0  2.5-10.0  7.0 -0.4  5 17.5                           
062036021217103111コッヘル　　　　　　　　　　　　　　 16.8  3.8 -1.4  6.8  2.1  7  0.0                           
062036021317106060スイスライツ　　　　　　　　　　　　  7.6  2.2 20.0  2.9  7.1 12  6.7                           
062036021417100072シゲルメイオウセイ　　　　　　　　　 18.1  4.0 10.0  8.0  5.9 11  0.0                           
062036021517106435ジュンヒトカップ　　　　　　　　　　 97.9 18.1-10.4-19.5-10.3 -5  0.0  0                        
062036021617102274サーブルルミエール　　　　　　　　　 50.9 10.0-10.0-14.5 -8.3 -3  0.0                           
062036030117102860ユニバーサルタイム　　　　　　　　　 87.3 14.3-11.4-13.1 -8.2 -3  0.0                           
062036030217104430トーセンワンダー　　　　　　　　　　  5.3  1.7 14.1  5.3  6.2 11  5.8A                          
062036030317104256ソイチーノ　　　　　　　　　　　　　121.4 19.6-11.4-13.1 -8.2 -3  0.0                           
062036030417100010テンチシンメイ　　　　　　　　　　　  6.0  1.8 15.2  5.0  6.4 11  6.2                           
062036030517103825ピースボヌール　　　　　　　　　　　 15.3  3.2  4.0  7.9  4.1  9  0.0                           
062036030617102941サイモンサンバ　　　　　　　　　　　164.0 26.2-13.4 -8.4 -7.1 -2  0.0                           
062036030717104104オンザフェーヴル　　　　　　　　　　  7.2  2.0 15.0 19.3 11.6 17 16.3  1  247   57              
062036030817103370フジコウキ　　　　　　　　　　　　　 93.7 15.3-11.4-12.5 -8.0 -3  0.0                           
062036030917104744エリモグリッター　　　　　　　　　　 35.1  6.3-10.0  1.2 -2.6  2  0.0  0                        
062036031017106598ベストランナー　　　　　　　　　　　 22.4  4.2 -4.6  7.3  1.3  6  0.0                           
062036031117103245キタノエイカン　　　　　　　　　　　181.6 29.0-10.0 -9.9 -6.6 -2  0.0                           
062036031217101348ラストマン　　　　　　　　　　　　　  2.1  1.2 20.3 15.6 11.8 17 18.1                           
062036031317102800シゲルペガススザ　　　　　　　　　　 52.2  9.0-10.0-17.1 -9.3 -4  0.0  0                        
062036031417105164パースピレーション　　　　　　　　　 13.2  2.8 20.0  7.0  8.6 14  7.2                           
062036031517100732ヤギリエピファクン　　　　　　　　　 23.3  4.4-10.0 -5.0 -4.8  0 13.0C                          
062036031617100725カッティングロック　　　　　　　　　 17.6  3.5  3.7  8.6  4.3  9  0.0  5                        
062036040117104186リネンミッション　　　　　　　　　　 25.5  5.1 -4.6-20.0 -8.7 -4  0.0                           
062036040217100825ナイトコマンダー　　　　　　　　　　  4.0  1.5 12.0 25.0 12.8 18 21.4                           
062036040317103002ニーケススマイル　　　　　　　　　　  3.5  1.4 15.7  8.1  7.7 13  5.8                           
062036040417109072ゼンダンロマン　　　　　　　　　　　 18.2  3.9 20.0  6.3  8.3 13  0.0                           
062036040517101979マイネルピカソ　　　　　　　　　　　 46.2  8.8-10.0-17.1 -9.3 -4  0.0  0                        
062036040617100919スタニングビスタ　　　　　　　　　　 87.7 15.6-10.0 -9.2 -6.4 -1  0.0                           
062036040717104440トーセンマイベスト　　　　　　　　　 12.8  2.9  1.7  5.8  2.6  8  0.0                           
062036040817109057キョウエイブリッツ　　　　　　　　　 99.7 17.7-10.0-10.3 -6.8 -2  0.0                           
062036040917102804ブロウンアウェイ　　　　　　　　　　 26.6  5.3  6.0-11.1 -2.3  3  0.0                           
062036041017106781キイエクスプロード　　　　　　　　　 74.0 13.3 -6.2 -3.3 -3.1  2  0.0                           
062036041117100081ジョイウイン　　　　　　　　　　　　  3.1  1.3 15.5 17.2 11.0 16 18.1                           
062036041217104591シゲルエリス　　　　　　　　　　　　 38.2  7.4-10.0  1.7 -2.4  3  0.0                           
062036041317104177インプルソ　　　　　　　　　　　　　  8.9  2.4-10.0 26.6  6.8 12  6.7                           
062036041417103271ザサンアップライト　　　　　　　　　 31.6  6.2 -3.4  0.4 -0.9  4 13.7                           
062036041517103416サノノヴィグラス　　　　　　　　　　101.1 17.9-10.0 -5.9 -5.2  0  0.0                           
062036041617101357ティンパニ　　　　　　　　　　　　　 21.0  4.4-10.0 -5.7 -5.1  0  0.0                           
062036050117106723ヒガシヴァルキリー　　　　　　　　　 74.4 14.5-10.0-20.0-10.3 -5  0.0                           
062036050217110046トーヨースターオー　　　　　　　　　 13.3  3.2-13.4  6.0 -1.8  3  0.0                           
062036050317102566アポロヴィクトリア　　　　　　　　　  8.9  2.6 -1.0  7.3  2.4  7  6.8                           
062036050417106429サンデープリンセス　　　　　　　　　 17.2  4.0-10.0  3.7 -1.6  3  0.0                           
062036050517105137ココニアル　　　　　　　　　　　　　 31.7  6.7-10.0-10.0 -6.7 -2  0.0                           
062036050617100476ゴールドハーレー　　　　　　　　　　 14.2  3.4-10.0 -5.9 -5.2  0 17.3                           
062036050717110034グローバリズム　　　　　　　　　　　  5.9  1.9 11.7 10.5  7.4 12  8.9                           
062036050817105018プラットフォーマー　　　　　　　　　  5.2  1.8 12.8 16.5  9.9 15  8.2                           
062036050917100126クリムゾンオーラ　　　　　　　　　　104.5 20.1-10.0-11.3 -7.1 -2  0.0                           
062036051017100947ディレクトゥス　　　　　　　　　　　 75.7 14.7-13.4-14.5 -9.3 -4  0.0                           
062036051117101525ネオストーリー　　　　　　　　　　　  9.5  2.7 11.2 12.0  7.8 13  7.2                           
062036051217105099レッドカルマン　　　　　　　　　　　 47.7  9.8  6.0-12.6 -2.8  2  0.0  0                        
062036051317100366カウイダンス　　　　　　　　　　　　 13.4  3.3  1.9 16.3  6.5 12  0.0  5                        
062036051417103772アテザムール　　　　　　　　　　　　 69.8 13.6  0.5-17.3 -6.2 -1  0.0  0                        
062036051517110129リーガルバトル　　　　　　　　　　　  2.9  1.4 20.0 22.8 14.4 19 18.1                           
062036051617102537フォワードアゲン　　　　　　　　　　 21.5  4.8-11.4 20.5  4.1  9  0.0  3                        
062036060117102936ミスニューヨーク　　　　　　　　　　  9.2  2.5 -2.9  7.4  1.8 22 17.5                           
062036060217102374シベール　　　　　　　　　　　　　　  3.7  1.4 20.0 -1.6  5.4 25 14.0                           
062036060317102457カインドリー　　　　　　　　　　　　 16.9  3.7  6.0  2.0  2.5 23  0.0                           
062036060417105819ハローキャンディ　　　　　　　　　　 13.2  3.0 -5.4  4.5  0.0 20  0.0                           
062036060517102726アマゾーヌ　　　　　　　　　　　　　 13.2  3.0-11.4 -3.1 -4.6 15  8.2                           
062036060617104345ラキャラントシス　　　　　　　　　　  4.1  1.5 14.8 13.7  9.5 29 15.2                           
062036060717105940ジェラペッシュ　　　　　　　　　　　  4.8  1.6 11.3 11.5  7.6 28  0.0                           
062036060817105660ピーエムピンコ　　　　　　　　　　　  3.1  1.3 18.7  8.1  8.6 29 10.6 1                         
062036070115101855ゴムマリ　　　　　　　　　　　　　　  6.9  2.3  7.5 15.6  8.0 28 14.5B                          
062036070215101243マリノエクスプレス　　　　　　　　　  5.4  1.9 11.1  5.3  5.3 25  8.2A                          
062036070316103409ジェイエルフラッグ　　　　　　　　　 28.1  6.5 20.0-10.3  2.2 22  0.0                           
062036070416101444フェアザスピリッツ　　　　　　　　　 43.8  9.8-10.0-11.3 -7.1 13  0.0                           
062036070515104388ハワイアンダンサー　　　　　　　　　 33.6  7.6-11.0  6.9 -0.8 19  0.0                           
062036070615106354ドナプリモ　　　　　　　　　　　　　 63.4 13.5-10.0-14.5 -8.3 12  0.0  0                        
062036070716100181カッチョエペペ　　　　　　　　　　　  6.3  2.1 13.1 14.9  9.4 29  6.8                           
062036070814102358スマイルプリティ　　　　　　　　　　  3.6  1.6 15.0  8.6  7.7 28 12.8                           
062036070916100467ハナブショウ　　　　　　　　　　　　  5.4  1.9 12.9 19.7 11.1 31 15.1  2                        
062036071016106407ゲンパチカナ　　　　　　　　　　　　 83.7 17.6-11.0-12.7 -8.0 12  0.0                           
062036071116104051クリッパークラス　　　　　　　　　　  8.1  2.6-10.0 20.7  4.6 25  7.7                           
062036071215102280レーヌダンス　　　　　　　　　　　　 13.8  3.6 -4.4  9.9  2.3 22  0.0                           
062036071315101491アポロアミ　　　　　　　　　　　　　 17.7  4.4  0.0  5.0  1.8 22  0.0                           
062036071415105856サクラボヌール　　　　　　　　　　　 20.3  5.0-10.4-19.5-10.3 10  0.0  0                        
062036080114105853アーザムブルー　　　　　　　　　　　  4.9  1.7 12.4 18.2 10.4 30 15.2                           
062036080215104994ミレフォリウム　　　　　　　　　　　 29.7  6.0-11.0-13.7 -8.3 12  0.0                           
062036080316103099カンパーニャ　　　　　　　　　　　　  3.0  1.4 21.4 25.4 15.7 36 18.1  1  150   50              
062036080415104225エールグリーツ　　　　　　　　　　　 30.0  6.1 -3.6 12.0  3.3 23  0.0                           
062036080516105457サンディレクション　　　　　　　　　 18.8  4.1-10.0-14.5 -8.3 12  7.7  0                        
062036080615104700ライレローズ　　　　　　　　　　　　 18.9  4.1  3.3  5.9  3.2 23  0.0                           
062036080715104198ギャンブラー　　　　　　　　　　　　 26.3  5.4 20.0 -6.8  3.5 24  0.0                           
062036080816101783スースー　　　　　　　　　　　　　　 52.9 10.2-10.0 -5.7 -5.1 15  0.0                           
062036080916102493ウインレフィナード　　　　　　　　　 14.3  3.3-10.0  8.7  0.2 20  7.2  5                        
062036081014103268ジャッキー　　　　　　　　　　　　　 26.7  5.5-11.4 -7.8 -6.3 14  0.0                           
062036081115104803アングレーム　　　　　　　　　　　　 25.2  5.2  4.2 16.5  7.3 27  0.0                           
062036081216104524ストームリッパー　　　　　　　　　　  4.1  1.5 10.9 19.3 10.3 30  5.8                           
062036081316103386コスモミローディア　　　　　　　　　 24.2  5.0 -4.8 22.7  6.9 27  0.0                           
062036081416106169ミヤケ　　　　　　　　　　　　　　　 60.4 11.3-11.4 -3.3 -4.6 15  0.0                           
062036081516105247シャワークライム　　　　　　　　　　  9.0  2.5  6.0  3.3  3.0 23  9.6                           
062036081613101630クィーンビー　　　　　　　　　　　　 73.5 13.6 -9.2 -6.2 -5.0 15  0.0                           
062036090116102311ワンダーコノシュア　　　　　　　　　 12.0  3.0  7.2  4.3  3.7 34  0.0                           
062036090216104149ツクバソヴァール　　　　　　　　　　 14.2  3.5  3.8-11.1 -2.9 27  7.7                           
062036090316103895フラテルニテ　　　　　　　　　　　　 28.0  6.1 -6.0  0.1 -1.8 28  0.0                           
062036090413103707イルフォーコン　　　　　　　　　　　 23.4  5.2-11.0  6.2 -1.0 29  0.0                           
062036090515104589マサハヤニース　　　　　　　　　　　  5.8  1.9 11.4  5.0  5.3 35  0.0                           
062036090615105399ギガバッケン　　　　　　　　　　　　 56.6 11.4 -9.2 -4.1 -4.3 26  0.0                           
062036090716102324ヒッチコック　　　　　　　　　　　　 17.7  4.2  9.9  8.6  6.1 36  0.0                           
062036090815101738ミラクルヒッター　　　　　　　　　　 31.8  6.9 -9.4-11.8 -7.1 23  0.0                           
062036090914105545ディスカバー　　　　　　　　　　　　167.7 32.5-10.0-14.6 -8.4 22  0.0  0                        
062036091016103463マテリアルワールド　　　　　　　　　 80.3 15.9-11.4-13.1 -8.2 22  0.0                           
062036091115105928ララロワ　　　　　　　　　　　　　　  3.7  1.6 12.0 18.2 10.3 40 12.8                           
062036091214101963ジャカンドジョー　　　　　　　　　　 22.4  5.0-11.4 -4.6 -5.1 25  0.0                           
062036091316104797リヴィエラ　　　　　　　　　　　　　  4.0  1.6 21.8 12.9 11.3 41 14.0                           
062036091414106148ヨシヒコ　　　　　　　　　　　　　　 18.7  4.4-10.0 11.3  1.1 31  9.1B                          
062036091515104471ファイトアローン　　　　　　　　　　 14.7  3.6  3.4 -9.7 -2.5 27 19.8                           
062036091616101055ネオブレイブ　　　　　　　　　　　　  7.8  2.4 20.0 18.6 12.8 43  6.8                           
062036100111104759チャンピオンルパン　　　　　　　　　 16.6  3.2-10.0 -8.9 -6.3 29  0.0  0                        
062036100215105040サンラモンバレー　　　　　　　　　　 15.3  3.0-12.5  5.4 -1.8 33  0.0                           
062036100313105722レッドイグニス　　　　　　　　　　　  3.6  1.4 15.3  7.7  7.4 42 19.8                           
062036100413103993プレシャスエース　　　　　　　　　　 27.8  4.9-10.0 -7.8 -5.9 29  0.0                           
062036100516100107ミヤビパーフェクト　　　　　　　　　  5.6  1.6 18.8 10.5  9.5 44 12.5                           
062036100615100713リープフラウミルヒ　　　　　　　　　  6.8  1.8  9.1  8.6  5.9 41  0.0  5                        
062036100713101928マイネルラフレシア　　　　　　　　　 36.8  6.2 -9.2 -7.9 -5.7 29  0.0                           
062036100816103346サマーセント　　　　　　　　　　　　  7.0  1.9 10.1 11.1  7.1 42 10.3                           
062036100915101105トーセンスーリヤ　　　　　　　　　　  2.3  1.2 19.2 26.3 15.4 50 18.1  2                        
062036110115100416ライオンボス　　　　　　　　　　　　 64.2 14.7 -3.9-13.5 -6.1 39  0.0                           
062036110211103191アルマエルナト　　　　　　　　　　　 27.3  6.8 -3.7-14.5 -6.4 39  0.0                           
062036110315104364トゥラヴェスーラ　　　　　　　　　　  7.7  2.6  7.2  7.4  4.9 50  7.2                           
062036110413101315キングハート　　　　　　　　　　　　  6.7  2.4 12.0  5.3  5.5 51  6.8                           
062036110512100518ダイシンバルカン　　　　　　　　　　 44.8 10.7-12.5-10.1 -7.5 38  0.0                           
062036110615100822タイセイアベニール　　　　　　　　　  8.1  2.7 12.9  7.4  6.6 52  0.0                           
062036110715103340メイショウキョウジ　　　　　　　　　  5.5  2.1 19.9 12.7 10.6 56  8.2                           
062036110814103751ラヴィングアンサー　　　　　　　　　 18.8  5.0-12.5 -9.7 -7.3 38  9.7  0                        
062036110916106453ナランフレグ　　　　　　　　　　　　  4.9  2.0 13.0  6.1  6.1 51  7.5C1                         
062036111013103934カルヴァリオ　　　　　　　　　　　　 13.7  3.8 -3.8 10.4  2.7 48  0.0  5                        
062036111115100494エスターテ　　　　　　　　　　　　　 30.0  7.4-10.0 -2.7 -4.0 41  0.0                           
062036111214101520レジーナフォルテ　　　　　　　　　　 16.2  4.4 10.0 12.0  7.4 52  0.0  5                        
062036111313104550トウショウドラフタ　　　　　　　　　 64.9 14.9-11.4-10.6 -7.3 38  0.0                           
062036111412103249トウショウピスト　　　　　　　　　　 39.5  9.5-11.4 -9.9 -7.1 38  0.0                           
062036111515101397イエローマリンバ　　　　　　　　　　 12.2  3.4  7.5  1.6  2.8 48  8.2                           
062036111616110152マリアズハート　　　　　　　　　　　  6.6  2.4  8.0 16.5  8.4 53 21.4  5                        
062036120116105132ジャパンスウェプト　　　　　　　　　  8.2  2.4 13.3 11.8  8.3 38  0.0                           
062036120215100637ハードカウント　　　　　　　　　　　 21.9  4.8 -2.9 -3.8 -2.3 28  0.0                           
062036120315105319ノボベイビー　　　　　　　　　　　　 14.5  3.4  0.0  0.4  0.1 30  0.0                           
062036120415105605フレッシビレ　　　　　　　　　　　　 45.4  9.2-11.4-10.5 -7.3 23  0.0                           
062036120515106179トッカータ　　　　　　　　　　　　　 51.4 10.3 -9.0  3.9 -1.3 29  0.0                           
062036120614105422ナリノメジャー　　　　　　　　　　　 13.8  3.3 -0.8  5.8  1.9 32 19.8                           
062036120716102319エンパイアシュアー　　　　　　　　　 72.8 13.9-10.4  3.9 -1.7 28  0.0                           
062036120816102081オルクリスト　　　　　　　　　　　　 12.5  3.0  8.5  1.7  3.2 33  7.7                           
062036120916103364イオラナ　　　　　　　　　　　　　　 59.8 11.6-11.0 -4.6 -5.0 25  0.0                           
062036121015105136オレノマニラ　　　　　　　　　　　　 43.6  8.8 20.7 -9.9  2.6 33  0.0                           
062036121115105609サトノユニゾン　　　　　　　　　　　 15.4  3.6  6.0 -9.9 -1.8 28  0.0                           
062036121216103518アポロビビ　　　　　　　　　　　　　  2.4  1.4 15.0 21.8 12.5 42 18.1                           
062036121315104916ミッキーハイド　　　　　　　　　　　 10.7  2.7 10.0 -0.6  2.8 33  6.7  0                        
062036121416102617ウィンターリリー　　　　　　　　　　 12.3  3.0-10.0  1.0 -2.6 27 10.3                           
062036121515104603コウギョウブライト　　　　　　　　　  7.6  2.3-10.0 21.8  5.0 35  5.8                           
062036121616101493パドカトル　　　　　　　　　　　　　 19.6  4.4 15.0  1.3  5.0 35  0.0  5                        
092026010117102433メイショウモクレン　　　　　　　　　 69.8 11.9-10.9-15.8 -8.7 -4  0.0  0                        
092026010217103876ペルルドール　　　　　　　　　　　　  4.4  1.6 13.2 16.4  9.8 15 17.7                           
092026010317100823スズカスペクトル　　　　　　　　　　 48.7  8.7-10.9-10.2 -7.1 -2  0.0                           
092026010417101806リピネ　　　　　　　　　　　　　　　 17.7  3.6 12.5  8.1  7.0 12  0.0  5                        
092026010517105095マテラハピネス　　　　　　　　　　　 39.2  7.2-10.9 -4.9 -5.5  0  0.0                           
092026010617106096エイシンマーチング　　　　　　　　　 80.9 13.7-11.5-15.8 -9.0 -4  0.0                           
092026010717103124ヤマニンスープル　　　　　　　　　　 80.9 13.7-11.5 -5.7 -5.9 -1  0.0                           
092026010817102849ラスティングラヴ　　　　　　　　　　 20.6  4.1 -5.6-15.1 -6.6 -2  0.0                           
092026010917104460タイセイチアーズ　　　　　　　　　　 22.1  4.3 -4.2 12.6  2.2  7  0.0                           
092026011017104653サンデージュピター　　　　　　　　　  6.4  1.9 13.4 19.5 10.8 16 13.4                           
092026011117105012チェルアルコ　　　　　　　　　　　　  6.9  2.0  6.5 12.0  6.0 11 20.6  4                        
092026011217103862ダンツエリーゼ　　　　　　　　　　　  2.4  1.3 20.1 13.0 11.3 16 16.2                           
092026011317101816ラボンダンス　　　　　　　　　　　　 26.6  5.1-11.5-16.0 -9.0 -4  0.0  0                        
092026011417100104ワイドディスボン　　　　　　　　　　 19.2  3.9  3.2  5.9  2.9  8  0.0                           
092026011517103961エンカンタドーラ　　　　　　　　　　 16.1  3.4-10.9  0.2 -3.9  1  0.0                           
092026011617102140エケベリア　　　　　　　　　　　　　 73.9 12.6 -5.6 -1.7 -2.6  2  0.0                           
092026020117102000ファンキーホース　　　　　　　　　　  5.8  1.9 -0.2 22.6  6.7 12 13.4                           
092026020217100830サンドジョーカー　　　　　　　　　　 15.5  3.7-10.9 -5.1 -5.5 -1  0.0                           
092026020317104341ビービーファブル　　　　　　　　　　 23.3  5.1  9.1  8.0  5.7 11  0.0                           
092026020417104782テランガ　　　　　　　　　　　　　　  4.1  1.6 14.3 15.8 10.0 15  0.0  4                        
092026020517105997ペプチドシンデレラ　　　　　　　　　  8.5  2.5 16.4  0.8  6.3 11  0.0                           
092026020617104244タイセイブルース　　　　　　　　　　 13.3  3.2  0.7  6.5  2.2  7  0.0                           
092026020717102514ジョーフォレスト　　　　　　　　　　  3.4  1.5  5.8 22.2  8.8 14 16.2                           
092026020817100473ジューンマウス　　　　　　　　　　　 23.9  5.2-10.9 -4.6 -5.4  0  0.0                           
092026020917102429アスタービオラ　　　　　　　　　　　 56.9 11.3-11.5 -0.5 -4.4  1  0.0                           
092026021017103766フレッシュステージ　　　　　　　　　 27.0  5.8-10.9 -9.8 -6.9 -2  0.0                           
092026021117102513コズミックランナー　　　　　　　　　 14.6  3.5  1.8  7.5  2.9  8  0.0                           
092026021217105009アイオーン　　　　　　　　　　　　　 99.9 19.3-10.9 -9.1 -6.7 -2  0.0                           
092026021317100429ムーンレース　　　　　　　　　　　　 16.6  3.9  1.2  5.2  2.0  7 28.0                           
092026021417106062メイショウマサカツ　　　　　　　　　 16.5  3.9  4.9  9.1  4.5 10 26.5                           
092026021517104215プリティユニバンス　　　　　　　　　 45.9  9.4-11.5  6.1 -2.4  3  0.0                           
092026021617105797メイショウココロネ　　　　　　　　　 60.1 11.9-10.9-14.7 -8.4 -3  0.0                           
092026030117106227オーバーリミット　　　　　　　　　　 26.8  5.3 -5.6 -7.1 -4.2  1  0.0                           
092026030217101563ケイアイリア　　　　　　　　　　　　115.3 20.1-10.9-11.4 -7.4 -2  0.0                           
092026030317106178ダンツクルーズ　　　　　　　　　　　 44.6  8.4-10.9-12.7 -7.8 -3  0.0                           
092026030417104897マテンロウヴァモス　　　　　　　　　  9.3  2.5  5.4 16.2  6.8 12 22.1                           
092026030517102173トキノソマリ　　　　　　　　　　　　  5.2  1.7 17.7 12.7 10.3 15  0.0                           
092026030617101399バトル　　　　　　　　　　　　　　　104.4 18.3-15.0-10.6 -8.7 -4  0.0                           
092026030717110159ベッサメモー　　　　　　　　　　　　  2.7  1.3 18.4 15.8 11.5 16 16.2  4                        
092026030817102633パイナポー　　　　　　　　　　　　　 49.6  9.3-10.9 -9.3 -6.8 -2  0.0  0                        
092026030917101560ケイアイドリー　　　　　　　　　　　  6.2  1.9 11.7 20.3 10.4 15 20.6                           
092026031017106413メイショウメイユウ　　　　　　　　　 47.4  8.9-10.9-12.0 -7.6 -3  0.0                           
092026031117101239カネコメノボル　　　　　　　　　　　 48.9  9.1-10.9 -4.9 -5.5  0  0.0                           
092026031217104935オメガドラゴン　　　　　　　　　　　  4.1  1.5 10.2 12.7  7.6 13 12.4                           
092026031317101865ローレルオルブラン　　　　　　　　　 18.9  4.0-11.5  9.4 -1.4  4  0.0                           
092026031417100436グレートバローズ　　　　　　　　　　 16.8  3.6  1.8  8.0  3.1  8  0.0                           
092026031517103409スズノプレジャー　　　　　　　　　　 65.0 11.6 -5.6  8.8  0.6  6  0.0                           
092026031617101068シャープレシオ　　　　　　　　　　　 43.0  8.1-10.9 -9.8 -6.9 -2  0.0                           
092026040117105345グレーフェンベルク　　　　　　　　　 57.5  9.1-11.5-12.1 -7.8 -3  0.0                           
092026040217104924ナリタアレス　　　　　　　　　　　　  3.6  1.4 16.5 19.1 11.8 17 17.7                           
092026040317101185ワーウルフ　　　　　　　　　　　　　 13.2  2.7  6.5 14.8  6.8 12  0.0  4                        
092026040417109071マルカバージョン　　　　　　　　　　 76.8 12.0-11.5 -3.4 -5.2  0  0.0  0                        
092026040517110179インゴニャーマ　　　　　　　　　　　 40.4  6.8 -5.6 -7.5 -4.3  1  0.0                           
092026040617105467ノーウェアランド　　　　　　　　　　  2.3  1.2 21.5 25.4 15.5 21 16.2                           
092026040717100464エヒト　　　　　　　　　　　　　　　 14.0  2.8 -2.1  9.1  2.0  7  0.0                           
092026040817103474プルセイラ　　　　　　　　　　　　　 78.3 12.2-10.9-10.2 -7.1 -2  0.0                           
092026040917101439ウインサンフラワー　　　　　　　　　  6.4  1.8 12.2 31.2 13.8 19 13.4                           
092026041017104887ストークダバノン　　　　　　　　　　 10.9  2.3  3.3  9.1  3.9  9  0.0                           
092026041117104882レッドキュリアス　　　　　　　　　　 35.1  6.0-10.9-15.1 -8.5 -4 28.0                           
092026041217105511サンテルノ　　　　　　　　　　　　　 25.7  4.6 -5.6 -6.3 -3.9  1  0.0                           
092026041317101523スマイルガール　　　　　　　　　　　 41.2  6.9  5.1 14.2  6.1 11  0.0                           
092026041417106716ホワイトエース　　　　　　　　　　　 27.1  4.8  1.8 -9.0 -2.0  3  0.0                           
092026041517106022メイショウドンド　　　　　　　　　　 38.5  6.5-10.9-10.2 -7.1 -2  0.0                           
092026041617101594テイエムプリジャン　　　　　　　　　 88.1 13.7-10.9-13.6 -8.1 -3  0.0                           
092026050117105745エイシンパラディン　　　　　　　　　 51.6 11.5-11.5-14.7 -8.6 11  0.0  0                        
092026050217105358ソウルユニバンス　　　　　　　　　　 27.2  6.4  1.1 -1.1  0.1 20  0.0                           
092026050317106018コパノマーキュリー　　　　　　　　　 46.2 10.4 -2.4-12.1 -4.5 15  0.0                           
092026050417105329インザムード　　　　　　　　　　　　 18.5  4.6-11.5-12.1 -7.8 12  0.0                           
092026050517101162サツキマス　　　　　　　　　　　　　 27.6  6.5  5.8 -3.9  1.0 21  0.0                           
092026050617102873ヴィンチェーレ　　　　　　　　　　　  6.4  2.2  1.8  4.3  2.0 22 20.6                           
092026050717105414シーハーハー　　　　　　　　　　　　 51.7 11.6-10.9 -8.6 -6.6 13  0.0                           
092026050817100622ワルツフォーデビー　　　　　　　　　 12.9  3.4-10.9-15.2 -8.6 11  0.0                           
092026050917101474イーサンティラノ　　　　　　　　　　 22.7  5.4 -4.2  8.4  1.0 21  0.0                           
092026051017100670ブルベアノット　　　　　　　　　　　 51.5 11.5-10.9 -8.8 -6.6 13  0.0                           
092026051117102007スリーピート　　　　　　　　　　　　  5.0  1.9 17.2  5.3  7.9 28 12.4 1                         
092026051217102588ニシノホライゾン　　　　　　　　　　 26.2  6.2 -9.7 -0.6 -3.7 16  0.0                           
092026051317105473グランドデューク　　　　　　　　　　  7.1  2.4 -3.6 23.4  5.7 26 22.1                           
092026051417105282サイクロトロン　　　　　　　　　　　  4.0  1.7 16.4 20.7 12.2 32 16.2                           
092026051517106283トリプルシックス　　　　　　　　　　 17.7  4.4  5.8 -4.9  0.7 21  0.0                           
092026051617106028メイショウカッサイ　　　　　　　　　  5.4  2.0 13.8 13.2  9.0 29  0.0                           
092026060115102639アルマトップエンド　　　　　　　　　 22.9  4.8 -2.9 -7.3 -3.3 17  0.0                           
092026060216100589セロシア　　　　　　　　　　　　　　  4.7  1.6 17.0 25.0 13.7 34 19.1  1  147   46              
092026060316104429ドラウプニル　　　　　　　　　　　　  4.4  1.6 20.2 19.1 13.1 33 12.4  3                        
092026060416104677イシュタルゲート　　　　　　　　　　  5.3  1.7  9.9 11.3  7.0 27 22.1                           
092026060514102648トウシンアサヒ　　　　　　　　　　　 35.6  7.1-11.5-10.1 -7.2 13  0.0                           
092026060614105933シェアザモーメント　　　　　　　　　  4.7  1.6  9.8  5.1  5.1 25  0.0                           
092026060715101320リバプールタウン　　　　　　　　　　  2.8  1.3 19.4 28.4 15.6 36 16.2                           
092026060815106180サージュミノル　　　　　　　　　　　 17.8  3.9 -8.3-10.8 -6.3 14  0.0                           
092026060915103807ハルキストン　　　　　　　　　　　　 20.0  4.3 -1.0-12.1 -4.0 16  0.0                           
092026070115102130ニホンピロヘイロー　　　　　　　　　 22.5  4.7 -5.6 -4.0 -3.3 17  0.0  0                        
092026070216103129アスクフラッシュ　　　　　　　　　　 47.0  9.1 -2.4  0.0 -0.9 19 32.4                           
092026070315101391ダノンフォーチュン　　　　　　　　　  6.3  1.9  6.5 10.3  5.5 25  0.0                           
092026070414110099ゴールドハット　　　　　　　　　　　 26.2  5.4-11.5 -0.9 -4.5 16  0.0                           
092026070514102300ダイシンクイント　　　　　　　　　　 47.3  9.1-10.9  9.1 -1.3 19  0.0                           
092026070616105867セントウル　　　　　　　　　　　　　 24.8  5.1 -5.6 15.2  2.5 23  0.0                           
092026070716101153ダノンシティ　　　　　　　　　　　　 49.9  9.6-10.9-16.0 -8.8 11  0.0  0                        
092026070816104359ブランシェット　　　　　　　　　　　 49.9  9.6-10.9 -9.8 -6.9 13  0.0                           
092026070916104767アンクルテイオウ　　　　　　　　　　 14.4  3.3 -5.5  2.9 -1.1 19  0.0                           
092026071016104678アーデンフォレスト　　　　　　　　　  2.7  1.4 20.2 19.7 13.3 33 16.2                           
092026071116110008ミッドサマーハウス　　　　　　　　　 19.9  4.3  4.0 -2.0  0.9 21  0.0                           
092026071216103123ボマイェ　　　　　　　　　　　　　　  5.8  1.8 12.4 13.3  8.5 29  0.0                           
092026071316101156ロードゼウス　　　　　　　　　　　　 32.9  6.6-10.3 -1.2 -4.1 16  0.0                           
092026071413103004ショウナンサスケ　　　　　　　　　　 13.6  3.1  2.5 15.8  5.7 26 15.4  4                        
092026071516101718マルモネオフォース　　　　　　　　　  4.5  1.6 18.0 13.1 10.5 31 17.7                           
092026080116103291レシプロケイト　　　　　　　　　　　  7.0  2.2  8.5  5.5  4.8 35 13.4                           
092026080216102749ガンケン　　　　　　　　　　　　　　  4.2  1.7 16.4 15.1 10.5 41 17.7                           
092026080315101402サンライズフルメン　　　　　　　　　 42.8  8.9-11.5-10.2 -7.3 23  0.0                           
092026080415110021ステラストラータ　　　　　　　　　　 44.0  9.1 -9.7-10.5 -6.7 23  0.0                           
092026080516106527プレイヤーズハイ　　　　　　　　　　 15.2  3.6  8.5  8.9  5.8 36  0.0                           
092026080615101341ロイヤルバローズ　　　　　　　　　　 13.7  3.3 -5.6 -7.3 -4.2 26  0.0                           
092026080716103774グトルフォス　　　　　　　　　　　　  8.0  2.4  9.1  7.2  5.5 35 22.1                           
092026080815102754ショウナンアンビル　　　　　　　　　 29.9  6.4-10.9-15.8 -8.7 21  0.0  0                        
092026080914101462スズカゴーディー　　　　　　　　　　  7.2  2.2 11.6  9.4  7.1 37  0.0                           
092026081016104193メイショウハナモリ　　　　　　　　　 96.3 18.7-10.9-10.8 -7.2 23  0.0                           
092026081115101378クールリフレイン　　　　　　　　　　 34.4  7.3 -0.2-14.2 -4.3 26  0.0                           
092026081211106567テーオーソルジャー　　　　　　　　　 72.3 14.2-10.9-10.7 -7.2 23  0.0                           
092026081313110071カバトット　　　　　　　　　　　　　 55.9 11.1-10.9-15.2 -8.6 21  0.0                           
092026081415110068カミノコ　　　　　　　　　　　　　　 23.8  5.2-10.9 30.5  5.2 35  0.0                           
092026081514101308テイエムグッドマン　　　　　　　　　  3.4  1.5 14.7 16.3 10.3 40 16.2                           
092026081615110082ラムセスバローズ　　　　　　　　　　 12.1  3.0 -5.1-14.8 -6.3 24  0.0  0                        
092026090117104095ジャルジェ　　　　　　　　　　　　　 19.3  3.9 -2.1 -8.1 -3.2 42 17.5  0                        
092026090217101415ウインマイティー　　　　　　　　　　  5.6  1.7  2.8 19.4  6.8 52 20.6                           
092026090317105354ライティア　　　　　　　　　　　　　  4.5  1.5 13.1 17.7 10.1 55  0.0  3                        
092026090417106203アカイイト　　　　　　　　　　　　　 11.4  2.6 11.7 10.7  7.5 53  0.0  5                        
092026090517104973リリーピュアハート　　　　　　　　　  2.4  1.2 20.2 20.2 13.5 58 16.2                           
092026090617100796ルーチェデラヴィタ　　　　　　　　　 28.6  5.4  1.2-14.6 -3.9 41  0.0  0                        
092026090717104103キングスタイル　　　　　　　　　　　 26.7  5.1-11.5 -7.5 -6.5 39  0.0                           
092026090817102294イズジョーノキセキ　　　　　　　　　  4.8  1.6 12.5 11.8  8.1 53 19.1                           
092026090917105582ルビーカサブランカ　　　　　　　　　 12.9  2.8  8.2  6.6  5.0 50  0.0                           
092026091017102403ヴィースバーデン　　　　　　　　　　 27.6  5.2 -5.6 -4.6 -3.4 42  0.0                           
092026100113101476レーヴムーン　　　　　　　　　　　　 62.3 12.3-10.9 -9.0 -6.7 28  0.0                           
092026100216105313ナーゲルリング　　　　　　　　　　　 48.6 10.0 -9.7-10.5 -6.7 28  0.0                           
092026100315104699フレッチア　　　　　　　　　　　　　  3.2  1.5 19.3 14.9 11.5 47 16.2                           
092026100413102193ヒルノマゼラン　　　　　　　　　　　  6.2  2.0 11.6 14.1  8.5 43 19.1                           
092026100515105276シセイヒテン　　　　　　　　　　　　  7.0  2.2 -9.7 -1.3 -3.9 31 20.6                           
092026100616101492ジョーマンデリン　　　　　　　　　　 17.3  4.0 -5.1-11.1 -5.2 30  0.0                           
092026100713100756キアロスクーロ　　　　　　　　　　　 11.2  2.8  9.7 12.4  7.3 42 15.4                           
092026100814103404タケショウベスト　　　　　　　　　　 41.7  8.7 -9.7-10.5 -6.7 28  0.0                           
092026100916110041ショウナンアリアナ　　　　　　　　　 69.5 13.7-10.8-10.7 -7.2 28  0.0                           
092026101014104076ジョーアラビカ　　　　　　　　　　　  4.5  1.7 18.5 16.6 11.8 47  0.0                           
092026101115103296スリーケープマンボ　　　　　　　　　 20.1  4.6  5.0 -1.9  1.3 36  0.0                           
092026101211100215クラウンルシフェル　　　　　　　　　100.7 19.5 -9.7-10.5 -6.7 28  0.0                           
092026101314104304デスティニーソング　　　　　　　　　 26.0  5.7-10.8-14.6 -8.3 27  0.0                           
092026101414103032グランドロワ　　　　　　　　　　　　 14.6  3.5 -5.6 21.1  4.3 39  0.0                           
092026101512101643イサチルホープ　　　　　　　　　　　 22.0  4.9 -1.5  6.5  1.4 36  0.0                           
092026101615102413グッドジュエリー　　　　　　　　　　 13.5  3.3  5.8  3.1  3.1 38  0.0                           
092026110117105537ナイントゥファイブ　　　　　　　　　143.6 29.5-10.9 -8.6 -6.6 53  0.0                           
092026110217101823チェーンオブラブ　　　　　　　　　　 64.2 13.6-12.5 -8.4 -7.1 53  0.0                           
092026110317102342スマイルカナ　　　　　　　　　　　　 49.8 11.0-11.4  4.7 -2.8 57  0.0                           
092026110417105485サンクテュエール　　　　　　　　　　  7.5  2.4 13.2 13.7  8.9 69  0.0  5                        
092026110517100043マルターズディオサ　　　　　　　　　  7.7  2.5 17.0 17.7 11.5 72 11.5  3                        
092026110617106613ウーマンズハート　　　　　　　　　　 39.8  8.9 -5.6-11.6 -5.5 54  0.0                           
092026110717102212ヒルノマリブ　　　　　　　　　　　　 64.7 13.7-10.9-14.4 -8.3 52  0.0  0                        
092026110817105613リアアメリア　　　　　　　　　　　　  6.9  2.3 15.0 25.4 13.1 73 13.4                           
092026110917100720デアリングタクト　　　　　　　　　　  4.6  1.8 11.5 15.0  8.7 69 17.7                           
092026111017101797フィオリキアリ　　　　　　　　　　　138.9 28.6-10.9-11.1 -7.3 53  0.0                           
092026111117100404クラヴァシュドール　　　　　　　　　  9.4  2.9  0.8 11.3  3.7 64  0.0                           
092026111217100437インターミッション　　　　　　　　　123.6 25.5-12.5 -6.0 -6.4 54  0.0  0                        
092026111317104804マジックキャッスル　　　　　　　　　 14.4  3.7 10.7 14.4  8.2 68  0.0                           
092026111417105576ミヤマザクラ　　　　　　　　　　　　  7.3  2.4 14.5 11.7  8.8 69  0.0                           
092026111517103385ヤマカツマーメイド　　　　　　　　　 32.9  7.5-10.9 -6.5 -5.9 54  0.0                           
092026111617106595ケープコッド　　　　　　　　　　　　104.2 21.6-12.5-12.6 -8.4 52  0.0  0                        
092026111717105563レシステンシア　　　　　　　　　　　  4.0  1.7 15.9 26.9 13.9 74 16.2                           
092026111817104058エーポス　　　　　　　　　　　　　　 22.0  5.2 -2.4-14.4 -5.2 55  0.0  0                        
092026120116106450タイサイ　　　　　　　　　　　　　　  8.1  2.3 15.8 24.2 13.1 48 14.4                           
092026120216103211スマートセラヴィー　　　　　　　　　 40.7  7.8 -2.4 -7.5 -3.1 32  0.0                           
092026120315102215マリオ　　　　　　　　　　　　　　　 19.2  4.1-10.9  2.1 -3.4 32  0.0                           
092026120415105868サクラアリュール　　　　　　　　　　  6.0  1.9 15.2  6.1  7.4 42 17.7                           
092026120514105073スペクター　　　　　　　　　　　　　 23.9  4.9  2.8 -9.8 -1.9 33  0.0                           
092026120615104625トワイライトタイム　　　　　　　　　 14.5  3.3 -5.6-13.6 -6.1 29  0.0                           
092026120714103291スズカフリオーソ　　　　　　　　　　 12.6  2.9 -2.6  6.3  0.9 36  0.0                           
092026120815105502グローリーグローリ　　　　　　　　　 14.3  3.2 -5.6 12.6  1.7 37  0.0                           
092026120916110103ユニコーンライオン　　　　　　　　　  7.9  2.2  1.8 13.4  4.7 40 19.1                           
092026121016100538タガノファジョーロ　　　　　　　　　 71.2 12.9 -5.6-11.8 -5.6 29  0.0                           
092026121114100511タガノヴェローナ　　　　　　　　　　 30.4  6.0 -4.1 -4.6 -2.9 32  0.0                           
092026121215101339ダノンロイヤル　　　　　　　　　　　 17.4  3.8  2.8 -9.7 -1.9 33  0.0  0                        
092026121314103095サマーサプライズ　　　　　　　　　　 85.1 15.3-10.9-12.1 -7.6 27  0.0                           
092026121414101854スペリオルシチー　　　　　　　　　　 48.7  9.3 -9.7-10.5 -6.7 28  0.0                           
092026121516102334コンカラー　　　　　　　　　　　　　  2.3  1.3 18.5 17.3 12.0 47 16.2  2                        
092026121615110015アニエーゼ　　　　　　　　　　　　　 52.1  9.9-11.5-15.8 -9.0 26  0.0                           
