012225010120102513トーセントゥーリオ　　　　　　　　　 19.1  6.5-12.4-19.6-10.9 -6  0.0  0                        
012225010220105201ウインエタンセル　　　　　　　　　　  8.5  3.3  9.0  6.3  5.0 10  0.0                           
012225010320102535トーセントラム　　　　　　　　　　　  3.4  1.5 16.2  9.0  8.2 13 17.3                           
012225010420106767ウェンス　　　　　　　　　　　　　　  9.2  3.6  1.2 20.0  7.7 13  0.0                           
012225010520103466キングズレイン　　　　　　　　　　　  1.9  1.2 24.9 22.9 15.9 21 15.8  1   99   82              
012225010620100903サンデーヒーロー　　　　　　　　　　 14.9  5.1  0.2  2.2  0.9  6  0.0                           
012225010720105726セクシーコマンドー　　　　　　　　　  4.7  2.0 15.8  4.7  6.5 11 18.7                           
012225020120104831コパノエルパソ　　　　　　　　　　　 19.6  3.4-13.6-15.0 -9.6 -5  0.0  0                        
012225020220107093ユキノソックス　　　　　　　　　　　 20.7  3.5 -5.1 -5.4 -3.5  1  0.0                           
012225020320101349ナックホリデー　　　　　　　　　　　 19.9  3.4 -9.2-20.0-10.1 -5  0.0                           
012225020420105571レイフォール　　　　　　　　　　　　  2.9  1.2 19.7 40.0 20.6 26 17.3                           
012225020520104778チャイボーグ　　　　　　　　　　　　 13.0  2.5-12.4 -7.8 -6.6 -2  0.0                           
012225020620100070クリノヒーロー　　　　　　　　　　　 10.7  2.2 12.0 11.9  8.0 13 10.1  4                        
012225020720101848バロットボックス　　　　　　　　　　  3.8  1.3 15.2 12.8  9.3 14  9.4                           
012225020820105895フォルテース　　　　　　　　　　　　  2.4  1.2 22.6  8.3  9.8 15 15.8                           
012225030119101624スターザサンライズ　　　　　　　　　  5.9  2.1 11.0 10.8  7.3 12 10.1                           
012225030219102346ムーンワード　　　　　　　　　　　　 22.3  5.4 -5.1-20.0 -8.9 -4  0.0                           
012225030319104547グランパドゥシャ　　　　　　　　　　  9.1  2.9 17.9 12.0  9.8 15  0.0                           
012225030419103695メイショウカンギク　　　　　　　　　 24.7  6.0 -8.9-10.3 -6.4 -1  0.0                           
012225030519105432アンジーニョ　　　　　　　　　　　　 18.7  4.7-10.6-10.3 -7.0 -2  0.0                           
012225030619105399デュードメール　　　　　　　　　　　 18.3  4.7 -8.9-15.3 -8.3 -3 12.2                           
012225030719100168ベジェサ　　　　　　　　　　　　　　  4.8  1.8 17.5 10.6  9.1 14 17.3                           
012225030819105524ジェネラルウィル　　　　　　　　　　  6.1  2.1 11.2  3.5  4.6 10  0.0                           
012225030919105417ベルアクトリス　　　　　　　　　　　 24.2  5.8 -8.4 -3.6 -3.8  1  0.0                           
012225031019107032サリーチャン　　　　　　　　　　　　  4.4  1.8 11.8  4.9  5.3 10  7.9                           
012225031119106680プレミアムベリー　　　　　　　　　　  4.9  1.8 16.8  3.8  6.4 11  9.4                           
012225031219100325アタカマリン　　　　　　　　　　　　 19.1  4.8-12.6-10.3 -7.6 -3  0.0                           
012225040119101746ベニッシモ　　　　　　　　　　　　　  3.5  1.4 21.8 23.6 15.2 20 17.3  1  181   38              
012225040219103571セイウンマリンガー　　　　　　　　　 17.9  3.8  3.6  6.4  3.4  8  0.0                           
012225040319105786ハイアキュレイト　　　　　　　　　　 39.5  7.4 -7.1 -6.3 -4.4  1  0.0                           
012225040419102510アップフルーク　　　　　　　　　　　 24.8  4.9-10.7 -4.8 -5.0  0  0.0                           
012225040519104917デルマアメミット　　　　　　　　　　 43.0  8.0 -8.8-10.7 -6.6 -2  0.0                           
012225040619102777ヤマニンクイッカー　　　　　　　　　  6.3  1.9 13.5  9.0  7.3 12  0.0                           
012225040719103875ロルバーンスカイ　　　　　　　　　　  5.6  1.8 13.9  5.3  6.1 11 18.7                           
012225040819106488カイザーレオン　　　　　　　　　　　  3.0  1.4 17.8 17.8 11.9 17 15.8                           
012225040919105761エティエンヌ　　　　　　　　　　　　 35.6  6.8 -8.9  6.3 -0.4  5  0.0                           
012225041019103537シードザブレイク　　　　　　　　　　 13.3  3.0  4.4  4.2  2.9  8  0.0                           
012225041119104650フラッシュサンダー　　　　　　　　　 41.7  7.8-10.7 -2.3 -4.1  1  0.0                           
012225041219104927カラフルワウ　　　　　　　　　　　　 23.0  4.6 -2.9 -5.0 -2.7  2  0.0                           
012225041319106375アスクレッドスター　　　　　　　　　 23.8  4.7 -8.9 -9.1 -6.0 -1  0.0                           
012225041419103981シトラスダル　　　　　　　　　　　　 28.2  5.5-12.4 -9.0 -7.0 -2  0.0                           
012225050120100149シザジー　　　　　　　　　　　　　　 13.1  5.0-12.4-10.3 -7.5 -7  0.0                           
012225050220102866フクチャンキング　　　　　　　　　　  3.6  1.8 18.6 18.7 12.4 12 17.3  4                        
012225050320102891ユティタム　　　　　　　　　　　　　  2.4  1.4 21.8 26.6 16.3 16 15.8                           
012225050420103474シュニー　　　　　　　　　　　　　　  7.2  3.2 -3.2-10.6 -4.8 -5  0.0                           
012225050520104134ピッチパーフェクト　　　　　　　　　  6.6  2.9  9.7  4.9  4.7  5  0.0                           
012225050620101874ペリエール　　　　　　　　　　　　　  4.2  2.0 12.4 13.9  8.8  9 18.7                           
012225050720100189アレクサ　　　　　　　　　　　　　　 12.2  4.7 -1.2  1.7  0.3  0  0.0                           
012225060119102523タレントゥーサ　　　　　　　　　　　 48.3 11.0-10.7 -8.5 -6.3 -1  0.0                           
012225060219102935プラティナマリア　　　　　　　　　　 24.3  5.9-10.7 -7.0 -5.8 -1  0.0                           
012225060319106886チカレンヌ　　　　　　　　　　　　　 10.9  3.0  5.5  6.4  4.0  9  0.0                           
012225060419101638パンドーロ　　　　　　　　　　　　　 14.1  3.7 -4.1  0.3 -1.1  4  0.0                           
012225060519105420シウン　　　　　　　　　　　　　　　 38.0  8.8 -8.0-15.3 -8.0 -3  0.0                           
012225060619110029バーストオブカラー　　　　　　　　　  4.0  1.7 14.2  9.7  7.8 13 15.8                           
012225060719105146ジャスティンエース　　　　　　　　　  5.4  2.0 11.6 16.0  9.3 14  9.4                           
012225060819110005ベルマレット　　　　　　　　　　　　 20.4  5.1 -3.6-10.7 -5.0  0  0.0  0                        
012225060919105531ブラーバック　　　　　　　　　　　　  6.1  2.2 12.5  8.4  6.8 12 20.2  5                        
012225061019100754シャノワール　　　　　　　　　　　　  8.9  2.8 10.6 11.9  7.5 13 10.8                           
012225061119105522ホートンプレインズ　　　　　　　　　  9.1  2.9  5.0  5.0  3.3  8  0.0                           
012225061219104906ルージュエピス　　　　　　　　　　　 31.9  7.5-10.9-13.6 -8.3 -3  0.0  0                        
012225061319105024アイスケイブ　　　　　　　　　　　　 34.8  8.1-12.4 -9.6 -7.2 -2  0.0                           
012225061419105100エアシャロウ　　　　　　　　　　　　  5.4  2.0 14.2 11.2  8.4 13  0.0                           
012225070118106588ゲンパチリベロ　　　　　　　　　　　  6.7  2.0 13.0  9.2  7.3 27 10.1                           
012225070217102171セツメンノトビウオ　　　　　　　　　 21.7  4.5 -4.9 -9.6 -5.0 15  0.0                           
012225070319102850イザトナレバ　　　　　　　　　　　　 52.6 10.0-13.6-10.7 -8.0 12  0.0                           
012225070419104981レッドランメルト　　　　　　　　　　  2.5  1.3 22.6 16.6 12.9 33 15.8                           
012225070518105476メイレンシュタイン　　　　　　　　　 26.7  5.4-10.5-10.7 -7.1 13  0.0                           
012225070619104369アナザーエデン　　　　　　　　　　　 30.6  6.1 -8.8  7.7  0.2 20  0.0                           
012225070719103100サルサロッサ　　　　　　　　　　　　  5.0  1.7 14.6 11.6  8.6 29  8.6                           
012225070819106038ヒルノロワール　　　　　　　　　　　 30.8  6.1 -4.7 -7.0 -4.0 16  0.0                           
012225070919106411ティーライトニング　　　　　　　　　 30.0  6.0-10.7-10.7 -7.1 13  0.0                           
012225071018106154エスコバル　　　　　　　　　　　　　  6.5  2.0 16.1 13.2  9.7 30 18.7  5                        
012225071116103386コスモミローディア　　　　　　　　　 15.2  3.4  4.0  2.6  2.2 22  0.0                           
012225071218105409レシャバール　　　　　　　　　　　　 32.5  6.4 -8.9 -8.5 -5.8 14  0.0                           
012225071319105844ディープレイヤー　　　　　　　　　　  6.8  2.0  8.5  3.6  3.9 24  0.0                           
012225071417105940ジェラペッシュ　　　　　　　　　　　 66.1 12.0-12.6-10.7 -7.7 12  0.0                           
012225080118105473エアーレジーナ　　　　　　　　　　　 13.7  2.9  0.5  6.4  2.5 22  0.0                           
012225080216102040ウインホノカ　　　　　　　　　　　　 36.4  6.6-12.4-10.7 -7.6 12  0.0                           
012225080318102433キュン　　　　　　　　　　　　　　　 17.2  3.5 -2.1 -5.3 -2.6 17  0.0                           
012225080418100600マヤローザ　　　　　　　　　　　　　 30.2  5.6 -0.3  4.0  1.4 21 13.7                           
012225080518100595メイショウホオズキ　　　　　　　　　  6.8  1.9 10.2 14.4  8.3 28  0.0                           
012225080619104123ルルネージュ　　　　　　　　　　　　 29.4  5.5-12.4 -9.3 -7.1 13  0.0                           
012225080719104729レリジールダモーレ　　　　　　　　　  2.9  1.4 20.6 15.5 11.9 32 15.8                           
012225080819100411タマモペアリング　　　　　　　　　　 32.4  6.0 -8.8-11.4 -6.8 13  0.0                           
012225080919100072ネイリッカ　　　　　　　　　　　　　  3.2  1.4 18.3 16.0 11.4 31 17.3                           
012225081019105502タイセイホリデー　　　　　　　　　　 66.1 11.2-13.6-10.3 -7.9 12  0.0                           
012225081119106565メイショウソウゲツ　　　　　　　　　  8.7  2.3  9.9  6.2  5.2 25 10.8                           
012225081219105391アレマーナ　　　　　　　　　　　　　  8.2  2.2  8.5 11.7  6.8 27  0.0                           
012225081317100752ソヨギ　　　　　　　　　　　　　　　 37.4  6.8-12.4-10.7 -7.6 12  0.0                           
012225081418101166サイモンポーリア　　　　　　　　　　 48.8  8.6 -7.8-10.7 -6.3 14  0.0                           
012225090118102163ギンノサジ　　　　　　　　　　　　　 15.7  3.9 -1.5  0.5 -0.3 20  0.0                           
012225090217101556スカイテラス　　　　　　　　　　　　  4.3  1.7 13.6  9.2  7.5 27 17.3                           
012225090319104932スヴィルカーチ　　　　　　　　　　　 37.5  8.2-12.4-19.0-10.7  9  0.0  0                        
012225090418105428トラウンシュタイン　　　　　　　　　 16.8  4.1  6.1  7.5  4.6 25  0.0                           
012225090519100741コスモゴレアドール　　　　　　　　　 33.1  7.3-12.4-12.2 -8.2 12  0.0                           
012225090619100929モール　　　　　　　　　　　　　　　 27.1  6.1 -2.5 -5.3 -2.7 17  0.0                           
012225090719104924ベッラアルバ　　　　　　　　　　　　  5.4  1.9 16.8 24.5 14.0 34  0.0                           
012225090819103888エンドウノハナ　　　　　　　　　　　  5.1  1.8 17.1 15.0 10.6 31  9.4                           
012225090919104997インペラートル　　　　　　　　　　　 22.5  5.2-13.6-10.7 -8.0 12  0.0                           
012225091019100907ゼアズノープレイス　　　　　　　　　 37.9  8.3-12.6-10.7 -7.7 12  0.0                           
012225091117106399メイショウイナセ　　　　　　　　　　 64.0 13.2-12.4-10.7 -7.6 12  0.0                           
012225091218105814マケルナマサムネ　　　　　　　　　　  3.8  1.6 18.2 14.4 10.7 31  7.9                           
012225091319103885キントリヒ　　　　　　　　　　　　　  7.5  2.4  7.9  3.7  3.7 24 21.6                           
012225091418110085ショベルヘッド　　　　　　　　　　　 20.5  4.9 -7.1 -2.2 -2.9 17  0.0                           
012225100118100808アラモードバイオ　　　　　　　　　　  4.9  1.9 15.7  9.2  8.1 38  7.9                           
012225100216105226グラウクス　　　　　　　　　　　　　 21.6  5.5 -3.1  0.3 -0.8 29  0.0                           
012225100317104194スターズプレミア　　　　　　　　　　 11.9  3.4-10.6  5.1 -1.3 29  0.0                           
012225100417103497スズカサウスソング　　　　　　　　　 25.4  6.3 -9.0  5.4 -0.7 29  0.0                           
012225100518103611デルマカンノン　　　　　　　　　　　 13.0  3.6 -4.6 -7.0 -3.9 26  0.0                           
012225100619103120リトス　　　　　　　　　　　　　　　  9.2  3.0  9.4 -5.9  0.7 31  0.0                           
012225100713100731ピースマインド　　　　　　　　　　　 19.4  5.0-12.4-15.5 -9.4 21  0.0  0                        
012225100816106316ミモザイエロー　　　　　　　　　　　 21.6  5.5 -6.7  1.9 -1.3 29  0.0                           
012225100918103485ジャガード　　　　　　　　　　　　　 31.9  7.8-12.4-10.7 -7.6 22  0.0                           
012225101018102184ラストリージョ　　　　　　　　　　　  8.2  2.7  9.7 14.2  8.1 38 10.1                           
012225101118100097スマートルシーダ　　　　　　　　　　  5.3  2.0 15.0 18.0 11.1 41 18.7                           
012225101218106389メイショウツツジ　　　　　　　　　　  8.4  2.8  8.4  9.0  5.8 36  0.0                           
012225101318104534アスクキングコング　　　　　　　　　  5.1  2.0 12.7 16.5  9.9 40 17.3                           
012225101418105873ミキノバスドラム　　　　　　　　　　 22.8  5.7-12.6-10.7 -7.7 22  0.0                           
012225110117104787スパングルドスター　　　　　　　　　 16.8  4.2-12.4-10.7 -7.6 27  0.0                           
012225110214102449トミケンボハテル　　　　　　　　　　 27.5  6.3-12.6-10.7 -7.7 27  0.0                           
012225110318104366ステイブルアスク　　　　　　　　　　 11.7  3.1 10.6 12.2  7.7 43 11.5  5                        
012225110417105137ココニアル　　　　　　　　　　　　　 20.0  4.9 -5.3 -5.3 -3.5 31  0.0                           
012225110518103489ホウオウリアリティ　　　　　　　　　  5.6  2.0  9.9 10.4  6.8 42  0.0                           
012225110618103615ルース　　　　　　　　　　　　　　　 14.5  3.7 -4.4 -8.9 -4.6 30  0.0                           
012225110716103022リーピングリーズン　　　　　　　　　 57.7 12.2-12.4 -8.8 -6.9 28  0.0                           
012225110817110029ターキッシュパレス　　　　　　　　　 16.7  4.1 -0.1  2.3  0.8 36  0.0                           
012225110918102328アサケレディ　　　　　　　　　　　　  7.3  2.4  5.5  4.0  3.1 38  0.0                           
012225111018105474スタッドリー　　　　　　　　　　　　  3.7  1.6 18.8 18.9 12.6 48 15.8                           
012225111117106303アイブランコ　　　　　　　　　　　　 30.5  6.9 -8.3-10.6 -6.4 29  0.0                           
012225111217104629ミスミルドレッド　　　　　　　　　　  9.0  2.8  8.7 14.3  7.9 43 21.6  5                        
012225111317103751サクラトゥジュール　　　　　　　　　  4.9  1.8 18.1 19.8 12.7 48  8.6  1  145   62              
012225111418105722モリノカンナチャン　　　　　　　　　 23.5  5.5  0.6  6.6  2.6 38  0.0                           
012225120119100284アウグスト　　　　　　　　　　　　　  3.3  1.5 20.6  2.8  7.2 27 15.8                           
012225120218100923ヴィクトリオン　　　　　　　　　　　 24.6  5.6 -0.2  3.8  1.3 21  0.0                           
012225120318103195ハイラブハンター　　　　　　　　　　 10.6  2.8  7.6  7.2  4.9 25 10.8  5                        
012225120418106616メイショウムート　　　　　　　　　　 58.6 12.0-12.4 -9.0 -7.0 13  0.0                           
012225120519103917メイショウジブリ　　　　　　　　　　  5.9  2.0 13.7 30.0 15.1 35 10.1                           
012225120617104238フームスムート　　　　　　　　　　　  4.9  1.8 15.2 17.7 11.1 31  8.6                           
012225120719104761ジルバーン　　　　　　　　　　　　　  5.0  1.8 10.8  7.6  6.0 26  9.4                           
012225120818103101ケンブリッジセンス　　　　　　　　　 36.6  7.9-12.4-10.8 -7.7 12  0.0                           
012225120918106552メイショウフンケイ　　　　　　　　　 11.7  3.0  3.3 -8.9 -2.3 18  0.0                           
012225121019103158セイウンガレオン　　　　　　　　　　 21.9  5.0  1.2  1.4  0.9 21  0.0                           
012225121118102453ネオヒューズ　　　　　　　　　　　　 45.4  9.7-12.4-20.0-11.1  9  0.0                           
012225121217101420アイルビーメジャー　　　　　　　　　 29.5  6.5-12.4-10.7 -7.6 12  0.0                           
012225121318105996サムハンター　　　　　　　　　　　　 13.9  3.5-10.9-10.3 -7.0 13  0.0                           
012225121419103207アテンパーティ　　　　　　　　　　　 27.8  6.2-10.0-11.9 -7.4 13  0.0  0                        
042235010120103093プレジャークルーズ　　　　　　　　　 10.6  2.3  6.4  2.6  2.9  8  0.0                           
042235010220105809マイネルフォルツァ　　　　　　　　　 12.9  2.7 10.2  2.6  4.0  9 12.3                           
042235010320101434シャトーボビー　　　　　　　　　　　 20.8  3.9 -3.9 -8.8 -4.4  1  0.0                           
042235010420101108ショウナンカムイ　　　　　　　　　　 55.5  8.9-12.1-13.1 -8.4 -3  0.0                           
042235010520101947イチズ　　　　　　　　　　　　　　　 51.0  8.4-12.1 -8.8 -6.9 -2  0.0                           
042235010620105061エイチエヌバンピー　　　　　　　　　 44.7  7.5  0.0  7.0  2.6  8  0.0                           
042235010720105351キタノチャリブル　　　　　　　　　　 80.3 12.6 -9.3-13.3 -7.7 -3  0.0                           
042235010820103708コンエネルジア　　　　　　　　　　　  2.5  1.3 22.7 19.6 14.0 19 15.9                           
042235010920101837ファームフレッシュ　　　　　　　　　 66.5 10.5-12.1-11.1 -7.7 -3  0.0                           
042235011020105927ゼロフェイス　　　　　　　　　　　　 49.9  8.3-11.1-12.3 -7.8 -3  0.0                           
042235011120104232サッチモ　　　　　　　　　　　　　　 11.7  2.5 -1.3 -0.4 -0.5  4  0.0  5                        
042235011220104745シルバースペード　　　　　　　　　　  7.8  2.0 10.8  5.8  5.4 10  9.4                           
042235011320100630シャノンフォールズ　　　　　　　　　 83.6 13.0 -3.7 -1.5 -1.7  3  0.0                           
042235011420101655マンダリンボレロ　　　　　　　　　　 12.8  2.7 -0.2  8.8  3.2  8  0.0                           
042235011520103280エマヌエーレ　　　　　　　　　　　　  3.2  1.4 21.6 14.6 11.8 17 17.3                           
042235020119103834クイーンカトリーヌ　　　　　　　　　  3.6  1.5 20.3 10.0  9.8 15  8.7                           
042235020219105037アドマイヤザルミナ　　　　　　　　　 13.0  2.9 -8.5-12.8 -7.2 -2  0.0                           
042235020319100522ノアチェリー　　　　　　　　　　　　 18.9  3.9 -5.5 -1.0 -2.0  3 12.2B                          
042235020419100022マアイノマ　　　　　　　　　　　　　158.0 26.5-11.7-12.5 -8.1 -3  0.0                           
042235020519105332ハッピーバレー　　　　　　　　　　　 15.6  3.3  1.7  2.2  1.3  6  0.0                           
042235020619105089ヴィアルネッサンス　　　　　　　　　 14.0  3.1 -0.4  2.6  0.8  6  0.0  5                        
042235020719105553レーヴディノエル　　　　　　　　　　  2.8  1.3 19.3 20.8 13.4 18 15.9                           
042235020819100042ナンヨーアイリス　　　　　　　　　　 20.1  4.1  1.4  5.3  2.4  7 13.0                           
042235020919101933ウェルシュゴールド　　　　　　　　　 32.7  6.2-11.7-10.0 -7.2 -2  0.0                           
042235021019106415ノーブルグレイシャ　　　　　　　　　 29.1  5.6 -9.2-10.3 -6.5 -2  0.0                           
042235021119102039チャメドレア　　　　　　　　　　　　 32.1  6.1 -3.3-13.4 -5.9 -1  0.0                           
042235021219105251ジャスミンカーラ　　　　　　　　　　 27.1  5.2 -1.9-10.0 -4.2  1  0.0                           
042235021319101445レオミネルバ　　　　　　　　　　　　 26.5  5.1 -0.5-12.3 -4.7  0  0.0                           
042235021419103144ナカガワフェイス　　　　　　　　　　 22.7  4.5 -0.8  4.0  1.2  6  0.0                           
042235021519104478アコークロー　　　　　　　　　　　　  6.1  1.8 18.1 13.5 10.4 15  9.4                           
042235030119106777クリスタルウエイ　　　　　　　　　　  4.0  1.7 20.7 23.5 14.8 20  8.0                           
042235030219103904サーストンユタ　　　　　　　　　　　 72.6 15.4-11.7 -3.1 -4.6  0  0.0                           
042235030319101469アルティマボス　　　　　　　　　　　102.8 21.5-12.6-12.5 -8.4 -3  0.0                           
042235030419100315ペイシャヴェニット　　　　　　　　　 42.5  9.5-11.7-13.9 -8.6 -4  0.0                           
042235030519100387バックシャン　　　　　　　　　　　　 95.1 20.0-14.3  5.5 -2.3  3  0.0                           
042235030619105188クロースコンバット　　　　　　　　　 22.5  5.3 -0.8-10.0 -3.9  1 13.7                           
042235030719104128クイーンアポーン　　　　　　　　　　  7.3  2.4  7.2  3.0  3.3  8  0.0                           
042235030819100151キリシマミッチー　　　　　　　　　　152.8 31.6-11.7-10.0 -7.2 -2  0.0                           
042235030919104316サヨノフィールド　　　　　　　　　　 11.7  3.1 -1.5-13.9 -5.5 -1 12.2                           
042235031019102082トルーマンテソーロ　　　　　　　　　 31.7  7.3 -6.3 -8.8 -5.1  0  0.0                           
042235031119100878パンタナル　　　　　　　　　　　　　  4.8  1.8 14.8 20.0 11.8 17  8.7                           
042235031219105627タイセイロージー　　　　　　　　　　  5.9  2.1 10.0 13.0  7.8 13  9.4                           
042235031319103689アドレマピュス　　　　　　　　　　　 16.7  4.2  8.7  7.7  5.4 10  0.0                           
042235031419101781ヒメカミノカゼ　　　　　　　　　　　  6.4  2.2  9.0  1.4  3.2  8  0.0                           
042235031519101892ファームラヴ　　　　　　　　　　　　  6.3  2.1 10.1  6.0  5.2 10 10.1                           
042235040119103934ハピネスガッサン　　　　　　　　　　 35.6  7.9-12.2-20.0-11.0 -6  0.0  0                        
042235040219106919ラスティンボーイ　　　　　　　　　　 14.2  3.6  1.0  1.1  0.7  6  0.0                           
042235040319104530ブランショセット　　　　　　　　　　  3.7  1.6 14.4 19.3 11.4 16  8.0                           
042235040419105461ガストン　　　　　　　　　　　　　　 12.5  3.2  5.3  3.9  3.0  8 11.5                           
042235040519105392フロールシュタット　　　　　　　　　 26.9  6.1-12.1  4.4 -2.0  3  0.0                           
042235040619102296ノアペルーサ　　　　　　　　　　　　 22.6  5.2 -6.8  6.8  0.5  5  0.0                           
042235040719109068センジュ　　　　　　　　　　　　　　 28.6  6.4  8.1 -9.0 -0.9  4  0.0                           
042235040819105190プラニエータ　　　　　　　　　　　　  8.2  2.5 11.4 14.4  8.7 14 21.7                           
042235040919104035アルテラ　　　　　　　　　　　　　　  4.5  1.8 17.4 15.0 10.7 16  8.7                           
042235041019105436ネイチャーセラピー　　　　　　　　　  5.8  2.0 11.6 21.2 11.3 16  0.0                           
042235041119106284サクラソーレ　　　　　　　　　　　　  6.1  2.1  4.2 16.0  7.1 12 10.1                           
042235041219105698ファットーラモーレ　　　　　　　　　 69.2 14.3-11.7-12.6 -8.1 -3  0.0                           
042235041319102803ワンダージュノ　　　　　　　　　　　 18.3  4.4 -9.6-10.1 -6.6 -2  0.0                           
042235041419103985メイショウオリジン　　　　　　　　　 22.4  5.2 -2.8 -7.9 -3.7  1  0.0                           
042235050120105670タッチャブル　　　　　　　　　　　　 13.9  3.3  4.3  6.0  3.5  3 13.0                           
042235050220100761マンマリアーレ　　　　　　　　　　　  7.1  2.1 15.4  8.0  7.6  8 10.1                           
042235050320101259マイネルスヴニール　　　　　　　　　 21.6  4.7 -8.5 -4.6 -4.2 -4  0.0                           
042235050420103897シュヴァルツナーガ　　　　　　　　　 43.5  8.7-12.1 -8.8 -6.9 -7  0.0                           
042235050520104910キープアドーラブル　　　　　　　　　  8.4  2.4 -2.4  0.6 -0.5  0 10.9                           
042235050620101884シゲルハピネス　　　　　　　　　　　 43.2  8.7-12.1 -2.2 -4.4 -4  0.0                           
042235050720103195アスコルティアーモ　　　　　　　　　  2.7  1.4 21.5 17.5 12.9 13  7.9                           
042235050820105806オールデイズ　　　　　　　　　　　　 12.3  3.0  8.1  0.6  2.7  3  0.0                           
042235050920104062ワールドウイング　　　　　　　　　　 39.5  8.0-11.7 -8.0 -6.4 -6  0.0                           
042235051020100297フライヤートゥルー　　　　　　　　　  6.0  1.9 13.5 10.0  7.7  8  9.4                           
042235051120101222ローヌメファ　　　　　　　　　　　　 69.1 13.1-10.1-10.0 -6.7 -7  0.0                           
042235051220103549ファビーニョ　　　　　　　　　　　　 12.0  2.9  8.6  3.8  4.0  4  0.0                           
042235051320101772メタルスピード　　　　　　　　　　　  5.3  1.8 13.6  9.4  7.5  8  8.6                           
042235060120102778ナンヨーウイング　　　　　　　　　　  8.4  2.5  6.8 15.0  7.5  8  0.0                           
042235060220102966デインバランス　　　　　　　　　　　  5.3  1.9 12.9  6.4  6.2  6  0.0                           
042235060320103216アスパルディーコ　　　　　　　　　　  3.5  1.5 12.8 17.5 10.3 10  8.0                           
042235060420105758ルビータイプ　　　　　　　　　　　　 16.0  3.9 -3.1-14.8 -6.4 -6  0.0                           
042235060520100524サバンナテソーロ　　　　　　　　　　 30.3  6.6 -4.6-13.4 -6.3 -6 14.4                           
042235060620100620シロノクミキョク　　　　　　　　　　  8.8  2.6  6.6 18.2  8.7  9 21.7                           
042235060720107109ジュタドール　　　　　　　　　　　　 62.0 12.6-12.1-12.3 -8.1 -8  0.0                           
042235060820106163ドンタッチミー　　　　　　　　　　　 75.8 15.3 -6.8-16.4 -8.1 -8  0.0  0                        
042235060920106454メイショウヒエイ　　　　　　　　　　 26.0  5.8  5.1  2.1  2.3  2  0.0                           
042235061020104503ヒマワリノコ　　　　　　　　　　　　 45.0  9.6 -9.2-11.7 -7.1 -7  0.0                           
042235061120102741アサクサヴィーナス　　　　　　　　　  4.5  1.7  9.0 18.2  9.4  9 17.3                           
042235061220104463カーメルビーチ　　　　　　　　　　　 18.1  4.3 -2.5 -3.3 -2.0 -2  0.0                           
042235061320102058ネッロランパンテ　　　　　　　　　　115.9 23.0-12.1 -9.1 -7.0 -7  0.0                           
042235061420106330ラウラーナ　　　　　　　　　　　　　 47.8 10.1 -3.8  6.0  1.1  1  0.0                           
042235061520105283ミズカガミ　　　　　　　　　　　　　 34.3  7.4 -9.7  3.0 -1.8 -2  0.0                           
042235061620103204スウィフトアロー　　　　　　　　　　 36.9  8.0-11.7 -7.4 -6.2 -6  0.0                           
042235061720104395ナックアロマ　　　　　　　　　　　　 47.8 10.1-12.1-10.0 -7.3 -7  0.0                           
042235061820106345ハローマイラブリー　　　　　　　　　 13.1  3.3  6.4 -2.0  1.2  1  0.0                           
042235070119102562フロストクリスタル　　　　　　　　　187.8 40.2-12.6-14.5 -9.1 -4  0.0                           
042235070219103432ディアマンネージュ　　　　　　　　　167.9 36.0-12.1-14.5 -8.9 -4  0.0                           
042235070319104654ミッキージェンヌ　　　　　　　　　　 20.1  5.1  9.5  1.4  3.4  8  0.0                           
042235070419100633ピンキーウィンキー　　　　　　　　　  6.4  2.2  4.1 12.2  5.7 11 10.8                           
042235070519105717ウエスタンフレチャ　　　　　　　　　 28.9  6.9-12.6-10.0 -7.4 -2  0.0                           
042235070619103577ツキニホエル　　　　　　　　　　　　 31.4  7.5 -1.0  8.2  2.7  8 15.2                           
042235070719100662アティトラン　　　　　　　　　　　　 26.4  6.4-12.1-10.2 -7.4 -2  0.0                           
042235070819102989フェルクアーサー　　　　　　　　　　 41.8  9.7-11.7 -6.0 -5.7 -1  0.0                           
042235070919106693ダイメイクルミ　　　　　　　　　　　183.0 39.2-13.0 -8.7 -7.1 -2  0.0                           
042235071019110113フロムドーヴィル　　　　　　　　　　 39.6  9.2-11.7 -2.0 -4.2  1  0.0                           
042235071119104173グランドクォーツ　　　　　　　　　　180.7 38.7-12.1-12.0 -8.0 -3  0.0                           
042235071219106707クインズコスモス　　　　　　　　　　  7.7  2.6 10.6 13.0  7.9 13 11.5                           
042235071319102709ハクサンセーラー　　　　　　　　　　 21.8  5.4 -6.4  5.3  0.0  5  0.0                           
042235071419101980マジョリー　　　　　　　　　　　　　  4.8  1.8 19.4 11.1  9.9 15  8.7                           
042235071519105567ローズタルト　　　　　　　　　　　　  5.0  1.9 13.2  8.4  7.0 12  9.4                           
042235071619105021ボンジューママ　　　　　　　　　　　  4.7  1.8 13.1 20.0 11.3 16  0.0                           
042235071719105019グットウインド　　　　　　　　　　　 63.0 13.9-11.7-12.5 -8.1 -3  0.0                           
042235071819100944ベルウッドツクバ　　　　　　　　　　  5.8  2.1 14.3  4.5  5.9 11 10.1                           
042235080118104819エコロカナワン　　　　　　　　　　　 34.4  6.8 -2.7 -7.5 -3.6 16  0.0                           
042235080217103406ガラデレオン　　　　　　　　　　　　 58.9 10.9-12.6 -3.1 -4.9 15  0.0                           
042235080318103023チョモランマ　　　　　　　　　　　　 57.3 10.6 -9.3 -8.0 -5.7 14  0.0                           
042235080418100720ゲットアップ　　　　　　　　　　　　 27.2  5.5 -8.0  7.4  0.3 20  0.0                           
042235080518103048ノームストリーム　　　　　　　　　　 40.6  7.9-10.1 -7.5 -5.8 14  0.0                           
042235080618106699ペイシャジュン　　　　　　　　　　　 13.8  3.2  3.9  8.3  4.2 24  0.0  5                        
042235080718101329インディペンデント　　　　　　　　　  7.9  2.3 14.2  6.2  6.5 27 10.1                           
042235080819104639サトノストロング　　　　　　　　　　  3.4  1.4 15.9 18.3 11.5 31  8.6                           
042235080919105604ブレイクフォース　　　　　　　　　　  4.0  1.5 17.7 18.8 12.2 32 18.8                           
042235081019100736マイネルオーサム　　　　　　　　　　 12.9  3.0  0.2  8.0  3.0 23  0.0                           
042235081117100010テンチシンメイ　　　　　　　　　　　 58.9 10.9 -9.3-13.9 -7.9 12  0.0                           
042235081219100410ロードバルドル　　　　　　　　　　　  3.4  1.4 20.7 13.0 11.0 31 15.9                           
042235081319103364ハリウッドフェーム　　　　　　　　　 20.7  4.4 -5.5  8.2  1.4 21  0.0                           
042235081417100553ヨシオドライヴ　　　　　　　　　　　 45.5  8.8 -2.1 -8.7 -3.8 16  0.0                           
042235081518103330マサカウマザンマイ　　　　　　　　　 47.3  9.1-12.1 -2.0 -4.4 16  0.0                           
042235090116101560ペイシャリルキス　　　　　　　　　　 69.8 11.5-10.2 -8.7 -6.3 24  0.0                           
042235090215100942ゴールドクロス　　　　　　　　　　　 15.5  3.2 -1.4 15.7  5.3 35 11.6                           
042235090315101034ミフトゥーロ　　　　　　　　　　　　 57.0  9.5-10.1-10.0 -6.7 23  0.0                           
042235090417103418フルールドネージュ　　　　　　　　　  5.6  1.7 14.0  9.7  7.8 38 18.8                           
042235090516105718スズカユース　　　　　　　　　　　　 38.2  6.8-12.1-10.0 -7.3 23  0.0                           
042235090616100952ヴァリアント　　　　　　　　　　　　  4.4  1.5 18.1 14.8 10.9 41  8.6                           
042235090717100067ネオトゥルー　　　　　　　　　　　　 42.6  7.5 -4.8 -9.1 -4.8 25  0.0                           
042235090819101894メズメライザー　　　　　　　　　　　  2.3  1.2 24.8 18.4 14.2 44 15.9                           
042235090918104310アルバミノル　　　　　　　　　　　　  9.3  2.4  8.4  8.2  5.5 36  0.0                           
042235091018100748アルマセクメト　　　　　　　　　　　 11.2  2.5 10.9 13.9  8.4 38  0.0                           
042235091118100997エコロマンボ　　　　　　　　　　　　 30.7  5.6 -2.3 -7.9 -3.6 26  0.0                           
042235091216100065シンゼンマックス　　　　　　　　　　 35.9  6.4 -3.5 -7.9 -3.9 26  0.0                           
042235091317104744エリモグリッター　　　　　　　　　　 26.3  4.9 -4.8 -6.8 -3.9 26  0.0                           
042235091418106448トミケンカラバティ　　　　　　　　　 40.5  7.2-11.7  3.6 -2.2 28  0.0                           
042235091517104128バーンパッション　　　　　　　　　　 30.6  5.6-10.2-12.9 -7.8 22  0.0                           
042235100118104936ジャカランダレーン　　　　　　　　　 15.6  4.2 -0.6 14.0  5.0 40 15.1                           
042235100218100671フィアスプライド　　　　　　　　　　 13.2  3.7  7.5 16.7  8.4 43  0.0                           
042235100317105116クロノメーター　　　　　　　　　　　 19.6  5.1-10.1 -6.0 -5.2 30  0.0                           
042235100417104743サトノフウジン　　　　　　　　　　　 12.3  3.5 -1.2  7.0  2.2 37  0.0                           
042235100518105238ノワールドゥジェ　　　　　　　　　　  9.0  3.0  1.0  6.0  2.5 37 21.7                           
042235100617104973リリーピュアハート　　　　　　　　　 23.0  5.8 -6.0 -0.3 -1.9 33 16.6                           
042235100718100445メモリーエフェクト　　　　　　　　　 13.9  3.8 -0.5  2.9  0.9 36  0.0                           
042235100818106504サトノアイ　　　　　　　　　　　　　 11.6  3.3 -7.1  2.3 -1.3 34  0.0                           
042235100915105986ノーブルアース　　　　　　　　　　　104.8 23.6-12.9-10.1 -7.6 27  0.0                           
042235101018105017フラーズダルム　　　　　　　　　　　  8.8  2.9  0.9  1.9  1.0 36  0.0                           
042235101117101423ウイングレイテスト　　　　　　　　　  5.9  2.2 14.3 17.7 10.8 46  0.0                           
042235101218103590リッケンバッカー　　　　　　　　　　  6.1  2.2 19.0  8.1  8.7 44  9.4                           
042235101317105354ライティア　　　　　　　　　　　　　  4.5  1.9 19.5 12.0 10.3 45  8.0                           
042235101417102037シャチ　　　　　　　　　　　　　　　113.7 25.5-12.1-11.6 -7.9 27  0.0                           
042235101518100389シャンブル　　　　　　　　　　　　　 13.5  3.7 -8.5-10.1 -6.3 29  0.0                           
042235110118105164スレイマン　　　　　　　　　　　　　  4.7  1.9 18.5  8.2  8.6 54 17.3                           
042235110218105553ゴールドレガシー　　　　　　　　　　  4.5  1.8 10.3 13.2  7.9 53  7.9                           
042235110316104231ダノンスプレンダー　　　　　　　　　 11.1  3.1 12.8 11.8  8.2 53  0.0                           
042235110417101380ベルダーイメル　　　　　　　　　　　  7.3  2.4 13.2  6.2  6.2 51 10.1                           
042235110517101895ペルセウスシチー　　　　　　　　　　 18.2  4.6 -8.0 -9.7 -6.0 39  0.0                           
042235110617105396ジュンライトボルト　　　　　　　　　  8.2  2.7 12.2  9.2  7.0 52  0.0                           
042235110717103617サンダーブリッツ　　　　　　　　　　 12.2  3.3  6.5 26.2 11.6 57  0.0                           
042235110818105365レッドソルダード　　　　　　　　　　 11.5  3.2 -4.8  5.9  0.7 46  0.0                           
042235110915105411ホウオウスクラム　　　　　　　　　　 31.5  7.4-10.5-14.3 -8.4 37  0.0                           
042235111018101087ヴァンヤール　　　　　　　　　　　　 25.7  6.2 -9.3 -7.9 -5.7 39  0.0                           
042235111116106255アッシェンプッテル　　　　　　　　　 30.8  7.3 -9.4-10.1 -6.5 38  0.0                           
042235111216110013デュープロセス　　　　　　　　　　　 34.0  8.0 -9.3-11.0 -6.8 38  0.0                           
042235111317104691ホウオウエミーズ　　　　　　　　　　 42.4  9.7-10.1 -9.7 -6.6 38  0.0                           
042235111418100664ホールシバン　　　　　　　　　　　　  6.5  2.2  6.6  8.8  5.2 50  9.4                           
042235111517110067アメリカンシード　　　　　　　　　　 31.9  7.5 -8.1 -2.4 -3.3 42 16.7                           
042235120118100593タイガーリリー　　　　　　　　　　　 15.0  3.5 11.7 12.2  8.0 28  0.0                           
042235120218100406ヴィントミューレ　　　　　　　　　　 14.0  3.3  3.8  4.5  2.8 23 10.9  5                        
042235120319105587ドラゴンゴクウ　　　　　　　　　　　 14.5  3.4  8.7  9.9  6.2 26  0.0                           
042235120419104976ミスボニータ　　　　　　　　　　　　  3.0  1.5 20.9 20.9 13.9 34  7.9                           
042235120519101983ショウナンタイジュ　　　　　　　　　 15.2  3.5-10.1 -2.0 -3.8 16 13.0                           
042235120619101874コズミックフロスト　　　　　　　　　  4.5  1.7 17.1 15.3 10.7 31 17.3                           
042235120717100643ヨンウォニ　　　　　　　　　　　　　208.1 38.5-12.1-14.7 -9.0 11  0.0                           
042235120819103442クラリティスケール　　　　　　　　　 21.8  4.7  1.5  5.2  2.4 22  0.0                           
042235120917105967ジャスティンリーチ　　　　　　　　　 42.4  8.6-11.7-10.0 -7.2 13  0.0                           
042235121017101559アトムヴェローチェ　　　　　　　　　 48.1  9.7-13.0 -8.8 -7.1 13  0.0                           
042235121117102088グランチェイサー　　　　　　　　　　 22.1  4.8  2.7 -8.3 -2.2 18 14.5                           
042235121218100108ネズコ　　　　　　　　　　　　　　　 29.0  6.1-11.7 -7.4 -6.2 14  0.0                           
042235121318109046ユイノダンディズム　　　　　　　　　 27.3  5.8-10.0 -2.0 -3.7 16  0.0                           
042235121418105383カラパタール　　　　　　　　　　　　  9.0  2.6  9.6 -9.7 -0.7 19  0.0                           
042235121519103332クラウンシューター　　　　　　　　　 10.8  2.7-11.7 16.5  2.5 23  0.0                           
042235121618100824セピアノーツ　　　　　　　　　　　　 27.1  5.7 -5.8-10.0 -5.4 15  0.0                           
042235121716100059アランチオーネ　　　　　　　　　　　125.4 23.5-12.1-13.9 -8.7 11  0.0  0                        
042235121818105282ブラウシュヴァルツ　　　　　　　　　 26.2  5.6 -2.6  0.0 -0.8 19  0.0                           
102245010120110119エスペランサフラグ　　　　　　　　　  3.3  1.2 18.2 14.7 11.1 16 19.1                           
102245010220100608コウエイダイヤ　　　　　　　　　　　  2.4  1.2 23.7 17.2 13.9 19 16.2                           
102245010320106120カシノラシット　　　　　　　　　　　 25.7  4.5-11.2-10.5 -7.3 -2  0.0                           
102245010420106820タイキクラージュ　　　　　　　　　　 14.7  2.9  2.5 -8.5 -1.6  3  0.0                           
102245010520104539モンテナルス　　　　　　　　　　　　 15.7  3.0 -0.6  6.1  1.6  7  0.0                           
102245010620106275エイシンエラン　　　　　　　　　　　  8.3  2.1 12.7 19.0 10.4 15 14.4                           
102245010720103441フラッシングレート　　　　　　　　　  3.3  1.2 15.9 15.7 10.5 16 17.7  3                        
102245010820105227ジョウショーポーラ　　　　　　　　　 21.8  3.9-11.4-16.8 -9.2 -4  0.0                           
102245020119101046マルノアンナ　　　　　　　　　　　　 32.0  5.8-11.9  4.0 -3.2  2  0.0                           
102245020219102704ハクサンチェイス　　　　　　　　　　  5.3  1.6 12.8 14.3  9.0 14 13.4                           
102245020319105484リアルファンタジア　　　　　　　　　 25.8  4.8-11.4-13.7 -8.3 -3  0.0                           
102245020419103421テイエムフェロー　　　　　　　　　　  2.1  1.2 22.1 23.0 15.0 20 16.2                           
102245020519109092ドリーム　　　　　　　　　　　　　　 18.2  3.6  0.3  2.7  0.9  6  0.0                           
102245020619104071サウンドヴァージル　　　　　　　　　 18.9  3.7  4.5  8.4  4.2  9  0.0  5                        
102245020719106899ロワドゥサーブル　　　　　　　　　　  7.1  1.9 13.5  5.3  6.5 12 20.6                           
102245020819107012イレギュラー　　　　　　　　　　　　 34.6  6.2 -8.5 -6.1 -4.9  0  0.0                           
102245020919110012ヒーセドシーセド　　　　　　　　　　 34.9  6.2 -7.0-10.2 -5.6 -1  0.0                           
102245021019102342サンライズモストロ　　　　　　　　　 33.0  5.9 -7.0 -6.6 -4.5  0  0.0                           
102245021119105539レッドマグノリア　　　　　　　　　　 26.1  4.8 -0.3-10.7 -3.3  2  0.0                           
102245021219105788デジタイゼーション　　　　　　　　　 35.6  6.4-11.4 -2.9 -5.1  0  0.0                           
102245021319103712メイショウホオベニ　　　　　　　　　 47.2  8.2-11.4-10.6 -7.4 -2  0.0                           
102245021419101714デルマシルフ　　　　　　　　　　　　  5.1  1.6 16.6 13.6 10.2 15 17.7                           
102245030119102494ギルトレターズ　　　　　　　　　　　  7.7  2.2 12.9  7.3  6.9 12 13.4  2                        
102245030219105249マリーナドンナ　　　　　　　　　　　  6.9  2.1 13.7 12.3  8.7 14 17.7 1                         
102245030319102028セルリアンルネッタ　　　　　　　　　 89.4 16.3-11.4 -4.4 -5.5 -1  0.0                           
102245030419104797スカーレットオーラ　　　　　　　　　 13.2  3.1  8.9  4.9  4.7 10  0.0                           
102245030519103745アイスソード　　　　　　　　　　　　 47.0  9.1-10.2-13.2 -7.7 -3  0.0                           
102245030619104657ルールザウイングス　　　　　　　　　 23.1  4.8-11.4 -9.9 -7.2 -2  0.0                           
102245030719106617サンライズルーチェ　　　　　　　　　 40.7  8.0 -7.0  3.6 -1.5  4  0.0                           
102245030819103025ロードランヴェルセ　　　　　　　　　  8.8  2.4  5.7  8.4  4.6 10 20.6                           
102245030919100640サイラス　　　　　　　　　　　　　　 28.3  5.7-11.4 -1.8 -4.7  0  0.0                           
102245031019106865アオイアルファワン　　　　　　　　　 28.2  5.7 -7.0  7.8 -0.2  5  0.0                           
102245031119103841スズカモービル　　　　　　　　　　　 44.5  8.6 -7.4 -8.7 -5.3  0  0.0                           
102245031219105171クリオミニーズ　　　　　　　　　　　  9.0  2.5  8.9 20.2  9.3 14  0.0                           
102245031319106253シゲルプレミアム　　　　　　　　　　 49.1  9.5-11.4-10.3 -7.3 -2  0.0                           
102245031419103876アパショナード　　　　　　　　　　　 38.0  7.5 -0.8 13.3  3.7  9  0.0                           
102245031519104732チェルノボーグ　　　　　　　　　　　  2.3  1.3 20.8 26.3 15.5 21 16.2                           
102245031619103854マテンロウモナーク　　　　　　　　　 50.3  9.7-10.2 -6.5 -5.7 -1  0.0                           
102245031719102064クレスコペガサス　　　　　　　　　　 77.0 14.1-11.4-11.5 -7.6 -3  0.0                           
102245031819105242パーラーギター　　　　　　　　　　　 16.5  3.7 -6.1  0.7 -2.0  3  0.0                           
102245040119105402アルファカリーナ　　　　　　　　　　  3.1  1.5 17.3 25.5 14.0 19 16.2                           
102245040219105052ブロセリアンド　　　　　　　　　　　 20.9  4.7 -2.3  8.5  1.7  7  0.0                           
102245040319103434スーサンユッセ　　　　　　　　　　　 27.7  5.9-11.4 -9.9 -7.2 -2  0.0                           
102245040419102392チュウワチャーム　　　　　　　　　　 39.7  8.2-11.4 -9.5 -7.0 -2  0.0                           
102245040519101620リノアラ　　　　　　　　　　　　　　 11.3  2.8  6.0 10.7  5.4 10  0.0                           
102245040619102255モズベイパーコーン　　　　　　　　　  7.8  2.4  9.7 12.1  7.2 12 14.4                           
102245040719105975フェルンマンボ　　　　　　　　　　　 13.7  3.3  6.8 11.1  5.8 11 25.0                           
102245040819104728リサディーン　　　　　　　　　　　　 18.4  4.2 -7.1-13.1 -6.5 -2  0.0                           
102245040919104084メイショウジェゼロ　　　　　　　　　 13.0  3.2  6.0  6.4  4.1  9  0.0                           
102245041019105319デミ　　　　　　　　　　　　　　　　  7.2  2.2  7.6  8.1  5.2 10  0.0                           
102245041119106815クリノキューチャン　　　　　　　　　 68.0 13.2-11.4-10.2 -7.2 -2  0.0                           
102245041219101076オーマイラヴアスク　　　　　　　　　 48.9 10.0-11.4 -6.0 -6.0 -1  0.0                           
102245041319105339ヴァラダムドラー　　　　　　　　　　 23.6  5.1 -7.0 -5.8 -4.3  1  0.0                           
102245041419104745バリオーレ　　　　　　　　　　　　　 27.9  6.0-11.4 -4.2 -5.4  0 32.4                           
102245041519103744サルセル　　　　　　　　　　　　　　 52.4 10.6-11.3-10.2 -7.2 -2  0.0                           
102245041619100726ポットマム　　　　　　　　　　　　　  4.6  1.7 14.4 10.4  8.4 13  0.0                           
102245050120104239キリンジ　　　　　　　　　　　　　　 15.4  3.3 -0.4  7.4  2.1  2  0.0                           
102245050220105730スカパラダイス　　　　　　　　　　　  7.5  2.1 10.4  6.4  5.7  6 22.1                           
102245050320100202ゼットスティール　　　　　　　　　　 17.7  3.7 -6.4-10.6 -5.5 -6  0.0                           
102245050420100605マーレイン　　　　　　　　　　　　　 20.0  4.1-11.9 -7.1 -6.5 -6  0.0                           
102245050520103619スティーロポリス　　　　　　　　　　  2.9  1.3 19.9 19.0 13.0 13 16.2                           
102245050620105623ローゼンカヴァリエ　　　　　　　　　  6.8  1.9  5.3 11.6  5.4  5  0.0  5                        
102245050720100323ラストレムナント　　　　　　　　　　  4.8  1.6 15.5 10.2  8.7  9 13.4                           
102245050820103707マテンロウレガシー　　　　　　　　　 15.0  3.2 -2.0  0.6 -0.6 -1  0.0                           
102245050920103418インクルードダイヤ　　　　　　　　　  3.4  1.4 18.2 18.4 12.2 12 17.7                           
102245060119102492スカイストーリー　　　　　　　　　　 34.2  6.1-11.4-14.1 -8.4 -3  0.0                           
102245060219102808マーブルファクター　　　　　　　　　 29.6  5.4 -7.7  8.5 -0.3  5  0.0                           
102245060319100012クリノガイア　　　　　　　　　　　　 41.7  7.3-12.1 -9.1 -7.2 -2  0.0                           
102245060419105044アドマイヤラヴィ　　　　　　　　　　  2.5  1.3 20.0 20.3 13.4 18 16.2  2                        
102245060519103457エイシングリュック　　　　　　　　　 14.1  2.9  8.0  1.9  3.5  9 23.5                           
102245060619103199ジョーリベリカ　　　　　　　　　　　 12.9  2.7  8.0  5.7  4.6 10  0.0                           
102245060719101845カルミチャン　　　　　　　　　　　　 59.6  9.9-11.4 -6.1 -6.0 -1  0.0                           
102245060819103426テイエムラトーヌ　　　　　　　　　　 21.1  4.1  0.7  6.9  2.3  7  0.0                           
102245060919100406シゲルマンカイ　　　　　　　　　　　178.7 28.3-11.3-16.8 -9.2 -4  0.0                           
102245061019105418ベルシャンテ　　　　　　　　　　　　  8.1  2.1  7.8  8.8  5.5 11  0.0  5                        
102245061119110051シュガーフロート　　　　　　　　　　  3.6  1.4 21.5 17.2 13.0 18 17.7                           
102245061219103828オウケンミッキー　　　　　　　　　　 39.8  7.0-11.4-13.7 -8.3 -3  0.0                           
102245061319102497クレフ　　　　　　　　　　　　　　　107.7 17.3-11.4-11.6 -7.7 -3  0.0                           
102245061419110122ブラヴィーノ　　　　　　　　　　　　 86.1 14.0-11.4-12.8 -8.0 -3  0.0                           
102245061519101836トーホウオリオン　　　　　　　　　　 62.2 10.3 -8.0 -7.1 -5.1  0  0.0                           
102245061619102597ミスオタワ　　　　　　　　　　　　　 32.3  5.8 -1.4-11.7 -4.0  1  0.0                           
102245061719102062ハルカナネガイ　　　　　　　　　　　  6.7  1.9  9.2  8.1  5.8 11 13.4                           
102245070119106671ワンダフルトゥデイ　　　　　　　　　  4.8  1.8 12.5 20.3 10.7 31 17.7                           
102245070219101479ウインアウォード　　　　　　　　　　  7.3  2.2  8.1 -2.6  2.2 22  0.0                           
102245070319100323ケイアイメビウス　　　　　　　　　　 12.4  3.0  2.5 13.4  4.9 25  0.0                           
102245070419103583クレスケンスルーナ　　　　　　　　　 47.9  9.5-10.5-11.7 -7.4 13  0.0                           
102245070519104556トランキリテ　　　　　　　　　　　　 11.6  2.8  2.0 -3.9 -0.4 20  0.0                           
102245070618105842バンボーレ　　　　　　　　　　　　　 43.5  8.7-11.4-10.3 -7.3 13  0.0                           
102245070719103984テイエムファクター　　　　　　　　　  2.8  1.4 20.0 12.8 11.2 31 16.2                           
102245070819104720クロンヌドラレーヌ　　　　　　　　　 22.8  4.9 -3.2-14.2 -5.4 15  0.0                           
102245070919105819バンドールロゼ　　　　　　　　　　　 41.9  8.4-10.2  4.7 -2.3 18  0.0                           
102245071019100026ベルドラゴ　　　　　　　　　　　　　 27.4  5.7 -7.0 38.3  8.9 29  0.0                           
102245071119101974ナムラダイゴロー　　　　　　　　　　 22.2  4.7 -3.4-10.6 -4.4 16 26.5                           
102245071219100807ビナホイアン　　　　　　　　　　　　 11.8  2.9  3.6  7.3  3.5 24  0.0                           
102245071319104660フラップシグナス　　　　　　　　　　  9.3  2.6  7.0 13.3  6.6 27 14.4                           
102245071418106383ヴェラート　　　　　　　　　　　　　 32.5  6.7-11.9 -9.1 -7.1 13  0.0                           
102245071519101887セイバートゥース　　　　　　　　　　 26.4  5.5 -2.0 -7.2 -2.9 17  0.0                           
102245071618104151ノーブルキャニオン　　　　　　　　　 68.4 12.9-11.4-13.7 -8.3 12  0.0                           
102245080116102034メイショウウチデ　　　　　　　　　　  3.9  1.5 12.2 14.8  8.9 34 17.7                           
102245080217100728シャイニーズラン　　　　　　　　　　 50.0  9.1-11.4-14.5 -8.5 16  0.0  0                        
102245080313103687クラウンディバイダ　　　　　　　　　 29.7  5.7  0.8 -4.6 -1.1 24  0.0                           
102245080414102878クライムメジャー　　　　　　　　　　  7.8  2.2 13.1  4.1  6.0 31 14.4  4                        
102245080514101586シャイニーゲール　　　　　　　　　　  8.1  2.2  6.1 17.2  7.4 32 22.1                           
102245080612100683マイネルプロンプト　　　　　　　　　 27.0  5.2 -1.7 -0.3 -0.7 24  0.0                           
102245080718104463テイエムタツマキ　　　　　　　　　　 17.5  3.7 -4.6 -3.8 -2.8 22  0.0                           
102245080812104463マサハヤドリーム　　　　　　　　　　 20.2  4.1  0.7 -3.7 -0.9 24  0.0                           
102245080915110032アサクサゲンキ　　　　　　　　　　　  2.6  1.3 20.5 21.1 13.8 39 16.2  2                        
102245081018102953テリオスルイ　　　　　　　　　　　　 30.4  5.8-11.4 -3.5 -5.2 20  0.0                           
102245081116104844ポルトラーノ　　　　　　　　　　　　  5.9  1.8  4.9  9.4  4.6 30  0.0                           
102245081215103151グランソード　　　　　　　　　　　　 37.6  7.0-11.4-11.9 -7.8 17  0.0                           
102245081318103115メイショウユウスイ　　　　　　　　　 20.2  4.1 -0.2  9.4  2.7 28  0.0                           
102245090120109133カシノスパイス　　　　　　　　　　　106.3 14.8-12.8-10.5 -7.8 37  0.0                           
102245090220109154テイエムハヤカケン　　　　　　　　　146.6 20.2 -7.0-20.0 -8.6 36  0.0                           
102245090320109155テイエムユメキュウ　　　　　　　　　  4.9  1.4 14.9 20.4 11.6 57 19.1                           
102245090420109156タイムオブライフ　　　　　　　　　　 89.8 12.6-10.8-10.5 -7.1 38  0.0                           
102245090520109129オバケノキンタ　　　　　　　　　　　  3.2  1.3 21.0 13.7 11.8 57 17.7                           
102245090620109168カシノジャッカル　　　　　　　　　　 66.1  9.5-11.4 -6.1 -6.0 39  0.0                           
102245090720109138キリシマラッキー　　　　　　　　　　 99.7 13.9-10.8-10.5 -7.1 38  0.0                           
102245090820109139ヒイズル　　　　　　　　　　　　　　112.8 15.7-12.8-10.5 -7.8 37  0.0                           
102245090920109115カシノアルバ　　　　　　　　　　　　 62.7  9.0-11.3-10.5 -7.3 38  0.0                           
102245091020109148ゴーツウキリシマ　　　　　　　　　　 18.2  3.2  6.8 -5.3  0.9 46  0.0                           
102245091120109140ネオシエル　　　　　　　　　　　　　 93.9 13.2 -7.9-10.5 -6.0 39  0.0                           
102245091220109137カシノスターリング　　　　　　　　　 37.6  5.8 -8.9  0.7 -3.1 42  0.0                           
102245091320109135コウユーオモイノセ　　　　　　　　　 19.1  3.3 -1.6  7.7  1.7 47  0.0                           
102245091420109150エイヨーチャクラ　　　　　　　　　　 24.0  4.0  1.9 -5.3 -0.9 44  0.0                           
102245091520109134セロンテソーロ　　　　　　　　　　　 13.7  2.6  9.2  9.1  6.1 51 14.4                           
102245091620109159サツマノオンナ　　　　　　　　　　　  2.2  1.2 21.6 17.3 13.1 58 16.2                           
102245091720109149カムカムキリシマ　　　　　　　　　　 30.7  4.9-11.4 -9.9 -7.2 38  0.0                           
102245100115106165アトミカ　　　　　　　　　　　　　　 13.5  3.2  2.8 -9.9 -1.9 28  0.0                           
102245100218105367ルージュメサージュ　　　　　　　　　 11.2  2.7  9.6  1.2  3.9 34  0.0                           
102245100318100654シーニックウェイ　　　　　　　　　　  4.2  1.5 16.2 19.6 11.8 42 19.1  4                        
102245100419101882アメリカンスター　　　　　　　　　　  3.1  1.4 19.1 20.9 13.3 43 16.2  3                        
102245100517105212フアナ　　　　　　　　　　　　　　　  5.0  1.7 12.5 16.3  9.5 39  0.0  3                        
102245100619105445ワーフデール　　　　　　　　　　　　  3.9  1.5 14.1 25.2 12.7 43 17.7  1  177   57              
102245100719100547タガノフィナーレ　　　　　　　　　　 30.4  6.2-11.4-10.2 -7.2 23  0.0                           
102245100818105529ヘッズオアテールズ　　　　　　　　　  9.2  2.6  7.4 -3.0  1.8 32 15.4                           
102245100917101905ウィズダイヤモンズ　　　　　　　　　 20.1  4.4-11.4 -9.9 -7.2 23  0.0                           
102245110118110126ジャスパーゴールド　　　　　　　　　 29.6  6.4 -7.0-11.5 -6.0 29  0.0                           
102245110214104716アッティーヴォ　　　　　　　　　　　  5.8  2.0 14.4  9.1  8.0 43 19.1                           
102245110317104930レジェモー　　　　　　　　　　　　　 24.1  5.4 -7.5-10.2 -5.8 29  0.0                           
102245110418103503プラチナムレイアー　　　　　　　　　  3.6  1.6 18.6 13.6 10.9 46 16.2                           
102245110517100216チェリーブリーズ　　　　　　　　　　 50.3 10.5-12.1-10.5 -7.6 27  0.0                           
102245110618100886ジェットエンブレム　　　　　　　　　 19.3  4.5 -3.2-12.8 -5.0 30  0.0                           
102245110717103319テンテキセンセキ　　　　　　　　　　 12.8  3.2  8.3 15.8  7.8 43  0.0                           
102245110814105066ラホーヤノキセキ　　　　　　　　　　  6.3  2.0  9.0  4.7  4.7 40  0.0                           
102245110914103514パワフルヒロコ　　　　　　　　　　　 21.7  4.9 -4.8  1.5 -1.3 34  0.0                           
102245111016110062エルズリー　　　　　　　　　　　　　 11.3  2.9  4.0  7.2  3.6 39 22.1                           
102245111117103414キングキャヴィア　　　　　　　　　　 47.9 10.0-11.9-16.8 -9.4 26  0.0                           
102245111215110063フォルツァエフ　　　　　　　　　　　 12.7  3.2  4.3  6.9  3.6 39  0.0                           
102245111317103110ショウゲッコウ　　　　　　　　　　　  4.1  1.7 17.3 14.0 10.5 46 12.4                           
102245111417101584ボンボンショコラ　　　　　　　　　　 27.5  6.0 -7.0 -1.7 -3.1 32  0.0                           
102245120119105330パーサヴィアランス　　　　　　　　　  5.5  1.6 11.1  4.5  5.4 25 20.6                           
102245120218104929ハッピーオーサム　　　　　　　　　　  4.5  1.4 14.5 20.7 11.5 32 12.4                           
102245120319105128プルサティーラ　　　　　　　　　　　  5.0  1.5 14.3 15.0  9.7 30 19.1                           
102245120419100183フェブサンカラ　　　　　　　　　　　 18.6  3.4 -7.4-10.6 -5.9 14  0.0                           
102245120518103928グラティトゥー　　　　　　　　　　　  9.4  2.2  3.0  1.4  1.5 22  0.0                           
102245120617102078クーファイザナミ　　　　　　　　　　 19.3  3.5 -9.0 -1.2 -3.7 16  0.0                           
102245120716105024ウォーターブレイク　　　　　　　　　 23.4  4.1-11.4 -6.0 -6.0 14  0.0                           
102245120819105859エーティーマクフィ　　　　　　　　　  1.9  1.2 21.3 20.4 13.9 34 16.2                           
