042514010122100999シェーネアウゲン　　　　　　　　　　  3.0  1.4 18.4 17.8 12.0 17 13.0                           
042514010222104908グランカッサ　　　　　　　　　　　　  8.3  2.3  3.7  9.0  4.4  9  0.0                           
042514010322109048ヴェントドーロ　　　　　　　　　　　 70.7 12.9 -9.1-10.0 -6.4 -1  0.0                           
042514010422103026メムエクラ　　　　　　　　　　　　　 53.2 10.1-11.9-20.0-10.9 -6  0.0                           
042514010522104292フクキタテーラー　　　　　　　　　　 18.7  4.0  7.4  6.0  4.4  9  0.0                           
042514010622105852スターライトナイト　　　　　　　　　 48.2  9.2 -8.0  5.4 -0.4  5  0.0                           
042514010722104165インマイブラッド　　　　　　　　　　 16.5  3.6  3.7  6.0  3.3  8  0.0                           
042514010822101754ピコピンク　　　　　　　　　　　　　  3.9  1.5 19.2 38.0 19.7 25 14.2                           
042514010922106162エイユービューティ　　　　　　　　　 75.3 13.7-12.3-10.0 -7.4 -2  0.0                           
042514011022107257ラブスノー　　　　　　　　　　　　　 75.3 13.7-11.9-20.0-10.9 -6  0.0                           
042514011122104432レイバックスピン　　　　　　　　　　  5.6  1.8 13.8 10.0  7.8 13  0.0  0                        
042514011222105391フルセンド　　　　　　　　　　　　　  5.2  1.7 10.9  6.0  5.5 10 15.3                           
042514011322100279ミコノオンガエシ　　　　　　　　　　 60.3 11.1-12.3-10.0 -7.4 -2  0.0                           
042514011422105826ハプスブルグ　　　　　　　　　　　　 29.5  5.9-12.3-10.0 -7.4 -2  0.0                           
042514011522106327カセノクララ　　　　　　　　　　　　 30.5  6.1 -4.2  7.4  1.5  6  0.0                           
042514020122102662フラッシュタイム　　　　　　　　　　 18.9  4.4  4.3 -8.7 -1.9  3  0.0                           
042514020222100105タッカーバリアント　　　　　　　　　  4.0  1.6 15.4 12.3  9.1 14 14.2                           
042514020322105939メイショウテンテン　　　　　　　　　 44.7  9.5-12.3-20.0-11.0 -6  0.0  0                        
042514020422100181アイムアクイーン　　　　　　　　　　 59.8 12.1-12.3-10.0 -7.4 -2  0.0                           
042514020522100729ビーマックス　　　　　　　　　　　　  6.4  2.1 13.9  6.0  6.4 11  8.6                           
042514020622102825トウカイクレオス　　　　　　　　　　 44.5  9.4 -8.8-16.2 -8.6 -4  0.0                           
042514020722107050ロッキンミー　　　　　　　　　　　　 32.3  7.0  1.2  1.8  1.0  6  0.0                           
042514020822105968グランシャット　　　　　　　　　　　 20.0  4.7 -1.1 -4.7 -2.1  3  0.0                           
042514020922100517グランリッジライン　　　　　　　　　122.8 24.2-11.9-10.7 -7.5 -2  0.0                           
042514021022102723タブロー　　　　　　　　　　　　　　  5.6  1.9 16.3 17.6 11.3 16  8.5                           
042514021122103485アスコットアイ　　　　　　　　　　　  3.8  1.5 16.2 10.0  8.5 14 13.0                           
042514021222103150ジュエルハウス　　　　　　　　　　　  4.2  1.6 13.7 20.0 11.4 16  0.0                           
042514021322100301エスシーボニー　　　　　　　　　　　 70.0 14.1 -8.8-10.0 -6.3 -1  0.0                           
042514021422106121セカンドフラッシュ　　　　　　　　　 37.6  8.1-12.3-10.0 -7.4 -2  0.0                           
042514021522103678テイエムダイタカ　　　　　　　　　　 26.1  5.8 -7.3-10.0 -5.9 -1  0.0                           
042514030122103457ウエスタンクリス　　　　　　　　　　 50.9 10.1-12.1-10.0 -7.3 -2  0.0                           
042514030222103222エオアリイ　　　　　　　　　　　　　  7.9  2.3  9.5 11.3  7.0 12  0.0                           
042514030322105362マルカベント　　　　　　　　　　　　 24.5  5.2  1.5-10.0 -3.2  2  0.0                           
042514030422107133タガノマルアフ　　　　　　　　　　　  2.8  1.4 20.2 23.8 14.8 20 13.0                           
042514030522106117ケイツーコルーニ　　　　　　　　　　 26.5  5.6 -9.1  3.7 -1.4  4  0.0                           
042514030622106040キタノチェンジ　　　　　　　　　　　  5.0  1.8 16.9  6.0  7.3 12 14.2                           
042514030722104438シュタールペスカ　　　　　　　　　　 24.4  5.2 -7.2-10.0 -5.8 -1  0.0                           
042514030822102227アリステア　　　　　　　　　　　　　  6.5  2.0  7.8 13.6  7.3 12  7.5  5                        
042514030922101254グレイグアン　　　　　　　　　　　　 14.4  3.4  4.3 -7.8 -1.6  3  0.0  5                        
042514031022102752ポセイドンバローズ　　　　　　　　　 15.9  3.7  3.4  6.0  3.2  8  0.0                           
042514031122101137タイセイアダマス　　　　　　　　　　 50.6 10.1-11.9-13.2 -8.4 -3  0.0                           
042514031222103618ボンショワ　　　　　　　　　　　　　 17.5  4.0 -5.1-10.0 -5.2  0  0.0                           
042514031322103052ノースグロリア　　　　　　　　　　　  6.7  2.1  5.0  9.0  4.8 10  8.5                           
042514031422104140ロワゾブルーチヌ　　　　　　　　　　 53.5 10.6 -9.8-10.0 -6.6 -2  0.0                           
042514040120106166ヒルズカーン　　　　　　　　　　　　  4.0  1.6 14.6  3.0  5.5  5  6.7                           
042514040219105578ヴラディア　　　　　　　　　　　　　  6.3  2.1 17.2  6.9  7.7  8  0.0                           
042514040318104261プラチナトレジャー　　　　　　　　　 10.6  2.8  9.6-20.0 -4.5 -4  9.2  0                        
042514040418106815ヴィアルークス　　　　　　　　　　　 16.8  4.1  3.2-10.0 -2.7 -3  9.8                           
042514040516106263ラプタス　　　　　　　　　　　　　　 28.2  6.3-12.3-10.0 -7.4 -7  0.0                           
042514040621106574マグナレガリア　　　　　　　　　　　 29.5  6.6-11.9 10.3  0.2  0  0.0                           
042514040720103569ブレガーロード　　　　　　　　　　　 35.6  7.8-11.9-13.1 -8.4 -8  0.0                           
042514040820102648ラパンラピッド　　　　　　　　　　　 34.2  7.5 -8.0-20.0 -9.7-10  0.0  0                        
042514040919103208オステリア　　　　　　　　　　　　　  8.3  2.5  6.5-10.0 -1.7 -2  9.1                           
042514041018105647トーセンニック　　　　　　　　　　　 45.5  9.7-11.9 -5.6 -5.6 -6  0.0                           
042514041118104948ヴィクティファルス　　　　　　　　　  4.1  1.6 14.3 10.0  8.0  8  0.0                           
042514041219104746イヴニングスター　　　　　　　　　　 21.5  5.0 -2.7 -1.5 -1.4 -1  0.0                           
042514041317105588モーソンピーク　　　　　　　　　　　 25.5  5.8 -5.8  0.7 -1.5 -1  0.0                           
042514041419100549タガノバルコス　　　　　　　　　　　  5.2  1.9 15.0 20.0 11.8 12 15.3                           
042514050122104741ジーティーハート　　　　　　　　　　 27.2  5.6 -4.2-10.0 -4.9  0  0.0                           
042514050222103014ウインバーテックス　　　　　　　　　 35.1  7.0 -5.0 12.0  2.9  8 12.1  5                        
042514050322104951バレエコア　　　　　　　　　　　　　 13.3  3.1 -0.9  0.7  0.0  5  0.0                           
042514050422103517シュエットアムール　　　　　　　　　 39.3  7.8-11.9-10.0 -7.2 -2  0.0                           
042514050522105184ライネリーベ　　　　　　　　　　　　  3.3  1.4 14.5 24.0 13.1 18 13.0                           
042514050622104054リースアンドリボン　　　　　　　　　 42.4  8.3-11.9-10.0 -7.2 -2  0.0                           
042514050722104671グラフレナート　　　　　　　　　　　  3.6  1.5 16.4 13.7  9.9 15 14.2                           
042514050822103855ケイアイカラキア　　　　　　　　　　 17.0  3.8  9.7  4.5  4.6 10  0.0                           
042514050922106757ベストレーサー　　　　　　　　　　　 44.7  8.8 -9.2 -4.8 -4.5  0  0.0                           
042514051022103710ミサトレッドダイヤ　　　　　　　　　  4.9  1.7 15.5 15.0 10.1 15  7.9                           
042514051122104135ウィングコマンダー　　　　　　　　　 45.9  9.0-12.3-10.0 -7.4 -2  0.0                           
042514051222105133イルジーリオ　　　　　　　　　　　　 11.8  2.8  1.9  6.0  2.8  8  0.0                           
042514051322106495ライジングハース　　　　　　　　　　 28.8  5.9 -5.7 -5.7 -3.8  1  0.0  0                        
042514051422105167コンテディカヴール　　　　　　　　　 41.0  8.1 -9.2-10.4 -6.6 -2  0.0                           
042514051522106550キタノアンシェル　　　　　　　　　　 13.1  3.1 10.6 40.0 17.8 23  0.0                           
042514051622105224ハイボール　　　　　　　　　　　　　 26.2  5.4 -7.2-10.0 -5.8 -1  0.0                           
042514060122102119モズアンドモズ　　　　　　　　　　　  6.9  2.0 13.7 12.5  8.7 14  7.9                           
042514060222102570キーソナタ　　　　　　　　　　　　　 30.7  6.1 -2.9 -4.7 -2.6  2  0.0                           
042514060322107132タガノサダフ　　　　　　　　　　　　  7.6  2.2  7.9  6.0  4.6 10  8.6                           
042514060422103074スカイスクレイパー　　　　　　　　　 52.0  9.8-11.9-11.7 -7.9 -3  0.0                           
042514060522103322カパラミプ　　　　　　　　　　　　　 85.7 15.3 -9.1-20.0-10.1 -5  0.0                           
042514060622100263ラースアルアイン　　　　　　　　　　  3.8  1.5 17.0  9.6  8.6 14  7.3                           
042514060722100791ブラックケリー　　　　　　　　　　　  7.5  2.2 12.8  6.0  6.0 11  0.0                           
042514060822103334タワークライマー　　　　　　　　　　 35.1  6.8 -2.1 -4.7 -2.4  3  0.0                           
042514060922103845メモリーフィルム　　　　　　　　　　 53.2 10.0-12.1-10.0 -7.3 -2  0.0                           
042514061022101265テンペストヒロイン　　　　　　　　　 23.6  4.8 -3.8 -4.7 -2.9  2  0.0                           
042514061122103877ウンメイノイタズラ　　　　　　　　　 48.4  9.2 -9.9-10.0 -6.6 -2 13.2                           
042514061222103086ソレイケギンチャン　　　　　　　　　 31.1  6.1  4.3 -5.7 -0.8  4  0.0                           
042514061322106766ヴィアツァ　　　　　　　　　　　　　 39.2  7.5-11.9-20.0-10.9 -6  0.0  0                        
042514061422106115ライブリエクレール　　　　　　　　　 25.2  5.1-12.3-10.0 -7.4 -2  0.0                           
042514061522102273ディラードテソーロ　　　　　　　　　 13.8  3.1  2.8  2.7  1.8  7  0.0                           
042514061622101920マグネシアブリック　　　　　　　　　  2.9  1.4 16.3 20.0 12.2 17 13.0                           
042514070121110105ジャミラヌール　　　　　　　　　　　  4.2  1.6 12.7 12.7  8.5 28  0.0                           
042514070218101300ドラミモン　　　　　　　　　　　　　 60.4 11.3-11.9 -5.6 -5.6 14  0.0                           
042514070321101305サンカルミア　　　　　　　　　　　　 43.9  8.6-11.9-10.0 -7.2 13  0.0                           
042514070420100130エスジースパークル　　　　　　　　　 25.8  5.3  2.0 -3.3 -0.6 19 10.4                           
042514070521106845ザロック　　　　　　　　　　　　　　 27.9  5.7 -2.2-20.0 -8.0 12  0.0  0                        
042514070620106489ドヴォルザーク　　　　　　　　　　　 60.7 11.3-11.9 -7.0 -6.1 14  0.0                           
042514070721102200レッドライトニング　　　　　　　　　  7.1  2.1 11.6 12.1  7.9 28 16.5                           
042514070819102777ヤマニンクイッカー　　　　　　　　　  2.9  1.4 19.2  7.4  8.5 28  6.7                           
042514070920103360ガレストロ　　　　　　　　　　　　　 24.6  5.1-11.9 -9.9 -7.2 13  0.0                           
042514071021101153ピエナクレスコ　　　　　　　　　　　 35.0  7.0 -9.2-10.0 -6.4 14  0.0                           
042514071119100689リリーアロー　　　　　　　　　　　　 34.7  6.9 -2.6  6.0  1.4 21  0.0                           
042514071221104039ジュンラトゥール　　　　　　　　　　  5.6  1.8 12.9  5.9  6.0 26  7.5                           
042514071320100685ディーエスソフィア　　　　　　　　　 29.1  5.9-12.3-10.0 -7.4 13  0.0                           
042514071421100739ワンダーカモン　　　　　　　　　　　  7.1  2.1  4.2  6.0  3.5 23  9.1                           
042514071521102656ハッピーマインド　　　　　　　　　　 17.4  3.9  3.0-10.0 -2.8 17  0.0                           
042514080121102419ファインライン　　　　　　　　　　　  3.6  1.5 18.7 34.7 18.3 38  6.3  2                        
042514080221105845ラケダイモーン　　　　　　　　　　　  3.8  1.5 13.8 15.0  9.6 30  7.3                           
042514080321103512ツインクルステージ　　　　　　　　　 22.6  5.0 -6.2-20.0 -9.2 11 10.4                           
042514080421102420ナムラブーニン　　　　　　　　　　　  6.5  2.1 14.6 12.0  8.8 29 16.5                           
042514080521106811マイネルモメンタム　　　　　　　　　  4.1  1.5 15.2 34.3 17.1 37  7.9                           
042514080618103802イモータルソウル　　　　　　　　　　 36.0  7.5-11.9-10.0 -7.2 13  0.0                           
042514080721104194ベルノレイズ　　　　　　　　　　　　 45.1  9.2 -9.8-10.0 -6.6 13  0.0                           
042514080821104950グローリーアテイン　　　　　　　　　 27.9  6.0-11.9-12.1 -8.0 12  0.0                           
042514080921105719ダノンウィルヘルム　　　　　　　　　 33.6  7.1 -9.9-12.8 -7.7 12  0.0  0                        
042514081021106199ウインドラート　　　　　　　　　　　 12.7  3.1 -4.9-14.6 -6.8 13  0.0                           
042514081120105478ウマピョイ　　　　　　　　　　　　　 45.5  9.3-12.1-16.3 -9.6 10  0.0  0                        
042514081220103160ケイツークローン　　　　　　　　　　 11.6  2.9  7.0 26.0 11.6 32  0.0  5                        
042514081321104755ルミエールドゥース　　　　　　　　　 15.4  3.6  3.0  6.0  3.1 23  0.0                           
042514090122101629クレオズニードル　　　　　　　　　　  9.3  3.0 -1.7  0.7 -0.3 20  9.2                           
042514090222100194ハヤテノツバサ　　　　　　　　　　　 47.6 11.4-12.3-10.0 -7.4 13  0.0                           
042514090322105494フクチャンヒメ　　　　　　　　　　　 11.6  3.3  5.2 -5.9 -0.6 19  0.0                           
042514090422100357デボラ　　　　　　　　　　　　　　　  4.8  1.9 14.8 36.9 18.0 38  6.7  1  220   50              
042514090522104637ホウオウブースター　　　　　　　　　 11.3  3.2 -0.9 -4.7 -2.0 18  0.0                           
042514090622102780グランカメリア　　　　　　　　　　　  7.8  2.7  6.9  6.0  4.3 24 16.5                           
042514090722104190ラトルシェ　　　　　　　　　　　　　 20.3  5.3 -1.0-16.2 -6.2 14  0.0                           
042514090822104920ハイファイスピード　　　　　　　　　 13.2  3.7  0.7  6.0  2.4 22  0.0                           
042514090922104163オンザブルースカイ　　　　　　　　　  5.8  2.2 10.8 15.0  8.7 29  0.0                           
042514091022106637ラヴェンデル　　　　　　　　　　　　 17.6  4.7 -2.6-10.0 -4.4 16  0.0                           
042514091122104649インターポーザー　　　　　　　　　　  9.0  3.0  9.1 17.6  9.2 29  0.0                           
042514091222104410ビアンカネーヴェ　　　　　　　　　　 24.5  6.2-12.3-16.2 -9.6 10 13.2  0                        
042514091322105415ソードマスター　　　　　　　　　　　  6.1  2.2  6.7 11.1  6.1 26  7.9  5                        
042514091422101643アートコレクション　　　　　　　　　 23.4  5.9 -9.7-11.9 -7.3 13  0.0                           
042514100120100189アレクサ　　　　　　　　　　　　　　 20.9  5.0  1.8-18.4 -6.2 24  0.0  0                        
042514100221103939スマートプレシャス　　　　　　　　　 20.6  4.9 -4.4 10.0  2.3 32  0.0                           
042514100321104868フリーマントル　　　　　　　　　　　 16.5  4.1  1.2  2.4  1.2 31  0.0  5                        
042514100418100976デルマタモン　　　　　　　　　　　　 39.9  8.7-11.9 -7.7 -6.4 24  0.0                           
042514100521102244テーオードラッカー　　　　　　　　　 18.3  4.4  1.5 -9.6 -3.1 27  9.8                           
042514100620106399ユメハハテシナク　　　　　　　　　　  3.7  1.6 11.7 20.0 10.8 41  6.7                           
042514100720106491メイショウジェンマ　　　　　　　　　  5.8  2.0 11.1 15.0  8.8 39  8.1                           
042514100821103209メイショウリリー　　　　　　　　　　  4.6  1.7 13.9 21.7 12.1 42  7.3                           
042514100921109027テーオールビー　　　　　　　　　　　 12.0  3.1 10.3-10.0 -0.6 29  0.0                           
042514101020106776トゥピ　　　　　　　　　　　　　　　 25.4  5.8 -9.0 -5.6 -4.8 25  0.0                           
042514101120104791プウスカンドゥール　　　　　　　　　 36.5  8.1-12.3-10.0 -7.4 23  0.0                           
042514101221102219コパノエビータ　　　　　　　　　　　 39.9  8.7-11.9  4.5 -1.9 28  0.0                           
042514101321101554アルベリック　　　　　　　　　　　　 46.3 10.0 -3.7-12.3 -5.6 24  0.0  0                        
042514101420100996ミヤジレガリア　　　　　　　　　　　  5.0  1.8 12.4  6.0  5.9 36  7.9                           
042514101520100053プレイサーゴールド　　　　　　　　　 18.5  4.5  0.3-10.0 -3.6 26 10.4                           
042514110120102867フルメタルボディー　　　　　　　　　 12.8  3.2  0.9 -8.9 -3.0 42  0.0                           
042514110221105565エコロブルーム　　　　　　　　　　　  3.2  1.5 18.6 11.8  9.9 55 13.0                           
042514110320106967キタウイング　　　　　　　　　　　　 26.5  5.8  0.5-20.0 -7.2 38  0.0  0                        
042514110420100497ベガリス　　　　　　　　　　　　　　 11.6  3.0  8.7 31.2 14.1 59  8.6                           
042514110519101629グランスラムアスク　　　　　　　　　 25.4  5.6-12.3 -5.9 -5.9 39  0.0  0                        
042514110620106534メイショウカゼマチ　　　　　　　　　 61.6 12.4-12.3 -3.5 -5.0 40  0.0                           
042514110718102020ヤマニンサンパ　　　　　　　　　　　  5.0  1.8 16.8 15.0 10.5 56  7.3                           
042514110820103589ブトンドール　　　　　　　　　　　　 18.8  4.4 -2.4-10.0 -4.4 41  0.0                           
042514110919104586リュミエールノワル　　　　　　　　　 20.3  4.7 -0.3-10.0 -3.8 41  0.0                           
042514111020103482スカイロケット　　　　　　　　　　　  6.0  2.0 10.5  6.0  5.3 50  7.9                           
042514111121102315アスクワンタイム　　　　　　　　　　 15.7  3.8  9.2 10.0  6.4 51  0.0                           
042514111220105400タマモブラックタイ　　　　　　　　　 16.9  4.0 -6.3  1.4 -1.4 44  0.0                           
042514111318106318メイショウシンタケ　　　　　　　　　 27.1  5.9 -9.6-10.0 -6.5 38  0.0                           
042514111420103063マルディランダ　　　　　　　　　　　  7.2  2.3  7.2 14.5  7.5 52  8.1                           
042514120121110138グランエシェゾー　　　　　　　　　　 59.6 12.6-11.9-10.0 -7.2 13  0.0                           
042514120220102767テンプーシャオン　　　　　　　　　　  5.5  1.9  9.8  6.0  5.1 25  8.5                           
042514120320101920メラヴィリオーザ　　　　　　　　　　 51.3 11.3-11.9-10.4 -7.4 13  0.0                           
042514120421100958ビッグフラワー　　　　　　　　　　　 14.9  3.8  2.1  5.9  2.8 23  0.0                           
042514120521106586ラブカムーン　　　　　　　　　　　　 50.3 11.1-10.0  6.0 -0.8 19  0.0                           
042514120621102561キーウェーブ　　　　　　　　　　　　 58.4 12.4-12.3-10.0 -7.4 13  0.0                           
042514120720106821ピースフルナイト　　　　　　　　　　  8.8  2.7  6.5 10.6  5.8 26  9.2                           
042514120821104137ミエノブラボー　　　　　　　　　　　  3.6  1.6 16.9 14.0 10.2 30  6.7                           
042514120921105092ソングオブライフ　　　　　　　　　　  5.2  1.9 16.3 12.0  9.3 29  6.9                           
042514121021104998ブルーアイドガール　　　　　　　　　  5.3  1.9 10.2 10.0  6.7 27  7.9                           
042514121119106409サンマルヴァレー　　　　　　　　　　 49.8 10.9-11.9 -8.7 -6.8 13  0.0                           
042514121220106771トモジャシーマ　　　　　　　　　　　  6.8  2.3 13.1  9.2  7.3 27  0.0                           
042514121320100707クレセントウイング　　　　　　　　　 17.5  4.3 -6.2 -4.7 -3.6 16 10.4                           
042514121418100442モーデン　　　　　　　　　　　　　　 88.5 18.4-12.3-10.0 -7.4 13  0.0                           
042514121520100589マキバシラ　　　　　　　　　　　　　 66.9 14.1-12.3-10.0 -7.4 13  0.0                           
042514121621101394モンレーヴ　　　　　　　　　　　　　 40.9  9.1 -6.4-12.1 -6.4 14  0.0                           
052526010122100047パッヘルベルカノン　　　　　　　　　 19.7  4.4 -0.4 -3.2 -1.3  4  0.0                           
052526010222101649ウィンターサン　　　　　　　　　　　  7.2  2.2 11.2  8.4  6.4 11  0.0                           
052526010322103326ガールネクストドア　　　　　　　　　 33.5  6.9  8.6 -1.1  2.2  7  0.0  5                        
052526010422101535キタノラータム　　　　　　　　　　　 44.0  8.9-12.1 -7.4 -6.3 -1  0.0                           
052526010522105982ラルガメンテ　　　　　　　　　　　　  2.8  1.4 22.0 19.7 13.8 19  7.9                           
052526010622105423ラヴァフォール　　　　　　　　　　　  4.8  1.7 15.8 18.8 11.6 17  8.7                           
052526010722102985クールカグラ　　　　　　　　　　　　 31.6  6.5-12.1-10.0 -7.3 -2  0.0                           
052526010822105500ピンキースウェア　　　　　　　　　　  9.3  2.6  4.3 -0.7  1.0  6  0.0  4                        
052526010922105052パレデザール　　　　　　　　　　　　 22.8  4.9  0.5  6.1  2.4  7  0.0                           
052526011022105642アヤチャンス　　　　　　　　　　　　 44.9  9.0 -7.2 -2.0 -2.9  2  0.0                           
052526011122101710ヒサエノオモカゲ　　　　　　　　　　  5.6  1.8 15.3 15.0 10.1 15 18.8                           
052526011222102207マエストーソ　　　　　　　　　　　　 63.5 12.2-12.1-11.9 -8.0 -3  0.0                           
052526011322106250スカイリスト　　　　　　　　　　　　 37.2  7.6 -8.8-12.0 -7.0 -2  0.0                           
052526011422105819ナッシングベター　　　　　　　　　　  7.0  2.1 11.9 12.0  8.0 13 20.2                           
052526020122104110コンパクトファイト　　　　　　　　　 16.3  3.5 10.8 18.5 10.0 15 12.3                           
052526020222106716ワウワウワウ　　　　　　　　　　　　 10.9  2.5  4.3 -4.6 -0.4  5  0.0  0                        
052526020322103472キョウエイスレーヴ　　　　　　　　　 11.8  2.7 10.1 12.6  7.7 13 11.6                           
052526020422105737ミッキーマカパ　　　　　　　　　　　  8.7  2.3 13.3  4.0  5.5 10 10.1                           
052526020522102271ガトリンテソーロ　　　　　　　　　　 38.5  7.2 -8.5  4.5 -0.9  4  0.0                           
052526020622102528ペイシャブギー　　　　　　　　　　　102.5 17.6-11.6 -8.1 -6.4 -1  0.0                           
052526020722102362ナックトライアンフ　　　　　　　　　 43.2  8.0-12.1-13.4 -8.5 -4  0.0                           
052526020822107384クリーンリーチ　　　　　　　　　　　 33.8  6.4-10.3-10.0 -6.8 -2  0.0                           
052526020922103295ヤスケ　　　　　　　　　　　　　　　 32.5  6.2 -6.9-15.8 -7.9 -3  0.0                           
052526021022101085シアトルプリンセス　　　　　　　　　 77.9 13.5-11.6-10.9 -7.5 -2  0.0                           
052526021122101188アラスカフレイバー　　　　　　　　　  3.1  1.4 16.8 17.9 11.6 17 15.9                           
052526021222104639マックスキュー　　　　　　　　　　　  3.2  1.4 15.4 22.6 12.9 18  8.6  1  148   58              
052526021322103235カフェブーケット　　　　　　　　　　  7.1  2.0 15.6  6.0  6.9 12  0.0                           
052526021422105765ジーティーグロウ　　　　　　　　　　 52.0  9.5-12.6-14.3 -9.0 -4  0.0                           
052526021522105221エファセデリエール　　　　　　　　　 29.5  5.7 -3.9 -2.0 -1.9  3  0.0                           
052526021622100278ハーレムシャフル　　　　　　　　　　 28.7  5.5-12.1-14.2 -8.8 -4  0.0  0                        
052526030122102258レイネイル　　　　　　　　　　　　　 58.7 10.0-11.6-10.0 -7.1 -2  0.0                           
052526030222101731ブライトメール　　　　　　　　　　　 17.4  3.6  4.0 -7.9 -1.7  3  0.0                           
052526030322101761ヘヴンウィンド　　　　　　　　　　　  4.3  1.5 16.1 18.8 11.7 17  9.4                           
052526030422105255エスキモーギャル　　　　　　　　　　 27.9  5.2-12.1-13.4 -8.5 -4  0.0                           
052526030522101087ディフューズ　　　　　　　　　　　　 33.0  6.1 -3.1 -7.7 -3.8  1  0.0  0                        
052526030622105461コウセイケンタロス　　　　　　　　　 31.9  5.9-12.1 -7.3 -6.3 -1  0.0                           
052526030722104977ヴァーナリー　　　　　　　　　　　　  3.4  1.4 19.6 19.7 13.1 18 17.3                           
052526030822101175ピエナフェーヴル　　　　　　　　　　  2.8  1.3 19.8 20.1 13.3 18  7.9                           
052526030922100979マイネルトラオム　　　　　　　　　　 12.1  2.7  7.0  6.0  4.3  9  0.0                           
052526031022105054アルバパテラ　　　　　　　　　　　　 11.9  2.6  0.0  6.0  2.2  7 10.9                           
052526031122105414テンミラージュ　　　　　　　　　　　  9.2  2.4  9.3 10.0  6.5 11 10.1                           
052526031222104362キョウエイグッド　　　　　　　　　　 48.5  8.6-15.0-10.0 -8.2 -3  0.0                           
052526040122101015キタサンライザー　　　　　　　　　　  4.2  1.5 16.6 21.6 12.9 18  8.6  1  118   61              
052526040222101702レインチェック　　　　　　　　　　　 65.9 11.9-11.6-11.0 -7.5 -3  0.0                           
052526040322100903ニシノライオネス　　　　　　　　　　 37.8  7.3-12.1-10.0 -7.3 -2  0.0                           
052526040422105340アルデヤーノ　　　　　　　　　　　　 47.5  9.0-10.3 20.6  4.5  9  0.0                           
052526040522104730パヴェリング　　　　　　　　　　　　  2.7  1.3 21.5 20.0 13.8 19  7.9                           
052526040622101631チェンジオブハート　　　　　　　　　  8.7  2.4 10.5 14.1  8.3 13  0.0                           
052526040722103679マンゲタック　　　　　　　　　　　　 22.3  4.6 -6.7-12.4 -6.6 -2  0.0                           
052526040822103083センジュコスモス　　　　　　　　　　 29.9  5.9 -0.8  6.1  2.0  7 14.5A 2                        
052526040922109084ママアリガトー　　　　　　　　　　　 28.0  5.5 -8.8 -2.4 -3.5  1  0.0                           
052526041022100788ニシノハナビ　　　　　　　　　　　　 73.6 13.2-12.1 -2.5 -4.5  0  0.0                           
052526041122110021ズイショウ　　　　　　　　　　　　　 46.1  8.7-11.6-14.5 -8.8 -4  0.0  0                        
052526041222105611ワイドクリーガー　　　　　　　　　　  4.7  1.6 17.1 12.6  9.8 15  0.0                           
052526041322104932シャンパングラス　　　　　　　　　　 19.1  4.1  1.4 -9.2 -3.0  2  0.0                           
052526041422101134テンミラクルスター　　　　　　　　　 16.9  3.7 -4.3  1.0 -0.9  4 23.1                           
052526041522105817アルディスティーノ　　　　　　　　　 14.0  3.1  9.3  1.3  3.3  8 10.9                           
052526041622105115クオレプリマドンナ　　　　　　　　　 61.7 11.1 -3.6 -1.1 -1.5  4  0.0                           
052526050122104841オーレアミスト　　　　　　　　　　　  8.0  2.7  1.3 14.0  5.5 26 10.1  1  190   56              
052526050222105979ピカピカサンダー　　　　　　　　　　 13.8  3.8 11.7  1.4  4.0 24  0.0  0                        
052526050322102516バッケンレコード　　　　　　　　　　  8.8  2.9  1.4  1.9  1.1 21 10.8                           
052526050422104704ソクヅモドラドラ　　　　　　　　　　 59.8 13.6-12.1-10.0 -7.3 13  0.0                           
052526050522105506シドニーホバート　　　　　　　　　　  4.2  1.8 21.4 17.1 12.7 33 15.9                           
052526050622104745シャルクハフト　　　　　　　　　　　  9.2  3.0 -0.8 11.1  3.8 24 11.6  3                        
052526050722105197マウントバーノン　　　　　　　　　　 11.7  3.3  1.5 -9.8 -3.1 17  0.0                           
052526050822106465チンプンカンプン　　　　　　　　　　 35.3  8.5-12.1-12.3 -8.1 12  0.0                           
052526050922102058スマートクオーレ　　　　　　　　　　 40.0  9.5 -3.3 -8.8 -4.2 16  0.0                           
052526051022105685ディペンダブル　　　　　　　　　　　 22.6  5.7 -9.6-15.3 -8.5 12  0.0  0                        
052526051122106099ハルノアラシ　　　　　　　　　　　　 22.5  5.7  8.0 -7.6 -0.4 20  0.0                           
052526051222101937シャイニーシップ　　　　　　　　　　  7.8  2.6 11.4  9.5  6.9 27  9.4                           
052526051322105116マーキュリーダイム　　　　　　　　　  6.2  2.3 -3.8  5.1  0.7 21  0.0 1                         
052526051422102882タイセイカイザー　　　　　　　　　　 12.9  3.6  4.1 -2.6  0.3 20  0.0                           
052526051522101067ファイアトリック　　　　　　　　　　 16.2  4.3-11.6-10.0 -7.1 13  0.0                           
052526051622106494オタマジャクシ　　　　　　　　　　　 47.5 11.2 -3.0-11.9 -5.3 15  0.0                           
052526060120103410ディバイングレース　　　　　　　　　 17.8  3.2 -2.6 -2.0 -1.5 18  0.0                           
052526060221106683ジーティームテキ　　　　　　　　　　 50.5  7.8-13.3 -1.9 -4.7 15  0.0                           
052526060321100718テキーラワルツ　　　　　　　　　　　 47.1  7.4 -6.9-10.1 -5.8 14  0.0                           
052526060421105473ラヴスコール　　　　　　　　　　　　  7.1  1.8  7.1 14.0  7.3 27  0.0                           
052526060519101416エールトゥヘヴン　　　　　　　　　　 11.4  2.3  9.1 14.7  8.1 28  0.0                           
052526060621106216ウインラグラス　　　　　　　　　　　 31.5  5.1 -6.9-10.1 -5.8 14  0.0                           
052526060721101905キョウエイカンセ　　　　　　　　　　 31.7  5.2 -5.2-11.5 -5.8 14  0.0                           
052526060820106963アンタノバラード　　　　　　　　　　 26.7  4.5 -6.0 -7.9 -4.7 15  0.0                           
052526060921100564エフォートレス　　　　　　　　　　　  2.3  1.2 20.3 20.0 13.4 33 15.9                           
052526061021100879ハクサンイーグル　　　　　　　　　　  7.2  1.8 11.7 27.5 13.6 34 20.2                           
052526061121101605エルプロフェッサー　　　　　　　　　 25.0  4.2 -3.9 -3.9 -2.6 17  0.0                           
052526061221110020ロジカルワーズ　　　　　　　　　　　  3.1  1.3 19.6 16.2 11.8 32 17.3                           
052526070121105574シンハナーダ　　　　　　　　　　　　  1.5  1.2 23.2 23.6 15.6 46 15.9                           
052526070217105253コロンドール　　　　　　　　　　　　 21.7  6.0-12.1 -7.3 -6.3 24  0.0                           
052526070320103803アヴニールドブリエ　　　　　　　　　  2.9  1.2 18.1 13.5 10.4 40 17.3                           
052526070420106475ピンキープロミス　　　　　　　　　　  4.6  1.7 15.3 15.2 10.2 40 18.8                           
052526070519100790マイネルトルファン　　　　　　　　　 13.8  4.0 -1.1 -8.8 -3.6 26  0.0                           
052526080121105555トラジェクトワール　　　　　　　　　  3.7  1.4 15.8 11.8  9.1 29 17.3                           
052526080221102318アスクムービーオン　　　　　　　　　  7.7  2.1  9.6  7.6  5.7 26  0.0                           
052526080321105211ブーヤカ　　　　　　　　　　　　　　 16.8  3.4 -1.4  0.1 -0.4 20  0.0                           
052526080419105142ルミナスフラックス　　　　　　　　　 38.7  6.9-11.6-10.0 -7.1 13  0.0                           
052526080521103586ガウラスパーク　　　　　　　　　　　 27.9  5.2-12.9 -8.1 -6.8 13  0.0                           
052526080620105914ヒロピアーナ　　　　　　　　　　　　 65.1 10.9-12.1-10.9 -7.6 12  0.0                           
052526080719103219ブレイクザアイス　　　　　　　　　　 19.9  3.9  4.7-10.0 -2.3 18  0.0                           
052526080820102944リュクススティール　　　　　　　　　 37.3  6.7-10.3-12.5 -7.7 12  0.0                           
052526080921105716アージェント　　　　　　　　　　　　  6.9  1.9 13.3 -3.8  2.6 23 10.1                           
052526081021101930ライングッドマン　　　　　　　　　　 19.0  3.8  7.8  9.5  5.8 26  0.0                           
052526081121104205プチブール　　　　　　　　　　　　　  2.5  1.3 21.0 18.3 13.0 33 15.9                           
052526081221103129マリンバンカー　　　　　　　　　　　  6.4  1.8 13.9 16.7 10.3 30  9.4A 3                        
052526090121101259カズタンジャー　　　　　　　　　　　  4.1  1.6 14.9 16.0 10.3 40 17.3                           
052526090220103444ピュアグルーヴ　　　　　　　　　　　 53.2 10.8 -8.7-10.1 -6.3 24  0.0                           
052526090320104452マウンテンエース　　　　　　　　　　 28.0  6.0 -1.3  4.4  1.2 31  0.0                           
052526090420102793ルーラーリッチ　　　　　　　　　　　 43.0  8.9-12.1-13.7 -8.7 21  0.0                           
052526090520102077シゲルカミカゼ　　　　　　　　　　　 24.4  5.3 -3.8 -8.2 -4.1 26  0.0                           
052526090620100987セレクティオ　　　　　　　　　　　　 12.8  3.2  2.8  0.4  1.0 31  0.0                           
052526090721105831グラヴィス　　　　　　　　　　　　　 14.3  3.4  4.4-11.3 -2.8 27  0.0                           
052526090821105767ホウオウベルクソン　　　　　　　　　  6.2  2.0 11.7 19.0 10.5 40 18.8                           
052526090921105885キャネル　　　　　　　　　　　　　　 15.6  3.7  2.9  2.3  1.7 32  0.0                           
052526091021102221サンライズウェーヴ　　　　　　　　　 75.8 14.8-12.9-10.1 -7.6 22  0.0                           
052526091121106694ソウルアンドジャズ　　　　　　　　　  6.6  2.1 10.7 17.2  9.5 40  0.0                           
052526091221106126タイセイアディクト　　　　　　　　　  3.5  1.5 14.3  2.2  5.1 35 15.9                           
052526091321106353シグムンド　　　　　　　　　　　　　 27.4  5.9 -8.6-14.3 -7.8 22  0.0                           
052526091421102281バナマンテソーロ　　　　　　　　　　 17.9  4.2  8.3  6.0  4.7 35  0.0                           
052526091520102929フルングニル　　　　　　　　　　　　 37.7  7.9 -6.4-10.0 -5.6 24  0.0                           
052526091621104889ラファールドール　　　　　　　　　　 29.2  6.2 -5.4 -2.1 -2.4 28  0.0                           
052526100119103081エンドロール　　　　　　　　　　　　 35.4  6.3-11.6-10.0 -7.1 38  0.0                           
052526100220105424シルトホルン　　　　　　　　　　　　  6.9  1.9 11.2-12.0 -1.0 44  9.4                           
052526100320100593ヴォランテ　　　　　　　　　　　　　 21.9  4.2-10.0-10.1 -6.7 38  0.0                           
052526100420102194グリューネグリーン　　　　　　　　　 17.9  3.6 -6.6 -7.6 -4.8 40  0.0                           
052526100519100792マイネルクリソーラ　　　　　　　　　  3.2  1.4 17.5 18.2 11.9 57 17.3                           
052526100620105798マイネルカンパーナ　　　　　　　　　  9.4  2.4 -4.8  6.0  0.8 46  0.0                           
052526100718101660ワイドエンペラー　　　　　　　　　　  7.4  2.0  7.0  9.3  5.5 51 10.1                           
052526100820104881ケイアイサンデラ　　　　　　　　　　 11.2  2.5 13.8  8.1  7.1 52  0.0                           
052526100919106698バラジ　　　　　　　　　　　　　　　  2.8  1.3 16.0 20.0 12.1 57 15.9  2                        
052526101020102870ブレイヴロッカー　　　　　　　　　　 11.8  2.6 10.3  7.3  5.8 51  0.0                           
052526110122105830モンドデラモーレ　　　　　　　　　　 14.0  3.3 -6.0 -2.0 -2.5 57  0.0                           
052526110222105071ショウナンザナドゥ　　　　　　　　　 34.3  7.1-11.1-12.4 -7.9 52  0.0                           
052526110322105778チェルビアット　　　　　　　　　　　 48.8  9.8 -7.0 -8.4 -5.2 55  0.0  0                        
052526110422103051ヤンキーバローズ　　　　　　　　　　 27.3  5.8 -8.4 -8.6 -5.7 54  0.0                           
052526110522104401ランスオブカオス　　　　　　　　　　  7.5  2.2 12.6  8.1  6.8 67 19.1                           
052526110622104697イミグラントソング　　　　　　　　　  5.6  1.9 15.0 15.0 10.0 70  8.6                           
052526110722104971トータルクラリティ　　　　　　　　　 36.3  7.4-11.1 -5.7 -5.4 55  0.0                           
052526110822105396アドマイヤズーム　　　　　　　　　　  2.7  1.4 20.5 24.6 15.2 75 16.2                           
052526110922106768マイネルチケット　　　　　　　　　　 30.6  6.4-11.1 -9.5 -6.8 53  0.0                           
052526111022104772マジックサンズ　　　　　　　　　　　  9.3  2.6 10.6 13.9  8.3 68 20.6                           
052526111122101732パンジャタワー　　　　　　　　　　　 29.3  6.1 -5.8-11.5 -6.0 54  0.0                           
052526111222105467マピュース　　　　　　　　　　　　　 13.7  3.3 12.6 -2.0  3.0 63 11.6                           
052526111322105230ミニトランザット　　　　　　　　　　 59.9 11.5 -3.6 -7.5 -3.8 56  0.0                           
052526111422105246ティラトーレ　　　　　　　　　　　　131.8 24.6-12.1-12.8 -8.3 52  0.0  0                        
052526111522104751アルテヴェローチェ　　　　　　　　　 16.0  3.7  0.3 15.8  5.9 66  0.0                           
052526111622105128サトノカルナバル　　　　　　　　　　 12.8  3.1  3.5  4.1  2.6 63  0.0                           
052526111722104617ヴーレヴー　　　　　　　　　　　　　 51.0 10.2-11.1-13.3 -8.2 52  0.0                           
052526111822105326コートアリシアン　　　　　　　　　　 32.1  6.6 -8.4 -7.9 -5.4 55  0.0                           
052526120119105413タイゲン　　　　　　　　　　　　　　 29.1  6.9-10.0 -8.1 -6.0 29  0.0                           
052526120221104635リフレクトザムーン　　　　　　　　　 58.6 12.8-12.1 -7.5 -6.4 29  0.0                           
052526120321100836レアンダー　　　　　　　　　　　　　 56.0 12.3 -9.8-10.1 -6.6 28  0.0                           
052526120420103127フラッパールック　　　　　　　　　　 24.5  5.9 -8.4 -2.0 -3.3 32  0.0                           
052526120521104844グロッシェン　　　　　　　　　　　　  4.6  1.8 12.6 15.0  9.3 44 17.3                           
052526120620104793サンライズグルーヴ　　　　　　　　　 30.9  7.2-10.0 -8.1 -6.0 29  0.0                           
052526120720102955ポワンキュルミナン　　　　　　　　　 36.5  8.4-12.9-10.1 -7.6 27  0.0                           
052526120821110061ソレルビュレット　　　　　　　　　　  4.5  1.8 13.6 12.0  8.5 43  0.0                           
052526120920103005ナイトアクアリウム　　　　　　　　　  6.5  2.2  8.5  9.1  5.9 41 10.8                           
052526121021101478ダノンザボルケーノ　　　　　　　　　  5.5  2.0 16.9 23.4 13.6 49  9.4  3                        
052526121118101989ジョディーズマロン　　　　　　　　　 12.1  3.3  4.8  8.1  4.4 39  0.0                           
052526121220106063ゴッドブルービー　　　　　　　　　　 19.6  4.9  7.8  0.1  2.4 37  0.0                           
052526121320101905プラーヴィ　　　　　　　　　　　　　 32.7  7.6 -6.9-15.7 -7.8 27  0.0                           
052526121421110112ウェットシーズン　　　　　　　　　　  5.9  2.1 14.5 20.9 12.0 47 20.2                           
052526121520110104ラップスター　　　　　　　　　　　　 22.4  5.4-10.0 -7.9 -5.9 29  0.0  0                        
052526121620106518エイシンレジューム　　　　　　　　　 33.4  7.8-12.9-10.1 -7.6 27  0.0                           
082526010122103346メイショウヨンク　　　　　　　　　　 13.1  3.3  7.8  7.8  5.2 10  0.0                           
082526010222103049ブルゴーニュ　　　　　　　　　　　　 22.7  5.1 -7.3 -4.6 -4.1  1  0.0                           
082526010322106567アルムチャーチル　　　　　　　　　　 18.8  4.4  4.4  9.3  4.4  9 26.5                           
082526010422100026クールハッカー　　　　　　　　　　　 65.5 13.0 -8.3-10.2 -6.1 -1  0.0                           
082526010522107214ヒロスズラン　　　　　　　　　　　　 47.1  9.8-11.8-14.7 -8.7 -4  0.0                           
082526010622110141ジェバーダ　　　　　　　　　　　　　  5.9  2.0 14.5  7.4  7.5 13  0.0                           
082526010722101656チムニーパイプ　　　　　　　　　　　  8.4  2.5  7.2  9.6  5.5 11  0.0                           
082526010822102551メイショウゲッカ　　　　　　　　　　 51.4 10.6-11.3-12.4 -7.9 -3  0.0                           
082526010922106943ランドブレイブ　　　　　　　　　　　 30.5  6.6-11.3-20.0-10.1 -5  0.0  0                        
082526011022110073マルシェ　　　　　　　　　　　　　　 15.9  3.8 10.9 -1.9  3.4  8 25.0                           
082526011122103266メイショウアキカゼ　　　　　　　　　  4.9  1.8 15.2 22.1 12.2 17 12.4                           
082526011222110087ララアヴリル　　　　　　　　　　　　  3.1  1.5 18.4 19.5 12.6 18 16.2                           
082526011322100349ヨドノワールド　　　　　　　　　　　 37.7  8.0-11.3-11.9 -7.7 -3  0.0                           
082526011422107279ミトノキャット　　　　　　　　　　　  5.8  1.9  4.0 -0.8  1.2  6  0.0                           
082526011522100179シマエナガ　　　　　　　　　　　　　 67.5 13.4-11.3-11.8 -7.7 -3  0.0                           
082526011622102543セレッソレイナ　　　　　　　　　　　135.4 26.3-11.3-10.2 -7.2 -2  0.0                           
082526020122103285バトンロード　　　　　　　　　　　　 64.0 11.2-11.3-12.1 -7.8 -3  0.0                           
082526020222102563メイショウゲキハ　　　　　　　　　　  4.9  1.6 16.8 12.5  9.9 15 17.7                           
082526020322100148ケンエージェント　　　　　　　　　　  5.6  1.7 14.9 14.2  9.7 15 19.1                           
082526020422107316ヴィエルネスサント　　　　　　　　　 52.2  9.5-11.8 -4.1 -5.6 -1  0.0                           
082526020522100595グロリオン　　　　　　　　　　　　　 14.9  3.2 -0.4  2.3  0.5  6  0.0  0                        
082526020622103126サンライズロンドン　　　　　　　　　 47.6  8.7 -5.9-14.4 -6.5 -1  0.0                           
082526020722100529ハッピーダンチャン　　　　　　　　　 29.1  5.6 -2.0-10.2 -3.8  1  0.0                           
082526020822102756オドラニャソンソン　　　　　　　　　 22.0  4.4  4.3  6.1  3.4  8  0.0                           
082526020922105554ゼロスネーク　　　　　　　　　　　　  2.4  1.3 20.8 20.3 13.7 19 16.2                           
082526021022101252クリノエドガー　　　　　　　　　　　 43.0  7.9-11.3-11.8 -7.7 -3  0.0                           
082526021122107075マテンロウアトラス　　　　　　　　　 11.3  2.6  6.7  3.5  3.5  9 15.4                           
082526021222102862クールロジック　　　　　　　　　　　 31.1  5.9 -0.5  2.8  0.7  6  0.0                           
082526021322103934リライトヒストリー　　　　　　　　　 44.5  8.2-11.3-20.0-10.1 -5  0.0  0                        
082526021422103156タイキフィアリーベ　　　　　　　　　 36.8  6.9-11.3 -8.8 -6.8 -2  0.0                           
082526021522100464ヴノ　　　　　　　　　　　　　　　　 11.0  2.5  6.3  2.1  2.9  8  0.0                           
082526021622106978パルジファル　　　　　　　　　　　　 27.3  5.3-11.3  3.5 -3.1  2  0.0                           
082526030122100726エリカブルージュ　　　　　　　　　　 34.3  8.2-11.3-14.6 -8.5 -4  0.0  0                        
082526030222106845ゴールドハーディス　　　　　　　　　 33.9  8.1-11.3  7.2 -2.0  3  0.0                           
082526030322104775エルオンセ　　　　　　　　　　　　　  4.8  1.9  9.2  0.3  3.5  8 16.2  0                        
082526030422107063アメージングハナビ　　　　　　　　　 11.0  3.1  6.8  8.7  5.1 10 22.1                           
082526030522102292ハローエンジェル　　　　　　　　　　  4.9  1.9 17.4 12.4 10.1 15 12.4  4                        
082526030622101129ナムラローラ　　　　　　　　　　　　  7.5  2.5 13.2  5.5  6.5 11  0.0                           
082526030722100128サラダ　　　　　　　　　　　　　　　 15.1  4.0 -2.9 -1.9 -1.6  3  0.0                           
082526030822104624アロマフェリス　　　　　　　　　　　 23.1  5.7 -8.0 -3.8 -4.1  1  0.0                           
082526030922101694イズジョーレイナス　　　　　　　　　 32.9  7.9-11.3-15.5 -8.8 -4  0.0                           
082526031022106634アンビアンス　　　　　　　　　　　　 87.2 19.2-11.3-11.6 -7.6 -3  0.0                           
082526031122103712メテオレーナ　　　　　　　　　　　　 48.7 11.3-11.3 -7.5 -6.4 -1  0.0                           
082526031222102504キタノプレンティ　　　　　　　　　　 46.9 10.9-11.8-14.2 -8.6 -4  0.0  0                        
082526031322104790サンタンドレア　　　　　　　　　　　 37.2  8.8-11.3-11.3 -7.5 -3  0.0                           
082526031422104726ヴァンガルダ　　　　　　　　　　　　 13.7  3.7  4.7  1.4  2.1  7  0.0                           
082526031522102931アイスモント　　　　　　　　　　　　  5.0  1.9  8.6 16.2  8.0 13 19.1                           
082526031622102219ノーランサンライズ　　　　　　　　　 19.3  5.0 -2.0 -7.5 -3.0  2  0.0                           
082526031722106661ピリナマアナ　　　　　　　　　　　　 27.1  6.6  2.9 -0.3  1.0  6  0.0                           
082526031822104638アラベラ　　　　　　　　　　　　　　 17.0  4.5  2.9 -1.4  0.6  6  0.0  5                        
082526040122104731ジャスタパーティー　　　　　　　　　 32.7  6.4 -0.5 -2.9 -1.1  4  0.0  5                        
082526040222103265メイショウユウアイ　　　　　　　　　 47.6  9.0-11.3-12.1 -7.8 -3  0.0                           
082526040322102175カシノメンコチャン　　　　　　　　　 32.4  6.3 -8.8-18.6 -8.8 -4  0.0  0                        
082526040422106231ウインベラーノ　　　　　　　　　　　  4.3  1.5 14.3 19.0 10.9 16 19.1                           
082526040522100869コルレーニョ　　　　　　　　　　　　 62.2 11.3-11.8-10.2 -7.4 -2  0.0                           
082526040622104827テンダリー　　　　　　　　　　　　　 41.3  7.9 -8.8-10.2 -6.3 -1  0.0                           
082526040722104130ランフォースマイル　　　　　　　　　 13.9  3.1 -0.5  7.2  2.0  7  0.0                           
082526040822103068スピードイエロー　　　　　　　　　　 27.8  5.5-11.3  7.4 -1.9  3  0.0                           
082526040922105470コスモグローリー　　　　　　　　　　 13.7  3.1  0.4-15.5 -4.5  0 20.6                           
082526041022100013ルミナヴィクター　　　　　　　　　　 69.3 12.5 -7.8-12.8 -6.7 -2  0.0                           
082526041122102215シーザサンライズ　　　　　　　　　　 27.2  5.4-11.3-15.0 -8.6 -4  0.0  0                        
082526041222100792ワイドリューレント　　　　　　　　　 15.9  3.5  9.0  0.5  3.5  8 16.5                           
082526041322101565プチプランス　　　　　　　　　　　　  4.3  1.5 13.1  9.8  7.7 13  0.0                           
082526041422101057ソルレーヴ　　　　　　　　　　　　　 45.3  8.6-11.3 -1.8 -4.7  0  0.0  5                        
082526041522104126ルクスフレンジー　　　　　　　　　　  2.7  1.3 20.7 22.2 14.3 19 16.2                           
082526041622102609ジュリアナガール　　　　　　　　　　 16.0  3.5  3.9  6.0  3.2  8  0.0                           
082526050122100655レーヌマロン　　　　　　　　　　　　  3.7  1.6 14.2 12.3  8.9 14 16.2                           
082526050222101461セイフウサツキ　　　　　　　　　　　 16.2  4.0 -4.6-13.2 -5.6 -1  0.0                           
082526050322102604サンライズバブル　　　　　　　　　　 12.0  3.2  7.5  4.4  4.1  9 25.0                           
082526050422105290レッドヴァリアート　　　　　　　　　  6.4  2.1  9.6  9.0  6.2 11  0.0                           
082526050522102141モルゲンゾンネ　　　　　　　　　　　 31.3  7.1-11.3-12.4 -7.9 -3  0.0                           
082526050622105485ボンドロア　　　　　　　　　　　　　  7.7  2.4  8.8  7.6  5.5 11  0.0                           
082526050722106789コスモリスナー　　　　　　　　　　　 50.5 11.0-11.3 -9.5 -7.0 -2  0.0                           
082526050822101401アンアルモニー　　　　　　　　　　　 20.9  5.0-11.8-10.2 -7.4 -2  0.0                           
082526050922105562ジーティーパール　　　　　　　　　　 32.4  7.3-11.3-12.9 -8.0 -3  0.0                           
082526051022101449バルカンジャッジ　　　　　　　　　　  4.8  1.8 13.5 18.6 10.5 16 17.7                           
082526051122106751プレデスティナーレ　　　　　　　　　  7.0  2.3 12.0  9.3  7.2 12  0.0                           
082526051222101214ヒシカリナン　　　　　　　　　　　　  5.3  1.9 11.1  5.3  5.7 11 13.4                           
082526060122102293ヒメモモアスク　　　　　　　　　　　  2.1  1.2 22.1 19.5 14.0 34 16.2                           
082526060222104512タマモカンパネラ　　　　　　　　　　  9.4  2.2  9.3  7.6  5.7 26 20.6                           
082526060322105058ヴァンアグレアブル　　　　　　　　　 12.2  2.5 -0.3  9.1  2.6 23  0.0                           
082526060422105758フィングステン　　　　　　　　　　　 13.9  2.7  5.6 10.0  5.1 25  0.0                           
082526060522101465リュミナーズ　　　　　　　　　　　　 27.6  4.7-11.2 -4.2 -5.4 15  0.0                           
082526060622101202サンナイアガラ　　　　　　　　　　　 32.7  5.5-11.3-12.4 -7.9 12  0.0                           
082526060722104794サリーチェ　　　　　　　　　　　　　  4.1  1.5 15.2 17.9 10.9 31 12.4                           
082526060822105954コンテナライン　　　　　　　　　　　 16.3  3.1  4.4  1.0  1.9 22  0.0                           
082526060922105724ミッドナイトゲイル　　　　　　　　　 38.5  6.3-10.2-10.2 -6.8 13  0.0                           
082526061022104970サンコンクエスト　　　　　　　　　　 15.7  3.0 -1.3-12.0 -4.1 16  0.0                           
082526061122103881ツキノアカリ　　　　　　　　　　　　  6.8  1.8 13.5 22.3 11.6 32 19.1  3                        
082526070122105431ネーブルオレンジ　　　　　　　　　　  6.9  2.0  1.0  4.4  1.7 22  0.0                           
082526070222103245ミッキージュエリー　　　　　　　　　  4.3  1.5 13.9 19.3 10.9 31 19.1                           
082526070322105868レベルスルール　　　　　　　　　　　  3.3  1.4 19.0 24.3 14.3 34 17.7                           
082526070422100807ケルティックハーツ　　　　　　　　　 23.1  4.5-11.2-10.6 -7.3 13  0.0                           
082526070522103880ユメシバイ　　　　　　　　　　　　　 29.6  5.6-11.3-13.2 -8.1 12  0.0                           
082526070622104919ベイリークロア　　　　　　　　　　　  3.0  1.3 17.2 12.3 10.0 30 16.2                           
082526070722106760マイネルフルムーン　　　　　　　　　  8.4  2.3  6.8 13.6  6.6 27  0.0                           
082526070822104392シャインベック　　　　　　　　　　　  5.7  1.8 12.3 15.5  9.2 29 14.4                           
082526080121101400マックスセレナーデ　　　　　　　　　 12.9  3.1  1.9 -0.3  0.6 21  0.0                           
082526080221100090エイシンコクスン　　　　　　　　　　  4.9  1.8 12.7 21.3 11.0 31 17.7                           
082526080321100652ラピダリア　　　　　　　　　　　　　  8.4  2.4  9.7 13.8  7.7 28 20.6                           
082526080421102303カンカール　　　　　　　　　　　　　 44.8  8.8-11.8-10.2 -7.4 13  0.0                           
082526080521103776ベルメサイア　　　　　　　　　　　　 10.7  2.6 -6.5 -8.7 -5.0 15  0.0                           
082526080620106394オンリーラヴ　　　　　　　　　　　　 35.4  7.1-11.3-13.1 -8.1 12  0.0                           
082526080721105794レザンクレール　　　　　　　　　　　 17.2  3.8 -4.9 -8.7 -4.4 16  0.0                           
082526080820104123エリカドリーム　　　　　　　　　　　  7.7  2.2  4.3  4.8  3.0 23 13.4                           
082526080920103274ロンシャンクイーン　　　　　　　　　  2.7  1.4 19.4 19.1 12.8 33 16.2                           
082526081021101744フェレザ　　　　　　　　　　　　　　 41.3  8.2 -6.7 -7.5 -4.7 15  0.0                           
082526081121102371クインズポラリス　　　　　　　　　　 13.9  3.2  6.3  7.2  4.5 24  0.0                           
082526081220103474シュニー　　　　　　　　　　　　　　 24.9  5.2 -0.1  5.8  1.7 22  0.0                           
082526081321103217ジョセフィーナ　　　　　　　　　　　 24.9  5.2 -1.9-13.0 -4.6 15  0.0                           
082526081421105939メイショウザンゲツ　　　　　　　　　 16.9  3.8-11.3 -1.7 -4.7 15  0.0                           
082526090119107025クレバーテースト　　　　　　　　　　 40.9  7.7-11.8-10.2 -7.4 28  0.0                           
082526090219104907エメヴィベール　　　　　　　　　　　 40.0  7.6-11.3-10.2 -7.2 28  0.0                           
082526090318103507イヤサカ　　　　　　　　　　　　　　 27.8  5.5 -3.5 -6.6 -3.3 32  0.0                           
082526090421106548タガノデュード　　　　　　　　　　　  6.6  2.0 12.8 11.4  8.1 43  0.0                           
082526090521105104サンライズソレイユ　　　　　　　　　  3.5  1.5 18.6 17.8 12.2 47 12.4                           
082526090619104126ミアステラ　　　　　　　　　　　　　 27.6  5.4 -5.9-12.2 -5.8 29  0.0                           
082526090720103101シェイクユアハート　　　　　　　　　  8.1  2.3 11.7  9.5  7.1 42 20.6                           
082526090821110077シャイニングソード　　　　　　　　　  3.0  1.4 20.0 22.4 14.1 49 16.2                           
082526090920105656フルール　　　　　　　　　　　　　　 14.2  3.2 -2.7  7.6  1.3 36  0.0                           
082526091020103920フェミナフォルテ　　　　　　　　　　 35.5  6.8-11.2-10.6 -7.3 28  0.0                           
082526091119104092メイショウゲキリン　　　　　　　　　 18.0  3.8 -0.5  6.0  1.6 37  0.0                           
082526091220103111アスターブジエ　　　　　　　　　　　 17.4  3.7 -2.8  6.8  1.0 36 25.0                           
082526091317105439キングサーガ　　　　　　　　　　　　 18.2  3.9-10.1-10.2 -6.8 28  0.0                           
082526091420103713タイセイフェリーク　　　　　　　　　 14.7  3.3  8.6  3.2  4.1 39  0.0  0                        
082526100122105108モンテシート　　　　　　　　　　　　  3.8  1.5 13.7 11.1  8.4 53 17.7  5                        
082526100222105783ネーヴェフレスカ　　　　　　　　　　 11.4  2.7  2.0  7.8  3.1 48  0.0                           
082526100322102408ムイ　　　　　　　　　　　　　　　　 12.5  2.9 10.4  6.0  5.6 51  0.0                           
082526100422105755スリールミニョン　　　　　　　　　　  3.0  1.3 19.0 16.7 12.0 57 16.2  4                        
082526100522101443サウスバンク　　　　　　　　　　　　  8.7  2.4  7.0 11.7  6.1 51 14.4  5                        
082526100622106666ドゥアムール　　　　　　　　　　　　 25.8  5.2-11.3 -8.6 -6.7 38  0.0                           
082526100722110093マテンロウサン　　　　　　　　　　　  4.2  1.5 11.6 11.6  7.7 53 19.1                           
082526100822106470アンダースコア　　　　　　　　　　　 24.5  5.0 -8.9 -2.7 -4.1 41  0.0                           
082526100922109110ナイスデスネ　　　　　　　　　　　　 48.2  9.2-12.8-10.5 -7.8 37  0.0                           
082526101022110056フードマン　　　　　　　　　　　　　 16.9  3.7  4.1  0.8  1.7 47  0.0                           
082526101122105317ミーントゥビー　　　　　　　　　　　 13.0  3.0  3.1 10.7  4.3 49  0.0                           
082526110120105998タッチウッド　　　　　　　　　　　　 13.7  3.5  2.2  5.5  2.5 47  0.0                           
082526110220105835ゴールドバランサー　　　　　　　　　 62.6 12.9-11.2-10.6 -7.3 38  0.0                           
082526110320102737マリアナトレンチ　　　　　　　　　　 11.3  3.0  5.7 -1.2  1.7 47  0.0                           
082526110419101324テーオードレフォン　　　　　　　　　 22.9  5.3 -0.4  5.8  1.6 47  0.0                           
082526110520102095ペプチドソレイユ　　　　　　　　　　 31.8  7.1-11.3-10.2 -7.2 38  0.0                           
082526110620103308オーロイプラータ　　　　　　　　　　 19.5  4.6-11.3-12.4 -7.9 37 28.0                           
082526110720100912ジューンアヲニヨシ　　　　　　　　　  2.9  1.5 18.2 19.4 12.5 57 16.2                           
082526110819106748リチュアル　　　　　　　　　　　　　  8.1  2.5  6.8 19.2  8.3 53 14.4  3                        
082526110919104089メイショウユズルハ　　　　　　　　　 68.2 14.0 -6.8-16.0 -7.3 38  0.0                           
082526111021100150クラヴィコード　　　　　　　　　　　 28.1  6.3 -8.3-10.2 -6.1 39  0.0                           
082526111120103387クールミラボー　　　　　　　　　　　 11.4  3.0  1.3 11.5  3.9 49 25.0                           
082526111220102345ヒューゴ　　　　　　　　　　　　　　 34.2  7.5-11.2-13.5 -8.2 37  0.0                           
082526111319105308タイセイドレフォン　　　　　　　　　 42.6  9.2-11.3 -8.7 -6.8 38  0.0                           
082526111419103419サンライズアリオン　　　　　　　　　  9.0  2.7  6.3 11.6  5.8 51  0.0                           
082526111519103908メイクアリープ　　　　　　　　　　　  6.8  2.2 10.3 12.6  7.6 53  0.0                           
082526111618100664ホールシバン　　　　　　　　　　　　  8.0  2.5  8.1 23.3 10.0 55  0.0  1  255   30              
082526120120100673ヒルノピレネー　　　　　　　　　　　 27.9  6.8 -2.0-15.5 -5.4 25  0.0                           
082526120217106394サウンドサンビーム　　　　　　　　　 59.4 13.3-11.3-20.0-10.1 20  0.0  0                        
082526120318101592スナークシュンソウ　　　　　　　　　 55.2 12.4 -8.2-10.5 -6.2 24  0.0                           
082526120419104632プルートマスター　　　　　　　　　　  4.8  1.9  1.1  0.4  0.5 31 16.2                           
082526120520103636インテンソ　　　　　　　　　　　　　 31.6  7.6-11.3-13.2 -8.1 22  0.0                           
082526120619103442クラリティスケール　　　　　　　　　 40.1  9.4 -8.6 -3.8 -4.3 26  0.0                           
082526120720102687バックトゥザライト　　　　　　　　　  7.3  2.5 11.2  9.7  7.0 37 15.4                           
082526120820103729アロマデローサ　　　　　　　　　　　 19.3  4.9 -6.9  3.3 -1.5 28  0.0                           
082526120921106521キングツェッペリン　　　　　　　　　 11.0  3.1  8.7-18.6 -2.4 28  0.0  0                        
082526121019101860スピリットワールド　　　　　　　　　 34.4  8.2-11.3-10.2 -7.2 23  0.0                           
082526121120106409ペプチドハドソン　　　　　　　　　　 24.5  6.0 -4.4 -7.2 -3.8 26  0.0                           
082526121221102503ジョニール　　　　　　　　　　　　　  4.9  1.9 11.0  3.0  4.9 35  0.0                           
082526121320104561タイガースパーク　　　　　　　　　　  4.9  1.9 16.1 21.4 12.3 42 17.7                           
082526121421103549ホウオウフロイト　　　　　　　　　　 37.0  8.8 -3.8-10.6 -4.6 25  0.0                           
082526121521104514ハリウッドブルース　　　　　　　　　  6.7  2.3 13.6 28.8 13.6 44 20.6                           
082526121620100665ジャスパーバローズ　　　　　　　　　 12.4  3.4  4.8  7.0  3.9 34  0.0                           
