052157010119101264アポロプラネット　　　　　　　　　　  3.9  1.6 15.7 20.4 12.2 17  8.6                           
052157010219110073ポイズンアロウ　　　　　　　　　　　  4.9  1.8 12.8 19.0 10.8 16  0.0                           
052157010319100461ハコダテジョー　　　　　　　　　　　 29.9  6.6 -2.5 -1.4 -1.3  4 14.5                           
052157010419103642アグリシュブール　　　　　　　　　　112.3 22.2 -8.4-11.9 -6.9 -2  0.0                           
052157010519102907ビレッジライナー　　　　　　　　　　 14.1  3.5 -1.0  7.9  2.6  8  0.0                           
052157010619103343ガンガディン　　　　　　　　　　　　 31.9  6.9-13.0  6.9 -1.4  4  0.0                           
052157010719106578マックロイド　　　　　　　　　　　　 12.6  3.2 -2.6  4.9  1.0  6 12.3                           
052157010819106668シゲルジンベイザメ　　　　　　　　　 36.6  7.9-12.1 -7.6 -6.4 -1  0.0                           
052157010919105722スクナ　　　　　　　　　　　　　　　  9.1  2.7  2.9  5.8  3.0  8 10.9A                          
052157011019101803ドモナラン　　　　　　　　　　　　　184.3 36.0-11.6 -7.7 -6.3 -1  0.0                           
052157011119110019トーセンエルドラド　　　　　　　　　  3.9  1.6 18.6 13.8 10.6 16  7.9                           
052157011219103507ロードヴァレンチ　　　　　　　　　　 21.7  4.9 -5.2 -3.1 -2.7  2  0.0                           
052157011319101165キボウノホシ　　　　　　　　　　　　 10.8  2.8  4.0 14.1  6.4 11  0.0                           
052157011419103565セイウンシデン　　　　　　　　　　　  8.5  2.6  3.8  8.0  4.1  9 10.1                           
052157011519102393チュウワフラワー　　　　　　　　　　 97.7 19.4-11.6-10.0 -7.1 -2  0.0                           
052157011619105762サヴァンナナイツ　　　　　　　　　　149.5 29.4-14.3-10.8 -8.3 -3  0.0                           
052157020119109149カシノコマンド　　　　　　　　　　　 45.8  9.9 -8.7-10.0 -6.3 -1  0.0                           
052157020219104251ソーメニーサンクス　　　　　　　　　137.4 27.6-12.1-10.0 -7.3 -2  0.0                           
052157020319103879バトルクライ　　　　　　　　　　　　  7.4  2.3 12.4 19.7 10.9 16  0.0                           
052157020419100929モール　　　　　　　　　　　　　　　 19.7  4.7 -5.0 -2.0 -2.2  3  0.0                           
052157020519104643ミッドナイトミニー　　　　　　　　　 12.4  3.2  6.5  7.3  4.6 10  0.0                           
052157020619104266ナムラダグ　　　　　　　　　　　　　156.0 31.2-12.6-20.0-11.1 -6  0.0  0                        
052157020719104871ウェストファリア　　　　　　　　　　  6.9  2.2 14.2 14.4  9.5 15  9.4                           
052157020819102930バスマティ　　　　　　　　　　　　　  3.8  1.6 17.0 15.4 10.7 16 15.9C                          
052157020919103550ドキ　　　　　　　　　　　　　　　　 19.3  4.6  3.9 13.0  5.9 11 13.0                           
052157021019100593フラッシュアーク　　　　　　　　　　 11.7  3.1  6.8 10.0  5.7 11  0.0                           
052157021119105919マーゴットビート　　　　　　　　　　 11.3  3.0 -2.0  1.0 -0.2  5  0.0                           
052157021219103997ノースポール　　　　　　　　　　　　227.9 45.3-12.1 -7.7 -6.5 -1  0.0                           
052157021319106860ナザレ　　　　　　　　　　　　　　　 37.1  8.1-10.3  6.8 -0.6  4  0.0                           
052157021419101266ザアトム　　　　　　　　　　　　　　  4.4  1.8 10.9 23.1 11.7 17 17.3                           
052157021519103938イデアノキセキ　　　　　　　　　　　 19.3  4.6 -6.1 -1.9 -2.5  2  0.0                           
052157021619100496ニシノフォーリーフ　　　　　　　　　 51.0 10.9-12.6 -4.0 -5.2  0  0.0                           
052157021719101874コズミックフロスト　　　　　　　　　 26.1  5.9 -5.3 11.1  2.5  7  0.0                           
052157021819102436ミズノコキュウ　　　　　　　　　　　 30.1  6.7-14.3 -4.0 -5.8 -1  0.0                           
052157030119105532エピファニー　　　　　　　　　　　　  2.2  1.2 20.8 17.5 12.7 18 15.9                           
052157030219103256ニシノユヅキ　　　　　　　　　　　　 38.3  5.7-10.3 -9.9 -6.7 -2  0.0                           
052157030319100009エテルナ　　　　　　　　　　　　　　  8.2  1.9 13.3  5.8  6.1 11  0.0                           
052157030419100595ヤマニンライバリー　　　　　　　　　 29.5  4.6-10.9-10.7 -7.2 -2  0.0                           
052157030519109100メンアットワーク　　　　　　　　　　 13.9  2.5  6.6  9.9  5.6 11 10.9                           
052157030619100584ネッスンドルマ　　　　　　　　　　　 17.4  3.0 -8.8 -2.0 -3.4  2  0.0                           
052157030719106547エレウテリア　　　　　　　　　　　　 31.2  4.8 -5.0-18.6 -8.3 -3 14.4                           
052157030819104958シンボリックレルム　　　　　　　　　 23.8  3.8 -1.5 -4.0 -1.9  3  0.0                           
052157030919101422サンストックトン　　　　　　　　　　  3.0  1.3 18.9  8.2  8.7 14 17.3                           
052157031019100308シルバーサドル　　　　　　　　　　　 65.0  9.0-11.6-10.2 -7.2 -2  0.0                           
052157031119102053ブルボンティアラ　　　　　　　　　　 28.9  4.5-11.6-10.8 -7.4 -2  0.0                           
052157031219104430トーセンシエロ　　　　　　　　　　　  8.0  1.9 12.6 -3.1  2.6  8  0.0  0                        
052157040116102556アノ　　　　　　　　　　　　　　　　  4.7  1.5 16.3 10.9  8.9  9  9.4                           
052157040215105502グローリーグローリ　　　　　　　　　  2.7  1.3 19.9 17.7 12.5 12 15.9                           
052157040318100905アームストロング　　　　　　　　　　 25.2  4.8  1.4  7.6  3.2  3  0.0                           
052157040415102095クリノイダテン　　　　　　　　　　　 38.5  7.0-12.1 -5.9 -5.8 -6  0.0                           
052157040516106547エコロドリーム　　　　　　　　　　　 11.0  2.5 -0.3  7.6  2.7  3  0.0                           
052157040616104982リバーシブルレーン　　　　　　　　　  5.4  1.7 14.5 11.0  8.4  8 10.1                           
052157040718103445ウエスタンアミーゴ　　　　　　　　　 38.3  6.9-12.1 -2.0 -4.4 -4  0.0                           
052157040815103138サンティーニ　　　　　　　　　　　　 13.9  3.0  2.5  7.9  3.6  4  0.0                           
052157040917104800サトノポーラスター　　　　　　　　　 30.7  5.7 -3.2 -8.9 -4.2 -4  0.0                           
052157041014105081プリンスオブペスカ　　　　　　　　　  3.5  1.4 17.4 15.0 10.7 11 17.3                           
052157041118104141クリスタルアゲン　　　　　　　　　　 55.7  9.5-14.3-10.2 -8.0 -8  0.0                           
052157050119103139ワイドスナイパー　　　　　　　　　　 16.3  3.0  6.6 13.0  6.7  7  0.0  3                        
052157050219103609ディーエスリプライ　　　　　　　　　 71.2 10.6-11.6-12.3 -8.0 -8  0.0  0                        
052157050319102112フラスティー　　　　　　　　　　　　174.8 25.0-12.1 -7.7 -6.5 -6  0.0                           
052157050419102779セイウンリーチ　　　　　　　　　　　 23.6  4.0 -6.6  2.4 -1.1 -1  0.0                           
052157050519105089ヴィアルネッサンス　　　　　　　　　  2.3  1.2 19.4 24.4 14.8 15 15.9  1  202   49              
052157050619102104コウキ　　　　　　　　　　　　　　　  8.8  2.1 12.6  4.9  5.6  6 10.1                           
052157050719106725サクセスソング　　　　　　　　　　　 23.7  4.0 -1.9 -2.0 -1.3 -1  0.0                           
052157050819101330アイファーグローブ　　　　　　　　　144.1 20.7-12.6 -5.9 -5.9 -6  0.0                           
052157050919106447アキノスター　　　　　　　　　　　　 57.7  8.7 -8.6-11.9 -6.9 -7  0.0                           
052157051019104805デコラシオン　　　　　　　　　　　　  3.2  1.3 21.2 14.8 11.8 12 17.3                           
052157051119106724イノセントソレル　　　　　　　　　　 76.6 11.3-12.1 -8.1 -6.6 -7  0.0                           
052157051219106926キャノンコア　　　　　　　　　　　　 17.0  3.1  7.7  8.0  5.2  5  0.0                           
052157051319106740ウインドヴァレー　　　　　　　　　　 34.9  5.6 -6.1 -8.0 -4.8 -5  0.0  0                        
052157051419103002ハニートラップ　　　　　　　　　　　 60.8  9.1-11.6 -9.7 -7.0 -7  0.0                           
052157051519105748ブローザホーン　　　　　　　　　　　  6.0  1.6  7.5 15.3  7.9  8  9.4                           
052157051619106289エルイエロ　　　　　　　　　　　　　 49.8  7.8-14.3-10.9 -8.3 -8  0.0                           
052157060119102454サクセスローレル　　　　　　　　　　  8.2  2.6 11.9 10.5  7.4  7  0.0                           
052157060219106415ノーブルグレイシャ　　　　　　　　　 18.4  4.6 -0.7  5.7  1.9  2  0.0                           
052157060319106139グットフォーチュン　　　　　　　　　 14.8  3.8  6.0-11.8 -2.5 -3  0.0                           
052157060419104365セブンダートオー　　　　　　　　　　  6.4  2.2  7.2  7.2  4.8  5 10.1                           
052157060519102777ヤマニンクイッカー　　　　　　　　　 25.8  6.1-10.3-11.6 -7.3 -7 14.5                           
052157060619100840キタノポーションズ　　　　　　　　　106.1 22.4-11.6-20.0-10.8-11  0.0  0                        
052157060719104137ヒールズユアペイン　　　　　　　　　114.6 24.2-12.6 -7.6 -6.6 -7  0.0                           
052157060819101129ノアダイオウ　　　　　　　　　　　　 45.2 10.2 -8.5 -7.6 -5.3 -5  0.0                           
052157060919100244ドルズプライスレス　　　　　　　　　  7.0  2.3  9.9  6.9  5.5  6 10.9                           
052157061019100186ヤサカシュエット　　　　　　　　　　 49.6 11.1-12.1 -4.0 -5.1 -5  0.0                           
052157061119100320ケイアイグラビティ　　　　　　　　　 16.1  4.1  2.5 -5.2 -1.2 -1  0.0                           
052157061219106141ショウナンマーブル　　　　　　　　　  5.2  1.9 11.0 -2.0  2.6  3  8.6                           
052157061319101121ララエフォール　　　　　　　　　　　 60.2 13.0-11.6 -9.7 -7.0 -7  0.0                           
052157061419102312エターナルプライド　　　　　　　　　 66.1 14.2-11.6-11.6 -7.7 -8  0.0                           
052157061519100937ニシノコニャック　　　　　　　　　　  3.9  1.7 13.3  6.2  6.3  6  8.0                           
052157061619100434タービンホール　　　　　　　　　　　  5.6  2.0 19.1 13.0 10.5 10  9.4                           
052157070118104957エクスインパクト　　　　　　　　　　  8.4  2.3 12.4 13.1  8.5 29 10.1                           
052157070218104797リンフレスカンテ　　　　　　　　　　  2.9  1.3 21.1 17.6 12.8 33  8.0                           
052157070317104808デルマラッキーガイ　　　　　　　　　 13.1  2.9 -1.5  6.0  1.8 22  0.0                           
052157070418105066マンインザミラー　　　　　　　　　　  3.9  1.4 19.2  9.7  9.3 29  9.4                           
052157070518100430ゼンダンピューマ　　　　　　　　　　 17.5  3.6  1.3  7.4  3.1 23  0.0  5                        
052157070618104395ボーンジーニアス　　　　　　　　　　 14.3  3.1  8.0 14.0  7.5 28 11.6                           
052157070718105009シーニッククルーズ　　　　　　　　　 27.9  5.3 -9.8 -7.9 -5.8 14  0.0                           
052157070818103206クオンタム　　　　　　　　　　　　　 49.8  9.0 -6.1-16.9 -8.0 12  0.0  0                        
052157070918104788トゥーフェイス　　　　　　　　　　　  3.4  1.3 15.8 12.4  9.3 29 17.3                           
052157071018104686ギブンアンソート　　　　　　　　　　 17.6  3.6 -5.1 -0.4 -1.7 18  0.0                           
052157071117102952マイネルクロンヌ　　　　　　　　　　 48.7  8.8-14.3-10.0 -8.0 12  0.0                           
052157080116102259リワードノルン　　　　　　　　　　　 28.0  6.2-13.0  7.4 -1.2 29  0.0  5                        
052157080214102033ダノンハイパワー　　　　　　　　　　 35.4  7.6 -8.5 -4.8 -4.3 26  0.0                           
052157080317109074カミノホウオー　　　　　　　　　　　116.3 23.0-11.6-10.0 -7.1 23  0.0                           
052157080418101243オレデイイノカ　　　　　　　　　　　  5.9  2.0 16.2 -8.2  1.9 32 20.2                           
052157080518100039イディオム　　　　　　　　　　　　　 43.9  9.3 -9.9 -8.0 -5.9 24  0.0                           
052157080617106038ユウゲン　　　　　　　　　　　　　　 35.8  7.7-12.9-10.1 -7.6 22  0.0                           
052157080717104704ロンドンデリーエア　　　　　　　　　  4.1  1.6 13.4  9.9  7.7 38  8.7                           
052157080816104464イベリスリーフ　　　　　　　　　　　 15.8  3.8  6.9  9.0  5.4 35 12.3                           
052157080917101162サツキマス　　　　　　　　　　　　　 67.3 13.6-11.6-11.6 -7.7 22  0.0                           
052157081018103861フクウン　　　　　　　　　　　　　　  3.8  1.6 16.4 14.2 10.1 40  0.0                           
052157081117104128バーンパッション　　　　　　　　　　 12.6  3.2  4.0 10.0  4.9 35  0.0  5                        
052157081217104129イバル　　　　　　　　　　　　　　　  5.1  1.8 12.7 12.2  8.3 38  9.4                           
052157081316106395ゲバラ　　　　　　　　　　　　　　　 11.3  2.9  7.6  6.2  4.6 35 10.8                           
052157081418104640コモレビキラリ　　　　　　　　　　　 24.7  5.5  5.6  8.9  4.9 35  0.0                           
052157081516106438マリアルージュ　　　　　　　　　　　 26.9  6.0 -7.3-10.9 -6.2 24  0.0                           
052157081617100332ジャックオレンジ　　　　　　　　　　 40.7  8.7-14.3-11.3 -8.4 22  0.0                           
052157090119101267エルパソ　　　　　　　　　　　　　　 75.1 14.0 -4.5-11.3 -5.5 40  0.0                           
052157090219110103クロデメニル　　　　　　　　　　　　 24.9  5.2 -8.2 12.0  1.9 47  0.0  5                        
052157090319106521ヘラルドバローズ　　　　　　　　　　 13.7  3.2  9.6  5.6  4.9 50  0.0                           
052157090419107033ラブパイロー　　　　　　　　　　　　105.9 19.4-11.6 -8.9 -6.7 38  0.0                           
052157090519105993ラインオブソウル　　　　　　　　　　 36.0  7.2 -4.3 -7.3 -4.0 41  0.0                           
052157090619102613セッカチケーン　　　　　　　　　　　 44.2  8.7-12.1-13.9 -8.7 36  0.0                           
052157090719105967スズカコテキタイ　　　　　　　　　　 88.3 16.3 -8.8-16.8 -8.8 36  0.0                           
052157090819104324バレルゾーン　　　　　　　　　　　　 16.1  3.6 -1.6 -2.6 -1.4 44  0.0                           
052157090919104245ペイシャエス　　　　　　　　　　　　 42.6  8.4 -8.8-12.9 -7.4 38  0.0                           
052157091019105281コンシリエーレ　　　　　　　　　　　  2.6  1.3 21.1 20.0 13.7 59 15.9                           
052157091119103309カフェカルマ　　　　　　　　　　　　 11.7  2.8  5.4  4.9  3.4 48 10.8                           
052157091219103393ベストリーガード　　　　　　　　　　  5.3  1.8 14.9 14.6  9.8 55  8.7                           
052157091319104116コパノニコルソン　　　　　　　　　　 13.8  3.2  9.2 -1.1  2.4 47  0.0                           
052157091419103518マルブツプライド　　　　　　　　　　  5.8  1.9  5.1  6.3  3.8 49  9.4                           
052157091519110123ワールドコネクター　　　　　　　　　  6.3  2.0 11.2  9.9  7.0 52 10.1                           
052157100117102899クインズヴィヴィ　　　　　　　　　　 12.5  2.6  8.2 16.4  8.5 43  0.0                           
052157100214104037メイショウヴォルガ　　　　　　　　　115.0 17.5-14.7-10.1 -8.1 27  0.0                           
052157100317110174コラルノクターン　　　　　　　　　　  2.4  1.3 19.9 25.5 15.3 50 15.9                           
052157100415104010フィールザファラオ　　　　　　　　　 11.3  2.4 14.3 12.6  8.9 44  0.0                           
052157100513105495デピュティプライム　　　　　　　　　 20.4  3.8 -6.1  9.1  1.5 37  0.0                           
052157100617101535ジャスパーイーグル　　　　　　　　　 41.2  6.9-12.9-20.0-11.2 24  0.0  0                        
052157100716101930バンブトンハート　　　　　　　　　　 12.6  2.6  5.1 18.4  8.3 43  0.0                           
052157100817102257メイショウマサヒメ　　　　　　　　　 16.6  3.2  8.5  3.1  3.7 39  0.0                           
052157100916104219シホノフォルテ　　　　　　　　　　　 56.7  9.0-12.9-10.1 -7.6 27  0.0                           
052157101016110070ララクリュサオル　　　　　　　　　　  8.8  2.2  8.3  9.4  5.9 41 18.8                           
052157101118104121クロパラントゥ　　　　　　　　　　　  3.3  1.4 18.8 16.5 11.7 47 17.3C                          
052157101215102246サンライズナイト　　　　　　　　　　 42.3  7.0 -7.0-10.1 -5.8 29  0.0                           
052157101317103473スズカコーズマンボ　　　　　　　　　 51.3  8.4-12.1 -8.7 -6.8 28  0.0                           
052157101413101259ローレルジャック　　　　　　　　　　 92.0 14.2-10.3 -9.6 -6.6 28  0.0                           
052157101515101602ソーラーフレア　　　　　　　　　　　 31.9  5.5 -1.3-13.9 -5.5 30  0.0                           
052157101613103297メイショウヤクシマ　　　　　　　　　 60.4  9.5-14.3-10.1 -8.0 27  0.0                           
052157110117103201クリノプレミアム　　　　　　　　　　 29.5  6.6 -7.0-10.8 -6.1 39  0.0                           
052157110217104093ワールドウインズ　　　　　　　　　　 40.9  8.9 -4.3 -8.1 -4.3 41  0.0                           
052157110318100487スライリー　　　　　　　　　　　　　 14.0  3.5  1.9  9.2  3.9 49  0.0                           
052157110415105784トライン　　　　　　　　　　　　　　  7.8  2.4  8.5  5.8  4.7 50 10.8                           
052157110518100184タイムトゥヘヴン　　　　　　　　　　  4.1  1.7 15.7 15.5 10.4 55 17.3                           
052157110614104076ジョーアラビカ　　　　　　　　　　　 49.6 10.6 -9.8-14.7 -8.3 37  0.0                           
052157110715101467ジェネラーレウーノ　　　　　　　　　 73.5 15.0-12.1 -6.8 -6.1 39  0.0                           
052157110816104415ウーリリ　　　　　　　　　　　　　　 65.3 13.4-12.9 -8.1 -6.8 38  0.0                           
052157110917110138エアファンディタ　　　　　　　　　　  4.0  1.7 11.6 13.9  8.6 54  8.0                           
052157111017105396ジュンライトボルト　　　　　　　　　  7.3  2.3 10.0  7.3  5.7 51 10.1                           
052157111117100661プリンスリターン　　　　　　　　　　  7.1  2.3 11.1 11.7  7.6 53  9.4                           
052157111216104839ブランノワール　　　　　　　　　　　 72.6 14.9-10.0-10.1 -6.7 38  0.0                           
052157111317104851アオイクレアトール　　　　　　　　　 17.0  4.1  1.0 -8.2 -2.7 42  0.0                           
052157111416104529ヴェロックス　　　　　　　　　　　　 10.9  2.9  4.4  6.3  3.6 49  0.0                           
052157111516101465スギノヴォルケーノ　　　　　　　　　 57.7 11.9-10.0-14.7 -8.4 37  0.0                           
052157111617105469ルフトシュトローム　　　　　　　　　 13.4  3.4 -6.6  2.1 -1.2 44  0.0  0                        
052157111717100600カリオストロ　　　　　　　　　　　　 63.4 13.1-14.3-10.1 -8.0 37  0.0                           
052157120116102735イルヴェントデーア　　　　　　　　　 41.1  8.5-12.1 -4.6 -5.3 25  0.0                           
052157120215104346エバーミランダ　　　　　　　　　　　 68.1 13.4-11.6-10.1 -7.2 23  0.0                           
052157120317105546アドマイヤチャチャ　　　　　　　　　 46.0  9.5-11.6-16.8 -9.6 20  0.0                           
052157120418105090クリーンスイープ　　　　　　　　　　  3.2  1.4 21.1 22.3 14.5 45 15.9                           
052157120516105858チビラーサン　　　　　　　　　　　　 56.7 11.2 -5.5 -3.1 -2.8 27  0.0                           
052157120617105437グレイトオーサー　　　　　　　　　　  4.5  1.7  9.1 20.9 10.4 40  8.7  3                        
052157120716106316ミモザイエロー　　　　　　　　　　　 37.4  7.8-12.1 -6.0 -5.8 24  0.0                           
052157120815104299ダイワギャバン　　　　　　　　　　　149.8 28.6-12.1-13.8 -8.7 21  0.0                           
052157120915103675プレトリア　　　　　　　　　　　　　 18.6  4.3 -3.2-16.7 -7.1 23  0.0  0                        
052157121017101804サヴァイヴ　　　　　　　　　　　　　 25.1  5.5 -2.2-14.7 -6.1 24  0.0                           
052157121117104888リメンバーメモリー　　　　　　　　　 27.8  6.0 -0.9 -2.1 -1.0 29  0.0                           
052157121216104820スイートセント　　　　　　　　　　　 23.8  5.2 -0.4  3.6  1.2 31 12.2                           
052157121318100226アラビアンナイト　　　　　　　　　　  4.8  1.7 16.1 10.0  8.5 38  9.4                           
052157121418103003ペイシャフェスタ　　　　　　　　　　 40.2  8.4 -5.1 -9.6 -5.1 25  0.0                           
052157121516102080ショーヒデキラ　　　　　　　　　　　 10.7  2.8  2.5 14.2  6.0 36  0.0                           
052157121617100041チアチアクラシカ　　　　　　　　　　  6.8  2.1 14.1 12.6  8.9 39 10.1                           
052157121715104811シュバルツボンバー　　　　　　　　　 34.2  7.2 -7.1 -9.2 -5.5 24  0.0                           
052157121818102451ゲンパチミーティア　　　　　　　　　 38.9  8.1-14.3-13.7 -9.3 21  0.0  0                        
092157010119101535サンボールダー　　　　　　　　　　　 39.1  5.7-11.6-12.5 -8.0 -3  0.0                           
092157010219101187クリノフラッグ　　　　　　　　　　　 21.8  3.5 -8.9 -1.8 -3.8  1  0.0                           
092157010319100529カガヤキホコレ　　　　　　　　　　　 13.5  2.4 -0.8  3.4  0.7  6  0.0                           
092157010419103154エボニー　　　　　　　　　　　　　　 18.1  3.0 -4.4  3.3 -0.6  4 25.0                           
092157010519105358フローラルビアンカ　　　　　　　　　 12.0  2.2  8.9  9.8  6.2 11  0.0                           
092157010619106334レタラ　　　　　　　　　　　　　　　  6.4  1.6 15.5  6.5  7.6 13 13.4                           
092157010719102458ワンダーキサラ　　　　　　　　　　　  1.9  1.2 21.5 20.9 14.2 19 16.2                           
092157010819104096ブルックレット　　　　　　　　　　　 14.1  2.5  5.5 10.4  5.1 10  0.0  5                        
092157010919102829ジロローザ　　　　　　　　　　　　　 35.9  5.3 -9.5 -5.4 -5.1  0  0.0                           
092157011019103401メイショウホマレ　　　　　　　　　　  3.5  1.3 16.1 21.9 12.5 17 17.7  2                        
092157020119103407メイショウアジロ　　　　　　　　　　  3.1  1.3 15.2 14.8 10.0 15 16.2                           
092157020219102404プリムスフィーリア　　　　　　　　　 93.0 16.6-10.3-14.8 -8.2 -3  0.0  0                        
092157020319100447クリノゴールド　　　　　　　　　　　 41.5  7.9 -2.9 -1.6 -1.5  3  0.0                           
092157020419102292タイガークリスエス　　　　　　　　　 20.6  4.3 -1.6 -9.8 -3.5  1  0.0                           
092157020519100029タロファイター　　　　　　　　　　　 31.2  6.1 -6.4 12.0  1.3  6  0.0  5                        
092157020619100666イラーレ　　　　　　　　　　　　　　  3.8  1.4 18.9 34.7 17.3 22 19.1  1  185   38              
092157020719106831アップトゥザナイン　　　　　　　　　 39.0  7.5-10.3-16.5 -8.7 -4  0.0                           
092157020819103349ウインマミリアス　　　　　　　　　　 36.5  7.1-11.6-13.6 -8.3 -3  0.0                           
092157020919102554ワンダークレイモア　　　　　　　　　 14.6  3.3  9.3  9.8  6.3 11 15.4  5                        
092157021019106938ブエナディオサ　　　　　　　　　　　 39.2  7.6 -5.7 -3.2 -3.0  2  0.0  5                        
092157021119103696ブランニューミー　　　　　　　　　　 26.1  5.2 -2.9 -1.8 -1.6  3  0.0                           
092157021219100479キーシーズン　　　　　　　　　　　　 51.4  9.7-11.3-10.2 -7.2 -2  0.0                           
092157021319105244トリブート　　　　　　　　　　　　　 25.3  5.1 -0.6 -3.5 -1.3  4  0.0  5                        
092157021419101260アスターヘキサゴン　　　　　　　　　  3.6  1.4 16.8 16.8 11.2 16 17.7                           
092157021519103162オーロベルディ　　　　　　　　　　　 10.7  2.6 11.0-11.4  0.6  6  0.0                           
092157021619100376タカノドリーム　　　　　　　　　　　 44.6  8.5-12.8-12.7 -8.5 -4  0.0                           
092157030119104445レアルタッド　　　　　　　　　　　　  8.6  2.4  9.0 19.8  9.2 14  0.0                           
092157030219102364クリノビビ　　　　　　　　　　　　　 62.3 11.7-11.8-13.1 -8.3 -3  0.0                           
092157030319105487アドマイヤジェイ　　　　　　　　　　  4.7  1.7 16.8 22.2 12.8 18 17.7                           
092157030419102596オグロ　　　　　　　　　　　　　　　 74.1 13.8-11.6-11.0 -7.6 -3  0.0                           
092157030519104820デルマローレライ　　　　　　　　　　 42.9  8.5-11.6 -7.2 -6.4 -1  0.0                           
092157030619104063ハンス　　　　　　　　　　　　　　　  5.1  1.7  9.7 10.3  6.6 12 19.1                           
092157030719106390タイセイエピソード　　　　　　　　　 45.9  9.0 -6.2-16.3 -7.2 -2  0.0  0                        
092157030819105200サトノアヴァロン　　　　　　　　　　  2.8  1.4 20.2 21.5 13.9 19 16.2                           
092157030919103036ロードマゼラン　　　　　　　　　　　 30.1  6.1 -5.6 -5.9 -3.8  1  0.0  0                        
092157031019110115アルムマッツ　　　　　　　　　　　　 56.8 10.7 -7.9-12.7 -6.7 -2  0.0                           
092157031119103569ヨシノエスポワール　　　　　　　　　 44.4  8.7-11.6-20.0-10.3 -5  0.0  0                        
092157031219104849レッドデクスター　　　　　　　　　　 16.5  3.7 -1.7 -6.3 -2.5  2  0.0                           
092157031319105617アマノカイザー　　　　　　　　　　　152.9 27.8 -9.1 -8.8 -6.0 -1  0.0                           
092157031419101609ディオ　　　　　　　　　　　　　　　 18.1  4.0 -1.6  7.1  1.5  7 17.5                           
092157031519105404リゴレット　　　　　　　　　　　　　 31.9  6.5 -9.6 -5.4 -5.1  0  0.0                           
092157031619106925ムーンリットナイト　　　　　　　　　  8.2  2.4  9.9 22.1 10.3 15  0.0                           
092157031719105908グランドゴールド　　　　　　　　　　 46.7  9.2 -2.8 -5.4 -2.6  2  0.0                           
092157031819104449カスターニャルーナ　　　　　　　　　 40.8  8.1-12.8-10.2 -7.8 -3  0.0                           
092157040119101447トイムム　　　　　　　　　　　　　　 32.7  6.4  2.3  7.4  3.1  8  0.0                           
092157040219103635ドゥラッツォ　　　　　　　　　　　　 68.2 12.4-11.8-16.3 -9.2 -4  0.0  0                        
092157040319100786ルショコラ　　　　　　　　　　　　　  8.3  2.3  9.1 10.9  6.6 12 22.1                           
092157040419101860スピリットワールド　　　　　　　　　  2.8  1.4 21.0 12.9 11.6 17 11.3                           
092157040519105418ベルシャンテ　　　　　　　　　　　　  4.2  1.6 15.3 27.1 13.7 19 17.7  1  271   59              
092157040619102068シャウビンダー　　　　　　　　　　　  7.6  2.2  9.3 11.7  6.9 12  0.0                           
092157040719104104メイショウカジヤ　　　　　　　　　　 38.9  7.5 -9.5  6.8 -1.4  4  0.0                           
092157040819105501シゲルハナミザケ　　　　　　　　　　 34.1  6.7 -8.1 -8.2 -5.4  0 28.0  0                        
092157040919104967アスターデカゴン　　　　　　　　　　 37.8  7.3 -8.4-12.7 -6.9 -2  0.0                           
092157041019104469ベニテマリ　　　　　　　　　　　　　 43.0  8.3 -9.6-11.2 -6.9 -2  0.0                           
092157041119100523トウカイイグニス　　　　　　　　　　 29.2  5.8-11.6-10.2 -7.3 -2  0.0                           
092157041219106613エールゴージューン　　　　　　　　　 57.9 10.6-11.6-10.2 -7.3 -2  0.0                           
092157041319106610メイショウセロジネ　　　　　　　　　 47.0  9.0-11.6 -3.4 -5.3  0  0.0  0                        
092157041419102618ジョードリブル　　　　　　　　　　　 56.4 10.4 -9.7-12.2 -7.2 -2  0.0                           
092157041519100642イプノーズ　　　　　　　　　　　　　 11.3  2.7  9.7 15.6  8.2 13  0.0                           
092157041619105345サブライムアンセム　　　　　　　　　  7.2  2.1  8.6  8.9  5.8 11  0.0                           
092157041719104587ハヤブサウィッシュ　　　　　　　　　 56.6 10.4 -4.9-10.9 -5.1  0  0.0                           
092157041819101756ナッシングマターズ　　　　　　　　　 59.5 10.9-12.8-10.2 -7.8 -3  0.0                           
092157050119103656コイニオチテ　　　　　　　　　　　　  7.4  2.2 12.9 25.5 12.4 12 22.1  2                        
092157050219102215サク　　　　　　　　　　　　　　　　 20.8  4.7 -6.2-17.3 -7.5 -7  0.0  0                        
092157050319104942ブラッドワイルド　　　　　　　　　　  6.7  2.1  0.5  1.4  0.6  1  0.0                           
092157050419104033メイショウサキガケ　　　　　　　　　 38.6  8.0-11.6 -1.6 -4.7 -5  0.0                           
092157050519104578ディガスト　　　　　　　　　　　　　 14.8  3.5  3.4  6.1  3.1  3  0.0                           
092157050619104068レオンバローズ　　　　　　　　　　　 13.9  3.3 -0.2 -1.3 -0.5  0  0.0  4                        
092157050719110097ハイパーストーム　　　　　　　　　　  6.9  2.2 13.5  8.5  7.5  8 14.4                           
092157050819101299ディスコ　　　　　　　　　　　　　　 24.8  5.4 -8.1 -2.0 -3.6 -4  0.0                           
092157050919105272セルケト　　　　　　　　　　　　　　  2.6  1.4 21.8 18.1 13.4 13 16.2                           
092157051019102452ワンダークエーサー　　　　　　　　　 43.6  8.9-11.6-13.8 -8.4 -8  0.0  0                        
092157051119102345マコトカラカシワ　　　　　　　　　　 39.8  8.2 -8.3 -2.5 -3.8 -4  0.0                           
092157051219105877デルマグレムリン　　　　　　　　　　 11.6  2.9 -2.1  4.4  0.6  1  0.0                           
092157051319105280オーラライト　　　　　　　　　　　　  6.8  2.1  8.9 15.9  8.0  8 19.1  5                        
092157060119104081メイショウヒシャ　　　　　　　　　　  5.6  1.5 10.3 11.9  7.3  7 19.1                           
092157060219104338コマノジェネシス　　　　　　　　　　 13.5  2.4  0.1-13.5 -4.0 -4  0.0                           
092157060319110118シェイリーン　　　　　　　　　　　　  1.9  1.2 21.9 25.2 15.6 16 16.2                           
092157060419101019タマモモンレーブ　　　　　　　　　　 19.0  3.1 -2.0 -9.8 -3.7 -4  0.0                           
092157060519102583マルカアトラス　　　　　　　　　　　  8.3  1.8 11.0  8.8  6.7  7 14.4  5                        
092157060619104044メイショウカゲカツ　　　　　　　　　 16.5  2.7-11.6 -1.9 -4.8 -5  0.0                           
092157060719110119フーリッシュホビー　　　　　　　　　  3.4  1.3 17.0 16.9 11.3 11 17.7                           
092157060819100346チャキ　　　　　　　　　　　　　　　 20.3  3.2 -8.7-10.2 -6.3 -6  0.0                           
092157070118103368メイショウカイト　　　　　　　　　　  3.5  1.6 15.8 15.4 10.4 30 16.2                           
092157070217106420ベラール　　　　　　　　　　　　　　  8.6  2.7  5.3  9.5  4.8 25  0.0  5                        
092157070318100886ジェットエンブレム　　　　　　　　　  8.2  2.6  3.0-15.7 -3.6 16 22.1  0                        
092157070417101342シゲルキンセイ　　　　　　　　　　　 15.9  4.0  1.0  0.2  0.4 20  0.0                           
092157070516102421ランランウイング　　　　　　　　　　  7.7  2.5  7.0  0.0  2.6 23  0.0                           
092157070617103186トーレスデルパイネ　　　　　　　　　 33.3  7.6-11.3-10.6 -7.3 13  0.0                           
092157070718103304シゲルメダリスト　　　　　　　　　　 50.2 11.1-11.6 -9.2 -7.0 13  0.0                           
092157070816105750サダムゲンヤ　　　　　　　　　　　　 12.5  3.3  4.6 12.0  5.3 25  0.0  5                        
092157070918101259ノーブルグレイス　　　　　　　　　　  5.4  1.9  7.6 10.4  5.9 26 17.7  3                        
092157071017100008ドンマニフィコ　　　　　　　　　　　 11.0  3.0 -6.1-12.8 -6.1 14  0.0                           
092157071117100873サウンドプリズム　　　　　　　　　　  5.7  2.0 11.7  9.8  7.2 27  0.0                           
092157071218103314フェラーラ　　　　　　　　　　　　　 14.3  3.7 -7.9 16.3  2.0 22 19.6                           
092157080118101012クリノドラゴン　　　　　　　　　　　 16.1  3.8 -6.9 -9.8 -5.5 25  0.0                           
092157080217100478フィニステール　　　　　　　　　　　  6.4  2.1 11.4 12.4  7.9 38 19.1                           
092157080318100474ナリタフォルテ　　　　　　　　　　　  5.0  1.8 12.8 40.0 16.7 47 17.7                           
092157080417106442ハイパーステージ　　　　　　　　　　 14.6  3.5  9.9  8.2  6.1 36  0.0                           
092157080518104346ヴェノム　　　　　　　　　　　　　　 30.3  6.5 -6.1-11.4 -5.7 24  0.0                           
092157080616104908ポップフランセ　　　　　　　　　　　 27.9  6.1-11.6-10.2 -7.3 23  0.0                           
092157080716100368オンワードセルフ　　　　　　　　　　 68.1 13.5-11.6 -9.7 -7.2 23  0.0                           
092157080817101239カネコメノボル　　　　　　　　　　　 28.0  6.1 -7.5-20.0 -8.8 21  0.0  0                        
092157080917105082ヴェラアズール　　　　　　　　　　　 19.7  4.5  0.3-13.8 -4.0 26  0.0  0                        
092157081014102394エミーリオ　　　　　　　　　　　　　 66.7 13.2-11.3 -6.2 -6.0 24  0.0                           
092157081117102894ルドンカズマ　　　　　　　　　　　　 37.0  7.8 -7.8-16.3 -7.8 22  0.0  0                        
092157081217106302フローラルドレス　　　　　　　　　　 36.6  7.7 -9.7-16.3 -8.4 22  0.0                           
092157081318100664ホールシバン　　　　　　　　　　　　  8.2  2.5  7.6  5.5  4.4 34  0.0                           
092157081418105701ワイズマンハート　　　　　　　　　　 11.6  2.9  6.8  8.8  5.1 35 15.4  5                        
092157081518102279イツカハシャチョウ　　　　　　　　　 12.0  3.0  4.3 17.6  6.9 37  0.0                           
092157081618102195ゴールドハイアー　　　　　　　　　　  3.1  1.5 20.8 23.7 14.7 45 16.2                           
092157090117105297ナオミラフィネ　　　　　　　　　　　 16.3  5.1  4.1  4.6  2.9 33  0.0                           
092157090215106466サイモンサーマル　　　　　　　　　　 31.4  9.5-11.3-10.6 -7.3 23  0.0                           
092157090316105042キスラー　　　　　　　　　　　　　　  4.5  1.8 15.8 15.4 10.4 40 13.4                           
092157090418105293マカオンドール　　　　　　　　　　　  1.7  1.2 23.1 23.8 15.6 46 16.2                           
092157090517101909コスモジェミラ　　　　　　　　　　　 13.9  4.4  2.4 10.9  4.2 34 22.1                           
092157090613105912トロピカルストーム　　　　　　　　　 11.4  3.7  9.1  9.2  6.1 36  0.0                           
092157090717104961タイセイモンストル　　　　　　　　　  3.5  1.5 17.4 19.7 12.3 42 17.7                           
092157100117103237サトノガイア　　　　　　　　　　　　 14.9  3.6  1.2 -8.6 -2.1 33  0.0                           
092157100217104652フィロロッソ　　　　　　　　　　　　 20.0  4.6 -3.3 -8.7 -3.8 31  0.0                           
092157100315100958ライジングドラゴン　　　　　　　　　 51.7 10.8-11.6-13.7 -8.4 27  0.0                           
092157100417105982ロッキーサンダー　　　　　　　　　　 44.4  9.3-11.6-10.4 -7.4 28  0.0                           
092157100517103283ゴールドパラディン　　　　　　　　　  8.0  2.4  8.4 13.2  7.0 42  0.0                           
092157100618105235ダノンハーロック　　　　　　　　　　  4.1  1.6 20.9 21.5 14.1 49 17.7                           
092157100718102060ハンディーズピーク　　　　　　　　　  4.9  1.7 10.7 27.8 12.3 47 19.1                           
092157100818101007ムエックス　　　　　　　　　　　　　 12.5  3.1  7.5  4.6  4.1 39  0.0                           
092157100917106704ミステリオーソ　　　　　　　　　　　  3.7  1.5 13.5 15.9  9.7 45 16.2  4                        
092157101018105506スーパーフェイバー　　　　　　　　　 46.3  9.7-11.8 -6.9 -6.4 29  0.0                           
092157101115100217ウインネプチューン　　　　　　　　　 68.5 13.7-11.8 -9.0 -7.0 28  0.0                           
092157101218104876ユアヒストリー　　　　　　　　　　　  8.1  2.5 13.6 11.9  8.6 44 15.4                           
092157101316104743ホウオウライジン　　　　　　　　　　 51.8 10.8-11.6-15.1 -8.8 26  0.0                           
092157101416103289モダスオペランディ　　　　　　　　　 65.3 13.1-11.6 -1.9 -4.8 30  0.0                           
092157101517106085メイショウヨカゼ　　　　　　　　　　 20.3  4.7 -8.1 -1.6 -3.5 32  0.0                           
092157101617101896マイネルアストリア　　　　　　　　　 36.8  7.9-12.8-10.6 -7.9 27  0.0                           
092157110119104762ポッドボレット　　　　　　　　　　　 15.6  3.7  3.5  4.2  2.5 53  0.0                           
092157110219105844ディープレイヤー　　　　　　　　　　 18.0  4.1  5.1 -8.9 -0.8 49  0.0                           
092157110319101348ビーアストニッシド　　　　　　　　　 19.3  4.4 -5.7  9.0  0.6 51  0.0                           
092157110419105654シホノスペランツァ　　　　　　　　　 17.5  4.1 -2.7  8.0  1.4 51  0.0                           
092157110519100628トゥデイイズザデイ　　　　　　　　　  3.5  1.5 16.9 12.0  9.8 60 16.2                           
092157110619103588ライラック　　　　　　　　　　　　　  5.1  1.8 19.9  8.1  9.7 60 20.2                           
092157110719105498フィデル　　　　　　　　　　　　　　  4.3  1.6 12.7 19.0 10.4 60 19.1                           
092157110819103662ジャスティンロック　　　　　　　　　  7.1  2.2 10.5 11.4  7.3 57 15.4                           
092157110919104579キャンデセント　　　　　　　　　　　  4.0  1.5  9.8 12.6  7.4 57 17.7 1                         
092157111019106852グッドフェイス　　　　　　　　　　　 30.5  6.5-12.8 -4.3 -6.0 44  0.0                           
092157120117106417マテンロウディーバ　　　　　　　　　 21.8  4.9 -2.7 -7.2 -3.2 27 26.5                           
092157120218101514ラヴケリー　　　　　　　　　　　　　  6.2  2.0 13.4  6.5  6.9 37  0.0                           
092157120317105126チャイカ　　　　　　　　　　　　　　 25.5  5.7-11.6 -0.6 -4.4 26  0.0                           
092157120415100428ナンゴクアイネット　　　　　　　　　 37.3  7.9-11.8-10.2 -7.4 23  0.0                           
092157120518106058ニシノガブリヨリ　　　　　　　　　　 27.3  6.0 -9.6 -1.6 -4.0 26  0.0                           
092157120618102491メイショウエニシア　　　　　　　　　 62.0 12.5-11.6-17.1 -9.4 21  0.0                           
092157120716104755リャスナ　　　　　　　　　　　　　　  3.3  1.5 16.6 16.9 11.2 41 16.2                           
092157120817101395グッドストーム　　　　　　　　　　　 49.0 10.2-11.6-15.0 -8.8 21  0.0  0                        
092157120914104716アッティーヴォ　　　　　　　　　　　 31.4  6.8-13.2 -7.6 -7.1 23  0.0                           
092157121015101342マジックバローズ　　　　　　　　　　 25.8  5.7 -4.5-13.0 -5.6 24  0.0                           
092157121117110041サトノジヴェルニー　　　　　　　　　 11.6  3.0  4.9 -2.0  1.2 31  0.0                           
092157121217104484エーティーメジャー　　　　　　　　　 90.1 17.8-11.8-10.2 -7.4 23  0.0                           
092157121315104053マッスルマサムネ　　　　　　　　　　 19.1  4.5  5.7  0.2  2.2 32  0.0                           
092157121417102634グリンデルヴァルト　　　　　　　　　  7.4  2.3  1.1  9.4  3.2 33 20.6                           
092157121517100452ルクルト　　　　　　　　　　　　　　  7.4  2.3 12.3 10.9  7.8 38 15.4                           
092157121618100740アールラプチャー　　　　　　　　　　  4.7  1.8 11.6 15.4  8.9 39  0.0  2                        
