052613010123106402マドンナアスク　　　　　　　　　　　 64.3 10.1-12.1-10.0 -7.3 -2  0.0                           
052613010223104809キタノオンザバス　　　　　　　　　　 91.9 14.2-11.6 -6.7 -5.9 -1  0.0                           
052613010323106133スウェーバック　　　　　　　　　　　147.3 22.4-11.6-18.1-10.1 -5  0.0                           
052613010423102401ジャメビュ　　　　　　　　　　　　　 19.5  3.7  5.5  0.2  1.7  7  0.0                           
052613010523106709ノーブルティアラ　　　　　　　　　　 74.5 11.6-12.1-14.0 -8.8 -4  0.0                           
052613010623102602スーパーガール　　　　　　　　　　　 11.8  2.5  6.3  5.7  4.0  9 10.9                           
052613010723105608ルージュリヴィエラ　　　　　　　　　  3.5  1.4 16.0 17.5 11.2 16  8.6                           
052613010823100624ファーストシーン　　　　　　　　　　182.1 27.5 -8.8 -8.3 -5.7 -1  0.0                           
052613010923105518エイシンウィゾール　　　　　　　　　 13.8  2.8  4.0  1.0  1.6  7  0.0  5                        
052613011023106466コスモエレジー　　　　　　　　　　　 40.5  6.8-11.6-10.0 -7.1 -2  0.0                           
052613011123105429チームユートピア　　　　　　　　　　 33.7  5.8 -1.1-13.2 -5.2  0 13.7                           
052613011223102122ハングローズ　　　　　　　　　　　　  7.7  2.0  9.8 13.9  8.0 13  0.0                           
052613011323101046ライヴマルガリータ　　　　　　　　　 29.9  5.2  2.4 -2.9 -0.3  5  0.0  0                        
052613011423102267リワードシュテルン　　　　　　　　　  7.1  1.9 16.4 11.0  9.0 14  9.4                           
052613011523107067スイープセレニティ　　　　　　　　　  2.4  1.2 20.8 17.5 12.7 18 15.9                           
052613011623103079イヌボウノヒカリ　　　　　　　　　　 42.8  7.1-11.6-12.0 -7.9 -3  0.0  0                        
052613020123101495アヴァランチ　　　　　　　　　　　　 19.5  5.1  1.9 -2.0 -0.2  5  0.0                           
052613020223110012フローズンブーケ　　　　　　　　　　 96.5 21.6-10.8-15.1 -8.8 -4  0.0  0                        
052613020323102182タイキプレジール　　　　　　　　　　 14.9  4.0  2.7 18.2  7.5 12 13.8                           
052613020423104434シルバーアックス　　　　　　　　　　  8.6  2.8 11.1  6.0  5.5 11  0.0                           
052613020523107509ピコレーヴ　　　　　　　　　　　　　  9.0  2.9 -0.4 -2.9 -1.2  4 12.2  0                        
052613020623105022アジュアカレンツ　　　　　　　　　　 13.5  3.7 -3.6-10.0 -4.7  0 13.0                           
052613020723106577ユイノカタリベ　　　　　　　　　　　  6.4  2.3 11.8 10.5  7.4 12  0.0                           
052613020823101792ジャスフォール　　　　　　　　　　　  4.9  2.0 11.2 11.0  7.4 12  7.9                           
052613020923101101エンカウンターベイ　　　　　　　　　 28.1  6.9 -6.5  0.1 -1.9  3  0.0  0                        
052613021023107223フローライト　　　　　　　　　　　　  5.2  2.0  4.4  6.0  3.5  9  0.0                           
052613021123101910ステキサプライズ　　　　　　　　　　 35.5  8.6 -8.8-12.9 -7.4 -2  0.0                           
052613021223102320ライヴギムレット　　　　　　　　　　 96.5 21.6-11.6 -8.3 -6.5 -2  0.0                           
052613021323105592ポッドシャンク　　　　　　　　　　　 63.1 14.3-12.1-10.3 -7.4 -2  0.0                           
052613021423100789サリーアン　　　　　　　　　　　　　 21.9  5.5-10.3  2.8 -2.1  3 15.2                           
052613021523103942ソードスレイプニル　　　　　　　　　  8.9  2.9 13.3  1.0  4.4  9  0.0                           
052613021623104232タヤスロレンヌ　　　　　　　　　　　  7.4  2.5  5.9  7.6  4.6 10 10.1                           
052613030123102758ユニベールクイーン　　　　　　　　　 40.2  6.9 -8.8-10.3 -6.4 -1  0.0                           
052613030223101814アオイミズホ　　　　　　　　　　　　  3.1  1.4 21.6 15.8 12.3 17 17.3                           
052613030323102915テンレディーゴー　　　　　　　　　　 17.7  3.5  2.2  3.6  2.0  7  0.0                           
052613030423101371デルマカイモン　　　　　　　　　　　 30.9  5.5 -9.0-15.5 -8.4 -3  0.0                           
052613030523100770チェストー　　　　　　　　　　　　　 31.0  5.5 -6.9-19.4 -9.2 -4  0.0  0                        
052613030623105060ロードクローザー　　　　　　　　　　  2.7  1.3 19.5 24.3 14.8 20 15.9                           
052613030723100377ゴットタレント　　　　　　　　　　　  6.4  1.8 13.3 13.4  8.9 14  0.0                           
052613030823105938トラヴィス　　　　　　　　　　　　　 66.5 10.7-12.1-10.3 -7.4 -2  0.0                           
052613030923106733ザンテソーロ　　　　　　　　　　　　 56.9  9.3 -8.9 -7.7 -5.5  0  0.0                           
052613031023105405フクシマブリルハム　　　　　　　　　 15.0  3.0 -5.3 15.7  4.2  9  0.0                           
052613031123104603チェイサー　　　　　　　　　　　　　 66.2 10.7-12.1 -8.5 -6.7 -2  0.0                           
052613031223103034トップオブザキング　　　　　　　　　 75.8 12.1-11.6 -6.7 -5.9 -1  0.0                           
052613031323106119スーパーハイウェイ　　　　　　　　　  9.4  2.3  4.8  5.1  3.3  8 10.1                           
052613031423104511ゴールドフリーダム　　　　　　　　　 73.2 11.7-12.1-10.0 -7.3 -2  0.0                           
052613031523100928セブンワンダーズ　　　　　　　　　　 11.5  2.5 10.6 14.4  8.5 13 10.9  4                        
052613031623107537グリュック　　　　　　　　　　　　　 55.5  9.0 -3.3 -1.8 -1.6  3  0.0                           
052613040122104908グランカッサ　　　　　　　　　　　　 34.7  7.1-10.3-10.0 -6.8 13  0.0                           
052613040221103226ウエヲムイテゴラン　　　　　　　　　  3.5  1.5 11.4  9.7  7.0 27 17.3C                          
052613040322104844ブルスカメンテ　　　　　　　　　　　 14.3  3.4  2.9 13.5  5.8 26  0.0                           
052613040422106593カポレイラ　　　　　　　　　　　　　 49.0  9.7-12.1-13.2 -8.5 12  0.0                           
052613040522100511サザンティスプーン　　　　　　　　　  4.8  1.7 17.8 15.1 10.9 31  0.0                           
052613040622105100フォンデネージュ　　　　　　　　　　 17.4  3.9  1.4  6.5  2.8 23  0.0                           
052613040722104881エウテルペ　　　　　　　　　　　　　 20.6  4.5 -1.4-13.4 -5.3 15  0.0                           
052613040819104843コーラスライン　　　　　　　　　　　 68.5 13.0-12.1-10.0 -7.3 13  0.0                           
052613040922105585クラリネットソナタ　　　　　　　　　  4.8  1.7 13.5 14.2  9.3 29 20.2                           
052613041022104512タマモカンパネラ　　　　　　　　　　  3.5  1.5 17.8 18.9 12.3 32 15.9                           
052613041121104511コルヴィル　　　　　　　　　　　　　 21.9  4.7  1.6  6.0  2.7 23  0.0                           
052613041222105429チギリ　　　　　　　　　　　　　　　 18.3  4.1 -5.2 -2.5 -2.5 18  0.0  5                        
052613041322104800ブルージュ　　　　　　　　　　　　　 28.2  5.9 -6.5-11.0 -6.0 14  0.0                           
052613050123107134サファイアプレミア　　　　　　　　　 74.1 12.9-12.1-10.1 -7.3 -7  0.0                           
052613050223106341アリアファブラ　　　　　　　　　　　 16.1  3.5 10.9  5.3  5.2  5  0.0                           
052613050323106593カムバックトゥミー　　　　　　　　　 24.5  4.8 -3.2 -0.9 -1.3 -1  0.0                           
052613050423104266サツキマーメイド　　　　　　　　　　189.3 32.0-11.6-12.6 -8.1 -8  0.0                           
052613050523103957ベルウッドクレド　　　　　　　　　　 13.0  2.9  3.2  8.0  3.9  4  0.0                           
052613050623105606レッドリファインド　　　　　　　　　 18.1  3.8  7.6 -2.2  1.5  1  0.0                           
052613050723106879アドマイヤパープル　　　　　　　　　  4.8  1.6 11.1 13.5  8.3  8  9.4                           
052613050823107018フルールロイヤル　　　　　　　　　　 43.4  8.0 -7.1 -2.0 -2.9 -3  0.0                           
052613050923105530エイシンキーンラン　　　　　　　　　 25.8  5.1-11.6-15.0 -9.0 -9  0.0  0                        
052613051023105404カットソロ　　　　　　　　　　　　　  3.7  1.4 18.1 21.4 13.3 13 17.3                           
052613051123106456チョウシュンカ　　　　　　　　　　　 33.5  6.4-12.1 -2.0 -4.4 -4  0.0                           
052613051223104544ピコプリンセス　　　　　　　　　　　 40.7  7.6 -8.6  5.1 -0.7 -1  0.0                           
052613051323105601オウケンサクラコ　　　　　　　　　　 87.3 15.1-12.1-10.0 -7.3 -7  0.0                           
052613051423105361ホウオウパーソンズ　　　　　　　　　 42.8  7.9 -8.5 -2.0 -3.3 -3  0.0                           
052613051523105280ヘイジュード　　　　　　　　　　　　  2.8  1.3 16.3 20.3 12.3 12 15.9                           
052613051623101870ソパデアホ　　　　　　　　　　　　　  9.1  2.4 11.0 24.1 12.1 12 10.1                           
052613060123107319クレアノア　　　　　　　　　　　　　 12.0  3.3  4.8 10.6  5.3 10  0.0                           
052613060223103820ターンザテーブルス　　　　　　　　　  7.8  2.6 10.7  6.0  5.4 10 10.9                           
052613060323102439サザンテイオー　　　　　　　　　　　 23.0  5.7  4.7  7.2  4.1  9  0.0                           
052613060423103694レヴェランジェ　　　　　　　　　　　  9.3  3.0 11.7  8.0  6.4 11 12.3                           
052613060523104128ハクシンスマイル　　　　　　　　　　 41.7  9.8-12.1 -5.0 -5.5  0  0.0                           
052613060623107333レッドアヴィオン　　　　　　　　　　  4.7  1.9 11.0 19.6 10.5 15  7.9                           
052613060723103178テンユウ　　　　　　　　　　　　　　  5.0  1.9 12.1 25.3 12.9 18  0.0                           
052613060823104401レアリゼソンレーヴ　　　　　　　　　 22.7  5.7-10.3-10.7 -7.0 -2  0.0                           
052613060923106589パンジー　　　　　　　　　　　　　　 68.3 15.3-12.1-10.0 -7.3 -2  0.0                           
052613061023106482コスモペンタス　　　　　　　　　　　 52.8 12.3-12.1-10.0 -7.3 -2  0.0                           
052613061123104018ケイツースクード　　　　　　　　　　 81.5 18.1-12.1-11.7 -7.9 -3  0.0                           
052613061223102633アイアンパイク　　　　　　　　　　　  7.3  2.5 -3.3  2.5 -0.1  5 10.1                           
052613061323103437ジュラトリー　　　　　　　　　　　　  8.1  2.7  9.6 10.1  6.6 12 11.5                           
052613061423106913ジュナベーラ　　　　　　　　　　　　  5.1  1.9  9.6 14.5  8.2 13  9.4  2                        
052613061523100737トーケンジンロック　　　　　　　　　 57.5 13.0-12.1-12.1 -8.1 -3  0.0                           
052613061623104606トゥントゥントゥン　　　　　　　　　 86.8 19.3-10.3-11.6 -7.3 -2  0.0                           
052613070123106312ジェイエルキャリア　　　　　　　　　 27.2  5.7-10.3-10.9 -7.1 13  0.0                           
052613070223103274アイスメルティング　　　　　　　　　 12.0  2.9  8.9  8.5  5.8 26  0.0                           
052613070323105545スターオブロンドン　　　　　　　　　  5.6  1.8 11.1 12.9  8.1 28  0.0                           
052613070423104309エスシーレイジュ　　　　　　　　　　 38.5  7.8-12.1 -9.2 -7.0 13  0.0                           
052613070523103751グラティアム　　　　　　　　　　　　 19.6  4.4-11.6 -2.0 -4.2 16  0.0                           
052613070623105784ピュール　　　　　　　　　　　　　　 64.2 12.3-11.6-10.6 -7.4 13  0.0                           
052613070723102007ゼファーテソーロ　　　　　　　　　　 17.0  3.9 -6.5  6.6  0.5 20  0.0                           
052613070823105092マジッククッキー　　　　　　　　　　  4.4  1.6 14.3 11.0  8.3 28 17.3                           
052613070923105748リフレックス　　　　　　　　　　　　 42.1  8.5-10.3-12.1 -7.5 12  0.0                           
052613071023103717コックピットサイト　　　　　　　　　 14.7  3.4  4.3 18.8  8.2 28  0.0  1  130   60              
052613071123101397ウィッキドピケット　　　　　　　　　  9.2  2.6 13.4  6.0  6.2 26  0.0                           
052613071223104849ムーンブランシュ　　　　　　　　　　 22.9  4.9  2.4  9.6  4.2 24 14.4  5                        
052613071323104150カセノアステリア　　　　　　　　　　 11.1  2.8  8.0  6.0  4.6 25 10.9                           
052613071423110094フルミネブル　　　　　　　　　　　　  3.0  1.4 17.9 20.0 12.7 33 15.9                           
082623010123103240ワルトシュタイン　　　　　　　　　　  4.9  1.4 16.2 13.6 10.0 15 12.4                           
082623010223105340レッドフレーザー　　　　　　　　　　  5.4  1.5 11.0 12.8  7.9 13 19.1                           
082623010323106110ノリチャンボウルズ　　　　　　　　　 27.7  4.3 -7.2-10.2 -5.7 -1  0.0                           
082623010423107156トランスマリーン　　　　　　　　　　  7.5  1.8 12.2 11.1  7.8 13 20.6                           
082623010523105467ショーンバローズ　　　　　　　　　　 23.2  3.7 -6.9 -5.4 -4.2  1  0.0                           
082623010623100541カセノコンコルド　　　　　　　　　　 19.0  3.2  2.0 -9.4 -2.1  3  0.0                           
082623010723102187シエルブリエ　　　　　　　　　　　　 27.7  4.3 -7.9-13.5 -6.9 -2  0.0                           
082623010823104679タイセイルビー　　　　　　　　　　　 17.6  3.0  1.3 -0.4  0.4  5  0.0                           
082623010923103884キリオス　　　　　　　　　　　　　　  1.7  1.2 23.5 23.3 15.6 21 16.2                           
082623011023100329アフリカンブラック　　　　　　　　　 36.3  5.5-11.3-10.2 -7.2 -2  0.0                           
082623020123102358ラウターユーベル　　　　　　　　　　 25.3  4.0 -6.7 -3.9 -3.6  1  0.0                           
082623020223102773ハイビッグゴールド　　　　　　　　　 16.0  2.8 -1.6  6.6  1.4  6  0.0                           
082623020323104376ミーサーク　　　　　　　　　　　　　  3.9  1.3 15.9 17.6 11.1 16 17.7                           
082623020423105885ウインクリンゲル　　　　　　　　　　 27.0  4.2 -7.3-10.6 -5.9 -1  0.0                           
082623020523101665ウォーターハクビ　　　　　　　　　　  6.4  1.6 13.8 11.5  8.5 14 14.4                           
082623020623103776フォーティンブラス　　　　　　　　　  5.9  1.6 11.7 17.4  9.5 15 19.1                           
082623020723103904アビル　　　　　　　　　　　　　　　  1.9  1.2 22.6 19.5 14.1 19 16.2                           
082623020823104989メイショウルーク　　　　　　　　　　 24.1  3.8 -2.5 -7.3 -3.1  2  0.0                           
082623020923102919サイモンゼスト　　　　　　　　　　　 15.7  2.8 -3.0 -3.4 -2.1  3  0.0                           
082623030123105279アニマレイ　　　　　　　　　　　　　  3.5  1.5 13.7 12.2  8.7 14 17.7                           
082623030223104669ゲレイロ　　　　　　　　　　　　　　 32.0  6.5 -4.5-14.9 -6.1 -1  0.0                           
082623030323105593ポッドリプル　　　　　　　　　　　　  3.5  1.5 17.5 15.6 11.1 16 16.2                           
082623030423101796テリオスリコ　　　　　　　　　　　　 12.5  3.0  1.9 11.5  4.1  9 17.5                           
082623030523106572メイショウボンテン　　　　　　　　　 29.7  6.1 -6.4 -8.7 -5.0  0  0.0                           
082623030623102525オニノウタゲ　　　　　　　　　　　　 28.5  5.9 -8.9-10.6 -6.4 -1  0.0                           
082623030723103501シンゼンイセ　　　　　　　　　　　　 28.6  5.9-11.3-10.4 -7.3 -2  0.0                           
082623030823101231フリッシュ　　　　　　　　　　　　　 12.2  2.9  4.1  9.3  4.3  9  0.0                           
082623030923103920ベラケンタウロス　　　　　　　　　　 41.4  8.2 -9.2 -0.7 -3.6  1  0.0                           
082623031023104692サマーブリザード　　　　　　　　　　 20.5  4.5  2.0  1.7  1.2  6  0.0  5                        
082623031123100966マリブサーフ　　　　　　　　　　　　  7.8  2.3  7.7 12.0  6.4 11 20.6  5                        
082623031223100241セイウンバジリスク　　　　　　　　　 12.5  3.0  3.7 11.8  4.9 10  0.0  5                        
082623031323100596ジャーナーリア　　　　　　　　　　　  5.9  1.9 14.9 18.8 11.1 16  0.0                           
082623031423106586ロット　　　　　　　　　　　　　　　 42.0  8.3 -9.2-10.6 -6.6 -2  0.0                           
082623040123105966スカルラッティ　　　　　　　　　　　 16.0  4.0  2.6-10.2 -2.1 -2  0.0                           
082623040223102930サイモンゴージャス　　　　　　　　　 60.3 12.7-11.3-10.2 -7.2 -7  0.0                           
082623040323104939クリュギスト　　　　　　　　　　　　  3.8  1.7  5.5  7.4  4.2  4  0.0                           
082623040423101714ワンダーゾルダート　　　　　　　　　 44.5  9.8 -4.8-14.6 -6.1 -6  0.0  0                        
082623040523106558サンライズビクター　　　　　　　　　 31.2  7.1 -6.9 -4.8 -4.0 -4  0.0                           
082623040623103750アチーヴァー　　　　　　　　　　　　  6.5  2.2 12.4  1.1  4.9  5 19.1                           
082623040723100417エイシンキタールン　　　　　　　　　  4.7  1.8  9.8  4.0  4.8  5 17.7                           
082623040823100235ビズロード　　　　　　　　　　　　　 44.8  9.9 -6.9 -9.3 -5.3 -5 24.7                           
082623040923100233アキノビューティー　　　　　　　　　 13.0  3.4  2.1  3.9  1.9  2  0.0                           
082623041023105613ルージュマシェリ　　　　　　　　　　 17.3  4.3 -4.7 -7.5 -4.0 -4  0.0                           
082623041123104111クレセントゼファー　　　　　　　　　  9.3  2.8  4.0 -0.7  1.3  1  0.0                           
082623041223106175アレンスター　　　　　　　　　　　　 23.3  5.5-11.7-11.7 -7.8 -8  0.0                           
082623041323103562マルカアルバ　　　　　　　　　　　　  8.2  2.6  9.5 12.4  7.2  7 20.6                           
082623041423102582テイエムスターラン　　　　　　　　　 16.0  4.0 -4.9 -6.0 -3.6 -4  0.0                           
082623041523101282メイショウユウゲン　　　　　　　　　 12.3  3.2  5.6-20.0 -3.9 -4  0.0  0                        
082623041623101233キタノハイテイル　　　　　　　　　　 74.2 15.5-11.3-14.6 -8.5 -9  0.0  0                        
082623050123100448テイエムアイラン　　　　　　　　　　  4.2  1.8  9.5 16.4  8.4 13 16.2                           
082623050223102939アラビアンジョイ　　　　　　　　　　 19.9  5.1-11.3-10.2 -7.2 -2  0.0                           
082623050323102125サッポロイクコ　　　　　　　　　　　 11.0  3.1  6.7  8.3  4.9 10 25.0                           
082623050423103319チャナッカレ　　　　　　　　　　　　 37.2  8.8-11.3-12.6 -7.9 -3  0.0                           
082623050523105290サトノカスターニャ　　　　　　　　　  5.6  2.1  5.3 11.5  5.4 10  0.0  5                        
082623050623107074ミラキュラスアース　　　　　　　　　  6.3  2.2  6.0  1.0  2.5  7  0.0                           
082623050723101176ルナーマンス　　　　　　　　　　　　 10.8  3.1  5.4  7.4  4.2  9 23.5                           
082623050823103348オーロラボレアリス　　　　　　　　　 11.9  3.3  7.2 18.3  8.1 13  0.0  3                        
082623050923104869ディーズベンチャー　　　　　　　　　 49.7 11.5-11.3-11.8 -7.7 -3  0.0                           
082623051023105720ペプチドブッドレア　　　　　　　　　  7.7  2.6 16.9 15.3 10.8 16 14.4                           
082623051123103535プリュスエクラ　　　　　　　　　　　  8.5  2.8 -3.6  3.5 -0.3  5  0.0                           
082623051223106226ナムラヒナギク　　　　　　　　　　　 20.0  5.1 -4.1  8.0  0.9  6  0.0                           
082623051323103916ナデシコザクラ　　　　　　　　　　　 36.9  8.7 -7.8-10.2 -5.9 -1  0.0                           
082623051423104520ルナフィオーレ　　　　　　　　　　　 12.0  3.3 -4.5  7.0  0.4  5  0.0                           
082623060123107299ホールオブミラーズ　　　　　　　　　 19.0  4.1 -6.9 -8.6 -5.1 15  0.0                           
082623060223110051ドナシェーン　　　　　　　　　　　　 36.7  7.2-11.2 -7.1 -6.2 14  0.0                           
082623060323105140サヨノパララックス　　　　　　　　　 31.1  6.2-11.3-14.6 -8.5 11  0.0  0                        
082623060423110100アスクケンタッキー　　　　　　　　　  6.9  2.1 10.1 13.2  7.7 28  0.0                           
082623060523102173メイショウカクウチ　　　　　　　　　  3.1  1.4 21.9 13.1 12.0 32 16.2                           
082623060623101452スマートジュリアス　　　　　　　　　  4.2  1.5 12.2 12.2  8.1 28 19.1                           
082623060723104856マイケルバローズ　　　　　　　　　　 14.8  3.3  2.9  9.0  3.8 24  0.0  5                        
082623060823101161ホットシート　　　　　　　　　　　　  3.8  1.5 15.6 15.6 10.4 30 17.7                           
082623060923103263パータリプトラ　　　　　　　　　　　 14.1  3.2  2.9  4.0  2.3 22  0.0                           
082623061023107535ムテキシャチョウ　　　　　　　　　　 22.7  4.7 -9.0-10.6 -6.5 14 19.6                           
082623061123100741ムーランオランジュ　　　　　　　　　 34.4  6.8-12.1 -9.3 -7.2 13  0.0                           
082623061223110034カフジクロミエ　　　　　　　　　　　 18.7  4.1  5.2 -8.5 -0.6 19  0.0                           
082623070121101280ジェロニモス　　　　　　　　　　　　  8.5  2.0  6.2  7.8  4.6 25  0.0                           
082623070222100619ロードガレリア　　　　　　　　　　　  2.6  1.2 16.9 16.2 11.1 31 17.7                           
082623070322105280ファーングロット　　　　　　　　　　  5.4  1.5 13.5 17.0 10.1 30 19.1  4                        
082623070422104598ドルチェリターン　　　　　　　　　　 18.2  3.2 -1.7 -4.8 -2.1 18  0.0                           
082623070521102801ドゥラシェーナ　　　　　　　　　　　 37.1  5.8-11.3-12.6 -7.9 12  0.0                           
082623070622106751プレデスティナーレ　　　　　　　　　 14.8  2.8  3.5 19.6  7.2 27  0.0  4                        
082623070722102303アスクコモンタレヴ　　　　　　　　　  2.6  1.2 20.0 14.6 11.7 32 16.2                           
082623070820101323アットアブラスト　　　　　　　　　　 23.4  3.9 -6.9 -4.8 -4.0 16  0.0                           
082623070920104491ファームツエンティ　　　　　　　　　  8.6  2.0  2.1 11.8  4.3 24 15.4  5                        
082623080120106475ピンキープロミス　　　　　　　　　　 11.7  2.2 10.6 11.0  7.2 37 14.4                           
082623080221105867ショウナンハウル　　　　　　　　　　 18.9  3.2 -7.3-12.3 -6.4 24  0.0                           
082623080322104856ブリヤディアマンテ　　　　　　　　　 23.4  3.7 -6.9 -7.1 -4.7 25  0.0                           
082623080421105072ディーガレジェンド　　　　　　　　　  4.0  1.3 14.5 18.5 10.9 41 17.7                           
082623080519103816リッチブラック　　　　　　　　　　　 22.8  3.6 -5.8 -9.3 -4.9 25  0.0                           
082623080621105459ヴィスマール　　　　　　　　　　　　  4.1  1.3 16.8 11.9  9.7 40 19.1                           
082623080722105769ヴァリディシームス　　　　　　　　　  1.8  1.2 21.9 19.6 13.9 44 16.2                           
082623080822105018バルティカ　　　　　　　　　　　　　 12.0  2.3  6.7 -2.8  1.6 32  0.0                           
082623090119104660フラップシグナス　　　　　　　　　　 27.5  5.4-11.7-14.4 -8.6 26  0.0                           
082623090221101237シャカシャカシー　　　　　　　　　　 31.1  6.1-11.3 -3.8 -5.3 30  0.0                           
082623090321101737エンヤラヴフェイス　　　　　　　　　  8.9  2.4 10.9  6.4  5.9 41 14.4                           
082623090422110077イリフィ　　　　　　　　　　　　　　  5.3  1.7 16.9  6.9  8.3 43 19.1                           
082623090520107082ライジン　　　　　　　　　　　　　　 18.3  3.9 -7.3 -2.6 -3.5 32  0.0                           
082623090620104679コパノハンプトン　　　　　　　　　　 34.3  6.6-10.1 -8.5 -6.3 29  0.0                           
082623090722104862パラサイコロジー　　　　　　　　　　  5.2  1.7 13.6 11.0  8.3 43 17.7                           
082623090822110151ゲッティヴィラ　　　　　　　　　　　  2.4  1.3 19.7 16.3 12.1 47 16.2                           
082623090921103061ムーム　　　　　　　　　　　　　　　 20.0  4.2  5.2  3.8  3.0 38  0.0                           
082623091021106421キタノソワレ　　　　　　　　　　　　 41.9  7.9 -9.0-10.6 -6.5 29  0.0                           
082623091120109094ナスノカンゲツ　　　　　　　　　　　 74.7 13.3-11.2-10.6 -7.3 28  0.0                           
082623091221103204アイアムユウシュン　　　　　　　　　 31.4  6.1  2.4  6.4  2.8 38  0.0                           
082623091321110136アメリカンマーチ　　　　　　　　　　 11.4  2.7 -0.1  8.4  2.5 37  0.0                           
082623091420103367ハンベルジャイト　　　　　　　　　　 51.0  9.5 -9.3-11.9 -7.0 28  0.0                           
082623091519104169メイショウタイゲイ　　　　　　　　　 28.1  5.5 -8.2-10.4 -6.1 29  0.0                           
082623091621103214ネグレスコ　　　　　　　　　　　　　 45.9  8.6-11.3 17.0  1.0 36  0.0                           
082623100123103456スピナーリート　　　　　　　　　　　  9.1  2.1  7.7  4.8  4.3 49 14.4                           
082623100223106840アドマイヤシュラ　　　　　　　　　　  2.7  1.2 19.9 19.1 13.0 58 17.7                           
082623100323107526エレガントファラオ　　　　　　　　　 25.0  4.1-11.3-10.2 -7.2 38  0.0                           
082623100423104475スウィートハピネス　　　　　　　　　  2.6  1.2 17.9 23.5 13.6 59 16.2  3                        
082623100523101159アイニードユー　　　　　　　　　　　 15.1  2.8 -0.5-12.7 -4.0 41  0.0                           
082623100623103153ベルサンローラン　　　　　　　　　　 23.8  4.0 -4.6-10.8 -4.9 40  0.0                           
082623100723107264デアヴェローチェ　　　　　　　　　　  9.4  2.1  8.3 10.1  6.1 51  0.0  4                        
082623100823107178フェルミアーク　　　　　　　　　　　  5.0  1.5 15.0 13.2  9.5 54 19.1                           
082623100923106845ラエトゥス　　　　　　　　　　　　　 25.2  4.2-11.2-10.6 -7.3 38  0.0                           
082623110121105496リアレスト　　　　　　　　　　　　　 35.6  7.5-11.2-10.6 -7.3 38  0.0                           
082623110222103115キョウキランブ　　　　　　　　　　　 14.2  3.4 -3.2  6.4  0.7 46  0.0                           
082623110322105979ピカピカサンダー　　　　　　　　　　 13.8  3.4  2.5  3.2  1.9 47  0.0                           
082623110418100664ホールシバン　　　　　　　　　　　　 58.9 11.6-11.3-14.1 -8.4 37  0.0  0                        
082623110519100094エナハツホ　　　　　　　　　　　　　101.2 19.5-11.7-14.9 -8.8 36  0.0  0                        
082623110622105891ドラゴンブースト　　　　　　　　　　 29.3  6.3 -0.5 -2.2 -0.8 44  0.0                           
082623110720104760ゼットリアン　　　　　　　　　　　　  6.3  2.0  9.9 23.8 10.8 56 13.4  1  221   36              
082623110821104882シュバルツクーゲル　　　　　　　　　 26.5  5.7 -9.8-10.6 -6.8 38  0.0                           
082623110919100631フォーチュンテラー　　　　　　　　　 50.5 10.4-11.3-13.5 -8.2 37  0.0                           
082623111020100806ディープリボーン　　　　　　　　　　  6.6  2.1 12.7  8.2  7.1 52 20.6                           
082623111121105112ミッキークレスト　　　　　　　　　　 18.1  4.2 -6.2 -2.1 -2.9 42  0.0                           
082623111220102750タイトニット　　　　　　　　　　　　  3.6  1.6 16.4 29.8 15.0 60 16.2                           
082623111322104928トリポリタニア　　　　　　　　　　　  3.9  1.6 17.2 14.9 10.8 56 17.7  5                        
082623111419104089メイショウユズルハ　　　　　　　　　 97.6 18.9-11.3-11.8 -7.7 37  0.0                           
082623111518102576ロードプレジール　　　　　　　　　　 28.3  6.1 -8.6-10.2 -6.2 39  0.0                           
082623111620100912ジューンアヲニヨシ　　　　　　　　　  8.2  2.5 10.9 16.5  8.9 54  0.0                           
082623120122110113ジャスパーノベル　　　　　　　　　　 70.1 11.3-11.3  6.4 -2.2 18  0.0                           
082623120221110134エンブレムボム　　　　　　　　　　　 58.4  9.5 -9.0-10.6 -6.5 14  0.0                           
082623120321104101タイセイブロウ　　　　　　　　　　　  6.5  1.8 12.9  9.3  7.5 28  0.0                           
082623120422102796ウォーターエルピス　　　　　　　　　 12.6  2.7  5.5  6.2  3.9 24 22.1                           
082623120521110162ジュウオウ　　　　　　　　　　　　　 33.8  5.9-11.7-10.2 -7.3 13  0.0                           
082623120621110058エリカヴェローナ　　　　　　　　　　 15.7  3.2 -1.3  9.7  2.4 22  0.0  5                        
082623120722102716サンマルノヴェル　　　　　　　　　　  2.4  1.3 21.1 26.7 15.7 36 16.2                           
082623120819103285クリノミニスター　　　　　　　　　　 19.5  3.8  4.4 -1.4  1.2 21  0.0                           
082623120922104391ヴィヴァシャス　　　　　　　　　　　 11.7  2.5  0.7  7.9  2.6 23 14.4                           
082623121022106943ランドブレイブ　　　　　　　　　　　 55.6  9.1-11.3-20.0-10.1 10  0.0  0                        
082623121122101431ダニエルバローズ　　　　　　　　　　 31.0  5.5-10.0-14.9 -8.1 12  0.0  0                        
082623121222110068リドルトリガー　　　　　　　　　　　 88.7 14.1-11.3-10.6 -7.3 13  0.0                           
082623121322103609モカラマーズ　　　　　　　　　　　　  3.6  1.4 18.0 19.1 12.3 32 17.7  2                        
082623121421110121アメリカンランナー　　　　　　　　　 22.0  4.1 -3.6 -4.6 -2.7 17  0.0                           
082623121521104673ダディーズアイル　　　　　　　　　　 22.4  4.1  3.0 -1.4  0.7 21  0.0                           
102615010123101731マイトリックスター　　　　　　　　　 64.1 11.9-10.3-13.8 -7.9 -3  0.0                           
102615010223106937クリソプテロン　　　　　　　　　　　 16.1  3.6 -5.2-20.0 -7.9 -3  0.0                           
102615010323106430アリストクラット　　　　　　　　　　 35.0  7.0-10.3-13.8 -7.9 -3  0.0                           
102615010423105830ビーチイン　　　　　　　　　　　　　 27.1  5.6-10.3 -3.8 -4.9  0  0.0                           
102615010523106555イザベラサンライズ　　　　　　　　　 35.6  7.1-11.8-15.0 -8.8 -4  0.0                           
102615010623101861フローラルウェイ　　　　　　　　　　 26.1  5.4 -5.0-15.0 -6.3 -1  0.0                           
102615010723105666アスターリコッタ　　　　　　　　　　 39.8  7.9-11.8-17.9 -9.7 -5  0.0  0                        
102615010823103378レザーアンドレース　　　　　　　　　 17.6  3.9 -3.1 10.0  1.9  7  0.0                           
102615010923101053ブリーゼプリマベラ　　　　　　　　　 48.1  9.4-10.3-13.8 -7.9 -3  0.0                           
102615011023103379ホールドミーワンス　　　　　　　　　  4.7  1.7 13.5  9.0  7.7 13  6.5                           
102615011123101082シャンドラテ　　　　　　　　　　　　 23.7  4.9 -8.2 18.0  2.4  7  6.8                           
102615011223107262ミティリーニ　　　　　　　　　　　　  7.1  2.1  4.6 15.0  6.2 11  7.3                           
102615011323103815フレットローソ　　　　　　　　　　　  2.7  1.4 19.7 30.0 16.2 21  9.9                           
102615011423107075ガーネットフレア　　　　　　　　　　  7.6  2.2 14.3  9.0  7.9 13  6.8                           
102615011523104539フレンズプラス　　　　　　　　　　　 14.7  3.4 -0.6  2.2  0.4  5  5.4                           
102615011623102909マーゴットクリュグ　　　　　　　　　 15.1  3.4 -1.0-15.0 -4.9  0  2.0                           
102615020123102992ニホンピロジニー　　　　　　　　　　 39.7  8.9-11.8-15.0 -8.8 -4  0.0                           
102615020223103618ワンワールド　　　　　　　　　　　　 56.3 12.0-12.6-11.3 -8.0 -3  0.0                           
102615020323106849イトシサ　　　　　　　　　　　　　　  4.0  1.6 10.4 20.6 10.0 15  9.9                           
102615020423101865ウォーターデライト　　　　　　　　　  4.7  1.8 -3.1  9.0  1.6  7  2.2                           
102615020523104084グランブラーヴ　　　　　　　　　　　 53.3 11.7-12.6 -9.0 -7.3 -2  0.0                           
102615020623107497イソダ　　　　　　　　　　　　　　　 49.5 10.9-10.3-13.8 -7.9 -3  0.0                           
102615020723101627ブルーハーツ　　　　　　　　　　　　 64.3 13.6-10.3-13.8 -7.9 -3  0.0                           
102615020823104505ゴールドパレード　　　　　　　　　　  8.7  2.7 12.3 12.8  8.4 13  8.6                           
102615020923106420コスモファーブロス　　　　　　　　　 21.0  5.1 -1.0-10.7 -3.6  1  0.0                           
102615021023103657ノーブルクロンヌ　　　　　　　　　　 71.5 15.1-10.3-13.8 -7.9 -3  0.0                           
102615021123106454ヴァールザーゲン　　　　　　　　　　 37.1  8.3-11.0-13.8 -8.2 -3  2.6                           
102615021223100215スピットブレイク　　　　　　　　　　 15.0  3.8 10.3  1.3  4.2  9  5.2                           
102615021323101122ヒッグスボソン　　　　　　　　　　　 11.6  3.1  7.1  9.0  5.3 10  4.9                           
102615021423106320ワイドカクゲン　　　　　　　　　　　 25.0  5.8 -8.5-15.0 -7.6 -3  0.0                           
102615021523101743ホッコームジカ　　　　　　　　　　　 19.6  4.8-11.8-15.0 -8.8 -4  0.0                           
102615021623100143マイネルユーゲント　　　　　　　　　  4.7  1.8 20.5 21.3 13.9 19  7.0                           
102615021723103353シャンデリュイーズ　　　　　　　　　 11.1  3.0  7.2  9.0  5.3 10  5.4                           
102615021823102357ブランチアウト　　　　　　　　　　　 38.5  8.6-12.6 -9.0 -7.3 -2  0.0                           
102615030123100051ジルコンテソーロ　　　　　　　　　　 40.4  6.8 -6.6-13.8 -6.6 -2  4.1                           
102615030223103073カゼノハゴロモ　　　　　　　　　　　 26.9  4.8-11.0-13.8 -8.2 -3  0.0                           
102615030323100903サンライズキース　　　　　　　　　　 36.6  6.2-11.8-15.0 -8.8 -4  0.0                           
102615030423105799アクシズ　　　　　　　　　　　　　　 33.9  5.8-10.3-13.8 -7.9 -3  0.0                           
102615030523103699パドゼフィール　　　　　　　　　　　  4.1  1.5 18.0 30.0 15.6 21  8.6                           
102615030623109140コウユーネロガ　　　　　　　　　　　 10.7  2.3  8.4  9.0  5.8 11  6.8                           
102615030723106220キャストアイズミー　　　　　　　　　 19.4  3.7  5.7-12.5 -1.7  3  6.1                           
102615030823101676ファンシーフリル　　　　　　　　　　  2.2  1.2 20.3 20.6 13.6 19  9.3                           
102615030923104997メッチャエエヤン　　　　　　　　　　 20.3  3.8-11.8  8.6 -1.7  3  2.3  5                        
102615031023101448スラッシュコード　　　　　　　　　　 14.0  2.8  5.5  0.0  2.0  7  4.6                           
102615031123102960ペルヴォルム　　　　　　　　　　　　 49.9  8.3-10.3-13.8 -7.9 -3  0.0                           
102615031223102841ショコラキュイ　　　　　　　　　　　  7.7  2.0 12.9 11.3  8.1 13  4.0                           
102615031323103931ゴーゴーパンチ　　　　　　　　　　　 32.3  5.6-11.0-13.8 -8.2 -3  0.0                           
102615031423106359ワイドアルバ　　　　　　　　　　　　 14.7  2.9 -3.1  9.0  1.6  7  0.0                           
102615040121105335トーアマリシテン　　　　　　　　　　  3.7  1.5  9.2 21.5  9.8 10 10.8                           
102615040221102980メイショウソムリエ　　　　　　　　　 15.3  3.6 12.9 11.3  8.1  8  5.2                           
102615040320102956ブライテストドーン　　　　　　　　　  5.5  1.8  4.7 18.8  7.4  7  6.0                           
102615040421106574マグナレガリア　　　　　　　　　　　  4.8  1.7  8.3 13.9  7.2  7  9.4                           
102615040521105489シークレットキー　　　　　　　　　　 21.0  4.6-10.2-15.0 -8.2 -8  0.0                           
102615040620104881ケイアイサンデラ　　　　　　　　　　 14.1  3.3 -5.0-15.0 -6.3 -6  0.0                           
102615040721103504スノーディーヴァ　　　　　　　　　　 33.7  6.9-10.3-13.8 -7.9 -8  0.0                           
102615040820101319ゴットリープ　　　　　　　　　　　　 11.9  2.9  6.2  2.8  3.1  3  1.9                           
102615040919101825デザートスター　　　　　　　　　　　  3.4  1.5 20.7  2.5  8.3  8  9.3                           
102615041022106174ブラックタロー　　　　　　　　　　　 36.4  7.4-12.6-15.0 -9.1 -9  0.0                           
102615041119105808ホウオウユニコーン　　　　　　　　　 19.5  4.3 -2.3 10.8  2.4  2  0.0                           
102615041219101351セキテイオー　　　　　　　　　　　　 35.2  7.2-10.3-13.8 -7.9 -8  0.0                           
102615050122101139アバットゥータ　　　　　　　　　　　  7.6  1.9  9.4 10.7  6.7  7  9.6  5                        
102615050222101548ヴァルトバーデン　　　　　　　　　　 20.9  3.6  0.0 12.8  3.8  4  5.2                           
102615050322100979マイネルトラオム　　　　　　　　　　 29.6  4.7-10.3-13.8 -7.9 -8  0.0                           
102615050421101216ストラクチャー　　　　　　　　　　　 15.4  2.8 -2.2  6.1  1.0  1  0.0                           
102615050518103603グラヴィテ　　　　　　　　　　　　　 12.1  2.4 10.2  9.0  6.4  6  2.5                           
102615050621104669サマーアゲイン　　　　　　　　　　　 25.9  4.2-12.6-15.0 -9.1 -9  0.0                           
102615050720103575シュバルツガイスト　　　　　　　　　 36.5  5.7-10.3  1.9 -3.2 -3  0.0  0                        
102615050821106621ハイウェイスター　　　　　　　　　　  3.9  1.4 19.2  5.4  8.7  9  8.6                           
102615050920102648ラパンラピッド　　　　　　　　　　　 13.3  2.5  6.2  8.3  4.8  5  7.3                           
102615051020100052シルヴァーデューク　　　　　　　　　  2.0  1.2 20.5 30.0 16.5 17  9.9                           
102615051120102664ウォーターハウス　　　　　　　　　　 24.3  4.0-10.2-15.0 -8.2 -8  0.0                           
102615051222107047コパノヴィンセント　　　　　　　　　 31.8  5.0-10.3 -4.1 -5.0 -5  0.0                           
102615060123105860ウインシャリーフ　　　　　　　　　　 71.0 13.2-10.3-13.8 -7.9 -3  0.0                           
102615060223103368ゴリョウセイ　　　　　　　　　　　　  8.1  2.3  3.7  9.0  4.1  9  4.3                           
102615060323107218モスカテル　　　　　　　　　　　　　  3.9  1.6  6.6 18.0  7.8 13  8.0                           
102615060423105587ノヴァレジーナ　　　　　　　　　　　 20.4  4.4 -1.6 -5.1 -2.1  3  0.0                           
102615060523104703ニシノトリビュート　　　　　　　　　 19.6  4.3  3.8-15.0 -3.1  2  6.5                           
102615060623105418ビップヴォルフ　　　　　　　　　　　 10.6  2.6 10.9 22.5 10.7 16 12.7                           
102615060723102410ブリックアブラック　　　　　　　　　 69.0 12.9-10.3-13.8 -7.9 -3  0.0                           
102615060823101217サリー　　　　　　　　　　　　　　　 71.0 13.2-11.0-15.0 -8.5 -4  0.0                           
102615060923101591アストリル　　　　　　　　　　　　　  3.1  1.5 13.2 24.4 12.2 17  7.9                           
102615061023105726ゴールデンダガー　　　　　　　　　　 13.1  3.1 -5.7  8.3  0.4  5  0.0                           
102615061123105867ウインモアナ　　　　　　　　　　　　 55.2 10.4-11.0-13.8 -8.2 -3  0.0                           
102615061223105971ロサルゴサ　　　　　　　　　　　　　 18.8  4.1 -3.0  9.0  1.6  7  0.0                           
102615061323102442ウールヴヘジン　　　　　　　　　　　 47.4  9.3-11.0-13.8 -8.2 -3  0.0                           
102615061423103830ブルーアンビエンス　　　　　　　　　 46.6  9.1-10.3-13.8 -7.9 -3  0.0                           
102615061523102802ヤクジョ　　　　　　　　　　　　　　 36.1  7.2-10.3 -3.8 -4.9  0  0.0                           
102615061623106966シークレット　　　　　　　　　　　　 43.1  8.5-12.6-15.0 -9.1 -4  0.0                           
102615061723104381ビケイムフリー　　　　　　　　　　　 38.3  7.6-11.8-15.0 -8.8 -4  0.0                           
102615061823100814クラウンインジエア　　　　　　　　　  7.3  2.2 15.2  1.7  6.1 11  5.6                           
102615070122105668トーセンリバーブ　　　　　　　　　　 19.0  4.7-10.3-13.8 -7.9 12  0.0                           
102615070222100792ワイドリューレント　　　　　　　　　 35.6  8.1-12.6-15.0 -9.1 11  0.0                           
102615070322105817アルディスティーノ　　　　　　　　　  9.2  2.8  8.8-15.0 -1.3 19  5.4                           
102615070422100626フィオレストラーダ　　　　　　　　　  4.5  1.7 14.9-10.2  2.4 22  6.5                           
102615070522104130ランフォースマイル　　　　　　　　　 46.4 10.3-11.8-15.0 -8.8 11  0.0                           
102615070622105796アリスメティーク　　　　　　　　　　  4.2  1.7  7.9 23.8 10.0 30  7.9                           
102615070721107253ニシノコマチムスメ　　　　　　　　　 22.6  5.4 -2.3 -1.8 -1.4 19  3.6                           
102615070821105274サイレントグルーヴ　　　　　　　　　 20.7  5.0-12.6 -7.2 -6.8 13  0.0                           
102615070922102984ビスケットマリー　　　　　　　　　　 68.9 14.6-11.0-13.8 -8.2 12  0.0                           
102615071022103705エレガンシア　　　　　　　　　　　　  8.2  2.6 15.7 15.0 10.3 30  4.3                           
102615071122102295マドモアゼルアスク　　　　　　　　　 17.0  4.2 -3.0 10.7  2.1 22  8.1                           
102615071222102550メイショウピリカ　　　　　　　　　　 25.3  5.9 -8.5-19.0 -8.8 11  0.0  0                        
102615071322103233パーフェクトパール　　　　　　　　　  4.8  1.8 18.4 18.0 12.1 32  9.4                           
102615071422106757ベストレーサー　　　　　　　　　　　 62.2 13.2 -6.5-18.6 -8.0 12  0.0                           
102615071522103063ルージュスティーズ　　　　　　　　　 19.0  4.7 -2.2  9.0  1.9 22  0.0                           
102615071621103217ジョセフィーナ　　　　　　　　　　　 41.1  9.2-12.6 -8.3 -7.1 13  0.0                           
102615071721104208ニホンピロホリデー　　　　　　　　　 35.5  8.0-10.6-15.0 -8.4 12  0.0                           
102615071822105766ドーギッド　　　　　　　　　　　　　 48.9 10.8-12.6-15.0 -9.1 11  0.0                           
102615080122101044グレイスフルマーチ　　　　　　　　　 13.7  3.1  2.4  9.0  3.6 24  0.0                           
102615080222100725テーオーノーベル　　　　　　　　　　  8.9  2.4  4.5 18.0  7.1 27 10.1                           
102615080322104555ゴッドヴァレー　　　　　　　　　　　 14.0  3.1 -1.2  9.0  2.3 22  3.1                           
102615080422106010モズタチアガレ　　　　　　　　　　　  3.3  1.4 19.0 10.2 10.0 30  6.7                           
102615080522103644ブレイジングスター　　　　　　　　　 11.3  2.6  3.6  9.0  4.0 24  5.4                           
102615080621104320キングベルベット　　　　　　　　　　 17.1  3.7 -1.8  0.7 -0.4 20  0.0  0                        
102615080721106583ユイノコキュウ　　　　　　　　　　　 33.0  6.4-10.3 -3.8 -4.9 15  0.0                           
102615080821100730コスモフレディ　　　　　　　　　　　 28.1  5.5-11.0-13.8 -8.2 12  2.5                           
102615080922104176チャチャピンク　　　　　　　　　　　 16.1  3.5-11.0-15.0 -8.5 11  0.0                           
102615081022103509シュードタキライト　　　　　　　　　 29.2  5.7-11.0-13.8 -8.2 12  0.0                           
102615081122104801ハッコウイチウ　　　　　　　　　　　  6.1  1.9 18.0 15.3 11.2 31  6.3                           
102615081222104419ローズマイスター　　　　　　　　　　  3.2  1.4 20.5 24.4 14.8 35  9.9                           
102615090122110040リーティアコナル　　　　　　　　　　  4.8  1.7 21.1 15.0 12.2 32  7.3                           
102615090221103037デリシュー　　　　　　　　　　　　　 24.8  5.3-10.3-13.8 -7.9 12  0.0                           
102615090320102785イゾレエオリア　　　　　　　　　　　 29.5  6.1-10.3 -3.8 -4.9 15  0.0                           
102615090422101608オーシンエス　　　　　　　　　　　　  6.2  2.0 11.8 13.9  8.5 28 10.1  1  196   40              
102615090522106221ウインイルネージュ　　　　　　　　　 31.0  6.4-11.0-10.2 -7.1 13  0.0                           
102615090622106846ゴールドジェスター　　　　　　　　　 53.0 10.5-10.3-13.8 -7.9 12  0.0                           
102615090722106224ウインリベラシオン　　　　　　　　　 35.2  7.2 -8.5-15.0 -7.6 12  0.0                           
102615090820100621マイバラード　　　　　　　　　　　　 22.2  4.8-10.3 -3.8 -4.9 15  0.0                           
102615090922102604サンライズバブル　　　　　　　　　　  8.3  2.4  8.4  9.0  5.8 26  5.4                           
102615091021103520デルシエロ　　　　　　　　　　　　　 15.1  3.5  6.2  9.0  5.0 25  0.0                           
102615091121106811マイネルモメンタム　　　　　　　　　 21.7  4.7 -2.3 -1.8 -1.4 19  0.0                           
102615091221105382シンドリームシン　　　　　　　　　　  4.8  1.7 15.3 18.0 11.0 31  9.6                           
102615091322101605サミダレナイツ　　　　　　　　　　　  2.8  1.4 18.0 21.0 12.9 33  9.9                           
102615100121107085ウインアクトゥール　　　　　　　　　 14.9  3.7 -8.2  0.3 -2.9 27  2.1                           
102615100220106413レッドバレンティア　　　　　　　　　 38.0  8.3-10.3-13.8 -7.9 22  0.0                           
102615100322104784ルクスジニア　　　　　　　　　　　　 12.6  3.2 -6.9 33.5  7.5 38  4.0                           
102615100422106803ミラーダカリエンテ　　　　　　　　　 26.7  6.0-10.3 -3.8 -4.9 25  0.0                           
102615100522103288ヤコブセン　　　　　　　　　　　　　 22.4  5.2 -2.3 -1.8 -1.4 29  0.0                           
102615100622105164マテンロウギフト　　　　　　　　　　  5.4  1.9 13.4 15.0  9.4 39  9.5                           
102615100721102561キーウェーブ　　　　　　　　　　　　 56.4 11.7-11.8-15.0 -8.8 21  0.0                           
102615100821103790フナデ　　　　　　　　　　　　　　　  6.5  2.1 16.3 18.8 11.6 42  2.3                           
102615100919100606ヤマニンループ　　　　　　　　　　　  7.5  2.4  7.7 21.5  9.3 39 10.1  2                        
102615101021107173オオナミコナミ　　　　　　　　　　　  9.3  2.8 -1.9 -4.2 -2.0 28  5.4                           
102615101122101925オデット　　　　　　　　　　　　　　 25.4  5.8 -7.8  9.0 -0.2 30  0.0                           
102615101220103168トーアライデン　　　　　　　　　　　 23.1  5.3 -3.0  9.0  1.6 32  0.0                           
102615101321105971フラッシング　　　　　　　　　　　　 36.7  8.1-11.8-12.5 -8.1 22  0.0                           
102615101422103651ツーエムクロノス　　　　　　　　　　 18.8  4.5 -3.4 -8.4 -3.8 26  0.0  0                        
102615101521104857フローラルセント　　　　　　　　　　 35.0  7.7-11.8-15.0 -8.8 21  0.0                           
102615101622106306ゼンダンハヤブサ　　　　　　　　　　  3.3  1.5 19.2  5.4  8.7 39  9.9                           
102615110120102468トーセンサウダージ　　　　　　　　　 29.8  7.1  0.7  2.8  1.1 36  4.0                           
102615110221102753サンセットブライト　　　　　　　　　 21.7  5.3-10.3-13.8 -7.9 27  0.0                           
102615110320103928ホウオウスーペリア　　　　　　　　　 10.8  3.0 10.6  6.2  5.7 41  5.4                           
102615110420106063ゴッドブルービー　　　　　　　　　　  5.3  2.0 11.5 14.4  8.5 44  8.7                           
102615110521103502アイウィル　　　　　　　　　　　　　 15.3  4.0  0.3 -3.8 -1.0 34  2.1                           
102615110619105188クロースコンバット　　　　　　　　　  5.8  2.1 -2.3 13.9  3.3 38 10.1                           
102615110720104550ワイドアラジン　　　　　　　　　　　 73.0 16.0-10.3-15.0 -8.3 27  4.7                           
102615110820102862レシプロシティ　　　　　　　　　　　  4.6  1.8 20.5 27.5 15.8 51  3.4                           
102615110918106458メイショウミカワ　　　　　　　　　　 22.5  5.5-12.6-20.0-10.6 24  0.0  0                        
102615111019104632プルートマスター　　　　　　　　　　 20.2  5.1-11.8  5.0 -2.8 32  0.0                           
102615111120105635ツークフォーゲル　　　　　　　　　　 58.8 13.0-11.8-15.0 -8.8 26  0.0                           
102615111220106635メイショウシナノ　　　　　　　　　　 37.6  8.7 -0.9  9.0  2.4 37  0.0                           
102615111322102435ルージュミラージュ　　　　　　　　　 18.9  4.8-11.8-15.0 -8.8 26  0.0                           
102615111420100665ジャスパーバローズ　　　　　　　　　 36.1  8.4-12.6-15.0 -9.1 26  4.1                           
102615111522105262カペルブリュッケ　　　　　　　　　　  4.7  1.8 17.2 40.0 18.3 53  7.3                           
102615111621102256ノーブルスカイ　　　　　　　　　　　 12.5  3.4  2.7-15.0 -3.5 31  0.0                           
102615120122103214ルクスコロン　　　　　　　　　　　　 60.4 13.2-11.0-13.8 -8.2 12  0.0                           
102615120222107258ラブアイミー　　　　　　　　　　　　 47.1 10.8 -7.5 -4.7 -4.2 16  0.0                           
102615120322102878ナンナンプー　　　　　　　　　　　　 16.1  4.2  3.1 10.8  4.4 24  3.4                           
102615120421103075メイショウヤマモモ　　　　　　　　　 19.8  5.0  2.3-15.0 -3.7 16  0.0                           
102615120521105057オンザヴィーナス　　　　　　　　　　 36.2  8.4 -2.3 -1.8 -1.4 19  0.0                           
102615120622106905ワインクーラー　　　　　　　　　　　  7.0  2.4 16.3 15.0 10.5 30 11.0                           
102615120721106648ベネメレンティ　　　　　　　　　　　 48.8 11.1-11.8-15.0 -8.8 11  0.0                           
102615120822105858ラミアメンテ　　　　　　　　　　　　  6.4  2.2 -2.3 17.0  4.3 24  2.2                           
102615120921101414ベルファスト　　　　　　　　　　　　 15.6  4.0-11.8 16.7  0.7 21  0.0                           
102615121022103880ユメシバイ　　　　　　　　　　　　　 19.0  4.8 -6.9-15.8 -7.3 13  0.0  0                        
102615121122103527ライツユーアップ　　　　　　　　　　 44.9 10.3-11.8  8.6 -1.7 18  0.0                           
102615121222104648フランクスピード　　　　　　　　　　  8.7  2.8  8.7-15.0 -1.3 19  4.6                           
102615121322101039オーケーダイナ　　　　　　　　　　　 13.2  3.5  1.4 18.0  5.9 26  5.8                           
102615121422106729ウインレオネッサ　　　　　　　　　　 15.9  4.1 -6.5-15.0 -6.9 13  4.5                           
102615121522103473ベルサ　　　　　　　　　　　　　　　  3.6  1.7 16.2 30.0 14.9 35  7.9                           
102615121621102433アートフォーム　　　　　　　　　　　 32.0  7.5 -2.5  9.0  1.8 22  0.0                           
102615121722101579オレイア　　　　　　　　　　　　　　 38.2  8.8-12.6-15.0 -9.1 11  0.0                           
102615121820103530イコノスタシス　　　　　　　　　　　  8.4  2.7  2.2 15.0  5.3 25  6.8                           
