052618010123103049ネオアンボウ　　　　　　　　　　　　 49.2  8.8-12.1-10.9 -7.6 -3  0.0                           
052618010223104603チェイサー　　　　　　　　　　　　　 19.9  4.0 -0.1  5.1  1.8  7  0.0                           
052618010323101661アトミックブレス　　　　　　　　　　  3.3  1.5 17.8 26.2 14.9 20 17.3                           
052618010423100346ブライトラン　　　　　　　　　　　　 61.1 10.5 -3.9 -8.2 -4.2  1  0.0                           
052618010523100626マルターズドン　　　　　　　　　　　 13.9  3.0  3.2  4.0  2.4  7 12.2                           
052618010623107403エコロセレナ　　　　　　　　　　　　  9.2  2.4  3.6  0.6  1.3  6  0.0  5                        
052618010723102422ミラビリオン　　　　　　　　　　　　  8.4  2.2  9.8  6.0  5.1 10  0.0                           
052618010823102420マクシーン　　　　　　　　　　　　　 34.0  6.3 -6.0 -2.0 -2.5  2  0.0                           
052618010923106258ニシノランペイジ　　　　　　　　　　 28.2  5.3-12.1 -9.2 -7.0 -2  0.0                           
052618011023106577ユイノカタリベ　　　　　　　　　　　 12.5  2.8  5.7  8.0  4.6 10  0.0                           
052618011123105655ソフィアプルーマ　　　　　　　　　　 64.7 11.1-12.1 -5.3 -5.6 -1  0.0                           
052618011223105208レピュニット　　　　　　　　　　　　  2.9  1.4 17.8 15.0 10.8 16 15.9                           
052618011323107282モーブプリエール　　　　　　　　　　 36.4  6.7 -8.7 -2.0 -3.3  2  0.0                           
052618011423103593セイレーンバイブス　　　　　　　　　 59.6 10.3-12.1-10.0 -7.3 -2  0.0                           
052618011523100655タイセイモノリス　　　　　　　　　　 11.6  2.6  6.3  6.6  4.3  9 10.9                           
052618011623101064ベストロマンス　　　　　　　　　　　 49.2  8.8-12.1-10.0 -7.3 -2  0.0                           
052618020123105177タケルムサシ　　　　　　　　　　　　  3.9  1.3 18.1 20.0 12.8 18 18.8  3                        
052618020223100313オーキッドワン　　　　　　　　　　　 40.2  6.3-12.1-14.0 -8.8 -4  0.0                           
052618020323103433レフィノス　　　　　　　　　　　　　 20.5  3.6 -8.0 -2.0 -3.1  2  0.0                           
052618020423107343バスキュール　　　　　　　　　　　　  2.2  1.2 21.5 20.0 13.8 19 15.9                           
052618020523104149エンゼルランプ　　　　　　　　　　　 83.8 12.2-11.6-10.3 -7.3 -2  0.0                           
052618020623103187クワッドマリニン　　　　　　　　　　 30.0  4.9  0.0-10.6 -3.9  1  0.0                           
052618020723106452コスモラムバック　　　　　　　　　　 22.7  3.9  4.7  8.4  4.5  9  0.0                           
052618020823106494ビービーアジャイル　　　　　　　　　  3.5  1.3 16.8 15.8 10.8 16 17.3                           
052618020923101720ジューングレイス　　　　　　　　　　 41.8  6.6 -6.5  6.0  0.3  5  0.0                           
052618021023109056カミノテイオー　　　　　　　　　　　 47.1  7.3-12.1  9.8  0.0  5  0.0                           
052618021123106459マイネルスラーヴァ　　　　　　　　　 18.1  3.3  0.4  7.4  2.8  8  0.0                           
052618021223102967クリムゾンリーフ　　　　　　　　　　 16.9  3.1  6.8  6.0  4.2  9  0.0                           
052618021323106170ウルヴァリン　　　　　　　　　　　　 49.7  7.7-12.1 -9.3 -7.0 -2  0.0                           
052618030123102823トレンドマーチ　　　　　　　　　　　 52.3  8.5-12.1-11.7 -7.9 -8  0.0                           
052618030223107494ポッポヘジュセヨ　　　　　　　　　　 31.4  5.4-11.6-18.0-10.1-10  0.0                           
052618030323100453ローズブーケ　　　　　　　　　　　　  2.3  1.2 19.7 17.5 12.3 12 15.9                           
052618030423102495イヌボウノシオカゼ　　　　　　　　　 13.2  2.7  7.3  5.0  4.0  4  0.0                           
052618030523104693モーニンムスメ　　　　　　　　　　　 90.9 13.9-11.6 -5.5 -5.5 -5  0.0                           
052618030623103050リケアブカティーニ　　　　　　　　　  8.3  2.1  1.9  1.0  0.9  1  9.4                           
052618030723100200ラヴィプランドール　　　　　　　　　 37.0  6.2-12.1-10.0 -7.3 -7  0.0                           
052618030823102038グリニッジローズ　　　　　　　　　　 31.5  5.4 -3.7-15.0 -6.6 -7  0.0  0                        
052618030923104369タツナナイロ　　　　　　　　　　　　 40.6  6.7-12.1-18.0-10.2-10  0.0                           
052618031023102386ミリオングローリー　　　　　　　　　 25.2  4.4 -0.1  6.0  2.2  2  0.0                           
052618031123100731フローレスカラーズ　　　　　　　　　  3.5  1.4 22.2 19.5 13.8 14 17.3                           
052618031223102848ウインルナロッサ　　　　　　　　　　 30.8  5.3 -3.2-11.7 -5.3 -5  0.0                           
052618031323105663ヴィラロボス　　　　　　　　　　　　 15.4  3.0  8.6  9.0  5.9  6  0.0                           
052618031423104036ボンダイビーチ　　　　　　　　　　　147.8 22.2-12.1-18.0-10.2-10  0.0                           
052618031523101158ヴェントディルーナ　　　　　　　　　 11.9  2.5  7.3  7.0  4.8  5 10.1                           
052618031623107301ディルガーム　　　　　　　　　　　　 19.1  3.6  6.8 -9.4 -1.4 -1  0.0                           
052618040123105426ノヴェルカフナ　　　　　　　　　　　 69.6 12.6-12.1-19.4-10.7 -6  0.0  0                        
052618040223102890モロノディアマンテ　　　　　　　　　 47.3  9.0-12.1-10.0 -7.3 -2  0.0                           
052618040323105577グランフィエスタ　　　　　　　　　　 66.2 12.0-11.6-10.0 -7.1 -2  0.0                           
052618040423105255オメガディコン　　　　　　　　　　　  9.2  2.5  4.2  6.0  3.5  8 10.1                           
052618040523107111アイムイン　　　　　　　　　　　　　  3.1  1.4 18.4 26.2 15.1 20 15.9                           
052618040623106432マイネルグレート　　　　　　　　　　 10.9  2.6 15.7 20.8 12.3 17 10.8  4                        
052618040723105271クォンタムビット　　　　　　　　　　 15.9  3.5 -3.4  6.4  1.3  6  0.0                           
052618040823106803ショウナンサイオウ　　　　　　　　　 18.5  4.0  4.2 -2.8  0.2  5  0.0                           
052618040923106145スノーエルヴァ　　　　　　　　　　　 46.0  8.7 -3.7 -2.7 -2.1  3  0.0                           
052618041023101948キーサーバー　　　　　　　　　　　　107.5 19.0-12.1-10.0 -7.3 -2  0.0                           
052618041123104971クインズツバキ　　　　　　　　　　　 37.5  7.2-12.1-12.1 -8.1 -3  0.0                           
052618041223103749ルーリングクラス　　　　　　　　　　 19.9  4.2 -0.9 -2.0 -1.0  4  0.0                           
052618041323106106サクセスブルー　　　　　　　　　　　 43.3  8.3  2.4-14.6 -4.6  0  0.0  0                        
052618041423103527カリドーラ　　　　　　　　　　　　　 22.5  4.6-11.6-12.1 -7.9 -3  0.0                           
052618041523103458スカイリッチ　　　　　　　　　　　　  3.5  1.4 16.1 15.3 10.4 15  8.7                           
052618041623106830ダノンアスコルティ　　　　　　　　　  5.0  1.7 12.1 14.5  8.9 14  9.4                           
052618050123107056ゴーラッキー　　　　　　　　　　　　  2.5  1.3 19.9 22.8 14.3 34 15.9                           
052618050223101566フジガイフウ　　　　　　　　　　　　  3.7  1.4 15.4  7.6  7.4 27  8.6 1                         
052618050323106325ホットゥトロット　　　　　　　　　　 25.0  4.7 -7.0 -2.0 -2.8 17  0.0                           
052618050423109063シンデレラヒメ　　　　　　　　　　　 50.2  8.7-15.0-12.6 -9.1 11  0.0                           
052618050523100169スミッコディスコ　　　　　　　　　　 20.9  4.1  9.0  6.0  4.9 25  0.0                           
052618050623100113ギガントマキア　　　　　　　　　　　 48.3  8.5-12.1-15.1 -9.2 11  0.0  0                        
052618050723105250マゲバスピード　　　　　　　　　　　  4.7  1.5 18.2  5.2  7.4 27  0.0                           
052618050823103386ルージュボヤージュ　　　　　　　　　  6.8  1.9  9.9 12.5  7.6 28 20.2  5                        
052618050923100177シャルトル　　　　　　　　　　　　　 14.3  3.0  2.4  6.6  3.1 23  0.0                           
052618051023103085トリスティ　　　　　　　　　　　　　 35.4  6.4-11.6 -9.4 -6.9 13  0.0                           
052618051123105420ナイスプレーアスク　　　　　　　　　 12.6  2.7 12.4  7.3  6.4 26 10.9                           
052618051223110036キーンセンス　　　　　　　　　　　　 40.4  7.2-12.9 -5.1 -5.7 14  0.0  5                        
052618060122105078ミッキーマドンナ　　　　　　　　　　  5.0  1.8 15.6 20.8 12.3 32 17.3                           
052618060221106965アルヴィア　　　　　　　　　　　　　 81.9 16.6-12.1-10.9 -7.6 12  0.0                           
052618060321106561コイヌール　　　　　　　　　　　　　 47.5 10.2-11.6-10.0 -7.1 13  0.0                           
052618060422105038シャンソンドール　　　　　　　　　　  3.4  1.5 16.1 25.3 14.1 34  8.0                           
052618060522101191ポタリング　　　　　　　　　　　　　 33.8  7.4-12.1  5.9 -1.5 19  0.0                           
052618060622106817マイネルアレス　　　　　　　　　　　 27.1  6.1 -8.8  5.1 -0.8 19  0.0                           
052618060722105338リポサンテ　　　　　　　　　　　　　  7.6  2.4  7.5  6.0  4.4 24  0.0                           
052618060822105030エリーナストーム　　　　　　　　　　  6.8  2.2 12.6 12.6  8.4 28  0.0  3                        
052618060922104666カザンラク　　　　　　　　　　　　　  9.0  2.7 10.6  6.0  5.4 25 11.5                           
052618061022106150スワローシチー　　　　　　　　　　　 16.4  4.0 -1.3 -8.5 -3.5 16  0.0                           
052618061121103266スノークローバー　　　　　　　　　　 81.9 16.6-11.6 -5.5 -5.5 15  0.0                           
052618061222101909パルヴェニュー　　　　　　　　　　　 39.5  8.6-12.1 -5.0 -5.5 15  0.0                           
052618061322104906ロパシック　　　　　　　　　　　　　  5.8  2.0 11.7  9.7  7.1 27 18.8                           
052618061421105555トラジェクトワール　　　　　　　　　 48.8 10.4 -5.7 -8.9 -5.0 15  0.0                           
052618061521106199ウインドラート　　　　　　　　　　　 60.3 12.4-12.1-14.0 -8.8 11  0.0                           
052618061622106761ウアーシュプルング　　　　　　　　　 14.3  3.6  5.5  2.3  2.5 22  0.0  5                        
052618070121102595バルダンツァ　　　　　　　　　　　　 22.4  4.9 -6.9 10.9  1.9 32 14.5                           
052618070222101553スマートシーカー　　　　　　　　　　 46.8  9.6 -9.3-10.1 -6.5 24  0.0                           
052618070322105390パッションリッチ　　　　　　　　　　 12.3  3.0 -7.0-10.6 -6.0 24 10.8                           
052618070422106337ダブルメッセージ　　　　　　　　　　 41.7  8.6 -6.0-13.4 -6.7 23  0.0                           
052618070522102039サノノワンダー　　　　　　　　　　　  3.2  1.5 16.3  6.6  7.3 37  8.0                           
052618070621107266スプレーフォール　　　　　　　　　　165.7 31.4-12.1 -8.5 -6.7 23  0.0                           
052618070721105885キャネル　　　　　　　　　　　　　　 81.1 15.7-12.1-11.6 -7.9 22  0.0                           
052618070821104889ラファールドール　　　　　　　　　　 51.0 10.4-10.4-10.4 -6.9 23  0.0                           
052618070919104953インペリアルライン　　　　　　　　　 19.8  4.5  7.7 13.2  7.2 37  0.0                           
052618071021110097ブルーワール　　　　　　　　　　　　 12.7  3.1  9.4  1.5  3.4 33  0.0                           
052618071122105180アカデミア　　　　　　　　　　　　　  4.4  1.7 17.0 11.4  9.3 39 17.3                           
052618071221104810サトノシュトラーセ　　　　　　　　　 15.6  3.7 -3.2 -1.1 -1.4 29  0.0  0                        
052618071321106126タイセイアディクト　　　　　　　　　  7.2  2.2 10.0-10.1 -0.7 29 10.1                           
052618071421102676コーカサスゴールド　　　　　　　　　 17.1  4.0  2.5 10.9  4.7 35  0.0                           
052618071521105085ゴヴェルナーレリコ　　　　　　　　　 31.3  6.6-10.3-10.0 -6.8 23  0.0                           
052618071622105439ドラゴン　　　　　　　　　　　　　　  5.7  1.9 16.5  6.0  7.2 37  0.0  5                        
052618080121105077レイククレセント　　　　　　　　　　 11.1  2.8 10.0  8.4  6.1 36 11.6                           
052618080222106322フェアリーライク　　　　　　　　　　  7.2  2.3  9.9 11.0  7.0 37 10.1                           
052618080322105143デンクマール　　　　　　　　　　　　  3.4  1.5 13.4 17.7 10.5 41 15.9                           
052618080422101469ヴェナートル　　　　　　　　　　　　122.6 23.8-12.1 -9.9 -7.3 23  0.0                           
052618080521103561ゴールドスター　　　　　　　　　　　 18.1  4.2 -7.0 -2.8 -3.1 27 13.7                           
052618080622101765ピコローズ　　　　　　　　　　　　　  4.3  1.7 18.8  8.5  8.8 39  0.0                           
052618080722105435ボンヌソワレ　　　　　　　　　　　　 17.3  4.1 -0.2 13.0  4.7 35  0.0                           
052618080819104818メイケイバートン　　　　　　　　　　 26.0  5.7 -1.0-11.0 -4.3 26  0.0                           
052618080919105794ホワイトターフ　　　　　　　　　　　105.1 20.5-12.1-11.7 -7.9 22  0.0                           
052618081021105863ルージュスエルテ　　　　　　　　　　 48.3 10.0 -9.3-12.0 -7.2 23  0.0  0                        
052618081122101573ポッドロワール　　　　　　　　　　　  8.5  2.5 11.1 18.7 10.2 40  0.0                           
052618081221105591ジュンゴールド　　　　　　　　　　　 41.8  8.8-12.9-13.9 -9.0 21  0.0  0                        
052618081322110038ミクストベリーズ　　　　　　　　　　  6.1  2.0 14.9 11.3  8.6 39  9.4                           
052618081420106131ジオパーククラウン　　　　　　　　　 59.2 11.8-12.1-11.7 -7.9 22  0.0                           
052618081521105485エリカカリーナ　　　　　　　　　　　 15.9  3.8  4.9  6.0  3.7 34  0.0                           
052618081621103744マンウォル　　　　　　　　　　　　　 38.0  8.0-11.6-13.5 -8.4 22  0.0                           
052618090123102553ボクマダネムイヨ　　　　　　　　　　  6.6  2.0 13.1  7.5  6.7 52  0.0                           
052618090223110086サマーマッドネス　　　　　　　　　　 19.5  4.3 -7.1-15.8 -7.9 37  0.0                           
052618090323101148ラッキーキッド　　　　　　　　　　　 14.3  3.3  1.2  1.6  0.9 46  0.0                           
052618090423102181タイキブリッツェン　　　　　　　　　 14.8  3.4 -0.8  5.7  1.9 47  0.0                           
052618090523104414シーズザスローン　　　　　　　　　　  8.3  2.4  8.4 14.9  8.0 53  0.0  5                        
052618090623103142イッテラッシャイ　　　　　　　　　　  4.7  1.6 17.4 17.5 11.6 57 18.8  2                        
052618090723110065ユウファラオ　　　　　　　　　　　　 13.1  3.1 -6.2-15.8 -7.7 37  0.0                           
052618090823101269ドンエレクトス　　　　　　　　　　　  4.6  1.6 15.7 24.5 13.7 59 17.3                           
052618090923105137ユアフェリシティ　　　　　　　　　　 24.3  5.1 -7.1  6.0  0.1 45  0.0                           
052618091023110061アルカディアカフェ　　　　　　　　　  2.8  1.4 20.4 24.6 15.1 60 15.9                           
052618100119107075ブランデーロック　　　　　　　　　　 76.5 13.8-12.1-10.0 -7.3 28  0.0                           
052618100220105217ウインオーディン　　　　　　　　　　 12.9  3.0  5.7  5.5  3.7 39 11.5  5                        
052618100322104750レイニング　　　　　　　　　　　　　  3.3  1.5 17.8 18.2 12.0 47 15.9  4                        
052618100421105155パンジャ　　　　　　　　　　　　　　 20.5  4.4 -3.7-12.1 -5.5 29  0.0                           
052618100521103678ユキワリザクラ　　　　　　　　　　　 10.6  2.6 12.6  9.0  7.1 42  0.0  5                        
052618100621105662ログラール　　　　　　　　　　　　　 13.6  3.1  5.0 11.6  5.8 41 12.3  1  183   45              
052618100722102391グーテンベルク　　　　　　　　　　　  7.9  2.2  8.5 24.2 11.4 46  0.0                           
052618100822104094サクラファレル　　　　　　　　　　　  3.4  1.5 20.2 19.6 13.2 48  8.6                           
052618100920103679ダニーデン　　　　　　　　　　　　　 39.4  7.6-12.1-10.0 -7.3 28  0.0                           
052618101020103066マルチャン　　　　　　　　　　　　　 40.9  7.9-10.3-10.3 -6.9 28  0.0                           
052618101122105580ライトトラック　　　　　　　　　　　 14.9  3.4  1.9 -7.1 -2.0 33 13.0  0                        
052618101221106193ウイントレメンデス　　　　　　　　　  9.3  2.5  9.8  6.2  5.2 40  0.0                           
052618101322105984ディヴァインスター　　　　　　　　　 27.2  5.5-12.1 -2.0 -4.4 31  0.0                           
052618101422105202アスクセクシーモア　　　　　　　　　 20.5  4.4 -4.4-10.1 -5.0 30  0.0                           
052618110120102904オメガギネス　　　　　　　　　　　　 17.5  4.1 -4.2  7.5  1.5 61  0.0                           
052618110222100140ハッピーマン　　　　　　　　　　　　 45.1  9.3 -9.4-11.2 -6.9 53  0.0                           
052618110320106565ブライアンセンス　　　　　　　　　　 20.4  4.7 -3.6  8.8  2.1 62 13.7  5                        
052618110420101874ペリエール　　　　　　　　　　　　　 29.6  6.3 -5.2 11.9  2.8 63  0.0                           
052618110521105724シックスペンス　　　　　　　　　　　 15.3  3.6  1.2  7.2  3.0 63 11.5  5                        
052618110621106640ラムジェット　　　　　　　　　　　　  8.8  2.6 11.1  5.4  5.3 65 14.4                           
052618110718104708ロングラン　　　　　　　　　　　　　 81.2 15.9-12.1-10.0 -7.3 53  0.0                           
052618110817103751サクラトゥジュール　　　　　　　　　 45.3  9.4-11.6-14.3 -8.7 51  0.0                           
052618110921105700ダブルハートボンド　　　　　　　　　  3.8  1.5 15.7 24.4 13.7 74 17.7                           
052618111021100169ロードクロンヌ　　　　　　　　　　　 12.8  3.2  0.9  1.2  0.7 61  0.0                           
052618111119101681サンライズホーク　　　　　　　　　　 67.7 13.3-11.9-20.0-10.9 49  0.0  0                        
052618111220103307コスタノヴァ　　　　　　　　　　　　  3.7  1.5 18.1 15.1 11.0 71  8.0  2                        
052618111322103795ナチュラルライズ　　　　　　　　　　 21.6  4.8 -3.4 -9.4 -4.5 56  0.0                           
052618111419102383ウィルソンテソーロ　　　　　　　　　  4.4  1.6 19.2 16.5 11.8 72  9.4                           
052618111518106084ペプチドナイル　　　　　　　　　　　 79.6 15.5 -8.4-10.2 -6.3 54  0.0                           
052618111620104497サイモンザナドゥ　　　　　　　　　　 17.4  4.1 -5.4 -4.8 -3.4 57  0.0                           
052618120121102797フィリップ　　　　　　　　　　　　　 49.4 11.0-12.1-12.7 -8.3 22  0.0                           
052618120221101660アンクエンチャブル　　　　　　　　　  5.6  2.0 14.9 20.5 12.0 42 18.8                           
052618120321102154アスクアイルビゼア　　　　　　　　　  3.7  1.6 13.5  6.4  6.4 36  0.0                           
052618120422110130ベラジオワールド　　　　　　　　　　  7.6  2.5 11.7  5.1  5.4 35 10.8                           
052618120521101905キョウエイカンセ　　　　　　　　　　 15.1  3.9  0.9  7.5  3.0 33  0.0                           
052618120621100626ビッグショータイム　　　　　　　　　121.5 25.4-12.1-19.4-10.7 19  0.0  0                        
052618120722106609ヤマニンバロネス　　　　　　　　　　 12.5  3.3  8.2  2.6  3.4 33  0.0                           
052618120822107288リアルクィーン　　　　　　　　　　　 85.6 18.1-12.1-11.3 -7.8 22  0.0                           
052618120922107130マサノユニコーン　　　　　　　　　　  7.8  2.5  7.1 15.6  7.8 38 11.5                           
052618121021110161セントラルヴァレー　　　　　　　　　  7.5  2.4 11.8  6.6  6.0 36 10.1                           
052618121121104777クォーツァイト　　　　　　　　　　　118.3 24.8-11.6-14.6 -8.8 21  0.0  0                        
052618121222105232イブニングタイド　　　　　　　　　　 43.9  9.9 -8.7 -2.0 -3.3 27  0.0                           
052618121321105086フクチャントウメイ　　　　　　　　　 38.3  8.7-12.1-13.1 -8.4 22  0.0                           
052618121421105321エーデル　　　　　　　　　　　　　　 25.3  6.0-11.6-12.1 -7.9 22  0.0                           
052618121522104009トラヴェリンバンド　　　　　　　　　 18.4  4.6 -1.1 -6.1 -2.6 27  0.0                           
052618121622102790カネショウレジェン　　　　　　　　　  5.5  2.0 18.3 17.5 11.9 42  8.7                           
092612010123101796テリオスリコ　　　　　　　　　　　　 13.5  2.6  1.6 -3.9 -0.6  4  0.0                           
092612010223103762タイセイパフューム　　　　　　　　　 28.7  4.6 -4.6-20.0 -7.7 -3  0.0  0                        
092612010323100609ペガサスウィンド　　　　　　　　　　  2.3  1.2 19.4 15.6 11.8 17 16.2                           
092612010423101082シャンドラテ　　　　　　　　　　　　 24.2  4.0 -6.3  1.7 -1.8  3 17.5  0                        
092612010523101053ブリーゼプリマベラ　　　　　　　　　 42.5  6.5-11.2-10.6 -7.3 -2  0.0                           
092612010623103292アーネストアイズ　　　　　　　　　　  3.9  1.3 14.0 16.1 10.0 15 19.1                           
092612010723100863セントポールヒロ　　　　　　　　　　 33.8  5.3-11.2 -6.6 -6.1 -1  0.0                           
092612010823101581モンサンヴェロニカ　　　　　　　　　 16.5  3.0 -2.1  5.6  0.9  6  0.0                           
092612010923100233アキノビューティー　　　　　　　　　  3.1  1.2 20.1 18.7 13.0 18 17.7                           
092612011023105228ルパピヨンブラン　　　　　　　　　　 15.0  2.8  3.6  5.2  2.9  8  0.0                           
092612020123106232ナムラオットー　　　　　　　　　　　 36.7  6.4  4.4 -1.4  1.2  6  0.0                           
092612020223103942ソードスレイプニル　　　　　　　　　 21.1  4.0  3.3 -3.9  0.0  5  0.0                           
092612020323102554イチザペガサス　　　　　　　　　　　 88.7 14.1-11.2-10.6 -7.3 -2  0.0                           
092612020423103189スラッシュ　　　　　　　　　　　　　 50.2  8.5-12.1-20.0-10.4 -5  0.0  0                        
092612020523106336ジーティーヒラリ　　　　　　　　　　 65.6 10.6 -9.2 -3.9 -4.5  0  0.0                           
092612020623104050ゼンノフォトン　　　　　　　　　　　  5.1  1.6 16.1  9.9  8.9 14 19.1                           
092612020723106566メイショウジーニー　　　　　　　　　 10.8  2.4  7.0 28.4 11.1 16 20.6                           
092612020823102131ラヴネヴァーダイズ　　　　　　　　　  2.2  1.2 19.8 17.5 12.5 18 16.2                           
092612020923104972コパノルーカス　　　　　　　　　　　 36.5  6.4-11.3 -7.3 -6.3 -1  0.0                           
092612021023102464アクアマイスター　　　　　　　　　　 12.9  2.7  3.7 10.6  4.5 10  0.0                           
092612021123105542トモエナゲ　　　　　　　　　　　　　 89.9 14.3-11.2-10.6 -7.3 -2  0.0                           
092612021223100633アイアンナックル　　　　　　　　　　 21.5  4.0 -5.0  2.1 -1.2  4  0.0                           
092612021323106556サンライズロイ　　　　　　　　　　　 28.0  5.0 -4.0-20.0 -7.5 -2  0.0  0                        
092612021423105839メリフルアス　　　　　　　　　　　　  4.4  1.5 13.4 10.3  8.0 13 12.4                           
092612021523106572メイショウボンテン　　　　　　　　　 32.6  5.7-11.3 -8.7 -6.8 -2  0.0                           
092612021623100903サンライズキース　　　　　　　　　　 76.9 12.3-11.3-14.6 -8.5 -4  0.0  0                        
092612030123104546テーオーシュテルン　　　　　　　　　 25.6  5.0 -6.9 -7.3 -4.7  0  0.0                           
092612030223105127キングスペード　　　　　　　　　　　 12.8  2.9  1.8  3.4  1.7  7  0.0                           
092612030323100969タイセイゼスティ　　　　　　　　　　  4.8  1.6 16.5 12.7  9.9 15 17.7                           
092612030423106696ユウブルボン　　　　　　　　　　　　 34.7  6.6-11.3-10.2 -7.2 -2  0.0                           
092612030523106547サンライズアーサー　　　　　　　　　  5.0  1.6 14.2 11.0  8.5 14  0.0                           
092612030623100329アフリカンブラック　　　　　　　　　 32.5  6.2-11.3-10.2 -7.2 -2  0.0                           
092612030723107314ラジャブルック　　　　　　　　　　　  5.3  1.7 12.9 14.1  9.0 14 14.4                           
092612030823101714ワンダーゾルダート　　　　　　　　　 23.1  4.6  6.8-14.6 -1.9  3  0.0  0                        
092612030923103596ファイアスピリット　　　　　　　　　  2.4  1.3 21.1 19.5 13.6 19 16.2                           
092612031023101329テイエムテンジン　　　　　　　　　　 29.5  5.7 -8.8 -4.8 -4.7  0  0.0                           
092612031123100235ビズロード　　　　　　　　　　　　　 11.3  2.6  3.5  5.6  3.0  8 22.1                           
092612040123104321タガノプトゥリ　　　　　　　　　　　 43.6  7.6-11.7-12.0 -7.9 -8  0.0                           
092612040223103352エバーウインド　　　　　　　　　　　 29.8  5.4-11.3-10.2 -7.2 -7  0.0                           
092612040323105574サツキクローネ　　　　　　　　　　　 43.0  7.5 -8.5 -7.4 -5.3 -5 30.9                           
092612040423103167ロングフルスペック　　　　　　　　　 16.6  3.3  5.6 -3.9  0.9  1  0.0                           
092612040523102793ホープレイジング　　　　　　　　　　 49.4  8.5-11.3 -9.3 -6.9 -7  0.0                           
092612040623100267ゼンカイナダル　　　　　　　　　　　  3.5  1.4 18.7 23.3 13.8 14 17.7                           
092612040723102636マロ　　　　　　　　　　　　　　　　  4.8  1.5 14.6 13.7  9.5  9 19.1                           
092612040823102766スマートルヴァン　　　　　　　　　　 20.0  3.9 -4.5 -0.1 -1.7 -2  0.0  3                        
092612040923100608メイショウライガ　　　　　　　　　　  2.5  1.2 26.4 20.5 15.8 16  0.0                           
092612041023103598レッドジルベスター　　　　　　　　　 42.3  7.4 -9.7 -2.3 -4.2 -4  0.0                           
092612041123103310アイルドゥレーヴェ　　　　　　　　　 13.9  2.9  9.7  3.8  4.7  5  0.0                           
092612041223105204メイショウアヤカ　　　　　　　　　　 47.7  8.2-11.3-10.4 -7.3 -7  0.0                           
092612041323105544オーケーリアン　　　　　　　　　　　 13.6  2.8  7.3  9.5  5.5  6 14.4                           
092612041423106010ミヤジマミコ　　　　　　　　　　　　 17.8  3.5 -6.9-14.9 -7.0 -7  0.0                           
092612050123105399スリーロンドン　　　　　　　　　　　 21.6  4.1 -4.8 -4.6 -3.1  2  0.0                           
092612050223100277ショウナンライラ　　　　　　　　　　 31.6  5.7 -6.9-12.3 -6.2 -1  0.0                           
092612050323102183タイキアロハ　　　　　　　　　　　　 24.5  4.5 -3.3  3.2 -0.3  5  0.0                           
092612050423100339ヒロウッドテール　　　　　　　　　　 23.4  4.4  1.9  0.8  0.9  6  0.0                           
092612050523101282メイショウユウゲン　　　　　　　　　 44.5  7.7 -5.8-20.0 -8.1 -3  0.0  0                        
092612050623103170サトノレクタス　　　　　　　　　　　  5.3  1.6 17.3 14.0 10.5 16 19.1                           
092612050723100918ウイングサンライズ　　　　　　　　　  5.0  1.6 13.1 12.6  8.6 14 17.7                           
092612050823103481デルマフジ　　　　　　　　　　　　　  9.0  2.3 10.2 13.8  7.9 13 14.4                           
092612050923100868フィエールシャンテ　　　　　　　　　 34.2  6.1-11.3 -7.5 -6.4 -1  0.0                           
092612051023105966スカルラッティ　　　　　　　　　　　 26.2  4.8-11.3-10.2 -7.2 -2  0.0                           
092612051123105274ミッキージャンプ　　　　　　　　　　 11.0  2.4  7.2  9.6  5.5 11  0.0                           
092612051223103227エリーニック　　　　　　　　　　　　 36.4  6.4 -9.8 -7.4 -5.8 -1  0.0                           
092612051323106995ロングトールサリー　　　　　　　　　  2.1  1.2 21.9 19.5 13.9 19 16.2                           
092612060123105367ゴールデンバランス　　　　　　　　　  4.4  1.7 17.2 14.2 10.6 31 12.4  4                        
092612060223102213プルメリアリノ　　　　　　　　　　　 14.0  3.2  3.2  2.4  1.9 22  0.0                           
092612060323105591マメタンク　　　　　　　　　　　　　  6.9  2.1 13.8 10.2  8.1 28 19.1                           
092612060423107535ムテキシャチョウ　　　　　　　　　　 29.8  6.0-11.3-10.6 -7.3 13  0.0                           
092612060523106388ヒルノプーリア　　　　　　　　　　　  8.3  2.4  5.2 23.5  9.0 29  0.0  3                        
092612060623105899ソウルオンファイア　　　　　　　　　 11.0  2.7  8.8 11.9  6.8 27 25.0                           
092612060723110100アスクケンタッキー　　　　　　　　　 23.6  4.9 -2.0-12.3 -4.4 16  0.0                           
092612060823102208ワイズギャング　　　　　　　　　　　  8.9  2.5  2.9  4.8  2.5 23  0.0                           
092612060923104596ペルセポネ　　　　　　　　　　　　　 25.5  5.2-11.3 -8.7 -6.8 13  0.0                           
092612061023100126ラッキーバック　　　　　　　　　　　  7.8  2.3  0.3  5.6  1.8 22  0.0                           
092612061123102173メイショウカクウチ　　　　　　　　　  2.8  1.4 15.7 15.3 10.3 30 16.2                           
092612070122107185エテルノレガーメ　　　　　　　　　　 27.9  4.7-11.3-10.6 -7.3 13  0.0                           
092612070222104717ダノンジャガー　　　　　　　　　　　 14.4  2.8  7.4  9.3  5.5 26  0.0                           
092612070320104491ファームツエンティ　　　　　　　　　  4.6  1.4 12.5 23.5 11.6 32 19.1  3                        
092612070422104688ロットブラータ　　　　　　　　　　　  3.0  1.3 19.3 11.1 10.4 30 12.4                           
092612070519104843コーラスライン　　　　　　　　　　　 32.7  5.4-11.2-10.6 -7.3 13  0.0                           
092612070622104850セイキュート　　　　　　　　　　　　  6.5  1.7 11.2 10.6  7.3 27 20.6                           
092612070722100619ロードガレリア　　　　　　　　　　　  2.5  1.2 19.6 23.8 14.3 34 16.2                           
092612070822101718ピコラ　　　　　　　　　　　　　　　 22.4  3.9 -4.2 -7.5 -3.8 16  0.0                           
092612070922102604サンライズバブル　　　　　　　　　　 13.4  2.7  5.1  6.1  3.7 24  0.0                           
092612080122104382ワールドキッス　　　　　　　　　　　 44.4  8.9 -9.7-10.2 -6.6 13  0.0                           
092612080222110123クロノスバレット　　　　　　　　　　  5.9  1.9  5.0 19.1  7.6 28 20.6                           
092612080322100637ロードアルディート　　　　　　　　　  2.9  1.4 17.3 20.6 12.5 33  0.0                           
092612080422100688セーデルマンランド　　　　　　　　　 36.8  7.5 -8.9 -3.9 -4.4 16  0.0                           
092612080521106078ブルーストレイル　　　　　　　　　　 58.8 11.3-11.3-10.4 -7.3 13  0.0                           
092612080622105767アルカナエ　　　　　　　　　　　　　 29.7  6.2-12.1-10.6 -7.6 12  0.0                           
092612080722101047ショウナンサエッタ　　　　　　　　　 33.2  6.9 -2.1 -8.7 -3.4 17  0.0                           
092612080821110002ワールドシリーズ　　　　　　　　　　 47.4  9.5-11.7-10.2 -7.3 13  0.0                           
092612080922106564タガノアニマシオン　　　　　　　　　  5.9  1.9 12.5 11.1  7.9 28  0.0                           
092612081022105253オメガドライヴ　　　　　　　　　　　 81.5 15.4-11.3-12.1 -7.8 12  0.0                           
092612081122102305アスクヴォルテージ　　　　　　　　　  4.7  1.7 18.8 18.5 12.4 32 12.4                           
092612081222104892ダノンフェルゼン　　　　　　　　　　  9.2  2.6  8.5  3.3  4.1 24 22.1                           
092612081322110061ブレスドナイル　　　　　　　　　　　 42.5  8.6-11.3-10.2 -7.2 13  0.0                           
092612081422102397ビービーバザーク　　　　　　　　　　 11.5  2.8  0.5  3.1  1.1 21 23.5                           
092612081522106617サルタール　　　　　　　　　　　　　 12.7  3.1  4.8  5.6  3.4 23  0.0                           
092612090118104841リリーブライト　　　　　　　　　　　 24.3  4.9 -9.2-10.6 -6.6 23  0.0                           
092612090222103345ウォータークラーク　　　　　　　　　  3.6  1.4 16.6 16.9 11.2 41 17.7                           
092612090322105334ダノンブランニュー　　　　　　　　　 12.8  2.9  6.5  7.9  4.8 35  0.0                           
092612090422106306ゼンダンハヤブサ　　　　　　　　　　  7.1  2.1 14.4  7.5  7.5 38 14.4                           
092612090522105431ネーブルオレンジ　　　　　　　　　　 15.9  3.5 -4.6 -2.5 -2.4 28  0.0                           
092612090622105552ナグルファル　　　　　　　　　　　　  8.6  2.4  2.7 12.6  4.8 35  0.0  5                        
092612090722101241アジュマン　　　　　　　　　　　　　 31.5  6.1 -6.6-12.7 -6.2 24  0.0                           
092612090821101023アイファーバトル　　　　　　　　　　 35.8  6.9-11.2-10.6 -7.3 23  0.0                           
092612090921105127テラメリタ　　　　　　　　　　　　　  3.9  1.4 16.2 18.6 11.5 42 19.1                           
092612091022105534シャンパンライフ　　　　　　　　　　  3.0  1.3 16.8 16.5 11.1 41 16.2                           
092612100120110039ユハンヌス　　　　　　　　　　　　　  5.4  1.7  9.8 23.7 10.7 46  0.0                           
092612100222103875アイサンサン　　　　　　　　　　　　  4.9  1.6 14.7 13.7  9.5 45  0.0                           
092612100320102310キタサンダムール　　　　　　　　　　  6.2  1.9  9.7  6.5  5.5 41 15.4                           
092612100419102106ブリュットミレジメ　　　　　　　　　  4.6  1.6 14.8 13.2  9.4 44 17.7                           
092612100518103406トーホウディアス　　　　　　　　　　 23.8  4.7-11.7-11.0 -7.6 27  0.0                           
092612100618104633テーオーダヴィンチ　　　　　　　　　 32.3  6.2-11.3-11.8 -7.7 27  0.0                           
092612100722104588タイセイカレント　　　　　　　　　　  2.5  1.3 21.2 13.7 11.9 47 16.2                           
092612100821104928トラペジスト　　　　　　　　　　　　  7.2  2.1  8.3 10.1  6.1 41 23.5                           
092612110121100768ジョーローリット　　　　　　　　　　  3.0  1.3 18.4 22.6 13.5 59 16.2                           
092612110221105387アンデスビエント　　　　　　　　　　 33.2  6.4-11.3-14.2 -8.4 37  0.0                           
092612110319100252マルモリスペシャル　　　　　　　　　 12.1  2.8 10.6  8.0  6.3 51  0.0                           
092612110420105545アルムラトゥール　　　　　　　　　　 19.7  4.1 -3.6 -7.5 -3.6 41  0.0                           
092612110522110140ポールセン　　　　　　　　　　　　　 16.2  3.5  7.8  3.2  3.8 49  0.0                           
092612110621110056エコロガイア　　　　　　　　　　　　 16.7  3.6 -1.3  6.4  1.4 46  0.0                           
092612110720101373バトゥーキ　　　　　　　　　　　　　  8.2  2.3 14.0 13.5  9.2 54 14.4                           
092612110820106557コンクイスタ　　　　　　　　　　　　  4.2  1.5 14.9 16.1 10.3 55 19.1  4                        
092612110920110131メタマックス　　　　　　　　　　　　 41.5  7.9-11.3-10.6 -7.3 38  0.0                           
092612111020100168ロードラディウス　　　　　　　　　　 28.8  5.7-11.3 -8.0 -6.5 38  0.0                           
092612111122110151ゲッティヴィラ　　　　　　　　　　　  3.6  1.4 15.9 14.0 10.0 55 17.7                           
092612111218101739ケイアイシェルビー　　　　　　　　　 25.5  5.1 -6.9 -9.3 -5.3 40  0.0                           
092612120121105971フラッシング　　　　　　　　　　　　 64.3 11.8-11.3-20.0-10.1 20  0.0  0                        
092612120220103697ロイガヴェーグル　　　　　　　　　　 22.8  4.7-11.3-13.5 -8.2 22  0.0                           
092612120322106699ダイシンリンク　　　　　　　　　　　  9.4  2.6  8.5  6.4  5.0 35 22.1                           
092612120421100639アストラカ　　　　　　　　　　　　　 28.0  5.7 -8.3-12.7 -6.9 23  0.0                           
092612120522100018ポッドドンナー　　　　　　　　　　　  8.1  2.3 11.4  6.8  6.2 36 14.4                           
092612120622106453ハリーケーン　　　　　　　　　　　　  4.2  1.6 14.1 21.4 11.6 42 17.7                           
092612120721101431クリノキングマン　　　　　　　　　　 40.5  7.9 -6.9 -8.0 -4.9 25  0.0  0                        
092612120821103287アレ　　　　　　　　　　　　　　　　 12.5  2.9  7.7  2.0  3.4 33  0.0                           
092612120920102881プリンスノット　　　　　　　　　　　 42.2  8.2 -6.9 -7.5 -4.8 25  0.0                           
092612121022104627シホノペルフェット　　　　　　　　　 58.5 10.8 -8.5-11.3 -6.5 23  0.0                           
092612121122101543ルークススペイ　　　　　　　　　　　  2.8  1.4 16.6 16.0 10.9 41 16.2                           
092612121218101592スナークシュンソウ　　　　　　　　　 63.9 11.8-11.3 -5.5 -5.8 24  0.0                           
092612121322109038クリノラピダス　　　　　　　　　　　 55.9 10.4-11.3-11.0 -7.4 23  0.0                           
092612121420103189レッドダンルース　　　　　　　　　　  5.2  1.7 11.7 10.6  7.5 37  0.0                           
092612121522103962ペイドラロワール　　　　　　　　　　 20.4  4.4 -0.9  6.5  1.6 32  0.0                           
092612121620107095メモリーグラス　　　　　　　　　　　 43.2  8.4 -9.2-10.6 -6.6 23  0.0                           
10261a010123102960ペルヴォルム　　　　　　　　　　　　 39.8  6.8-10.3-13.8 -7.9 -3  0.0                           
10261a010223107075ガーネットフレア　　　　　　　　　　  3.6  1.4 17.9 30.0 15.6 21 10.8                           
10261a010323105249シオンダンサー　　　　　　　　　　　  2.4  1.2 20.0 22.5 14.1 19  9.9                           
10261a010423102252マクノス　　　　　　　　　　　　　　 25.1  4.5-12.6-15.0 -9.1 -4  0.0                           
10261a010523100348モーニングダリア　　　　　　　　　　 23.5  4.3-11.0 -3.8 -5.2  0  0.0                           
10261a010623104416アクシュラ　　　　　　　　　　　　　 20.7  3.9  3.7  8.0  3.8  9  0.0                           
10261a010723103567ドルマバフチェ　　　　　　　　　　　 15.1  3.0 -5.5 -3.8 -3.2  2  0.0                           
10261a010823100986サンタカリス　　　　　　　　　　　　 13.1  2.7  0.6 18.0  5.6 11  6.5                           
10261a010923105085ケンブリッジグレイ　　　　　　　　　  9.4  2.3 13.5 15.0  9.4 14  9.3                           
10261a011023107147コサージュ　　　　　　　　　　　　　  5.8  1.7 10.5  9.0  6.6 12  5.6                           
10261a011123105138ニシノシャルム　　　　　　　　　　　 30.4  5.3-10.3  1.7 -3.3  2  0.0                           
10261a011223104247ブルームザスマイル　　　　　　　　　 24.6  4.4 -7.1-15.0 -7.1 -2  0.0                           
10261a020123106207スリーマドンナ　　　　　　　　　　　101.6 20.1-11.0-13.8 -8.2 -3  0.0                           
10261a020223105670レッドアイスピア　　　　　　　　　　 24.2  5.4-11.8-17.9 -9.7 -5  0.0  0                        
10261a020323103327マスカットオマーン　　　　　　　　　 39.3  8.4 -5.2-12.5 -5.7 -1  0.0                           
10261a020423104005カネトシパンドラ　　　　　　　　　　 72.7 14.6-11.0-13.8 -8.2 -3  0.0                           
10261a020523100215スピットブレイク　　　　　　　　　　 15.5  3.8  6.2 -1.8  1.7  7  0.0                           
10261a020623106687ヒャクレツケン　　　　　　　　　　　 40.5  8.6-10.3-13.8 -7.9 -3  0.0                           
10261a020723100792イーリスアスター　　　　　　　　　　 72.7 14.6-11.0-13.8 -8.2 -3  0.0                           
10261a020823107311ペスキエーラ　　　　　　　　　　　　 15.3  3.7-11.8-15.0 -8.8 -4  0.0                           
10261a020923106263ニシノツネオ　　　　　　　　　　　　101.6 20.1-11.0-13.8 -8.2 -3  0.0                           
10261a021023104015ロジケープ　　　　　　　　　　　　　  4.8  1.7 12.4 23.8 11.7 17  9.4                           
10261a021123101498ベアコルム　　　　　　　　　　　　　 16.0  3.9 -3.1  9.0  1.6  7  3.2                           
10261a021223103702リアアーテシアン　　　　　　　　　　 28.7  6.3-10.3-13.8 -7.9 -3  0.0                           
10261a021323102564フクオトコ　　　　　　　　　　　　　  4.2  1.6 15.6 15.3 10.3 15 10.8                           
10261a021423105987ウインハルフォード　　　　　　　　　 19.0  4.5 -0.9 15.0  4.2  9  2.4                           
10261a021523101722ジューンオアシス　　　　　　　　　　 10.8  2.8 12.8  9.0  7.4 12  1.8                           
10261a021623102185ドラムメジャー　　　　　　　　　　　  3.6  1.5 20.4 30.0 16.5 21  9.3                           
10261a021723105199キミノナハオリョウ　　　　　　　　　 30.5  6.7-10.3 40.0  8.2 13  0.0  1  166   50              
10261a021823105817バレンタインビスタ　　　　　　　　　 14.7  3.6 -2.3  8.3  1.6  7  6.5                           
10261a030121100662ベニシア　　　　　　　　　　　　　　 29.5  6.8-11.0-13.8 -8.2 12  0.0                           
10261a030222103078ナムラモモ　　　　　　　　　　　　　  3.4  1.6 21.2 30.0 16.8 37  9.9                           
10261a030322101864マオノクラッシュ　　　　　　　　　　  6.3  2.2  6.2 13.9  6.4 26  4.0                           
10261a030421104671ミライハーモニー　　　　　　　　　　  6.8  2.3  5.1  9.0  4.6 25  6.5                           
10261a030522101571ハッピーダンシング　　　　　　　　　 28.2  6.6-10.3-10.2 -6.8 13  0.0                           
10261a030620103513ナンヨークリスタル　　　　　　　　　 12.2  3.3 -6.3 -2.3 -3.0 17  3.1  5                        
10261a030722110126エコロカディス　　　　　　　　　　　 28.4  6.6-10.3 -3.8 -4.9 15  0.0                           
10261a030822105858ラミアメンテ　　　　　　　　　　　　  6.2  2.1 -0.3 11.3  3.3 23  5.8                           
10261a030921102798サイモンプレジール　　　　　　　　　 24.9  5.9  5.5-13.8 -2.1 18  0.0                           
10261a031021104404シュークリーム　　　　　　　　　　　  8.6  2.7 12.3  9.0  7.2 27  5.8                           
10261a031122101607イチトゼロノアイダ　　　　　　　　　  6.8  2.3 10.5 22.5 10.6 31  6.8                           
10261a031219103285クリノミニスター　　　　　　　　　　 16.4  4.2  3.0  9.0  3.8 24  0.0                           
10261a031322100188ヨーグルトナン　　　　　　　　　　　 35.3  8.0 -6.9-15.0 -7.0 13  4.1                           
10261a031421101443エブライト　　　　　　　　　　　　　 39.0  8.8-11.8  8.0 -1.9 18  0.0                           
10261a040119105759フジフォンテ　　　　　　　　　　　　  4.0  1.5 14.0 15.0  9.6 10 10.2                           
10261a040220103398ライツフォル　　　　　　　　　　　　 16.4  3.6 -4.8-15.0 -6.3 -6  0.0                           
10261a040322100765リケアキャンディ　　　　　　　　　　 33.5  6.5-10.3-13.8 -7.9 -8  0.0                           
10261a040420103507グラニットピーク　　　　　　　　　　 17.9  3.8 -2.6  8.3  1.5  2  2.9                           
10261a040521102894ルルフィーユ　　　　　　　　　　　　 26.6  5.3-10.2-14.0 -7.9 -8  0.0                           
10261a040621107052マテンロウノカゼ　　　　　　　　　　  4.6  1.6 14.2 -1.8  4.7  5  9.6                           
10261a040720104778チャイボーグ　　　　　　　　　　　　 32.8  6.3-10.3-13.8 -7.9 -8  0.0                           
10261a040820106534メイショウカゼマチ　　　　　　　　　 21.6  4.4-10.4  4.3 -2.5 -3  3.4                           
10261a040921106840パーセルペーパー　　　　　　　　　　 19.2  4.0 -2.3  8.3  1.6  2  0.0                           
10261a041019100549タガノバルコス　　　　　　　　　　　  2.8  1.3 17.3 22.5 13.1 13  9.9                           
10261a041120100979メイショウコガシラ　　　　　　　　　 18.1  3.9  6.1 16.4  7.2  7  2.1  5                        
10261a041221103267ブラックバラード　　　　　　　　　　  6.4  1.9 16.5 21.5 12.5 12  5.0                           
10261a050123102410ブリックアブラック　　　　　　　　　 30.3  7.1 -2.3 -1.8 -1.4  4  0.0                           
10261a050223105534エイシンイグニース　　　　　　　　　  8.1  2.6  0.5  6.3  2.1  7  5.4                           
10261a050323106456チョウシュンカ　　　　　　　　　　　 27.6  6.5-10.3-13.8 -7.9 -3  0.0                           
10261a050423102662カズシ　　　　　　　　　　　　　　　  7.8  2.5  4.7 18.8  7.4 12  4.3                           
10261a050523105163ディエスルージュ　　　　　　　　　　 12.4  3.3 12.4 15.0  9.0 14  4.5                           
10261a050623100771マジックファイヤー　　　　　　　　　  9.0  2.8 -5.2-15.0 -6.4 -1  0.0                           
10261a050723105041ココロヅヨサ　　　　　　　　　　　　 24.4  5.8-12.6-15.0 -9.1 -4  3.4                           
10261a050823106872イルミナジーティー　　　　　　　　　  4.4  1.8 12.3 18.0  9.9 15  5.9                           
10261a050923102802ヤクジョ　　　　　　　　　　　　　　 25.1  6.0-10.3-13.8 -7.9 -3  3.6                           
10261a051023101007タマリスペクト　　　　　　　　　　　 37.6  8.6-11.0 -3.8 -5.2  0  0.0                           
10261a051123102933リゴドン　　　　　　　　　　　　　　  9.2  2.9 11.5-17.9 -1.2  4  6.1  0                        
10261a051223110105ホウオウストライク　　　　　　　　　  5.0  1.9  8.6 12.7  7.0 12  5.6                           
10261a051323106560メイショウナルカミ　　　　　　　　　  4.5  1.8 14.7  9.0  8.1 13  8.6                           
10261a060123104332タガノラヴズワン　　　　　　　　　　 31.5  6.8-11.8 10.0 -1.3  4  0.0                           
10261a060223105144アスコットダンス　　　　　　　　　　 21.0  4.9 -1.8-15.0 -5.2  0  0.0                           
10261a060323107072パノラマステージ　　　　　　　　　　 17.5  4.2 -7.8-12.5 -6.6 -2  0.0                           
10261a060423100503ソングオブザバード　　　　　　　　　  7.0  2.2 12.3  9.0  7.2 12  4.3                           
10261a060523106858ベベペッパー　　　　　　　　　　　　 29.5  6.5-11.8-15.0 -8.8 -4  0.0                           
10261a060623106813リリーボレア　　　　　　　　　　　　 18.9  4.4 -8.2 18.0  2.4  7  6.1                           
10261a060723101938メイショウローゼ　　　　　　　　　　  9.0  2.7 11.0 16.4  9.0 14  7.3  5                        
10261a060823101097ゴールデンテティス　　　　　　　　　 59.2 12.0-11.8-15.0 -8.8 -4  0.0                           
10261a060923103150アルビオン　　　　　　　　　　　　　 35.4  7.6-11.8 -1.3 -4.7  0  0.0                           
10261a061023104480タイセイスタナー　　　　　　　　　　 22.7  5.1-11.0-13.8 -8.2 -3  0.0                           
10261a061123105384エコロラヴァー　　　　　　　　　　　  4.5  1.7 16.4 14.8 10.5 15 11.0                           
10261a061223101254リアルナイスガール　　　　　　　　　 50.1 10.5-11.8-15.0 -8.8 -4  0.0                           
10261a061323105333ヒーナシャム　　　　　　　　　　　　 59.7 12.1-12.6-13.3 -8.6 -4  0.0                           
10261a061423102923インフィオラータ　　　　　　　　　　  3.8  1.5 13.7 15.0  9.5 15  4.8                           
10261a061523106014トリプルハッピー　　　　　　　　　　 46.1  9.7-11.8 -4.7 -5.7 -1  0.0                           
10261a061623102362ブライトエアリー　　　　　　　　　　  4.1  1.6 17.0 20.6 12.4 17 10.8                           
10261a070122105335キミオモウハナ　　　　　　　　　　　 27.7  5.5-11.0-15.0 -8.5 11  0.0                           
10261a070221100387マーベリックシチー　　　　　　　　　  8.9  2.4 10.5 18.0  9.3 29 10.0                           
10261a070319103204クールシェルタ　　　　　　　　　　　 37.8  7.2-11.0 -3.8 -5.2 15  0.0                           
10261a070419104005ブレットフライ　　　　　　　　　　　 35.1  6.8-11.0-13.8 -8.2 12  0.0                           
10261a070521105772ホウオウバローロ　　　　　　　　　　  8.2  2.3  9.6  9.0  6.2 26  3.5                           
10261a070622101445マテンロウカナロア　　　　　　　　　  2.8  1.4 18.0 21.0 12.9 33  9.9                           
10261a070722103448ツーピース　　　　　　　　　　　　　 18.8  4.0-11.8-15.0 -8.8 11  0.0                           
10261a070822101677マンオブザマッチ　　　　　　　　　　  3.9  1.6 18.0 30.0 15.6 36 10.8                           
10261a070919106615ウイングスオブラヴ　　　　　　　　　 29.3  5.8-11.8 -1.3 -4.7 15  0.0                           
10261a071022101044グレイスフルマーチ　　　　　　　　　  7.4  2.1 13.9 15.0  9.6 30  8.0                           
10261a071121101430プロスペクト　　　　　　　　　　　　 34.1  6.6-11.8-15.0 -8.8 11  0.0                           
10261a071221101464ミッションルース　　　　　　　　　　 17.5  3.8 -1.8 10.0  2.3 22  0.0                           
10261a071322105794ラテライト　　　　　　　　　　　　　 15.0  3.3 -2.9  9.0  1.6 22  0.0                           
10261a071422104452ミュークチェルシー　　　　　　　　　 22.6  4.6-10.3-13.8 -7.9 12  0.0                           
10261a080122105400ピティロディア　　　　　　　　　　　 22.0  4.9-11.0 -3.8 -5.2 15  0.0                           
10261a080222100781ルールーリマ　　　　　　　　　　　　  3.8  1.6 14.8 23.8 12.6 33  8.6                           
10261a080322105182メリザンド　　　　　　　　　　　　　 20.4  4.7 -4.9 -3.8 -2.9 17  0.0                           
10261a080421106361ボナーテソーロ　　　　　　　　　　　 39.2  8.2-11.0-13.8 -8.2 12  0.0                           
10261a080521105113ダノンアトラス　　　　　　　　　　　  8.8  2.6  7.5  8.0  5.2 25  8.4                           
10261a080622105614ポッポノフェスタ　　　　　　　　　　 33.4  7.1-11.0-13.8 -8.2 12  0.0                           
10261a080721103520デルシエロ　　　　　　　　　　　　　 24.6  5.4-11.8-15.0 -8.8 11  0.0                           
10261a080822104973バズアップビート　　　　　　　　　　  6.8  2.1  3.7 18.0  6.8 27  7.6                           
10261a080922100081マイネルビスマルク　　　　　　　　　  5.5  1.9 10.6 -5.9  2.1 22  6.3  0                        
10261a081019100915ゼンノインヴォーク　　　　　　　　　 14.6  3.5-12.6-15.0 -9.1 11  2.0                           
10261a081122106811マイネルアウルム　　　　　　　　　　  3.7  1.6 20.5 24.4 14.8 35  9.9                           
10261a081222106116ラッキーダンス　　　　　　　　　　　 19.8  4.5  8.3 -1.8  2.5 23  0.0                           
10261a081321101280ジェロニモス　　　　　　　　　　　　 19.6  4.5  7.1  9.0  5.3 25  0.0                           
10261a081421101166ノーマジック　　　　　　　　　　　　 38.0  8.0-10.3-13.8 -7.9 12  0.0                           
10261a090122105194ラトラース　　　　　　　　　　　　　  7.9  2.1  6.9 18.0  7.9 28 10.1                           
10261a090222101889ゼットエイト　　　　　　　　　　　　 22.9  4.4-11.0-15.0 -8.5 11  0.0                           
10261a090322106231ウインベラーノ　　　　　　　　　　　 11.1  2.5  8.8  8.6  5.8 26  0.0  5                        
10261a090421102420ナムラブーニン　　　　　　　　　　　 14.0  3.0  9.4 15.0  7.9 28 11.8                           
10261a090522101230インパクトシー　　　　　　　　　　　  2.7  1.3 20.5 24.4 14.8 35  9.9                           
10261a090622100792ワイドリューレント　　　　　　　　　 22.6  4.4 -2.3  9.0  1.9 22  0.0                           
10261a090721102952オベイユアマスター　　　　　　　　　 27.2  5.2 -3.8 -9.0 -4.1 16  2.6                           
10261a090822102135ゴーゴータカシ　　　　　　　　　　　 17.3  3.6-10.3-13.8 -7.9 12  0.0                           
10261a090921100165フォルテフィオーレ　　　　　　　　　  3.6  1.5 19.5 18.8 12.8 33  8.6                           
10261a091022106295スイッチビスケット　　　　　　　　　 30.6  5.7 -7.1 -4.7 -4.0 16  0.0                           
10261a091122104171スナークピカソ　　　　　　　　　　　  6.5  1.9 11.0  9.0  6.7 27  1.6                           
10261a091220100621マイバラード　　　　　　　　　　　　 23.9  4.6-10.3 -3.8 -4.9 15  0.0                           
10261a100122105844タイヨウフレア　　　　　　　　　　　 33.1  7.4  1.3 -3.8 -0.7 29  0.0                           
10261a100222103733スーパージョック　　　　　　　　　　  6.5  2.2  0.7 10.8  3.5 33  4.3                           
10261a100319102491プレイテシア　　　　　　　　　　　　 59.6 12.4-11.8-15.0 -8.8 21  0.0                           
10261a100422102739ナリタヒカリ　　　　　　　　　　　　 34.4  7.7-11.8-15.0 -8.8 21  3.8                           
10261a100519106671ワンダフルトゥデイ　　　　　　　　　 59.6 12.4-12.6 -5.1 -6.2 24  0.0                           
10261a100620105350コスモマルーン　　　　　　　　　　　 11.4  3.0 13.5 -1.8  4.4 34  0.0                           
10261a100719101330アイファーグローブ　　　　　　　　　 58.4 12.2 -2.3 -1.8 -1.4 29  0.0                           
10261a100820104215ケイアイメキラ　　　　　　　　　　　 42.3  9.3-11.8-15.0 -8.8 21  0.0                           
10261a100921101045タイセイミッション　　　　　　　　　 13.1  3.4 -0.3 20.0  5.9 36  8.3                           
10261a101022103778ライフゲート　　　　　　　　　　　　  7.4  2.4 -2.3 12.0  2.8 33  4.6                           
10261a101122107306ストップヤーニング　　　　　　　　　 25.1  5.8  6.2-15.0 -2.2 28  0.0                           
10261a101220102687バックトゥザライト　　　　　　　　　 49.8 10.8 -8.5-15.0 -7.6 22  0.0                           
10261a101322105021マテンロウブレイブ　　　　　　　　　  4.3  1.7 17.0 18.0 11.6 42  4.3                           
10261a101422103746マキシマムビスタ　　　　　　　　　　  4.0  1.7 14.6 30.0 14.4 44  9.9                           
10261a101521101106スマートスピア　　　　　　　　　　　  5.8  2.0 15.0  3.8  6.6 37 10.3                           
10261a101621106521キングツェッペリン　　　　　　　　　 19.0  4.6-11.8-15.0 -8.8 21  0.0                           
10261a110119100965マテンロウオリオン　　　　　　　　　 19.8  4.9-12.6 -9.0 -7.3 43  0.0                           
10261a110219101348ビーアストニッシド　　　　　　　　　 42.0  9.4 -7.0 -1.8 -3.1 47  0.0                           
10261a110317110138エアファンディタ　　　　　　　　　　 39.0  8.8-11.8-15.0 -8.8 41  0.0                           
10261a110419105239ショウナンアデイブ　　　　　　　　　 26.7  6.2 -6.5-15.0 -6.9 43  3.8                           
10261a110516102370ヘリオス　　　　　　　　　　　　　　 49.2 10.9-11.0-13.8 -8.2 42  0.0                           
10261a110621106752パレハ　　　　　　　　　　　　　　　  7.5  2.4  8.3  9.0  5.7 56  6.0                           
10261a110720105424シルトホルン　　　　　　　　　　　　 12.7  3.4 10.7 15.0  8.4 58  3.2                           
10261a110820101784ラケマーダ　　　　　　　　　　　　　 28.6  6.6-11.0-20.0-10.0 40  0.0  0                        
10261a110921102895ナムラエイハブ　　　　　　　　　　　 12.1  3.2  1.4  9.0  3.2 53  0.0                           
10261a111019100318ケイアイセナ　　　　　　　　　　　　  7.2  2.4 15.9 20.1 11.9 62  4.7                           
10261a111119105532エピファニー　　　　　　　　　　　　 29.5  6.8 -6.2 -3.8 -3.4 47  4.1                           
10261a111222101648センツブラッド　　　　　　　　　　　  3.4  1.6 19.6 30.0 16.2 66  9.9                           
10261a111321105808ガイアメンテ　　　　　　　　　　　　 11.6  3.1 -1.6-15.0 -5.1 45  2.7                           
10261a111421105442エラトー　　　　　　　　　　　　　　  5.9  2.1  8.2 15.0  7.5 58  7.3                           
10261a111519103823リカンカブール　　　　　　　　　　　 22.1  5.3-12.6-15.0 -9.1 41  0.0                           
10261a111621106548タガノデュード　　　　　　　　　　　 11.8  3.2  5.1  8.6  4.4 54  4.9  5                        
10261a120122104874ホウオウガイア　　　　　　　　　　　  9.4  2.6 13.8 17.5 10.3 30  7.3                           
10261a120222106016ブライアーヒル　　　　　　　　　　　 70.3 12.9-11.8 -5.1 -5.9 14  0.0                           
10261a120321105484ベランジェール　　　　　　　　　　　 27.7  5.6  5.1  9.0  4.6 25  0.0                           
10261a120420103410ディバイングレース　　　　　　　　　 21.5  4.5-10.3-13.8 -7.9 12  0.0                           
10261a120522104122スカイダイバー　　　　　　　　　　　 56.3 10.4-10.6-15.0 -8.4 12  0.0                           
10261a120622105583セイプリーズ　　　　　　　　　　　　  5.8  1.9 14.5 15.3  9.9 30  8.0  4                        
10261a120722107147キョラムン　　　　　　　　　　　　　  6.3  1.9  7.1 15.0  7.1 27 10.3                           
10261a120822100216アルマグラース　　　　　　　　　　　 43.6  8.4-10.3-13.8 -7.9 12  0.0                           
10261a120922103443ポップグルーヴ　　　　　　　　　　　 40.7  7.9-11.0-13.8 -8.2 12  0.0                           
10261a121021103493イリスアスール　　　　　　　　　　　 43.6  8.4-11.8 -7.2 -6.5 14  2.9                           
10261a121122107342ザラタン　　　　　　　　　　　　　　 29.1  5.9  2.4 10.7  4.1 24  0.0  5                        
10261a121222106065ホリーアン　　　　　　　　　　　　　 46.9  9.0-11.0-13.8 -8.2 12  0.0                           
10261a121322104593ベルアーブル　　　　　　　　　　　　 71.2 13.0-10.3 -3.8 -4.9 15  0.0                           
10261a121421105956ロンドンアームズ　　　　　　　　　　 27.8  5.6-10.3-13.8 -7.9 12  0.0                           
10261a121522105398セゾンデフィーユ　　　　　　　　　　  2.4  1.3 16.3 24.4 13.3 33  9.9                           
10261a121622106835セガンティーニ　　　　　　　　　　　 25.1  5.1 -7.8  9.0 -0.2 20  0.0                           
10261a121721101414ベルファスト　　　　　　　　　　　　  7.6  2.2  9.0 12.5  7.1 27  5.0                           
10261a121822100547アサクサグレース　　　　　　　　　　 29.6  5.9 -7.1-15.0 -7.1 13  0.0                           
