062332010120105953レボロテアール　　　　　　　　　　　 82.2 13.4-11.6  6.5 -1.1  4  0.0                           
062332010220105349サワヤカサワチャン　　　　　　　　　 33.1  5.9-12.1-10.4 -7.4 -2  0.0                           
062332010320106540デライトアルバム　　　　　　　　　　 32.0  5.8 -9.3  7.4 -0.1  5  0.0                           
062332010420100623ツクバセイヴァー　　　　　　　　　　 94.7 15.4-12.1 -9.2 -7.0 -2  0.0                           
062332010520105222カントリーマダム　　　　　　　　　　 58.8  9.8-12.1 -9.7 -7.2 -2  0.0                           
062332010620104333ハーツファンタジア　　　　　　　　　 18.2  3.6 -6.5  6.0  0.3  5  0.0                           
062332010720105136テイエムスイスイ　　　　　　　　　　  3.2  1.3 16.3  8.5  8.0 13 17.4                           
062332010820103223アルメリア　　　　　　　　　　　　　  2.8  1.3 21.5 16.8 12.6 18 15.9                           
062332010920101410パープルブリーズ　　　　　　　　　　 48.0  8.3 -8.4 -2.0 -3.3  2  0.0                           
062332011020103469ダノンフレア　　　　　　　　　　　　  6.4  1.8 11.2 12.7  8.0 13  0.0  5                        
062332011120104295メルティーショコラ　　　　　　　　　 12.0  2.6  8.9 12.4  7.2 12  0.0                           
062332011220102376コロラドテソーロ　　　　　　　　　　 42.4  7.4 -1.7-11.5 -4.7  0  0.0                           
062332011320101738ヘルスケア　　　　　　　　　　　　　168.4 26.8-12.1-10.0 -7.3 -2  0.0                           
062332011420101506ホクトブルース　　　　　　　　　　　 30.6  5.5 -1.4  6.8  2.1  7  0.0                           
062332011520109050モリヤトツイキ　　　　　　　　　　　 73.6 12.1-11.6-10.0 -7.1 -2  0.0                           
062332011620106407ライブリームーラン　　　　　　　　　  5.3  1.6 17.5 17.5 11.7 17 18.8                           
062332020120103961グランキューブ　　　　　　　　　　　 26.4  5.9-10.3 -5.2 -5.0  0  0.0                           
062332020220103804ボールズピラミッド　　　　　　　　　 15.2  3.7  7.4  8.5  5.3 10  0.0                           
062332020320100042エドノトップラン　　　　　　　　　　  6.2  2.1 10.0 13.0  7.8 13 20.3                           
062332020420103173トーアモルペウス　　　　　　　　　　 36.6  7.9-10.3-10.0 -6.8 -2  0.0                           
062332020520103227ロジドレフォン　　　　　　　　　　　 26.3  5.9 -6.7  7.2  0.6  6  0.0                           
062332020620100131ジェイエルバルカー　　　　　　　　　 66.5 13.5-11.6-11.7 -7.8 -3  0.0                           
062332020720107217ゴールドフォックス　　　　　　　　　164.2 32.4-12.1-10.0 -7.3 -2  0.0                           
062332020820101684シンボリタイプ　　　　　　　　　　　 57.3 11.7-12.1 -9.1 -7.0 -2  0.0                           
062332020920105061エイチエヌバンピー　　　　　　　　　 52.8 11.1-11.6-10.0 -7.1 -2  0.0                           
062332021020104864タマモヴェナトル　　　　　　　　　　  7.0  2.2 12.1 26.8 13.5 18  0.0                           
062332021120106155モジャータルマエ　　　　　　　　　　  4.4  1.7 15.1 10.4  8.3 13 18.8                           
062332021220101210ショウナンワタリ　　　　　　　　　　 15.1  3.7 -1.8  2.7  0.4  5  0.0                           
062332021320100630シャノンフォールズ　　　　　　　　　  4.4  1.7 15.3 10.3  8.4 13 17.4                           
062332021420101484コウユーマサニキミ　　　　　　　　　 49.1 10.4-10.3 -2.0 -3.8  1  0.0                           
062332021520106690デスティノ　　　　　　　　　　　　　  3.6  1.5 17.2 17.2 11.5 16  0.0  4                        
062332021620109074キョウエイルーマー　　　　　　　　　 71.8 14.5-12.1-12.7 -8.3 -3  0.0                           
062332030120103829ヒロノサクセス　　　　　　　　　　　 77.3 16.7-11.6  6.6 -1.1  4  0.0                           
062332030220102115ナムラアダム　　　　　　　　　　　　 26.4  6.3 -5.8 -7.1 -4.3  1  0.0                           
062332030320100755モデリスタ　　　　　　　　　　　　　 16.5  4.2  0.7  1.0  0.6  6  0.0                           
062332030420105070ヒダカエクスプレス　　　　　　　　　  4.6  1.8 11.2 17.7  9.9 15 18.8                           
062332030520105740トレオン　　　　　　　　　　　　　　119.4 25.4-11.6-15.4 -9.1 -4  0.0  0                        
062332030620104817ラディーヴァ　　　　　　　　　　　　 22.3  5.4 -3.2  5.4  1.0  6  0.0                           
062332030720106620ラージフィールド　　　　　　　　　　 33.8  7.8 -6.0 -5.3 -3.7  1  0.0  0                        
062332030820101723マケン　　　　　　　　　　　　　　　 22.3  5.4 -6.8-12.1 -6.5 -1  0.0                           
062332030920105844ロジェ　　　　　　　　　　　　　　　  5.1  1.9 15.5 10.8  8.6 14  0.0                           
062332031020102786チキチキチータ　　　　　　　　　　　 42.8  9.8-10.3-10.1 -6.8 -2  0.0                           
062332031120104575クレテイユ　　　　　　　　　　　　　 22.1  5.4 -2.4 12.0  3.7  9  0.0                           
062332031220104312スマートローラ　　　　　　　　　　　 50.8 11.5-11.6 -7.7 -6.3 -1  0.0                           
062332031320103172トーアカラカウア　　　　　　　　　　  4.5  1.8 14.4  4.7  6.0 11  0.0                           
062332031420100632アイノセンシ　　　　　　　　　　　　  4.6  1.8 13.7 16.2 10.1 15 17.4                           
062332031520100312リュウノステルス　　　　　　　　　　  6.1  2.1 16.3  7.8  7.8 13 21.7                           
062332031620100340トロワフレーシュ　　　　　　　　　　 71.3 15.4 -5.3-10.0 -5.3  0  0.0                           
062332040119106847タイキモンストル　　　　　　　　　　 58.0 10.9-12.1-17.8-10.2-10  0.0  0                        
062332040219106546スターファースト　　　　　　　　　　 30.3  6.2 -7.1 -5.0 -4.0 -4  0.0                           
062332040318105611ショウナンアストラ　　　　　　　　　  3.9  1.5 13.8 16.0 10.0 10 17.4                           
062332040418105810ラジェドール　　　　　　　　　　　　  3.1  1.4 18.8 14.4 10.9 11 15.9                           
062332040517106236アースブレイブ　　　　　　　　　　　  4.6  1.6 14.1 13.4  9.1  9 18.8                           
062332040619102399テイエムクロマル　　　　　　　　　　 30.9  6.3 -6.7  4.3 -0.4  0  0.0                           
062332040717106400ポールトゥウィン　　　　　　　　　　 20.7  4.5  6.6  3.8  3.4  3  0.0                           
062332040818104789アサクサトラマル　　　　　　　　　　 35.6  7.2 -6.6 -8.5 -5.1 -5  0.0                           
062332040919105262ブリヨンカズマ　　　　　　　　　　　  5.4  1.8 14.4 10.8  8.3  8  0.0                           
062332041018103477ホウオウヴォーヌ　　　　　　　　　　 39.0  7.8 -3.2 -9.7 -4.5 -5  0.0                           
062332041118103831イサチルプリンス　　　　　　　　　　 49.6  9.7-10.3-10.0 -6.8 -7  0.0                           
062332041217101355クリノサンシャイン　　　　　　　　　 45.3  8.9 -9.3-12.4 -7.3 -7  0.0                           
062332041317106373メイショウコホク　　　　　　　　　　  7.1  2.1 10.7  8.2  6.2  6  0.0                           
062332041418106518スマートブリーズ　　　　　　　　　　 42.5  8.4 -9.8-10.1 -6.6 -7  0.0                           
062332050120105773コスモフリーゲン　　　　　　　　　　 13.8  2.9 -1.1  4.7  1.4  6  0.0                           
062332050220106883ブラックデコ　　　　　　　　　　　　 63.7 10.7-12.1 -9.9 -7.3 -2  0.0                           
062332050320101261コスモスプモーニ　　　　　　　　　　 41.8  7.4 -5.4  3.6 -0.3  5 29.0                           
062332050420106445レグルレガリス　　　　　　　　　　　 15.9  3.3  6.0  7.0  4.4  9  0.0                           
062332050520104233ファンシーカラー　　　　　　　　　　104.1 17.0-12.1-15.4 -9.3 -4  0.0  0                        
062332050620103942ショートストップ　　　　　　　　　　111.8 18.3-12.1-15.4 -9.3 -4  0.0  0                        
062332050720102579ルヴェルリドー　　　　　　　　　　　  2.3  1.2 20.6 26.1 15.8 21 15.9  1  182   42              
062332050820102948プレサージオ　　　　　　　　　　　　  9.4  2.4 10.7  9.0  6.5 12  0.0                           
062332050920101126サクセスパルス　　　　　　　　　　　  5.8  1.7 15.3 10.7  8.5 14  0.0                           
062332051020104415スピニングマーリン　　　　　　　　　 26.9  5.0 -5.0-10.0 -5.2  0  0.0                           
062332051120100524サバンナテソーロ　　　　　　　　　　 93.8 15.4-12.1-12.3 -8.1 -3  0.0                           
062332051220106413レッドバレンティア　　　　　　　　　  4.5  1.5 14.5 15.7 10.1 15 17.4                           
062332051320101432マリノフェアレディ　　　　　　　　　107.8 17.6-12.1 -1.5 -4.2  1  0.0                           
062332051420103024サーキュラーキー　　　　　　　　　　 16.1  3.3  2.2-12.1 -3.8  1  0.0                           
062332051520106986エンライトメント　　　　　　　　　　 12.9  2.8  3.2  9.1  4.3  9  0.0                           
062332051620103948ツワモノ　　　　　　　　　　　　　　 67.1 11.2-12.1 -8.6 -6.8 -2  0.0                           
062332060120105277コスモジョセフ　　　　　　　　　　　 67.1 14.3-12.1 -8.1 -6.6 13  0.0                           
062332060220106384カイザーブリッツ　　　　　　　　　　 14.9  3.8 -4.9  5.7  0.6 21 27.5                           
062332060320101739サルフトピッチ　　　　　　　　　　　 44.5 10.0 -8.7-15.4 -8.3 12  0.0  0                        
062332060420104530モズスナイパー　　　　　　　　　　　 68.4 14.6-12.9-10.1 -7.6 12  0.0                           
062332060520100656ダークンストーミー　　　　　　　　　  8.1  2.6  3.3 11.5  5.2 25  0.0                           
062332060620102855エリカキルシェ　　　　　　　　　　　 40.9  9.2-11.6-10.0 -7.1 13  0.0                           
062332060720105250ビルカール　　　　　　　　　　　　　  8.5  2.7 12.1  4.2  5.2 25  0.0                           
062332060820107163ボルドーネセバル　　　　　　　　　　115.0 24.1-11.6 -4.0 -4.9 15  0.0                           
062332060920105246トモジャミ　　　　　　　　　　　　　  9.3  2.9  8.9 -9.7 -0.9 19  0.0                           
062332061020100639サイモンギフト　　　　　　　　　　　  6.9  2.3 16.5  9.4  8.4 28  0.0                           
062332061120101737カレンハサウェイ　　　　　　　　　　 30.1  7.0 -9.9-15.0 -8.5 12  0.0  0                        
062332061220110131メタマックス　　　　　　　　　　　　  9.0  2.8  0.6  3.8  1.6 22 24.6  3                        
062332061320101373バトゥーキ　　　　　　　　　　　　　  3.3  1.6 24.9 13.2 12.3 32 15.9                           
062332061420103198メイデンタワー　　　　　　　　　　　  8.3  2.6 -0.7 10.5  3.6 24  0.0                           
062332061520101088エリスグリ　　　　　　　　　　　　　  6.6  2.2  5.5 11.9  6.0 26  0.0                           
062332061620100258セイウンダマシイ　　　　　　　　　　 67.8 14.5-12.1 -9.1 -7.0 13  0.0                           
062332070119101351セキテイオー　　　　　　　　　　　　  7.8  2.0 13.2 -1.1  3.6 24  0.0                           
062332070219101402ダフニス　　　　　　　　　　　　　　 56.3  9.1-14.3 -1.5 -4.8 15  0.0                           
062332070319106591サクセスミノル　　　　　　　　　　　 13.1  2.7  4.5-16.9 -4.8 15  0.0                           
062332070419104005ブレットフライ　　　　　　　　　　　 41.9  7.1-13.2-12.7 -8.6 11  0.0                           
062332070518106699ペイシャジュン　　　　　　　　　　　  4.1  1.5 13.2 14.0  9.1 29 17.4                           
062332070619105344コースタルテラス　　　　　　　　　　  2.2  1.2 20.5 22.2 14.3 34 15.9                           
062332070719104606ベネロングポイント　　　　　　　　　  7.1  1.9  8.4 12.6  7.1 27  0.0                           
062332070819102648エスティメート　　　　　　　　　　　 23.5  4.3  1.1  6.6  2.8 23  0.0                           
062332070919103021ロードブライト　　　　　　　　　　　 11.3  2.4  6.5 -2.0  1.2 21  0.0                           
062332071019103671デライトアゲン　　　　　　　　　　　 17.0  3.3  7.9 -1.0  2.0 22 24.6                           
062332071118104517フロンタルクリス　　　　　　　　　　 44.6  7.5 -9.6-10.0 -6.5 13  0.0                           
062332071219110073ポイズンアロウ　　　　　　　　　　　 19.0  3.6 -6.0 10.9  2.2 22  0.0                           
062332080115104047ドゥリトル　　　　　　　　　　　　　 38.0  5.7 -7.0-10.1 -5.8 24  0.0                           
062332080216106395ゲバラ　　　　　　　　　　　　　　　 11.6  2.2  9.3  4.9  4.6 35  0.0                           
062332080318104895アドマイヤハレー　　　　　　　　　　  4.0  1.3 12.9 17.5 10.3 40 17.4                           
062332080418102149イザニコス　　　　　　　　　　　　　 10.9  2.1 10.2 12.6  7.7 38  0.0                           
062332080517105048アルディエンテ　　　　　　　　　　　 12.8  2.4 11.8  7.2  6.2 36  0.0                           
062332080616100368オンワードセルフ　　　　　　　　　　 29.8  4.6-12.9-10.1 -7.6 22  0.0                           
062332080719104711トーセンリョウ　　　　　　　　　　　  1.9  1.2 19.9 22.0 14.0 44 15.9                           
062332080816104665ミトロジー　　　　　　　　　　　　　  4.7  1.4 14.7 14.8  9.8 40 18.8                           
062332080917105720クリノキングボス　　　　　　　　　　 30.4  4.7-14.7 -9.7 -8.0 22  0.0                           
062332090120103216アスパルディーコ　　　　　　　　　　  4.0  1.6 15.9 12.0  9.2 29  0.0                           
062332090220101143イージーオンミー　　　　　　　　　　 13.1  3.2  0.7 16.9  6.4 26 23.2                           
062332090320103228ビターグラッセ　　　　　　　　　　　  3.5  1.5 15.1 17.3 10.9 31 15.9                           
062332090420103915ツインクルトーズ　　　　　　　　　　 17.7  4.1 -5.3  6.5  0.8 21  0.0                           
062332090520105795フェアエールング　　　　　　　　　　 14.5  3.5 -5.9  4.4 -0.2 20  0.0                           
062332090620103682フラミニア　　　　　　　　　　　　　  6.5  2.1  5.6 16.6  7.8 28 20.3                           
062332090720103955ルーチェロッサ　　　　　　　　　　　 18.2  4.2  4.7 -3.5  0.1 20  0.0                           
062332090820102903オンザブロッサム　　　　　　　　　　 23.5  5.2 -9.6  6.6 -0.5 20  0.0                           
062332090920100761マンマリアーレ　　　　　　　　　　　  9.4  2.7  2.8  9.4  4.3 24  0.0                           
062332091020104676マイレーヌ　　　　　　　　　　　　　 14.3  3.4  8.2  9.7  6.0 26  0.0                           
062332091120104912アグラシアド　　　　　　　　　　　　  5.1  1.8  9.0  9.7  6.3 26  0.0                           
062332100118104347ユキノファラオ　　　　　　　　　　　 17.2  4.2  3.5 14.9  6.5 42 26.1                           
062332100219105505サーマルウインド　　　　　　　　　　  5.9  2.0 13.3 12.4  8.5 44  0.0                           
062332100316105797コスモエスパーダ　　　　　　　　　　 27.6  6.3-12.1 -9.7 -7.2 28  0.0                           
062332100418105078ドゥラモンド　　　　　　　　　　　　  9.4  2.8  9.7 15.4  8.6 44 20.3                           
062332100518103729スリートップキズナ　　　　　　　　　 20.4  4.9 -1.7  3.4  0.7 36  0.0                           
062332100619100935ニシノラブウインク　　　　　　　　　 12.5  3.2 -3.4 13.0  3.7 39  0.0                           
062332100716105060トオヤリトセイト　　　　　　　　　　 72.7 15.0 -3.3-10.1 -4.7 30  0.0                           
062332100818105347ストゥーティ　　　　　　　　　　　　 20.7  4.9 -1.0-10.1 -4.0 31  0.0                           
062332100917102838ハーモニーマゼラン　　　　　　　　　 11.0  2.9  3.2-10.8 -3.0 32  0.0                           
062332101017110129リーガルバトル　　　　　　　　　　　 31.5  7.0-10.3  6.5 -0.7 34  0.0                           
062332101119105398フォラブリューテ　　　　　　　　　　 44.1  9.6-11.6-10.0 -7.1 28  0.0                           
062332101219104805デコラシオン　　　　　　　　　　　　  4.0  1.7 20.6 17.4 12.6 48  0.0                           
062332101319105768フィールシンパシー　　　　　　　　　  4.2  1.7 13.3 24.6 13.0 48 17.4                           
062332101419105347アバンチュリエ　　　　　　　　　　　 12.1  3.2  6.3 10.0  5.6 41  0.0                           
062332101518103558パープルレディー　　　　　　　　　　 26.1  6.0 -8.3-14.6 -7.8 27  0.0                           
062332101614100555ヤマニンペダラーダ　　　　　　　　　 39.7  8.7-12.9-10.1 -7.6 27  0.0                           
062332110117105292ダノンファラオ　　　　　　　　　　　 48.5 10.4-11.0-12.0 -7.7 42  0.0                           
062332110216104711カテドラル　　　　　　　　　　　　　 32.9  7.3-11.0-11.6 -7.6 42  0.0                           
062332110319103507ロードヴァレンチ　　　　　　　　　　 15.7  3.9 -5.3-16.9 -7.8 42  0.0                           
062332110416103957デルマルーヴル　　　　　　　　　　　 39.0  8.5 -6.0  5.1  0.1 50  0.0                           
062332110517103641ケンシンコウ　　　　　　　　　　　　 12.0  3.1  7.8 10.0  6.0 56 23.2                           
062332110617102011キタノヴィジョン　　　　　　　　　　 22.1  5.1 -8.5-12.7 -7.2 43  0.0                           
062332110719100630ハピ　　　　　　　　　　　　　　　　  4.1  1.7 17.9 16.0 11.2 61 13.8                           
062332110818100829ウィリアムバローズ　　　　　　　　　  4.0  1.7 18.1 15.3 11.0 61 12.7                           
062332110918103540ホウオウルバン　　　　　　　　　　　 17.0  4.1 -3.2  5.8  1.2 51  0.0                           
062332111019102437ヴァルツァーシャル　　　　　　　　　  7.3  2.3  8.3 11.8  6.8 57  0.0                           
062332111116104231ダノンスプレンダー　　　　　　　　　 38.2  8.3-11.0-10.2 -7.0 43  0.0                           
062332111216105713ハヤブサナンデクン　　　　　　　　　  7.7  2.4 15.5 14.2  9.9 60 16.1                           
062332111316101745ゲンパチルシファー　　　　　　　　　 42.5  9.2-11.0-14.1 -8.5 42  0.0                           
062332111417104105プリティーチャンス　　　　　　　　　 19.5  4.7 -4.6 24.9  7.8 58  0.0                           
062332111519105656カフジオクタゴン　　　　　　　　　　 14.5  3.6 -1.0-12.0 -4.7 45 13.7                           
062332111617100988サンライズホープ　　　　　　　　　　 12.0  3.1  9.0  3.7  4.1 54  0.0                           
062332120119102922ゼンカイテン　　　　　　　　　　　　 23.1  4.2 -2.5  4.6  0.9 31  0.0                           
062332120218101679カシノフォワード　　　　　　　　　　 17.8  3.5  0.2  0.9  0.4 30  0.0                           
062332120319110042スーリールダンジュ　　　　　　　　　  2.9  1.3 19.8 23.8 14.7 45  0.0                           
062332120418100433ブロンズレッド　　　　　　　　　　　 13.0  2.7  7.6  5.8  4.4 34 23.2                           
062332120518104765イズンシーラブリー　　　　　　　　　  2.8  1.3 20.0 18.0 12.6 43 15.9                           
062332120618103498アイルビーザワン　　　　　　　　　　 30.4  5.3 -7.9-14.3 -7.6 22  0.0  0                        
062332120719109140ヒノクニ　　　　　　　　　　　　　　 11.8  2.5  8.9  6.0  4.9 35  0.0                           
062332120819102761グレタ　　　　　　　　　　　　　　　 36.4  6.3 -7.3-11.2 -6.3 24  0.0                           
062332120917100660ポピュラーソング　　　　　　　　　　 42.5  7.2-12.1 -6.4 -6.0 24  0.0                           
062332121018105004アップリバー　　　　　　　　　　　　 11.7  2.5  2.8  6.5  3.2 33 20.3                           
062332121119100053アレクサンドラ　　　　　　　　　　　 29.6  5.2-10.8 -7.7 -6.1 24  0.0                           
062332121218103485ジャガード　　　　　　　　　　　　　 34.7  6.0-10.3 -9.2 -6.5 24  0.0                           
062332121318100097スマートルシーダ　　　　　　　　　　  6.9  1.9 13.5  6.2  6.3 36  0.0                           
072326010120106486エイルリシュリュー　　　　　　　　　 11.9  2.7  5.3  9.0  4.6 10  0.0                           
072326010220106511メイショウヒナギク　　　　　　　　　 30.0  5.7 -2.0-15.0 -5.2  0  0.0                           
072326010320104572ペイシャフラワー　　　　　　　　　　  2.8  1.3 15.1 18.0 10.9 16 13.8                           
072326010420100063スターオブデイズ　　　　　　　　　　 51.9  9.3-10.9-12.5 -7.7 -3  0.0                           
072326010520100996ミヤジレガリア　　　　　　　　　　　  7.4  2.1  6.6  9.0  5.1 10 17.5                           
072326010620100223レオパルツェ　　　　　　　　　　　　 32.3  6.1-10.9-20.0-10.0 -5  0.0                           
072326010720104559フリースタイル　　　　　　　　　　　 74.1 12.7-10.9-12.5 -7.7 -3  0.0                           
072326010820101080オーロラバローズ　　　　　　　　　　 39.6  7.3 -8.5-15.0 -7.6 -3  0.0                           
072326010920100219ジオジーニー　　　　　　　　　　　　  3.6  1.4 14.8 30.0 14.4 19 15.0                           
072326011020102157ファビュラスエリカ　　　　　　　　　 46.0  8.4-10.9  7.5 -1.7  3  0.0                           
072326011120105324ペイシャコリン　　　　　　　　　　　 44.7  8.1-10.9-12.5 -7.7 -3  0.0                           
072326011220104563スライトマッド　　　　　　　　　　　 31.0  5.8 -0.1  7.5  2.2  7  0.0                           
072326011320101868ブーケエスポワール　　　　　　　　　 57.0  9.9 -4.9-12.5 -5.5 -1  0.0                           
072326011420103903シュライフェ　　　　　　　　　　　　 78.4 13.4-10.9-12.5 -7.7 -3  0.0                           
072326011520101345エスタビエン　　　　　　　　　　　　 12.3  2.8  5.5  2.6  2.8  8  0.0                           
072326011620103467ナリサ　　　　　　　　　　　　　　　  5.5  1.7 11.8 22.5 11.1 16 11.4                           
072326020120106905メイショウランザン　　　　　　　　　 22.2  4.7 -8.0  5.7 -1.2  4  0.0                           
072326020220103997ショーケン　　　　　　　　　　　　　 17.6  3.9  0.6 -7.5 -2.0  3  0.0                           
072326020320100230クリノマイスター　　　　　　　　　　 18.9  4.1 -0.5  9.0  2.5  8  0.0                           
072326020420103958スパーキングブルー　　　　　　　　　 39.0  7.7-11.8-15.0 -8.8 -4  0.0                           
072326020520106867エピックヒーロー　　　　　　　　　　  5.5  1.8 14.9 12.5  9.2 14 15.0                           
072326020620101960フミヤングフェイス　　　　　　　　　  6.5  2.0  9.7 15.0  8.1 13 12.3                           
072326020720106695ロギッシュ　　　　　　　　　　　　　 27.6  5.7-10.9-12.5 -7.7 -3  0.0                           
072326020820107124ビネッサ　　　　　　　　　　　　　　 34.1  6.8-11.9-16.6 -9.3 -4  0.0  0                        
072326020920104506アルバートミノル　　　　　　　　　　  6.4  2.0 10.8 10.4  7.1 12 16.3                           
072326021020106639カビーリア　　　　　　　　　　　　　 19.4  4.2 -5.7-15.0 -6.6 -2  0.0                           
072326021120106787グレイソニック　　　　　　　　　　　 26.2  5.4 -7.5  7.5 -0.5  5  0.0                           
072326021220105841ララプロフォン　　　　　　　　　　　  7.4  2.2 14.3 18.0 10.6 16  0.0                           
072326021320103642スカーズ　　　　　　　　　　　　　　  2.5  1.3 22.4 22.5 15.0 20 13.8                           
072326030120100123アイアンマジン　　　　　　　　　　　 79.9 13.1-10.9-12.5 -7.7 -3  0.0                           
072326030220101183スマイルサンライズ　　　　　　　　　 23.1  4.4 -1.0  9.0  2.3  7  0.0                           
072326030320101279レオニーノ　　　　　　　　　　　　　 58.3  9.7-11.9-15.0 -8.9 -4  0.0                           
072326030420106743ミユキアモーレミオ　　　　　　　　　 25.9  4.8 -6.3-12.5 -6.1 -1  0.0                           
072326030520103857テイエムビュビュウ　　　　　　　　　 34.5  6.2-10.9-12.5 -7.7 -3  0.0                           
072326030620109026コトノサンショ　　　　　　　　　　　 52.1  9.0-10.9-12.5 -7.7 -3  0.0                           
072326030720104478アルルカン　　　　　　　　　　　　　  2.4  1.3 22.5 22.5 15.0 20 13.8                           
072326030820101647ノートエリア　　　　　　　　　　　　 59.5  9.9-11.9-15.0 -8.9 -4  0.0                           
072326030920107032シンゼンイトサン　　　　　　　　　　 43.1  7.6-10.6-15.0 -8.4 -3  0.0                           
072326031020105212シェイクオンイット　　　　　　　　　 18.2  3.6 -4.0 12.5  2.3  7  0.0                           
072326031120104346イミュータブル　　　　　　　　　　　  3.9  1.5 19.3 30.0 16.1 21 15.0                           
072326031220100703メイショウカジキ　　　　　　　　　　  6.3  1.8 14.6 12.5  9.1 14 16.3                           
072326031320103971エースオブスペーズ　　　　　　　　　 17.1  3.5  2.1 15.0  5.3 10  0.0                           
072326031420106586ハクサンアイ　　　　　　　　　　　　  6.6  1.9 11.8  7.5  6.6 12 12.3                           
072326031520102905ステイジョリー　　　　　　　　　　　 45.2  7.9-10.9-12.5 -7.7 -3  0.0                           
072326031620101369コウユーアツイキミ　　　　　　　　　 29.0  5.3 -0.7-12.5 -4.0  1  0.0                           
072326040120103050ナンヨーノサラ　　　　　　　　　　　 30.1  6.2 -3.0-12.5 -4.8  0  0.0                           
072326040220101025アスクドゥポルテ　　　　　　　　　　  3.3  1.5 20.3 17.1 12.6 18 13.8                           
072326040320101940ディープトラスト　　　　　　　　　　 51.1 10.0-11.9-15.0 -8.9 -4  0.0                           
072326040420102205キャラハンテソーロ　　　　　　　　　 60.7 11.5-10.9-12.5 -7.7 -3  0.0                           
072326040520102383パールテソーロ　　　　　　　　　　　  8.1  2.3 10.8 12.5  7.7 13  0.0                           
072326040620103586ミッキーグロリア　　　　　　　　　　  7.3  2.2  7.8 25.0 10.4 15 11.4                           
072326040720106975スキップアビート　　　　　　　　　　 70.0 13.2-10.9-12.5 -7.7 -3  0.0                           
072326040820103124レッドフローガ　　　　　　　　　　　 19.6  4.3-10.9-12.5 -7.7 -3  0.0                           
072326040920104625コスモバイオレット　　　　　　　　　 25.1  5.3 -7.5-12.5 -6.5 -1  0.0                           
072326041020106325コーディネイター　　　　　　　　　　 34.1  6.9 -4.5-15.0 -6.2 -1  0.0                           
072326041120104649プロミシングギャル　　　　　　　　　  8.6  2.5  5.6 17.9  7.4 12  0.0                           
072326041220103579アルタビスタ　　　　　　　　　　　　  3.7  1.6 20.3 14.3 11.7 17 15.0                           
072326041320104124ウイニングライブ　　　　　　　　　　 18.3  4.1  0.1  7.5  2.3  7 21.3                           
072326041420105521フレンドリーサン　　　　　　　　　　181.0 33.0-10.9-12.5 -7.7 -3  0.0                           
072326041520103548キトリ　　　　　　　　　　　　　　　 14.4  3.4 -7.9-15.0 -7.4 -2  0.0                           
072326041620104887ドゥワー　　　　　　　　　　　　　　 44.4  8.8-10.9  7.5 -1.7  3  0.0                           
072326041720105194シンガーズバラッド　　　　　　　　　 37.4  7.5-10.9-12.5 -7.7 -3  0.0                           
072326041820104969ニシノサザナミ　　　　　　　　　　　 40.2  8.0-10.9-12.5 -7.7 -3  0.0                           
072326050119102264キャミ　　　　　　　　　　　　　　　 32.3  6.8-10.9-12.5 -7.7 12  0.0                           
072326050218101134リツィタル　　　　　　　　　　　　　 12.3  3.0  0.0-15.0 -4.5 16  0.0                           
072326050319106060ラピドゥス　　　　　　　　　　　　　  4.3  1.6 13.4 18.0 10.3 30 15.0                           
072326050419102312エターナルプライド　　　　　　　　　 31.9  6.7 -7.5  7.5 -0.5 20  0.0                           
072326050518100595メイショウホオズキ　　　　　　　　　  3.2  1.4 16.8 18.8 11.8 32 13.8                           
072326050618102226ユーベルント　　　　　　　　　　　　 34.0  7.1-10.9-12.5 -7.7 12  0.0                           
072326050719104685ルージュブラゾン　　　　　　　　　　  7.0  2.2 10.6-12.5  0.1 20  0.0                           
072326050819105525ブロードリーチ　　　　　　　　　　　  4.4  1.6 15.3  7.5  7.9 28 16.3                           
072326050916105014テンナイトパール　　　　　　　　　　 15.0  3.6 -4.0  7.5  0.8 21 15.8                           
072326051018106276ラピスデラビオス　　　　　　　　　　 26.4  5.7 -7.9-15.0 -7.4 13  0.0                           
072326051119106149グレースブロード　　　　　　　　　　 11.8  2.9  7.0 12.5  6.3 26  0.0                           
072326051218104828パレドジュスティス　　　　　　　　　 12.5  3.1  5.8 15.0  6.6 27  0.0                           
072326060119109138ベルウッドウズメ　　　　　　　　　　 15.7  3.8 -0.6-12.5 -4.0 16  0.0                           
072326060219101914リングストゥワイス　　　　　　　　　 14.6  3.6 -3.1  7.5  1.1 21  0.0                           
072326060318102332ストロングカレント　　　　　　　　　 43.4  9.2-10.9  7.5 -1.7 18  0.0                           
072326060418103330マサカウマザンマイ　　　　　　　　　 17.5  4.2 -3.7 25.0  6.1 26  0.0                           
072326060519104773ディープグラビティ　　　　　　　　　  3.1  1.5 17.5 18.8 12.1 32 13.8                           
072326060619101233アイファーファイト　　　　　　　　　 26.9  6.0-11.9  4.5 -3.0 17  0.0                           
072326060719105655ビップソリオ　　　　　　　　　　　　  6.2  2.0 11.1 12.5  7.8 28 16.3                           
072326060819101794ヒメカミノイタダキ　　　　　　　　　 38.5  8.3 -4.6-12.5 -5.4 15  0.0                           
072326060919103634アニージョ　　　　　　　　　　　　　 20.7  4.8 -7.5-12.5 -6.5 14  0.0                           
072326061017103822フリークボンバー　　　　　　　　　　  7.2  2.3  9.6  9.0  6.2 26 12.3                           
072326061118104857レッドアウレア　　　　　　　　　　　 41.0  8.8-10.9 -9.0 -6.7 13  0.0                           
072326061219105819バンドールロゼ　　　　　　　　　　　 11.9  3.0 11.1 16.8  9.1 29  0.0  5                        
072326061318102651ハンデンキング　　　　　　　　　　　 64.4 13.0-10.9-12.5 -7.7 12  0.0                           
072326061419105090マイレッドスター　　　　　　　　　　  5.5  1.9 14.0  9.0  7.8 28 15.0                           
072326061519102701ネイト　　　　　　　　　　　　　　　 16.7  4.0  0.6-15.0 -4.3 16  0.0                           
072326061618105965エイシンディアデム　　　　　　　　　 41.7  8.9-10.9-12.5 -7.7 12  0.0                           
072326070119106935シャトンアンジュ　　　　　　　　　　  4.0  1.5 15.7 18.0 11.2 31 15.0                           
072326070218105257ダノンジェネラル　　　　　　　　　　 26.5  5.7 -6.3  7.5 -0.1 20  0.0                           
072326070319104616ロフティースマイル　　　　　　　　　 21.6  4.8-11.9-15.0 -8.9 11  0.0                           
072326070418104477ヴィトーリア　　　　　　　　　　　　  4.5  1.6 17.5 30.0 15.4 35 16.3                           
072326070518100413メイショウケンコン　　　　　　　　　 25.0  5.4-11.9-11.0 -7.7 12  0.0                           
072326070619105138ストリートライフ　　　　　　　　　　 13.1  3.2  7.2 20.0  8.6 29  0.0                           
072326070719100773マイネルカグラ　　　　　　　　　　　 19.3  4.4-10.9  7.5 -1.7 18  0.0                           
072326070818103496ウェイオブライト　　　　　　　　　　  5.3  1.8 15.7 15.0 10.3 30 12.3                           
072326070919104825スタティスティクス　　　　　　　　　  3.5  1.5 17.8 22.5 13.3 33 13.8                           
072326071019105450ショショローザ　　　　　　　　　　　 14.8  3.5 -3.8-15.0 -5.9 14  0.0                           
072326071118102186キュンストラー　　　　　　　　　　　 12.7  3.1  4.3 12.5  5.3 25  0.0                           
072326080118103933テーオーエルサ　　　　　　　　　　　 93.2 18.3 -7.7-12.5 -6.6 13  0.0                           
072326080218100480デルマヤクシ　　　　　　　　　　　　 16.3  3.9 -2.4 15.0  3.6 24  0.0                           
072326080319106863ショウナンラタン　　　　　　　　　　  9.2  2.7 -3.4  9.0  1.5 21  0.0                           
072326080418105212エターナルピース　　　　　　　　　　 20.2  4.7 -0.9 -4.9 -1.8 18  0.0                           
072326080519101998サンマルクレイジー　　　　　　　　　 47.5  9.9-10.9-12.5 -7.7 12  0.0                           
072326080618103512ホウオウジュレップ　　　　　　　　　 31.9  6.9-10.9-12.5 -7.7 12  0.0                           
072326080719103612エメラルアポロン　　　　　　　　　　 59.7 11.9-10.9-12.5 -7.7 12  0.0                           
072326080819105105ヴィルチュオーズ　　　　　　　　　　 74.6 14.8-10.9-12.5 -7.7 12  0.0                           
072326080918102669スズノナデシコ　　　　　　　　　　　  3.8  1.6 17.6 30.0 15.5 35 15.0                           
072326081018104780ミエノベルル　　　　　　　　　　　　 26.8  5.9-12.8-15.0 -9.2 11  0.0                           
072326081119103814スカイトレイル　　　　　　　　　　　 49.2 10.2-10.4-15.0 -8.3 12  0.0                           
072326081219102240マメコ　　　　　　　　　　　　　　　  5.6  1.9 10.5 18.0  9.3 29 11.4                           
072326081318104559ナリタローゼ　　　　　　　　　　　　  7.6  2.3 14.9  9.0  8.2 28 17.5                           
072326081419100604ヤマニンアンフィル　　　　　　　　　  3.8  1.6 16.0 22.5 12.6 33 13.8                           
072326081518106145アコルダール　　　　　　　　　　　　 30.8  6.6-11.9-15.0 -8.9 11  0.0                           
072326081619105412プリモカリーナ　　　　　　　　　　　 14.3  3.5  7.2  9.0  5.3 25  0.0                           
072326081718104077グリュレーヴ　　　　　　　　　　　　 43.3  9.1 -7.7-15.0 -7.3 13  0.0                           
072326081818106701ルヴァンノワール　　　　　　　　　　 38.9  8.2-11.8-15.0 -8.8 11  0.0                           
072326090120103101シェイクユアハート　　　　　　　　　  4.9  1.6  8.0 32.7 12.7 33 16.3  1  217   50              
072326090220105198ウインスノーライト　　　　　　　　　  5.0  1.7 19.3 30.0 16.1 36 12.3                           
072326090320106746ベレザニーニャ　　　　　　　　　　　 15.8  3.5  0.0 20.0  6.0 26  0.0  4                        
072326090420100882フレンドキング　　　　　　　　　　　 25.7  5.2-10.9-12.5 -7.7 12  0.0                           
072326090520106352ヨリマル　　　　　　　　　　　　　　  4.2  1.5 17.6  9.0  9.2 29 15.0                           
072326090620103663シリンガバルガリス　　　　　　　　　  5.6  1.8 10.9  9.5  6.8 27  0.0                           
072326090720106525シルバーティムール　　　　　　　　　 11.8  2.8 -2.7-12.5 -4.7 15  0.0                           
072326090820101548アイザックバローズ　　　　　　　　　  2.7  1.3 19.7  6.8  9.3 29 13.8                           
072326100119101999ジョーコモド　　　　　　　　　　　　 23.3  4.9-11.9-16.6 -9.3 21  0.0  0                        
072326100218104156ダッシュダクラウン　　　　　　　　　  7.1  2.1 12.2 18.0  9.9 40  0.0                           
072326100318101746タイスケフェイス　　　　　　　　　　 37.4  7.5-11.9-15.0 -8.9 21  0.0                           
072326100416104677イシュタルゲート　　　　　　　　　　  5.8  1.9 11.5  9.0  6.9 37 16.3                           
072326100517102758グッドリドゥンス　　　　　　　　　　 41.6  8.3-10.9-12.5 -7.7 22  0.0                           
072326100619107004パトリオットラン　　　　　　　　　　 15.7  3.6 10.2  9.0  6.4 36  0.0                           
072326100719102265ショウサンキズナ　　　　　　　　　　 34.1  6.9 -9.1-15.0 -7.8 22  0.0                           
072326100819100876セブンスレター　　　　　　　　　　　  3.8  1.5 16.6 25.0 13.6 44 15.0                           
072326100914106348マイネルレンカ　　　　　　　　　　　 26.4  5.5-11.8-12.5 -8.1 22  0.0                           
072326101019105211スーパーチーフ　　　　　　　　　　　  3.3  1.5 15.5 22.5 12.4 42 13.8                           
072326101118104729ワセダハーツ　　　　　　　　　　　　 12.1  2.9  7.7  8.8  5.5 35  0.0                           
072326101219105441ヴォルゴグラード　　　　　　　　　　  8.0  2.3  0.3 15.0  4.6 35  0.0                           
072326101318105035トレデマンド　　　　　　　　　　　　 22.9  4.9 -6.9 -9.5 -5.4 25 15.8                           
072326110115104364トゥラヴェスーラ　　　　　　　　　　 34.8  7.9 -4.6-13.1 -5.6 54  0.0                           
072326110219102788ウォーターナビレラ　　　　　　　　　 27.4  6.3-11.7-15.2 -8.9 51  0.0  0                        
072326110315101028キルロード　　　　　　　　　　　　　 26.4  6.1 -4.3-11.2 -4.9 55  0.0                           
072326110418105610ダディーズビビッド　　　　　　　　　 22.6  5.3 -3.1  5.1  0.4 60  0.0                           
072326110518105069メイケイエール　　　　　　　　　　　  4.5  1.8 17.1 13.8 10.4 70 17.7                           
072326110616106453ナランフレグ　　　　　　　　　　　　 26.1  6.1  3.2  8.0  3.6 64  0.0                           
072326110717100434ヴェントヴォーチェ　　　　　　　　　 22.1  5.2 -2.1 25.8  7.0 67  0.0                           
072326110817110144ロータスランド　　　　　　　　　　　 11.0  3.0  8.6  3.4  4.2 64  0.0                           
072326110917100583ディヴィナシオン　　　　　　　　　　129.7 26.8-11.1-12.6 -7.8 52  0.0                           
072326111017100381オパールシャルム　　　　　　　　　　 81.2 17.0-11.6 -9.6 -7.1 53  0.0                           
072326111118105204ピクシーナイト　　　　　　　　　　　 14.7  3.8-11.1 -7.7 -6.4 54  0.0                           
072326111219105126アグリ　　　　　　　　　　　　　　　  8.5  2.6 11.0 19.7  9.9 70  0.0                           
072326111316102197ファストフォース　　　　　　　　　　 43.4  9.7 -5.7 -4.8 -3.5 56  0.0                           
072326111419106526トウシンマカオ　　　　　　　　　　　  8.6  2.7 16.3  8.3  8.5 68 10.7                           
072326111519103753ナムラクレア　　　　　　　　　　　　  4.1  1.8 13.1 13.9  9.0 69 16.2                           
072326111618104934グレナディアガーズ　　　　　　　　　 13.7  3.5 -3.1  0.8 -0.9 59  0.0                           
072326111717101121ボンボヤージ　　　　　　　　　　　　 71.8 15.1-12.7 -7.5 -6.9 53  0.0                           
072326111819100213ウインマーベル　　　　　　　　　　　  8.1  2.6 10.8  0.0  4.0 64  4.4                           
072326120119110086ヨーデル　　　　　　　　　　　　　　 17.2  4.0 -1.7 20.0  5.4 35  0.0                           
072326120218102956ワンダースティング　　　　　　　　　  6.7  2.1 11.3 15.0  8.6 39  0.0                           
072326120317105689クロッチ　　　　　　　　　　　　　　 37.8  7.8-10.9-12.5 -7.7 22  0.0                           
072326120416102483ハクサンライラック　　　　　　　　　 13.8  3.3  9.2  9.0  6.1 36  0.0                           
072326120519105847ミレヴィーナス　　　　　　　　　　　 18.0  4.1 -9.1-15.0 -7.8 22  0.0                           
072326120619105859エーティーマクフィ　　　　　　　　　  3.9  1.6 20.7 22.5 14.3 44 15.0                           
072326120719110085ケルンコンサート　　　　　　　　　　 19.9  4.5 -7.0 12.0  1.0 31  0.0                           
072326120818106550メイショウサトワ　　　　　　　　　　 48.7  9.9 -6.4  9.0  0.4 30  0.0                           
072326120917101591サクセスリボーン　　　　　　　　　　 43.4  8.9-12.8 -3.0 -5.6 24  0.0                           
072326121018101966タガノペカ　　　　　　　　　　　　　 16.9  3.9 -3.7-15.0 -5.9 24  0.0                           
072326121119100657コンクエスト　　　　　　　　　　　　  3.5  1.5 14.7 15.0  9.9 40 13.8                           
072326121218104754リファインドマナー　　　　　　　　　 23.2  5.1  0.0-15.0 -4.5 26  0.0                           
072326121319103065ゼットレヨン　　　　　　　　　　　　 30.5  6.4 -6.4 24.0  4.9 35 18.4                           
072326121416100418シンゼンブースター　　　　　　　　　 44.1  9.0-12.8-15.0 -9.2 21  0.0                           
072326121519105075エルバリオ　　　　　　　　　　　　　  5.2  1.8  8.0  9.0  5.6 36 16.3                           
092322010120103450ピピオラ　　　　　　　　　　　　　　  3.8  1.5 16.2 13.5 10.0 15 17.7                           
092322010220107044ジーファー　　　　　　　　　　　　　 34.7  6.8 -8.3-10.8 -6.3 -1  0.0                           
092322010320100704ジュジュジューン　　　　　　　　　　 17.9  3.9 -7.3 -7.5 -4.9  0  0.0                           
092322010420105625ローズバルサム　　　　　　　　　　　  5.1  1.7 14.7 11.5  8.8 14 19.1                           
092322010520101335ピエナパイロ　　　　　　　　　　　　  5.6  1.8  6.9 11.7  6.0 11  0.0  4                        
092322010620103015テキーラプリティ　　　　　　　　　　 23.1  4.7 -7.3 -4.6 -4.1  1  0.0                           
092322010720105600ヤマニンブルトンヌ　　　　　　　　　 11.0  2.6  5.2  9.0  4.6 10 15.4                           
092322010820101395ミスフライデー　　　　　　　　　　　 37.1  7.2-10.6-10.2 -6.9 -2  0.0                           
092322010920101804リスクテイカー　　　　　　　　　　　 19.2  4.1 -1.9 -3.9 -1.9  3  0.0                           
092322011020106950レッツゴーローズ　　　　　　　　　　  2.9  1.4 19.1 20.7 13.2 18 16.2                           
092322011120105872ヴォードヴィル　　　　　　　　　　　 12.7  2.9  3.7  6.8  3.4  8  0.0                           
092322020120104352キャンベル　　　　　　　　　　　　　 45.9  9.0-11.8-10.1 -7.4 -2  0.0                           
092322020220104769コロル　　　　　　　　　　　　　　　  7.4  2.2 10.5  2.4  4.6 10  0.0  0                        
092322020320100617ブリングライト　　　　　　　　　　　  5.5  1.8 14.0 10.4  8.3 13 17.7                           
092322020420104221ニホンピログリット　　　　　　　　　 24.8  5.2  4.4 11.0  4.9 10  0.0                           
092322020520101795レンダリング　　　　　　　　　　　　  5.6  1.8  8.3 11.3  6.4 11 13.4                           
092322020620105374リュウキシ　　　　　　　　　　　　　 64.8 12.1-11.3-10.2 -7.2 -2  0.0                           
092322020720104660ホットチョコ　　　　　　　　　　　　 39.5  7.8 -8.8-15.1 -7.8 -3  0.0                           
092322020820100914リーゼントミニー　　　　　　　　　　 43.6  8.6-12.2-13.3 -8.5 -3  0.0                           
092322020920101624ワールドペコ　　　　　　　　　　　　 25.3  5.2 -2.9-11.6 -4.5  0  0.0                           
092322021020100925ダイゴショウリュウ　　　　　　　　　 14.2  3.3 -1.7 -8.6 -3.2  2  0.0                           
092322021120101773ミンクス　　　　　　　　　　　　　　 34.5  6.9 -4.5  5.1 -0.1  5  0.0                           
092322021220100070クリノヒーロー　　　　　　　　　　　 26.3  5.4 -1.6  3.3  0.4  5  0.0                           
092322021320110047ウェイオブサクセス　　　　　　　　　  2.5  1.3 18.4 24.3 14.0 19 16.2                           
092322021420100517ヒープパラドックス　　　　　　　　　 61.2 11.4-11.2-10.5 -7.3 -2  0.0                           
092322021520106124ビッグウィリー　　　　　　　　　　　 22.2  4.7 -8.6 -7.5 -5.4  0  0.0                           
092322021620105409ディアドコス　　　　　　　　　　　　 11.5  2.8  6.8 -6.7  0.5  5 22.1                           
092322030120103258ドルヴァル　　　　　　　　　　　　　  5.4  1.6 13.4 12.3  8.6 14 19.1                           
092322030220104557カレンラグレース　　　　　　　　　　 41.4  7.2 -2.9-14.9 -5.5 -1  0.0                           
092322030320101712ダンツビガー　　　　　　　　　　　　  3.7  1.4 17.1 14.3 10.6 16 17.7                           
092322030420100026シゲルテイオウ　　　　　　　　　　　 24.9  4.6 -4.5 -6.3 -3.5  1  0.0  0                        
092322030520101399クリノエイブラハム　　　　　　　　　 36.1  6.3-11.3-10.2 -7.2 -2  0.0                           
092322030620104793サンライズグルーヴ　　　　　　　　　  6.1  1.8 12.9 14.3  9.0 14  0.0                           
092322030720109154テイエムハヤカケン　　　　　　　　　 39.2  6.8 -8.5  1.1 -2.8  2  0.0                           
092322030820103657リードブロー　　　　　　　　　　　　  2.4  1.2 21.9 18.7 13.6 19 16.2                           
092322030920103707マテンロウレガシー　　　　　　　　　 15.1  3.1  4.4  3.4  2.6  8  0.0                           
092322031020106502アンパト　　　　　　　　　　　　　　 40.9  7.1-11.3-11.4 -7.6 -3  0.0                           
092322031120105381パーティーキング　　　　　　　　　　 32.2  5.7 -7.0 -6.5 -4.5  0  0.0                           
092322031220100701アグネスクウ　　　　　　　　　　　　 45.0  7.7-11.3-11.2 -7.5 -3  0.0                           
092322031320106205メイショウクーガー　　　　　　　　　 16.4  3.3  8.4  2.6  3.9  9 16.5                           
092322040120100983ブルースペース　　　　　　　　　　　 40.2  7.9 -7.3 -1.6 -3.2  2  0.0                           
092322040220100902グリーンオーブ　　　　　　　　　　　  7.5  2.2 13.0 11.7  8.3 13  0.0                           
092322040320103531フローラルハニー　　　　　　　　　　 38.4  7.6-11.3-13.1 -8.1 -3  0.0                           
092322040420101858セビーチェ　　　　　　　　　　　　　 33.0  6.6 -4.9 -0.9 -2.1  3  0.0                           
092322040520102229リシャールケリー　　　　　　　　　　  3.5  1.4 18.1 14.5 11.0 16 17.7                           
092322040620105149サイレンスゴールド　　　　　　　　　 29.1  5.9 -2.0 -2.2 -1.4  4  0.0                           
092322040720100601クリノランボー　　　　　　　　　　　 46.1  9.0-11.3-15.6 -8.8 -4  0.0                           
092322040820101138グレーターホープ　　　　　　　　　　  4.1  1.5 16.5 13.1 10.0 15 13.4                           
092322040920107081クリノクリスタル　　　　　　　　　　  3.3  1.4 15.8 20.7 12.0 17 16.2                           
092322041020107049ユメヲカケル　　　　　　　　　　　　 36.3  7.2 -8.8-11.5 -6.7 -2  0.0                           
092322041120107149キクノビースト　　　　　　　　　　　 24.6  5.1 -6.9 -7.5 -4.8  0  0.0                           
092322041220102900ギルデッドフレーム　　　　　　　　　  8.2  2.3 11.2 10.1  7.1 12 22.1                           
092322041320103026レッドジャルダン　　　　　　　　　　 66.5 12.3-11.3-10.2 -7.2 -2  0.0                           
092322041420100239ティーティースター　　　　　　　　　 37.6  7.4 -7.4 -6.7 -4.7  0  0.0                           
092322041520104654レガロフィオリ　　　　　　　　　　　109.5 19.8-11.3-11.1 -7.5 -2  0.0                           
092322041620106404ヴェッキオカズマ　　　　　　　　　　 45.3  8.8 -4.6-10.2 -4.7  0  0.0                           
092322050120104224ニホンピロアリー　　　　　　　　　　 24.6  4.0  5.4  9.8  4.9 10  0.0                           
092322050220103212アドマイヤソラ　　　　　　　　　　　  2.1  1.2 22.6 27.3 16.5 21 16.2  1  127   57              
092322050320103694フォレスタドーロ　　　　　　　　　　  3.4  1.4 15.7 16.9 10.8 16 17.7                           
092322050420101537リミットバスター　　　　　　　　　　 16.0  2.9  8.3  7.8  5.4 10  0.0                           
092322050520104350スピルクリスティ　　　　　　　　　　 66.8  9.4-11.8 -7.1 -6.5 -1  0.0                           
092322050620101961ショウナンダグラス　　　　　　　　　 19.0  3.3  5.0  4.8  3.3  8 16.5                           
092322050720106672ヒラボクケリー　　　　　　　　　　　 89.1 12.3-11.6-10.8 -7.5 -2  0.0                           
092322050820104547リュウノラファール　　　　　　　　　 25.5  4.1 -3.2 -1.9 -1.7  3  0.0                           
092322050920106394オンリーラヴ　　　　　　　　　　　　 59.9  8.5-11.3  0.0 -4.1  1  0.0                           
092322051020107079メンヒ　　　　　　　　　　　　　　　 28.0  4.4 -5.8  4.3 -0.8  4  0.0                           
092322051120100521テイエムスーペリア　　　　　　　　　 11.3  2.2  4.4 10.0  4.6 10  0.0                           
092322051220101775フルオーケストラ　　　　　　　　　　 49.2  7.3-11.3-12.3 -7.8 -3  0.0                           
092322051320106313エムズシップ　　　　　　　　　　　　 45.5  6.8 -7.2 -5.6 -4.3  1  0.0                           
092322051420100400ルージュサクシード　　　　　　　　　 44.9  6.7-11.3-11.9 -7.7 -3  0.0                           
092322051520103239レッドマジック　　　　　　　　　　　 10.8  2.1  8.0 11.0  6.2 11 19.1                           
092322051620106801メイショウオオゾラ　　　　　　　　　 37.8  5.8 -8.6-10.1 -6.2 -1  0.0                           
092322060120101649ミッキースピナッチ　　　　　　　　　 22.6  4.4 -5.0 -7.3 -4.0 16  0.0                           
092322060220106843メイショウヒュウガ　　　　　　　　　 30.8  5.8 -4.5 -0.4 -1.8 18  0.0                           
092322060320101641エムズマインド　　　　　　　　　　　  4.0  1.5 16.7 18.7 11.7 32 17.7                           
092322060420105415タカネノハナコサン　　　　　　　　　  6.4  1.9  6.7 15.9  7.2 27 14.4                           
092322060520106006ドンアミティエ　　　　　　　　　　　  5.4  1.7 14.4 10.7  8.5 28 19.1                           
092322060620106755ナムラジョシュア　　　　　　　　　　 50.6  9.1 -8.7  4.0 -2.0 18  0.0                           
092322060720102568ワイアウ　　　　　　　　　　　　　　 25.7  4.9  2.0  6.8  2.8 23  0.0                           
092322060820101035スズカコーズ　　　　　　　　　　　　 12.5  2.8  5.7 11.6  5.6 26  0.0                           
092322060920105461キージョーカー　　　　　　　　　　　 91.0 15.4-11.3-10.2 -7.2 13  0.0                           
092322061020104136サンデーファンデー　　　　　　　　　 34.2  6.3-11.3 -2.2 -4.8 15  0.0                           
092322061120100890ヨドノリリー　　　　　　　　　　　　 47.3  8.5-10.4-10.8 -7.1 13  0.0                           
092322061220104469ゴッドセンド　　　　　　　　　　　　 78.0 13.3-11.3-10.2 -7.2 13  0.0                           
092322061320105076シミーシェイク　　　　　　　　　　　 68.3 11.7-11.3-11.1 -7.5 13  0.0                           
092322061420101540タイセイランナー　　　　　　　　　　 15.5  3.3  8.6 16.1  8.0 28  0.0                           
092322061520101578リュウ　　　　　　　　　　　　　　　  2.6  1.3 20.2 17.8 12.7 33 16.2                           
092322070118100504デンジャーマン　　　　　　　　　　　 53.1 10.4-12.2-13.1 -8.4 12  0.0                           
092322070219103876アパショナード　　　　　　　　　　　 41.4  8.2 -8.8 -1.0 -3.5 16  0.0                           
092322070318105073サトノスカイターフ　　　　　　　　　  2.5  1.3 21.9 19.9 14.0 34 16.2                           
092322070418103928グラティトゥー　　　　　　　　　　　 34.1  6.9-10.1 -6.8 -5.7 14  0.0                           
092322070518104317ミツルハピネス　　　　　　　　　　　  5.9  1.9 11.0  8.5  6.6 27 13.4                           
092322070617105471ゴルトファルベン　　　　　　　　　　  6.2  1.9  9.6 12.5  7.3 27  0.0                           
092322070718105129ロンズデーライト　　　　　　　　　　 23.1  4.9  2.8 -5.0 -0.5 20  0.0                           
092322070819104850バレエマスター　　　　　　　　　　　  5.7  1.9 16.2 22.0 12.5 33  0.0                           
092322070919101635サトノリーベ　　　　　　　　　　　　  8.3  2.4 10.2  9.0  6.4 26 22.1                           
092322071019101887セイバートゥース　　　　　　　　　　 25.8  5.4 -5.7 -8.2 -4.6 15 29.4                           
092322071119102062ハルカナネガイ　　　　　　　　　　　 25.7  5.4-11.3-16.3 -9.0 11  0.0                           
092322071219102672バレル　　　　　　　　　　　　　　　 19.2  4.2 -3.0 -8.6 -3.7 16  0.0                           
092322071318101979イッツユアタイム　　　　　　　　　　 47.1  9.3 -8.8 -4.7 -4.6 15  0.0                           
092322071418105050ビップランバン　　　　　　　　　　　 14.6  3.4  5.7  7.0  4.2 24  0.0                           
092322080118103437ミルトボス　　　　　　　　　　　　　 28.1  5.8-11.8-11.4 -7.7 12  0.0                           
092322080218103386ガールズヒロイン　　　　　　　　　　 26.8  5.5-11.3-16.3 -9.0 11  0.0                           
092322080318100822ジェイエルブリッジ　　　　　　　　　 37.2  7.4-11.2 -2.5 -4.9 15  0.0                           
092322080419102661ソルトゴールド　　　　　　　　　　　 14.7  3.4  1.2 15.9  5.2 25  0.0                           
092322080519104118ベイパーコーン　　　　　　　　　　　 14.1  3.3 -2.0 15.1  3.8 24  0.0                           
092322080619106488カイザーレオン　　　　　　　　　　　  4.3  1.6 10.5  9.3  6.6 27 13.4                           
092322080719106671ワンダフルトゥデイ　　　　　　　　　  2.9  1.4 17.8 40.0 18.5 39 16.2  1  345   27              
092322080816106594キングリスティア　　　　　　　　　　 13.6  3.2 -5.1  7.1  0.3 20  0.0                           
092322080919106399ダンツエスプリ　　　　　　　　　　　 18.0  4.0 -3.6 14.0  2.9 23 28.0                           
092322081019102202スマートビクター　　　　　　　　　　  4.2  1.5 15.4 15.3 10.2 30 17.7                           
092322081118104738コンテナジュニア　　　　　　　　　　 11.6  2.8 11.0 -5.9  2.3 22  0.0                           
092322081219105678ブラックサウザー　　　　　　　　　　 13.4  3.1  0.9  5.8  2.1 22  0.0                           
092322090119101629グランスラムアスク　　　　　　　　　 14.0  3.2  3.0 16.9  6.2 36  0.0                           
092322090218102204ビルボードクィーン　　　　　　　　　 30.6  6.1-11.3 -8.7 -6.8 23  0.0                           
092322090319105256プレミアムスマイル　　　　　　　　　 16.6  3.7 -7.3 -5.0 -4.2 26  0.0                           
092322090419103430ベリーヴィーナス　　　　　　　　　　  8.5  2.4 11.6  7.6  6.5 37 22.1                           
092322090519104703カンティプール　　　　　　　　　　　  5.0  1.7 15.1 13.0  9.4 39 14.4  5                        
092322090619102220モカフラワー　　　　　　　　　　　　  3.0  1.4 14.0 16.4 10.1 40 16.2                           
092322090715106165アトミカ　　　　　　　　　　　　　　 33.0  6.5 -2.2 -9.3 -3.6 26  0.0                           
092322090818105056ジュリアバローズ　　　　　　　　　　  3.9  1.5 15.9 14.2 10.1 40 17.7                           
092322090918101642ウインミニヨン　　　　　　　　　　　 25.6  5.2-11.3 -7.5 -6.4 24  0.0                           
092322091019100824ゴールドエクリプス　　　　　　　　　  4.5  1.6 18.6 11.6 10.3 40  0.0                           
092322100119104572タイムオブフライト　　　　　　　　　  3.5  1.5 17.9 14.8 11.0 46 17.7                           
092322100217103293ホウオウエクレール　　　　　　　　　 28.4  5.7 -8.8-11.0 -6.5 28  0.0                           
092322100316100746マイネルミュトス　　　　　　　　　　 50.6  9.6-11.2-10.5 -7.3 28  0.0                           
092322100418104225リフレーミング　　　　　　　　　　　  7.8  2.2 11.9  8.6  6.9 42 19.1                           
092322100518104688モンテディオ　　　　　　　　　　　　  7.9  2.3 11.8 10.8  7.6 43  0.0                           
092322100617106032タイセイシリウス　　　　　　　　　　 52.8 10.0-11.3-12.3 -7.8 27  0.0                           
092322100716103294ウォルフズハウル　　　　　　　　　　 77.9 14.1-11.2-10.5 -7.3 28  0.0                           
092322100818101660ワイドエンペラー　　　　　　　　　　  7.9  2.2  5.0  1.0  2.1 37  0.0                           
092322100917106303アイブランコ　　　　　　　　　　　　 15.2  3.4 -5.2  1.9 -1.3 34  0.0                           
092322101016104397タイセイモナーク　　　　　　　　　　 94.9 17.0-10.1-11.3 -7.1 28  0.0                           
092322101118104917レベランス　　　　　　　　　　　　　 31.1  6.2 -3.3 -4.0 -2.4 33 19.6                           
092322101217105198プライムフェイズ　　　　　　　　　　 36.8  7.2-11.3 -8.6 -6.7 28  0.0                           
092322101318103489ホウオウリアリティ　　　　　　　　　 39.0  7.6 -9.0-10.5 -6.4 29  0.0                           
092322101419102531シェルビーズアイ　　　　　　　　　　 15.7  3.5  6.8  0.5  2.6 38  0.0                           
092322101517100084ナムラカミカゼ　　　　　　　　　　　 40.9  7.9 -6.7 -7.0 -4.6 30  0.0  0                        
092322101619104978ゼッフィーロ　　　　　　　　　　　　  3.2  1.5 15.9 14.7 10.2 45 16.2                           
092322101719101507ディナースタ　　　　　　　　　　　　 34.3  6.8-11.3 -4.6 -5.5 29  0.0                           
092322101818110099ドンナセレーノ　　　　　　　　　　　 87.6 15.8-11.3-10.2 -7.2 28  0.0                           
092322110118104942シュヴァリエローズ　　　　　　　　　 29.1  6.1 -4.5-11.6 -5.1 40  0.0                           
092322110218103223サヴァ　　　　　　　　　　　　　　　 14.1  3.3 -7.0 -2.0 -3.2 42  0.0                           
092322110319106670セルバーグ　　　　　　　　　　　　　  7.1  2.2 14.0 12.6  8.9 54  0.0                           
092322110417105194ラインベック　　　　　　　　　　　　  4.4  1.7 17.3 16.9 11.4 56 12.4  3                        
092322110518106318メイショウシンタケ　　　　　　　　　 29.0  6.0-10.1 -1.0 -4.0 41  0.0                           
092322110618105277グラティアス　　　　　　　　　　　　  3.0  1.4 15.9 12.2  9.5 54 16.2                           
092322110718105500ヴィジュネル　　　　　　　　　　　　 24.1  5.1 -4.3  0.9 -1.3 44  0.0  5                        
092322110819101529ニネンビーグミ　　　　　　　　　　　 84.9 16.0-12.8-10.5 -7.8 37  0.0                           
092322110917100440ノルカソルカ　　　　　　　　　　　　 17.9  4.0  4.5  9.4  4.5 49  0.0                           
092322111017110033トリプルエース　　　　　　　　　　　 25.6  5.4  1.9  4.2  2.0 47  0.0                           
092322111116103730ザイツィンガー　　　　　　　　　　　 42.3  8.5-11.3-15.1 -8.7 36  0.0                           
092322111216102044アイラブテーラー　　　　　　　　　　 99.0 18.5-11.3 -7.1 -6.3 39  0.0                           
092322111318105454グレイイングリーン　　　　　　　　　 15.3  3.5  0.5 -0.5  0.0 45  0.0                           
092322111419104756オニャンコポン　　　　　　　　　　　  9.4  2.6 12.0  4.6  5.8 51 22.1                           
092322111518105092アドマイヤハダル　　　　　　　　　　  6.3  2.0 15.3 20.7 11.8 57 19.1                           
092322120119100252マルモリスペシャル　　　　　　　　　 19.5  4.0 -7.4-13.8 -6.9 23 22.1                           
092322120218100623ミラクル　　　　　　　　　　　　　　 20.7  4.2 -4.4  8.4  0.9 31  0.0                           
092322120318101928コウバコ　　　　　　　　　　　　　　 43.8  8.1-11.3-10.8 -7.4 23  0.0                           
092322120418103611デルマカンノン　　　　　　　　　　　 24.3  4.8 -8.1 -4.6 -4.3 26  0.0                           
092322120518102120ロードミッドナイト　　　　　　　　　 14.4  3.1  7.2  7.4  4.9 35  0.0                           
092322120618104687デアリングウーマン　　　　　　　　　 24.1  4.7  1.8 -0.3  0.6 31  0.0                           
092322120719101685ドンフクリン　　　　　　　　　　　　 30.7  5.8 -4.5 19.2  4.1 34  0.0                           
092322120812100683マイネルプロンプト　　　　　　　　　 23.0  4.6 -4.4-10.2 -4.7 25  0.0                           
092322120919102753カフジエニアゴン　　　　　　　　　　  4.5  1.5 10.5 27.4 12.1 42 19.1                           
092322121018106147メイショウミツヤス　　　　　　　　　 41.8  7.7 -1.7  1.1 -0.3 30  0.0                           
092322121117103874ゲンパチマイティー　　　　　　　　　 44.0  8.1 -8.9 -0.9 -3.5 26  0.0                           
092322121218100388サトノテンペスト　　　　　　　　　　  3.6  1.4 16.0  8.6  8.4 38 12.4                           
092322121313103792オンリーワンスター　　　　　　　　　 39.2  7.3 -8.4-13.5 -7.1 23  0.0  0                        
092322121418104406ゴールドフィンガー　　　　　　　　　 58.9 10.4-11.3-16.0 -8.9 21  0.0                           
092322121519106593ゼットノヴァ　　　　　　　　　　　　  2.8  1.3 19.7 21.3 13.6 44 16.2                           
092322121619103858ヒルノショパン　　　　　　　　　　　 22.1  4.4 -3.7 -5.5 -3.0 27  0.0                           
