032211010119100676アスタラグローリア　　　　　　　　　  7.0  2.2  9.7 12.0  7.3 12  0.0  5                        
032211010219101462シエラメンテ　　　　　　　　　　　　 23.7  5.3 -3.0 -8.7 -4.1  1  0.0                           
032211010319100279セイカノータ　　　　　　　　　　　　 47.8 10.0-11.9-10.0 -7.2 -2  0.0                           
032211010419102532ウォーターメーヴェ　　　　　　　　　 32.0  6.9 -9.4-10.5 -6.7 -2 12.1                           
032211010519104795ヴィクトリアタワー　　　　　　　　　 29.0  6.3-11.5-12.4 -8.0 -3  0.0                           
032211010619101174エスピリバイオ　　　　　　　　　　　 11.3  2.9 13.8 -2.5  3.2  8  0.0                           
032211010719106071ビタースマイル　　　　　　　　　　　  8.9  2.6  5.3 -3.9  0.2  5  8.6                           
032211010819103200ネイキッドハート　　　　　　　　　　 22.2  5.0 -3.4 -2.0 -1.8  3  0.0                           
032211010919100077ノーブルオーキッド　　　　　　　　　  9.4  2.7  3.8  8.0  4.1  9  0.0                           
032211011019101395ウォークル　　　　　　　　　　　　　 39.6  8.4-11.9-11.5 -7.8 -3  0.0                           
032211011119104720クロンヌドラレーヌ　　　　　　　　　  7.4  2.3  9.3 24.8 11.9 17  8.5  1  177   64              
032211011219103819スカイシャイン　　　　　　　　　　　 34.9  7.5-11.9-12.2 -8.0 -3  0.0                           
032211011319106158スマートグランデ　　　　　　　　　　  5.7  2.0 14.3 11.3  8.4 13 14.2                           
032211011419103403トレーネ　　　　　　　　　　　　　　 36.3  7.7-11.9 -0.7 -3.8  1  0.0                           
032211011519105059エレアイム　　　　　　　　　　　　　  2.9  1.5 15.4 21.0 12.3 17  6.7                           
032211020119101133ソングフォーユー　　　　　　　　　　  3.4  1.4 16.9 13.3  9.9 15  7.3                           
032211020219104136サラーラ　　　　　　　　　　　　　　 49.7  9.4-11.5-12.1 -7.9 -3  0.0                           
032211020319102695パナシュ　　　　　　　　　　　　　　127.1 22.5-11.9-13.3 -8.4 -3  0.0                           
032211020419105891メロンチャン　　　　　　　　　　　　 50.3  9.5 -6.3  6.9  0.6  6  0.0                           
032211020519103562ダテボレアス　　　　　　　　　　　　  3.3  1.4 21.2 21.0 14.1 19 13.0                           
032211020619102482ライトモティーフ　　　　　　　　　　  5.6  1.8 11.2 22.2 11.5 17 16.5  1  338   50              
032211020719106190ハッピーノリクン　　　　　　　　　　 17.4  3.8 -0.2  8.6  3.1  8  0.0                           
032211020819105338グランプレジール　　　　　　　　　　  4.6  1.6 16.5 14.2 10.2 15  7.5  3                        
032211020919104283テンシ　　　　　　　　　　　　　　　 26.8  5.4  1.2  6.0  2.6  8  0.0                           
032211021019106828シークレットグロウ　　　　　　　　　 32.2  6.3 -6.5  3.5 -0.7  4  0.0                           
032211021119104253シゲルボス　　　　　　　　　　　　　 38.9  7.5-11.5-10.1 -7.2 -2  0.0                           
032211021219104777マヤマヤ　　　　　　　　　　　　　　 16.4  3.6 -8.9-10.5 -6.5 -2  0.0                           
032211021319101315ナムラミニー　　　　　　　　　　　　 35.6  6.9 -8.0-10.5 -6.3 -1  0.0                           
032211021419102943アクアポリン　　　　　　　　　　　　 85.4 15.3-11.9 -1.7 -4.2  1  0.0                           
032211021519100285シェリーココ　　　　　　　　　　　　 41.0  7.9-12.3-10.5 -7.5 -3  0.0                           
032211021619105724タケオ　　　　　　　　　　　　　　　 27.9  5.6 -4.5 12.0  3.0  8  0.0  5                        
032211030119104195ガンスリンガー　　　　　　　　　　　126.5 23.9-11.9-10.0 -7.2 -2  0.0                           
032211030219106771エイチエヌゼゼ　　　　　　　　　　　 63.4 12.3-12.6-20.0-11.1 -6  0.0                           
032211030319104049フルゴル　　　　　　　　　　　　　　 47.9  9.7 -8.2-14.0 -7.6 -3  0.0                           
032211030419106278アイアコス　　　　　　　　　　　　　  9.2  2.6 11.1 26.0 12.9 18  0.0  5                        
032211030519106978マサノカヴァリエ　　　　　　　　　　  4.7  1.7 11.9 17.7 10.1 15  7.3                           
032211030619103392オクトパシー　　　　　　　　　　　　 68.5 13.2 -5.7-10.5 -5.6 -1 14.4                           
032211030719106680プレミアムベリー　　　　　　　　　　 14.6  3.5  2.9 -2.5  0.0  5  9.2                           
032211030819103224オーブラック　　　　　　　　　　　　  3.0  1.4 18.0 17.5 11.8 17  6.7                           
032211030919105013トーアレインボー　　　　　　　　　　 24.0  5.2 -5.6  8.3  1.4  6  0.0                           
032211031019106772カルド　　　　　　　　　　　　　　　  6.7  2.1 13.7 24.8 13.2 18  0.0  1  177   64              
032211031119104969ドクターマンボウ　　　　　　　　　　  5.1  1.8 12.6 25.6 13.2 18 15.3                           
032211031219102471コールドブリュー　　　　　　　　　　 49.3 10.0-11.5-10.0 -7.1 -2  0.0                           
032211031319103431レッドコーラル　　　　　　　　　　　 14.6  3.5  0.9  4.4  1.9  7  0.0                           
032211031419102203ラージベル　　　　　　　　　　　　　 25.9  5.5 -4.1 -2.0 -2.0  3  0.0                           
032211031519109109ソールズベリー　　　　　　　　　　　 24.2  5.2 -6.3  6.0  0.3  5  0.0                           
032211031619101364ライセンストゥキル　　　　　　　　　 49.3 10.0-11.5-10.1 -7.2 -2  0.0                           
032211040119101555ベガエクスプレス　　　　　　　　　　 52.2 11.1-10.1-10.5 -6.9 -2  0.0                           
032211040219105536ソラネル　　　　　　　　　　　　　　 31.9  7.0-11.5 -7.5 -6.2 -1  0.0                           
032211040319104929エコルフリューゲル　　　　　　　　　  7.1  2.3 10.4  8.0  6.1 11  0.0                           
032211040419100668サンセットクラウド　　　　　　　　　  6.4  2.1  8.7  6.0  4.8 10 14.2 1                         
032211040519100157モンサンプリーモ　　　　　　　　　　  8.3  2.6 12.2 13.0  8.4 13  9.1                           
032211040619103047ヴァンシャンテ　　　　　　　　　　　 35.2  7.7-11.5-10.0 -7.1 -2  0.0                           
032211040719106047レヴォルト　　　　　　　　　　　　　 40.3  8.7-11.5-10.0 -7.1 -2  0.0                           
032211040819100787エリオトローピオ　　　　　　　　　　 13.4  3.4  2.5  6.0  3.0  8  0.0                           
032211040919103133ララヴォルシエル　　　　　　　　　　  3.0  1.5 21.9 21.0 14.3 19 13.0                           
032211041019102082トルーマンテソーロ　　　　　　　　　 42.7  9.2 -9.8-15.5 -8.6 -4  0.0  0                        
032211041119100146タツセイリュウ　　　　　　　　　　　 42.7  9.2-12.3-10.5 -7.5 -3  0.0                           
032211041219103007ソメット　　　　　　　　　　　　　　 20.0  4.7-11.5 -2.2 -4.3  1  0.0                           
032211041319105906ダイリュウブラック　　　　　　　　　  8.1  2.5 13.6  6.3  6.4 11  0.0                           
032211041419106716ヒドゥンキング　　　　　　　　　　　 10.7  2.8 10.5 10.0  6.8 12  0.0                           
032211041519105461ガストン　　　　　　　　　　　　　　 58.1 12.0-11.5-10.0 -7.1 -2  0.0                           
032211041619105356フラワリング　　　　　　　　　　　　 11.7  3.1  5.0  0.5  1.7  7  9.8                           
032211050119100087バイオレットスター　　　　　　　　　 50.6  9.0-11.9-10.0 -7.2 -2  0.0                           
032211050219106515ハーランズセンス　　　　　　　　　　 14.0  3.0  4.4  6.3  3.6  9  0.0                           
032211050319106279ライチトゥーム　　　　　　　　　　　121.3 20.0-11.9-10.0 -7.2 -2  0.0                           
032211050419101682ジーツーガッキー　　　　　　　　　　  5.6  1.7 11.0 11.5  7.5 13  0.0                           
032211050519104299フウゲツムヘン　　　　　　　　　　　 23.0  4.4 -2.6 29.2  9.9 15 10.4  1  209   33              
032211050619100591レディーガーネット　　　　　　　　　 48.5  8.6 -4.0-10.0 -4.9  0  0.0                           
032211050719102407アメトリンルナ　　　　　　　　　　　 11.5  2.6  1.7  9.3  3.9  9  0.0  5                        
032211050819101837トーホウクリスタル　　　　　　　　　 39.4  7.1-10.9-10.5 -7.1 -2  0.0                           
032211050919102849キープオンラビン　　　　　　　　　　 35.4  6.5-11.5-12.2 -7.9 -3  0.0                           
032211051019105050メルヴィル　　　　　　　　　　　　　  2.5  1.3 22.2 22.5 14.9 20 13.0                           
032211051119102436ミズノコキュウ　　　　　　　　　　　  4.1  1.5 20.9 13.5 11.2 16  7.3                           
032211051219102432イデアファイブ　　　　　　　　　　　102.9 17.1-12.1-20.0-11.0 -6  0.0  0                        
032211051319105326ナウヴィクトリア　　　　　　　　　　 22.2  4.3 -3.5 -2.0 -1.8  3  0.0                           
032211051419106192ダイユウバルキリー　　　　　　　　　 92.1 15.4-11.5 -2.0 -4.2  1  0.0                           
032211051519100884ヴェルーリヤ　　　　　　　　　　　　 26.2  5.0  1.5  2.8  1.5  6  0.0                           
032211051619105524ジェネラルウィル　　　　　　　　　　  9.4  2.4  5.8  6.0  3.9  9 16.5                           
032211060119102226プラウドオブユー　　　　　　　　　　 21.6  4.7  2.6  4.7  2.5  8  0.0                           
032211060219103400メイショウフィガロ　　　　　　　　　 14.1  3.4  6.5  5.3  3.9  9  8.6  3                        
032211060319103891バルタザール　　　　　　　　　　　　  2.9  1.4 19.9 21.0 13.7 19 13.0                           
032211060419105549モルレー　　　　　　　　　　　　　　  5.3  1.8 14.4 11.5  8.5 14  0.0                           
032211060519103932ノーブルガルフ　　　　　　　　　　　 28.7  6.1  2.4  7.4  3.4  8  0.0                           
032211060619102792スペキュレーター　　　　　　　　　　 44.3  9.0-11.5 -7.4 -6.2 -1  0.0                           
032211060719104817ベアクイーン　　　　　　　　　　　　 40.6  8.3-11.5-10.0 -7.1 -2  0.0                           
032211060819106865アオイアルファワン　　　　　　　　　 15.4  3.6-10.3  6.0 -0.9  4  0.0                           
032211060919102546タイセイエール　　　　　　　　　　　 24.2  5.2 -2.1-10.0 -4.3  1  0.0                           
032211061019106615ウイングスオブラヴ　　　　　　　　　 39.9  8.2 -9.8  8.3  0.1  5  0.0                           
032211061119103950リヤンソウル　　　　　　　　　　　　 42.6  8.7 -9.1-10.5 -6.6 -2  0.0                           
032211061219104004タイキフリード　　　　　　　　　　　 19.4  4.4 -3.6 -4.2 -2.6  2  0.0                           
032211061319100910ゼンノテンバ　　　　　　　　　　　　  4.8  1.7 14.5 15.0  9.9 15 14.2                           
032211061419100194ウインフェリーチェ　　　　　　　　　 41.3  8.4-12.3-10.5 -7.5 -3  0.0                           
032211061519102764ララパラプリュイ　　　　　　　　　　 17.1  3.9  1.6 -2.0 -0.3  5  0.0                           
032211061619103488ジョーカーブラウン　　　　　　　　　  8.4  2.5  7.5 18.1  8.9 14  8.5  1  317  100              
032211070118102096テイエムハヤテオー　　　　　　　　　 26.2  4.9  3.8-10.5 -2.7 17  0.0                           
032211070217100795シングンバズーカ　　　　　　　　　　 31.5  5.7 -7.0 -2.0 -2.8 17  0.0                           
032211070318105495パロットビーク　　　　　　　　　　　  3.6  1.5 18.0 15.8 11.2 31 14.2                           
032211070417102992ペリトモレノ　　　　　　　　　　　　 15.3  3.2 -9.1 -1.7 -3.4 17  0.0                           
032211070518104310アルバミノル　　　　　　　　　　　　  2.6  1.3 21.4 20.0 13.8 34 13.0                           
032211070616105470リゼ　　　　　　　　　　　　　　　　  9.1  2.3  5.8  6.0  3.9 24  8.5                           
032211070718110110アイファーリンクス　　　　　　　　　 26.3  4.9-12.3-10.5 -7.5 12 10.9                           
032211070818104786ライラテソーロ　　　　　　　　　　　 35.7  6.4-11.9 -8.5 -6.7 13  0.0                           
032211070918106612オリアメンディ　　　　　　　　　　　 65.8 11.0 -6.8 -2.0 -2.8 17  0.0                           
032211071018103170スターオブスパーダ　　　　　　　　　 59.9 10.0 -3.4-10.5 -4.9 15  0.0                           
032211071117101475ストレガ　　　　　　　　　　　　　　 38.7  6.9 -6.2-20.0 -9.2 11  0.0                           
032211071218101457アーバンヒーロー　　　　　　　　　　  8.7  2.3  9.9  8.8  6.2 26  0.0                           
032211071318101171トランセンドパスト　　　　　　　　　 13.3  2.8  3.0  2.0  1.6 22  0.0                           
032211071418101299アスクドンキバック　　　　　　　　　 34.3  6.2 -3.4-10.5 -4.9 15  0.0                           
032211071518100122シンゼングレート　　　　　　　　　　 14.7  3.1 -0.5  6.3  2.2 22  0.0                           
032211071618106587キノトクイーン　　　　　　　　　　　 47.9  8.4-11.5-10.0 -7.1 13  0.0                           
032211080118100400サトノディーバ　　　　　　　　　　　 32.5  7.6-10.1  6.0 -0.8 19  0.0                           
032211080218104762キャニオニング　　　　　　　　　　　 20.6  5.2  1.3-10.0 -3.3 17  0.0                           
032211080317101451ウインローズブーケ　　　　　　　　　 20.2  5.1 -9.1-10.5 -6.6 13  0.0                           
032211080418102146コスモホクシン　　　　　　　　　　　 30.8  7.3 -6.6  0.8 -1.7 18  0.0                           
032211080518101300ドラミモン　　　　　　　　　　　　　  8.0  2.6  5.4  7.9  4.5 25  0.0                           
032211080617102084ヒルノアントラ　　　　　　　　　　　 33.1  7.7 -7.8-10.5 -6.2 14 13.8                           
032211080718103832バルネージュ　　　　　　　　　　　　127.6 27.3-11.5-20.0-10.8  9  0.0                           
032211080818101562カフジアスール　　　　　　　　　　　 12.0  3.3  5.7  9.3  5.1 25  0.0                           
032211080918105996サムハンター　　　　　　　　　　　　 13.0  3.5-10.0  3.3 -1.8 18  0.0                           
032211081018104730シャドウエリス　　　　　　　　　　　  7.9  2.6 13.5 22.0 12.1 32  8.1  4                        
032211081118105258バンベルク　　　　　　　　　　　　　  7.5  2.5  8.3 -2.5  1.6 22  7.9                           
032211081218105511シングマイハート　　　　　　　　　　  8.4  2.7  8.0  7.5  5.2 25  9.7                           
032211081318102144マイネルパリオート　　　　　　　　　  5.5  2.1 14.0  4.2  5.7 26  0.0  4                        
032211081416105049アルジェンタータ　　　　　　　　　　 50.3 11.4-13.8-20.0-11.5  9  0.0  0                        
032211081517101940レットミーアウト　　　　　　　　　　  3.9  1.7 13.9  9.0  7.5 27 13.0                           
032211081618101160ライトオブワールド　　　　　　　　　 24.2  5.8-12.3-10.5 -7.5 12  0.0                           
032211090118105021グルーヴビート　　　　　　　　　　　 17.8  4.3 -3.5 10.1  2.7 23 10.9                           
032211090218101630ウインチェレステ　　　　　　　　　　  7.3  2.3 15.9 23.3 13.3 33  8.1  1  239   67              
032211090318106565ブレーヴソウル　　　　　　　　　　　 43.9  9.6-11.5-10.0 -7.1 13  0.0                           
032211090417105667トランシルヴァニア　　　　　　　　　 50.3 10.9-11.9 -3.3 -4.8 15  0.0                           
032211090518106663エアミアーニ　　　　　　　　　　　　  3.9  1.7 15.1 10.8  8.5 28  6.7                           
032211090618105344トピックス　　　　　　　　　　　　　 33.3  7.4 -6.4-20.0 -9.3 11  0.0  0                        
032211090718104569デルマアシュラ　　　　　　　　　　　  7.5  2.4  8.6 14.0  7.7 28 17.7                           
032211090816103386コスモミローディア　　　　　　　　　 39.0  8.6-11.5-20.0-10.8  9  0.0                           
032211090918105073サトノスカイターフ　　　　　　　　　 13.1  3.4 -8.1-10.8 -6.4 14  0.0  0                        
032211091018104591サウンドウォリアー　　　　　　　　　  6.4  2.1  9.8 -0.5  2.8 23  0.0                           
032211091118102040ヴィヴァン　　　　　　　　　　　　　  4.5  1.8 15.2 13.0  9.3 29  0.0  3                        
032211091218103186セイウンゴールド　　　　　　　　　　 16.4  4.1  1.5 10.0  4.1 24  0.0                           
032211091318103603グラヴィテ　　　　　　　　　　　　　 37.6  8.3-12.3-10.5 -7.5 12  0.0                           
032211091415105440ザスリーサーティ　　　　　　　　　　 12.0  3.1  6.1  4.3  3.4 23  9.7                           
032211091517105179アウサンガテ　　　　　　　　　　　　 23.3  5.4 -4.0-10.5 -5.1 15  0.0                           
032211100118100696アルバーシャ　　　　　　　　　　　　  6.0  1.9  7.5 14.0  7.4 37  0.0                           
032211100217100389マベルロンジュ　　　　　　　　　　　  4.0  1.6 14.2 15.0  9.8 40  7.3                           
032211100318100924ノットイェット　　　　　　　　　　　 30.6  6.3-11.9-10.4 -7.4 23  0.0                           
032211100418103730タイセイドリーマー　　　　　　　　　 35.5  7.2-10.0-10.1 -6.7 23  0.0                           
032211100518100545トーホウバロン　　　　　　　　　　　  8.4  2.4 11.8  8.3  6.6 37  9.2                           
032211100618104395ボーンジーニアス　　　　　　　　　　  3.2  1.4 23.0  3.8  8.3 38 13.0                           
032211100718103507イヤサカ　　　　　　　　　　　　　　 11.3  2.8 11.4 12.0  7.8 38 10.3                           
032211100816104728サンサルドス　　　　　　　　　　　　  8.0  2.3  5.0  6.3  3.8 34  8.1                           
032211100917101525ネオストーリー　　　　　　　　　　　 33.6  6.9-15.0-10.0 -8.2 22  0.0                           
032211101017105500エカテリンブルク　　　　　　　　　　 22.0  4.7 -8.1-10.5 -6.3 24  0.0                           
032211101116104998アスティ　　　　　　　　　　　　　　  8.3  2.4  2.9  6.0  3.1 33  0.0                           
032211101216103275モイ　　　　　　　　　　　　　　　　 20.1  4.4 -8.1-10.5 -6.3 24  0.0                           
032211110118101125ミラーウォーカーズ　　　　　　　　　 18.6  4.1 -4.6-20.0 -8.7 26  0.0                           
032211110215103845スーパーアキラ　　　　　　　　　　　 43.1  8.5-11.5 -3.2 -4.6 30  0.0                           
032211110318105067ゴールドチャリス　　　　　　　　　　 58.5 11.1 -7.1-10.5 -6.0 29  0.0                           
032211110418106560メイショウヒューマ　　　　　　　　　  7.6  2.2 11.0 17.0  9.5 45  0.0                           
032211110517110146ジゲン　　　　　　　　　　　　　　　  3.3  1.5 15.6 15.8 10.5 45 13.0                           
032211110617104130ナイトブリーズ　　　　　　　　　　　  8.4  2.4  9.8  3.5  4.2 39  0.0                           
032211110717104552ベイビーボス　　　　　　　　　　　　 14.0  3.3  6.1  4.8  3.6 39 10.3                           
032211110816110161カフェクラウン　　　　　　　　　　　 32.8  6.7-11.5-11.8 -7.8 27  0.0  0                        
032211110917102371カーテンコール　　　　　　　　　　　 13.5  3.2  2.0  2.3  1.4 36  9.2  0                        
032211111013105645ジオラマ　　　　　　　　　　　　　　 17.5  3.9 -6.3-10.5 -5.7 29  0.0                           
032211111114105066ラホーヤノキセキ　　　　　　　　　　 13.4  3.2 12.7 -2.5  2.9 38  0.0                           
032211111217103170メイショウヒバリ　　　　　　　　　　 81.3 15.1-12.3-10.5 -7.5 27  0.0                           
032211111317104067タマモティータイム　　　　　　　　　 63.9 12.0 -6.6-11.5 -6.2 29  0.0                           
032211111417103616ワルツフォーラン　　　　　　　　　　  3.7  1.6 22.4  3.0  7.8 43 14.2                           
032211111515101377サンライズセナ　　　　　　　　　　　 19.2  4.2-12.3-10.5 -7.5 27  0.0                           
032211111616100630トモジャドット　　　　　　　　　　　 27.1  5.6 -9.8-15.5 -8.6 26  0.0                           
032211120118102813リキサンハート　　　　　　　　　　　 12.4  2.8 11.4  8.5  6.5 27  0.0                           
032211120217105444レミニシェンザ　　　　　　　　　　　 16.5  3.5  5.6 10.5  5.5 26  0.0                           
032211120317101761ラブロッソー　　　　　　　　　　　　 23.2  4.6  9.3 -2.0  2.1 22  0.0                           
032211120418104796レヴィーアクイーン　　　　　　　　　 13.8  3.0 -7.4-10.5 -6.1 14  0.0                           
032211120518105276リアンクール　　　　　　　　　　　　  2.7  1.3 23.2 21.0 14.7 35 13.0                           
032211120617103334ルミナスナイト　　　　　　　　　　　 45.2  8.3-11.5 29.2  7.3 27 13.8  1  209   33              
032211120718106606ビーマイセルフ　　　　　　　　　　　  3.9  1.5 14.5  5.8  6.5 26  7.3                           
032211120818105087ルージュアリュール　　　　　　　　　 38.4  7.1-12.3-10.5 -7.5 12  0.0                           
032211120916102040ウインホノカ　　　　　　　　　　　　 28.8  5.5 -7.5-20.0 -9.6 10  0.0  0                        
032211121018103135トロンアゲイン　　　　　　　　　　　  5.0  1.6 13.0 10.5  7.8 28 15.3                           
032211121118102417ウィズザワールド　　　　　　　　　　 32.6  6.1 -4.8 -1.3 -1.9 18  0.0  4                        
032211121218103973アデウス　　　　　　　　　　　　　　 34.2  6.4 -6.3 -0.7 -2.1 18  0.0                           
032211121318105368ベストシンガー　　　　　　　　　　　 28.5  5.5 -5.8  7.1  0.9 21  0.0  5                        
032211121417100034アポロリリー　　　　　　　　　　　　 19.9  4.1 -3.6 -7.2 -3.7 16  0.0                           
032211121517104945メデタシメデタシ　　　　　　　　　　 50.5  9.2-11.5-10.0 -7.1 13  0.0                           
062237010119102561ジューンキララ　　　　　　　　　　　101.6 20.6-12.9-10.1 -7.6 -3  0.0                           
062237010219105907ピンクコーラル　　　　　　　　　　　154.1 30.8-13.0 -8.6 -7.1 -2  0.0                           
062237010319106167スマートロータス　　　　　　　　　　 96.5 19.6-11.6 -9.7 -7.0 -2  0.0                           
062237010419103046サテンスキー　　　　　　　　　　　　114.3 23.1-12.1-11.6 -7.9 -3  0.0                           
062237010519103071マテンロウボイス　　　　　　　　　　 13.1  3.3  4.0  9.6  4.7 10  0.0                           
062237010619101671モンサンレジャンド　　　　　　　　　  5.4  1.9  7.2 10.3  5.9 11 10.1                           
062237010719102439ラッキーガブリエル　　　　　　　　　  5.2  1.9 11.3  8.3  6.4 11  9.4                           
062237010819105799ホウオウポケット　　　　　　　　　　122.9 24.7-11.6-14.5 -8.8 -4  0.0  0                        
062237010919101577フィエルボワ　　　　　　　　　　　　 18.1  4.4-10.3 -2.7 -4.1  1  0.0                           
062237011019104685ルージュブラゾン　　　　　　　　　　  7.8  2.4 14.1 29.9 15.2 20 21.7                           
062237011119102155スンヌンタイ　　　　　　　　　　　　  4.1  1.7 15.8 23.2 13.2 18  8.6                           
062237011219106201ムーンティアラ　　　　　　　　　　　 52.3 11.2-12.1 -8.0 -6.6 -2  0.0                           
062237011319105742ルピコラ　　　　　　　　　　　　　　 17.4  4.2 -3.0  4.6  0.8  6  0.0                           
062237011419105739ルナエルモッサ　　　　　　　　　　　 18.1  4.4  3.3  1.3  1.5  6  0.0                           
062237011519104128クイーンアポーン　　　　　　　　　　  4.0  1.6 14.8 10.8  8.4 13  8.0                           
062237011619105015トーアリバティー　　　　　　　　　　 17.5  4.2  5.2  6.0  3.8  9  0.0                           
062237020119103131フクノラヴァル　　　　　　　　　　　  6.6  2.1 12.9 10.5  7.7 13 10.8                           
062237020219101531アウゲンブリック　　　　　　　　　　  3.9  1.6 12.7  9.0  7.1 12 17.3                           
062237020319104222パフオブウインド　　　　　　　　　　  5.0  1.7 13.8  6.9  6.7 12 10.1                           
062237020419100119コウユーパパニニテ　　　　　　　　　 46.6  9.5-12.1-10.0 -7.3 -2  0.0                           
062237020519103527ジャストビギニング　　　　　　　　　 66.8 13.0-14.7-15.5-10.1 -5  0.0  0                        
062237020619106453ショウナンカンキ　　　　　　　　　　 20.4  4.6 -7.6  6.1  0.0  5  0.0                           
062237020719103937メルト　　　　　　　　　　　　　　　 19.6  4.4  4.3  1.9  2.0  7  0.0                           
062237020819107013ギンザデノムオトコ　　　　　　　　　 31.6  6.6-11.6-10.0 -7.1 -2  0.0                           
062237020919101914リングストゥワイス　　　　　　　　　  3.5  1.5 18.3 13.2 10.3 15  8.0                           
062237021019103219ブレイクザアイス　　　　　　　　　　 23.7  5.1 -1.7  7.7  2.3  7  0.0                           
062237021119100981タイセイマイスター　　　　　　　　　  5.0  1.7 15.1 15.0 10.0 15  9.4                           
062237021219109053グランシャーク　　　　　　　　　　　 20.2  4.6 -2.9 -0.3 -1.0  4  0.0  5                        
062237021319100121アローゴールド　　　　　　　　　　　 80.3 15.5-12.9-10.1 -7.6 -3  0.0                           
062237030119102271ペルペテュエル　　　　　　　　　　　 14.5  3.3 -6.1  6.5  0.6  6  0.0                           
062237030219103063カイタロー　　　　　　　　　　　　　  4.3  1.5 18.3 10.4  9.3 14 18.8                           
062237030319100840キタノポーションズ　　　　　　　　　 98.7 17.8-11.6-13.4 -8.4 -3  0.0                           
062237030419102102ゲキザル　　　　　　　　　　　　　　  3.4  1.4 14.1 10.5  8.1 13 17.3                           
062237030519106653コパノランサー　　　　　　　　　　　 50.9  9.8 -8.1  6.5  0.0  5  0.0                           
062237030619104174クォーツ　　　　　　　　　　　　　　103.2 18.6-11.6-13.4 -8.4 -3  0.0                           
062237030719106471アイファーヴァンズ　　　　　　　　　 75.2 13.7-12.6 -3.1 -4.9  0  0.0                           
062237030819100891リーディングラン　　　　　　　　　　 16.9  3.7  5.5  7.3  4.3  9  0.0                           
062237030919104146クラーラ　　　　　　　　　　　　　　108.8 19.6-11.6 -3.5 -4.8  0  0.0                           
062237031019103685サンブルッキングズ　　　　　　　　　 17.9  3.9  3.7  7.3  3.8  9  0.0                           
062237031119103517ディージェーサン　　　　　　　　　　  3.4  1.4 20.4 11.6 10.4 15  8.0                           
062237031219103865オウケンマックイン　　　　　　　　　 52.0 10.0-11.6-13.2 -8.3 -3  0.0                           
062237031319102286アイパラドックス　　　　　　　　　　 67.2 12.3-11.6-10.0 -7.1 -2  0.0                           
062237031419102934スターオブフェイス　　　　　　　　　  5.8  1.8 12.0  3.2  4.8 10 10.1                           
062237031519100923ジェイケイボニータ　　　　　　　　　 33.7  6.7 -3.3 -0.8 -1.3  4  0.0                           
062237031619100878パンタナル　　　　　　　　　　　　　 19.2  4.2 -1.0-13.8 -5.4  0  0.0                           
062237040119101868パーペチュイティ　　　　　　　　　　 11.0  2.4 11.4 13.9  8.5 14 10.1                           
062237040219102312エターナルプライド　　　　　　　　　 49.7  8.4-10.6 -3.3 -4.4  1  0.0  0                        
062237040319102163フォーワンセルフ　　　　　　　　　　  3.9  1.4 17.5  6.9  7.8 13  9.4                           
062237040419102726ムジョウ　　　　　　　　　　　　　　 28.2  5.1-12.1-10.0 -7.3 -2  0.0                           
062237040519104624エコログロリアス　　　　　　　　　　  3.1  1.3 13.2 16.9 10.2 15  8.6                           
062237040619101394リトルウイナー　　　　　　　　　　　 44.2  7.5-14.7 -3.1 -5.5 -1  0.0                           
062237040719103344ブルーシグナル　　　　　　　　　　　 24.2  4.4 -6.1  5.2  0.1  5 13.0                           
062237040819100158グレースミューズ　　　　　　　　　　 47.4  8.0-14.7 -9.8 -8.0 -3  0.0                           
062237040919102826テイエムナイスラン　　　　　　　　　 17.3  3.4  9.7  8.0  5.8 11  0.0                           
062237041019103140キタノズーナクア　　　　　　　　　　 18.3  3.6  7.0  9.4  5.5 11  0.0  5                        
062237041119103925ブルーバレル　　　　　　　　　　　　 81.7 13.1-14.7-14.1 -9.6 -5  0.0                           
062237041219105651ナックメジャー　　　　　　　　　　　 22.1  4.1 -1.9 -1.1 -1.0  4  0.0                           
062237041319104773ディープグラビティ　　　　　　　　　  2.7  1.2 18.8 25.7 15.1 20 15.9                           
062237050119103230ダイメイミライ　　　　　　　　　　　 18.1  3.6 -3.6 17.9  5.5 10  0.0                           
062237050219101606ゴールデンヨシノ　　　　　　　　　　 17.2  3.5  7.2  8.2  5.2 10  0.0                           
062237050319104159カヨウネンカ　　　　　　　　　　　　  2.6  1.3 19.5 23.8 14.6 20 15.9                           
062237050419106544ランビリズマ　　　　　　　　　　　　 36.5  6.6-12.1-10.0 -7.3 -2  0.0                           
062237050519106811モーリスマイナー　　　　　　　　　　206.6 33.2-12.1-10.0 -7.3 -2  0.0                           
062237050619104925フクチャンクイーン　　　　　　　　　 38.0  6.8-10.3 -1.0 -3.5  2  0.0                           
062237050719101482キーファクター　　　　　　　　　　　117.5 19.2-11.6 -8.7 -6.7 -2  0.0                           
062237050819110017カナラクリーク　　　　　　　　　　　 18.4  3.7 -1.6 -2.9 -1.5  3  0.0                           
062237050919105381ベストフィーリング　　　　　　　　　  3.5  1.4 18.3 22.0 13.6 19 17.3                           
062237051019100384スペースシャワー　　　　　　　　　　 35.0  6.3 -8.4-15.0 -8.0 -3  0.0                           
062237051119106503ソレントフレイバー　　　　　　　　　  9.5  2.4 10.9  5.2  5.2 10  0.0                           
062237051219100944ベルウッドツクバ　　　　　　　　　　 20.1  4.0  0.4 10.4  3.9  9  0.0                           
062237051319102559クインズステラ　　　　　　　　　　　 14.0  3.0  3.7-11.5 -3.1  2 21.7                           
062237051419104532ロータスペトル　　　　　　　　　　　  6.0  1.8  9.4 18.3  9.5 15  0.0                           
062237051519103180シュネーシュテルン　　　　　　　　　130.5 21.2-12.1 -9.8 -7.2 -2  0.0                           
062237051619100204ウインソフィー　　　　　　　　　　　 48.2  8.5 -8.5-10.0 -6.2 -1  0.0                           
062237060119100586マコトダイトウレン　　　　　　　　　 18.4  4.4  1.9  8.5  3.7 24  0.0                           
062237060219105478ハイアムズビーチ　　　　　　　　　　  3.0  1.5 19.2 25.0 14.9 35  7.9A 2                        
062237060319100132ペイシャカレン　　　　　　　　　　　 35.9  7.8-12.1 -9.7 -7.2 13  0.0                           
062237060419104288ピカリエ　　　　　　　　　　　　　　 61.5 12.6-11.6 -0.9 -3.8 16  0.0                           
062237060519104078メイショウグラニー　　　　　　　　　  9.0  2.7 11.8  3.4  4.8 25  0.0                           
062237060619107075ブランデーロック　　　　　　　　　　  8.3  2.5 10.1  6.9  5.6 26 10.9                           
062237060719101903ブレスレスリー　　　　　　　　　　　  6.0  2.1 12.9 10.4  7.7 28  0.0                           
062237060819103815スマイルアップ　　　　　　　　　　　 38.8  8.4-10.3 13.8  2.0 22  0.0  1  204   40              
062237060919102736イルザ　　　　　　　　　　　　　　　 19.2  4.6 -3.8-10.0 -4.8 15 14.4                           
062237061019109140ヒノクニ　　　　　　　　　　　　　　108.2 21.7-12.1-10.0 -7.3 13  0.0                           
062237061119101776ミツカネプルート　　　　　　　　　　 37.2  8.1-12.1 -9.8 -7.2 13  0.0                           
062237061219103010オードゥメール　　　　　　　　　　　 13.0  3.3  7.8  7.6  5.1 25  0.0                           
062237061319102759オレタチハツヨイ　　　　　　　　　　 40.2  8.7-11.6-10.8 -7.4 13  0.0                           
062237061419104871ウェストファリア　　　　　　　　　　 13.9  3.5  9.1  8.9  6.0 26 13.0                           
062237061519100688スウィートプロミス　　　　　　　　　  8.2  2.5 14.0  5.8  6.3 26 20.2                           
062237061619102041アドヴァイス　　　　　　　　　　　　  8.2  2.5  7.1 -5.6  0.1 20  0.0                           
062237070117102952マイネルクロンヌ　　　　　　　　　　 33.1  6.7-12.1 -2.0 -4.4 16  0.0                           
062237070218104957エクスインパクト　　　　　　　　　　 12.4  3.0  6.0 11.5  6.0 26 10.8                           
062237070317105387カトゥルスフェリス　　　　　　　　　  3.0  1.4 18.1 17.5 11.8 32  8.0                           
062237070417104690パーディシャー　　　　　　　　　　　 14.6  3.3  4.5  7.9  4.2 24  0.0                           
062237070518102172マイネルマーティン　　　　　　　　　  4.2  1.5 13.3 25.7 13.4 33  9.4                           
062237070618104932アスクヒーロー　　　　　　　　　　　  4.1  1.5 16.5 20.1 12.3 32 17.3                           
062237070718104070セルジュ　　　　　　　　　　　　　　  6.6  2.0 13.4  7.7  6.8 27  0.0                           
062237070816102904ボンベール　　　　　　　　　　　　　 26.6  5.5 -9.8-10.0 -6.6 13  0.0                           
062237070917105619ヴォリアーモ　　　　　　　　　　　　 24.7  5.1 -9.4 -8.9 -6.1 14 13.8  0                        
062237071018104711エトワールマタン　　　　　　　　　　 15.5  3.5  0.5  7.1  2.8 23  0.0                           
062237071118102151マイネルヒッツェ　　　　　　　　　　 15.9  3.6 -4.8  8.3  1.6 22  0.0                           
062237080118104640コモレビキラリ　　　　　　　　　　　  5.6  2.1 16.2 20.7 12.4 42 20.2                           
062237080218100403エレファンティネ　　　　　　　　　　 44.5 10.6-11.6-14.2 -8.7 21  0.0                           
062237080318102464クロノフルール　　　　　　　　　　　 15.8  4.2  0.3  7.1  2.7 33  0.0                           
062237080418105460プレフェリータ　　　　　　　　　　　 29.4  7.2 -6.5-14.8 -7.4 23  0.0  0                        
062237080517101162サツキマス　　　　　　　　　　　　　 69.4 15.7-12.1-14.6 -9.0 21  0.0  0                        
062237080613103792オンリーワンスター　　　　　　　　　 22.0  5.6  3.2 -7.9 -1.9 28 13.8                           
062237080718103574アイスリアン　　　　　　　　　　　　  4.8  1.9  8.8  9.9  6.3 36 15.9                           
062237080817105828トリッチトラッチ　　　　　　　　　　 27.1  6.7-12.1-12.5 -8.2 22  0.0                           
062237080918106285マーチリリー　　　　　　　　　　　　  7.8  2.6 -1.8 -2.7 -1.5 28  0.0                           
062237081016103953アイアムピッカピカ　　　　　　　　　 42.7 10.2-11.6 -2.1 -4.3 26  0.0                           
062237081117100956セントクリーガー　　　　　　　　　　 57.6 13.1-12.9-10.1 -7.6 22  0.0                           
062237081218102587チャペルレーン　　　　　　　　　　　  5.3  2.0 10.6 12.6  7.8 38  0.0                           
062237081318102264アシタバ　　　　　　　　　　　　　　  9.2  3.0  1.8 14.4  5.8 36  0.0                           
062237081417103167ハギノオーロ　　　　　　　　　　　　 78.8 17.8 -9.9-12.8 -7.7 22  0.0                           
062237081518104644スターリングワース　　　　　　　　　  5.4  2.0 15.8 10.2  8.5 38  0.0                           
062237081618105877マイステージ　　　　　　　　　　　　 11.0  3.2  8.2 23.7 11.1 41 12.2                           
062237090119101605エンギダルマ　　　　　　　　　　　　  3.1  1.3 15.2 18.0 11.2 31 17.3                           
062237090219104491ミッキーブンブン　　　　　　　　　　 17.7  3.0  5.4  7.7  4.4 24  0.0                           
062237090319105807ルークスヘリオス　　　　　　　　　　  8.7  2.0  6.3  7.7  4.7 25  0.0                           
062237090419100792マイネルクリソーラ　　　　　　　　　 16.5  2.9-12.1  9.3 -0.2 20  0.0                           
062237090519104981レッドランメルト　　　　　　　　　　  7.9  1.8 10.2  9.9  6.7 27  0.0                           
062237090619102178サノラキ　　　　　　　　　　　　　　 19.5  3.3 -8.8 -0.6 -2.9 17  0.0                           
062237090719104586リュミエールノワル　　　　　　　　　 28.3  4.4 -4.1  8.5  1.9 22  0.0                           
062237090819105552ローシャムパーク　　　　　　　　　　  2.1  1.2 21.5 20.0 13.8 34 15.9                           
062237090919101422サンストックトン　　　　　　　　　　  7.9  1.8 18.7  5.3  7.6 28 18.8                           
062237100117105615アテナノワール　　　　　　　　　　　 19.4  4.2 -8.8 -8.7 -5.8 29  0.0                           
062237100213104137シベリウス　　　　　　　　　　　　　 56.6 10.7-13.0-10.0 -7.6 27  0.0                           
062237100318104646オンザライン　　　　　　　　　　　　  3.4  1.5 20.1 15.8 11.8 47  8.0                           
062237100414104550グラスブルース　　　　　　　　　　　 28.6  5.9 -3.2  5.2  0.9 36  0.0                           
062237100518102260サンライズウルス　　　　　　　　　　  5.3  1.8 18.2 11.8  9.8 45 18.8                           
062237100617100811デルマオニキス　　　　　　　　　　　 23.5  4.9 -3.4 -1.6 -1.6 33  0.0                           
062237100717103942テリオスベル　　　　　　　　　　　　 10.7  2.6  8.5 14.2  7.8 43  0.0  3                        
062237100818100474ナリタフォルテ　　　　　　　　　　　  7.0  2.1  7.8  7.2  5.0 40 10.1                           
062237100917102676カフェスペランツァ　　　　　　　　　 11.8  2.8  3.4  8.1  4.0 39  0.0                           
062237101017105012チェルアルコ　　　　　　　　　　　　 30.8  6.3-12.9-10.1 -7.6 27  0.0                           
062237101117105506トラモント　　　　　　　　　　　　　  3.6  1.5 16.6 22.4 13.2 48 17.3  2                        
062237101217104137コパノリッチマン　　　　　　　　　　 12.3  2.9 -0.9 -1.0 -0.6 34  0.0                           
062237110115104144ブラゾンダムール　　　　　　　　　　  3.6  1.3 16.1 21.2 12.6 48  9.4                           
062237110212103532マイネルレオーネ　　　　　　　　　　 15.6  3.0  5.5  8.5  4.8 40  0.0                           
062237110316104832マイサンシャイン　　　　　　　　　　 15.1  2.9  1.9  3.6  1.9 37 10.9                           
062237110417104721サトノパシュート　　　　　　　　　　 32.1  5.4 -6.9-10.1 -5.8 29  0.0                           
062237110512100683マイネルプロンプト　　　　　　　　　 24.2  4.2 -4.0 -7.9 -4.1 31  0.0                           
062237110613106474ケンホファヴァルト　　　　　　　　　  3.5  1.3 23.1 17.5 13.3 48  8.7                           
062237110711101125オジュウチョウサン　　　　　　　　　  2.3  1.2 20.9 23.4 14.9 50 15.9                           
062237110817101376ビレッジイーグル　　　　　　　　　　  7.7  2.0  9.6  6.0  5.1 40 10.1                           
062237110915100493キタノテイオウ　　　　　　　　　　　 40.3  6.6-12.1 -8.7 -6.8 28  0.0                           
062237120118102290ブルーカルセドニー　　　　　　　　　  4.1  1.7 19.8 22.3 14.1 44  8.0                           
062237120216102412ヨンク　　　　　　　　　　　　　　　  4.9  1.9 18.2  9.4  8.9 39  8.6  5                        
062237120318106035コスモコラッジョ　　　　　　　　　　  5.6  2.0  4.6 13.0  6.1 36  9.4                           
062237120418100074マイネルタイムリー　　　　　　　　　 28.8  6.7  0.8 -9.8 -3.4 27 15.9                           
062237120518106144レオカクテル　　　　　　　　　　　　 15.8  4.0 -6.3 -6.3 -4.2 26 12.2  0                        
062237120617101877マイネルイリャルギ　　　　　　　　　 19.6  4.9 -2.6  7.7  2.0 32  0.0                           
062237120717102593ナーシサステソーロ　　　　　　　　　 35.6  8.2-12.6-14.1 -8.9 21  0.0                           
062237120818104611スクリーンプロセス　　　　　　　　　 22.0  5.3 -8.5-12.8 -7.2 23  0.0                           
062237120917104232ディアセオリー　　　　　　　　　　　 12.4  3.3  1.6-13.8 -4.6 25  0.0                           
062237121018101141テイルウインド　　　　　　　　　　　 36.0  8.2-11.6-10.8 -7.4 23  0.0                           
062237121117104776ジュールサイクル　　　　　　　　　　 23.7  5.7-12.1 -3.7 -5.0 25  0.0                           
062237121216105167ゴールドフレーム　　　　　　　　　　 13.8  3.6  5.5 29.9 12.6 43  0.0  1  184   60              
062237121317102043ファイヴレター　　　　　　　　　　　 29.3  6.8  1.9  9.3  4.0 34  0.0  5                        
062237121418105419トーセンインパルス　　　　　　　　　 21.0  5.2 -8.2 11.5  1.8 32  0.0                           
062237121518100440クリーンドリーム　　　　　　　　　　  6.1  2.1 12.0  0.2  3.7 34 10.1                           
062237121614106348マイネルレンカ　　　　　　　　　　　 50.5 11.3-10.3-10.0 -6.8 23  0.0                           
092227010119102397クリノレイチェル　　　　　　　　　　 62.2 11.7-11.6 -9.5 -7.1 -2  0.0                           
092227010219103748ネクストリーダー　　　　　　　　　　 35.7  7.2 -6.4 -1.9 -2.9  2  0.0                           
092227010319102316エスペシャルストア　　　　　　　　　 27.7  5.7-11.6-10.2 -7.3 -2  0.0                           
092227010419103965ピンクムーン　　　　　　　　　　　　 22.9  4.9  5.8 -3.9  1.0  6  0.0                           
092227010519100604ヤマニンアンフィル　　　　　　　　　 39.0  7.8-11.6-14.2 -8.5 -4  0.0                           
092227010619100451メルシー　　　　　　　　　　　　　　 23.7  5.0 -3.8 -1.7 -1.9  3 26.5                           
092227010719101180パルフェグラッセ　　　　　　　　　　 16.9  3.8  6.2 12.6  6.1 11  0.0                           
092227010819105631ビーストアタック　　　　　　　　　　  4.9  1.7 13.8 16.4 10.0 15  0.0                           
092227010919104921ルージュラピュセル　　　　　　　　　 34.5  7.0 -8.1-13.6 -7.1 -2  0.0                           
092227011019105528デームフォーチュン　　　　　　　　　 24.6  5.2 -6.1 -1.0 -2.5  2  0.0                           
092227011119100635ラニカイ　　　　　　　　　　　　　　  3.1  1.4 19.5 22.5 13.9 19 11.3                           
092227011219103335シルバーリング　　　　　　　　　　　  6.4  2.0  9.8  6.8  5.6 11  0.0                           
092227011319105417ベルアクトリス　　　　　　　　　　　 15.4  3.5  0.7  8.2  2.7  8 22.1                           
092227011419106586エリザベスミノル　　　　　　　　　　  4.0  1.5 11.1 26.3 12.0 17 17.7  1  162   57              
092227011519104043ウォーターアイアイ　　　　　　　　　 39.4  7.9-11.6-14.1 -8.5 -3  0.0                           
092227011619106964クリノサンバ　　　　　　　　　　　　109.1 20.1-11.6-14.9 -8.7 -4  0.0  0                        
092227020119102319テーオーパルフェ　　　　　　　　　　  7.1  2.0  9.5  7.0  5.6 11  0.0                           
092227020219106592ディープチェッカー　　　　　　　　　 59.0 10.2-11.8-15.4 -8.9 -4  0.0  0                        
092227020319104849レッドデクスター　　　　　　　　　　  4.1  1.4 18.0 18.3 12.1 17 19.1                           
092227020419103731エイシングラス　　　　　　　　　　　 47.4  8.5  0.1  2.4  0.8  6  0.0                           
092227020519102313ミステリーボックス　　　　　　　　　 20.4  4.1 -2.2  4.3  0.5  5  0.0                           
092227020619104120トップブリランテ　　　　　　　　　　 18.4  3.8  3.4 13.1  5.2 10  0.0                           
092227020719101243キタノダロマ　　　　　　　　　　　　 42.8  7.8-10.3-12.7 -7.6 -3  0.0  0                        
092227020819104220レーダーベクター　　　　　　　　　　 88.9 15.0-11.6 -9.5 -7.1 -2  0.0                           
092227020919104130シゲルクジラ　　　　　　　　　　　　 50.8  9.1-11.6  2.6 -3.5  2  0.0  0                        
092227021019106856カバロプレト　　　　　　　　　　　　 34.1  6.3-11.6-10.2 -7.3 -2  0.0                           
092227021119104593アトランティス　　　　　　　　　　　  2.6  1.3 18.6 16.2 11.7 17 16.2                           
092227021219104587ハヤブサウィッシュ　　　　　　　　　 20.3  4.1  8.3 11.1  6.4 11  0.0                           
092227021319103679クラップアンドチア　　　　　　　　　 34.6  6.4 -7.2 -9.3 -5.4  0 28.0                           
092227021419105029ロックバウンド　　　　　　　　　　　  3.8  1.4 15.0 11.2  8.9 14 12.4                           
092227021519102095テイエムキャット　　　　　　　　　　 90.1 15.2 -9.1-14.7 -7.7 -3  0.0                           
092227021619105679ブタンタン　　　　　　　　　　　　　 98.4 16.5-11.8-12.7 -8.1 -3  0.0  0                        
092227030119101588キンザン　　　　　　　　　　　　　　 37.1  6.3  2.2 -3.7 -0.3  5  0.0                           
092227030219101200リンドラゴ　　　　　　　　　　　　　  3.3  1.4 20.3 19.9 13.4 18 17.7                           
092227030319106499バンクロール　　　　　　　　　　　　 18.5  3.5 -4.9 -3.8 -2.9  2  0.0                           
092227030419106484ディーズルージュ　　　　　　　　　　 18.5  3.5  4.1-14.1 -2.7  2  0.0                           
092227030519100687シンギングロード　　　　　　　　　　 32.7  5.6 -9.5-11.3 -6.9 -2  0.0                           
092227030619106972ロストボール　　　　　　　　　　　　 73.5 11.5-11.6-10.2 -7.3 -2  0.0                           
092227030719104543リオレ　　　　　　　　　　　　　　　 25.7  4.6 -8.4 -4.6 -4.5  1  0.0                           
092227030819103236テイエムヒマラヤ　　　　　　　　　　  2.5  1.3 19.3 18.7 12.7 18 16.2                           
092227030919101001ディービースクエア　　　　　　　　　 42.3  7.1-11.6-10.2 -7.3 -2  0.0                           
092227031019101901ブランクペイジ　　　　　　　　　　　 28.3  5.0 -6.1-11.3 -5.6 -1  0.0                           
092227031119102802ワンダーデュエル　　　　　　　　　　 18.5  3.5 -6.0 -4.2 -3.5  2 15.4                           
092227031219102786ウォータールグラン　　　　　　　　　  8.7  2.2  9.6  3.4  4.5 10  0.0                           
092227031319105247ロカビリークイッフ　　　　　　　　　 36.4  6.2-11.6-11.8 -7.8 -3  0.0  0                        
092227031419106487ワンスマイル　　　　　　　　　　　　 50.2  8.3 -7.1-10.8 -5.8 -1  0.0                           
092227031519102674マテラハチイチ　　　　　　　　　　　  7.0  1.9 10.3 13.0  7.7 13 19.1                           
092227031619104301モンシュヴァル　　　　　　　　　　　152.4 23.2-11.6-18.5 -9.8 -5  0.0  0                        
092227040119101550ツーエムロケット　　　　　　　　　　 50.7  9.4-10.3-15.4 -8.4 -3  0.0  0                        
092227040219103856ヒラボクロマネ　　　　　　　　　　　  8.0  2.2  9.8 13.5  7.6 13  0.0                           
092227040319104832ブレッシングクライ　　　　　　　　　  7.9  2.2 11.7  8.7  6.9 12 14.4                           
092227040419104460オブジェダート　　　　　　　　　　　  6.1  1.9 14.8  8.7  8.0 13 17.7                           
092227040519101316ナムラハルク　　　　　　　　　　　　 76.9 13.6-11.8-14.3 -8.6 -4  0.0                           
092227040619105711サンウエストウッド　　　　　　　　　 37.1  7.1 -8.8 -9.6 -6.1 -1  0.0                           
092227040719102028セルリアンルネッタ　　　　　　　　　 56.1 10.1-11.6 -9.0 -7.0 -2  0.0                           
092227040819105263ナイトダイバー　　　　　　　　　　　 80.0 14.1-11.6-13.5 -8.3 -3  0.0                           
092227040919104910グローレジェンド　　　　　　　　　　 16.2  3.5  5.1 -1.6  1.4  6  0.0                           
092227041019104822キングレガリア　　　　　　　　　　　 28.7  5.6 -2.4 -4.6 -2.3  3  0.0                           
092227041119104463フォートウィリアム　　　　　　　　　 50.8  9.4-11.6-12.1 -7.9 -3  0.0                           
092227041219102567メイショウクモジ　　　　　　　　　　102.9 17.9-11.6-14.7 -8.7 -4  0.0                           
092227041319101646サハラ　　　　　　　　　　　　　　　  6.7  2.0 15.9 14.9 10.3 15 19.1                           
092227041419102591エスケイカイザー　　　　　　　　　　 22.4  4.5 -0.4 -7.5 -2.4  3  0.0                           
092227041519104707カレンアップラウゾ　　　　　　　　　 12.9  2.9 -4.2 -2.2 -2.2  3  0.0                           
092227041619103746ヒロノアステロイド　　　　　　　　　  2.2  1.3 20.9 23.2 14.6 20 16.2                           
092227050119109042フォルツァモンド　　　　　　　　　　 85.9 14.8-11.6  5.6 -2.6  2  0.0                           
092227050219105209エピプランセス　　　　　　　　　　　  2.3  1.3 20.2 25.5 15.1 20 16.2                           
092227050319104810バイラプリンセッサ　　　　　　　　　 35.8  6.7-11.6-11.0 -7.6 -3  0.0                           
092227050419102402チュウワシルバー　　　　　　　　　　 16.5  3.5 -6.0  9.2  0.6  6  0.0                           
092227050519102275ビューティフルラブ　　　　　　　　　 12.9  2.9  6.5 12.1  6.0 11  0.0                           
092227050619106601ビュークレスト　　　　　　　　　　　 36.5  6.8-11.6-13.0 -8.2 -3  0.0                           
092227050719103598パーシスト　　　　　　　　　　　　　 80.1 13.8-13.2-10.2 -7.9 -3  0.0                           
092227050819100464ヒヅルジョウ　　　　　　　　　　　　 10.9  2.5  8.3 16.9  8.1 13  0.0                           
092227050919105803ブリリアントギフト　　　　　　　　　 47.0  8.6 -8.8-10.6 -6.4 -1  0.0                           
092227051019103202トウカイエクラン　　　　　　　　　　 89.9 15.4-11.6-10.2 -7.3 -2  0.0                           
092227051119104924ベッラアルバ　　　　　　　　　　　　 12.8  2.9  7.4  7.6  5.0 10  0.0  5                        
092227051219105517リヴィア　　　　　　　　　　　　　　 32.8  6.2 -3.6 -1.9 -1.9  3  0.0                           
092227051319105043アドマイヤグリーゼ　　　　　　　　　  4.9  1.6 15.9 16.6 10.8 16 17.7                           
092227051419106467コルレット　　　　　　　　　　　　　 33.7  6.4 -4.2 -4.8 -3.0  2  0.0                           
092227051519106813セルフエスティーム　　　　　　　　　 31.1  5.9 -8.4-11.2 -6.4 -1 18.5                           
092227051619106107チョッピー　　　　　　　　　　　　　  5.2  1.7 17.0 13.0 10.1 15 19.1                           
092227060119102502サエールフェイス　　　　　　　　　　 48.0  8.7 -9.7-10.8 -6.8 13  0.0                           
092227060219100551アルムブラーヴ　　　　　　　　　　　 64.2 11.1-11.6-16.3 -9.1 11  0.0  0                        
092227060319105982ラブミードール　　　　　　　　　　　 38.4  7.1-11.6-14.8 -8.7 11  0.0  0                        
092227060419102521スマートラプター　　　　　　　　　　  7.0  2.0 12.9 12.6  8.5 29  0.0                           
092227060519105970スリードレフォン　　　　　　　　　　 81.5 13.9 -8.1  8.8 -0.3 20  0.0                           
092227060619106239マリブパイン　　　　　　　　　　　　 64.5 11.2-11.6 -8.4 -6.8 13  0.0                           
092227060719102238クロジシジョー　　　　　　　　　　　  3.6  1.5 17.9 28.2 15.0 35 17.7                           
092227060819105980クールライズ　　　　　　　　　　　　  2.8  1.3 19.0 17.4 12.2 32 16.2                           
092227060919104841カルネアサーダ　　　　　　　　　　　 15.2  3.3  3.1  4.9  2.6 23  0.0                           
092227061019100425ポメラート　　　　　　　　　　　　　 30.8  5.8 -8.1 -2.5 -3.7 16  0.0                           
092227061119103258イカロス　　　　　　　　　　　　　　 29.0  5.5-11.3-10.6 -7.3 13  0.0                           
092227061219100875ナインティゴット　　　　　　　　　　  6.4  1.9  8.7  9.8  6.1 26 19.1                           
092227061319110115アルムマッツ　　　　　　　　　　　　 84.2 14.4 -9.1 -5.5 -5.0 15  0.0  0                        
092227061419103923エムティゲラン　　　　　　　　　　　 65.7 11.4-11.3-10.6 -7.3 13  0.0                           
092227061519101975ナムラフランク　　　　　　　　　　　  7.6  2.1  8.7 13.1  7.1 27 15.4                           
092227061619100786ルショコラ　　　　　　　　　　　　　 24.7  4.8  2.8  7.6  3.3 23  0.0  5                        
092227070118100722オーパンバル　　　　　　　　　　　　 22.8  4.3 -0.8 -7.4 -2.5 17  0.0                           
092227070218105398ブリングトゥライフ　　　　　　　　　 15.9  3.3  2.3  1.2  1.2 21  0.0                           
092227070318105790フランコイメル　　　　　　　　　　　  4.5  1.5 16.7 15.0 10.6 31 12.4                           
092227070417104801エバーマノ　　　　　　　　　　　　　 34.3  6.2 -9.9-10.8 -6.9 13  0.0                           
092227070515105026シエラネバダ　　　　　　　　　　　　 31.4  5.7-11.6-11.8 -7.8 12  0.0  0                        
092227070618104917レベランス　　　　　　　　　　　　　  6.2  1.8 10.9 15.0  8.5 28  0.0                           
092227070718104698ハートオブアシティ　　　　　　　　　  5.8  1.7 12.0 12.3  8.1 28 19.1                           
092227070818104162ニホンピロマリブ　　　　　　　　　　 20.0  3.9 -6.1 -2.5 -3.0 17  0.0  0                        
092227070918100537シルキーヴォイス　　　　　　　　　　  2.3  1.2 20.3 15.9 12.2 32 16.2                           
092227071018105814マケルナマサムネ　　　　　　　　　　  8.9  2.3 11.8  7.6  6.6 27 22.1                           
092227071117100368ロックグラス　　　　　　　　　　　　 26.4  4.9-11.8 -9.6 -7.2 13  0.0                           
092227080118103983メッザノッテ　　　　　　　　　　　　  5.2  1.7 14.2 22.5 12.0 32 19.1                           
092227080218102669スズノナデシコ　　　　　　　　　　　  8.2  2.2 10.8 23.9 11.1 31 20.6  1  151   53              
092227080318106429ルシャリーブル　　　　　　　　　　　 14.4  3.1  9.0  7.8  5.6 26  0.0                           
092227080418105289ビクトリアバローズ　　　　　　　　　  3.0  1.4 19.6 23.1 14.1 34 16.2                           
092227080516102305メイショウミチノク　　　　　　　　　 23.6  4.6 -3.5  5.0  0.2 20  0.0                           
092227080618106581セレッソフレイム　　　　　　　　　　 48.5  8.8-11.6 -2.5 -5.0 15  0.0  0                        
092227080718104139クローズネスト　　　　　　　　　　　  9.0  2.4  3.1  5.2  2.7 23  0.0                           
092227080817104052トレッファー　　　　　　　　　　　　 23.2  4.6 -2.3-15.4 -5.5 15  0.0  0                        
092227080918104979ジェムフェザー　　　　　　　　　　　  3.3  1.4 14.1 15.5  9.8 30 12.4  2                        
092227081018103117カネトシディーバ　　　　　　　　　　 20.7  4.2-11.6 -9.0 -7.0 13  0.0                           
092227081115101804キクノロージズ　　　　　　　　　　　 33.8  6.4 -6.3 -6.8 -4.3 16  0.0  0                        
092227081218105444レインボークラウド　　　　　　　　　 20.3  4.2-11.6-13.7 -8.4 12  0.0  0                        
092227090116102102クリノオウジャ　　　　　　　　　　　 10.9  2.5  9.0 24.1 10.5 41  0.0                           
092227090216105622ウインスピリタス　　　　　　　　　　 21.0  4.2  3.1  4.8  2.6 33  0.0                           
092227090316106228アナザーラブソング　　　　　　　　　 14.5  3.1-11.6 -5.8 -6.0 24  0.0  0                        
092227090417105054リヴェール　　　　　　　　　　　　　  4.8  1.6 14.3  9.4  8.1 38 13.4                           
092227090516102801ロングファイナリー　　　　　　　　　 39.2  7.1-11.6 -8.4 -6.8 23  0.0                           
092227090618104603スーパーホープ　　　　　　　　　　　  3.9  1.4 13.6 14.5  9.3 39 17.7                           
092227090717103437タイキスウォード　　　　　　　　　　 12.1  2.7  6.0  5.2  3.8 34  0.0                           
092227090818110001ジュストコル　　　　　　　　　　　　 12.5  2.8  5.5 -3.1  1.1 31 23.5                           
092227090916101402エピローグ　　　　　　　　　　　　　 18.6  3.8 -8.1 -4.8 -4.4 26  0.0                           
092227091018100693ブルーシンフォニー　　　　　　　　　  2.5  1.3 22.1 17.4 13.3 43 16.2                           
092227091117103885アサケエース　　　　　　　　　　　　 29.5  5.5-10.6-14.3 -8.2 22  0.0                           
092227100115101602ソーラーフレア　　　　　　　　　　　 17.1  3.8  9.1  6.4  5.3 40  0.0                           
092227100218102360メディーヴァル　　　　　　　　　　　 11.4  2.8  8.3 11.2  6.4 41 15.4                           
092227100317100531シゲルタイタン　　　　　　　　　　　  2.9  1.4 19.1 18.0 12.4 47 16.2                           
092227100418104894トーセンアラン　　　　　　　　　　　  4.5  1.7 19.3 17.8 12.4 47 17.7                           
092227100517102588ニシノホライゾン　　　　　　　　　　 48.5  9.5 -9.5-10.6 -6.7 28  0.0                           
092227100616104952シェパードボーイ　　　　　　　　　　 11.2  2.7  3.0  6.1  2.9 38  0.0                           
092227100716100844アオイツヤヒメ　　　　　　　　　　　 10.9  2.7  3.8  5.4  3.0 38  0.0                           
092227100818104659エンスージアズム　　　　　　　　　　 16.4  3.7 -9.5 -7.2 -5.6 29  0.0                           
092227100917102007スリーピート　　　　　　　　　　　　 18.2  4.1  3.6 -2.2  0.7 36  0.0                           
092227101016101344トウカイオラージュ　　　　　　　　　 53.2 10.4-11.6-10.2 -7.3 28  0.0                           
092227101117106572ファイアランス　　　　　　　　　　　 15.4  3.5 -5.6-11.6 -5.5 29  0.0                           
092227101217102257メイショウマサヒメ　　　　　　　　　 37.0  7.4-11.8-15.4 -8.9 26  0.0  0                        
092227101316104253ウィッチクラフト　　　　　　　　　　 37.9  7.6-11.6-20.0-10.3 25  0.0  0                        
092227101417105027エターナリー　　　　　　　　　　　　 14.7  3.4 -2.2 -4.8 -2.2 33  0.0                           
092227101518103160ワンダーイチョウ　　　　　　　　　　 16.0  3.6 10.3 16.2  8.6 44 26.5                           
092227101615104300ミエノウインウイン　　　　　　　　　 73.9 13.8-11.8 -8.4 -6.8 28  0.0                           
092227110119105938キングエルメス　　　　　　　　　　　 16.2  4.1  9.7  5.8  5.3 55  0.0                           
092227110219104730トゥードジボン　　　　　　　　　　　 11.4  3.1  6.4  3.4  3.4 53  0.0                           
092227110319110107ジャスパークローネ　　　　　　　　　 30.5  6.9-11.6-10.4 -7.4 43  0.0                           
092227110419104642アスクコンナモンダ　　　　　　　　　 16.6  4.1  3.0 15.6  5.8 56  0.0                           
092227110519101408ニシノスーベニア　　　　　　　　　　 45.5 10.0 -9.9 -9.1 -6.4 44  0.0                           
092227110619104818メイケイバートン　　　　　　　　　　 47.7 10.5-11.6-12.7 -8.1 42  0.0  0                        
092227110719110102デュガ　　　　　　　　　　　　　　　 20.6  5.0-11.6-10.4 -7.4 43  0.0                           
092227110819107016ウナギノボリ　　　　　　　　　　　　 40.2  8.9-11.6-11.8 -7.8 42  0.0  0                        
092227110919101609ディオ　　　　　　　　　　　　　　　  6.5  2.2  8.9 11.8  6.8 57 19.1                           
092227111019103034ダノンスコーピオン　　　　　　　　　  4.3  1.7 17.0 17.6 11.5 62 17.7                           
092227111119105079ドンフランキー　　　　　　　　　　　 23.6  5.5 -6.0 18.0  3.2 53  0.0                           
092227111219105118ジュンブロッサム　　　　　　　　　　  4.2  1.7 17.9 22.9 13.4 63 11.3                           
092227111319103858ヒルノショパン　　　　　　　　　　　 19.5  4.8-11.6 -6.7 -6.3 44  0.0                           
092227111419101642タイセイディバイン　　　　　　　　　  8.1  2.5 13.0 -0.5  4.6 55 20.6                           
092227111519106925ムーンリットナイト　　　　　　　　　 22.2  5.2 -4.2 -8.1 -4.0 46  0.0                           
092227111619103358ストロングウィル　　　　　　　　　　 20.8  5.0  0.1 -6.3 -1.9 48  0.0                           
092227111719106670セルバーグ　　　　　　　　　　　　　 91.8 19.1-11.6-13.1 -8.2 42  0.0                           
092227111819100153カワキタレブリー　　　　　　　　　　 31.5  7.1 -9.7 -4.2 -4.8 45  0.0                           
092227120117100450トップリーチ　　　　　　　　　　　　 37.2  6.4-11.3-10.6 -7.3 23  0.0                           
092227120217105720クリノキングボス　　　　　　　　　　 47.8  8.1-10.3-10.2 -6.8 23  0.0                           
092227120316104840プランドラー　　　　　　　　　　　　 15.2  3.1  3.6  3.2  2.3 32  0.0                           
092227120418103024フォルツァンド　　　　　　　　　　　 14.2  2.9  2.7 16.8  6.0 36 22.1                           
092227120518106031ゲンパチハマジ　　　　　　　　　　　  5.2  1.6 14.7 18.5 10.9 41  0.0                           
092227120618101075モズマゾク　　　　　　　　　　　　　 23.5  4.3 -0.4  8.0  2.3 32  0.0                           
092227120717100451シルバーエース　　　　　　　　　　　  6.9  1.9 11.3 10.2  7.2 37 14.4                           
092227120818101768サステナブル　　　　　　　　　　　　  6.3  1.8 14.1 10.4  8.3 38 19.1                           
092227120918102195ゴールドハイアー　　　　　　　　　　  2.0  1.2 21.6 23.8 15.1 45 16.2                           
092227121018105809リーブルミノル　　　　　　　　　　　 16.3  3.3 -6.2 -0.8 -2.5 27  0.0  0                        
092227121116104908ポップフランセ　　　　　　　　　　　 19.8  3.8 -2.2 -4.8 -2.2 28  0.0                           
092227121216100368オンワードセルフ　　　　　　　　　　 45.9  7.8-12.2-14.8 -8.9 21  0.0  0                        
