062248010117104165グラスディアブロ　　　　　　　　　　  3.5  1.4 17.3 18.6 12.0 12 17.3  2                        
062248010217104857フィアレスハート　　　　　　　　　　 14.0  3.1  2.6  6.0  3.0  3  0.0                           
062248010313101031シーザワールド　　　　　　　　　　　 11.7  2.7  9.8  1.9  3.6  4 10.1                           
062248010416103092コルドゥーン　　　　　　　　　　　　 37.9  7.1-12.1-10.1 -7.3 -7  0.0                           
062248010519102200スマートキャノン　　　　　　　　　　  4.4  1.5 14.3  3.2  5.5  5 18.8                           
062248010618104789アサクサトラマル　　　　　　　　　　 41.9  7.8-10.9 -8.5 -6.4 -6  0.0                           
062248010715105573エクスパートラン　　　　　　　　　　 12.7  2.9  2.8  0.1  0.9  1 11.5                           
062248010818105731メイショウアツイタ　　　　　　　　　  2.9  1.3 22.2 15.5 12.3 12  0.0                           
062248010917103710ルレーヴドゥリリ　　　　　　　　　　 11.8  2.7  7.4 -5.0  0.4  0  0.0                           
062248011017102751ワンダーサーイター　　　　　　　　　 58.6 10.4-10.3 -6.4 -5.4 -5  0.0                           
062248011116104238ヤップヤップヤップ　　　　　　　　　 18.9  3.9-12.6  6.1 -1.5 -2  0.0                           
062248011214110107アスタースウィング　　　　　　　　　 22.1  4.4  4.8  3.6  2.8  3  0.0                           
062248020120100504ミレディ　　　　　　　　　　　　　　 10.9  2.6 -0.2  9.0  3.2  8 10.9  5                        
062248020220100056クールムーア　　　　　　　　　　　　  4.5  1.5 18.5 12.2 10.0 15  9.4                           
062248020320102364エクソソーム　　　　　　　　　　　　 34.0  6.5  0.1  4.9  1.8  7  0.0                           
062248020420106330ラウラーナ　　　　　　　　　　　　　  6.6  1.9 16.1 10.2  8.6 14  0.0                           
062248020520107090ピアブルー　　　　　　　　　　　　　124.5 21.4-11.7-13.6 -8.5 -3  0.0                           
062248020620106585ヴォンヌヴォー　　　　　　　　　　　 18.4  3.9  2.4  3.8  2.1  7 12.2                           
062248020720101738ヘルスケア　　　　　　　　　　　　　156.9 26.8-12.1-10.6 -7.5 -3  0.0                           
062248020820105525カツノテンス　　　　　　　　　　　　 32.6  6.2 -9.6  9.5  0.6  6  0.0  5                        
062248020920105671フィーユエクレール　　　　　　　　　 17.8  3.8  8.0  1.0  2.8  8  0.0  5                        
062248021020106088ポリリン　　　　　　　　　　　　　　 98.9 17.1-12.1-12.3 -8.1 -3  0.0                           
062248021120101415マリノルルワ　　　　　　　　　　　　 65.2 11.5-12.1 -6.7 -6.1 -1  0.0                           
062248021220101724サーフライド　　　　　　　　　　　　 52.9  9.7-12.6 -3.7 -5.1  0  0.0                           
062248021320102377サンタアナテソーロ　　　　　　　　　  4.2  1.5 12.0 11.4  7.8 13  8.6                           
062248021420104488ビッグリュウオー　　　　　　　　　　 56.9 10.1-12.6 -5.1 -5.7 -1  0.0                           
062248021520106163ドンタッチミー　　　　　　　　　　　 59.0 10.5-11.7-16.0 -9.4 -4  0.0  0                        
062248021620105562パルフュメ　　　　　　　　　　　　　  2.6  1.3 17.9 21.2 13.1 18 15.9                           
062248030120104206プロテア　　　　　　　　　　　　　　  7.6  2.2 12.1 13.9  8.7 14 10.1                           
062248030220100630シャノンフォールズ　　　　　　　　　  4.4  1.6 15.3 15.0 10.1 15  9.4                           
062248030320105381パーティーキング　　　　　　　　　　 20.4  4.5  5.5 18.7  8.5 14 13.0                           
062248030420104748ファルコンミノル　　　　　　　　　　  3.8  1.5  7.9 19.5  9.5 15  8.7                           
062248030520101293オールアルミュール　　　　　　　　　 18.9  4.2 -7.2  1.9 -1.5  4  0.0                           
062248030620106403ウィズフィリップ　　　　　　　　　　 26.4  5.5  6.1 -5.9 -0.3  5  0.0                           
062248030720109074キョウエイルーマー　　　　　　　　　  9.4  2.6  7.4  8.0  5.2 10  0.0                           
062248030820100005トライジャーニー　　　　　　　　　　  3.3  1.4 18.2  4.0  6.9 12  8.0 1                         
062248030920100785ハクサンモンチュ　　　　　　　　　　 25.6  5.3 -8.7  6.5 -0.2  5  0.0                           
062248031020106797ヤマノコトブキ　　　　　　　　　　　 95.9 17.8-12.1 -3.2 -4.8  0  0.0                           
062248031120101094キタノオブピース　　　　　　　　　　 52.8 10.3-11.7-10.9 -7.5 -3  0.0                           
062248031220102849テンコマンドゥール　　　　　　　　　 34.6  7.0 -8.5 -8.1 -5.5 -1  0.0                           
062248031320103841シュネーガッツ　　　　　　　　　　　 17.0  3.8  4.4  3.8  2.7  8 11.6                           
062248031420107042クワスタッキー　　　　　　　　　　　 55.3 10.5 -9.0 -2.0 -3.4  2  0.0                           
062248031520105212シェイクオンイット　　　　　　　　　 86.6 16.1-12.1 -8.4 -6.7 -2  0.0                           
062248040120105728クリノクオン　　　　　　　　　　　　136.8 25.9-12.1-15.8 -9.4 -4  0.0  0                        
062248040220103877アサクサアダム　　　　　　　　　　　 27.8  5.9-12.6 -8.5 -6.9 -2  0.0                           
062248040320101258コスモオピニオン　　　　　　　　　　 13.3  3.2 -8.4-12.9 -7.3 -2  0.0                           
062248040420107121イケイケドンドン　　　　　　　　　　 16.4  3.8  4.3  1.9  2.0  7  0.0                           
062248040520102191グランツグリーン　　　　　　　　　　  2.9  1.4 17.7 22.1 13.4 18 15.9                           
062248040620100742ブラックヴァール　　　　　　　　　　  7.9  2.4 12.5  9.5  7.2 12 10.1                           
062248040720103228ビターグラッセ　　　　　　　　　　　  5.9  1.9 14.8 14.2  9.6 15  9.4                           
062248040820100819ヘイワ　　　　　　　　　　　　　　　134.7 25.6-11.7-10.9 -7.5 -3  0.0                           
062248040920105746コスモバラタ　　　　　　　　　　　　 20.9  4.7 -8.6  4.0 -1.1  4  0.0                           
062248041020101947イチズ　　　　　　　　　　　　　　　 59.4 11.6 -8.7 -6.3 -4.9  0  0.0                           
062248041120101421グリーングラシア　　　　　　　　　　 20.6  4.7 -4.9 -6.7 -3.9  1  0.0                           
062248041220103534ジュドー　　　　　　　　　　　　　　  5.0  1.8 17.1 18.0 11.7 17  8.7                           
062248041320106166ヒルズカーン　　　　　　　　　　　　 74.7 14.5-10.3-13.6 -8.1 -3  0.0  0                        
062248041420101266ダイヤプリーモ　　　　　　　　　　　 19.3  4.4  1.4 -9.0 -2.9  2  0.0                           
062248041520105200ステキナココロ　　　　　　　　　　　 57.6 11.3 -9.2 -8.4 -5.8 -1  0.0                           
062248041620101264ビルドラポール　　　　　　　　　　　 63.1 12.3 -6.8-10.0 -5.7 -1  0.0                           
062248041720102685プロトカルチャー　　　　　　　　　　  8.4  2.5 14.2 20.4 11.7 17 10.8  3                        
062248050120103801アマソナ　　　　　　　　　　　　　　  9.4  2.9  7.9 -3.7  1.0  1  0.0                           
062248050220100863アルセリア　　　　　　　　　　　　　 15.7  4.0  4.6 12.6  6.0  6 13.7                           
062248050320101595サンフェリーチェ　　　　　　　　　　 38.5  8.6-12.1 -2.0 -4.4 -4  0.0                           
062248050420104273ショウナンアシベ　　　　　　　　　　  6.0  2.1  5.9  0.0  1.8  2  0.0                           
062248050520102718オルフェスト　　　　　　　　　　　　  3.8  1.7 16.2 10.1  8.6  9 15.9                           
062248050620106632スノーパーシスト　　　　　　　　　　 50.7 11.1-12.1-10.0 -7.3 -7  0.0                           
062248050720101788エフロレセンス　　　　　　　　　　　 12.5  3.3 -6.1  6.6  0.6  1 12.3                           
062248050820104312スマートローラ　　　　　　　　　　　 93.0 19.4-11.7-10.9 -7.5 -8  0.0                           
062248050920107116ハクシンレガロ　　　　　　　　　　　 30.8  7.0 -9.3 -2.0 -3.5 -4  0.0                           
062248051020101107ラジェルブ　　　　　　　　　　　　　 31.9  7.2-12.1-10.0 -7.3 -7  0.0                           
062248051120101831ミストラヴィアータ　　　　　　　　　178.8 36.6-12.1 -3.2 -4.8 -5  0.0                           
062248051220102809デルマオシダシ　　　　　　　　　　　 10.7  2.9  7.3 13.0  7.0  7  0.0                           
062248051320102877エルフォルク　　　　　　　　　　　　  7.2  2.3 11.7 14.2  8.7  9 20.2                           
062248051420104259ミヤビブレイブ　　　　　　　　　　　 13.9  3.6  9.8 20.0 10.3 10  0.0                           
062248051520102995クイーンオブソウル　　　　　　　　　  4.8  1.8 15.7  9.0  8.0  8  0.0                           
062248051620102600コースタルタウン　　　　　　　　　　 30.6  7.0 -8.7 -1.9 -3.3 -3  0.0                           
062248060120102157ファビュラスエリカ　　　　　　　　　114.9 20.0-12.6-10.0 -7.4 -7  0.0                           
062248060220105949ケンキョ　　　　　　　　　　　　　　 16.3  3.5 -6.1 13.4  3.1  3 13.0                           
062248060320103766カンタベリーハヤテ　　　　　　　　　131.1 22.7-13.0-15.8 -9.7-10  0.0  0                        
062248060420100879ビップナージャ　　　　　　　　　　　 62.7 11.2 -6.9-13.0 -6.8 -7  0.0                           
062248060520106101シュヴァルツリーベ　　　　　　　　　 14.4  3.2  4.2  9.0  4.6  5  0.0                           
062248060620104648キョウエイジョイ　　　　　　　　　　  8.7  2.4  7.7 11.0  6.3  6 10.1                           
062248060720106763イデアミラーグロ　　　　　　　　　　  7.0  2.1 13.3 13.3  8.9  9  8.6                           
062248060820104529レジェンダシチー　　　　　　　　　　 57.3 10.3-10.3 -7.5 -5.8 -6  0.0                           
062248060920100613ミオファースト　　　　　　　　　　　 14.2  3.2  3.4 13.1  5.8  6  0.0                           
062248061020104128ニケファルコン　　　　　　　　　　　 12.4  2.8  8.9  6.1  4.9  5  0.0                           
062248061120100787マテリアルガール　　　　　　　　　　  7.6  2.1 11.8 13.5  8.5  8  9.4                           
062248061220103892オメガシンフォニー　　　　　　　　　  2.1  1.3 22.7 23.9 15.6 16 15.9                           
062248061320107009レオアトロポス　　　　　　　　　　　 17.1  3.7 -4.3  8.5  1.8  2  0.0                           
062248061420104291ベリーベリーベリー　　　　　　　　　 20.6  4.3 -5.1  5.7  0.6  1  0.0                           
062248061520104618ブルーテネーシャス　　　　　　　　　 27.4  5.4-12.1-13.2 -8.5 -8  0.0                           
062248061620101729アオイカゲ　　　　　　　　　　　　　163.1 28.1-12.1-10.6 -7.5 -8  0.0                           
062248070119105264スマイルオンミー　　　　　　　　　　  1.7  1.2 23.8 19.4 14.3 34 15.9                           
062248070218105108グリモリオ　　　　　　　　　　　　　  9.3  2.1  7.3 16.9  8.4 28  0.0                           
062248070318102417ウィズザワールド　　　　　　　　　　 33.8  5.2-12.1 -3.2 -4.8 15  0.0                           
062248070418103319アイソウザスター　　　　　　　　　　 24.5  4.0 -5.5-13.9 -6.7 13  0.0                           
062248070518105819フミチャン　　　　　　　　　　　　　  5.7  1.5  3.0 20.5  8.4 28 18.8                           
062248070619106060ラピドゥス　　　　　　　　　　　　　  8.0  1.9  9.5  8.7  6.0 26  0.0                           
062248070719101867ファイアリースカイ　　　　　　　　　  8.4  1.9 10.1  8.0  6.0 26  0.0                           
062248070819102484クーシフォン　　　　　　　　　　　　  5.5  1.5 14.9  8.5  7.6 28 17.3                           
062248080117103493バウンティハンター　　　　　　　　　 99.2 18.1-12.1-10.0 -7.3 13  0.0                           
062248080217100141クィーンアドバンス　　　　　　　　　 28.9  5.9  0.1-10.0 -3.6 16  0.0                           
062248080316101058ネオレインボウ　　　　　　　　　　　 26.6  5.5 -4.4 -4.2 -2.9 17  0.0                           
062248080419105743プランセスカグヤ　　　　　　　　　　  7.9  2.3 13.4  9.8  7.6 28 20.2                           
062248080519106714カリュウ　　　　　　　　　　　　　　  3.4  1.4 18.9 21.0 13.4 33  0.0  2                        
062248080618100963マスケティアーズ　　　　　　　　　　 79.8 14.7-12.1-10.6 -7.5 12 16.7                           
062248080718104455エコロワカ　　　　　　　　　　　　　 38.5  7.6-12.1 -2.0 -4.4 16  0.0                           
062248080819102827サンダビューク　　　　　　　　　　　 15.8  3.6  6.0-10.0 -1.9 18  0.0                           
062248080919101428ローズブルーム　　　　　　　　　　　  8.6  2.4  2.9  4.4  2.5 22  0.0                           
062248081018101437カード　　　　　　　　　　　　　　　 85.7 15.7-12.1 -8.4 -6.7 13  0.0                           
062248081118101608サノカポ　　　　　　　　　　　　　　152.7 27.5-12.6-10.9 -7.8 12  0.0                           
062248081218102963エレガントオーラ　　　　　　　　　　 65.4 12.1-11.7-10.1 -7.2 13  0.0                           
062248081318101551クリノザウルス　　　　　　　　　　　 31.2  6.3 -7.3 -8.9 -5.5 15  0.0                           
062248081419105754ルプランドル　　　　　　　　　　　　  3.5  1.5 12.7 26.6 13.6 34  8.6                           
062248081518104533サンフィニティ　　　　　　　　　　　 12.2  2.9 11.2 10.0  7.0 27 11.6                           
062248081619106581アーサーテソーロ　　　　　　　　　　  5.0  1.7 17.6  7.4  8.0 28  9.4                           
062248090120105744ゴールデンハインド　　　　　　　　　  6.2  2.7  6.3  6.7  4.3 49  0.0                           
062248090220105939ナチュラルハイ　　　　　　　　　　　  4.3  2.0 15.7 23.1 13.2 58 18.8                           
062248090320102903オンザブロッサム　　　　　　　　　　  5.5  2.5 11.1 11.9  7.7 53 10.1                           
062248090420101695シーウィザード　　　　　　　　　　　  2.3  1.3 20.9 20.5 13.8 59 15.9                           
062248090520106981アクラシア　　　　　　　　　　　　　 38.2 13.5-11.7-11.2 -7.6 37  0.0                           
062248090620105795フェアエールング　　　　　　　　　　 12.3  4.6  2.0 -0.4  0.5 45  0.0                           
062248090720102873キミノナハマリア　　　　　　　　　　  4.0  1.8 14.1 12.4  8.8 54  8.7                           
062248100119105449アルトシュタット　　　　　　　　　　  7.7  2.2 14.3  6.8  6.8 37  0.0                           
062248100218104534アスクキングコング　　　　　　　　　  9.1  2.5  5.5  4.7  3.4 33  0.0                           
062248100319103120リトス　　　　　　　　　　　　　　　 12.9  3.0  8.4 -5.0  0.7 31  0.0  0                        
062248100414100050スズノフブキ　　　　　　　　　　　　 32.5  6.5-12.1-15.5 -9.3 21  0.0  0                        
062248100518102184ラストリージョ　　　　　　　　　　　 19.4  4.2 -2.2 -2.0 -1.4 29  0.0                           
062248100617101842ハッピーペコ　　　　　　　　　　　　 81.3 14.9-11.7 -9.5 -7.0 23  0.0                           
062248100718103515カンティーユ　　　　　　　　　　　　 45.1  8.8 -3.9-10.0 -4.8 25  0.0                           
062248100819101700サトノレーヴ　　　　　　　　　　　　  3.1  1.4 18.2 15.4 11.1 41 15.9                           
062248100919102273モリノドリーム　　　　　　　　　　　 10.8  2.6  4.7  7.5  4.2 34 11.5B                          
062248101019103010オードゥメール　　　　　　　　　　　  7.5  2.2 13.3 11.5  8.2 38 18.8  5                        
062248101118101679カシノフォワード　　　　　　　　　　 29.7  6.0 -6.6 -2.0 -2.7 27  0.0                           
062248101218100433ブロンズレッド　　　　　　　　　　　 23.5  4.9 -9.8-10.1 -6.6 23  0.0                           
062248101319103136シゲルファンノユメ　　　　　　　　　  3.8  1.6 18.1 21.9 13.5 43  8.7                           
062248101418103308ジューンベロシティ　　　　　　　　　 30.6  6.2 -3.5 -3.3 -2.3 28  0.0                           
062248110119105463レディバランタイン　　　　　　　　　 12.9  3.4  9.4 10.6  6.7 42  0.0                           
062248110217103291グルアーブ　　　　　　　　　　　　　 30.7  7.2-12.1-10.0 -7.3 28  0.0                           
062248110317100005リトルクレバー　　　　　　　　　　　 36.8  8.5-12.9 -7.3 -6.5 28  0.0                           
062248110419105482アサヒ　　　　　　　　　　　　　　　  4.0  1.7 12.3 16.4  9.7 45  8.0                           
062248110516102362エターナルヴィテス　　　　　　　　　 45.5 10.3-14.3 -3.2 -5.5 30  0.0                           
062248110618100671フィアスプライド　　　　　　　　　　 16.3  4.2  0.9  6.9  2.8 38 13.7                           
062248110716102493ウインレフィナード　　　　　　　　　 64.2 13.9-11.7 -6.4 -5.9 29  0.0                           
062248110818105174ジネストラ　　　　　　　　　　　　　  5.1  1.9  4.4 20.5  8.8 44  0.0                           
062248110917100511アールクインダム　　　　　　　　　　 27.6  6.5-10.3 -7.3 -5.8 29  0.0                           
062248111016105797コスモエスパーダ　　　　　　　　　　 67.1 14.5 -8.7-12.7 -7.3 28  0.0                           
062248111118101343ゾンニッヒ　　　　　　　　　　　　　  9.4  2.9  0.6 14.4  5.5 40 11.5                           
062248111216105630レノーア　　　　　　　　　　　　　　 73.4 15.8-12.1-11.0 -7.7 27  0.0                           
062248111319106623クロスマジェスティ　　　　　　　　　  8.5  2.7 11.9  5.2  5.5 40 10.9                           
062248111417105458ヒメノカリス　　　　　　　　　　　　  5.7  2.0 15.2 -0.2  4.5 39  9.4                           
062248111518110035シュバルツカイザー　　　　　　　　　 12.9  3.5 -3.3 13.8  4.1 39  0.0                           
062248111618101579シャイニングフジ　　　　　　　　　　  7.2  2.4 14.1  9.1  7.6 43 10.1                           
062248120113105140ピナクルズ　　　　　　　　　　　　　 99.2 19.2-11.7 -5.0 -5.3 25  0.0                           
062248120217101562ダイシンウィット　　　　　　　　　　 20.3  4.6-10.3  8.4  0.0 30  0.0                           
062248120319102505タヤスゴールド　　　　　　　　　　　  2.8  1.4 20.4 21.2 13.9 44 15.9                           
062248120418100403エレファンティネ　　　　　　　　　　 73.2 14.3-11.7-13.0 -8.3 22  0.0  0                        
062248120519102938ニシノレバンテ　　　　　　　　　　　  7.9  2.4 11.7  2.8  4.5 35  0.0                           
062248120616103953アイアムピッカピカ　　　　　　　　　 46.2  9.5-11.7-10.4 -7.3 23  0.0                           
062248120718105803スイートカルデア　　　　　　　　　　 15.7  3.7  7.7  6.3  4.6 35  0.0                           
062248120818105457ルーリング　　　　　　　　　　　　　 41.5  8.6 -6.9-10.1 -5.8 24 15.1                           
062248120918103498アイルビーザワン　　　　　　　　　　 51.2 10.5-12.1-15.0 -9.1 21  0.0  0                        
062248121017101041パイプライン　　　　　　　　　　　　  5.9  2.0 10.9 21.7 11.2 41  0.0                           
062248121119106481ライヴサファイア　　　　　　　　　　  6.7  2.1 17.3  0.6  5.4 35  0.0                           
062248121218102270ケイサンフリーゼ　　　　　　　　　　  7.0  2.2  7.1 -0.1  2.1 32 20.2                           
062248121318102120ロードミッドナイト　　　　　　　　　 11.7  2.9  2.8 -2.0  0.1 30  0.0                           
062248121417101566ネヴァタップアウト　　　　　　　　　 26.2  5.7  4.8  0.0  1.4 31 14.5                           
062248121518101141テイルウインド　　　　　　　　　　　 47.8  9.8-11.7-10.9 -7.5 22  0.0                           
062248121619100855トラストパッキャオ　　　　　　　　　 17.0  4.0  3.8-12.3 -3.4 27  0.0                           
072258010120104539モンテナルス　　　　　　　　　　　　 27.7  4.7 -4.7  5.2 -0.2  5 28.0                           
072258010220103531フローラルハニー　　　　　　　　　　  7.0  1.8 10.0 14.4  8.0 13  0.0                           
072258010320102259アカリチャン　　　　　　　　　　　　 47.5  7.6-11.5-10.2 -7.3 -2  0.0                           
072258010420106631スカイラピス　　　　　　　　　　　　 36.8  6.0 -8.1 -4.5 -4.3  1  0.0                           
072258010520105966ケイパラパデオ　　　　　　　　　　　 42.7  6.9-10.2-12.7 -7.6 -3  0.0                           
072258010620103367ハンベルジャイト　　　　　　　　　　  2.1  1.2 23.4 24.7 16.0 21 16.2                           
072258010720102569カタリナマリー　　　　　　　　　　　 17.6  3.3  0.8 13.5  4.3  9  0.0                           
072258010820103879グレイシャスオーラ　　　　　　　　　 38.2  6.2 -7.9 -9.8 -5.8 -1  0.0                           
072258010920105227ジョウショーポーラ　　　　　　　　　 58.2  8.9 -7.6-15.7 -7.5 -2  0.0  0                        
072258011020102328メーテルコート　　　　　　　　　　　 17.3  3.2  0.4  7.4  2.4  7  0.0                           
072258011120104301メアリー　　　　　　　　　　　　　　  4.2  1.5 12.8  8.9  7.4 12 12.4                           
072258011220101773ミンクス　　　　　　　　　　　　　　 51.8  8.2-13.2 -8.2 -7.3 -2  0.0                           
072258011320106943コパノスタンリー　　　　　　　　　　 18.3  3.4  3.9 -6.2 -0.4  5  0.0                           
072258011420101692ラガープリンセス　　　　　　　　　　 18.7  3.5 -4.2 12.0  2.1  7  0.0                           
072258011520103435マヴォロンテ　　　　　　　　　　　　 13.7  2.7  9.3 -4.1  2.2  7 20.6                           
072258020120101781アウローラシエル　　　　　　　　　　  4.4  1.6 13.8 22.6 11.8 17 13.4                           
072258020220102800オメガリッチマン　　　　　　　　　　 10.9  2.6  1.9 -1.9  0.1  5  0.0                           
072258020320104779ジャッドノワール　　　　　　　　　　 23.1  4.8-11.5 -9.8 -7.2 -2  0.0                           
072258020420103309ビップクロエ　　　　　　　　　　　　 15.5  3.5  0.7  8.8  2.9  8  0.0                           
072258020520103491ディオファントス　　　　　　　　　　  6.7  2.0 13.0 19.7 10.7 16 20.6                           
072258020620102941ラバタンシン　　　　　　　　　　　　  8.4  2.3  7.0  6.6  4.5 10  0.0                           
072258020720101402ラミアストラーダ　　　　　　　　　　 22.4  4.6 -4.7 -7.5 -4.0  1  0.0                           
072258020820100837リコルド　　　　　　　　　　　　　　 32.9  6.5 -9.3-10.2 -6.5 -1  0.0                           
072258020920103303ガルヴァナイズ　　　　　　　　　　　  3.7  1.5 18.5 19.8 12.7 18 17.7                           
072258021020105674ツージーフェイス　　　　　　　　　　  3.1  1.4 19.2 16.0 11.8 17 16.2                           
072258030120110138レッドカフラー　　　　　　　　　　　 11.5  2.8  0.5  4.9  1.7  2  0.0                           
072258030220101710アスターチェンチ　　　　　　　　　　  4.2  1.5 12.5 18.9 10.3 10 17.7                           
072258030320102153クリノトンイ　　　　　　　　　　　　 27.2  5.5-11.5-13.3 -8.2 -8  0.0                           
072258030420104303ルクスシュナイダー　　　　　　　　　 30.3  6.1 -8.5-12.4 -6.8 -7  0.0  0                        
072258030520106491メイショウジェンマ　　　　　　　　　 22.2  4.6 -7.9-10.1 -5.9 -6  0.0                           
072258030620101905プラーヴィ　　　　　　　　　　　　　  2.8  1.3 17.5 10.1  9.4  9 16.2                           
072258030720103697ロイガヴェーグル　　　　　　　　　　 13.0  3.0  4.3  7.1  3.7  4 23.5                           
072258030820101335ピエナパイロ　　　　　　　　　　　　  7.4  2.2 10.9  6.7  6.0  6  0.0                           
072258030920105624ヘヴンズタイム　　　　　　　　　　　 13.8  3.2  2.9  9.7  4.0  4  0.0                           
072258031020105600ヤマニンブルトンヌ　　　　　　　　　 40.7  7.9 -7.2-20.0 -8.6 -9  0.0                           
072258031120101275アイファーテイオー　　　　　　　　　 31.1  6.2 -6.1 -9.4 -5.1 -5  0.0                           
072258031220110101ゴールデンマイク　　　　　　　　　　  4.6  1.6  8.1 13.8  7.1  7 13.4  5                        
072258040119102454サクセスローレル　　　　　　　　　　  5.2  1.8 16.7 14.6 10.5 31 17.7                           
072258040219102751ジューンヨシツネ　　　　　　　　　　 23.2  5.0  0.9 -5.4 -1.3 19 28.0                           
072258040319104556トランキリテ　　　　　　　　　　　　  6.4  2.0 11.8 12.0  7.9 28 14.4                           
072258040417100426グレアミラージュ　　　　　　　　　　 27.5  5.8-11.5 -9.8 -7.2 13  0.0                           
072258040518101296レイワプリンセス　　　　　　　　　　 74.5 14.2-11.5 12.0 -0.6 19  0.0                           
072258040619104259メイショウトール　　　　　　　　　　 28.7  6.0 -7.6-12.7 -6.6 13  0.0                           
072258040717102599テイエムファルコン　　　　　　　　　 19.3  4.3  5.4 15.7  6.7 27  0.0                           
072258040819105819バンドールロゼ　　　　　　　　　　　 14.3  3.4  6.6  8.7  5.0 25  0.0                           
072258040919101673リッキーヤスオカ　　　　　　　　　　 21.8  4.7 -9.3  6.4 -1.5 19  0.0                           
072258041018100551サンエルセントロ　　　　　　　　　　 25.9  5.5-12.7-10.2 -7.7 12  0.0                           
072258041119103591テイクザワールド　　　　　　　　　　 84.8 16.1-11.5-10.2 -7.3 13  0.0                           
072258041219104346エトワールジェンヌ　　　　　　　　　 36.5  7.5 -7.6 -1.6 -3.3 17  0.0                           
072258041319103101ロードアラビアン　　　　　　　　　　  2.8  1.4 18.5 15.5 11.4 31 16.2                           
072258041418101997カズカポレイ　　　　　　　　　　　　  5.6  1.8 13.8 15.5  9.7 30  0.0                           
072258041519105232ルージュルミナス　　　　　　　　　　 20.5  4.6 -5.5  3.0 -1.1 19  0.0                           
072258041619102263キムケンリアン　　　　　　　　　　　 28.6  6.0-10.2 -2.9 -4.6 15  0.0                           
072258050120101806ツクヨミ　　　　　　　　　　　　　　 18.9  3.9  5.1  3.4  2.9  3  0.0                           
072258050220104271テクノゴールド　　　　　　　　　　　  5.9  1.8 14.5 10.5  8.5  8 19.1                           
072258050320100637フェアリーハイ　　　　　　　　　　　 27.2  5.2 -5.4  2.0 -1.4 -1  0.0                           
072258050420100523ジョーシーゲル　　　　　　　　　　　 29.6  5.6 -2.6 -5.4 -2.6 -3  0.0                           
072258050520105546タガノルークス　　　　　　　　　　　 37.0  6.8-11.5 -9.7 -7.1 -7  0.0                           
072258050620102326サンライズプルート　　　　　　　　　  9.2  2.4  5.9 16.9  7.2  7 14.4  2                        
072258050720100150ロードパレス　　　　　　　　　　　　 19.5  4.0 -5.4 -5.2 -3.5 -4  0.0  0                        
072258050820102564ムーンプローブ　　　　　　　　　　　 10.6  2.5  9.9  6.7  5.6  6  0.0                           
072258050920101925アイヤナ　　　　　　　　　　　　　　 38.0  7.0-11.5-14.7 -8.6 -9  0.0                           
072258051020102963ベルビューポイント　　　　　　　　　  2.9  1.3 20.2 17.8 12.7 13 16.2                           
072258051120101959ハイインザスカイ　　　　　　　　　　 25.1  4.9 -7.3  0.2 -2.6 -3  0.0                           
072258051220104774ドーバーファルコン　　　　　　　　　 24.4  4.7-11.5-18.5 -9.8-10  0.0                           
072258051320103277ダノンタッチダウン　　　　　　　　　  3.4  1.4 15.0 15.5 10.1 10 17.7                           
072258051420101804リスクテイカー　　　　　　　　　　　 42.0  7.7-12.1-10.2 -7.5 -7  0.0                           
072258060117104801エバーマノ　　　　　　　　　　　　　 25.9  4.8 -8.6  6.4 -1.2 19  0.0                           
072258060217104082エスポワールミノル　　　　　　　　　 22.3  4.2 -1.4 16.6  4.5 24  0.0                           
072258060319106858アールチャレンジ　　　　　　　　　　 23.3  4.4 -4.6  7.9  0.7 21 26.5                           
072258060419100577アンノウンウォリア　　　　　　　　　 44.7  7.9 -6.6 -7.1 -4.6 15  0.0                           
072258060518102718ヘネラルカレーラ　　　　　　　　　　  8.7  2.3  9.9 -3.3  2.6 23  0.0                           
072258060619110056メイショウケイガン　　　　　　　　　  8.6  2.2 10.6  5.7  5.6 26  0.0                           
072258060717100368ロックグラス　　　　　　　　　　　　 38.1  6.8-11.5-10.2 -7.3 13  0.0                           
072258060819105153ミッキーワンダー　　　　　　　　　　 31.4  5.7-11.9 -0.2 -4.4 16  0.0                           
072258060915105026シエラネバダ　　　　　　　　　　　　 44.6  7.8-10.5 -8.8 -6.5 14  0.0  0                        
072258061018103104ジューンサクラ　　　　　　　　　　　 47.1  8.2-11.5-10.1 -7.2 13  0.0                           
072258061117102171セツメンノトビウオ　　　　　　　　　 55.8  9.4-10.0-18.5 -9.2 11  0.0                           
072258061217105616タイミングハート　　　　　　　　　　 14.7  3.1  1.4  3.7  1.6 22  0.0  5                        
072258061318106324エニシノウタ　　　　　　　　　　　　  5.2  1.7 14.6  5.9  7.1 27 17.7                           
072258061418104984マンオブカレッジ　　　　　　　　　　 41.7  7.4-10.2-12.0 -7.3 13  0.0                           
072258061519105321メトセラ　　　　　　　　　　　　　　 11.7  2.6  6.5 18.7  8.0 28 15.4                           
072258061619105340ホウオウバニラ　　　　　　　　　　　  2.1  1.2 20.3 15.3 12.0 32 16.2                           
072258070118104663タウゼントシェーン　　　　　　　　　 25.0  5.2-11.5 -5.0 -5.7 14  0.0                           
072258070219103898スーサンアッシャー　　　　　　　　　  3.7  1.6 14.5 17.2 10.5 30 12.4                           
072258070319104100メイショウイヌワシ　　　　　　　　　 15.3  3.5 -5.3-11.4 -5.4 15  0.0                           
072258070419105877デルマグレムリン　　　　　　　　　　 14.4  3.4 -1.9  7.5  1.6 22 25.0                           
072258070518105187ブレーヴジャッカル　　　　　　　　　 27.4  5.7 -7.9 -7.5 -5.1 15  0.0                           
072258070619106333ジャマン　　　　　　　　　　　　　　 10.8  2.7  4.7 28.9 10.4 30 22.1                           
072258070716100288クワイエット　　　　　　　　　　　　 62.4 11.8-11.5-15.7 -8.9 11  0.0  0                        
072258070819105080アストロフィライト　　　　　　　　　  3.3  1.5 19.8 24.0 14.5 34 16.2                           
072258070919105230ポーカー　　　　　　　　　　　　　　 13.8  3.2  8.5 10.8  6.4 26  0.0                           
072258071019100684ボルザコフスキー　　　　　　　　　　  8.5  2.4  4.7  6.1  3.6 24  0.0                           
072258071119105151ミッキーフローガ　　　　　　　　　　 20.1  4.4 -2.5-12.1 -4.5 15  0.0                           
072258071219104738サウンドクレア　　　　　　　　　　　 36.9  7.4 -9.3-12.1 -7.0 13  0.0                           
072258071319106925ムーンリットナイト　　　　　　　　　 17.8  4.0 -0.4  6.6  1.8 22  0.0                           
072258071419103584オラヴェリタス　　　　　　　　　　　  7.8  2.3 11.6 11.0  7.6 28  0.0                           
072258080119104589トウセツ　　　　　　　　　　　　　　  2.1  1.2 22.3 19.0 13.9 44 16.2                           
072258080218104729ワセダハーツ　　　　　　　　　　　　 30.0  5.5 -5.1 -4.3 -3.2 27  0.0                           
072258080318102041ブルレスカ　　　　　　　　　　　　　 25.5  4.8 -7.2-11.0 -5.9 24  0.0                           
072258080418103755ペイシャオウユー　　　　　　　　　　 42.8  7.5 -9.3-10.6 -6.6 23  0.0                           
072258080519100252マルモリスペシャル　　　　　　　　　 16.6  3.4  6.6 21.6  8.9 39  0.0  3                        
072258080617103341アイスヴィスタ　　　　　　　　　　　 22.4  4.3 -2.7-10.2 -4.1 26  0.0                           
072258080718105405ファーストソリスト　　　　　　　　　 87.3 14.3-11.5-13.7 -8.3 22  0.0                           
072258080818106448トミケンカラバティ　　　　　　　　　 27.9  5.1 -4.2-10.6 -4.7 25  0.0                           
072258080916104519レッドエンヴィー　　　　　　　　　　 18.5  3.7  4.8  6.8  3.8 34  0.0                           
072258081018105583サワヤカコーズサン　　　　　　　　　 47.7  8.3-11.5-10.2 -7.3 23  0.0                           
072258081118103470シゲルバクハツ　　　　　　　　　　　 14.0  2.9  4.2  6.1  3.4 33  0.0                           
072258081218103828ニホンピロハーバー　　　　　　　　　  5.2  1.6 15.4 14.5 10.0 40 17.7                           
072258081317106232オウケンロジータ　　　　　　　　　　 35.8  6.4-11.3-10.6 -7.3 23  0.0                           
072258081418104156ダッシュダクラウン　　　　　　　　　  5.4  1.7 12.7 13.4  8.7 39 19.1                           
072258081517106319メイショウコジョウ　　　　　　　　　 15.9  3.3  1.3  7.6  2.8 33 15.4                           
072258090120102188ルーカスミノル　　　　　　　　　　　  9.0  2.3  7.2 -2.8  1.8 22 14.4                           
072258090220102565スクーバー　　　　　　　　　　　　　  3.0  1.3 15.6  9.7  8.6 29 17.7                           
072258090320101139モルチャン　　　　　　　　　　　　　  4.5  1.5 14.5 15.7 10.0 30 19.1                           
072258090420100994マルモリキング　　　　　　　　　　　 19.0  3.8 -0.2 10.8  3.2 23  0.0  5                        
072258090520104144オマツリオトコ　　　　　　　　　　　  2.9  1.3 16.5 17.7 11.4 31 16.2                           
072258090620101652ドライグ　　　　　　　　　　　　　　 23.2  4.4-11.5 -8.5 -6.8 13  0.0                           
072258090720100800イナウィンク　　　　　　　　　　　　 11.9  2.6 -6.7-10.2 -5.5 14  0.0                           
072258090820110106アドバンスファラオ　　　　　　　　　 12.3  2.7  9.0 13.8  7.4 27  0.0  5                        
072258090920102751エミサキホコル　　　　　　　　　　　 11.1  2.5  6.5  6.1  4.2 24  0.0                           
072258100117105248オールザワールド　　　　　　　　　　  5.8  2.0 13.2 10.9  8.1 43 19.1                           
072258100218104011ファユエン　　　　　　　　　　　　　 22.1  5.1  1.0 -4.9 -1.1 34  0.0                           
072258100318104225リフレーミング　　　　　　　　　　　  6.6  2.2 14.7 14.0  9.6 45 14.4                           
072258100418105529ヘッズオアテールズ　　　　　　　　　  9.3  2.8  4.6 11.6  5.2 40  0.0                           
072258100517103890ニホンピロスクーロ　　　　　　　　　 34.2  7.5 -9.3-15.7 -8.1 27  0.0  0                        
072258100618104976マジカルステージ　　　　　　　　　　 52.8 11.3-11.5-10.9 -7.5 28  0.0                           
072258100718103489ホウオウリアリティ　　　　　　　　　 23.9  5.5 -8.5-10.6 -6.3 29  0.0                           
072258100817103293ホウオウエクレール　　　　　　　　　 21.5  5.0 -1.7 -6.2 -2.5 33  0.0                           
072258100917104989ストリクトコード　　　　　　　　　　  5.3  1.9 11.2 20.0 10.1 45 17.7                           
072258101019104762ポッドボレット　　　　　　　　　　　 34.3  7.5 -7.1 -7.2 -4.8 30  0.0                           
072258101117101695シンボ　　　　　　　　　　　　　　　 28.6  6.4 -7.3-10.6 -5.9 29  0.0                           
072258101216100269ジョウショームード　　　　　　　　　 67.4 13.8-11.9-15.7 -9.1 26  0.0  0                        
072258101318104579カレンルシェルブル　　　　　　　　　  3.3  1.5 18.2 19.5 12.5 48 16.2                           
072258101417105569サンテローズ　　　　　　　　　　　　 10.7  2.8  0.9  0.9  0.6 36  0.0                           
072258101517106125メイショウボサツ　　　　　　　　　　 37.9  8.3  1.1  8.7  3.0 38  0.0                           
072258101617105402ダノンセレスタ　　　　　　　　　　　 50.5 10.8-11.5-12.3 -7.9 27  0.0  0                        
072258101717109123イロゴトシ　　　　　　　　　　　　　 37.0  8.1-11.5-18.5 -9.8 25  0.0                           
072258110116103957デルマルーヴル　　　　　　　　　　　 39.1  7.8-11.4 -8.5 -6.7 43  0.0                           
072258110216105713ハヤブサナンデクン　　　　　　　　　  3.3  1.4 17.9 27.5 14.8 65 16.2                           
072258110316101455オーヴェルニュ　　　　　　　　　　　 21.5  4.6 -1.1 -4.5 -1.8 48  0.0                           
072258110415101447クリノフラッシュ　　　　　　　　　　 35.2  7.0-11.5 -9.1 -6.9 43  0.0                           
072258110517100988サンライズホープ　　　　　　　　　　 19.5  4.3  0.4  4.5  1.5 51  0.0                           
072258110618101012クリノドラゴン　　　　　　　　　　　 48.0  9.4 -8.5 10.8  0.1 50  0.0  5                        
072258110717100993エブリワンブラック　　　　　　　　　 38.8  7.7-11.9-12.8 -8.2 42  0.0  0                        
072258110819100630ハピ　　　　　　　　　　　　　　　　  3.7  1.5 18.6 22.9 13.7 64  0.0                           
072258110917105396ジュンライトボルト　　　　　　　　　  9.0  2.5  9.2 15.2  7.9 58 15.4                           
072258111015102979エイコーン　　　　　　　　　　　　　 64.1 12.0-11.5 -9.8 -7.2 43  0.0                           
072258111115105868サクラアリュール　　　　　　　　　　 25.2  5.2 -5.6  0.9 -1.8 48  0.0  5                        
072258111218104951バーデンヴァイラー　　　　　　　　　  5.3  1.8 13.3 16.7  9.9 60 19.1                           
072258111318103540ホウオウルバン　　　　　　　　　　　 23.6  4.9 -7.6 -8.4 -5.3 45  0.0                           
072258111419103593ハセドン　　　　　　　　　　　　　　  7.9  2.3  9.4 11.8  7.0 57 20.6                           
072258111515103217アルドーレ　　　　　　　　　　　　　 28.9  5.9-10.5-11.0 -7.2 43  0.0                           
072258111617102509レーヌブランシュ　　　　　　　　　　 46.7  9.1 -9.2-12.0 -7.0 43  0.0                           
072258120119103782ルピナスリード　　　　　　　　　　　  2.2  1.3 21.0 20.3 13.8 44 16.2                           
072258120218102091ウルトラソニック　　　　　　　　　　 35.7  6.6-12.1  2.2 -3.8 26  0.0                           
072258120319110102デュガ　　　　　　　　　　　　　　　  8.1  2.2 11.5 11.0  7.5 38  0.0  0                        
072258120418105325ダノンシュネラ　　　　　　　　　　　 39.1  7.2-11.5 -7.2 -6.4 24  0.0                           
072258120518101573セイレーン　　　　　　　　　　　　　 26.6  5.1-11.5 -7.5 -6.5 24  0.0  0                        
072258120618106391メイショウイジゲン　　　　　　　　　 29.5  5.6-10.2-11.4 -7.2 23  0.0                           
072258120716102102クリノオウジャ　　　　　　　　　　　 22.7  4.4 -0.8-14.7 -4.7 25  0.0                           
072258120817103885アサケエース　　　　　　　　　　　　 13.5  3.0 -3.3-18.0 -6.6 23 25.0  0                        
072258120919106870カジュフェイス　　　　　　　　　　　 11.5  2.6 12.0 14.4  8.7 39  0.0                           
072258121018103084カバーガール　　　　　　　　　　　　 12.4  2.8  1.1 -2.4 -0.3 30  0.0                           
072258121118109052エコロデイジー　　　　　　　　　　　  8.2  2.2 11.7 20.4 10.4 40  0.0  3                        
072258121216101894アンジュミニョン　　　　　　　　　　  5.3  1.8 15.1 25.0 13.0 43 17.7  1  257   39              
072258121317103020ダンツイノーバ　　　　　　　　　　　 22.1  4.3-11.5  6.1 -2.4 28 18.5                           
