062544010119105366フェーングロッテン　　　　　　　　　  2.0  1.2 25.0 20.3 14.9 15 15.9                           
062544010221103916スラーヴァ　　　　　　　　　　　　　 17.4  3.2 -4.6 -6.1 -3.6 -4  0.0                           
062544010321110146ゴールデンルーキー　　　　　　　　　 15.5  2.9 -1.3  5.6  1.7  2  0.0                           
062544010420105031シュハリ　　　　　　　　　　　　　　  5.3  1.5 13.6  9.3  7.5  7 18.8                           
062544010520109148ゴーツウキリシマ　　　　　　　　　　 12.6  2.5 -0.8 -1.9 -0.9 -1  0.0                           
062544010622103884スティルシャイニン　　　　　　　　　 27.8  4.6 -8.8  9.9  1.0  1  0.0                           
062544010721104770フォーディアライフ　　　　　　　　　  6.0  1.6 13.1 10.0  7.6  8 10.1                           
062544010819101023アルカンサス　　　　　　　　　　　　  4.1  1.4 16.7 26.9 14.9 15  8.7  2                        
062544010922103025リケアルフナ　　　　　　　　　　　　 40.6  6.5-11.7 -3.5 -4.8 -5  0.0                           
062544020123102360スターオブブライト　　　　　　　　　 26.6  4.5 -8.9-14.0 -7.8 -3  0.0                           
062544020223103256ユキノサイエンス　　　　　　　　　　 16.6  3.1  9.3  6.8  5.3 10  0.0                           
062544020323106437リュウセイコウテイ　　　　　　　　　 62.8  9.4-10.3 14.0  2.0  7  0.0                           
062544020423109094ラブデウザ　　　　　　　　　　　　　 96.0 14.0-11.7 -1.9 -4.2  1  0.0                           
062544020523101101エンカウンターベイ　　　　　　　　　 16.4  3.1  5.8  1.0  2.1  7  0.0  5                        
062544020623109116キリシマネロ　　　　　　　　　　　　 94.2 13.8-11.7-17.3 -9.9 -5  0.0                           
062544020723100006セイウンヤオヨロズ　　　　　　　　　 28.9  4.8 -6.7  2.7 -1.0  4  0.0                           
062544020823103418フクチャンショウ　　　　　　　　　　  2.5  1.3 19.0 28.7 16.2 21 15.9                           
062544020923104165ソークール　　　　　　　　　　　　　106.7 15.5-12.1 -2.6 -4.6  0  0.0                           
062544021023105436スレドナゴラ　　　　　　　　　　　　 12.7  2.5  4.0  8.0  4.1  9 10.9                           
062544021123103032ロンドンオービタル　　　　　　　　　  2.9  1.3 20.7  8.1  9.2 14 17.3                           
062544021223104699ニシノコハルビヨリ　　　　　　　　　 44.6  7.1 -2.4 -7.6 -3.5  1  0.0                           
062544021323106608エレクトロン　　　　　　　　　　　　 10.9  2.3  7.7  1.5  2.9  8  0.0                           
062544021423100421カシノリアーナ　　　　　　　　　　　 57.0  8.6-12.1-16.5 -9.7 -5  0.0                           
062544021523100935トラスコンガーデン　　　　　　　　　 25.0  4.2-10.7 -2.0 -3.9  1  0.0                           
062544021623101177ムーンリットレイン　　　　　　　　　 11.0  2.3 11.3  9.6  6.9 12 10.1                           
062544030123103942ソードスレイプニル　　　　　　　　　 13.2  3.4  5.3 12.0  6.0 11  0.0                           
062544030223102312ラブソング　　　　　　　　　　　　　  5.8  2.0 13.4  6.2  6.3 11  9.4                           
062544030323105547パソドブレ　　　　　　　　　　　　　 32.4  7.2-12.1-10.3 -7.4 -2  0.0                           
062544030423102896カラーオブサクセス　　　　　　　　　  4.1  1.7 17.1 13.6 10.1 15  8.6                           
062544030523104221アビエーション　　　　　　　　　　　 36.5  8.0-12.1  1.5 -3.1  2  0.0                           
062544030623107439リケアリングイネ　　　　　　　　　　 81.9 16.7-12.1-12.7 -8.3 -3  0.0                           
062544030723103139サトミノアカリ　　　　　　　　　　　 23.3  5.3 -0.8  2.4  0.6  6  0.0                           
062544030823101106クイーンレグナント　　　　　　　　　  4.0  1.7 14.3 10.5  8.1 13 15.9                           
062544030923102881フレンドリーエール　　　　　　　　　  8.6  2.6  6.7  6.0  4.2  9 10.9                           
062544031023105359トーセンクリステル　　　　　　　　　 51.8 11.1-12.1  7.7 -0.8  4  0.0                           
062544031123100487ニャンモロー　　　　　　　　　　　　 14.3  3.6  4.1  9.7  4.8 10 13.0                           
062544031223102830リュウノエッセンス　　　　　　　　　 16.9  4.1 -2.5 -8.3 -3.8  1  0.0                           
062544031323100095ビップムーラン　　　　　　　　　　　  8.0  2.5  7.6  6.4  4.6 10  0.0                           
062544031423104033セイウンマナウス　　　　　　　　　　 11.7  3.1  3.9  1.0  1.5  7  0.0  5                        
062544031523102653フラゲルムデイ　　　　　　　　　　　 41.9  9.1-12.1 -9.9 -7.3 -2  0.0                           
062544040123102659シューティングガイ　　　　　　　　　 13.1  2.7  1.6  8.6  3.6  9  0.0  5                        
062544040223105433モウエエデショー　　　　　　　　　　 30.7  5.3 -6.9-11.3 -6.2 -1  0.0                           
062544040323104128ハクシンスマイル　　　　　　　　　　 62.5  9.9-11.7 -5.9 -5.7 -1  0.0                           
062544040423107440パワポケウォーズ　　　　　　　　　　 33.8  5.8-14.3 -9.1 -7.6 -3 14.5                           
062544040523100739ヤマタケボニータ　　　　　　　　　　 29.5  5.2 -5.2 -2.1 -2.3  3  0.0                           
062544040623100531ショウナンタヅナ　　　　　　　　　　 11.7  2.5 10.2 22.6 11.3 16 11.5                           
062544040723105589スターオブアダム　　　　　　　　　　  9.4  2.3  5.9 11.2  5.9 11 10.9  3                        
062544040823101758ワンダーディーン　　　　　　　　　　  4.7  1.6 20.1 10.4  9.8 15  8.7                           
062544040923100787エルアン　　　　　　　　　　　　　　  7.8  2.0  1.2 13.5  5.3 10 10.1                           
062544041023102674コウソクルリアン　　　　　　　　　　  6.7  1.8 12.0 13.0  8.4 13  0.0                           
062544041123110086サマーマッドネス　　　　　　　　　　  2.0  1.2 23.0 25.2 16.1 21  7.9                           
062544050123106467マイネルパーロル　　　　　　　　　　 33.0  5.9-10.3-10.0 -6.8 -7  0.0                           
062544050223107066シュガーシャック　　　　　　　　　　  4.5  1.5  6.5 11.7  6.2  6  9.4                           
062544050323103379ホールドミーワンス　　　　　　　　　 12.3  2.7  9.5  8.4  5.9  6 10.9                           
062544050423107364アクアマーズ　　　　　　　　　　　　  3.5  1.4 16.7 17.5 11.4 11  8.6                           
062544050523101559センジュキヨマル　　　　　　　　　　 41.5  7.2-12.1-13.8 -8.7 -9  0.0  0                        
062544050623103687ライヒスアドラー　　　　　　　　　　  2.6  1.2 21.3 17.5 12.8 13 15.9                           
062544050723101186タイセイカラーズ　　　　　　　　　　 26.0  4.8 -4.6-12.6 -6.0 -6  0.0                           
062544050823102336ダンシングアウェイ　　　　　　　　　 15.8  3.2  9.8  5.4  4.9  5  0.0                           
062544050923104913メイショウユウブ　　　　　　　　　　  5.6  1.7 13.9  9.0  7.5  7 10.1                           
062544051023103528ツルノマイハシ　　　　　　　　　　　 22.4  4.2 -5.1  7.7  1.3  1  0.0                           
062544060122106951ブレゲアン　　　　　　　　　　　　　 20.0  4.4 -2.5 -2.5 -1.7  3  0.0                           
062544060222100278ハーレムシャフル　　　　　　　　　　 46.2  9.1-12.3 -7.1 -6.3 -1  0.0  0                        
062544060322103236ギャランドゥ　　　　　　　　　　　　  2.5  1.3 19.2 18.8 12.7 18 15.9C                          
062544060422107387リカード　　　　　　　　　　　　　　  7.2  2.2  5.8  5.9  3.9  9 10.1                           
062544060522101286クラウンアールシー　　　　　　　　　 12.2  2.9  4.6 11.0  5.4 10  0.0                           
062544060622106620ウラルト　　　　　　　　　　　　　　 42.9  8.5-12.1-15.0 -9.1 -4  0.0  0                        
062544060722100875ドラゴンバスター　　　　　　　　　　 35.1  7.1  0.7-11.3 -3.9  1  0.0                           
062544060822101255ステイアンビシャス　　　　　　　　　  5.9  1.9  8.9  6.0  4.9 10  0.0                           
062544060922102662フラッシュタイム　　　　　　　　　　 63.7 12.0-12.1 -2.6 -4.6  0  0.0                           
062544061022106337ダブルメッセージ　　　　　　　　　　 30.6  6.3 -6.6-12.1 -6.4 -1 15.2                           
062544061122103083センジュコスモス　　　　　　　　　　 13.4  3.2  0.9  8.3  3.3  8  0.0  5                        
062544061222105308フローラルデザイン　　　　　　　　　 20.2  4.4 -7.2  7.3  0.5  6 13.7                           
062544061322101436サラニキケン　　　　　　　　　　　　  6.8  2.1 12.5 13.0  8.5 14  9.4                           
062544061422105856ポリアンセモス　　　　　　　　　　　 28.3  5.8 -7.0 -2.0 -2.8  2  0.0                           
062544061522106316ジーティーニャント　　　　　　　　　 62.2 11.7-12.1-10.0 -7.3 -2  0.0                           
062544061622100322マキャベリー　　　　　　　　　　　　 17.3  3.9  9.2  4.8  4.5 10  0.0                           
062544070122103353ストレートブラック　　　　　　　　　  6.2  2.0 11.3 16.8  9.6 15  9.4                           
062544070222105038シャンソンドール　　　　　　　　　　  3.4  1.5 21.0 25.2 15.5 21 15.9                           
062544070322106098イサムダイヤモンド　　　　　　　　　  8.9  2.7  2.4 12.1  5.2 10 10.1                           
062544070422106054ケイツーブル　　　　　　　　　　　　 24.8  5.6 -0.3  6.0  2.1  7  0.0                           
062544070522106347テンドリームガール　　　　　　　　　 13.4  3.4 -4.0 19.5  5.9 11  0.0                           
062544070622100860クラシカルカイザー　　　　　　　　　 25.1  5.6 -6.8  1.0 -1.7  3  0.0                           
062544070722101718ピコラ　　　　　　　　　　　　　　　 13.1  3.3  4.6 17.3  7.7 13 10.9                           
062544070822104911レガーロカリーノ　　　　　　　　　　 37.6  8.1 -9.2 -9.4 -6.2 -1  0.0  0                        
062544070922101966デルマサターン　　　　　　　　　　　125.1 24.7-11.7-14.6 -8.9 -4  0.0  0                        
062544071022105111ミッキーラサルダン　　　　　　　　　 23.2  5.2 -3.9-14.9 -6.6 -2  0.0  0                        
062544071122104187ムーンストラック　　　　　　　　　　 13.2  3.3 11.6  6.8  6.0 11  0.0                           
062544071222100979マイネルトラオム　　　　　　　　　　 25.3  5.7 -2.4 -2.0 -1.5  4  0.0                           
062544071322101455ピュルテ　　　　　　　　　　　　　　 30.7  6.7 -9.2 -5.1 -4.6  0  0.0                           
062544071422106811マイネルアウルム　　　　　　　　　　  4.7  1.8 13.8 17.5 10.6 16  0.0                           
062544071522102779グラツィオーソ　　　　　　　　　　　 29.3  6.4-15.0-15.0-10.0 -5  0.0  0                        
062544071622103159テーオービースト　　　　　　　　　　 83.2 16.7-11.7-11.9 -7.9 -3  0.0                           
062544071722105414テンミラージュ　　　　　　　　　　　 29.6  6.5 -6.6 -2.0 -2.7  2  0.0                           
062544071822103537スピアッジャローザ　　　　　　　　　 51.8 10.9 -3.0  2.1 -0.1  5 18.7                           
062544080120100307オブシディアン　　　　　　　　　　　 43.9 10.5-12.1 -9.9 -7.3 13  0.0                           
062544080221101533シンボリノエル　　　　　　　　　　　 14.5  4.0 -7.0 10.7  1.8 22  0.0  5                        
062544080322103115キョウキランブ　　　　　　　　　　　  7.7  2.6  8.6 16.6  8.7 29 11.5                           
062544080422100045レイズサンライズ　　　　　　　　　　137.5 30.6-14.3-10.2 -8.0 12  0.0                           
062544080522106195アンガアヴィス　　　　　　　　　　　 71.8 16.3-12.1-12.7 -8.3 12  0.0                           
062544080619103219ブレイクザアイス　　　　　　　　　　 77.9 17.6 -6.8-10.0 -5.7 14  0.0                           
062544080722100083ソラノキャンバス　　　　　　　　　　 39.2  9.4-13.0 -8.4 -7.0 13  0.0                           
062544080822107011ニシノブレイゼスト　　　　　　　　　  7.2  2.5  4.3 21.4  9.1 29  0.0                           
062544080922106099ハルノアラシ　　　　　　　　　　　　  6.3  2.3 17.3 -8.9  1.9 22 10.1                           
062544081021104382ノーブルニードル　　　　　　　　　　 29.7  7.3-11.7 -9.3 -6.9 13  0.0                           
062544081122106545カンレイスキー　　　　　　　　　　　  5.9  2.2 16.0  2.5  5.7 26  9.4                           
062544081222105474シャドウキャッスル　　　　　　　　　  4.6  1.9 11.3  9.0  6.7 27  0.0                           
062544081320104354ジャクソン　　　　　　　　　　　　　 41.7 10.0-10.3  6.8 -0.6 19  0.0                           
062544081422105863ルシャルムール　　　　　　　　　　　  5.6  2.1 12.1  5.2  5.5 26 17.3C                          
062544081521104831マーゴットソラーレ　　　　　　　　　 14.1  3.9  6.8  6.0  4.2 24 13.0                           
062544081622100306フジレイメイ　　　　　　　　　　　　 11.1  3.2  8.8 10.6  6.5 27  0.0                           
062544090121105802ミスティア　　　　　　　　　　　　　 12.9  2.9 -1.9  0.4 -0.4 30 11.5                           
062544090221105556ガルサブランカ　　　　　　　　　　　  3.7  1.4 14.3 21.6 12.2 42 18.8  1  113   77              
062544090322101765ピコローズ　　　　　　　　　　　　　  5.8  1.8  6.7  6.3  4.3 34  0.0                           
062544090421101580メイショウヨゾラ　　　　　　　　　　  3.5  1.4 17.2 16.3 11.1 41 17.3                           
062544090519105477ロムネヤ　　　　　　　　　　　　　　 18.9  3.9-12.1-11.4 -7.8 22  0.0  0                        
062544090622105783ネーヴェフレスカ　　　　　　　　　　 13.3  3.0  1.9 -5.4 -1.4 29  0.0                           
062544090722104864スマートミストラル　　　　　　　　　  2.9  1.3 20.0 16.4 12.0 42  0.0                           
062544090820103241ケイデンシーマーク　　　　　　　　　 11.0  2.6  3.1  3.5  2.2 32 10.9                           
062544100119105197ブラックシールド　　　　　　　　　　 13.0  3.0  4.8  6.0  3.6 39  0.0                           
062544100220103049ミカッテヨンデイイ　　　　　　　　　 32.3  6.4-10.3-10.0 -6.8 28  0.0                           
062544100321105004ホークフィールド　　　　　　　　　　 31.2  6.2 -6.9-10.1 -5.8 29  0.0                           
062544100419100768マイネルニコラス　　　　　　　　　　 22.5  4.7-12.1-14.1 -8.8 26  0.0                           
062544100521100225モズマーヴェリック　　　　　　　　　 15.4  3.5 11.9  3.0  4.7 40  0.0                           
062544100619105462ソリダリティ　　　　　　　　　　　　  5.6  1.8 15.2 13.1  9.4 44  9.4                           
062544100720103679ダニーデン　　　　　　　　　　　　　 12.7  3.0  3.7-10.0 -2.6 32 10.1                           
062544100820103590ココクレーター　　　　　　　　　　　 13.1  3.0 -2.6 -2.0 -1.5 33  0.0                           
062544100920103947ホウオウムサシ　　　　　　　　　　　  3.6  1.5 14.5 13.5  9.3 44 17.3                           
062544101018103507イヤサカ　　　　　　　　　　　　　　 24.9  5.1-12.1-16.5 -9.7 25  0.0                           
062544101120103920フェミナフォルテ　　　　　　　　　　 38.5  7.5 -9.7 -3.4 -4.2 31  0.0                           
062544101220100809アマイ　　　　　　　　　　　　　　　 15.3  3.4  0.7 -1.7 -0.4 35  0.0                           
062544101321106954アスクナイスショー　　　　　　　　　  3.2  1.4 18.8 22.7 14.0 49 15.9                           
062544101418105162レッドヴェロシティ　　　　　　　　　 33.9  6.7 -4.8 -9.7 -5.0 30  0.0  0                        
062544110120102186ルクスメテオール　　　　　　　　　　 33.5  6.2-12.9-10.1 -7.6 37  0.0                           
062544110218110126ジャスパーゴールド　　　　　　　　　 28.4  5.4 -1.0 -4.4 -1.9 43  0.0                           
062544110322105244ポッドベイダー　　　　　　　　　　　  8.8  2.3  7.7  1.0  2.7 48 18.8                           
062544110420109102サウザンサニー　　　　　　　　　　　 16.6  3.5 -4.5-13.5 -6.3 39  0.0                           
062544110521100768ジョーローリット　　　　　　　　　　 35.3  6.5-12.9-10.9 -7.9 37  0.0                           
062544110619106214フルム　　　　　　　　　　　　　　　 40.8  7.5 -1.9 -2.7 -1.6 43  0.0                           
062544110718105998ロードエクレール　　　　　　　　　　 32.8  6.1 -8.4-14.4 -7.8 37  0.0  0                        
062544110819105761エティエンヌ　　　　　　　　　　　　 12.6  2.8  0.1  2.4  0.9 46  0.0                           
062544110921110056エコロガイア　　　　　　　　　　　　 29.4  5.6 -9.8 -4.4 -4.6 40  0.0                           
062544111020102751エミサキホコル　　　　　　　　　　　 19.4  4.0  1.5 -4.1 -1.1 44  0.0                           
062544111121110069エスカル　　　　　　　　　　　　　　 14.5  3.1 10.2 18.3  9.8 55  0.0                           
062544111219105741イスラアネーロ　　　　　　　　　　　 33.0  6.2  2.5 -5.9 -1.4 44  0.0                           
062544111320106015バグラダス　　　　　　　　　　　　　 14.7  3.2  6.2  6.0  4.1 49  0.0                           
062544111419100450ファロロジー　　　　　　　　　　　　 29.2  5.5-12.9-10.1 -7.6 37  0.0                           
062544111521100130ロードフォアエース　　　　　　　　　  3.0  1.4 23.4 25.0 16.2 61 15.9  4                        
062544111621110055ブシン　　　　　　　　　　　　　　　  3.2  1.4 19.3 29.0 16.4 61 17.3                           
062544120122106691エンペラーズソード　　　　　　　　　  4.5  1.6 19.5 16.5 11.9 32  8.7                           
062544120222100700ポッドロルフ　　　　　　　　　　　　 33.6  6.8 -5.4  6.8  0.9 21  0.0                           
062544120322101425エナジーショット　　　　　　　　　　  5.1  1.7 12.6 20.0 11.1 31  0.0                           
062544120422106741メイリー　　　　　　　　　　　　　　 25.7  5.3 -0.1-10.0 -3.7 16  0.0                           
062544120522104811アセンブリールーム　　　　　　　　　 10.9  2.7  5.4  5.6  3.7 24 10.8                           
062544120622100678ニシノヒナアラレ　　　　　　　　　　121.7 22.2-12.1-10.0 -7.3 13  0.0                           
062544120720101598マジカルワード　　　　　　　　　　　 98.3 18.1-11.7-10.6 -7.4 13  0.0                           
062544120822101663ザカート　　　　　　　　　　　　　　 26.5  5.5 -8.5-13.6 -7.5 12  0.0                           
062544120922101517マニス　　　　　　　　　　　　　　　 57.1 10.8-10.3  7.3 -0.4 20  0.0                           
062544121020102741アサクサヴィーナス　　　　　　　　　 34.6  7.0 -5.0-13.6 -6.5 14 15.9                           
062544121121104137ミエノブラボー　　　　　　　　　　　 15.9  3.6  0.8  8.0  3.2 23  0.0                           
062544121222104953モティスフォント　　　　　　　　　　  2.8  1.4 19.2 17.8 12.3 32 15.9                           
062544121322104533チョングク　　　　　　　　　　　　　 33.2  6.7 -3.0-13.8 -6.0 14  0.0  0                        
062544121421105077レイククレセント　　　　　　　　　　  7.0  2.1  2.8  7.8  3.7 24 10.1                           
062544121522101574オーケースマイル　　　　　　　　　　 39.1  7.8-10.3 -8.9 -6.4 14  0.0                           
062544121622100511サザンティスプーン　　　　　　　　　 18.5  4.1  8.6  2.3  3.4 23  0.0                           
092544010123100537アロハマウロア　　　　　　　　　　　 34.4  6.1-11.3-10.2 -7.2 -2  0.0                           
092544010223103378レザーアンドレース　　　　　　　　　 19.6  3.8 -2.0-11.4 -4.2  1  0.0                           
092544010323106638ウイッチボニータ　　　　　　　　　　 14.8  3.0 -0.5 -2.1 -0.8  4  0.0                           
092544010423102577アンジュプロミス　　　　　　　　　　  8.1  2.1 14.1  9.3  8.0 13 19.1                           
092544010523104768アメジストブルー　　　　　　　　　　 25.3  4.6-11.3-15.0 -8.6 -4  0.0                           
092544010623100986サンタカリス　　　　　　　　　　　　 34.3  6.0 -4.5 -4.8 -3.1  2  0.0                           
092544010723102889エボニードール　　　　　　　　　　　  8.9  2.3  4.7 12.4  5.4 10 14.4                           
092544010823102480サンタクローチェ　　　　　　　　　　 28.9  5.2 -3.8 -8.9 -4.1  1  0.0                           
092544010923101113フェスティヴドレス　　　　　　　　　 11.9  2.6 10.9  8.9  6.7 12  0.0                           
092544011023101166ラブルラウザー　　　　　　　　　　　  2.7  1.3 19.9 12.8 11.1 16 16.2                           
092544011123104469ファインブルー　　　　　　　　　　　 33.8  6.0-11.3-10.2 -7.2 -2  0.0                           
092544011223104454ツーエムボヌール　　　　　　　　　　 16.0  3.2  4.0  6.2  3.3  8  0.0                           
092544011323107132ビタールート　　　　　　　　　　　　  3.2  1.4 17.3 14.5 10.7 16 17.7                           
092544020123103297シャローアロス　　　　　　　　　　　  4.4  1.6 15.8 30.0 14.8 20 17.7  2                        
092544020223101690ケンヴォイジャー　　　　　　　　　　 29.2  5.7-11.3-10.3 -7.2 -2  0.0                           
092544020323106226ナムラヒナギク　　　　　　　　　　　 20.0  4.2 -3.3  9.0  1.5  6  0.0                           
092544020423106420コスモファーブロス　　　　　　　　　 17.7  3.8 -2.9 14.7  3.3  8  0.0                           
092544020523105685ダイヤモンドノット　　　　　　　　　  5.7  1.8  8.0 11.3  6.3 11 20.6                           
092544020623102899ルビーエクリプス　　　　　　　　　　 21.8  4.4 -5.6-17.0 -7.2 -2  0.0  0                        
092544020723105348ジョーカー　　　　　　　　　　　　　  5.4  1.7 13.4 16.6  9.9 15 13.4                           
092544020823105241テーオーアルアイン　　　　　　　　　  8.9  2.4 11.0  7.8  6.4 11  0.0                           
092544020923103503プレセピオ　　　　　　　　　　　　　 11.6  2.7  1.1 18.9  6.1 11  0.0                           
092544021023105273フォーゲル　　　　　　　　　　　　　  2.5  1.3 19.7 18.9 12.9 18 16.2                           
092544030122105003オブラマエストラ　　　　　　　　　　 18.7  3.7 -6.9  2.9 -1.7  3  0.0                           
092544030222100622マジックローズ　　　　　　　　　　　 15.7  3.3  3.0 -4.6 -0.3  5  0.0                           
092544030322102133ミライエイゴウ　　　　　　　　　　　 29.1  5.4 -0.7  2.5  0.5  5 21.6                           
092544030422105794ラテライト　　　　　　　　　　　　　  5.6  1.7  7.1 16.9  7.7 13 17.7                           
092544030522102325ブルーセルリアン　　　　　　　　　　139.4 22.7-11.3 -9.1 -6.9 -2  0.0                           
092544030622100272ヌーヴェルソール　　　　　　　　　　 31.1  5.7 -7.0-11.8 -6.1 -1 33.8                           
092544030722103940クインズマカロン　　　　　　　　　　 30.6  5.6 -3.0 -4.2 -2.4  3  0.0                           
092544030822102554メイショウカジボウ　　　　　　　　　  7.9  2.1  9.6  9.5  6.4 11  0.0                           
092544030922103346メイショウヨンク　　　　　　　　　　 25.0  4.7 -1.8 -1.5 -1.1  4  0.0                           
092544031022101417フランキーバローズ　　　　　　　　　  2.1  1.2 20.7 24.3 14.9 20 16.2                           
092544031122105103ザンクトガレン　　　　　　　　　　　 26.8  5.0 -8.4-12.3 -6.8 -2  0.0                           
092544031222110155エーピーポエティス　　　　　　　　　 45.3  8.0 -6.9-10.2 -5.6 -1  0.0                           
092544031322102852モズシューター　　　　　　　　　　　 28.9  5.4 -8.9 -9.3 -6.1 -1  0.0                           
092544031422110091アルデフォックス　　　　　　　　　　  7.3  2.0  6.6 15.2  7.0 12  0.0  3                        
092544031522103463サラサラヘアー　　　　　　　　　　　 80.7 13.4-11.8-10.2 -7.4 -2  0.0                           
092544031622110074タヴァネスタン　　　　　　　　　　　 19.4  3.9  3.6  7.6  3.6  9  0.0  5                        
092544040122103627オーウェンズバレー　　　　　　　　　 25.3  6.0 -4.9 -9.1 -4.5  0  0.0                           
092544040222102210テーオーヴァルナイ　　　　　　　　　 15.3  3.9 -4.6 18.0  3.7  9  0.0                           
092544040322102490ニネンエフグミ　　　　　　　　　　　  5.4  2.0 10.7 11.8  7.5 12 17.7                           
092544040422102208テーオーテバルディ　　　　　　　　　 23.7  5.6 -5.6 -6.5 -4.0  1  0.0                           
092544040522105533ニーナバイリッカ　　　　　　　　　　 52.5 11.7-11.3-12.5 -7.9 -3  0.0                           
092544040622100361オオデンタ　　　　　　　　　　　　　  3.8  1.7 19.1 18.6 12.6 18 16.2                           
092544040722105736ヴァルドグラース　　　　　　　　　　 83.7 17.8-11.3-15.0 -8.6 -4  0.0  0                        
092544040822106007リリードリーマー　　　　　　　　　　  8.1  2.6  0.4  6.8  2.2  7 15.4                           
092544040922104391ヴィヴァシャス　　　　　　　　　　　 12.4  3.3  3.8 14.2  5.7 11  0.0                           
092544041022100359ラヴィングユー　　　　　　　　　　　 76.4 16.3-11.3-10.0 -7.1 -2  0.0                           
092544041122100329テイエムタワードン　　　　　　　　　 26.0  6.1  1.0 -4.6 -1.0  4  0.0                           
092544041222103134メイショウアイク　　　　　　　　　　 33.5  7.7-11.3-11.4 -7.6 -3  0.0                           
092544041322103056ムギトルナ　　　　　　　　　　　　　 19.5  4.8  4.4  9.3  4.4  9  0.0  5                        
092544041422103482ステラノヴァ　　　　　　　　　　　　  6.5  2.2 12.5 10.3  7.7 13  0.0                           
092544041522102917モズアカトンボ　　　　　　　　　　　 15.7  4.0  3.0 -2.8  0.3  5  0.0  0                        
092544041622104408トップレディー　　　　　　　　　　　  5.9  2.1 10.5 25.2 11.4 16 19.1  5                        
092544050123103471プレイザリード　　　　　　　　　　　  4.1  1.7 11.5 12.7  8.0  8 13.4                           
092544050223100333アンコンケラブル　　　　　　　　　　 17.0  5.6 -9.5 -7.1 -5.6 -6  0.0                           
092544050323106243ナムラヴンダー　　　　　　　　　　　  8.1  3.1 11.4 11.5  7.6  8 20.6                           
092544050423106874ジャスティンルマン　　　　　　　　　  1.8  1.2 22.5 27.7 16.6 17 16.2  1  154   52              
092544050523106921ブルースカイブルー　　　　　　　　　  3.8  1.6 16.7 17.1 11.3 11 17.7                           
092544050623104905テイエムプレミラン　　　　　　　　　 14.6  4.8 -0.1 -0.5 -0.2  0  0.0                           
092544050723100427クーレスト　　　　　　　　　　　　　 19.7  6.4 -7.6-11.6 -6.3 -6  0.0                           
092544060123107221シャンドラファール　　　　　　　　　  8.8  2.2 12.0  5.0  5.9  6  0.0                           
092544060223101412クリコバロー　　　　　　　　　　　　 42.8  7.2-11.3-12.7 -8.0 -8  0.0                           
092544060323103329ウンナターシャ　　　　　　　　　　　 12.1  2.5  1.1  9.6  3.3  3  0.0                           
092544060423104988メイショウシンガン　　　　　　　　　  8.9  2.2 11.8 16.7  9.3  9 20.6  2                        
092544060523101694ケンフィールド　　　　　　　　　　　 26.5  4.7 -2.1-11.6 -4.3 -4  0.0                           
092544060623106858ベベペッパー　　　　　　　　　　　　 19.3  3.7 -6.9 -3.8 -3.7 -4 26.5                           
092544060723105052メイショウバンサン　　　　　　　　　 13.9  2.8  3.8  7.0  3.5  3  0.0                           
092544060823110071ウェイニースー　　　　　　　　　　　  2.3  1.3 22.0 22.4 14.8 15 16.2                           
092544060923102981ヒロノスカイ　　　　　　　　　　　　 29.8  5.2 -8.8 -5.8 -5.0 -5  0.0                           
092544061023104236サニーサイドラガー　　　　　　　　　 27.7  4.9-11.8-16.8 -9.4 -9  0.0  0                        
092544061123107348ピードモント　　　　　　　　　　　　  3.7  1.5 14.9 15.9 10.2 10 12.4                           
092544061223102844テーオータウンズ　　　　　　　　　　 12.6  2.6  0.1-12.7 -3.8 -4  0.0  0                        
092544070122104988ロンドボス　　　　　　　　　　　　　  4.4  1.6 15.5 19.1 11.4 31 17.7                           
092544070222105831フェルシナ　　　　　　　　　　　　　 13.6  2.9 -3.6  1.8 -0.8 19  0.0                           
092544070321101825ナムライリス　　　　　　　　　　　　 53.4  9.4-11.3-12.3 -7.8 12  0.0                           
092544070422106618ジェルブロア　　　　　　　　　　　　 11.7  2.6  8.4  9.2  5.8 26 20.6                           
092544070521107242ルージュラメンテ　　　　　　　　　　 29.2  5.5-10.1-10.2 -6.8 13  0.0                           
092544070622100381オリバナム　　　　　　　　　　　　　 14.7  3.1 10.9 -3.1  3.1 23 16.5                           
092544070721105141パシフィックハイ　　　　　　　　　　 17.5  3.6  4.1 -4.8  0.1 20  0.0                           
092544070821105739オリーボーレン　　　　　　　　　　　 25.3  4.8 -5.8  7.6  0.2 20  0.0  5                        
092544070922102550メイショウピリカ　　　　　　　　　　 44.3  7.9 -9.1-10.3 -6.4 14  0.0                           
092544071022107012ニシノイツキムスメ　　　　　　　　　 18.5  3.8  2.0 -2.7 -0.1 20  0.0  0                        
092544071121103488ジャンヌローサ　　　　　　　　　　　 31.1  5.8 -8.9 -7.2 -5.4 15  0.0                           
092544071221103449モアニ　　　　　　　　　　　　　　　 23.4  4.5 -3.0  1.6 -0.6 19  0.0  5                        
092544071322105988ジーティードレス　　　　　　　　　　  6.5  1.9 10.5  8.5  6.4 26  0.0                           
092544071422105098マディソンガール　　　　　　　　　　  2.4  1.3 23.0 22.4 15.2 35 16.2                           
092544080122102196サンライズシュガー　　　　　　　　　  6.3  1.7  6.6 10.4  5.5 26 19.1                           
092544080221105562シャンパンポップ　　　　　　　　　　  2.4  1.2 21.9 26.0 15.8 36 16.2                           
092544080322110051チムニートップス　　　　　　　　　　 17.0  3.2 -1.6 -3.6 -1.7 18  0.0  0                        
092544080421105719ダノンウィルヘルム　　　　　　　　　 33.9  5.7 -6.9 -5.3 -4.1 16  0.0                           
092544080522104311ヤングアメリカンズ　　　　　　　　　 55.3  8.7 -8.5-10.9 -6.4 14  0.0                           
092544080621110097ブルーワール　　　　　　　　　　　　 12.5  2.6 10.3 -5.9  2.0 22  0.0                           
092544080722102383ニヒトツーゼーア　　　　　　　　　　 19.0  3.5  1.6  9.3  3.4 23 18.5                           
092544080822105055レッドボブ　　　　　　　　　　　　　  3.3  1.4 17.5 25.7 14.1 34 17.7  2                        
092544080922105727メリトーリアス　　　　　　　　　　　 33.6  5.7 -7.3 -7.5 -4.9 15  0.0                           
092544081022104496スコーピオンイメル　　　　　　　　　 12.7  2.6 -0.4  3.8  1.0 21  0.0                           
092544081121104936ワーキングアセット　　　　　　　　　 31.5  5.4-10.1-10.2 -6.8 13  0.0                           
092544081220103433ヴァリージア　　　　　　　　　　　　 15.4  3.0  0.2 -3.1 -0.9 19  0.0                           
092544081322110071ジーティーララバイ　　　　　　　　　 49.5  8.0-12.8-12.5 -8.4 12  0.0                           
092544090122104050プチプラージュ　　　　　　　　　　　 47.9  6.6-12.8-10.5 -7.8 22  0.0                           
092544090220101121ハッピーアズラリー　　　　　　　　　 20.9  3.3  4.9 -4.2  0.5 31 17.5                           
092544090319105330パーサヴィアランス　　　　　　　　　 17.3  2.9 -4.4 -8.9 -4.3 26  0.0                           
092544090419100606ヤマニンループ　　　　　　　　　　　  4.3  1.3 19.1 15.9 11.8 42 19.1                           
092544090522105073エコロディノス　　　　　　　　　　　  1.9  1.2 23.5 21.1 14.9 45 16.2                           
092544090619105824アレナリア　　　　　　　　　　　　　 11.3  2.1 10.7  9.8  6.9 37  0.0                           
092544090719100326イーサンアイ　　　　　　　　　　　　 33.3  4.8-11.3-10.2 -7.2 23  0.0                           
092544090821105585カリーニョ　　　　　　　　　　　　　  3.4  1.2 15.4 22.1 12.3 42 17.7  2                        
092544090920105542ドンアチェカ　　　　　　　　　　　　 20.3  3.2 -4.9-13.4 -5.8 24  0.0                           
092544100121105255ハワイアンティアレ　　　　　　　　　  4.4  1.6 13.0 15.5  9.4 44 17.7                           
092544100220103729アロマデローサ　　　　　　　　　　　 25.6  5.2 -4.8 -4.4 -3.1 32  0.0                           
092544100320104013プッシュオン　　　　　　　　　　　　 15.8  3.5 -0.5 -8.9 -2.9 32  0.0                           
092544100422105108モンテシート　　　　　　　　　　　　  5.3  1.7  9.3 10.1  6.4 41 19.1  5                        
092544100521100143メルトユアハート　　　　　　　　　　 26.6  5.3-11.8 -7.5 -6.6 28  0.0                           
092544100620105354サクセスアイ　　　　　　　　　　　　 25.3  5.1 -2.2  1.3 -0.4 35  0.0  0                        
092544100720103688ダズリングブレイヴ　　　　　　　　　  6.6  2.0 12.6  3.0  5.5 41 15.4                           
092544100821107098ラヴァンダ　　　　　　　　　　　　　  2.7  1.3 21.9 19.5 13.9 49 16.2                           
092544100921100316アジアミッション　　　　　　　　　　 36.8  7.1-11.8-10.2 -7.4 28  0.0                           
092544101022106768マイネルチケット　　　　　　　　　　  5.4  1.7 13.8 13.6  9.1 44  0.0                           
092544101121105746アルトゥーム　　　　　　　　　　　　 28.0  5.6 -4.6  7.6  0.6 36  0.0  5                        
092544110122105157ルージュソリテール　　　　　　　　　  8.6  2.5  5.5 13.2  6.0 61  0.0                           
092544110222105078ミッキーマドンナ　　　　　　　　　　 16.2  3.9 -8.1 -6.7 -5.0 50  0.0                           
092544110322103304ダンツエラン　　　　　　　　　　　　 63.0 12.5-11.8-10.3 -7.4 48  0.0                           
092544110422106322フェアリーライク　　　　　　　　　　 19.4  4.5  0.1 -9.5 -2.8 52  0.0                           
092544110522103546パラディレーヌ　　　　　　　　　　　  7.3  2.3 12.1 23.0 11.3 66 19.1                           
092544110622104617ヴーレヴー　　　　　　　　　　　　　 28.9  6.2-11.3-13.0 -8.0 47  0.0                           
092544110722103245ミッキージュエリー　　　　　　　　　 11.1  2.8 11.0 11.6  7.5 63 22.1                           
092544110822105778チェルビアット　　　　　　　　　　　  5.7  2.0 13.5 19.6 10.8 66 12.4  2                        
092544110922106562タガノアビー　　　　　　　　　　　　 12.0  3.0  2.9  8.1  3.5 58  0.0                           
092544111022104885テレサ　　　　　　　　　　　　　　　 20.3  4.7 -6.9 -8.4 -5.1 50  0.0  5                        
092544111122105402カムニャック　　　　　　　　　　　　  2.9  1.4 19.8 24.3 14.6 70 16.2                           
092544111222102500マトラコーニッシュ　　　　　　　　　 31.2  6.7-11.3-11.0 -7.4 48  0.0                           
092544111322103875アイサンサン　　　　　　　　　　　　 47.3  9.8 -8.8-10.4 -6.3 49  0.0                           
092544111422105433セナスタイル　　　　　　　　　　　　 32.8  7.0-10.4 -5.3 -5.4 50  0.0                           
092544111522105014タイセイプランセス　　　　　　　　　 48.1 10.0 -1.7 19.9  5.3 60  0.0                           
092544111622100201コンドゥイア　　　　　　　　　　　　 69.4 13.7-11.8-10.2 -7.4 48  0.0                           
092544111722105291ランフォーヴァウ　　　　　　　　　　 41.9  8.8 -9.0-10.2 -6.4 49  0.0                           
092544111822105192ビップデイジー　　　　　　　　　　　 34.1  7.3 -7.3 -6.1 -4.5 50  0.0                           
092544120122105748リードプリンシパル　　　　　　　　　  8.0  2.0  6.5  8.8  5.0 25 19.1                           
092544120222104326コパノマロン　　　　　　　　　　　　 38.1  6.2 -6.9 -4.2 -3.8 16 22.7                           
092544120322100660ロードヴァルカン　　　　　　　　　　 24.8  4.3 -1.2  2.5  0.3 20  0.0                           
092544120420106182メイショウホウセン　　　　　　　　　 17.6  3.3 -0.3 12.7  3.7 24  0.0                           
092544120522107147キョラムン　　　　　　　　　　　　　  2.9  1.3 18.2 17.2 11.8 32 17.7                           
092544120622104729サマーナイト　　　　　　　　　　　　 24.5  4.2 -6.9-11.1 -5.9 14  0.0                           
092544120721103575アイスリンディ　　　　　　　　　　　 52.3  8.2-11.3-13.1 -8.1 12  0.0                           
092544120822103195ヴェントインコーダ　　　　　　　　　 20.2  3.6 -1.8  9.0  2.0 22  0.0                           
092544120921103550キープライジング　　　　　　　　　　 61.8  9.4-11.3-13.8 -8.3 12  0.0                           
092544121022102003スレッドザニードル　　　　　　　　　 45.8  7.3-11.3-10.4 -7.3 13  0.0                           
092544121121101443エブライト　　　　　　　　　　　　　 14.0  2.7  9.8 -4.1  2.4 22  0.0                           
092544121222105077ワイルドブッター　　　　　　　　　　 22.6  3.9  0.0 -1.9 -0.6 19  0.0                           
092544121320103339ナゲットモンスター　　　　　　　　　 26.4  4.5-11.3 -8.9 -6.8 13  0.0                           
092544121422100696ドナポンド　　　　　　　　　　　　　 36.0  5.9 -1.4 -2.2 -1.2 19  0.0                           
092544121522102702ヨシノサプライズ　　　　　　　　　　 42.5  6.8-11.3-12.3 -7.8 12  0.0                           
092544121622107278ゼットエール　　　　　　　　　　　　  2.6  1.3 21.4 18.9 13.5 34 16.2                           
