032311010120102267エフボマ　　　　　　　　　　　　　　 53.2  9.5-12.4-10.5 -7.6 -3  0.0                           
032311010220106887サウンドシエル　　　　　　　　　　　 32.0  6.0 -3.5-10.5 -4.9  0  0.0                           
032311010320102240アポロシュシュ　　　　　　　　　　　 76.0 13.0-11.9 -0.8 -3.9  1  0.0                           
032311010420104884アンジュール　　　　　　　　　　　　  7.9  2.1 12.5  0.5  3.9  9  0.0                           
032311010520101260モスコイ　　　　　　　　　　　　　　 20.9  4.2  3.8  6.0  3.3  8  0.0                           
032311010620107089ブレードランナー　　　　　　　　　　  8.0  2.2 10.4  5.8  5.2 10  0.0                           
032311010720103447スマイルマーク　　　　　　　　　　　121.1 20.2-11.5-10.0 -7.1 -2  0.0                           
032311010820102766ジアッシズ　　　　　　　　　　　　　  3.1  1.3 17.6 13.0 10.0 15 14.2                           
032311010920101426マリノファルコン　　　　　　　　　　 38.2  7.0 -7.4-10.0 -5.9 -1 11.5                           
032311011020104849ユアソング　　　　　　　　　　　　　 17.7  3.7  7.8 11.2  6.4 11  0.0  5                        
032311011120101462フクノデイジー　　　　　　　　　　　 49.4  8.9 -7.1-10.0 -5.8 -1  0.0                           
032311011220103480レインボーティアラ　　　　　　　　　 32.0  6.0 -6.1-10.0 -5.5  0  0.0                           
032311011320105283ミズカガミ　　　　　　　　　　　　　 64.6 11.1 -8.1 -2.0 -3.2  2  0.0                           
032311011420103599ヴィラーゴスリーブ　　　　　　　　　  3.1  1.4 20.1 11.0 10.1 15  6.7                           
032311011520104636ノーブルマルシェ　　　　　　　　　　  5.1  1.6  8.3 21.3 10.3 15 15.3                           
032311020120105803マイネルラッシュ　　　　　　　　　　  8.2  2.4 12.6 -2.0  3.0  8  8.5                           
032311020220101863コパカバーナビーチ　　　　　　　　　 13.8  3.3  2.6  5.0  2.6  8  0.0                           
032311020320106587レオプルミエール　　　　　　　　　　 22.7  4.9  1.3  6.0  2.6  8  0.0                           
032311020420102018セイウンガオリー　　　　　　　　　　 24.3  5.2 -3.8-10.0 -4.8  0  0.0                           
032311020520100269ハクサンクロユリ　　　　　　　　　　 77.4 14.8-11.5-18.0-10.1 -5  0.0  0                        
032311020620100574サンマルリアリティ　　　　　　　　　 52.2 10.5-12.4-15.9 -9.6 -5  0.0  0                        
032311020720105299リアライズ　　　　　　　　　　　　　  4.8  1.7 10.2 14.0  8.2 13  7.9                           
032311020820106966ピンクジン　　　　　　　　　　　　　 36.8  7.6 -9.1-14.5 -8.0 -3 12.1                           
032311020920100347クリノリアルレディ　　　　　　　　　 21.0  4.7  0.0 -2.0 -0.7  4  0.0                           
032311021020105365ドーバーホーク　　　　　　　　　　　  3.0  1.4 18.7  5.6  7.7 13 13.0                           
032311021120106979ベベ　　　　　　　　　　　　　　　　 86.3 16.4-11.9-16.0 -9.4 -4  0.0  0                        
032311021220103954ラナヴェット　　　　　　　　　　　　 44.0  8.9-11.5 -7.2 -6.1 -1  0.0                           
032311021320103493カリブルヌス　　　　　　　　　　　　  4.6  1.7 13.2 16.6 10.0 15  6.9                           
032311021420106777セレッソデアモール　　　　　　　　　 14.2  3.4  3.5 -2.5  0.1  5  0.0                           
032311021520101787ココリキラリ　　　　　　　　　　　　 65.5 12.6-11.5-10.0 -7.1 -2  0.0                           
032311021620101155クロスリーフ　　　　　　　　　　　　 12.2  3.0 -3.7  9.5  2.4  7  0.0  5                        
032311030120103763マイプリンセス　　　　　　　　　　　 83.8 13.0-11.5-10.0 -7.1 -2  0.0                           
032311030220101216テイエムヒショウ　　　　　　　　　　  7.4  1.9  8.8  5.2  4.5 10  8.1                           
032311030320102619エリアントゥス　　　　　　　　　　　 37.2  6.3 -9.1-13.6 -7.7 -3  0.0                           
032311030420105944ニシノシャイニング　　　　　　　　　 19.8  3.7 -4.8  1.2 -1.0  4  0.0                           
032311030520109013ミュークレア　　　　　　　　　　　　 40.8  6.8-11.9-10.0 -7.2 -2  0.0                           
032311030620104328パープルアドミラル　　　　　　　　　 21.7  3.9 -2.1 -2.0 -1.4  4  0.0                           
032311030720102093ビービーグラーテス　　　　　　　　　  6.5  1.8 13.0 14.3  9.1 14  7.9                           
032311030820104294ブロードアクト　　　　　　　　　　　 76.2 11.9-11.5 -2.0 -4.2  1  0.0                           
032311030920103989ジューンナックル　　　　　　　　　　 39.3  6.6-11.5-10.0 -7.1 -2  0.0                           
032311031020103956ダイヤモンドビーチ　　　　　　　　　 17.3  3.3 11.6 -2.0  2.7  8  0.0                           
032311031120101685タッチーフェイス　　　　　　　　　　 14.5  2.9 -2.1 10.5  3.2  8  0.0                           
032311031220104554ルクスプレシャス　　　　　　　　　　 79.5 12.3-11.5-17.0 -9.7 -5  0.0  0                        
032311031320105082シゲルレッドスター　　　　　　　　　 70.5 11.0-11.5-18.0-10.1 -5  0.0  0                        
032311031420104561タイガースパーク　　　　　　　　　　  2.7  1.3 22.4 21.0 14.4 19 13.0                           
032311031520103555ジャスティンユウジ　　　　　　　　　  2.9  1.3 17.1 14.1 10.3 15 14.2                           
032311040118100220ホッコーハナミチ　　　　　　　　　　 12.3  2.9  4.9  9.3  4.9 25  0.0                           
032311040215101386ヒロノタイリク　　　　　　　　　　　 19.0  4.2 -0.5 -2.5 -1.1 19  0.0                           
032311040313106055アストラエンブレム　　　　　　　　　  4.5  1.7 16.8 16.7 11.2 31  0.0                           
032311040419102028セルリアンルネッタ　　　　　　　　　 22.9  4.8 -6.4-10.5 -5.8 14  0.0                           
032311040519102005ドンシャーク　　　　　　　　　　　　 24.1  5.1 -6.5-10.5 -5.8 14  0.0                           
032311040617105181サクセッション　　　　　　　　　　　  7.1  2.1  6.1 -5.1  0.0 20  0.0                           
032311040715105399ギガバッケン　　　　　　　　　　　　  9.3  2.6  7.0  6.1  4.3 24  8.1                           
032311040818100953シングンジョーイ　　　　　　　　　　 18.9  4.2 -1.7-10.0 -4.2 16 22.4                           
032311040919101021タマモワカムシャ　　　　　　　　　　 13.6  3.2  2.5  9.6  4.3 24 10.3                           
032311041018100905アームストロング　　　　　　　　　　 50.5  9.9-12.1-14.5 -8.9 11  0.0                           
032311041117100436グレートバローズ　　　　　　　　　　  2.9  1.4 18.4 16.0 11.4 31 13.0                           
032311041217103048ニンギルス　　　　　　　　　　　　　 13.1  3.1  6.3 15.5  7.6 28  0.0                           
032311041318106158モーガン　　　　　　　　　　　　　　 17.4  3.9 -5.7-10.5 -5.6 14  0.0                           
032311041417100728シャイニーズラン　　　　　　　　　　 48.2  9.4-12.4-10.5 -7.6 12  0.0                           
032311050116104634ハーメティキスト　　　　　　　　　　  2.5  1.3 20.5 20.3 13.6 14 13.0                           
032311050216102668イメル　　　　　　　　　　　　　　　  6.4  1.9  9.8 12.5  7.5  8  0.0  3                        
032311050317100531シゲルタイタン　　　　　　　　　　　 11.1  2.5 11.6 11.2  7.6  8  0.0                           
032311050416100484キーフェイス　　　　　　　　　　　　 45.7  8.3-11.5-10.0 -7.1 -7  0.0                           
032311050518106518スマートブリーズ　　　　　　　　　　 29.0  5.5-12.4-10.5 -7.6 -8  0.0                           
032311050618103831イサチルプリンス　　　　　　　　　　 30.7  5.8 -9.1 -2.0 -3.5 -3  0.0                           
032311050719100653ハギノメーテル　　　　　　　　　　　  9.5  2.5 12.3  9.3  7.1  7  9.1                           
032311050817105257トライフォーリアル　　　　　　　　　  4.1  1.5 17.6 38.7 19.5 19  6.9  1  208   46              
032311050917106071ワイドレッジャドロ　　　　　　　　　 10.9  2.5  4.9 14.0  6.6  7  0.0                           
032311051016102723プロース　　　　　　　　　　　　　　  6.3  1.9  6.9 36.8 15.6 16 15.3                           
032311051116104340ゴールドラグーン　　　　　　　　　　 35.2  6.5 -6.3-10.0 -5.6 -6  0.0                           
032311060119106737カンパニュール　　　　　　　　　　　 85.7 16.6-11.5-10.0 -7.1 13  0.0                           
032311060219103036ロードマゼラン　　　　　　　　　　　  3.8  1.6 13.4 12.6  8.6 29  7.3                           
032311060318100761ルリオウ　　　　　　　　　　　　　　 41.8  8.6 -4.6 -6.7 -3.8 16  0.0                           
032311060418101267ワールドタキオン　　　　　　　　　　 11.9  3.0  2.4 -2.0  0.0 20  0.0                           
032311060519104586リュミエールノワル　　　　　　　　　 10.7  2.7  8.6  9.0  5.9 26  8.6                           
032311060619103705データアナリシス　　　　　　　　　　 47.6  9.7-11.5 12.0  0.9 21  0.0  5                        
032311060718102398セザンテイオー　　　　　　　　　　　 24.8  5.4 -7.1 12.0  2.3 22  0.0                           
032311060819104913メジャークオリティ　　　　　　　　　  6.8  2.1  6.4 10.5  5.8 26  0.0                           
032311060919100110ナッカーフェイス　　　　　　　　　　 21.9  4.8 -1.2  8.6  2.8 23  0.0  5                        
032311061019100617ブライトホルン　　　　　　　　　　　  3.6  1.5 19.2 21.0 13.5 33 13.0                           
032311061119101814チャールストン　　　　　　　　　　　 22.6  5.0 -3.8-10.0 -4.8 15  0.0                           
032311061218106232ヨロシオスナ　　　　　　　　　　　　 12.2  3.0  4.3-13.3 -3.6 16  0.0  0                        
032311061316102333マーベラスアゲン　　　　　　　　　　 43.5  9.0-11.5-17.2 -9.8 10  0.0  0                        
032311061418104699トロワエスポワール　　　　　　　　　 59.3 11.7-11.5 -8.7 -6.6 13  0.0  0                        
032311061519105857サーティファイド　　　　　　　　　　  5.9  1.9  8.0 15.8  8.2 28 15.3                           
032311070120101779サンマルグレイト　　　　　　　　　　 36.9  7.5 -6.4 -0.1 -2.0  3  0.0                           
032311070220106692アオラキ　　　　　　　　　　　　　　 10.7  2.7  1.5 -1.4 -0.1  5  0.0                           
032311070320103425レッドヴァジュラ　　　　　　　　　　 10.8  2.7 14.6 15.8 10.2 15  9.2  4                        
032311070420101640ダックダイヴ　　　　　　　　　　　　 13.3  3.2  2.8  9.3  4.3  9 10.3  5                        
032311070520101754ダイユウサンテ　　　　　　　　　　　119.6 22.3-11.9-10.0 -7.2 -2  0.0                           
032311070620106325コーディネイター　　　　　　　　　　  6.3  2.0  3.8  6.3  3.5  8  0.0                           
032311070720103362ハーベストデイ　　　　　　　　　　　 50.5 10.1-10.5-10.5 -7.0 -2  0.0                           
032311070820105216ウインユアソング　　　　　　　　　　 71.0 13.5-11.5-18.0-10.1 -5  0.0  0                        
032311070920106641オウケンデューク　　　　　　　　　　 60.2 11.6-11.5-10.0 -7.1 -2  0.0                           
032311071020101421グリーングラシア　　　　　　　　　　 16.6  3.8 -2.5 -6.4 -3.1  2  0.0  0                        
032311071120100720シャンボール　　　　　　　　　　　　  2.8  1.4 17.4 40.0 19.9 25 13.0  1  251   33              
032311071220104785スリアンヴォス　　　　　　　　　　　 20.8  4.6 -5.0  0.0 -1.5  3  0.0                           
032311071320100522レッドルキフェル　　　　　　　　　　  8.2  2.4 16.0  5.0  6.6 12  0.0                           
032311071420103801アマソナ　　　　　　　　　　　　　　 41.4  8.4-11.5-10.0 -7.1 -2  0.0                           
032311071520103290オクタグラム　　　　　　　　　　　　  4.9  1.8 14.7 21.0 12.1 17 14.2                           
032311071620101894カズピレウス　　　　　　　　　　　　 39.5  8.0 -8.5-10.5 -6.4 -1  0.0                           
032311080118101379サンマルセレッソ　　　　　　　　　　 49.9  8.1-12.1 -6.4 -6.0 14  0.0                           
032311080217100654プリンスオブジオン　　　　　　　　　139.6 21.0-12.4-10.5 -7.6 12  0.0                           
032311080319103789ハクサンセレーネ　　　　　　　　　　 50.5  8.2-11.5  7.5 -0.7 19  0.0                           
032311080419101139ベアグッジョブ　　　　　　　　　　　  8.6  2.1 13.1  6.0  6.1 26  8.1                           
032311080519104969ドクターマンボウ　　　　　　　　　　 30.1  5.2 -6.4  9.5  1.6 22  0.0  5                        
032311080618106044ロイヤルブライド　　　　　　　　　　 93.3 14.2-12.1-14.5 -8.9 11  0.0                           
032311080719106363インコントラーレ　　　　　　　　　　  2.6  1.2 20.5 20.0 13.5 33 13.0                           
032311080819104737ネクタリス　　　　　　　　　　　　　 33.2  5.6 -1.4 -2.0 -1.2 19  0.0                           
032311080919104660フラップシグナス　　　　　　　　　　  3.0  1.3 18.2 18.3 12.2 32 14.2                           
032311081019106305キリシマタウン　　　　　　　　　　　 69.1 10.7-11.5 -7.2 -6.1 14  0.0                           
032311081119104995ショウナンナウシカ　　　　　　　　　 47.0  7.7 -4.6 15.1  4.2 24  0.0  3                        
032311081219103301ミルトクリーガー　　　　　　　　　　 32.4  5.5-12.4-10.5 -7.6 12  0.0                           
032311081319102321キングクー　　　　　　　　　　　　　  5.1  1.5 10.7  6.3  5.5 26  7.9                           
032311081418103904カツノサンキュウ　　　　　　　　　　 16.5  3.2  7.6 -5.6  0.2 20  0.0                           
032311081519100683パレフォーコン　　　　　　　　　　　 15.0  3.0  8.5 11.6  6.8 27  0.0                           
032311081619100161ナチュラル　　　　　　　　　　　　　 91.1 13.9-12.4-10.5 -7.6 12  0.0                           
032311090120106338ソレイユヴィータ　　　　　　　　　　  3.6  1.6 11.7 14.1  8.7 29  6.7                           
032311090220103915ツインクルトーズ　　　　　　　　　　  4.7  1.8  2.1  6.6  3.0 23  7.3  2                        
032311090320106680サスケ　　　　　　　　　　　　　　　  6.4  2.1 12.4  9.3  7.1 27  0.0                           
032311090420103168トーアライデン　　　　　　　　　　　 14.8  3.7 -1.3  3.3  0.8 21 10.4                           
032311090520101598マジカルワード　　　　　　　　　　　 19.2  4.6 -8.2  0.8 -2.2 18  0.0  5                        
032311090620105615マスキュリン　　　　　　　　　　　　 21.9  5.1 -7.3-10.5 -6.0 14  0.0                           
032311090720103928ホウオウスーペリア　　　　　　　　　  7.8  2.4  8.2 -2.5  1.5 22  0.0                           
032311090820104550ワイドアラジン　　　　　　　　　　　  9.3  2.8 10.5 -2.5  2.2 22  9.2                           
032311090920102680エールミネルヴァ　　　　　　　　　　 13.1  3.3 11.3  8.3  6.4 26  9.8                           
032311091020104676マイレーヌ　　　　　　　　　　　　　 18.9  4.5 -8.8-10.0 -6.3 14  0.0                           
032311091120105781マイネルケレリウス　　　　　　　　　  5.2  1.9 11.1 12.0  7.7 28  7.9                           
032311100118103205クムシラコ　　　　　　　　　　　　　 58.4 11.2 -6.6-10.0 -5.6 24  0.0                           
032311100218100373アップストリーム　　　　　　　　　　 25.2  5.3 -4.6-10.0 -5.0 25  0.0                           
032311100319109146イールテソーロ　　　　　　　　　　　 35.1  7.2-11.9-17.2 -9.9 20  0.0  0                        
032311100417101571サイヤダンサー　　　　　　　　　　　  5.6  1.9  8.9 10.5  6.5 37 15.3                           
032311100519102922ゼンカイテン　　　　　　　　　　　　 18.9  4.2 -7.7 -0.8 -2.6 27  0.0                           
032311100619103010オードゥメール　　　　　　　　　　　 13.1  3.1  4.4 10.5  5.2 35  9.2                           
032311100719105050メルヴィル　　　　　　　　　　　　　  8.1  2.4 -1.4 -2.0 -1.2 29  0.0  4                        
032311100818103296サニーオーシャン　　　　　　　　　　 53.2 10.5 -8.8-12.9 -7.4 23  0.0                           
032311100918105163ドナウエレン　　　　　　　　　　　　  4.6  1.7 14.3 20.3 11.7 42  7.3  2                        
032311101019107075ブランデーロック　　　　　　　　　　 12.4  3.0 10.3  6.0  5.3 35  0.0                           
032311101118101232ヒヤ　　　　　　　　　　　　　　　　 43.7  8.8-12.4-10.5 -7.6 22  0.0                           
032311101219100214ウインモナーク　　　　　　　　　　　  2.9  1.4 18.3 13.9 10.6 41 13.0                           
032311101317103020ダンツイノーバ　　　　　　　　　　　 48.8  9.7-12.4-10.5 -7.6 22  0.0                           
032311101417105070チャーミングアクト　　　　　　　　　 27.3  5.7 -0.6-10.5 -4.0 26  0.0                           
032311101519103120リトス　　　　　　　　　　　　　　　 15.9  3.7 12.2  2.8  4.7 35  0.0  4                        
032311101618100636ステラダイヤ　　　　　　　　　　　　 36.0  7.3 -9.1  6.0 -0.5 29  0.0                           
032311110117103165デンコウリジエール　　　　　　　　　 22.5  5.3 -5.5  3.3 -0.4 45  0.0                           
032311110216102633ブルベアイリーデ　　　　　　　　　　  6.4  2.2 10.9  8.3  6.3 51  6.9                           
032311110317100358サンライズラポール　　　　　　　　　 17.3  4.3 -2.3  6.3  1.6 47  0.0                           
032311110419103393ベストリーガード　　　　　　　　　　  6.5  2.2 10.4 21.9 11.1 56  7.9  3                        
032311110518103139メイショウムラクモ　　　　　　　　　 16.7  4.2 -0.4-10.0 -3.8 41  9.8                           
032311110617100376アラジンバローズ　　　　　　　　　　  3.3  1.6 15.1 15.5 10.2 55 13.0                           
032311110717100468ラヴィータエベラ　　　　　　　　　　 17.7  4.4 -4.3-10.5 -5.1 40  0.0                           
032311110816106161ナムラカメタロー　　　　　　　　　　 34.8  7.9-11.5-10.0 -7.1 38  0.0                           
032311110917104819ダノンファスト　　　　　　　　　　　  7.3  2.4  7.2  8.0  5.1 50  9.1                           
032311111018104059ブラックアーメット　　　　　　　　　 21.9  5.2 -9.0 -3.6 -4.0 41  0.0  0                        
032311111117101183レッドライデン　　　　　　　　　　　 64.5 13.7-11.5-17.0 -9.7 35  0.0  0                        
032311111217105422ワーケア　　　　　　　　　　　　　　 15.9  4.0  4.4 -2.0  0.6 46  0.0                           
032311111317106704ミステリオーソ　　　　　　　　　　　 17.6  4.4 -0.1 -2.5 -0.9 44  0.0                           
032311111417102835ロッシュローブ　　　　　　　　　　　  6.7  2.2 14.1  2.0  5.0 50  0.0                           
032311111518103238リプレーザ　　　　　　　　　　　　　 50.1 11.1-12.4-10.5 -7.6 37  0.0                           
032311120119104930スクリーンショット　　　　　　　　　 20.5  5.0 -8.5  2.5 -1.6 18  0.0                           
032311120219110051シュガーフロート　　　　　　　　　　  4.1  1.7 17.3 15.5 10.9 31  0.0                           
032311120319101743タムロキュラムン　　　　　　　　　　 29.1  6.7 -2.8-10.5 -4.7 15  0.0                           
032311120419110001ショウナンハクラク　　　　　　　　　  6.3  2.1  5.2  9.3  5.0 25 16.5                           
032311120518105231ラヴォルタ　　　　　　　　　　　　　  5.2  1.9  4.2  8.7  4.4 24  0.0                           
032311120617100392ロンズデールベルト　　　　　　　　　 13.7  3.6 -2.0 -2.5 -1.5 18  8.6                           
032311120718100772ハイライフ　　　　　　　　　　　　　 36.5  8.2-10.6-10.5 -7.0 13  0.0                           
032311120819100667アランヴェリテ　　　　　　　　　　　 23.9  5.6  0.0-10.5 -3.8 16  0.0                           
032311120919103673バーニングアイズ　　　　　　　　　　 16.1  4.1 -0.3-10.5 -3.9 16  9.7                           
032311121018104471グレイトミッション　　　　　　　　　 22.7  5.4-11.5-18.4-10.2 10  0.0                           
032311121118100593タイガーリリー　　　　　　　　　　　 25.7  6.0 -4.2  5.8  0.9 21  0.0                           
032311121216104403マロリン　　　　　　　　　　　　　　 31.8  7.3 -7.8-16.0 -8.2 12  0.0  0                        
032311121319104871ウェストファリア　　　　　　　　　　 18.5  4.6  5.1-10.0 -2.1 18  0.0                           
032311121419106596バトルシャイニング　　　　　　　　　  4.6  1.8 13.8 11.3  8.3 28 14.2                           
032311121518106701ルヴァンノワール　　　　　　　　　　 31.7  7.3-10.6-10.5 -7.0 13  0.0                           
032311121618105201デイトンウェイ　　　　　　　　　　　 24.7  5.8 -2.6 -2.5 -1.7 18  0.0                           
062335010120101228シグナルファイアー　　　　　　　　　 40.3  7.5 -1.9  4.2  1.0  6  0.0                           
062335010220103470グレイウェザーズ　　　　　　　　　　  2.9  1.3 20.8 15.0 11.7 17 15.9                           
062335010320103779エンプレスペイ　　　　　　　　　　　  3.4  1.4 16.2 12.8  9.6 15  8.7                           
062335010420109092ジャパンノウレッジ　　　　　　　　　 19.3  4.0  2.5  4.7  2.5  7 23.1                           
062335010520100371レジーナヌーボ　　　　　　　　　　　 35.7  6.7-11.6 -9.1 -6.8 -2  0.0                           
062335010620103564パールシェル　　　　　　　　　　　　  4.6  1.6 15.7 12.7  9.4 14  9.4A 5                        
062335010720100718クインズクシナダ　　　　　　　　　　 59.2 10.4-12.6 -9.7 -7.3 -2  0.0                           
062335010820101839サティンボディス　　　　　　　　　　  7.5  2.1 12.1  9.6  7.2 12  0.0                           
062335010920104819スティールユアラブ　　　　　　　　　177.4 29.7-12.6-13.5 -8.7 -4  0.0                           
062335011020101266ダイヤプリーモ　　　　　　　　　　　 57.6 10.1-10.9 -1.9 -4.0  1  0.0                           
062335011120102789ジラソーレ　　　　　　　　　　　　　 50.8  9.2 -8.8-11.0 -6.7 -2  0.0                           
062335011220101341ムーランブルー　　　　　　　　　　　 13.6  3.0 12.0 13.7  8.6 14  0.0                           
062335011320106065ワラッテユルシテ　　　　　　　　　　 56.7 10.0-11.6-15.4 -9.1 -4  0.0  0                        
062335011420106682ラビアンムーン　　　　　　　　　　　 22.7  4.5  3.9-10.0 -2.5  3  0.0                           
062335011520107029ジュエルマイスター　　　　　　　　　 29.7  5.7-10.4 -2.0 -3.9  1  0.0                           
062335011620101683コラエテーナ　　　　　　　　　　　　 30.4  5.8 -1.3 -8.1 -3.4  2  0.0                           
062335020120107102ジュレーヴ　　　　　　　　　　　　　 10.9  2.5 10.2  9.0  6.4 11  0.0                           
062335020220103719ロジブライアン　　　　　　　　　　　 20.1  4.0 -7.0  6.0  0.1  5 13.0                           
062335020320101977シゲルプレジール　　　　　　　　　　 69.5 11.8-12.1 -7.1 -6.2 -1  0.0                           
062335020420100749マッティーナ　　　　　　　　　　　　 36.3  6.6  0.7 -6.4 -2.1  3 14.5                           
062335020520100124アイアンランラン　　　　　　　　　　187.2 30.7-12.1-10.4 -7.4 -2  0.0                           
062335020620103893トリオーレ　　　　　　　　　　　　　  6.2  1.8 13.8  9.0  7.4 12  0.0                           
062335020720103654マローディープ　　　　　　　　　　　  3.6  1.4 19.2 20.9 13.4 18 17.3  2                        
062335020820101636シークレットトーク　　　　　　　　　 25.9  4.9 -2.9-10.0 -4.5  0  0.0                           
062335020920100868ハクサンブリエ　　　　　　　　　　　  7.6  2.1  8.8  5.5  4.7 10 10.1                           
062335021020102382アトリーテソーロ　　　　　　　　　　 45.9  8.2-10.3 -9.1 -6.4 -1  0.0                           
062335021120101279レオニーノ　　　　　　　　　　　　　 68.9 11.7-10.0-10.1 -6.7 -2  0.0                           
062335021220100948ウォーターリーダー　　　　　　　　　  2.7  1.3 20.7 24.6 15.2 20  7.9  1  135   61              
062335021320106985ケレンシア　　　　　　　　　　　　　125.7 20.8-11.6-10.0 -7.1 -2  0.0                           
062335021420103072フジマサメジャー　　　　　　　　　　 51.7  9.2-10.4 -9.1 -6.5 -1  0.0                           
062335021520106562バンブトンプロ　　　　　　　　　　　 17.5  3.6 -8.8 -7.7 -5.5  0  0.0                           
062335021620102102デルマネコダマシ　　　　　　　　　　 17.6  3.6  1.4  9.9  4.1  9  0.0                           
062335030120105860ジェントルタッチ　　　　　　　　　　  2.7  1.2 21.9 13.6 11.6 17 17.3                           
062335030220101776テイエムバクソウ　　　　　　　　　　 15.8  2.4  1.3 -5.6 -1.7  3 10.1                           
062335030320105630ラフィネクリール　　　　　　　　　　 17.5  2.5  6.1 -2.1  1.1  6  0.0                           
062335030420105101ロジホーム　　　　　　　　　　　　　 34.0  4.2 -8.9-12.4 -7.2 -2  0.0                           
062335030520103318コルサファターレ　　　　　　　　　　  1.9  1.2 22.3 23.3 15.2 20 15.9                           
062335030620102857ハットグットゲット　　　　　　　　　 13.4  2.1  1.6 12.2  5.0 10  9.4                           
062335030720102837クリスマスディナー　　　　　　　　　 18.5  2.7 -3.7 -2.0 -1.8  3  0.0                           
062335030820109074キョウエイルーマー　　　　　　　　　 20.8  2.9 -3.5-12.7 -5.7 -1  0.0                           
062335030920105417チーフインザスカイ　　　　　　　　　 25.0  3.3-11.6-11.0 -7.5 -3  0.0                           
062335031020106324オセアマジェスティ　　　　　　　　　 62.4  7.0-10.3  5.5 -1.1  4  0.0                           
062335031120103026レッドジャルダン　　　　　　　　　　 22.3  3.0 -4.1 -5.6 -3.3  2  0.0                           
062335040120105374リュウキシ　　　　　　　　　　　　　 34.3  7.2-12.9-10.1 -7.6 -3  0.0                           
062335040220104114ロマンスハイウェイ　　　　　　　　　 50.6 10.3-11.6-11.6 -7.7 -3  0.0                           
062335040320106327プラチナリボン　　　　　　　　　　　 81.2 15.7-12.9-10.1 -7.6 -3  0.0                           
062335040420110094ニトロジャーニー　　　　　　　　　　  7.8  2.3 11.5  8.2  6.5 11 21.7                           
062335040520104476フォーサイティド　　　　　　　　　　  5.2  1.8 17.0 11.5  9.3 14  0.0                           
062335040620106426マテンロウブルース　　　　　　　　　 64.8 12.7-12.1 -5.5 -5.6 -1  0.0                           
062335040720103935ドラヴァイト　　　　　　　　　　　　104.5 20.0-11.6 -7.1 -6.1 -1  0.0                           
062335040820105888イナホ　　　　　　　　　　　　　　　 24.6  5.3 -3.2  7.2  1.7  7  0.0                           
062335040920106445レグルレガリス　　　　　　　　　　　  6.6  2.1 14.8  7.0  7.0 12 10.1                           
062335041020104541トウショウリッジ　　　　　　　　　　 17.2  4.0  1.4 12.0  4.8 10  0.0                           
062335041120100703メイショウカジキ　　　　　　　　　　 22.5  4.9  0.8 -1.0 -0.1  5  0.0                           
062335041220100206エクトゥシュタール　　　　　　　　　  4.7  1.7 14.5 11.1  8.4 13 17.3                           
062335041320110062ワールズコライド　　　　　　　　　　  3.0  1.4 16.1 17.4 11.2 16  8.0                           
062335041420101416マリノシュライエン　　　　　　　　　 58.9 11.6-11.6-11.3 -7.6 -3  0.0                           
062335041520103874ロッカバラード　　　　　　　　　　　 91.1 17.5-10.3 -0.6 -3.3  2  0.0  5                        
062335041620101434シャトーボビー　　　　　　　　　　　 11.7  2.9 10.0  9.1  6.3 11  0.0                           
062335050120107173スペロ　　　　　　　　　　　　　　　 27.2  5.5 -6.7  4.6 -0.3  5  0.0                           
062335050220103132オクタヴィアヌス　　　　　　　　　　  3.5  1.4 18.6 19.3 12.7 18 17.3  1  174   49              
062335050320105658ジョイパピエーダ　　　　　　　　　　 45.4  8.7-12.1-15.4 -9.3 -4  0.0  0                        
062335050420106677スピーディブレイク　　　　　　　　　  3.2  1.4 18.3 15.0 11.0 16  8.0                           
062335050520104653マイネルボンバー　　　　　　　　　　 92.6 16.7-11.6 -9.6 -7.0 -2  0.0                           
062335050620103913カガカーニバル　　　　　　　　　　　133.0 23.7-10.3-12.7 -7.7 -3  0.0                           
062335050720105712セントアイヴス　　　　　　　　　　　 33.0  6.5-12.1 -5.1 -5.5 -1  0.0                           
062335050820106478ナイトブレーカー　　　　　　　　　　 14.6  3.3 11.5  4.1  5.0 10  0.0                           
062335050920104917キャナルロックス　　　　　　　　　　 20.7  4.4  5.1-14.5 -3.8  1  0.0                           
062335051020100520ベルウッドミカサ　　　　　　　　　　 41.8  8.1 -9.3-10.8 -6.8 -2  0.0                           
062335051120103273エディストーン　　　　　　　　　　　  4.5  1.6 15.4 12.0  9.0 14 18.8                           
062335051220107080ジャガンナート　　　　　　　　　　　141.9 25.2-12.1-12.3 -8.1 -3  0.0                           
062335051320105317モーニングビーチ　　　　　　　　　　 44.1  8.5-12.1-12.5 -8.2 -3  0.0                           
062335051420101577ハガネ　　　　　　　　　　　　　　　 13.0  3.0  7.4 13.2  7.1 12  0.0                           
062335051520100640プラニスフェリオ　　　　　　　　　　  7.3  2.1  5.8  9.6  5.3 10 10.1                           
062335051620106978レインボーウォリア　　　　　　　　　 42.8  8.3-11.6 -2.0 -4.2  1  0.0                           
062335051720106676オウケンライト　　　　　　　　　　　226.0 39.8-13.0-11.5 -8.1 -3  0.0                           
062335051820105685ボンフェット　　　　　　　　　　　　 72.5 13.2-12.1-13.0 -8.4 -3  0.0                           
062335060120103119ディズレーリ　　　　　　　　　　　　  3.7  1.6 16.8  9.7  8.6 14 15.9                           
062335060220107021アイゼンヴァンド　　　　　　　　　　 62.7 12.9-11.6-10.0 -7.1 -2  0.0                           
062335060320104495ミエノサンダー　　　　　　　　　　　 12.0  3.1 12.9 26.7 13.7 19 13.0                           
062335060420100779グランデボスコ　　　　　　　　　　　 40.4  8.8-12.1-15.4 -9.3 -4  0.0  0                        
062335060520102468トーセンサウダージ　　　　　　　　　  8.2  2.5 10.8  6.1  5.5 10  0.0                           
062335060620100417セイウンデイスター　　　　　　　　　 41.7  9.0-10.3-12.7 -7.7 -3  0.0                           
062335060720101113マンノライトニング　　　　　　　　　  6.3  2.1 12.9 10.1  7.6 13  9.4                           
062335060820104419サクラストリーム　　　　　　　　　　 32.0  7.1-11.6-10.4 -7.3 -2  0.0                           
062335060920103163ロゴナンバーワン　　　　　　　　　　 11.4  3.0  1.7 16.7  6.6 12 12.2                           
062335061020104355バルフォアテソーロ　　　　　　　　　  4.4  1.7 12.1  9.4  7.1 12  8.7                           
062335061120100339クールサムタイム　　　　　　　　　　  9.0  2.7  7.5  9.2  5.6 11  0.0                           
062335061220105848アストロアイガー　　　　　　　　　　 20.0  4.8 -6.7-14.1 -7.2 -2  0.0                           
062335061320106747ショウリノシナリオ　　　　　　　　　188.8 37.5-12.6-13.5 -8.7 -4  0.0                           
062335061420103829ヒロノサクセス　　　　　　　　　　　 31.2  6.9-11.6-11.0 -7.5 -3  0.0                           
062335061520100700ショウナンバトン　　　　　　　　　　  8.2  2.5 -0.9  6.0  1.9  7  0.0                           
062335070120103641アップトゥミー　　　　　　　　　　　  4.4  1.4 17.1 15.7 10.9 31 17.3                           
062335070220106746ベレザニーニャ　　　　　　　　　　　 14.1  2.8  8.4  8.8  5.7 26 10.9                           
062335070320106672ヒラボクケリー　　　　　　　　　　　 23.4  4.1 -1.2 -3.3 -1.6 18  0.0                           
062335070420104778チャイボーグ　　　　　　　　　　　　 51.5  8.1-12.1 -3.9 -5.1 15  0.0                           
062335070520106975スキップアビート　　　　　　　　　　 24.6  4.2-13.4-10.4 -7.8 12  0.0                           
062335070620102249アイラブユー　　　　　　　　　　　　 35.0  5.7-12.1 -1.5 -4.2 16  0.0                           
062335070720103640ミッキーゴージャス　　　　　　　　　  2.0  1.2 25.9 26.4 17.5 37  7.9  1  135   61              
062335070820105648メランポジューム　　　　　　　　　　  5.2  1.5 14.0 17.1 10.5 30 10.1                           
062335070920101166シエルリーナ　　　　　　　　　　　　 46.3  7.4-14.6-13.5 -9.3 11  0.0                           
062335071020103311エナジーチャイム　　　　　　　　　　  4.7  1.5 11.6 10.4  7.3 27  9.4                           
062335080119104646アーバンデザイン　　　　　　　　　　  4.0  1.6 14.7 13.8  9.5 29  9.4                           
062335080219100764ローズピリオド　　　　　　　　　　　  4.0  1.6 15.8 14.0  9.9 30  8.0                           
062335080319102102ゲキザル　　　　　　　　　　　　　　 55.6 11.4-14.6-10.0 -8.0 12  0.0                           
062335080418105621セイウンオードリー　　　　　　　　　 22.0  5.0  0.3  6.0  2.3 22  0.0                           
062335080519102484クーシフォン　　　　　　　　　　　　 30.0  6.6 -5.3  6.5  0.8 21  0.0                           
062335080619103204クールシェルタ　　　　　　　　　　　  8.4  2.6  7.5  9.3  5.7 26 10.8                           
062335080717101624クリノヴィンセント　　　　　　　　　 58.0 11.9-13.0 -7.2 -6.5 13  0.0                           
062335080819105457ラジエル　　　　　　　　　　　　　　 11.2  2.9  3.8  6.0  3.3 23 11.5                           
062335080919100929モール　　　　　　　　　　　　　　　 26.4  5.9-13.0 -2.0 -4.6 15  0.0                           
062335081019102163フォーワンセルフ　　　　　　　　　　  4.0  1.6 17.0 12.0  9.5 30  8.7                           
062335081118102681サプライズビュー　　　　　　　　　　  5.7  2.0 12.9  7.4  6.6 27 10.1                           
062335081219103410トリグラフ　　　　　　　　　　　　　 13.7  3.4  7.4  5.9  4.4 24  0.0                           
062335090119100135タイセイジャスパー　　　　　　　　　 32.1  4.8-10.7  2.3 -2.4 28  0.0                           
062335090219100938セイウンハルカニ　　　　　　　　　　 35.8  5.3  1.0 -2.0 -0.4 30  0.0                           
062335090319102863ナツイチバン　　　　　　　　　　　　 71.1  9.7-12.1-10.0 -7.3 23  0.0                           
062335090418102989エバーサニーハート　　　　　　　　　 70.5  9.6-12.1-10.0 -7.3 23  0.0                           
062335090518103138ノボベルサイユ　　　　　　　　　　　 22.9  3.6-10.9 -1.9 -4.0 26  0.0                           
062335090617101562ダイシンウィット　　　　　　　　　　 65.3  8.9-12.1-11.3 -7.8 22  0.0                           
062335090719103063カイタロー　　　　　　　　　　　　　  3.3  1.3 16.7 18.5 11.8 42 17.3                           
062335090819106914［取消］ローヴェロ　　　　　　　　　999.9999.9-20.0-20.0-20.0-20  0.0                           
062335090919102884ゲンパチプライド　　　　　　　　　　  6.6  1.6 10.5 12.0  7.6 38 18.8                           
062335091019103692トウカイファクター　　　　　　　　　 32.1  4.8 -6.8  9.1  1.3 31  0.0                           
062335091115103867ウメタロウ　　　　　　　　　　　　　 78.0 10.5-12.1 -8.1 -6.6 23  0.0                           
062335091219102481エクサープト　　　　　　　　　　　　 26.0  4.0  1.6 -1.0  0.1 30  0.0                           
062335091317104128バーンパッション　　　　　　　　　　 36.8  5.5 -6.9-11.6 -6.3 24  0.0                           
062335091419110086ヨーデル　　　　　　　　　　　　　　 13.9  2.5  4.8-17.3 -4.9 25  0.0  0                        
062335091517100524レイテントロアー　　　　　　　　　　 16.2  2.8  2.7-10.0 -2.9 27  0.0                           
062335091619101705ドリームビリーバー　　　　　　　　　  2.0  1.2 22.6 17.0 13.0 43 15.9                           
062335100119105459ソウテン　　　　　　　　　　　　　　  7.6  2.2  7.2 14.9  7.6 43  0.0                           
062335100218103498アイルビーザワン　　　　　　　　　　 40.3  8.0-13.0-14.3 -9.1 26  0.0  0                        
062335100318110035シュバルツカイザー　　　　　　　　　 37.7  7.5 -8.7-12.4 -7.2 28  0.0                           
062335100417100416リーゼントフラム　　　　　　　　　　 31.8  6.4 -9.9-12.5 -7.6 27  0.0                           
062335100519104915バンデルオーラ　　　　　　　　　　　 13.9  3.2  0.7 -3.1 -0.9 34  0.0                           
062335100619102522ドグマ　　　　　　　　　　　　　　　  7.4  2.2 11.1  8.4  6.4 41  0.0                           
062335100719106102アネゴハダ　　　　　　　　　　　　　  7.2  2.1 16.0 12.9  9.5 45  0.0                           
062335100819105775ホウオウノーサイド　　　　　　　　　  7.3  2.2  7.8  8.0  5.3 40 18.8                           
062335100919101903ブレスレスリー　　　　　　　　　　　 16.3  3.7 -6.3 -0.8 -2.2 33 13.0                           
062335101018106055ヨシノイースター　　　　　　　　　　  2.3  1.3 21.7 16.9 12.7 48 15.9                           
062335101117102838ハーモニーマゼラン　　　　　　　　　 32.4  6.6 -8.8  6.5 -0.3 35  0.0                           
062335101219104962ウィリン　　　　　　　　　　　　　　  8.9  2.5  8.8  8.0  5.6 41 11.5                           
062335101319104451ビーオンザマーチ　　　　　　　　　　 34.1  6.9 -8.8-10.0 -6.3 29  0.0                           
062335110120103634ミスヨコハマ　　　　　　　　　　　　 52.9 10.4-10.3-12.8 -7.8 47  0.0                           
062335110220104332ルミノメテオール　　　　　　　　　　 11.5  2.8  9.2 10.3  6.5 62  0.0                           
062335110320102119ロードディフィート　　　　　　　　　 28.7  6.0 -8.4-10.0 -6.2 49  0.0                           
062335110420103039サンライズジーク　　　　　　　　　　 26.6  5.6-11.0-12.0 -7.7 47  0.0                           
062335110520105295エエヤン　　　　　　　　　　　　　　  7.3  2.2  4.4  9.7  4.9 60  9.4                           
062335110620103075シャンパンカラー　　　　　　　　　　 18.1  4.1  7.5 11.1  6.3 61  0.0                           
062335110720100443エイシンエイト　　　　　　　　　　　 85.8 16.1-12.1-13.6 -8.6 46  0.0                           
062335110820101533ドルチェモア　　　　　　　　　　　　  2.5  1.3 20.5 15.1 11.7 67 14.5                           
062335110920104144オマツリオトコ　　　　　　　　　　　 37.1  7.5 -8.5-11.6 -6.8 48  0.0                           
062335111020106015バグラダス　　　　　　　　　　　　　 25.1  5.3 -2.3 -2.0 -1.4 54  0.0                           
062335111120102378ミシシッピテソーロ　　　　　　　　　 27.8  5.8 -8.5 -7.8 -5.4 50  0.0                           
062335111220104702ジョウショーホープ　　　　　　　　　 38.8  7.8 -2.2 -6.7 -3.1 52  0.0                           
062335111320102672メイクアスナッチ　　　　　　　　　　  9.1  2.6  9.0  5.4  4.7 60 10.8                           
062335111420103322モリアーナ　　　　　　　　　　　　　  8.4  2.4 13.8 15.4  9.8 65  0.0                           
062335111520103674ウンブライル　　　　　　　　　　　　  6.5  2.1 14.3  5.5  6.3 61  0.0  5                        
062335111620101695シーウィザード　　　　　　　　　　　 20.6  4.5 -4.8 -9.9 -5.1 50  0.0                           
062335120119105008トーアスカーレット　　　　　　　　　 18.6  4.0  1.1  6.9  2.9 23 12.3                           
062335120219104288ピカリエ　　　　　　　　　　　　　　 22.0  4.6 -1.8  0.7 -0.3 20  0.0                           
062335120317102990コーラルティアラ　　　　　　　　　　 56.5 10.4 -8.5-10.0 -6.2 14  0.0                           
062335120419103815スマイルアップ　　　　　　　　　　　  6.9  2.1  9.3  7.6  5.6 26 20.2                           
062335120518106602ビーマイベイビー　　　　　　　　　　 52.5 10.0 -6.0 -7.1 -4.4 16  0.0                           
062335120616102368ヤンチャプリヒメ　　　　　　　　　　 72.2 13.1-11.6 -5.5 -5.5 15  0.0                           
062335120719105258オルコス　　　　　　　　　　　　　　  8.5  2.4  9.0 11.0  6.7 27  0.0                           
062335120818105383カラパタール　　　　　　　　　　　　  4.4  1.6 16.9  5.8  7.2 27  0.0                           
062335120919105580カリカ　　　　　　　　　　　　　　　 30.8  6.1 -6.5  1.7 -1.3 19  0.0                           
062335121019104610リトルポピー　　　　　　　　　　　　  5.4  1.8  4.9  7.7  4.3 24  9.4                           
062335121118106472シーオブドリームス　　　　　　　　　 35.5  7.0 -6.9 -7.7 -4.9 15  0.0                           
062335121219101268セオリーリターン　　　　　　　　　　 18.2  4.0  4.9  4.2  3.0 23  0.0                           
062335121319100567ロジヴィクトリア　　　　　　　　　　  2.7  1.3 18.5 29.0 16.2 36 15.9  1  185   50              
062335121419102264キャミ　　　　　　　　　　　　　　　 51.2  9.8-12.1-10.0 -7.3 13  0.0                           
062335121517101771ヤマニンエルモサ　　　　　　　　　　 29.8  6.0  1.0  0.0  0.3 20  0.0                           
092325010120101536アイリスバローズ　　　　　　　　　　 16.3  3.5  7.4  3.1  3.6  9  0.0                           
092325010220106918メイショウネムノキ　　　　　　　　　  2.7  1.3 18.3 20.4 12.8 18 11.3                           
092325010320106795フクノワカバ　　　　　　　　　　　　 12.0  2.8  4.0  2.2  2.1  7  0.0                           
092325010420105186ウインルベライト　　　　　　　　　　 12.2  2.8  7.6 10.8  6.0 11 22.1                           
092325010520106425キミニオクル　　　　　　　　　　　　 40.4  7.7-11.3-11.7 -7.7 -3  0.0                           
092325010620105167スナークメモリー　　　　　　　　　　 51.9  9.7-11.3  0.6 -4.0  1  0.0  5                        
092325010720107214コーリンラズベリー　　　　　　　　　  4.1  1.5 17.1  8.6  8.9 14  0.0                           
092325010820100717リリアナフェアリー　　　　　　　　　 84.9 15.0-11.3-13.1 -8.1 -3  0.0                           
092325010920105594ヤマニンティンク　　　　　　　　　　 51.7  9.6-11.3-10.2 -7.2 -2  0.0                           
092325011020100496ローズパイ　　　　　　　　　　　　　 19.4  4.1 -0.5  9.6  2.7  8 26.5                           
092325011120104751ゼットカレン　　　　　　　　　　　　  4.4  1.5 16.0 13.2  9.8 15 19.1                           
092325011220106318ゴールドマリー　　　　　　　　　　　 60.0 10.8-11.3-16.0 -8.9 -4  0.0                           
092325011320103347クレームブリュレ　　　　　　　　　　 30.5  6.0-11.3 -6.7 -6.2 -1  0.0                           
092325011420101790ヴァイタリティ　　　　　　　　　　　 17.8  3.8  8.9 13.4  7.3 12  0.0                           
092325011520106333アオイダリア　　　　　　　　　　　　138.4 24.0-10.1-13.1 -7.6 -3  0.0                           
092325011620109149カムカムキリシマ　　　　　　　　　　 31.5  6.1-11.3 -9.3 -6.9 -2  0.0                           
092325020120103183レッドラグラス　　　　　　　　　　　  3.5  1.3 17.7 19.6 12.4 17 17.7                           
092325020220101625エストラーダ　　　　　　　　　　　　 38.4  6.7 -8.9 -1.3 -3.7  1 29.4                           
092325020320106334モストロネーロ　　　　　　　　　　　 30.3  5.4-11.3  5.6 -2.5  3  0.0                           
092325020420100724センチュリヒーロー　　　　　　　　　 73.0 11.8-11.3-16.0 -8.9 -4  0.0                           
092325020520100455スナークドリアン　　　　　　　　　　 13.2  2.8  8.0  8.2  5.4 10  0.0  5                        
092325020620101820ロングウッド　　　　　　　　　　　　  3.8  1.3 18.2 11.4 10.1 15 13.4                           
092325020720107185アスクトニーロッソ　　　　　　　　　150.6 23.6-11.3-11.0 -7.4 -2  0.0                           
092325020820100007ユーカリグニー　　　　　　　　　　　 75.8 12.2-11.3 -9.6 -7.0 -2  0.0                           
092325020920101022エイカイビクター　　　　　　　　　　 29.1  5.2 -1.0  4.8  1.1  6  0.0                           
092325021020101123サクセスハチハチ　　　　　　　　　　  2.5  1.2 18.2 16.2 11.5 17 16.2                           
092325021120109042ドデカハーツ　　　　　　　　　　　　 48.0  8.2-11.3 -9.9 -7.1 -2  0.0                           
092325021220102349ロブロイズハート　　　　　　　　　　 44.0  7.6-11.3 -8.6 -6.7 -2  0.0                           
092325021320102658ティエラサンタ　　　　　　　　　　　 17.8  3.5  1.9  0.1  0.7  6  0.0                           
092325021420100521テイエムスーペリア　　　　　　　　　 22.1  4.1  4.5  4.1  2.9  8  0.0                           
092325021520107097ロッキープラネット　　　　　　　　　 32.5  5.8 -4.6-12.6 -5.5  0  0.0                           
092325021620101775フルオーケストラ　　　　　　　　　　 64.4 10.5-11.3-12.3 -7.8 -3  0.0                           
092325030120109071フレッチャネーラ　　　　　　　　　　 51.8  9.4 -8.8-15.6 -7.9 -3  0.0                           
092325030220100943クリスプエアー　　　　　　　　　　　  8.3  2.3 12.4 -2.6  3.8  9 14.4                           
092325030320106182メイショウホウセン　　　　　　　　　 32.7  6.2 -1.1 -1.0 -0.7  4  0.0                           
092325030420102184サウンドズーム　　　　　　　　　　　 22.0  4.4 -4.1  3.4 -0.5  5  0.0                           
092325030520106164ピュアマークス　　　　　　　　　　　 44.7  8.2 -8.9-10.2 -6.3 -1  0.0                           
092325030620101699シゲルマッハ　　　　　　　　　　　　 15.4  3.3 -2.2 -7.1 -2.9  2  0.0                           
092325030720104188ウナヴォルタ　　　　　　　　　　　　 32.9  6.2-11.3-16.0 -8.9 -4  0.0                           
092325030820102311テーオーミシュラン　　　　　　　　　 36.7  6.8 -9.0-10.2 -6.4 -1  0.0                           
092325030920103339ナゲットモンスター　　　　　　　　　  3.6  1.5 12.1 12.3  8.1 13 17.7                           
092325031020104650トモジャケーヤ　　　　　　　　　　　 15.5  3.3  3.5  5.8  3.0  8  0.0                           
092325031120102635エーテルノカゼ　　　　　　　　　　　 34.0  6.4 -8.9 -7.9 -5.6 -1  0.0  0                        
092325031220106926ステラライズ　　　　　　　　　　　　 12.9  2.9  9.8 10.6  6.8 12 22.1                           
092325031320105632ジラルデ　　　　　　　　　　　　　　  7.2  2.0  7.5  5.9  4.5 10  0.0                           
092325031420105568ハクサンパイオニア　　　　　　　　　  2.8  1.4 18.4 20.1 12.8 18 16.2                           
092325031520106938キセキニャン　　　　　　　　　　　　 52.4  9.5-11.3-10.2 -7.2 -2  0.0                           
092325031620104845ギーロカスタル　　　　　　　　　　　 46.3  8.5 -6.9  7.6 -0.3  5  0.0                           
092325040120103502トラストエムシー　　　　　　　　　　  6.2  1.9 10.2  6.5  5.7 11 19.1                           
092325040220100894ヨドノストロング　　　　　　　　　　 60.9 11.2-11.8 -9.6 -7.2 -2  0.0                           
092325040320102539アレンテージョ　　　　　　　　　　　 13.3  3.1  5.4  7.5  4.2  9  0.0                           
092325040420106855テーオーエンゲルス　　　　　　　　　 55.4 10.2-11.3-12.4 -7.9 -3  0.0                           
092325040520100681ジーニアスバローズ　　　　　　　　　  5.1  1.7 13.5 12.5  8.7 14 12.4                           
092325040620104921ノエマ　　　　　　　　　　　　　　　 29.8  5.9-11.3  8.0 -1.7  3  0.0                           
092325040720103118ブレイヴアロウ　　　　　　　　　　　 39.3  7.6 -8.6 -4.9 -4.6  0  0.0                           
092325040820101154マリオキュート　　　　　　　　　　　 42.0  8.1-11.3-13.3 -8.1 -3  0.0                           
092325040920103107デルマモナーク　　　　　　　　　　　 28.9  5.8  3.4  2.3  1.9  7  0.0                           
092325041020100912ジューンアヲニヨシ　　　　　　　　　 11.2  2.7  6.7  6.9  4.5 10 22.1                           
092325041120103042アクトゥールキネマ　　　　　　　　　 62.2 11.4 -6.8 -7.5 -4.7  0  0.0                           
092325041220103624ジャスティンボルト　　　　　　　　　  6.5  2.0 11.7 16.2  9.1 14  0.0  4                        
092325041320105733キャリーハピネス　　　　　　　　　　 32.3  6.4 -7.8-11.6 -6.3 -1  0.0                           
092325041420110042ファミリーラヴ　　　　　　　　　　　 33.5  6.6 -5.1 -7.2 -4.0  1  0.0                           
092325041520103193シャンデルナゴル　　　　　　　　　　  2.5  1.3 20.7 22.0 14.2 19 16.2                           
092325041620103358ブリックスダール　　　　　　　　　　 24.8  5.1 -8.5-11.6 -6.6 -2  0.0                           
092325050120107143ウイニンググレイス　　　　　　　　　 25.4  5.5-11.3 -9.9 -7.1 13  0.0                           
092325050220101941バリアントバイオ　　　　　　　　　　  4.1  1.6 14.4 20.0 11.3 31 17.7                           
092325050320100142ロードアヴニール　　　　　　　　　　  3.3  1.5 15.7 16.9 10.8 31 16.2                           
092325050420106261エイシンセラフィム　　　　　　　　　 19.3  4.4 -7.4 -7.3 -4.9 15  0.0                           
092325050520105621アウトレンジ　　　　　　　　　　　　  4.8  1.7 14.7 16.2 10.3 30  0.0                           
092325050620106063ゴッドブルービー　　　　　　　　　　  5.8  1.9 11.5  6.8  6.3 26 20.6                           
092325050720100635サンテックス　　　　　　　　　　　　  6.0  1.9  6.9 12.3  6.2 26 15.4                           
092325050820102818メイクザビート　　　　　　　　　　　 11.7  2.9  1.2  7.4  2.7 23  0.0                           
092325050920103996エーティースピカ　　　　　　　　　　 44.1  9.0-11.3-14.9 -8.6 11  0.0                           
092325051020103673ケイエイト　　　　　　　　　　　　　 22.6  4.9-11.3 -6.7 -6.2 14  0.0                           
092325051120104853スタボーンイメル　　　　　　　　　　 38.8  8.0 -4.6  6.7  0.3 20  0.0                           
092325060120102702ストリンジェンド　　　　　　　　　　 19.9  4.0 -4.4  0.2 -1.6 18  0.0                           
092325060220101503カンチェンジュンガ　　　　　　　　　  7.0  2.0 10.5 32.1 13.5 33  0.0                           
092325060320102963ベルビューポイント　　　　　　　　　  4.4  1.5 14.9  6.7  7.5 27 19.1                           
092325060420102640サイモンオリーブ　　　　　　　　　　 30.2  5.7-11.3 13.2 -0.2 20  0.0                           
092325060520106944ネイキッド　　　　　　　　　　　　　 13.6  3.0  7.6-11.2 -0.6 19 15.4                           
092325060620100121イイヒニナル　　　　　　　　　　　　 21.0  4.2 -8.2  8.5 -0.5 20  0.0                           
092325060720100151スクルプトーリス　　　　　　　　　　 23.5  4.6 -6.3-11.5 -5.8 14  0.0                           
092325060820100530フォルティーナ　　　　　　　　　　　 28.1  5.4 -2.1-10.1 -3.8 16  0.0                           
092325060920101031アスクエピソード　　　　　　　　　　  3.4  1.4 18.5 20.9 13.1 33 17.7                           
092325061020106409ペプチドハドソン　　　　　　　　　　 16.3  3.4  1.0 -1.9 -0.2 20  0.0                           
092325061120103356クファシル　　　　　　　　　　　　　  2.8  1.3 18.5 19.6 12.7 33 16.2                           
092325070119100360グローツラング　　　　　　　　　　　  4.6  1.5 21.8 26.7 16.0 36 17.7                           
092325070218106715ナムラスワガー　　　　　　　　　　　 32.6  5.6 -8.8-15.6 -7.9 12  0.0                           
092325070319102343コパノオースティン　　　　　　　　　 17.0  3.3  2.7  1.8  1.5 22  0.0  5                        
092325070419100592カライカマウリオラ　　　　　　　　　 31.5  5.5-11.3-10.2 -7.2 13  0.0                           
092325070519104761ジルバーン　　　　　　　　　　　　　  4.8  1.5 12.4  8.9  7.2 27  0.0                           
092325070619103829キングロコマイカイ　　　　　　　　　  8.6  2.2  7.6  9.3  5.6 26 15.4                           
092325070719100953エルデスペラード　　　　　　　　　　 16.6  3.3 -4.4-11.3 -5.0 15 23.5                           
092325070819106014スピリトーゾ　　　　　　　　　　　　  7.7  2.0 13.4  9.6  7.8 28  0.0                           
092325070919104587ハヤブサウィッシュ　　　　　　　　　 34.6  5.9 -8.3-12.0 -6.6 13  0.0                           
092325071019100615シャンバラ　　　　　　　　　　　　　  2.1  1.2 21.9 20.7 14.2 34 16.2                           
092325080118104326オブリガーダミノル　　　　　　　　　 34.2  6.3 -8.9-15.0 -7.8 12  0.0                           
092325080219102460ウィルフルネス　　　　　　　　　　　  8.3  2.2  8.8  2.4  3.9 24 15.4                           
092325080319102364クリノビビ　　　　　　　　　　　　　 38.9  7.1-11.3 -7.5 -6.4 14  0.0                           
092325080418102586フライングバレル　　　　　　　　　　 14.2  3.1 -4.5  3.3 -0.7 19  0.0                           
092325080519101930ウインメイフラワー　　　　　　　　　 13.0  2.8  7.2 11.0  5.9 26  0.0                           
092325080619104726フォーランマリア　　　　　　　　　　  5.8  1.8 12.5 17.4  9.8 30 17.7                           
092325080719103813レガーミ　　　　　　　　　　　　　　 18.9  3.9 -3.8  1.1 -1.1 19  0.0                           
092325080819104733トゥーレツリー　　　　　　　　　　　 19.8  4.0 -2.5 -4.2 -2.2 18  0.0                           
092325080918109002バリコノユメ　　　　　　　　　　　　  7.6  2.1 12.9 11.8  8.3 28 20.6                           
092325081019102208エグモント　　　　　　　　　　　　　  6.4  1.9 11.6  9.9  7.2 27  0.0                           
092325081119105849ドゥライトアルディ　　　　　　　　　  2.1  1.2 19.2 19.1 12.8 33 16.2                           
092325090117105720クリノキングボス　　　　　　　　　　 36.5  6.0-11.2-10.6 -7.3 23  0.0                           
092325090219105654シホノスペランツァ　　　　　　　　　  2.1  1.2 22.5 21.5 14.7 45 16.2                           
092325090316104519レッドエンヴィー　　　　　　　　　　 21.9  3.9-11.3 -7.5 -6.4 24  0.0                           
092325090418106357ハーツオブシャカ　　　　　　　　　　 19.4  3.6 -6.9 -8.6 -5.1 25  0.0                           
092325090518103369ハギノピリナ　　　　　　　　　　　　  3.9  1.4 16.7 12.6  9.9 40 17.7                           
092325090618104797リンフレスカンテ　　　　　　　　　　  4.9  1.5 14.0 17.3 10.3 40 20.6                           
092325090718104196タイセイコマンド　　　　　　　　　　 12.0  2.5  9.3  7.6  5.7 36  0.0                           
092325090819105480ジェンヌ　　　　　　　　　　　　　　  4.5  1.4 13.6 12.9  8.9 39 13.4                           
092325100115103452ゴールドギア　　　　　　　　　　　　 30.9  6.6-11.2-10.6 -7.3 38  0.0                           
092325100218100255マリノアズラ　　　　　　　　　　　　  7.1  2.2 10.1 14.4  8.0 53 20.6                           
092325100318105033レヴェッツァ　　　　　　　　　　　　 21.0  4.8 -1.9-12.3 -4.4 41  0.0                           
092325100417101829レザネフォール　　　　　　　　　　　 42.5  8.8-10.1-11.1 -7.0 38  0.0                           
092325100518105008ククナ　　　　　　　　　　　　　　　  2.9  1.4 17.4  9.7  9.3 54 16.2                           
092325100618104788トゥーフェイス　　　　　　　　　　　  7.4  2.3 12.6  7.2  6.8 52  0.0                           
092325100719104899インプレス　　　　　　　　　　　　　  5.3  1.8 14.1  7.1  7.3 52 12.4                           
092325100816104397タイセイモナーク　　　　　　　　　　 24.6  5.4 -5.7  1.6 -1.6 43  0.0                           
092325100919104629アーティット　　　　　　　　　　　　  5.7  1.9 12.2 15.4  9.1 54 19.1  4                        
092325101017103174ディアマンミノル　　　　　　　　　　 13.8  3.4  0.0 -4.2 -1.3 44  0.0                           
092325101116104451シークレットラン　　　　　　　　　　 38.6  8.1-11.8-12.8 -8.2 37  0.0  0                        
092325101218105131セファーラジエル　　　　　　　　　　  8.6  2.5  6.0  7.8  4.5 50  0.0                           
092325101317105331マンオブスピリット　　　　　　　　　 35.7  7.5-11.3-12.3 -7.8 37  0.0                           
092325110119105345サブライムアンセム　　　　　　　　　 19.3  4.4 -9.1 -8.6 -5.9 49  0.0                           
092325110219104968コスタボニータ　　　　　　　　　　　 25.5  5.5-11.3-10.2 -7.2 48  0.0                           
092325110318101646ウインシャーロット　　　　　　　　　  4.8  1.8 17.7 16.6 11.5 66  0.0                           
092325110418105017フラーズダルム　　　　　　　　　　　 17.7  4.1 -3.6 -9.9 -4.3 51  0.0                           
092325110519105394ママコチャ　　　　　　　　　　　　　  7.5  2.3 12.0  9.0  7.1 62  0.0                           
092325110618104750テンハッピーローズ　　　　　　　　　 28.8  6.1-10.1-10.2 -6.8 48  0.0                           
092325110719104982ルージュスティリア　　　　　　　　　  3.0  1.4 20.4 18.6 13.1 68 11.3                           
092325110819102772ピンハイ　　　　　　　　　　　　　　  7.5  2.3 10.2 15.5  8.4 63 20.6                           
092325110919104057サウンドビバーチェ　　　　　　　　　 15.5  3.7  2.1  3.4  1.8 57  0.0                           
092325111018105020アンドヴァラナウト　　　　　　　　　 16.9  3.9 -4.6  1.3 -1.3 54  0.0                           
092325111117102294イズジョーノキセキ　　　　　　　　　  6.6  2.1  9.9 15.1  8.2 63 19.1                           
092325111218104947ディヴィーナ　　　　　　　　　　　　 11.0  2.8  2.5 -2.9  0.0 55  0.0  0                        
092325120119103065ゼットレヨン　　　　　　　　　　　　 25.2  5.2 -9.5-11.7 -7.0 23  0.0                           
092325120218100808アラモードバイオ　　　　　　　　　　 20.5  4.4  0.8 -7.5 -2.0 28  0.0                           
092325120319101975ナムラフランク　　　　　　　　　　　  2.7  1.3 19.7 25.2 14.8 45 16.2                           
092325120412100683マイネルプロンプト　　　　　　　　　 33.5  6.7-11.3-10.2 -7.2 23  0.0                           
092325120519103027ロードジャスティス　　　　　　　　　 16.6  3.7 -0.2 -4.7 -1.5 29 26.5                           
092325120619102065ワセダタンク　　　　　　　　　　　　  5.0  1.7 15.1 13.8  9.7 40  0.0                           
092325120718104333スカーレットジンク　　　　　　　　　  9.4  2.6 -5.3-11.0 -5.2 25  0.0                           
092325120818105151イルデレーヴ　　　　　　　　　　　　  5.3  1.8 13.1 11.6  8.3 38  0.0                           
092325120919102540クリーンジーニアス　　　　　　　　　 16.5  3.7  6.8 15.6  7.2 37 17.5                           
092325121019106704カンザシ　　　　　　　　　　　　　　  8.4  2.4  9.9  8.6  6.2 36 20.6                           
092325121119100168ベジェサ　　　　　　　　　　　　　　 15.1  3.4  5.9  5.9  3.9 34  0.0                           
092325121219101685ドンフクリン　　　　　　　　　　　　 35.5  7.1-11.3  9.6 -1.3 29  0.0                           
092325121319106083ニホンピロクリーク　　　　　　　　　 32.3  6.5 -2.0-13.8 -4.9 25  0.0                           
