012014010118101608サノカポ　　　　　　　　　　　　　　  5.9  1.6 11.8 20.0 10.9 16  9.5                           
012014010218101894ターニングアップ　　　　　　　　　　 15.1  2.8 -4.2 -3.1 -2.4  3  1.4                           
012014010318102663インディナート　　　　　　　　　　　  3.8  1.4 15.2 12.9  9.3 14 11.6                           
012014010418100109サンダナポイント　　　　　　　　　　 12.9  2.5  7.7  8.2  5.3 10  0.0                           
012014010518103750ミカンサン　　　　　　　　　　　　　  2.1  1.2 19.3 21.3 13.6 19 10.7                           
012014010618103671マイネルカーニバル　　　　　　　　　  8.0  2.0  8.1  2.8  3.5  8  1.2                           
012014010718104198コパノエリック　　　　　　　　　　　  7.8  1.9-10.0  6.5 -0.6  4  1.1                           
012014010818103951サンデンビスタ　　　　　　　　　　　 18.2  3.3-10.3 -1.3 -3.6  1  0.0                           
012014020117105208ローヌグレイシア　　　　　　　　　　 11.6  3.5  7.8  6.3  4.7 10  5.8                           
012014020217100428サンライズミリオン　　　　　　　　　  7.1  2.6  7.7  6.3  4.6 10  8.4                           
012014020317102309エムテイフラッシュ　　　　　　　　　  7.2  2.6 12.8  4.6  5.5 11  1.1                           
012014020417105644スピッツェンバーグ　　　　　　　　　 13.0  3.8 -5.8  2.5 -0.8  4  1.6                           
012014020517101034ラッキーボーイ　　　　　　　　　　　 26.2  6.9 -8.1 -2.5 -3.3  2  0.0                           
012014020617104677オメガデラックス　　　　　　　　　　  7.7  2.8  2.1-10.4 -3.2  2  5.2                           
012014020717101420アイルビーメジャー　　　　　　　　　  5.9  2.3 17.9  3.1  6.5 12  5.3                           
012014020817106576ゴールドクレスト　　　　　　　　　　 44.2 11.3-10.3-10.4 -6.9 -2  0.0                           
012014020917105188ポテンシャルリアル　　　　　　　　　 15.5  4.4-10.0  7.6 -0.2  5  0.0  5                        
012014021017101001テーオーコロンブス　　　　　　　　　 52.7 13.3-10.3 -6.0 -5.3  0  0.0                           
012014021117105158スーザフォン　　　　　　　　　　　　 12.2  3.6 -6.3-10.4 -5.7 -1  0.0                           
012014021217101985マイネルカガヤキ　　　　　　　　　　  9.2  3.1  2.2  2.0  1.4  6  5.5                           
012014021317106231レッドシリウス　　　　　　　　　　　  7.4  2.7  7.2  6.3  4.5  9  4.9                           
012014021417105750キョウエイパラスト　　　　　　　　　  6.5  2.5  0.7 11.1  4.3  9  3.9                           
012014030117101924アイオープナー　　　　　　　　　　　  3.5  1.4 16.1  5.5  6.8 12 11.6                           
012014030217101296ファインアイリス　　　　　　　　　　 24.4  4.4 -6.3  0.5 -1.7  3  0.0                           
012014030317105996ペプチドヒミコ　　　　　　　　　　　  8.0  2.0  8.7 10.4  6.4 11  4.2                           
012014030417104792アンネローゼ　　　　　　　　　　　　 51.7  8.5-10.0-20.0-10.3 -5  0.0                           
012014030517106063カシマホオズキ　　　　　　　　　　　 21.6  3.9  7.3  3.3  3.4  8  1.5                           
012014030617105673ピュティ　　　　　　　　　　　　　　 39.6  6.7-10.3-10.7 -7.0 -2  0.0                           
012014030717103133ウォーターハミング　　　　　　　　　 21.0  3.9 -5.3 -6.0 -3.8  1  0.0                           
012014030817104316ディープブルース　　　　　　　　　　 20.7  3.9 -2.3  6.3  1.6  7  1.4                           
012014030917102730エナミルク　　　　　　　　　　　　　 16.9  3.3  7.8  0.0  2.3  7  1.2  0                        
012014031017105400ステラータ　　　　　　　　　　　　　 31.2  5.4-10.0 -9.1 -6.3 -1  0.0                           
012014031117102618ラガーヴィーヴ　　　　　　　　　　　 20.4  3.8-10.3 -7.7 -5.9 -1  0.0                           
012014031217103472ディーズギャラント　　　　　　　　　 22.1  4.0-10.3 -8.1 -6.1 -1  0.0                           
012014031317105137ココニアル　　　　　　　　　　　　　 11.0  2.4 12.7 13.9  8.9 14  5.7                           
012014031417104727エルバルーチェ　　　　　　　　　　　  2.4  1.3 17.9 28.8 15.9 21 10.7  1  332   38              
012014040117104559タイセイレフィーノ　　　　　　　　　  4.5  1.7 13.2 18.4 10.7 16 10.7                           
012014040217103092ダンツシルビア　　　　　　　　　　　 17.8  4.1-10.3 -3.8 -4.5  1  0.0                           
012014040317106302フローラルドレス　　　　　　　　　　 18.4  4.2 -6.3 -9.5 -5.4  0  0.0  0                        
012014040417106436クイーンズバラッド　　　　　　　　　 22.7  5.0-10.3-10.4 -6.9 -2  0.0                           
012014040517102881シエルヴァ　　　　　　　　　　　　　 42.5  8.7 -4.7 -4.8 -3.2  2  0.0                           
012014040617103309ホウオウエンジェル　　　　　　　　　 19.9  4.5  6.2  2.9  2.9  8  0.0                           
012014040717102371カーテンコール　　　　　　　　　　　  7.6  2.3 12.3  9.2  7.1 12  6.3                           
012014040817101857ジュンジュン　　　　　　　　　　　　 16.4  3.8 -2.3 21.6  7.2 12  0.0                           
012014040917103364タマモカガヤキ　　　　　　　　　　　 26.9  5.8  0.0 -7.7 -2.8  2  5.3                           
012014041017105958サンデーパームス　　　　　　　　　　 38.3  7.9-10.3  6.7 -0.6  4  0.0                           
012014041117106379ポーカークイーン　　　　　　　　　　 11.5  2.9 13.2 18.1 10.6 16  4.9                           
012014041217103320ウンダモシタン　　　　　　　　　　　 31.1  6.6-10.3 -6.8 -5.6 -1  0.0                           
012014041317100458エーティーロンドン　　　　　　　　　 20.7  4.7-10.0-10.4 -6.8 -2  3.2                           
012014041417106172リュッカ　　　　　　　　　　　　　　  7.9  2.4  8.4  9.6  6.0 11  1.1                           
012014041517101757クァンタムリープ　　　　　　　　　　  3.1  1.5 13.3 40.0 18.7 24  8.0  1  200   43              
012014041617102393ポートメイリオン　　　　　　　　　　 43.3  8.9-10.3-10.7 -7.0 -2  0.0                           
012014050118102444マテンロウスタイル　　　　　　　　　  4.6  2.1  7.3  8.6  5.3  5  4.9                           
012014050218105418フォルテデイマルミ　　　　　　　　　  6.3  2.7 13.3 15.3  9.6 10  6.1                           
012014050318110038ライフサイエンス　　　　　　　　　　  5.9  2.6-10.0 12.1  1.4  1  6.8                           
012014050418105036タスマンハイウェイ　　　　　　　　　  7.4  3.2  4.7 10.2  5.2  5  7.8                           
012014050518106079コニャック　　　　　　　　　　　　　  5.4  2.4 14.0 31.8 15.9 16  3.2                           
012014050618100361フィルメーザ　　　　　　　　　　　　 14.3  5.3-10.0-10.7 -6.9 -7  0.0                           
012014050718110086バニシングポイント　　　　　　　　　  2.2  1.3 18.3 23.8 14.2 14  9.8                           
012014060114105134ブランオラージュ　　　　　　　　　　 10.8  2.7 11.6 12.7  8.1 28  2.4                           
012014060216102368ヤンチャプリヒメ　　　　　　　　　　 18.9  4.3 -6.3  0.5 -1.7 18  0.0                           
012014060314102483サノノショウグン　　　　　　　　　　  5.6  1.8  6.2  1.0  2.2 22  4.5                           
012014060417101597ミツカネプリンス　　　　　　　　　　 15.2  3.6 -8.1 -2.8 -3.5 17  1.5                           
012014060516100170アイファーアクター　　　　　　　　　 34.8  7.2-10.0 -3.1 -4.1 16  0.0                           
012014060617103989キラットダイヤ　　　　　　　　　　　  2.8  1.4 19.2 14.0 10.9 31 10.7                           
012014060716102855ガビーズメモリー　　　　　　　　　　 12.5  3.0 11.0 16.2  9.2 29  2.6                           
012014060817100850サノマナ　　　　　　　　　　　　　　  5.1  1.8 13.1 18.9 10.9 31 10.7                           
012014060917100081ジョイウイン　　　　　　　　　　　　  5.5  1.8 12.2-12.2 -0.8 19  4.2                           
012014061017106185マティアス　　　　　　　　　　　　　 13.3  3.2 -1.8-10.4 -4.4 16  0.0                           
012014061114103590シルヴァーメテオ　　　　　　　　　　 24.6  5.3-10.3 -5.0 -4.9 15  0.0                           
012014070117105829マーキュリーセブン　　　　　　　　　  8.1  2.1  5.2  9.2  4.9 25  3.6                           
012014070215105202ニシノベースマン　　　　　　　　　　  4.5  1.5 11.8 11.5  7.8 28  2.9                           
012014070317104964シャムロックヒル　　　　　　　　　　  5.4  1.6  3.3 20.0  8.3 28  7.9                           
012014070417106220ブロフェルド　　　　　　　　　　　　 19.3  3.8-10.3-10.4 -6.9 13  0.0                           
012014070517101988コスモブルーノーズ　　　　　　　　　  5.1  1.6  4.2 10.3  5.0 25  5.3                           
012014070616102113ケルンキングダム　　　　　　　　　　 18.4  3.7 -5.8 -2.5 -2.7 17  1.4  0                        
012014070716105270ラヴィンジャー　　　　　　　　　　　 11.4  2.5  0.8 -6.5 -2.1 18  6.5  0                        
012014070817105318ゴルコンダ　　　　　　　　　　　　　  2.2  1.2 18.6 14.9 11.0 31 10.7                           
012014080117102952マイネルクロンヌ　　　　　　　　　　  3.9  1.8 14.2 13.7  9.3 29  4.9                           
012014080217101445ウインダークローズ　　　　　　　　　  5.4  2.4 12.5 -9.9  0.1 20  5.7                           
012014080314104973ディーグランデ　　　　　　　　　　　  8.6  3.6 -4.2 24.0  7.5 28  2.6  3                        
012014080416103607ポベーダテソーロ　　　　　　　　　　  5.1  2.3 13.6 13.9  9.2 29  8.4                           
012014080517105445ビーマイオーシャン　　　　　　　　　  2.2  1.3 16.7 18.4 11.8 32  9.8                           
012014080617101451ウインローズブーケ　　　　　　　　　  5.6  2.5-10.0 35.2  9.9 30  6.1                           
012014090117104612プントファイヤー　　　　　　　　　　  5.0  1.9 -1.8 15.2  5.0 25  7.4                           
012014090217100247クラウンデザイアー　　　　　　　　　  7.3  2.4 14.3 15.6 10.0 30  9.7  5                        
012014090317103825ピースボヌール　　　　　　　　　　　  5.4  2.0  4.7 18.2  8.1 28  2.3                           
012014090415101624シーオブセレニティ　　　　　　　　　 20.0  5.0 -0.8  9.2  3.1 23  1.5                           
012014090515104149ダンスメーカー　　　　　　　　　　　 15.2  4.0  9.3  1.2  3.2 23  1.4                           
012014090616100889ワンダーヴァレッタ　　　　　　　　　 24.6  5.9 -8.1-20.0 -9.8 10  0.0                           
012014090717100577クリアショット　　　　　　　　　　　  4.4  1.8 14.3 15.9 10.1 30  5.3                           
012014090817100918クロカドッグ　　　　　　　　　　　　 50.3 11.5-10.3-10.7 -7.0 13  0.0                           
012014090916101384ミスティネイル　　　　　　　　　　　 26.0  6.2-10.3  0.5 -2.9 17  0.0                           
012014091016106106タニノシェクハンド　　　　　　　　　 37.3  8.7 -5.8-20.0 -9.1 11  0.0                           
012014091117109028リュードマン　　　　　　　　　　　　 11.9  3.3-10.3-10.7 -7.0 13  0.0                           
012014091217104238フームスムート　　　　　　　　　　　  4.8  1.8 16.7 21.3 12.8 33 10.7                           
012014091314102135サンマルライバル　　　　　　　　　　 35.7  8.3 -8.1 -2.5 -3.3 17  0.0                           
012014091417104488セイユメアカリ　　　　　　　　　　　 20.0  5.0  1.7 -5.3 -1.4 19  0.0                           
012014100116100140ロジシルキー　　　　　　　　　　　　  6.0  2.0 15.6  2.8  5.7 36  5.3                           
012014100216103022リーピングリーズン　　　　　　　　　  3.6  1.5 13.8 18.4 10.9 41  8.9                           
012014100315100384ドヒョウギワ　　　　　　　　　　　　 46.8  9.6-10.3-20.0-10.4 20  0.0                           
012014100416104389ルプレジール　　　　　　　　　　　　 18.6  4.3-10.3-10.4 -6.9 23  0.0                           
012014100516104515ベルクワイア　　　　　　　　　　　　  6.5  2.1  6.2 12.1  6.3 36  4.5                           
012014100617101730タガノペルマネンテ　　　　　　　　　 19.4  4.4 -6.3 -1.6 -2.5 28  1.6                           
012014100716104817エスト　　　　　　　　　　　　　　　 11.6  2.9  0.3  1.7  0.7 31  1.2                           
012014100814102730ヴォカツィオーネ　　　　　　　　　　  3.9  1.6 17.9 21.8 13.4 43 11.6                           
012014100914102543アポロマーキュリー　　　　　　　　　 31.7  6.7-10.3 -2.8 -4.1 26  0.0                           
012014101016101941ヘイセイラスト　　　　　　　　　　　 44.4  9.2-10.3-20.0-10.4 20  0.0  0                        
012014101115104277デルマカシャーサ　　　　　　　　　　 28.6  6.1 -8.1 -5.3 -4.4 26  0.0                           
012014101214105352ヴィーナスフローラ　　　　　　　　　 16.6  3.9 -6.3-15.3 -7.5 22  1.4                           
012014101316105702タイトロープウィン　　　　　　　　　 13.8  3.4 10.8 -8.1  0.3 30  2.6                           
012014101416104692アラゴネーゼ　　　　　　　　　　　　 18.2  4.2 -2.3  5.1  1.2 31  0.0                           
012014110116105230レッドアネモス　　　　　　　　　　　 16.5  4.2-10.0-10.4 -6.8 43  0.0                           
012014110215100600スカーレットカラー　　　　　　　　　  4.8  1.9 10.0  7.7  5.8 56  8.7                           
012014110314101505ナルハヤ　　　　　　　　　　　　　　 22.9  5.4 -4.7 -9.9 -5.0 45  0.0                           
012014110414100492タガノアスワド　　　　　　　　　　　 42.9  9.6-10.0  1.7 -2.4 48  0.0                           
012014110515104921アロハリリー　　　　　　　　　　　　 26.3  6.2-10.0-10.4 -6.8 43  0.0                           
012014110614102161カリビアンゴールド　　　　　　　　　 14.8  3.8  8.7 13.8  7.7 58  2.9                           
012014110716104880コントラチェック　　　　　　　　　　  6.8  2.3  6.0  7.1  4.4 54  3.2                           
012014110816104593フェアリーポルカ　　　　　　　　　　  4.0  1.7 15.0 15.1 10.0 60  9.8  3                        
012014110916104829ビーチサンバ　　　　　　　　　　　　  7.3  2.4 11.3  9.2  6.8 57  7.9                           
012014111015100713リープフラウミルヒ　　　　　　　　　 13.7  3.6  8.0 19.1  9.4 59  2.7                           
012014111115103392モルフェオルフェ　　　　　　　　　　 20.2  5.0-10.0 -8.5 -6.1 44  0.0                           
012014111215102382オールフォーラヴ　　　　　　　　　　 18.0  4.5  0.7 -8.1 -2.8 47  0.0  0                        
012014111316109023サムシングジャスト　　　　　　　　　 12.6  3.3  0.0 -2.5 -0.9 49  1.3  0                        
012014111416104791シャドウディーヴァ　　　　　　　　　  8.4  2.7 -6.3  9.1  1.4 51  1.2                           
012014120114104144スカルバン　　　　　　　　　　　　　 17.9  4.3-10.3-10.7 -7.0 23  0.0                           
012014120217105429オータムレッド　　　　　　　　　　　 22.9  5.2 -1.8-12.7 -5.2 25  1.6                           
012014120317104068ソウルトレイン　　　　　　　　　　　  3.9  1.6 10.0 13.7  8.0 38  8.0  4                        
012014120416104232カヌメラビーチ　　　　　　　　　　　 12.6  3.2  6.0 15.3  7.4 37  2.6                           
012014120517105348ショウリュウハル　　　　　　　　　　  7.9  2.4 13.3 24.0 12.8 43  4.5                           
012014120613102841プッシュアゲン　　　　　　　　　　　 25.9  5.8-10.3-20.0-10.4 20  0.0                           
012014120716105211オースミカテドラル　　　　　　　　　  5.2  1.8 14.0 11.6  8.5 38  8.4                           
012014120817104000ユキノグローリー　　　　　　　　　　 35.0  7.6-10.3-17.1 -9.4 21  0.0  0                        
012014120915103675プレトリア　　　　　　　　　　　　　 11.4  3.0  6.2  9.2  5.2 35  4.9                           
012014121015102745クリノアリエル　　　　　　　　　　　 17.8  4.2  2.7 -2.5 -0.1 30  0.0                           
012014121117102638ベッラヴォルタ　　　　　　　　　　　 17.6  4.2 -6.3  7.3  0.8 31  2.7                           
012014121217110103オーロラフラッシュ　　　　　　　　　  3.9  1.6 13.0  8.8  7.1 37  5.8                           
012014121315105120ウインオルビット　　　　　　　　　　 29.0  6.4-11.0-10.7 -7.2 23  0.0                           
012014121413100731ピースマインド　　　　　　　　　　　 30.3  6.6-10.3-20.0-10.4 20  0.0                           
042024010118103468チャーチャンテン　　　　　　　　　　 89.8 17.2 -8.7-10.1 -6.3 -1  0.0                           
042024010218100886ジェットエンブレム　　　　　　　　　 34.9  7.3 -6.0-13.7 -6.8 -2  0.0  0                        
042024010318105655トーセンガイア　　　　　　　　　　　 19.5  4.4  6.6  1.5  2.5  8  0.0                           
042024010418103354マイネルアミスター　　　　　　　　　 16.6  3.8-10.0 -9.1 -6.3 -1  0.0                           
042024010518106885ワイオミアロール　　　　　　　　　　 11.0  2.8 10.0  5.9  5.2 10  0.0                           
042024010618103332ニシノイルマーレ　　　　　　　　　　  2.5  1.4 19.8 17.5 12.4 17 18.1                           
042024010718102287ニシノアジャスト　　　　　　　　　　  7.2  2.2  7.8 17.5  8.8 14 12.5                           
042024010818102302ハンデンディオーネ　　　　　　　　　 20.8  4.7-10.0  6.5 -0.6  4  0.0                           
042024010918104129シューラヴァラ　　　　　　　　　　　  7.7  2.3 13.7  8.1  7.1 12  6.8                           
042024011018103256チェリーオリオン　　　　　　　　　　 75.5 14.6-10.0-11.3 -7.1 -2  0.0                           
042024011118102335ロイヤルウィーブ　　　　　　　　　　129.5 24.5-11.4-14.1 -8.6 -4  0.0  0                        
042024011218106103イズジョードリーム　　　　　　　　　  6.8  2.1 -2.1  6.7  1.8  7 14.0                           
042024011318106319ココクラッシュ　　　　　　　　　　　 48.0  9.7-12.5-10.1 -7.5 -2  0.0                           
042024011418102324ショウナンアドール　　　　　　　　　 26.3  5.6-10.0 -2.0 -3.7  1  0.0                           
042024011518103306マラドーナ　　　　　　　　　　　　　 55.3 10.8 12.0 -4.5  2.0  7  0.0                           
042024011618103982ノアジェニシス　　　　　　　　　　　151.3 28.5-11.4-14.1 -8.6 -4  0.0                           
042024011718103191セイウンノウヒメ　　　　　　　　　　 41.8  8.6-12.5 -7.0 -6.3 -1  0.0                           
042024011818101498ラブリークイーン　　　　　　　　　　  8.3  2.5  6.0  7.3  4.5  9 10.3  2                        
042024020117104598エトヴァス　　　　　　　　　　　　　 14.7  3.5 -2.1  2.4  0.3  5  0.0                           
042024020217104886ビーオールアイズ　　　　　　　　　　 37.5  7.7 -2.9 -7.9 -3.8  1  0.0                           
042024020317104621ソードライン　　　　　　　　　　　　  4.4  1.7  6.0 18.2  8.5 13 19.8                           
042024020417104798ランウェイルック　　　　　　　　　　 43.7  8.9-12.5-10.1 -7.5 -2  0.0                           
042024020517103927タニノヨセミテ　　　　　　　　　　　 62.2 12.0-12.5-10.1 -7.5 -2  0.0                           
042024020617100351キングインパクト　　　　　　　　　　 11.4  2.8  3.6  6.4  3.4  8 17.5                           
042024020717104748サウンドレベッカ　　　　　　　　　　  3.1  1.5 25.1 16.7 13.7 19  7.5                           
042024020817103837ブエナラーマ　　　　　　　　　　　　 41.9  8.5-13.4 -9.9 -7.7 -3  0.0                           
042024020917102376ロードライトニング　　　　　　　　　  7.9  2.4  8.6 10.4  6.4 11  6.7                           
042024021017106773ボンバーミューラー　　　　　　　　　 12.5  3.1 -5.9  1.5 -1.2  4  0.0                           
042024021117101964スマイルサクラ　　　　　　　　　　　 42.6  8.7-11.4-14.2 -8.6 -4  0.0                           
042024021217102521フルミント　　　　　　　　　　　　　 29.4  6.2 -6.0 -7.6 -4.6  0  0.0                           
042024021317102973フラテナ　　　　　　　　　　　　　　 68.6 13.2 -7.3 -9.1 -5.5 -1  0.0                           
042024021417102597ローズパルファン　　　　　　　　　　 25.5  5.5  0.5  0.1  0.2  5  9.2                           
042024021517104499キタサンロッキー　　　　　　　　　　 38.2  7.8-12.5-13.9 -8.8 -4  0.0  0                        
042024021617102272ディライラ　　　　　　　　　　　　　 19.3  4.4  9.9  5.8  5.1 10  0.0                           
042024021717105818マシェリイ　　　　　　　　　　　　　111.8 21.1-12.5-10.1 -7.5 -2  0.0                           
042024021817104796エンスロール　　　　　　　　　　　　  7.0  2.2 10.1 11.6  7.3 12  6.3                           
042024030117104841デルマアメジスト　　　　　　　　　　 82.0 13.3-10.0 -6.5 -5.4  0  0.0                           
042024030217101793ピットゥーラ　　　　　　　　　　　　 85.1 13.7-12.5-10.1 -7.5 -2  0.0                           
042024030317105994ペプチドサクラ　　　　　　　　　　　 63.9 10.5-12.5-10.1 -7.5 -2  0.0                           
042024030417102095セルレア　　　　　　　　　　　　　　 11.5  2.5 20.0  7.7  8.8 14  7.2                           
042024030517102465カズモンレアーレ　　　　　　　　　　 61.4 10.1-10.0 -2.0 -3.7  1  0.0                           
042024030617103500マッシリア　　　　　　　　　　　　　 26.0  4.8 -2.1 -5.3 -2.6  2 12.3C                          
042024030717104746ゴールデンアーク　　　　　　　　　　 35.8  6.3-12.5 -5.3 -5.7 -1  0.0                           
042024030817102358ツクバマリア　　　　　　　　　　　　 29.9  5.4  3.6  1.1  1.5  6  0.0                           
042024030917102506レオハイセンス　　　　　　　　　　　  2.7  1.3 15.0 15.3 10.1 15 18.1                           
042024031017100834ルミリンナ　　　　　　　　　　　　　 41.8  7.3-12.5-10.1 -7.5 -2  0.0                           
042024031117106324メイショウバイラン　　　　　　　　　 22.2  4.2  0.5 -3.1 -1.0  4  0.0                           
042024031217101787アイティナリー　　　　　　　　　　　  8.9  2.3  3.6  0.7  1.3  6  6.7                           
042024031317103211レイチェリー　　　　　　　　　　　　  7.9  2.1 10.0  4.8  4.8 10  6.3                           
042024031417103832ババルダージュ　　　　　　　　　　　 13.1  2.8 -2.2  3.3  0.6  6  0.0                           
042024031517104939ロマンスピネル　　　　　　　　　　　100.7 16.1-10.0 -6.0 -5.2  0  0.0                           
042024031617100240スノーテーラー　　　　　　　　　　　  3.2  1.4 22.0 14.6 12.0 17 14.0                           
042024031717101085ミツカネショコラ　　　　　　　　　　 43.9  7.6-10.0-10.6 -6.9 -2  0.0                           
042024031817101478ラブキーセキ　　　　　　　　　　　　205.5 32.3-10.0 -7.5 -5.8 -1  0.0                           
042024040117106650スワーヴシールズ　　　　　　　　　　  3.3  1.5 22.0 15.6 12.3 17 18.1                           
042024040217100802ハクアイオウ　　　　　　　　　　　　 72.3 13.9 -6.0-10.1 -5.5 -1  0.0                           
042024040317100823スズカスペクトル　　　　　　　　　　  6.0  1.9  1.8 10.6  4.4  9  0.0                           
042024040417102767ヘヴンレーヴ　　　　　　　　　　　　 43.5  8.8-12.5-10.1 -7.5 -2  0.0                           
042024040517105720クリノキングボス　　　　　　　　　　  4.1  1.6 18.6 11.2  9.7 15 19.8                           
042024040617102894ルドンカズマ　　　　　　　　　　　　 12.7  3.1  2.8  2.7  1.8  7  0.0                           
042024040717101591サクセスリボーン　　　　　　　　　　  5.7  1.9  9.9 11.4  7.2 12 15.1                           
042024040817105091ベルクハイム　　　　　　　　　　　　 29.4  6.2-11.0 -4.3 -4.9  0  0.0                           
042024040917104713メイショウウナサカ　　　　　　　　　 30.2  6.3-12.5-10.1 -7.5 -2  0.0                           
042024041017102235サンライトジュンコ　　　　　　　　　 58.5 11.4-12.5-10.1 -7.5 -2  0.0                           
042024041117100377サトノマッスル　　　　　　　　　　　 11.7  2.9  7.5  9.0  5.6 11  0.0                           
042024041217104526アプローズパワー　　　　　　　　　　 83.9 16.0-11.4-13.4 -8.3 -3  0.0                           
042024041317102652キズナハイトーン　　　　　　　　　　 31.1  6.5  3.6  1.5  1.6  7  9.7                           
042024041417101004テーオーニーチェ　　　　　　　　　　 62.7 12.1-12.5-13.9 -8.8 -4  0.0  0                        
042024041517103510ウィップラッシュ　　　　　　　　　　  8.1  2.4  6.0  3.0  2.9  8  0.0                           
042024050118100381ノーブルスター　　　　　　　　　　　 31.5  6.2  0.7 -2.4 -0.7 -1  0.0                           
042024050218103434イージス　　　　　　　　　　　　　　 95.1 17.0-10.4-20.0-10.5-10  0.0  0                        
042024050318101642ウインミニヨン　　　　　　　　　　　 29.2  5.8  3.6  2.1  1.9  2  0.0                           
042024050418106397クリノラピッド　　　　　　　　　　　 38.8  7.5 -9.2 -3.7 -4.1 -4  0.0                           
042024050518104416クラーロイメル　　　　　　　　　　　 14.1  3.2 -6.0 -0.8 -2.1 -2  7.2                           
042024050618100758スパラキシス　　　　　　　　　　　　 22.2  4.6 -0.8 14.3  5.0  5  0.0                           
042024050718105174ジネストラ　　　　　　　　　　　　　  5.2  1.7 12.5 22.0 11.8 12  8.9                           
042024050818103030ネフュージュニア　　　　　　　　　　278.2 48.5-10.0 -9.4 -6.4 -6  0.0                           
042024050918104903アカイトリノムスメ　　　　　　　　　  3.0  1.4 21.4 22.4 14.6 15 10.6                           
042024051018106156オーケーパッション　　　　　　　　　 14.5  3.3 12.3 20.2 11.1 11  7.7  5                        
042024051118103366ナンヨーノワール　　　　　　　　　　 23.0  4.7 -6.4 -9.6 -5.4 -5  0.0                           
042024051218102846ニシノカタパルト　　　　　　　　　　217.6 38.1-11.4 -8.1 -6.4 -6  0.0                           
042024051318105239プラウドルック　　　　　　　　　　　  3.8  1.5 13.8 14.5  9.5  9 19.8                           
042024051418106841ビービーラノビア　　　　　　　　　　 21.6  4.5-11.4 11.9  0.9  1 12.3                           
042024051518102065ハヴァス　　　　　　　　　　　　　　 17.0  3.7-12.5 -0.1 -3.8 -4  0.0                           
042024051618103406トーホウディアス　　　　　　　　　　 56.6 10.4-12.5 -7.6 -6.5 -7  0.0                           
042024051718100609フラッシュヒーロー　　　　　　　　　 96.2 17.2-10.0 -2.9 -4.1 -4  0.0                           
042024051818100580レスペディーザ　　　　　　　　　　　 14.0  3.2 -2.1  9.9  3.0  3  0.0                           
042024060118104482インヴァネス　　　　　　　　　　　　  3.9  1.5 18.6 19.1 12.6 13 14.0  2                        
042024060218103791ヒマラヤクリス　　　　　　　　　　　 47.5  8.2-10.0  8.0 -0.1  0  0.0                           
042024060318100631パピードッグ　　　　　　　　　　　　 43.3  7.6-12.5-10.1 -7.5 -7  0.0                           
042024060418105201デイトンウェイ　　　　　　　　　　　  6.3  1.8 17.0 23.5 13.7 14 15.2  2                        
042024060518106592トーティシェル　　　　　　　　　　　 34.4  6.1 -3.6-12.7 -5.7 -6  0.0                           
042024060618106626ボニート　　　　　　　　　　　　　　 46.6  8.1-10.0 12.0  1.4  1  0.0  5                        
042024060718102256ロングジャーニー　　　　　　　　　　 21.8  4.1  4.8-10.0 -2.2 -2  0.0                           
042024060818105743トーアアネラ　　　　　　　　　　　　 26.2  4.8 -6.0 -2.5 -2.7 -3  0.0                           
042024060918102586フライングバレル　　　　　　　　　　  2.4  1.3 22.0 25.4 15.9 16 18.1  1  160   81              
042024061018102817ラガートゥインクル　　　　　　　　　 23.5  4.4  7.5  2.1  3.0  3  0.0                           
042024061118103463バナナムーン　　　　　　　　　　　　 56.1  9.4-10.0-20.0-10.3-10  0.0  0                        
042024061218101478ゴーゴーレインボー　　　　　　　　　 15.9  3.2-10.0  7.4 -0.3  0  7.2                           
042024061318102005クムリポ　　　　　　　　　　　　　　  8.2  2.2  9.9 17.7  9.5  9  6.8                           
042024061418104263ブロードマリー　　　　　　　　　　　 52.2  9.0-10.0-20.0-10.3-10  0.0  0                        
042024061518101727ホタルマル　　　　　　　　　　　　　 52.9  9.1-11.4-12.9 -8.1 -8  0.0                           
042024061618106391メイショウイジゲン　　　　　　　　　 45.9  8.0 -2.9 -3.1 -2.0 -2  0.0                           
042024061718100095ナムラスパロー　　　　　　　　　　　 43.3  7.6 -4.6-10.0 -5.0 -5  0.0                           
042024061818105878テイエムグレイト　　　　　　　　　　105.7 17.0-12.5-10.1 -7.5 -7  0.0                           
042024070117100169ソルトキャピタル　　　　　　　　　　 39.6  9.0-12.5 -7.9 -6.6 13 11.0                           
042024070216106455ニューアビリティ　　　　　　　　　　 40.3  9.2-12.5 -7.6 -6.5 13  0.0                           
042024070317102257メイショウマサヒメ　　　　　　　　　 17.5  4.4  3.6 -3.6 -0.2 20  0.0                           
042024070417104827エターナルハート　　　　　　　　　　  4.2  1.7 19.0 13.5 10.6 31  7.5                           
042024070516103099カンパーニャ　　　　　　　　　　　　  9.4  2.9  5.4  7.1  4.2 24  7.2                           
042024070616103885アマデウス　　　　　　　　　　　　　131.7 27.7-11.4-11.5 -7.6 12  0.0                           
042024070716103916ベルキューティ　　　　　　　　　　　 15.0  3.9 -8.7 -4.9 -4.4 16  0.0                           
042024070817103328ウインドラブリーナ　　　　　　　　　 34.1  7.9 -2.9 -7.9 -3.8 16  0.0                           
042024070917103554トウケイミラ　　　　　　　　　　　　 15.8  4.1 10.1  1.5  3.6 24 13.0                           
042024071016105858チビラーサン　　　　　　　　　　　　 27.6  6.5  0.6  1.4  0.7 21  0.0                           
042024071115104145オルトシア　　　　　　　　　　　　　 53.0 11.8-12.5-10.1 -7.5 13  0.0                           
042024071217106086メイショウベッピン　　　　　　　　　 11.4  3.1 19.9  4.5  7.6 28 15.4                           
042024071316101347モダンテイスト　　　　　　　　　　　117.6 24.8-14.3 -4.8 -6.1 14  0.0                           
042024071415102558トウカイオルデン　　　　　　　　　　 13.9  3.6  4.0  8.0  4.1 24 11.6                           
042024071517104119プティシュシュ　　　　　　　　　　　  5.9  2.1 12.9  4.0  5.3 25  6.3                           
042024071617106608コンフィテーロ　　　　　　　　　　　  4.8  1.8 17.0 11.9  9.5 29  5.8                           
042024071717104527ショウナンラペット　　　　　　　　　 75.2 16.1-12.5 -7.0 -6.3 14  0.0                           
042024071817106000フォースオブウィル　　　　　　　　　  9.1  2.8-10.0  7.0 -0.4 20  0.0                           
042024080117106717テイエムレビュー　　　　　　　　　　 12.6  3.0-12.5 -2.0 -4.5 16  7.7                           
042024080216106077サルウェーテ　　　　　　　　　　　　104.5 19.1-11.4-14.1 -8.6 11  0.0                           
042024080316100653トクダワラ　　　　　　　　　　　　　 22.1  4.7 -3.4 -3.1 -2.2 18  0.0                           
042024080416101514ワンダーグロウス　　　　　　　　　　140.2 25.4-12.5-10.1 -7.5 13  0.0                           
042024080514100729コスモクウェンチ　　　　　　　　　　 33.0  6.7 12.4  1.5  4.3 24  0.0                           
042024080617100008ドンマニフィコ　　　　　　　　　　　 13.6  3.2 -2.1 -4.7 -2.4 18  0.0                           
042024080716101777シゲルブルーダイヤ　　　　　　　　　 28.6  5.9-10.0-10.9 -7.0 13  0.0                           
042024080816100101コウユークロガヨカ　　　　　　　　　 21.5  4.6  0.6  3.0  1.3 21  0.0                           
042024080917106018コパノマーキュリー　　　　　　　　　  8.3  2.4 15.0  3.4  5.7 26  0.0                           
042024081017100729ファイヤーテーラー　　　　　　　　　  2.5  1.4 25.1 17.0 13.8 34 18.1                           
042024081117103688リリーミニスター　　　　　　　　　　  7.9  2.3 -2.9  7.9  2.0 22 12.5                           
042024081217104573ミヤコシスター　　　　　　　　　　　  5.8  1.9 18.8 13.9 10.7 31 14.0C                          
042024081316102144メイショウアマギ　　　　　　　　　　 15.9  3.6  7.5 -5.6  0.2 20  0.0                           
042024081417100614コーリングローリー　　　　　　　　　 25.8  5.4-10.0  9.6  0.5 21  0.0  5                        
042024081516100065シンゼンマックス　　　　　　　　　　 11.3  2.8 12.5  2.7  4.7 25 10.3                           
042024090116104234ピンシェル　　　　　　　　　　　　　  8.1  2.3 20.0 20.8 13.6 34  0.0                           
042024090216100609ハギノベルエキプ　　　　　　　　　　 18.8  4.0  7.5  1.1  2.7 23  0.0                           
042024090317109010クリノブレーヴ　　　　　　　　　　　 33.5  6.5 -2.1 -8.1 -3.6 16 13.7                           
042024090415100339アトムアストレア　　　　　　　　　　 52.9  9.8-11.0-20.0-10.6  9  0.0  0                        
042024090513103395ドルフィンマーク　　　　　　　　　　 96.4 16.9-10.0 -6.2 -5.3 15  0.0                           
042024090616110056ファインスティール　　　　　　　　　 28.7  5.6 -2.9 -2.1 -1.6 18  9.2                           
042024090717105397ワセダウォリアー　　　　　　　　　　 24.0  4.8-13.4 -7.0 -6.6 13  0.0                           
042024090817105525アリストテレス　　　　　　　　　　　  2.9  1.3 21.8 20.4 14.0 34 10.6                           
042024090915103908サワヤカタイド　　　　　　　　　　　108.7 19.0-12.5-10.1 -7.5 13  0.0                           
042024091015102217ビービーデフィ　　　　　　　　　　　132.9 23.0-11.0 -8.9 -6.6 13  0.0                           
042024091117105248オールザワールド　　　　　　　　　　  8.2  2.3 13.8  5.2  6.0 26 10.3                           
042024091216104334シルバースミス　　　　　　　　　　　 22.4  4.5  3.6  4.8  2.8 23  0.0                           
042024091317105321アステロイドベルト　　　　　　　　　  4.5  1.5 11.1  9.0  6.6 27 12.5                           
042024091417105597アドマイヤベネラ　　　　　　　　　　  3.6  1.4 22.0 18.0 13.2 33 14.0                           
042024091516104639ミライオー　　　　　　　　　　　　　 35.0  6.7-11.4-13.9 -8.5 11  0.0                           
042024100114104506ナンヨープルートー　　　　　　　　　 13.0  3.0  3.6  9.4  4.5 40  0.0                           
042024100214105947シロニイ　　　　　　　　　　　　　　 19.4  4.1 -6.0  5.4  0.2 35  8.7                           
042024100313104852ネイビーブルー　　　　　　　　　　　 41.7  7.9 -8.5-10.7 -6.5 29  0.0                           
042024100416100360トイガー　　　　　　　　　　　　　　 19.1  4.0 12.0  9.0  6.9 42  0.0                           
042024100515104625トワイライトタイム　　　　　　　　　 35.0  6.7-12.5-10.1 -7.5 28  0.0                           
042024100615103766クリノヒビキ　　　　　　　　　　　　102.9 18.0-12.5-10.1 -7.5 28  0.0                           
042024100714102200アフターバーナー　　　　　　　　　　 23.6  4.7 -3.8 -6.9 -3.7 31  0.0                           
042024100815100918トラストロン　　　　　　　　　　　　  8.5  2.3  5.9 12.5  6.4 41  6.8                           
042024100913100636ショートストーリー　　　　　　　　　  9.1  2.5 10.1  2.6  4.0 39  0.0                           
042024101015101394クイックファイア　　　　　　　　　　  8.3  2.3 21.8  0.3  6.7 42 15.1                           
042024101115100659キーフラッシュ　　　　　　　　　　　 32.2  6.2 -2.9 -8.1 -3.8 31  0.0                           
042024101216102524スマートフルーレ　　　　　　　　　　  4.4  1.7 11.1 14.6  8.7 44  5.8                           
042024101316105200ブランクエンド　　　　　　　　　　　  2.6  1.4 17.2 25.1 14.4 49 18.1                           
042024101414100997フクサンローズ　　　　　　　　　　　 36.2  6.9 20.0-11.3  1.9 37  0.0                           
042024101516101194グレースゼット　　　　　　　　　　　 20.9  4.4 -2.1 -8.1 -3.6 31 13.0C                          
042024110115105105フランツ　　　　　　　　　　　　　　  5.2  1.8 18.8 16.4 11.7 57 14.0                           
042024110213106128プロディガルサン　　　　　　　　　　 20.7  4.8  1.3  8.4  3.5 48 12.3                           
042024110314106132トリコロールブルー　　　　　　　　　  5.9  2.0 16.0 18.0 11.4 56  0.0                           
042024110414103580メイショウオワラ　　　　　　　　　　 31.9  6.9-12.5 -5.9 -5.9 39  0.0                           
042024110515104677ロシュフォール　　　　　　　　　　　  6.6  2.1 11.2 11.5  7.6 53 23.1                           
042024110615101376サトノワルキューレ　　　　　　　　　 14.7  3.6-12.5  6.1 -1.5 43  0.0                           
042024110714101558レッドローゼス　　　　　　　　　　　 28.4  6.2  1.4 -7.4 -2.3 43  0.0                           
042024110812103988ソールインパクト　　　　　　　　　　 32.9  7.1-10.0-10.7 -6.9 38  0.0                           
042024110916104650ランフォザローゼス　　　　　　　　　 17.0  4.0  6.0  9.8  5.4 50  8.2A 5                        
042024111014104273プラチナムバレット　　　　　　　　　 34.2  7.3-11.4  2.8 -2.4 43  0.0                           
042024111113106121サーブルオール　　　　　　　　　　　 27.9  6.1 -9.2  3.2 -1.6 43  0.0  5                        
042024111216104772ザダル　　　　　　　　　　　　　　　  3.0  1.5 16.7 23.4 13.6 59 10.6  3                        
042024111314105957グローブシアター　　　　　　　　　　 23.0  5.1 -2.9-10.1 -4.6 40  0.0                           
042024111414100534ウインガナドル　　　　　　　　　　　  7.4  2.3-10.0 13.5  2.0 47  0.0                           
042024120114103990モハー　　　　　　　　　　　　　　　 18.2  4.2 -2.9  0.9 -0.5 29  0.0                           
042024120216110037パリテソーロ　　　　　　　　　　　　  6.9  2.2 15.0 -5.7  2.4 32  0.0                           
042024120316106438マリアルージュ　　　　　　　　　　　  3.1  1.5 12.0 19.0 10.6 41 18.1                           
042024120416103166ワディアルヒタン　　　　　　　　　　 29.4  6.3-10.0 -5.6 -5.1 25  0.0                           
042024120517101489ドラゴンズバック　　　　　　　　　　 12.1  3.0 -0.8  4.5  1.4 31 18.6                           
042024120616109115ダンツブライト　　　　　　　　　　　139.7 27.0-12.5-10.1 -7.5 23  0.0                           
042024120716100207カモンスプリング　　　　　　　　　　 32.7  7.0-12.5-10.1 -7.5 23  0.0                           
042024120816101148ロードシュタルク　　　　　　　　　　 50.2 10.4-10.0-13.9 -8.1 22  0.0  0                        
042024120916102177メイショウウズマサ　　　　　　　　　  5.0  1.8 16.0 19.1 11.8 42  5.8  1  160   81              
042024121017110145イッシン　　　　　　　　　　　　　　  5.5  1.9 13.7  6.9  6.6 37  0.0                           
042024121114103147サンマルペンダント　　　　　　　　　 85.6 16.8-12.5-10.1 -7.5 23  0.0                           
042024121216102439ワンダーアフィラド　　　　　　　　　 25.3  5.6  6.0 -5.9 -0.4 30  0.0                           
042024121313103801ニシノラディアント　　　　　　　　　 35.3  7.5-12.5 -5.4 -5.7 24  0.0                           
042024121416105716サーストンバーラム　　　　　　　　　 13.7  3.4  0.1  5.4  2.0 32  8.2                           
042024121512101406アスクジョーダン　　　　　　　　　　  8.2  2.5 -2.1 10.0  3.0 33 17.5  5                        
