052557010123101112ロイヤルスパイア　　　　　　　　　　  3.8  1.6 12.5 16.1  9.7 15  7.9                           
052557010223102181タイキブリッツェン　　　　　　　　　  5.0  1.8 13.7 16.0 10.0 15  9.4                           
052557010323104913メイショウユウブ　　　　　　　　　　 52.4 11.0 -8.8 -2.0 -3.4  2  0.0                           
052557010423101401サバイバルトゥルー　　　　　　　　　 30.2  6.6-12.1 -5.4 -5.6 -1  0.0                           
052557010523101495アヴァランチ　　　　　　　　　　　　 16.5  4.0  4.7 -2.0  0.7  6  0.0                           
052557010623107296セントゴーデンス　　　　　　　　　　 16.1  3.9  3.7-16.7 -5.0  0  0.0                           
052557010723106313ジェイエルモーダル　　　　　　　　　 20.6  4.8-10.3 -9.5 -6.6 -2  0.0                           
052557010823105264ロイヤルアデレード　　　　　　　　　  6.1  2.0 14.0 19.1 11.2 16 20.2                           
052557010923100307キリミツ　　　　　　　　　　　　　　  8.5  2.6 10.1  7.9  5.9 11  0.0                           
052557011023104042ライカ　　　　　　　　　　　　　　　 14.8  3.6 -1.1  4.1  1.2  6  0.0                           
052557011123105224リアライズタキオン　　　　　　　　　  4.1  1.6 17.7 12.3  9.8 15  8.7                           
052557011223104854ヤマメナイト　　　　　　　　　　　　 21.9  5.0 -0.8-11.0 -4.3  1  0.0                           
052557011323100559ビッキーセカンド　　　　　　　　　　 33.0  7.2-10.7  5.4 -1.2  4 15.9                           
052557020123102830リュウノエッセンス　　　　　　　　　 71.9 14.9-12.1 -8.5 -6.7 -2  0.0                           
052557020223104603チェイサー　　　　　　　　　　　　　 43.9  9.6 -3.3 -8.8 -4.2  1  0.0                           
052557020323103733ラプランセス　　　　　　　　　　　　  4.6  1.7 17.6 13.2 10.1 15 18.8  4                        
052557020423105561シャインフォーミー　　　　　　　　　  8.8  2.7 13.6 12.0  8.5 13 10.9                           
052557020523101296ジュニートワン　　　　　　　　　　　 18.6  4.5 -0.3  9.0  3.2  8  0.0                           
052557020623107456バオシェテンシ　　　　　　　　　　　 41.4  9.1-11.6 -1.4 -4.0  1  0.0                           
052557020723102621チッタデラモーレ　　　　　　　　　　131.6 26.8-12.1-10.7 -7.6 -3  0.0                           
052557020823102783ソワンドヴィクター　　　　　　　　　 94.1 19.3-11.6-11.8 -7.8 -3  0.0                           
052557020923103421プラネタリーアワー　　　　　　　　　  4.0  1.6 14.5 19.4 11.5 16  7.9                           
052557021023106986グランマエストロ　　　　　　　　　　  4.3  1.7 14.5 10.8  8.3 13  8.7  5                        
052557021123104442カズノダイジョウ　　　　　　　　　　  7.3  2.3 11.2  9.0  6.7 12  0.0                           
052557021223100215スピットブレイク　　　　　　　　　　 25.0  5.8-12.1  5.1 -1.8  3  0.0                           
052557021323101727アグネスクレスト　　　　　　　　　　 14.7  3.7  9.8  6.0  5.1 10  0.0                           
052557021423106429メーレスブリーゼ　　　　　　　　　　 13.9  3.5  4.1  7.4  3.9  9 11.5                           
052557021523104394バーヴァンシー　　　　　　　　　　　 36.2  8.1 -8.4-10.0 -6.2 -1  0.0                           
052557021623101230ハートニヒヲツケテ　　　　　　　　　 23.2  5.4 -3.2  1.0 -0.6  4  0.0                           
052557021723101571ニューカワイイ　　　　　　　　　　　 65.6 13.7-12.6-12.6 -8.4 -3  0.0                           
052557021823102581サラサチャチャチャ　　　　　　　　　118.4 24.2-11.6-20.0-10.8 -6  0.0  0                        
052557030123106490ブリガンティン　　　　　　　　　　　 44.4  7.4-11.6  5.8 -1.4  4  0.0                           
052557030223101907ペイシャロッチ　　　　　　　　　　　 49.2  8.1-12.1-13.7 -8.7 -4  0.0                           
052557030323105572チャチャット　　　　　　　　　　　　  7.4  1.9  7.6  6.0  4.5  9  0.0                           
052557030423106627ファインブライト　　　　　　　　　　 20.8  3.9 -6.6 -0.3 -2.1  3  0.0                           
052557030523104486ゴコウコイコイ　　　　　　　　　　　  6.5  1.8 15.8 16.1 10.6 16 18.8                           
052557030623106305ナンヨーロイヤル　　　　　　　　　　 15.5  3.0  3.2 13.9  6.1 11 11.5                           
052557030723105156アマイクチヅケ　　　　　　　　　　　 39.0  6.5-11.6-11.0 -7.5 -3  0.0                           
052557030823107239ダノンプレリュード　　　　　　　　　  2.7  1.3 20.7 16.3 12.2 17  8.0                           
052557030923103955ノブステップ　　　　　　　　　　　　 15.7  3.1 13.5  6.0  6.3 11  0.0                           
052557031023105139ティブロン　　　　　　　　　　　　　 11.5  2.4  5.2  6.0  3.8  9  0.0                           
052557031123105134ウインカグヤヒメ　　　　　　　　　　 42.3  7.1-15.0-12.1 -8.9 -4  0.0                           
052557031223103639ネッカーズルム　　　　　　　　　　　  3.0  1.3 20.1 40.0 20.7 26 17.3  1  301   36              
052557040123106147ライトブルースカイ　　　　　　　　　 43.6  8.2 -5.6 -2.0 -2.4 -2  0.0                           
052557040223103962オクトーバーナイン　　　　　　　　　  9.3  2.5  5.5 -2.0  0.9  1  0.0                           
052557040323101100ローズオブジャパン　　　　　　　　　 14.5  3.2  3.4 24.0  9.8 10 12.2  3                        
052557040423100667フェスティヴニーサ　　　　　　　　　178.0 30.7-12.1-14.2 -8.8 -9  0.0                           
052557040523101549ウチュウノハナ　　　　　　　　　　　 31.2  6.1 -8.5  3.5 -1.3 -1 14.5  5                        
052557040623106386タケノリダー　　　　　　　　　　　　 29.6  5.8 -8.2  7.2  0.2  0  0.0                           
052557040723104554テンカラットレター　　　　　　　　　 56.1 10.1-13.0  4.7 -2.2 -2  0.0                           
052557040823104349テンノルーキー　　　　　　　　　　　 23.7  4.8 -7.5 -5.0 -4.1 -4  0.0                           
052557040923101260カスターニエ　　　　　　　　　　　　 12.0  2.8  3.3 12.8  5.7  6 10.9                           
052557041023101383ガンダ　　　　　　　　　　　　　　　  3.0  1.4 22.6 22.0 14.8 15  7.9  2                        
052557041123105608ルージュリヴィエラ　　　　　　　　　  5.1  1.7  9.5 15.0  8.4  8  9.4                           
052557041223110106ブルーマッキンジー　　　　　　　　　 13.0  3.0  9.2  6.3  5.1  5  0.0                           
052557041323106600イッツソーブライト　　　　　　　　　 85.8 15.1 -6.6 -6.9 -4.5 -5  0.0  0                        
052557041423100833シエルライズ　　　　　　　　　　　　 70.7 12.6-11.6 -2.0 -4.2 -4  0.0                           
052557041523107223フローライト　　　　　　　　　　　　  3.6  1.5 10.6  7.4  5.9  6  8.7                           
052557041623101928ハッピーカーン　　　　　　　　　　　 45.1  8.5 -1.9-11.0 -4.6 -5  0.0                           
052557050123101589ニシノネガイ　　　　　　　　　　　　 58.2 11.7 -8.8-12.4 -7.2 -7  0.0                           
052557050223106415リッチリーエコー　　　　　　　　　　 28.8  6.3-11.6-12.7 -8.1 -8  0.0                           
052557050323106255ニシノトップダノン　　　　　　　　　 19.4  4.5 -6.7 -6.1 -4.2 -4  0.0                           
052557050423106378パーフェクトスノー　　　　　　　　　 52.5 10.9-11.6-11.3 -7.6 -8  0.0                           
052557050523102414ホウオウチャールズ　　　　　　　　　 19.7  4.6 -5.0-12.4 -6.0 -6  0.0                           
052557050623105795クリオロゴールド　　　　　　　　　　 15.4  3.7  4.3 -6.7 -1.2 -1  0.0  0                        
052557050723106905ヴァロアーク　　　　　　　　　　　　  4.1  1.6 12.3 18.4 10.4 10  8.7  2                        
052557050823105246ロンギングセリーヌ　　　　　　　　　  4.2  1.6 16.9 17.5 11.5 11 18.8                           
052557050923107488ピンクサウスポー　　　　　　　　　　 27.5  6.0-10.7-13.2 -8.1 -8  0.0                           
052557051023103994ヒナサクラ　　　　　　　　　　　　　 18.2  4.3  0.2 13.0  4.8  5  0.0                           
052557051123105268ラショナルポイント　　　　　　　　　  7.7  2.4 13.3 14.2  9.2  9 10.8A                          
052557051223104305エクリュ　　　　　　　　　　　　　　  7.1  2.2 11.1 10.3  7.1  7  0.0                           
052557051323107346ゲンテン　　　　　　　　　　　　　　  3.6  1.5 16.7 10.0  8.7  9 15.9                           
052557060121101905キョウエイカンセ　　　　　　　　　　 33.8  6.4 -1.0 -1.6 -0.9 19  0.0                           
052557060221102676コーカサスゴールド　　　　　　　　　  6.2  1.9 13.8  2.8  5.2 25 20.2                           
052557060322102262マルセルテソーロ　　　　　　　　　　 13.6  3.0  6.0  3.2  3.0 23  0.0  0                        
052557060421106209プレジール　　　　　　　　　　　　　 19.0  3.9 -0.1 -2.0 -0.8 19  0.0                           
052557060522103636キチロクキャップ　　　　　　　　　　114.1 19.5-12.1-11.0 -7.7 12  0.0                           
052557060622103425サノノアメリカン　　　　　　　　　　103.7 17.8-11.6-18.1-10.1 10  0.0                           
052557060721105734ヘインズポイント　　　　　　　　　　  3.8  1.5 17.0 19.6 12.3 32  8.6                           
052557060822105962エドワードバローズ　　　　　　　　　  5.9  1.8 10.6 13.9  8.3 28  9.4  3                        
052557060920106974サムワンライクユー　　　　　　　　　 30.1  5.8 -4.8 -2.0 -2.2 18  0.0                           
052557061022109090プロピエダッド　　　　　　　　　　　 62.4 11.0 -8.8 -9.4 -6.1 14  0.0                           
052557061122102338コア　　　　　　　　　　　　　　　　 30.5  5.8-12.1 -1.6 -4.2 16  0.0                           
052557061222104630トリフォラート　　　　　　　　　　　 67.9 11.9-11.6-10.0 -7.1 13  0.0                           
052557061321103342カルフ　　　　　　　　　　　　　　　104.4 17.9-15.0  5.1 -2.6 17  0.0                           
052557061420104415スピニングマーリン　　　　　　　　　114.1 19.5-11.6-10.0 -7.1 13  0.0                           
052557061521104314ダンツティアラ　　　　　　　　　　　  9.0  2.4  8.4  6.0  4.7 25  0.0                           
052557061622100994ルヴァレドクール　　　　　　　　　　  2.7  1.3 22.5 20.5 14.3 34 15.9                           
052557070122104187ムーンストラック　　　　　　　　　　 32.0  6.3  1.2  7.2  3.0 23  0.0                           
052557070222101270ペプチドモガミ　　　　　　　　　　　 31.6  6.2-12.9-10.1 -7.6 12  0.0                           
052557070322104664マーゴットコマチ　　　　　　　　　　102.4 18.1-12.1-10.0 -7.3 13  0.0                           
052557070422101498クモヒトツナイ　　　　　　　　　　　 32.1  6.3 -0.8 -2.0 -1.0 19  0.0                           
052557070522105092ベレーザフィン　　　　　　　　　　　 64.8 11.7-12.9-10.1 -7.6 12  0.0                           
052557070622106684ドラギニャン　　　　　　　　　　　　101.2 17.9-12.9-10.1 -7.6 12  0.0                           
052557070720103048ティムール　　　　　　　　　　　　　  6.2  1.9 13.7 13.1  8.9 29 18.8  3                        
052557070822105072ナヴァラトゥナ　　　　　　　　　　　 11.0  2.6  6.4 11.0  6.0 26  0.0                           
052557070921100151ロードアフェット　　　　　　　　　　 88.2 15.7-12.1-15.5 -9.3 11  0.0  0                        
052557071022104855エンジェルマーク　　　　　　　　　　 10.9  2.6  5.9  6.0  4.0 24  0.0                           
052557071122106811マイネルアウルム　　　　　　　　　　 22.6  4.6 -3.6  5.1  0.8 21  0.0                           
052557071222103537スピアッジャローザ　　　　　　　　　  8.6  2.4  5.1 11.4  5.7 26 10.1                           
052557071322105633ノラリクラリ　　　　　　　　　　　　  6.1  1.9 17.5 13.1 10.1 30  8.7                           
052557071422101492エリナ　　　　　　　　　　　　　　　 85.5 15.3-11.6-10.2 -7.2 13  0.0                           
052557071522104907サトノパトリオット　　　　　　　　　  2.3  1.3 21.5 23.3 15.0 35 15.9  1  102   74              
052557071621104103サンセットビュー　　　　　　　　　　 12.1  2.8  8.3  5.3  4.4 24  0.0                           
052557080122104687ラヴァブル　　　　　　　　　　　　　 33.9  7.1 -9.9-10.1 -6.7 23  0.0                           
052557080220103444ピュアグルーヴ　　　　　　　　　　　 28.7  6.1 -4.3  2.8 -0.3 30  0.0                           
052557080320103414ムジェロ　　　　　　　　　　　　　　 29.4  6.2 -8.0 -8.2 -5.4 25  0.0                           
052557080421106126タイセイアディクト　　　　　　　　　 18.8  4.3 -3.2-12.4 -5.5 24  0.0                           
052557080522107226カゼノタカトシ　　　　　　　　　　　  9.3  2.7  3.8  6.1  3.4 33  0.0                           
052557080622103708ロンパイア　　　　　　　　　　　　　 31.5  6.6  3.3-10.0 -2.7 27  0.0                           
052557080722101818ジェイエルマスター　　　　　　　　　  3.3  1.5 19.7 18.9 12.8 43 15.9                           
052557080821101305サンカルミア　　　　　　　　　　　　 20.9  4.7 -3.2  8.0  2.0 32  0.0                           
052557080920104567ヴァナルガンド　　　　　　　　　　　  4.1  1.7 16.9 15.0 10.6 41  0.0                           
052557081022104643ニューファウンド　　　　　　　　　　  9.0  2.6  5.4  7.0  4.2 34 10.1                           
052557081121105929デフィニティーボ　　　　　　　　　　 90.9 17.4-12.1-10.0 -7.3 23  0.0                           
052557081219103728トクシースタローン　　　　　　　　　  8.3  2.4  5.1  8.0  4.5 34  9.4                           
052557081320105670タッチャブル　　　　　　　　　　　　 34.6  7.2-12.9-10.1 -7.6 22  0.0                           
052557081422102167アールプロスト　　　　　　　　　　　 11.2  2.8 11.4 -8.7  0.2 30 11.6                           
052557081520102760ビッグベルーガ　　　　　　　　　　　 14.8  3.5 -4.4 -6.1 -3.6 26 12.2                           
052557081622107133タガノマルアフ　　　　　　　　　　　 26.0  5.6 -7.8 -6.4 -4.7 25  0.0                           
052557090123104174ホウオウルクソール　　　　　　　　　  9.4  2.4 10.1  6.4  5.4 50 10.1                           
052557090223101397ウィッキドピケット　　　　　　　　　 33.1  6.2 -3.3-10.0 -4.7 40  0.0                           
052557090323105390ゴールデンブラッド　　　　　　　　　  9.4  2.4 -1.1 -0.1 -0.4 45  0.0                           
052557090423100936サトノボヤージュ　　　　　　　　　　  2.6  1.3 22.5 27.7 16.9 62 15.9                           
052557090523110061アルカディアカフェ　　　　　　　　　  5.3  1.7 11.5 18.0 10.1 55  9.4  3                        
052557090623106388ヒルノプーリア　　　　　　　　　　　 40.7  7.4 -9.9 -5.9 -5.1 40  0.0                           
052557090723110101マグナヴィクトル　　　　　　　　　　  3.8  1.5 18.3 16.6 11.6 57 17.3                           
052557090823106940エブリーポッシブル　　　　　　　　　 14.2  3.1  5.5  6.7  4.1 49  0.0                           
052557090923102743ショーリバース　　　　　　　　　　　 17.2  3.6 -7.0  5.9  0.1 45  0.0                           
052557091023110062プールナバドラ　　　　　　　　　　　 25.7  4.9-12.9-15.3 -9.5 36  0.0                           
052557091123101269ドンエレクトス　　　　　　　　　　　 28.1  5.3 -6.6-13.1 -6.8 38  0.0                           
052557091223100433サンデーパーティー　　　　　　　　　 17.2  3.6  0.3 -2.0 -0.6 44  0.0                           
052557100121100316アジアミッション　　　　　　　　　　 38.2  6.8 -6.8 -8.1 -5.0 30  0.0                           
052557100222105028プロミストジーン　　　　　　　　　　  2.5  1.2 23.7 20.0 14.4 49 15.9                           
052557100320110120ガンウルフ　　　　　　　　　　　　　 25.0  4.6 -2.3  0.1 -0.7 34  0.0                           
052557100421106587エストレヤデベレン　　　　　　　　　  3.7  1.4 16.3 13.6  9.9 45 17.3                           
052557100518106597キュムロンニンバス　　　　　　　　　 41.2  7.2-11.6-15.1 -9.0 26  0.0  0                        
052557100620102468トーセンサウダージ　　　　　　　　　 58.8  9.8 -8.7 -6.8 -5.1 30  0.0                           
052557100719102102ゲキザル　　　　　　　　　　　　　　 23.9  4.5 -5.9-10.0 -5.4 30  0.0                           
052557100821102275スタンリーテソーロ　　　　　　　　　 16.6  3.3  6.4  6.0  4.1 39  0.0                           
052557100921110084マーブルマウンテン　　　　　　　　　 36.8  6.5 -4.2  0.1 -1.2 34  0.0                           
052557101020101872デイトナモード　　　　　　　　　　　 60.2 10.0-12.9-10.1 -7.6 27  0.0                           
052557101121110156ドゥータップ　　　　　　　　　　　　 13.6  2.9 10.0  4.9  4.8 40 10.1                           
052557101220101639ハッピーロンドン　　　　　　　　　　 61.3 10.2 -7.3-13.5 -7.1 28  0.0                           
052557101320102814ジャスリー　　　　　　　　　　　　　 51.6  8.9 -6.8 -2.8 -3.1 32  0.0                           
052557101421105120グラウンドビート　　　　　　　　　　 36.7  6.5 -3.2-11.3 -5.1 30  0.0                           
052557101521106637アンシール　　　　　　　　　　　　　 13.8  2.9  7.4  5.3  4.2 39  0.0                           
052557101621106658ストレングス　　　　　　　　　　　　  4.9  1.6 16.6 13.9 10.1 45  9.4                           
052557110121105423シヴァース　　　　　　　　　　　　　  6.3  2.2 16.6 19.9 12.3 57 21.7  3                        
052557110220102836セフィロ　　　　　　　　　　　　　　 17.2  4.6  0.6 -6.9 -2.3 43  0.0                           
052557110320105018スズハローム　　　　　　　　　　　　140.0 31.2-12.9-10.1 -7.6 37  0.0                           
052557110420103640ミッキーゴージャス　　　　　　　　　  8.3  2.8  8.3 -1.9  1.8 47  0.0                           
052557110522105467マピュース　　　　　　　　　　　　　  5.7  2.1 16.8  9.0  8.3 53 18.8                           
052557110621105454ブエナオンダ　　　　　　　　　　　　  5.4  2.0 12.7 12.2  8.3 53  8.7 1                         
052557110720105626コンクシェル　　　　　　　　　　　　 80.9 18.3-12.9-12.6 -8.5 37  0.0  0                        
052557110819100965マテンロウオリオン　　　　　　　　　 31.4  7.7 -6.7 -6.1 -4.2 41  0.0                           
052557110919105118ジュンブロッサム　　　　　　　　　　  4.8  1.9 18.8 23.4 14.2 59  7.9  4                        
052557111020102853シャドウフューリー　　　　　　　　　  5.9  2.2  9.3  9.1  6.1 51  0.0                           
052557111120106234グランドカリナン　　　　　　　　　　 82.3 18.6-12.1-11.0 -7.7 37  0.0                           
052557111220101784ラケマーダ　　　　　　　　　　　　　 37.2  9.0 -9.9 -7.9 -5.9 39  0.0                           
052557111320110155レイベリング　　　　　　　　　　　　 48.5 11.5-12.1-15.8 -9.4 36  0.0  0                        
052557111421105623ホウオウプロサンゲ　　　　　　　　　145.4 32.3-12.9-11.1 -7.9 37  0.0                           
052557111520101967ダイシンヤマト　　　　　　　　　　　 30.6  7.5-10.3  6.1 -0.9 44  0.0                           
052557111620103102セオ　　　　　　　　　　　　　　　　 16.6  4.4 -2.9-10.1 -4.6 40  0.0                           
052557111720103061シュタールヴィント　　　　　　　　　 26.6  6.6 -4.0-11.1 -5.3 40  0.0                           
052557111821104830グロリアラウス　　　　　　　　　　　 25.1  6.3 -8.3 -6.1 -4.7 40  0.0                           
052557120122105495マーゴットゲイン　　　　　　　　　　 35.6  4.9 -6.7  0.0 -2.0 28  0.0                           
052557120216102080ショーヒデキラ　　　　　　　　　　　 36.3  5.0-12.1 -9.9 -7.3 23  0.0                           
052557120322105144リバーバレイト　　　　　　　　　　　  3.2  1.2 19.6 19.9 13.2 43 17.3  2                        
052557120421110030アンパドゥ　　　　　　　　　　　　　  1.9  1.2 21.8 25.5 15.9 46 15.9  1  102   74              
052557120522105070ジャサルディア　　　　　　　　　　　  4.2  1.3 14.6  8.6  7.5 38 18.8C                          
052557120621102106ツルマウカタチ　　　　　　　　　　　 19.1  3.0 -0.9  7.8  2.6 33  0.0                           
052557120722105281ダノンブギ　　　　　　　　　　　　　  8.5  1.8  8.8  7.2  5.3 35  0.0                           
052557120817106722サイモンルモンド　　　　　　　　　　 47.5  6.4-12.1-12.0 -8.0 22  0.0                           
052557120921103799ケイケイ　　　　　　　　　　　　　　 26.6  3.8 -5.4  6.8  0.9 31  0.0                           
082547010123100112シャンパンスター　　　　　　　　　　 28.5  5.9 -6.3 -3.2 -3.3  2  0.0                           
082547010223107147コサージュ　　　　　　　　　　　　　 35.8  7.3 -6.9-11.5 -6.0 -1  0.0                           
082547010323106158ディアナタコス　　　　　　　　　　　 40.6  8.2-11.3-10.2 -7.2 -2  0.0                           
082547010423105245オメガヒストリー　　　　　　　　　　 14.2  3.3  1.8 13.2  4.6 10 25.0                           
082547010523104275ハグレジョー　　　　　　　　　　　　  6.4  2.0 12.7 14.9  9.1 14  0.0                           
082547010623100611オタルイーグル　　　　　　　　　　　 14.0  3.3  7.5 -4.6  1.4  6  0.0                           
082547010723100126ラッキーバック　　　　　　　　　　　  3.1  1.4 17.8 12.0 10.1 15 11.3                           
082547010823103875マカナアネラ　　　　　　　　　　　　  7.7  2.3  5.3 10.1  5.0 10 22.1                           
082547010923104102テセラグラディウス　　　　　　　　　 38.2  7.7 -8.8-10.2 -6.3 -1  0.0                           
082547011023100375エールドリー　　　　　　　　　　　　 18.9  4.2 -4.5  7.4  0.6  6  0.0  5                        
082547011123103982マイトグラッド　　　　　　　　　　　 46.0  9.2-11.3-11.2 -7.5 -3  0.0                           
082547011223100297ブラックレジェンド　　　　　　　　　  6.9  2.1  3.2 13.5  5.2 10  0.0                           
082547011323102036アイカンアズーラ　　　　　　　　　　  4.2  1.6 16.7 15.3 10.7 16 17.7                           
082547011423103263パータリプトラ　　　　　　　　　　　 29.7  6.1 -9.2-10.6 -6.6 -2  0.0                           
082547020123107203インシオン　　　　　　　　　　　　　  4.2  1.5 20.0 17.8 12.7 18 13.4                           
082547020223105467ショーンバローズ　　　　　　　　　　 30.7  6.4 -6.9-13.3 -6.5 -2  0.0                           
082547020323103176セイントホース　　　　　　　　　　　 31.4  6.5-11.3 -2.0 -4.7  0  0.0                           
082547020423102120システマソラー　　　　　　　　　　　  6.8  2.1  9.2 10.3  6.5 11  0.0                           
082547020523105602ピゲ　　　　　　　　　　　　　　　　 26.5  5.6 -6.0 -6.2 -4.1  1  0.0  5                        
082547020623110105ホウオウストライク　　　　　　　　　  3.6  1.5 11.6 17.4  9.5 14 16.2                           
082547020723102502トシッキーセカンド　　　　　　　　　 28.9  6.0-11.8-11.5 -7.8 -3  0.0                           
082547020823103155エグジスタンス　　　　　　　　　　　 15.7  3.6  6.3  0.2  2.4  7  0.0                           
082547020923107050ワンダフルデイズ　　　　　　　　　　  3.6  1.5 16.2 21.8 12.5 17 17.7  2                        
082547021023103488シュプリームレルム　　　　　　　　　  5.6  1.8 14.2 19.0 10.9 16 20.6  1  162   42              
082547021123102489ペプチドエレノア　　　　　　　　　　 23.9  5.1  0.2  3.2  1.0  6  0.0                           
082547030123105103ミライチケット　　　　　　　　　　　 18.6  4.0  4.5  1.2  2.0  7  0.0                           
082547030223103654ダディーズサンクス　　　　　　　　　 31.1  6.1 -8.8  4.2 -2.0  3  0.0                           
082547030323104430リアンマヒナ　　　　　　　　　　　　 17.9  3.8  4.6  4.0  2.9  8  0.0                           
082547030423102144フィアレスウィル　　　　　　　　　　 15.5  3.4 -5.8  3.9 -1.0  4  0.0  0                        
082547030523105826ノービレ　　　　　　　　　　　　　　 34.9  6.7-11.3 -4.6 -5.5 -1  0.0                           
082547030623110015パーシャングレー　　　　　　　　　　  3.6  1.5 13.3 18.5 10.4 15 17.7                           
082547030723105587ノヴァレジーナ　　　　　　　　　　　 61.8 11.1-12.2-10.0 -7.5 -2  0.0                           
082547030823102814イージーライダー　　　　　　　　　　  5.4  1.7 12.8 15.5  9.3 14 13.4  4                        
082547030923106464フルフィルメント　　　　　　　　　　 38.4  7.3-11.3-10.2 -7.2 -2  0.0                           
082547031023100910ハピネスサンライズ　　　　　　　　　 11.6  2.7 10.1  7.8  6.0 11 22.1                           
082547031123104027ダンツアラーム　　　　　　　　　　　  7.8  2.2 11.2  5.7  5.8 11  0.0                           
082547031223103101トミーバローズ　　　　　　　　　　　  3.0  1.4 21.5 17.2 13.0 18 16.2                           
082547031323103723メリオルヴィア　　　　　　　　　　　 34.3  6.6 -8.8-10.2 -6.3 -1  0.0                           
082547031423102357ブランチアウト　　　　　　　　　　　 31.8  6.2 -7.2  4.4 -1.3  4  0.0                           
082547040119103920レッドラマンシュ　　　　　　　　　　  6.3  1.8  7.2 13.9  6.8  7 14.4                           
082547040221104768ウェイトゥザドーン　　　　　　　　　  4.1  1.4 14.4 15.1  9.8 10 17.7                           
082547040322101548ヴァルトバーデン　　　　　　　　　　 26.9  5.1 -9.5 -7.1 -5.6 -6  0.0                           
082547040422101587クリアクォーツ　　　　　　　　　　　 27.2  5.1-11.2 -7.4 -6.3 -6  0.0                           
082547040520106585ヴォンヌヴォー　　　　　　　　　　　 11.9  2.7  6.1  4.0  3.4  3  0.0                           
082547040621104667ソルアマゾン　　　　　　　　　　　　  2.4  1.2 20.5 19.5 13.4 13 16.2                           
082547040719106691ビーアイオラクル　　　　　　　　　　  4.2  1.5 14.6 13.2  9.3  9 19.1  3                        
082547040822106174ブラックタロー　　　　　　　　　　　 22.3  4.3-11.8  4.2 -3.1 -3  0.0                           
082547040918101615ウインシュクラン　　　　　　　　　　  8.6  2.3  5.1  0.4  2.0  2  0.0                           
082547050123107022フレアオブセンス　　　　　　　　　　  8.0  2.2 11.6 -4.3  3.0  3  0.0  0                        
082547050223104332タガノラヴズワン　　　　　　　　　　 41.1  7.8-11.3-12.4 -7.9 -8  0.0  0                        
082547050323107135リンリスゴー　　　　　　　　　　　　 37.0  7.1 -8.7-11.1 -6.5 -7  0.0                           
082547050423104805オプティモ　　　　　　　　　　　　　 17.2  3.7  3.2  4.8  2.6  3  0.0                           
082547050523102137スズノボンライミー　　　　　　　　　 12.3  2.8  5.9  7.4  4.4  4 17.5  5                        
082547050623102221ルクスキャンディ　　　　　　　　　　 11.7  2.7  3.4 -0.9  1.0  1  0.0                           
082547050723100604ショウナンアワード　　　　　　　　　 16.1  3.5 -2.9 -4.6 -2.4 -2  0.0                           
082547050823106868サトノセプター　　　　　　　　　　　  4.0  1.6 13.8 26.8 13.1 13 17.7  1  186   60              
082547050923105021メイショウテンク　　　　　　　　　　  8.0  2.2 10.4  6.7  5.8  6  0.0                           
082547051023104520ルナフィオーレ　　　　　　　　　　　 26.0  5.2 -6.6-11.6 -5.9 -6  0.0                           
082547051123106614レッドリガーレ　　　　　　　　　　　  2.8  1.4 18.7 16.8 11.9 12 16.2                           
082547051223103498ライゼシュトゥルム　　　　　　　　　  8.6  2.4 -1.0-10.1 -3.4 -3 22.1                           
082547060123102075ソルチェリア　　　　　　　　　　　　 21.8  4.0 -3.4 -3.5 -2.3 -2  0.0                           
082547060223102580マーチンゲール　　　　　　　　　　　  8.7  2.2 11.3 -1.4  3.7  4 14.4                           
082547060323101838ジャスティンアポロ　　　　　　　　　  6.8  1.9 12.8  8.9  7.4  7  0.0                           
082547060423103092セルジュバローズ　　　　　　　　　　 10.6  2.3  2.0  7.4  3.0  3 22.1                           
082547060523110068マテンロウアワー　　　　　　　　　　  3.1  1.4 17.0 17.3 11.4 11 17.7                           
082547060623101781ラッキーダイヤ　　　　　　　　　　　 32.2  5.6-11.8-14.8 -8.8 -9  0.0  0                        
082547060723107362バートラガッツ　　　　　　　　　　　  2.6  1.3 21.4 18.6 13.4 13 16.2                           
082547060823100652コイタマチャン　　　　　　　　　　　 25.6  4.6 -6.9 -5.9 -4.3 -4  0.0                           
082547060923104967アシャカルー　　　　　　　　　　　　 36.3  6.2-11.8 -3.5 -5.4 -5  0.0                           
082547061023110044ペスカドール　　　　　　　　　　　　 20.8  3.9 -2.0 -2.9 -1.6 -2  0.0                           
082547061123104732タガノナッシュビル　　　　　　　　　 41.6  7.0 -6.9-12.4 -6.3 -6  0.0                           
082547061223106120セリーンストーム　　　　　　　　　　 25.8  4.6  5.4 -1.9  1.4  1  0.0                           
082547061323104499ビナハイバン　　　　　　　　　　　　 26.1  4.7 -8.2  6.0 -1.2 -1  0.0                           
082547070121105422ブラーヴイストワル　　　　　　　　　 59.9 12.5-11.3-12.4 -7.9 12  0.0                           
082547070222102957ヴィーナスバブル　　　　　　　　　　 55.2 11.6-11.3-10.2 -7.2 13  0.0                           
082547070320102539アレンテージョ　　　　　　　　　　　 10.9  2.9 11.4  5.1  5.7 26  0.0                           
082547070422100099クラウディアイ　　　　　　　　　　　  5.1  1.9 14.3 15.4  9.9 30 17.7                           
082547070522105098マディソンガール　　　　　　　　　　  3.5  1.6 18.5 22.1 13.4 33 16.2                           
082547070622103651ツーエムクロノス　　　　　　　　　　 21.9  5.1 -5.9 -9.5 -5.0 15  0.0                           
082547070722104214ニホンピロデヴィン　　　　　　　　　 45.2  9.9 -8.5-10.2 -6.2 14  0.0                           
082547070820103441フラッシングレート　　　　　　　　　 41.0  9.0-11.3-10.2 -7.2 13  0.0                           
082547070922104715ジーティーマン　　　　　　　　　　　 23.1  5.4 -3.6 -4.8 -2.8 17  0.0                           
082547071022104894ダノンフィオーレ　　　　　　　　　　  7.2  2.3 17.0  3.7  7.3 27 13.4                           
082547071122105868レベルスルール　　　　　　　　　　　 12.1  3.2 -2.9 17.8  4.3 24  0.0                           
082547071222105759アドラビーレ　　　　　　　　　　　　 55.5 11.7-11.3-11.9 -7.7 12  0.0                           
082547071322105817アルディスティーノ　　　　　　　　　 30.4  6.9-10.1-12.4 -7.4 13  0.0                           
082547071422101601ニュークレド　　　　　　　　　　　　 10.9  2.9  6.0 16.1  7.0 27 20.6                           
082547071522104053ミトノオルフェ　　　　　　　　　　　 20.5  4.9 -3.5-10.2 -4.3 16  0.0                           
082547071622105190ブルーミングローズ　　　　　　　　　 23.1  5.4 -6.9 -2.2 -3.2 17  0.0  1  162   42              
082547071722103227レッドイステル　　　　　　　　　　　 16.1  4.0 -8.8 -2.8 -4.1 16  0.0                           
082547071819100915ゼンノインヴォーク　　　　　　　　　 16.2  4.0 -4.5 -4.8 -3.1 17  0.0                           
082547080121105753フェンダー　　　　　　　　　　　　　  4.8  1.7 13.1 15.8  9.5 40 19.1                           
082547080220103898イグニション　　　　　　　　　　　　 35.9  7.2 -2.9 -2.2 -1.7 28  0.0                           
082547080322101398リクエイ　　　　　　　　　　　　　　 20.6  4.5 -1.2  0.1 -0.4 30  0.0                           
082547080420100530フォルティーナ　　　　　　　　　　　 59.4 11.2-11.3 -3.0 -5.0 25  0.0                           
082547080519101753アオカミ　　　　　　　　　　　　　　 89.6 16.5-11.2-10.6 -7.3 23  0.0                           
082547080619106118ミヤビクライ　　　　　　　　　　　　 31.9  6.5-11.2-10.6 -7.3 23  0.0                           
082547080721104210ニホンピロトッティ　　　　　　　　　  5.3  1.8 12.4 12.7  8.4 38  0.0                           
082547080821102259クリノオリーブ　　　　　　　　　　　 24.1  5.0 -5.6 -2.0 -2.7 27  0.0                           
082547080921103588グラスブランシュ　　　　　　　　　　 31.8  6.5 -5.5 -6.6 -4.0 26  0.0                           
082547081022105600ボルセーナ　　　　　　　　　　　　　 14.9  3.4 -0.2  3.0  0.8 31  0.0                           
082547081122104674フィドルファドル　　　　　　　　　　  3.5  1.5 16.1 21.4 12.3 42 17.7                           
082547081221103549ホウオウフロイト　　　　　　　　　　 37.9  7.6 -6.2 -1.4 -2.7 27  0.0                           
082547081322102493トリリオンボーイ　　　　　　　　　　 23.6  4.9 -2.3  0.5 -0.7 29 17.5                           
082547081421107259レヴィテーション　　　　　　　　　　 76.4 14.2-11.2-10.6 -7.3 23  0.0                           
082547081522107130マサノユニコーン　　　　　　　　　　  3.5  1.5 17.1 15.1 10.8 41 16.2                           
082547081621106983ゼンノツキヨミ　　　　　　　　　　　 42.3  8.4 -6.9 -7.5 -4.8 25  0.0                           
082547090120101258コスモオピニオン　　　　　　　　　　 16.3  3.2 -2.2 -1.7 -1.3 29  0.0                           
082547090220103556ブルーペクトライト　　　　　　　　　 32.3  5.6-11.3 -6.8 -6.2 24  0.0                           
082547090322101634ロングウェイホーム　　　　　　　　　  7.7  2.0 11.8  8.0  6.7 37  0.0                           
082547090420100681ジーニアスバローズ　　　　　　　　　 18.8  3.6  2.7  6.6  3.0 33 25.0                           
082547090521106192ウインアルドーレ　　　　　　　　　　 18.8  3.6 -6.9 -7.5 -4.8 25  0.0                           
082547090622102516バッケンレコード　　　　　　　　　　  2.6  1.3 17.2 19.5 12.2 42 16.2                           
082547090720103697ロイガヴェーグル　　　　　　　　　　  8.3  2.1  7.0  8.7  5.2 35  0.0                           
082547090820100629サイモンコーラル　　　　　　　　　　 48.7  8.2-11.3  7.1 -2.0 28  0.0                           
082547090919106148シンリミテス　　　　　　　　　　　　 39.1  6.7 -6.9 -3.5 -3.6 26  0.0                           
082547091021110097ブルーワール　　　　　　　　　　　　  9.2  2.3  8.6  9.6  6.0 36 15.4                           
082547091122105262カペルブリュッケ　　　　　　　　　　  3.2  1.4 18.0 21.7 13.1 43 17.7                           
082547091219102163フォーワンセルフ　　　　　　　　　　 55.3  8.9-11.2-10.6 -7.3 23  0.0                           
082547091320100604テーオーレガシー　　　　　　　　　　 24.7  4.5 -4.7  5.5 -0.1 30  0.0                           
082547100121103116ヤブサメ　　　　　　　　　　　　　　  4.5  1.7 16.2 11.5  9.4 44 17.7                           
082547100218102091ウルトラソニック　　　　　　　　　　 25.1  5.8-10.6-10.0 -6.9 28  0.0                           
082547100320105089グランデサラス　　　　　　　　　　　 18.8  4.6  2.9  2.0  1.7 37  0.0                           
082547100419105760シュヴェルトライテ　　　　　　　　　 45.9 10.0-11.2 -7.4 -6.3 29  0.0                           
082547100520104332ルミノメテオール　　　　　　　　　　 20.5  4.9 -6.9 -3.9 -3.7 31  0.0                           
082547100621105689エヴァンスウィート　　　　　　　　　  5.8  2.0  9.4 12.8  7.3 42  0.0                           
082547100722100490モズナナスター　　　　　　　　　　　 20.1  4.8 -8.9-12.5 -7.0 28  0.0                           
082547100822105108モンテシート　　　　　　　　　　　　  3.9  1.6 16.6 25.8 13.8 49 11.3  1  148   56              
082547100921104941セシリエプラージュ　　　　　　　　　  5.1  1.8 13.0  7.7  7.1 42  0.0                           
082547101021104928トラペジスト　　　　　　　　　　　　 11.8  3.1  6.7  5.5  4.1 39 23.5                           
082547101122103754ミストレス　　　　　　　　　　　　　  5.3  1.9 10.4 13.2  7.8 43 20.6                           
082547101219101079アスクビギンアゲン　　　　　　　　　 39.2  8.6-11.3 -7.5 -6.4 29  0.0                           
082547110123104690ネッタイヤライ　　　　　　　　　　　 20.1  4.7 -8.1-12.5 -6.7 43  0.0                           
082547110223103371カラペルソナ　　　　　　　　　　　　  6.8  2.2  7.5 -1.0  2.5 52 20.6                           
082547110323106400アスクエジンバラ　　　　　　　　　　 17.0  4.0 -9.0 -4.8 -4.7 45  0.0                           
082547110423103986メイショウソラリス　　　　　　　　　 17.5  4.1-11.3-10.1 -7.2 43  0.0                           
082547110523106816ロックターミガン　　　　　　　　　　 12.1  3.1  1.1-11.9 -3.2 47  0.0                           
082547110623107241バルセシート　　　　　　　　　　　　  3.4  1.5 13.8 24.4 12.4 62 16.2                           
082547110723105380サトノアイボリー　　　　　　　　　　  5.4  1.9 12.0 16.8  9.4 59 13.4  5                        
082547110823102807ジャスティンビスタ　　　　　　　　　 17.4  4.1  4.4 -4.5  0.3 50 28.0  0                        
082547110923104389フリーガー　　　　　　　　　　　　　  9.0  2.7 10.0 -5.8  1.9 52  0.0                           
082547111023105378ゴーイントゥスカイ　　　　　　　　　 10.8  2.8 19.3 13.0 11.0 61 23.1                           
082547111123102820ウイナーズナイン　　　　　　　　　　  4.4  1.7 17.6 12.9 10.3 60  0.0                           
082547120121107180ジュンヴァンケット　　　　　　　　　  2.3  1.3 20.0 24.6 14.7 45 16.2                           
082547120219103806ベルウッドブラボー　　　　　　　　　 38.9  7.4-11.2-10.6 -7.3 23  0.0                           
082547120320101378アイヲツグモノ　　　　　　　　　　　 56.2 10.2-11.3-15.6 -8.8 21  0.0  0                        
082547120420104825スカプラリオ　　　　　　　　　　　　 34.7  6.7-11.3 -1.1 -4.5 26  0.0                           
082547120520106821ピースフルナイト　　　　　　　　　　 39.6  7.6-11.3-10.2 -7.2 23  0.0                           
082547120621104998ブルーアイドガール　　　　　　　　　  9.4  2.5  6.4 18.1  7.8 38 14.4  3                        
082547120721105659アムールリーベ　　　　　　　　　　　 68.7 12.3 -5.5 -7.5 -4.3 26  0.0                           
082547120821105092ソングオブライフ　　　　　　　　　　 10.9  2.6  6.6  4.6  3.8 34  0.0                           
082547120920102674スペルキャスター　　　　　　　　　　 53.5 10.0 -9.0-10.6 -6.5 24  0.0                           
082547121020105803マイネルラッシュ　　　　　　　　　　 23.3  4.7 -3.8 -3.9 -2.6 27  0.0                           
082547121121102468ブライティアダイヤ　　　　　　　　　 33.0  6.4-11.2-10.6 -7.3 23  0.0                           
082547121220102140アンビバレント　　　　　　　　　　　 17.5  3.8  0.5  0.8  0.4 30  0.0                           
082547121322106351ベビーズブレス　　　　　　　　　　　  6.5  1.9 11.5 13.0  8.1 38  0.0                           
082547121421106661ヒーローインチーフ　　　　　　　　　 10.6  2.5 11.7 13.8  8.4 38 22.1  5                        
082547121522100632ハリウッドメモリー　　　　　　　　　  6.1  1.9 14.2 12.3  8.9 39 17.7                           
082547121620106131ジオパーククラウン　　　　　　　　　 40.1  7.6 -6.9 -6.1 -4.4 26  0.0                           
