062422010121106563イクリール　　　　　　　　　　　　　 28.7  7.0-12.1 -2.0 -4.4  1  0.0                           
062422010221105182ドバイブルース　　　　　　　　　　　  9.0  2.9  0.1 15.2  5.6 11 12.2                           
062422010321104004リンクスクードボル　　　　　　　　　  5.4  2.0 14.4 17.5 10.7 16  9.4                           
062422010421102679ヴァリアブルヨシノ　　　　　　　　　 46.3 10.9-11.6-11.9 -7.8 -3  0.0                           
062422010521100880ファイアーサイン　　　　　　　　　　 74.4 16.7-12.1 -2.7 -4.6  0  0.0                           
062422010621100045プラチナバンド　　　　　　　　　　　  7.4  2.5  4.8 11.7  5.7 11  0.0                           
062422010721110121アメリカンランナー　　　　　　　　　 13.1  3.6  2.5 -7.9 -2.1  3  0.0                           
062422010821101721アルディオール　　　　　　　　　　　 27.9  6.8 -8.7-13.1 -7.4 -2  0.0                           
062422010921100930ユイノパチョレック　　　　　　　　　 95.1 21.2-12.1-10.0 -7.3 -2  0.0                           
062422011021104807フミバレット　　　　　　　　　　　　  5.2  2.0 10.8 11.0  7.3 12  8.6                           
062422011121106580タイセイシップ　　　　　　　　　　　 28.1  6.9 -7.1 -2.8 -3.2  2  0.0                           
062422011221104889ラファールドール　　　　　　　　　　 23.0  5.7-10.3-15.7 -8.8 -4  0.0  0                        
062422011321100190ニシノインヴィクタ　　　　　　　　　  8.0  2.7 10.8  5.6  5.3 10  0.0                           
062422011421102359ライクファーザー　　　　　　　　　　  4.8  1.9 12.6 14.8  9.2 14 15.9                           
062422011521100282トキメキタロー　　　　　　　　　　　119.0 26.4-12.1-18.3-10.3 -5  0.0  0                        
062422011621100155ロードレヴェランス　　　　　　　　　  7.4  2.5 12.3 12.6  8.3 13 10.1                           
062422020121105118マインドユアリズム　　　　　　　　　  7.5  2.3  6.0 -1.5  1.3  6  0.0                           
062422020221101244プリンセスナイト　　　　　　　　　　 59.4 12.0-10.3 -2.0 -3.8  1  0.0                           
062422020321100549ベアナオセン　　　　　　　　　　　　150.6 29.3-11.6-12.2 -8.0 -3  0.0                           
062422020421104068サクラサルーテ　　　　　　　　　　　 24.4  5.4  1.6 -1.0  0.1  5  0.0  5                        
062422020521104959サトミノエガオ　　　　　　　　　　　  3.6  1.5 19.6 13.4 10.8 16 15.9                           
062422020621102264ロケットホームラン　　　　　　　　　153.6 29.9-12.1-12.0 -8.0 -3  0.0                           
062422020721101561スクラマサクス　　　　　　　　　　　 38.6  8.2-10.7  6.0 -1.0  4  0.0                           
062422020821105126カブキモン　　　　　　　　　　　　　 18.1  4.3 -6.3-12.8 -6.6 -2  0.0  0                        
062422020921102675ライズガール　　　　　　　　　　　　 15.9  3.8 10.0 17.3  9.3 14  0.0  1  177   42              
062422021021106119タイセイピューマ　　　　　　　　　　  4.2  1.6 16.4  6.4  7.3 12 17.3                           
062422021121106347ピクラリーダ　　　　　　　　　　　　 28.1  6.2 -3.2-11.0 -5.0  0  0.0                           
062422021221105612ヴァンセゾニエ　　　　　　　　　　　  4.4  1.6 13.6 19.8 11.3 16 18.8                           
062422021321101109ビューティビースト　　　　　　　　　 38.8  8.2-12.1-18.3-10.3 -5  0.0  0                        
062422021421103271ミッシーフォール　　　　　　　　　　 29.4  6.4-10.1 -8.6 -6.2 -1  0.0                           
062422021521107062ニシノジーク　　　　　　　　　　　　 18.3  4.3 -3.4  7.9  1.9  7  0.0                           
062422021621103441ヨッコサン　　　　　　　　　　　　　  8.5  2.6  9.3 18.4  9.5 15  0.0                           
062422030121102980メイショウソムリエ　　　　　　　　　  2.6  1.3 21.1 20.0 13.7 19 15.9                           
062422030221100841グランアルザン　　　　　　　　　　　 43.4  6.8-10.3 -4.9 -4.9  0  0.0                           
062422030321104541アレスエルピーダ　　　　　　　　　　109.3 15.7-12.1 -7.6 -6.4 -1  0.0                           
062422030421105854ナイトクラウン　　　　　　　　　　　 26.6  4.4 -1.4  8.9  2.8  8  0.0                           
062422030521100461リアルカイザー　　　　　　　　　　　 24.8  4.2-10.3-12.6 -7.7 -3  0.0  0                        
062422030621105897フェルメール　　　　　　　　　　　　  2.8  1.3 19.0 26.6 15.5 20 17.3C 1  180   39              
062422030721103233レッドラウル　　　　　　　　　　　　 13.5  2.6  9.3  1.9  3.5  8 11.6                           
062422030821105146キッドストン　　　　　　　　　　　　  9.0  2.1 13.2 14.0  9.1 14 10.1  4                        
062422030921100432アルファウィンザー　　　　　　　　　 98.8 14.3-12.1-12.1 -8.1 -3  0.0                           
062422031021109101メイオリビア　　　　　　　　　　　　 47.0  7.3-10.2-11.7 -7.3 -2  0.0                           
062422031121102974クリスタルニクス　　　　　　　　　　192.2 27.1-12.1-10.0 -7.3 -2  0.0                           
062422031221101147グロバーテソーロ　　　　　　　　　　  8.9  2.1  8.8  7.1  5.2 10  0.0                           
062422031321107064ニシノタカラジマ　　　　　　　　　　 65.6  9.7-12.1-10.0 -7.3 -2  0.0                           
062422031421107374レックストレメンデ　　　　　　　　　 73.5 10.8 -8.8-11.7 -6.9 -2  0.0                           
062422031521103713エコロブレード　　　　　　　　　　　  9.2  2.1  3.4  9.1  4.4  9  0.0                           
062422031621104157グレイトマジック　　　　　　　　　　 39.6  6.3-12.1 -9.8 -7.2 -2  0.0                           
062422040121106910ヘヴンリーハンド　　　　　　　　　　 28.3  5.7 -8.8 -7.4 -5.4 15  0.0                           
062422040221101253クラウンシエンタ　　　　　　　　　　 11.7  2.8 -2.4  6.0  1.5 21  0.0                           
062422040321103376ブレードサクセス　　　　　　　　　　 25.9  5.2 -8.5  7.3  0.1 20  0.0                           
062422040421106623エクリプスルバン　　　　　　　　　　  2.9  1.4 19.4 17.5 12.2 32 15.9                           
062422040521101928チザルピーノ　　　　　　　　　　　　  9.0  2.5  9.0  8.6  5.9 26  0.0                           
062422040621107001ピュアキアン　　　　　　　　　　　　  4.0  1.6 16.4 11.0  9.0 29  0.0                           
062422040721102676コーカサスゴールド　　　　　　　　　  6.9  2.1 11.8  3.1  4.7 25 10.1                           
062422040821106213ウインイメル　　　　　　　　　　　　 46.4  8.9-10.3-10.0 -6.8 13  0.0                           
062422040921105262ラオラシオン　　　　　　　　　　　　 13.4  3.1  0.3  3.8  1.5 21 12.2                           
062422041021102498ディアスポラ　　　　　　　　　　　　  6.4  1.9 11.6 15.8  9.3 29  9.4                           
062422041121106070ブリスフル　　　　　　　　　　　　　 18.4  4.0 -1.2  9.8  3.2 23 13.0                           
062422041221101356マコタイガ　　　　　　　　　　　　　 26.0  5.3 -8.7 -9.1 -5.9 14  0.0                           
062422050121101206ラーリア　　　　　　　　　　　　　　  4.0  1.5 17.7 16.7 11.4 16  8.6                           
062422050221105106タッチアンドムーブ　　　　　　　　　 14.5  2.8  1.0  6.3  2.6  8  0.0                           
062422050321103222カフェロワン　　　　　　　　　　　　 43.7  7.0-12.1-12.0 -8.0 -3  0.0                           
062422050421102225マウンテンピオニー　　　　　　　　　 32.0  5.3 -6.7 -4.4 -3.6  1  0.0                           
062422050521107165トトリムク　　　　　　　　　　　　　 74.2 11.2-10.7  6.4 -0.9  4  0.0                           
062422050621103147ヴァレリア　　　　　　　　　　　　　 27.1  4.6-11.6-10.0 -7.1 -2  0.0                           
062422050721100749ティファニーユー　　　　　　　　　　 22.4  3.9  3.5  7.3  3.7  9 12.2                           
062422050821103000ヴァルドルチャ　　　　　　　　　　　  2.1  1.2 23.8 20.0 14.5 19 15.9                           
062422050921100803ビルカバンバ　　　　　　　　　　　　 37.5  6.1 -3.2  6.2  1.3  6  0.0                           
062422051021103089アムンラー　　　　　　　　　　　　　  8.0  2.0 12.1 18.6 10.4 15  9.4                           
062422051121102736ヴァラムノス　　　　　　　　　　　　 13.9  2.7 11.2 13.2  8.2 13  0.0                           
062422051221106777コスモリダッシュ　　　　　　　　　　 18.5  3.4 -7.2-12.8 -6.9 -2  0.0  0                        
062422051321104934シュウズダイヤ　　　　　　　　　　　 22.4  3.9 -4.9  4.7  0.3  5  0.0                           
062422051421106095フルクティクルス　　　　　　　　　　 75.3 11.4-11.6-10.0 -7.1 -2  0.0                           
062422051521103286シマイ　　　　　　　　　　　　　　　125.5 18.5-12.1-11.3 -7.8 -3  0.0                           
062422051621105648チャーモニウム　　　　　　　　　　　 23.0  4.0 -8.5 11.0  1.5  6 13.8                           
062422060121102692モーニングヤマト　　　　　　　　　　 16.3  3.5 -3.7  6.6  1.3  6  0.0                           
062422060221102431セブンオーシャン　　　　　　　　　　 64.7 11.5-12.1 -7.6 -6.4 -1  0.0                           
062422060321102647リフトローダー　　　　　　　　　　　105.2 18.4-14.7 -7.7 -7.2 -2  0.0                           
062422060421104799グランドブレーカー　　　　　　　　　 38.5  7.3-10.3-10.0 -6.8 -2  0.0                           
062422060521105061エヴィエニス　　　　　　　　　　　　 19.1  4.0  0.5  7.3  2.8  8  0.0                           
062422060621103017オウケンシルヴァー　　　　　　　　　118.6 20.6-11.6-12.6 -8.1 -3  0.0  0                        
062422060721101483ヘルト　　　　　　　　　　　　　　　 11.5  2.7  9.3 17.3  9.1 14  0.0  4                        
062422060821105035イージーブリージー　　　　　　　　　  4.5  1.6 15.7 12.5  9.3 14  9.4                           
062422060921106771アイムフィアレス　　　　　　　　　　 78.9 13.9-14.3-13.2 -9.1 -4  0.0                           
062422061021103536ファルギュラント　　　　　　　　　　 88.9 15.6-12.1-10.0 -7.3 -2  0.0                           
062422061121106909スティングビー　　　　　　　　　　　 79.3 14.0 -8.8 -7.4 -5.4  0  0.0                           
062422061221101045タイセイミッション　　　　　　　　　  4.1  1.5 12.4 17.4 10.1 15 17.3                           
062422061321106881ゴールドモーション　　　　　　　　　 31.0  6.0 -1.5-10.0 -4.1  1  0.0                           
062422061421105391ラスカンブレス　　　　　　　　　　　  2.7  1.3 22.1 17.5 13.0 18 15.9                           
062422061521100441ボクラヲツナグモノ　　　　　　　　　 16.7  3.6  2.3  6.8  3.2  8  0.0                           
062422061621104691ローランド　　　　　　　　　　　　　  8.0  2.2 11.4 15.4  9.1 14 10.1                           
062422070119104958シンボリックレルム　　　　　　　　　  4.0  1.4 18.6  6.0  7.8 28  9.4                           
062422070219101187クリノフラッグ　　　　　　　　　　　 24.9  4.9-12.1 -2.7 -4.6 15  0.0                           
062422070319105064ファミリークレスト　　　　　　　　　  2.8  1.3 16.5 11.0  9.0 29 15.9                           
062422070420106883ブラックデコ　　　　　　　　　　　　 20.3  4.2 -7.1  6.4  0.2 20  0.0                           
062422070520102668メダルラッシュ　　　　　　　　　　　 16.8  3.6  1.8  6.0  2.7 23  0.0                           
062422070620101143イージーオンミー　　　　　　　　　　  6.3  1.9 13.5  8.7  7.2 27 10.1                           
062422070720102607ロフティーイデアル　　　　　　　　　  3.8  1.4 17.1 13.0  9.9 30 17.3                           
062422070818101166サイモンポーリア　　　　　　　　　　 29.7  5.8 -1.8  6.4  1.8 22  0.0                           
062422070919106416キセキノエンジェル　　　　　　　　　 31.3  6.0-11.6-10.6 -7.4 13  0.0                           
062422071020104134ピッチパーフェクト　　　　　　　　　  7.8  2.2 13.0 12.6  8.5 29  0.0                           
062422080120101956ジェイエルトランス　　　　　　　　　 47.8  9.3-10.4-12.0 -7.5 12  0.0                           
062422080220103956ダイヤモンドビーチ　　　　　　　　　 16.3  3.6 -1.3-10.0 -4.1 16 12.2                           
062422080319101749モネ　　　　　　　　　　　　　　　　 52.0 10.0 -5.0-13.1 -6.3 14  0.0  0                        
062422080418105401インフィニタス　　　　　　　　　　　 64.9 12.0-12.1 -2.0 -4.4 16  0.0                           
062422080520105983サルモン　　　　　　　　　　　　　　 13.0  3.1  5.4  9.0  4.9 25 11.6                           
062422080619104119リカステ　　　　　　　　　　　　　　 77.3 14.2-11.6-13.0 -8.2 12  0.0                           
062422080719106105オンマガトオル　　　　　　　　　　　  4.2  1.6 12.8 11.0  7.9 28  0.0                           
062422080818106602ビーマイベイビー　　　　　　　　　　 20.2  4.4  2.2 -7.6 -2.1 18  0.0                           
062422080919102469ダイチラファール　　　　　　　　　　  6.7  2.0 10.3 15.5  8.8 29 10.1                           
062422081019103815スマイルアップ　　　　　　　　　　　  6.4  2.0 12.3 12.7  8.3 28  9.4                           
062422081120105049ハヤブサジェット　　　　　　　　　　  2.9  1.4 20.9 20.0 13.6 34 15.9                           
062422081220106353リリージェーン　　　　　　　　　　　 11.4  2.7  7.0  9.0  5.4 25  0.0                           
062422081319100081スミシュー　　　　　　　　　　　　　 77.3 14.2-11.6 -2.7 -4.5 16  0.0                           
062422081420106429ノーブルミステリー　　　　　　　　　 31.0  6.3 -8.4  4.6 -0.8 19  0.0                           
062422081518104533サンフィニティ　　　　　　　　　　　 24.1  5.0 -0.5-10.6 -4.0 16  0.0                           
062422081620106837ウィンウッドテール　　　　　　　　　 38.1  7.5-12.6-11.3 -7.9 12  0.0                           
062422090121104994ティンク　　　　　　　　　　　　　　  8.7  2.9 -2.5  8.9  2.5 23  0.0                           
062422090221100305スティックバイミー　　　　　　　　　 12.0  3.4 -2.1 -7.6 -3.4 17 13.7                           
062422090321103859チークタイム　　　　　　　　　　　　 22.9  5.8-12.9-10.1 -7.6 12  0.0                           
062422090421101743ワンブランチ　　　　　　　　　　　　 20.3  5.3 -6.9-10.0 -5.7 14  0.0                           
062422090521106194ウインデイジー　　　　　　　　　　　  8.6  2.8  9.5  9.0  6.2 26 10.8                           
062422090621106785コスモエスメラルダ　　　　　　　　　 29.2  7.2-12.1 -9.7 -7.2 13  0.0                           
062422090721105600グランカンタンテ　　　　　　　　　　  8.8  2.9 -8.5 16.4  3.5 23 12.3                           
062422090821105516イゾラフェリーチェ　　　　　　　　　  7.0  2.4  7.6 21.9 10.3 30  0.0                           
062422090921105478エリカリーシャン　　　　　　　　　　 24.5  6.1 -8.8-11.3 -6.8 13  0.0                           
062422091021105302ザパリスマッチ　　　　　　　　　　　  6.8  2.4  7.7 10.9  6.3 26  9.4                           
062422091121105491テリオスルル　　　　　　　　　　　　 11.3  3.2  9.9 -1.0  2.6 23  0.0  5                        
062422091221105616エルフストラック　　　　　　　　　　  5.9  2.2  8.8  4.9  4.4 24  8.7                           
062422091321104137ミエノブラボー　　　　　　　　　　　  4.5  1.9 18.3 14.0 10.6 31  8.0                           
062422100118100623ミラクル　　　　　　　　　　　　　　 25.4  6.1  0.6-10.1 -3.5 31  0.0                           
062422100216100952ヴァリアント　　　　　　　　　　　　 17.2  4.4 -3.8 -6.2 -3.4 32  0.0                           
062422100319100135タイセイジャスパー　　　　　　　　　 22.8  5.5 -8.9 -2.6 -3.6 31 14.4                           
062422100418104392グリュースゴット　　　　　　　　　　 49.4 11.2 -6.9-12.6 -6.7 28  0.0  0                        
062422100518103641ロードオブザチェコ　　　　　　　　　 32.2  7.5-10.4 -2.7 -4.1 31  0.0                           
062422100620107113アイファーシアトル　　　　　　　　　 10.7  3.0 12.2  6.7  6.1 41  0.0                           
062422100719105761エティエンヌ　　　　　　　　　　　　  6.5  2.2  8.7  2.4  3.5 38 10.1                           
062422100819105847ミレヴィーナス　　　　　　　　　　　  5.8  2.1 13.8  6.7  6.6 42  0.0                           
062422100917100452ルクルト　　　　　　　　　　　　　　 16.4  4.2 -1.4 -5.0 -2.3 33 12.3                           
062422101017110173ヴァンデリオン　　　　　　　　　　　 63.1 13.8-12.1-10.6 -7.5 27  0.0                           
062422101118105317キミワテル　　　　　　　　　　　　　 42.0  9.6-11.6  5.9 -1.3 34  0.0                           
062422101219103428ウラカワノキセキ　　　　　　　　　　  8.2  2.7  9.8 12.1  7.4 42 10.9  5                        
062422101319102011サザンエルフ　　　　　　　　　　　　  4.8  1.9 16.0 15.1 10.3 45  8.7                           
062422101418102181コスモノアゼット　　　　　　　　　　 39.1  9.0-12.1 -7.6 -6.4 29  0.0                           
062422101519100614レヴール　　　　　　　　　　　　　　 19.2  4.8 -2.9 -2.9 -1.9 33  0.0  0                        
062422101620110105マニバドラ　　　　　　　　　　　　　  4.3  1.8 13.2 17.3 10.3 45  7.9  4                        
062422110119105496レッドモンレーヴ　　　　　　　　　　 16.1  3.9  3.0  9.0  4.2 59  0.0                           
062422110218104662ソーヴァリアント　　　　　　　　　　 11.5  3.0 -1.6-11.9 -4.8 50  0.0                           
062422110320102899ソールオリエンス　　　　　　　　　　  4.2  1.8 17.6 16.7 11.4 66 17.3                           
062422110419105056ジオグリフ　　　　　　　　　　　　　 12.8  3.3 -3.8 -3.4 -2.4 53  0.0  0                        
062422110516104877ヒシイグアス　　　　　　　　　　　　  9.1  2.7 11.1  0.4  3.5 58  0.0                           
062422110618105402イルーシヴパンサー　　　　　　　　　 11.2  2.9  9.8 29.8 13.9 69  0.0                           
062422110719104896ドーブネ　　　　　　　　　　　　　　 25.0  5.7 -5.5 -9.9 -5.3 50  0.0                           
062422110819105546マテンロウスカイ　　　　　　　　　　 12.9  3.3  3.1 10.4  4.7 60  0.0                           
062422110920100680エルトンバローズ　　　　　　　　　　  3.8  1.7 19.4 18.0 12.4 67 14.3                           
062422111019101782ラーグルフ　　　　　　　　　　　　　 13.6  3.4  2.5 14.0  5.9 61 13.0                           
062422111118100184タイムトゥヘヴン　　　　　　　　　　 41.6  9.0-12.1 -7.9 -6.5 48  0.0                           
062422111219104658ボーンディスウェイ　　　　　　　　　 30.1  6.7-10.3-13.1 -7.9 47  0.0  0                        
062422111319100792マイネルクリソーラ　　　　　　　　　 16.7  4.1 -1.0 15.8  5.5 60  0.0                           
062422111420105295エエヤン　　　　　　　　　　　　　　 22.3  5.1-12.1 -7.6 -6.4 49  0.0                           
062422111518106834テーオーシリウス　　　　　　　　　　 47.3 10.1-11.8-10.1 -7.2 48  0.0                           
062422111618103489ホウオウリアリティ　　　　　　　　　 38.8  8.4-12.1-11.9 -8.0 47  0.0                           
062422120116102412ヨンク　　　　　　　　　　　　　　　  6.5  2.0 13.6 11.6  8.3 38  9.4  3                        
062422120217105634メラーキ　　　　　　　　　　　　　　 25.6  5.2-10.3 -2.0 -3.8 26  0.0                           
062422120318101894ターニングアップ　　　　　　　　　　 26.3  5.3  0.0-10.6 -3.9 26  0.0                           
062422120420101873グラシアス　　　　　　　　　　　　　 28.7  5.7-10.4-14.5 -8.4 22  0.0                           
062422120520103543ホウオウカブキ　　　　　　　　　　　  2.4  1.3 20.9 20.0 13.6 44 15.9                           
062422120619103543マイネルサハラ　　　　　　　　　　　 19.0  4.1 -6.6  4.6 -0.3 30  0.0                           
062422120719101121ララエフォール　　　　　　　　　　　  6.7  2.0 13.9 15.3  9.8 40  0.0                           
062422120820106877スマートアイ　　　　　　　　　　　　  5.5  1.8 14.3 10.2  8.0 38  0.0                           
062422120920107084ソムリエ　　　　　　　　　　　　　　 25.3  5.1 -5.5  5.9  0.5 31  0.0                           
062422121019107004パトリオットラン　　　　　　　　　　 20.9  4.4 -0.6  3.3  1.0 31 13.0                           
062422121119102341サイモンソーラン　　　　　　　　　　 12.5  2.9  2.6 -5.5 -1.2 29 11.5                           
062422121219105264スマイルオンミー　　　　　　　　　　  7.7  2.2  6.9 21.4  9.9 40 10.8                           
092412010121103723アンリーベイビー　　　　　　　　　　 14.8  3.4 -3.3 -9.9 -4.2  1  0.0                           
092412010221102910ラジエーション　　　　　　　　　　　  6.2  2.0 11.0  9.3  6.8 12 19.1                           
092412010321104978マルカオペラ　　　　　　　　　　　　 15.3  3.5  1.2  8.7  3.0  8  0.0                           
092412010421105870ブリッジワン　　　　　　　　　　　　 32.7  6.7 -6.8-10.2 -5.6 -1  0.0                           
092412010521100648ウィスピースノー　　　　　　　　　　 29.8  6.1-11.1 -7.4 -6.3 -1  0.0                           
092412010621101426コーラルハート　　　　　　　　　　　  4.0  1.6 18.0 16.3 11.5 16 17.7                           
092412010721102341アリストロシュ　　　　　　　　　　　 53.1 10.4-11.1-12.1 -7.7 -3  0.0                           
092412010821105519フェロニエール　　　　　　　　　　　  3.1  1.4 17.8 19.3 12.3 17 16.2                           
092412010921100294ネバーモア　　　　　　　　　　　　　  9.5  2.6  5.7 13.8  6.2 11  0.0                           
092412011021103939スマートプレシャス　　　　　　　　　  6.5  2.0 13.8 11.7  8.6 14 14.4                           
092412011121103593タマモプルメリア　　　　　　　　　　 35.0  7.1-10.1-15.5 -8.4 -3  0.0  0                        
092412011221100164ギフトフォーユー　　　　　　　　　　 18.3  4.1 -3.3 -7.5 -3.5  2  0.0                           
092412011321101487トレポンティ　　　　　　　　　　　　 13.8  3.2  5.1  0.3  2.0  7  0.0                           
092412020121110136アメリカンマーチ　　　　　　　　　　  6.6  2.1 12.3 10.7  7.7 13 20.6                           
092412020221102362アイムプラウド　　　　　　　　　　　 23.1  5.0 -4.0 -3.6 -2.5  2  0.0                           
092412020321103546ペルセイズ　　　　　　　　　　　　　  6.8  2.1  7.4 14.6  7.1 12 22.1                           
092412020421105736カルパ　　　　　　　　　　　　　　　  4.9  1.8 13.5 17.2 10.1 15 12.4                           
092412020521110029アルシンダガ　　　　　　　　　　　　 36.5  7.6 -6.9-12.0 -6.1 -1  0.0                           
092412020621103127スターウッドテール　　　　　　　　　 29.2  6.2 -8.8-10.2 -6.3 -1  0.0                           
092412020721104235キモンゲーム　　　　　　　　　　　　 29.9  6.3-11.8 -1.5 -4.8  0  0.0  5                        
092412020821105139デルマエウロパ　　　　　　　　　　　 31.8  6.7-11.1-12.1 -7.7 -3  0.0                           
092412020921100573ポッドコンティ　　　　　　　　　　　 10.7  2.7 12.4 10.5  7.7 13  0.0                           
092412021021103696ブラッドショー　　　　　　　　　　　 21.0  4.7 -6.1 -2.0 -2.8  2  0.0                           
092412021121103613シンゼンハチマン　　　　　　　　　　 46.2  9.4-10.1-12.3 -7.4 -2  0.0                           
092412021221103934スマートヌーメン　　　　　　　　　　 52.6 10.6-11.1-11.8 -7.6 -3  0.0                           
092412021321110139ガーデンカメリア　　　　　　　　　　  6.0  2.0 15.2  7.0  7.7 13  0.0                           
092412021421110107グランメドウ　　　　　　　　　　　　  3.0  1.4 18.1  9.7  9.5 15 16.2                           
092412030121106362センカラット　　　　　　　　　　　　 26.7  4.5 -8.5 -3.9 -4.3  1  0.0                           
092412030221102945レオボヌール　　　　　　　　　　　　 21.5  3.8 -5.0 -3.1 -2.8  2  0.0                           
092412030321101269クラウンアラビアン　　　　　　　　　  3.8  1.4 17.6  3.6  7.5 13 17.7                           
092412030421105147クワッドルッツ　　　　　　　　　　　 37.9  6.1-11.1-13.5 -8.1 -3  0.0                           
092412030521106169イナズマシルバー　　　　　　　　　　 29.4  4.9-12.2-11.5 -7.9 -3  0.0  0                        
092412030621105811アーマルコライト　　　　　　　　　　  2.1  1.2 22.1 18.2 13.6 19 16.2                           
092412030721102221サンライズウェーヴ　　　　　　　　　 20.7  3.7  1.2-11.8 -3.1  2  0.0                           
092412030821106139チョウゲンキ　　　　　　　　　　　　  7.2  1.9 11.9  5.0  5.9 11  0.0                           
092412030921106565ケイアイアンタレス　　　　　　　　　  9.1  2.2  6.5  6.9  4.5  9  0.0  5                        
092412031021101428タキ　　　　　　　　　　　　　　　　  7.1  1.8  6.2  5.9  4.0  9 13.4                           
092412031121107087メイショウマサムネ　　　　　　　　　 23.0  4.0 -2.6-13.0 -4.9  0  0.0                           
092412040121101382ブリックワーク　　　　　　　　　　　 15.4  3.9  0.6  3.4  1.2  6  0.0                           
092412040221103597タマモワンカラット　　　　　　　　　 76.7 16.0-11.1-10.2 -7.1 -2  0.0                           
092412040321105785ファピオラ　　　　　　　　　　　　　 44.4  9.8-11.5-13.7 -8.3 -3  0.0  0                        
092412040421101455ルージュリリカル　　　　　　　　　　  6.8  2.2  9.2  7.0  5.5 10 20.6                           
092412040521102987ミスズサンダスノー　　　　　　　　　  5.9  2.0 12.6  8.4  7.1 12 13.4                           
092412040621101434ハミング　　　　　　　　　　　　　　  5.4  1.9 16.2 19.0 11.6 17  0.0                           
092412040721107137サウンドクラージュ　　　　　　　　　 87.7 18.2-11.1-10.2 -7.1 -2  0.0                           
092412040821105102スターリングアップ　　　　　　　　　 15.7  3.9 -0.5-11.1 -3.5  1  0.0                           
092412040921100019マサノカナリア　　　　　　　　　　　 36.3  8.1 -6.6  4.6 -1.0  4  0.0                           
092412041021101605エルプロフェッサー　　　　　　　　　 17.4  4.3 -1.1 -0.3 -0.5  5  0.0                           
092412041121103925ルクスチェリー　　　　　　　　　　　 43.5  9.6-11.1-10.6 -7.3 -2  0.0                           
092412041221105443エルミラージュ　　　　　　　　　　　 18.4  4.5  1.1  2.6  1.2  6  0.0                           
092412041321105682ハイボーン　　　　　　　　　　　　　 12.8  3.3  8.2  3.3  4.0  9  0.0                           
092412041421105540サロニコス　　　　　　　　　　　　　  3.5  1.6 15.5 13.4  9.7 15 16.2                           
092412041521105416ラガークイン　　　　　　　　　　　　 18.0  4.4 -2.8 -1.2 -1.4  4 28.0                           
092412041621101131チャウチャウチャウ　　　　　　　　　 59.7 12.6-11.1-10.2 -7.1 -2  0.0                           
092412041721104973ルボートン　　　　　　　　　　　　　 25.4  5.9 -8.5 -2.4 -3.8  1  0.0                           
092412041821105217プルミエプランタン　　　　　　　　　 45.3 10.0-11.1-11.8 -7.6 -3  0.0                           
092412050121106150ゴッドカインド　　　　　　　　　　　 11.5  2.7 10.0  9.6  6.5 27  0.0                           
092412050221110134エンブレムボム　　　　　　　　　　　 15.6  3.4 -3.5  1.1 -1.0 19 17.5                           
092412050321110126インユアパレス　　　　　　　　　　　  2.4  1.3 22.3 18.4 13.7 34 16.2                           
092412050421106264デュアルロンド　　　　　　　　　　　 22.6  4.5  4.5  6.3  3.5 24  0.0                           
092412050521110104エコロエイト　　　　　　　　　　　　 14.0  3.1 -3.3  1.3 -0.8 19  0.0                           
092412050621102399モンシェリ　　　　　　　　　　　　　  4.9  1.6 10.0 19.0  9.4 29  0.0                           
092412050721101121ミライテーラー　　　　　　　　　　　  6.3  1.9 14.3 28.3 13.7 34 20.6                           
092412050821103214ネグレスコ　　　　　　　　　　　　　  4.8  1.6 13.5 15.1  9.5 29 17.7                           
092412050921104639ラストボーン　　　　　　　　　　　　 19.1  4.0 -8.5 -9.7 -6.0 14  0.0                           
092412051021106923ソーニャシュニク　　　　　　　　　　 20.6  4.2 -9.0 -3.9 -4.5 16  0.0                           
092412060120101919ダイメイセブン　　　　　　　　　　　 13.5  2.8  4.3 -2.5  0.8 21  0.0                           
092412060220101396アズマサクラエモン　　　　　　　　　 23.5  4.3 -8.7 -9.7 -6.1 14  0.0                           
092412060320104215ケイアイメキラ　　　　　　　　　　　  6.4  1.8 11.1 -1.2  3.7 24 13.4  0                        
092412060420105954ネッケツシャチョウ　　　　　　　　　  2.2  1.2 22.7 13.8 12.5 32 16.2                           
092412060520104005アナザーエース　　　　　　　　　　　 18.4  3.6 -3.5  1.9 -0.7 19  0.0                           
092412060620110092アヘッド　　　　　　　　　　　　　　 12.1  2.6 -0.4-10.3 -3.2 17 23.5                           
092412060720103323ナウズザタイム　　　　　　　　　　　  9.4  2.3  7.1 -9.9 -0.4 20  0.0                           
092412060817103278シアープレジャー　　　　　　　　　　 28.2  5.1-11.1-10.2 -7.1 13  0.0                           
092412060920105730スカパラダイス　　　　　　　　　　　  4.3  1.5 15.0 14.0  9.7 30 17.7                           
092412061020110101ゴールデンマイク　　　　　　　　　　  8.2  2.1  3.5  1.1  1.6 22  0.0                           
092412070120101892ミタマ　　　　　　　　　　　　　　　  3.2  1.6 18.6 15.9 11.6 42 17.7                           
092412070218106357ハーツオブシャカ　　　　　　　　　　  7.5  3.3  4.3  8.8  4.2 34 14.4                           
092412070318105260サンデージャック　　　　　　　　　　 16.5  6.2 -6.2-10.5 -5.4 25  0.0                           
092412070420104881ケイアイサンデラ　　　　　　　　　　  2.4  1.3 19.6 17.3 12.4 42 16.2                           
092412070518104797リンフレスカンテ　　　　　　　　　　  3.7  1.8 12.5 17.7  9.9 40 19.1                           
092412070620102831ワレハウミノコ　　　　　　　　　　　  8.0  3.5  3.2  4.8  2.6 33  0.0                           
092412070719100295ウン　　　　　　　　　　　　　　　　 20.2  7.5-10.1 -1.6 -4.2 26  0.0                           
092412080119100625ピジョンブラッド　　　　　　　　　　  8.4  2.3 13.2 18.5 10.4 40  0.0                           
092412080220104675ヘニータイフーン　　　　　　　　　　  2.3  1.3 18.7 17.8 12.2 42 16.2                           
092412080319103017リースタル　　　　　　　　　　　　　 10.7  2.5  0.4  2.3  0.8 31  0.0  5                        
092412080420102161サノノエスポ　　　　　　　　　　　　  5.0  1.7 15.8 13.1  9.7 40 17.7                           
092412080520102181コロンビアテソーロ　　　　　　　　　 20.6  4.2 -7.5 -7.1 -4.9 25  0.0                           
092412080620106954タイセイキューティ　　　　　　　　　 18.1  3.8 -9.0 -7.4 -5.5 24  0.0                           
092412080720105552タガノアレハンドラ　　　　　　　　　  6.4  1.9  9.1 11.0  6.6 37 13.4                           
092412080820106642オシゲ　　　　　　　　　　　　　　　  6.4  1.9 10.3 13.5  7.8 38 20.6                           
092412080919106491ラブベティー　　　　　　　　　　　　 20.1  4.1 -1.9  0.5 -0.5 29  0.0                           
092412081020105643プメハナ　　　　　　　　　　　　　　 19.0  3.9 -1.8 -8.8 -3.3 27  0.0                           
092412090119104907エメヴィベール　　　　　　　　　　　 34.2  6.5-11.1-10.2 -7.1 28  0.0                           
092412090217103293ホウオウエクレール　　　　　　　　　  6.8  2.0 10.1  0.1  3.7 39  0.0                           
092412090320101025アスクドゥポルテ　　　　　　　　　　  8.4  2.3 12.9  4.6  6.1 41  0.0                           
092412090417101436ウインエアフォルク　　　　　　　　　 28.0  5.5 -3.5  2.3 -0.6 34 20.6                           
092412090519104572タイムオブフライト　　　　　　　　　 11.9  2.7  5.2  5.3  3.5 38  0.0                           
092412090620104426ビキニボーイ　　　　　　　　　　　　 28.7  5.6-11.1 -8.2 -6.5 28  0.0                           
092412090720105834ゴールドプリンセス　　　　　　　　　  3.8  1.5 17.2 17.9 11.7 47 17.7                           
092412090818104638ミステリーウェイ　　　　　　　　　　 11.8  2.7  3.4  0.8  1.5 36  0.0                           
092412090919101716アップデート　　　　　　　　　　　　 14.2  3.1  3.8  7.0  3.5 38 26.5                           
092412091016104998アスティ　　　　　　　　　　　　　　 26.2  5.2-11.2 -7.4 -6.3 29  0.0                           
092412091120101152ナイトインロンドン　　　　　　　　　  2.8  1.4 19.6 18.4 12.7 48 16.2                           
092412091217105602ラズルダズル　　　　　　　　　　　　 12.2  2.8 -2.4 -7.5 -3.1 32  0.0                           
092412100121104006クリスアーサー　　　　　　　　　　　  4.8  1.8 11.4 11.7  7.7 53 19.1                           
092412100221100899ビッグドリーム　　　　　　　　　　　  4.7  1.8 13.8  9.6  7.9 53 17.7                           
092412100321110021スピリットガイド　　　　　　　　　　 11.9  3.2  4.4  6.2  3.5 48 17.5                           
092412100421102392ナナオ　　　　　　　　　　　　　　　  8.3  2.6  2.1  2.0  1.4 46  0.0                           
092412100521110132ジャスパーノワール　　　　　　　　　 13.3  3.5  5.1  6.8  3.9 49  0.0                           
092412100621100161ロードフロンティア　　　　　　　　　 21.6  5.2-11.1 -4.7 -5.5 40  0.0                           
092412100721100139クランフォード　　　　　　　　　　　  7.0  2.3 15.1 23.4 12.6 58  0.0                           
092412100821107058ピューロマジック　　　　　　　　　　  4.2  1.7 11.5  5.9  6.0 51  0.0                           
092412100921103080ゼルトザーム　　　　　　　　　　　　 13.8  3.6-11.1 12.6 -0.3 45  0.0                           
092412101021104504ベント　　　　　　　　　　　　　　　 49.5 11.1-11.1 -8.8 -6.7 38  0.0                           
092412101121105771ミルテンベルク　　　　　　　　　　　  6.9  2.3  7.4  4.4  4.0 49 20.6                           
092412110119100213ウインマーベル　　　　　　　　　　　  2.9  1.4 18.0 15.0 11.1 61  7.7                           
092412110219105087サンライズロナウド　　　　　　　　　 18.6  4.1  1.8 -9.9 -2.3 48  0.0                           
092412110318106504サトノアイ　　　　　　　　　　　　　 71.1 13.3-11.1-12.6 -7.8 42  0.0                           
092412110416105223ルプリュフォール　　　　　　　　　　 19.8  4.3 -6.1  4.5 -0.9 49  0.0                           
092412110517104172メイショウチタン　　　　　　　　　　 34.1  6.9 -3.9-13.0 -5.3 45  0.0                           
092412110620105400タマモブラックタイ　　　　　　　　　 25.1  5.3-11.1 -2.7 -4.9 45  0.0                           
092412110717100091スマートクラージュ　　　　　　　　　 14.4  3.3  9.0 -5.1  1.8 52 14.4                           
092412110820103434カルロヴェローチェ　　　　　　　　　 21.1  4.6 -1.5 -0.3 -0.6 49  0.0                           
092412110919101700サトノレーヴ　　　　　　　　　　　　 18.5  4.1 10.4 -6.0  2.0 52 11.2                           
092412111019110102デュガ　　　　　　　　　　　　　　　 44.9  8.9 -6.1-11.4 -5.7 44  0.0                           
092412111119100684ボルザコフスキー　　　　　　　　　　 17.3  3.9 -2.6 -1.7 -1.5 49  0.0                           
092412111216102073ホープフルサイン　　　　　　　　　　102.5 18.9 -1.3 -9.3 -3.3 47  0.0                           
092412111317104093ワールドウインズ　　　　　　　　　　 42.7  8.5-11.1  5.5 -2.4 48  0.0                           
092412111419102888エンペザー　　　　　　　　　　　　　 61.6 11.6-11.1-10.2 -7.1 43  0.0                           
092412111518106559ダノンティンパニー　　　　　　　　　  4.6  1.6 15.0 18.4 11.0 61 19.1                           
092412111620105154アサカラキング　　　　　　　　　　　  4.5  1.6 17.9 11.1  9.9 60  8.1                           
092412111716104668カリボール　　　　　　　　　　　　　 37.7  7.6-11.1-10.5 -7.2 43  0.0                           
092412111818106388メイショウホシアイ　　　　　　　　　 28.2  5.8 -8.3 -9.6 -5.9 44  0.0                           
092412120119100786ルショコラ　　　　　　　　　　　　　 38.6  6.7-10.1-10.2 -6.8 13  0.0                           
092412120219103013ロードガーディアン　　　　　　　　　 42.9  7.3-11.1-10.2 -7.1 13  0.0                           
092412120319102292タイガークリスエス　　　　　　　　　 12.0  2.6  8.6  9.3  5.9 26  0.0  5                        
092412120419101624スターザサンライズ　　　　　　　　　 33.9  5.9 -8.6 -9.9 -6.1 14  0.0                           
092412120520100897ルソレイユ　　　　　　　　　　　　　 13.6  2.8  4.9  4.6  3.2 23  0.0                           
092412120619103556サクハル　　　　　　　　　　　　　　 58.6  9.5-11.1 -5.5 -5.7 14  0.0                           
092412120717103656ロードドミニオン　　　　　　　　　　 37.9  6.6-11.1-10.2 -7.1 13  0.0                           
092412120817103822フリークボンバー　　　　　　　　　　 39.4  6.8-11.1-17.0 -9.2 11  0.0                           
092412120920101182グッジョブ　　　　　　　　　　　　　  4.1  1.5 17.5 28.9 15.1 35 17.7  2                        
092412121020104523マイネルフォーコン　　　　　　　　　  2.3  1.3 17.6 17.0 11.6 32 16.2                           
092412121119103308カフェベラノッテ　　　　　　　　　　 11.9  2.5 10.1  9.2  6.5 26 20.6                           
092412121220100747レゾルシオン　　　　　　　　　　　　 19.9  3.8 -3.9 -2.5 -2.2 18  0.0                           
092412121320103575シュバルツガイスト　　　　　　　　　  9.3  2.3 10.0  6.2  5.5 26  0.0                           
092412121420107199ダンスインザリング　　　　　　　　　 32.0  5.6-11.2 -7.4 -6.3 14  0.0                           
092412121520104623ムコウジマランプ　　　　　　　　　　 15.0  3.0  3.5  1.0  1.6 22 17.5                           
102426010121102969パッカパッカブー　　　　　　　　　　  4.8  1.9 15.7  6.5  7.7 13 10.5                           
102426010221106296アルピニスト　　　　　　　　　　　　 39.1  9.0 -8.8-15.0 -7.7 -3  0.0                           
102426010321106671アケノミョウジョウ　　　　　　　　　 80.2 17.3-10.4-13.8 -8.0 -3  0.0                           
102426010421110068シングマイブルース　　　　　　　　　 12.5  3.4 -3.3 23.6  5.9 11 21.3  3                        
102426010521110006アスクナサニエル　　　　　　　　　　  4.3  1.8 16.8 -9.0  3.5  8 13.8                           
102426010621103024モナビジュー　　　　　　　　　　　　 69.1 15.0-10.4 -9.0 -6.5 -2  0.0                           
102426010721103269メイショウウミカゼ　　　　　　　　　  6.7  2.3  6.9  1.3  2.9  8 17.5                           
102426010821106525エンジェルズキッス　　　　　　　　　 69.6 15.1-11.9-15.0 -8.9 -4  0.0                           
102426010921103574インジケーター　　　　　　　　　　　 26.7  6.4-11.9-15.0 -8.9 -4  0.0                           
102426011021100707テイエムゴールドン　　　　　　　　　  7.5  2.5  7.8-15.0 -1.6  3  0.0                           
102426011121100678ヒデシンイメル　　　　　　　　　　　  5.5  2.0 12.0 30.0 13.4 18  0.0                           
102426011221106924トラストバシレウス　　　　　　　　　 47.5 10.8-11.9-15.0 -8.9 -4  0.0                           
102426011321102357パレスパートナー　　　　　　　　　　 12.0  3.3 -4.7 -3.8 -2.9  2  0.0                           
102426011421106105クアトロジャック　　　　　　　　　　 14.6  3.8 -5.1 18.0  3.5  9  0.0                           
102426011521102304タイセイガスト　　　　　　　　　　　 45.2 10.3-11.9-15.0 -8.9 -4  0.0                           
102426011621107101イズジョーノヒカリ　　　　　　　　　 14.5  3.8  0.6-15.0 -4.3  1  0.0                           
102426020121100394アイノユメテーラー　　　　　　　　　 58.6 11.2-10.6-15.0 -8.4 -3  0.0                           
102426020221107233ルージュプリエール　　　　　　　　　 57.1 10.9-11.9-10.5 -7.5 -3  0.0                           
102426020321103013ヴェルダージ　　　　　　　　　　　　 14.2  3.3 -4.1  9.0  1.2  6  0.0                           
102426020421106549タガノアミカル　　　　　　　　　　　 50.4 10.0 -8.4-11.8 -6.6 -2  0.0                           
102426020521106053ガンバリキ　　　　　　　　　　　　　 57.1 10.9-10.4-13.8 -8.0 -3  0.0                           
102426020621105912ラントリサント　　　　　　　　　　　  4.1  1.6 14.3 18.0 10.6 16 15.0                           
102426020721106676スターティアラ　　　　　　　　　　　 27.4  5.7 -8.5-15.0 -7.6 -3  0.0                           
102426020821104457バーキン　　　　　　　　　　　　　　 14.1  3.3  4.5  9.0  4.3  9  0.0                           
102426020921104660ガケップチー　　　　　　　　　　　　 37.3  7.5-10.9 -3.8 -5.1  0  0.0                           
102426021021106049リケアオランジュ　　　　　　　　　　 20.0  4.4 -4.7-13.8 -5.9 -1  0.0                           
102426021121104510タクシンイメル　　　　　　　　　　　  3.1  1.4 22.2 30.0 17.1 22 13.8                           
102426021221106993サクソンジェンヌ　　　　　　　　　　 11.0  2.7 11.2 15.0  8.6 14  0.0                           
102426021321103225チカミリオン　　　　　　　　　　　　 15.5  3.6  3.7-15.0 -3.1  2 14.9                           
102426021421105141パシフィックハイ　　　　　　　　　　  4.8  1.7 17.2 22.5 13.1 18 16.3                           
102426021521103506ジュリアスローズ　　　　　　　　　　 20.7  4.5  0.7  9.0  3.0  8  0.0                           
102426021621104215ペイシャラブリー　　　　　　　　　　 30.7  6.3-11.9-15.0 -8.9 -4  0.0                           
102426030120107163ボルドーネセバル　　　　　　　　　　 56.1  9.7-10.9-13.8 -8.1 12  0.0                           
102426030218101379サンマルセレッソ　　　　　　　　　　 39.6  7.2-10.4 -3.8 -5.0 15  0.0                           
102426030320100702ジューンアース　　　　　　　　　　　  2.3  1.3 22.7 30.0 17.3 37 13.8                           
102426030419101794ヒメカミノイタダキ　　　　　　　　　 15.6  3.3  5.2 10.8  5.1 25  0.0                           
102426030520104164アネモス　　　　　　　　　　　　　　 13.3  2.9  3.8 22.5  8.1 28  0.0                           
102426030618110134ニルアドミラリ　　　　　　　　　　　 11.8  2.6  2.0 -4.9 -0.7 19 12.3                           
102426030720107203イツモハラペコ　　　　　　　　　　　 23.8  4.6-11.9-15.0 -8.9 11  0.0                           
102426030820106750シルヴァーゴースト　　　　　　　　　  5.9  1.8 10.4 12.8  7.7 28 16.3                           
102426030918100442モーデン　　　　　　　　　　　　　　 13.1  2.9  4.2-15.0 -3.0 17  0.0                           
102426031018100299フクノルッカ　　　　　　　　　　　　 34.2  6.3 -5.1 -1.8 -2.4 18  0.0                           
102426031119104764ジェットグリッター　　　　　　　　　  4.8  1.6 12.5  9.0  7.3 27 15.0                           
102426031219101266ザアトム　　　　　　　　　　　　　　 24.1  4.6 -4.7 -3.8 -2.9 17  0.0                           
102426031320100039ベアカワイコチャン　　　　　　　　　 30.7  5.7  2.3-13.8 -3.3 17  0.0                           
102426031416101650モメチョッタ　　　　　　　　　　　　 37.8  6.9 -8.0-13.8 -7.1 13  0.0                           
102426040118106506シルバースピリット　　　　　　　　　  8.1  2.2  2.6 12.8  4.8  5  0.0                           
102426040218100099アイファーチーター　　　　　　　　　 14.0  3.0  6.2  8.3  4.8  5  0.0                           
102426040319102799ニャンチンノン　　　　　　　　　　　 19.3  3.9-12.6-19.7-10.5-11  0.0  0                        
102426040420102499トーセンアウローラ　　　　　　　　　 25.7  4.9-10.4-13.8 -8.0 -8  0.0                           
102426040520102586キールロワイヤル　　　　　　　　　　  5.1  1.6 14.7 15.0  9.9 10 16.3                           
102426040619102751ジューンヨシツネ　　　　　　　　　　  3.9  1.5 16.3 30.0 15.0 15 15.0                           
102426040720102800オメガリッチマン　　　　　　　　　　 16.1  3.4 -2.8-15.0 -5.5 -6  0.0                           
102426040817106373メイショウコホク　　　　　　　　　　  7.0  2.0 -1.0  9.0  2.3  2 12.3                           
102426040918100401カイザーバローズ　　　　　　　　　　  2.6  1.3 20.8 16.2 12.5 12 13.8                           
102426041019100584ネッスンドルマ　　　　　　　　　　　 29.6  5.6-10.4-13.8 -8.0 -8  0.0                           
102426050121106200ウインオーブ　　　　　　　　　　　　 24.9  5.3-11.9-11.5 -7.8 -3  0.0                           
102426050221105290イルデポート　　　　　　　　　　　　  3.5  1.5 17.4 22.5 13.1 18 13.8                           
102426050321102419ファインライン　　　　　　　　　　　 12.9  3.1  5.4  6.3  3.9  9  0.0                           
102426050421100588ホワイトビーチ　　　　　　　　　　　  8.0  2.3  7.8 12.8  6.7 12 16.3                           
102426050521100996ガンバルフトシ　　　　　　　　　　　 26.8  5.7-11.9-15.0 -8.9 -4  0.0                           
102426050621100747メイショウマゴイチ　　　　　　　　　 14.5  3.4  7.3-15.0 -1.8  3  0.0                           
102426050721105456メイケイノヴァ　　　　　　　　　　　 17.8  4.0-11.9-15.0 -8.9 -4  0.0                           
102426050821102363リケアヴィオレ　　　　　　　　　　　 19.5  4.4  0.6 -1.8 -0.3  5  0.0                           
102426050921105441エマロア　　　　　　　　　　　　　　  3.7  1.6 20.7 30.0 16.6 22 15.0                           
102426051021104180マーゴットメネス　　　　　　　　　　 36.7  7.5-10.4-13.8 -8.0 -3  0.0                           
102426051121105750アルゴナヴィス　　　　　　　　　　　  8.7  2.5 -0.8  9.0  2.4  7 12.3                           
102426051221103684ホームアンドドライ　　　　　　　　　 16.9  3.9  5.3 15.0  6.4 11  0.0                           
102426051321100954ウォーターリッシュ　　　　　　　　　 50.0 10.0 -7.6-15.0 -7.3 -2  0.0                           
102426051421102615セレスト　　　　　　　　　　　　　　 20.1  4.5 -2.2-15.0 -5.3  0  0.0                           
102426051521103275メイショウノワキ　　　　　　　　　　 38.6  7.9-11.9-15.0 -8.9 -4  0.0                           
102426051621100169ロードクロンヌ　　　　　　　　　　　 32.3  6.7-12.6-15.0 -9.1 -4  0.0                           
102426060121104143アンコーナ　　　　　　　　　　　　　  6.4  2.1 12.5 16.5  9.5 15 18.8                           
102426060221103116ヤブサメ　　　　　　　　　　　　　　  4.4  1.7 17.2 30.0 15.3 20  0.0                           
102426060321106208リベリアンガール　　　　　　　　　　148.3 29.9-10.4-13.8 -8.0 -3  0.0                           
102426060421106608デヴォート　　　　　　　　　　　　　 38.9  8.5-11.9  3.8 -3.2  2  0.0                           
102426060521104057サクラリゲル　　　　　　　　　　　　 29.6  6.7 -4.7 -9.0 -4.4  1  0.0                           
102426060621106879ゴールドジャンパー　　　　　　　　　  3.9  1.6 13.2 15.0  9.3 14 13.8                           
102426060721106809コスモララバイ　　　　　　　　　　　  5.7  2.0 12.2 12.0  8.1 13 16.3                           
102426060821100744ファストチアフル　　　　　　　　　　101.5 20.7-11.9-11.8 -7.9 -3  0.0                           
102426060921103299シアター　　　　　　　　　　　　　　  6.0  2.0 11.9  9.0  7.1 12 12.3                           
102426061021105178ラムテリオス　　　　　　　　　　　　 26.9  6.1 -8.5-15.0 -7.6 -3  0.0                           
102426061121101460ワイドジャイキリ　　　　　　　　　　 25.1  5.7 -1.6  6.4  1.3  6  0.0                           
102426061221103437ライヴパトラッシュ　　　　　　　　　 48.4 10.5-10.4-13.8 -8.0 -3  0.0                           
102426061321103554リルフロスト　　　　　　　　　　　　 25.8  5.9-10.4-13.8 -8.0 -3  0.0                           
102426061421101491ミッキーイーグル　　　　　　　　　　 59.0 12.3-10.4-13.8 -8.0 -3  0.0                           
102426061521100015キラン　　　　　　　　　　　　　　　 63.9 13.3-10.4-13.8 -8.0 -3  0.0                           
102426061621102386セブンスリーローズ　　　　　　　　　 77.1 15.9-10.6-15.0 -8.4 -3  0.0                           
102426061721102680ラブリーメイク　　　　　　　　　　　 62.2 12.9-11.9-15.0 -8.9 -4  0.0                           
102426061821101654トーラスシャイン　　　　　　　　　　  9.4  2.8 10.0  9.0  6.4 11  0.0                           
102426070120105189ウインリュクス　　　　　　　　　　　 17.5  3.9  1.2-15.0 -4.1 16  0.0                           
102426070220104162ティータイム　　　　　　　　　　　　 20.9  4.5-11.9-15.0 -8.9 11  0.0                           
102426070320101056ハットリ　　　　　　　　　　　　　　 42.1  8.3 -8.0-15.0 -7.4 13  0.0                           
102426070417104727エルバルーチェ　　　　　　　　　　　  7.1  2.1  2.6 21.5  7.4 27  0.0                           
102426070520102785イゾレエオリア　　　　　　　　　　　  7.8  2.3  6.2 12.0  5.9 26  0.0                           
102426070619100221リニュー　　　　　　　　　　　　　　  3.1  1.4 20.8 24.4 14.9 35 13.8                           
102426070720102570ディアマイサン　　　　　　　　　　　 17.1  3.8 -7.1-15.0 -7.1 13  0.0                           
102426070818105814マケルナマサムネ　　　　　　　　　　 14.0  3.3  0.1 15.0  4.5 25 14.0                           
102426070918102163ギンノサジ　　　　　　　　　　　　　 22.7  4.8 -4.7 -3.8 -2.9 17  0.0                           
102426071020102941ラバタンシン　　　　　　　　　　　　  7.1  2.1  9.8  9.0  6.3 26 16.3                           
102426071119106226ブロンドケリー　　　　　　　　　　　 26.3  5.4-10.9-15.0 -8.5 12  0.0                           
102426071220102589リオンエトワール　　　　　　　　　　 33.7  6.8 -5.4-13.8 -6.1 14  0.0                           
102426071319100841テラフォーミング　　　　　　　　　　  3.9  1.6 16.4 15.0 10.5 31 15.0                           
102426080119101413ミユキザストロング　　　　　　　　　 12.0  3.0  3.8 10.8  4.6 25 20.0                           
102426080220100053プレイサーゴールド　　　　　　　　　  8.3  2.5  6.8 20.0  8.5 28  0.0                           
102426080318106561アルシオーネ　　　　　　　　　　　　  5.7  1.9 13.8  7.8  7.4 27 17.5                           
102426080419102777ヤマニンクイッカー　　　　　　　　　  3.4  1.5 14.6 18.4 10.9 31 13.8                           
102426080519106573ヒルノデプラーツ　　　　　　　　　　 20.2  4.6 -5.4-15.0 -6.5 14  0.0                           
102426080620103931ヴィクトリーロード　　　　　　　　　 26.6  5.7 -8.0-13.8 -7.1 13  0.0                           
102426080720104864タマモヴェナトル　　　　　　　　　　  4.5  1.6 12.4 15.0  9.0 29  0.0                           
102426080820102360クリノグローリー　　　　　　　　　　  4.0  1.6 17.1 27.9 14.6 35 10.5  4                        
102426080919104918フェニックスループ　　　　　　　　　 25.5  5.5 -8.4-15.0 -7.6 12  0.0                           
102426081020106472ボールドトップ　　　　　　　　　　　 33.4  7.0-12.3-13.8 -8.6 11  0.0                           
102426081120102771トリオンファーレ　　　　　　　　　　 16.3  3.8  0.9 -3.8 -0.8 19  0.0                           
102426090121105613アンジュグルーヴ　　　　　　　　　　  8.0  2.5  9.3 18.0  8.8 29  0.0                           
102426090221102380オーケーカルメン　　　　　　　　　　  9.3  2.8  2.1-15.0 -3.7 16  0.0                           
102426090321100376タケノシンセイ　　　　　　　　　　　 14.0  3.6  2.9 22.5  7.8 28  0.0                           
102426090421104424グラティアスミノル　　　　　　　　　  6.8  2.3  7.0 30.0 11.6 32 10.5                           
102426090521104770フォーディアライフ　　　　　　　　　 21.7  5.1 -5.8-15.0 -6.6 13  0.0                           
102426090621106191コパノマイアミ　　　　　　　　　　　 12.0  3.2 -2.7  9.0  1.7 22  0.0                           
102426090721103125コパノアントニオ　　　　　　　　　　 13.8  3.5 -4.6 -9.2 -4.4 16  0.0                           
102426090821103306コトホドサヨウニ　　　　　　　　　　  8.0  2.5  8.5-15.0 -1.4 19 16.3                           
102426090921101733クロドラバール　　　　　　　　　　　  8.4  2.6  1.0-15.0 -4.1 16 20.0                           
102426091021104876エートラックス　　　　　　　　　　　  3.0  1.5 16.1 11.5  9.4 29 13.8                           
102426091121104564ハクサンツキミテイ　　　　　　　　　 40.8  9.0-11.9-16.0 -9.2 11  0.0  0                        
102426091221106610バスタードサフラン　　　　　　　　　  8.4  2.6 10.6  9.0  6.6 27  0.0                           
102426100119104531バンフィエルド　　　　　　　　　　　 28.2  5.2-12.6-15.0 -9.1 11  0.0                           
102426100220102874シャドウソニック　　　　　　　　　　 11.6  2.6  1.3-15.0 -4.0 16  0.0                           
102426100319100913ポリクシニーズ　　　　　　　　　　　 18.1  3.6-10.9 -3.8 -5.1 15  0.0                           
102426100420103259ヴィンセドリス　　　　　　　　　　　  2.3  1.2 23.7 30.0 17.7 38 13.8                           
102426100518100681サンズオブタイム　　　　　　　　　　  6.7  1.9 12.8 18.8 10.3 30 17.5                           
102426100620106677スピーディブレイク　　　　　　　　　  4.3  1.5  9.8 13.9  7.8 28 10.5                           
102426100720103205フロムナウオン　　　　　　　　　　　  4.9  1.6 12.8 11.3  8.1 28 16.3                           
102426100820105746コスモバラタ　　　　　　　　　　　　  8.1  2.2  8.2 12.8  6.8 27  0.0                           
102426100919102611コスモダークナイト　　　　　　　　　 18.5  3.7 -2.3 12.0  2.8 23  0.0                           
102426110117103020ダンツイノーバ　　　　　　　　　　　 14.3  3.4 -1.4 -3.0 -1.4 34  0.0  5                        
102426110219101626ピンクマクフィー　　　　　　　　　　  4.5  1.7 12.7  9.0  7.4 42 15.0                           
102426110320101543グランテスト　　　　　　　　　　　　  3.0  1.4 20.2 12.0 11.0 46 13.8                           
102426110418106837テーオーメアリー　　　　　　　　　　 67.2 12.8-11.9 -9.2 -7.1 28  0.0                           
102426110518103205クムシラコ　　　　　　　　　　　　　 78.4 14.8-10.9-13.8 -8.1 27  0.0                           
102426110618106389メイショウツツジ　　　　　　　　　　 29.2  6.1 -8.4-15.0 -7.6 27  0.0                           
102426110719106184カフジテトラゴン　　　　　　　　　　  7.8  2.3  1.8 22.5  7.4 42  0.0                           
102426110820110114スリーアイランド　　　　　　　　　　 12.7  3.1 13.6 23.6 12.1 47 20.0  3                        
102426110917102603テイエムイダテン　　　　　　　　　　 93.9 17.6-11.9 -4.8 -5.8 29  0.0                           
102426111018104160ニホンピロタイズ　　　　　　　　　　 41.6  8.4-12.3-15.0 -9.0 26  0.0                           
102426111120101262エコロレジーナ　　　　　　　　　　　 24.1  5.1-10.4-13.8 -8.0 27  0.0                           
102426111218103296サニーオーシャン　　　　　　　　　　 27.4  5.7-10.4-13.8 -8.0 27  0.0                           
102426111320100105エイシンフェンサー　　　　　　　　　 22.2  4.8 -7.8-15.0 -7.4 28  0.0                           
102426111417104138グランレイ　　　　　　　　　　　　　 20.4  4.5 -2.4  9.0  1.8 37  0.0                           
102426111518102649タツリュウオー　　　　　　　　　　　 29.7  6.2  0.7 -9.0 -2.4 33  0.0                           
102426111620101503カンチェンジュンガ　　　　　　　　　 11.5  2.8  5.2-15.0 -2.6 32 13.1                           
102426111718102491メイショウエニシア　　　　　　　　　  8.9  2.5 12.9-18.4 -0.8 34  0.0                           
102426120119102559クインズステラ　　　　　　　　　　　 19.5  4.2 -5.2 -3.8 -3.0 17  0.0                           
102426120220106751セイレジーナ　　　　　　　　　　　　 28.3  5.7-10.4-13.8 -8.0 12  0.0                           
102426120319101635サトノリーベ　　　　　　　　　　　　  6.5  2.0  6.2 -9.0 -0.4 20  0.0                           
102426120419103742ムガ　　　　　　　　　　　　　　　　 26.1  5.3 -9.7-15.0 -8.1 12  0.0                           
102426120519101645ユイ　　　　　　　　　　　　　　　　  7.4  2.2  8.4 15.0  7.6 28 18.8                           
102426120620102542イッツオンリーユー　　　　　　　　　  3.3  1.4 21.2 24.4 15.1 35 13.8                           
102426120720105615マスキュリン　　　　　　　　　　　　  3.9  1.5 14.5 18.0 10.7 31 16.3                           
102426120820105150モンサンメリッサ　　　　　　　　　　 13.6  3.1  4.9  9.0  4.5 24  0.0                           
102426120920102232コウセイマリア　　　　　　　　　　　 30.7  6.1-12.3  2.0 -3.9 16  0.0                           
102426121020103441フラッシングレート　　　　　　　　　  3.5  1.4 16.7 30.4 15.2 35 10.5                           
