062547010123106829ベアサナエチャン　　　　　　　　　　 10.8  2.1 10.8 25.8 12.7 18 20.2                           
062547010223100895トンガリボウシ　　　　　　　　　　　 25.4  4.1 -1.6 -1.9 -1.2  4  0.0                           
062547010323104052ルサフィール　　　　　　　　　　　　 55.8  7.9 -5.7  9.7  1.8  7  0.0                           
062547010423103073カゼノハゴロモ　　　　　　　　　　　 73.1 10.2-10.3-10.0 -6.8 -2  0.0                           
062547010523105820ルーチェフィオーレ　　　　　　　　　  3.0  1.3 19.8 17.5 12.4 17  8.6                           
062547010623106493ミセスジョーンズ　　　　　　　　　　 13.6  2.5  6.0  7.2  4.4  9 11.6                           
062547010723100044ミスエベレスト　　　　　　　　　　　 37.2  5.7 -4.9 -2.0 -2.2  3  0.0                           
062547010823104232タヤスロレンヌ　　　　　　　　　　　 32.6  5.0  1.9-13.5 -4.4  1  0.0                           
062547010923102401ジャメビュ　　　　　　　　　　　　　 91.0 12.5-11.7 -2.6 -4.5  1  0.0                           
062547011023100374サクライズ　　　　　　　　　　　　　 69.5  9.7-12.1-12.1 -8.1 -3  0.0                           
062547011123107353コズミックボックス　　　　　　　　　  2.2  1.2 20.6 30.2 17.3 22 15.9                           
062547011223102103リケアラザニア　　　　　　　　　　　 84.0 11.6 -9.3-10.0 -6.5 -1  0.0                           
062547011323104971クインズツバキ　　　　　　　　　　　 76.3 10.6-12.1-12.7 -8.3 -3  0.0                           
062547011423102122ハングローズ　　　　　　　　　　　　 11.6  2.2  2.9 15.3  6.5 11  0.0                           
062547011523103694レヴェランジェ　　　　　　　　　　　 10.6  2.1  3.0  6.0  3.1  8  0.0                           
062547011623102155フィオーレグリーン　　　　　　　　　 60.0  8.5 -7.1-10.0 -5.8 -1  0.0                           
062547020123106601メイポール　　　　　　　　　　　　　100.2 19.6-11.7-11.3 -7.7 -3  0.0                           
062547020223101471カンタベリービーム　　　　　　　　　 96.5 18.9-11.7 -9.9 -7.1 -2  0.0                           
062547020323102819マーシャルアン　　　　　　　　　　　 22.8  5.1 -1.9  5.4  1.4  6  0.0                           
062547020423100792イーリスアスター　　　　　　　　　　  6.3  2.0  9.5  9.1  6.2 11 10.1                           
062547020523105542トモエナゲ　　　　　　　　　　　　　152.8 29.6-12.1-10.0 -7.3 -2  0.0                           
062547020623104074エクスプレスナイト　　　　　　　　　 30.0  6.5 -1.3  8.0  2.5  8  0.0                           
062547020723102342コンフィアンサ　　　　　　　　　　　  9.0  2.7  8.6  7.4  5.3 10 11.5                           
062547020823101676ファンシーフリル　　　　　　　　　　  4.3  1.6 13.7  6.9  6.6 12 17.3                           
062547020923105713ホーリーデイ　　　　　　　　　　　　 66.9 13.3-12.1-12.2 -8.1 -3  0.0  0                        
062547021023100888セントリアン　　　　　　　　　　　　 51.9 10.7 -6.5  6.8  0.5  6  0.0                           
062547021123106258ニシノランペイジ　　　　　　　　　　 24.9  5.5 -9.3  5.1 -0.9  4  0.0                           
062547021223102803ケイベエ　　　　　　　　　　　　　　  8.5  2.5 -1.2  7.7  2.5  7 10.9                           
062547021323105932リバテイー　　　　　　　　　　　　　  5.0  1.8 14.8 10.6  8.3 13  0.0                           
062547021423100723ハナムラサキ　　　　　　　　　　　　 31.6  6.8-12.1 -5.9 -5.8 -1  0.0                           
062547021523105751ラウンドヒル　　　　　　　　　　　　  3.5  1.5 17.4 21.2 13.0 18  7.9                           
062547021623109039カイトヴァイター　　　　　　　　　　 19.5  4.5  7.0 11.3  6.2 11  0.0                           
062547030123102426スチールナイト　　　　　　　　　　　 23.5  3.1 -4.6  3.6 -0.1  5  0.0                           
062547030223104303リアライズリバティ　　　　　　　　　 16.6  2.4 -0.6  6.0  2.0  7  0.0                           
062547030323107377パントルナイーフ　　　　　　　　　　  1.8  1.2 23.8 26.4 16.8 22 15.9  2                        
062547030423100940ラストスマイル　　　　　　　　　　　 25.1  3.3 -6.5  9.6  1.6  7  0.0                           
062547030523106474マイネルゼーロス　　　　　　　　　　  8.6  1.7 10.6  5.4  5.2 10  9.4                           
062547030623103917タイセイアストロ　　　　　　　　　　  2.9  1.2 17.1 15.0 10.6 16 17.3                           
062547030723105940ラシッド　　　　　　　　　　　　　　 51.7  6.1 -9.9  7.7 -0.1  5  0.0                           
062547030823105536エイシンイクサボシ　　　　　　　　　 15.0  2.3  8.5  8.2  5.6 11  0.0  5                        
062547030923107439リケアリングイネ　　　　　　　　　　 25.1  3.3-15.0-12.7 -9.2 -4  0.0                           
062547031023105779カシノスパーク　　　　　　　　　　　 18.3  2.6 -1.1 16.5  5.7 11 11.6                           
062547040123100091カワキタスズリノ　　　　　　　　　　 37.6  7.5 -6.3  9.9  1.7  2  0.0                           
062547040223100941クイーンズホリデー　　　　　　　　　  5.8  1.9  8.5  0.0  2.5  3  9.4                           
062547040323107162サンラザール　　　　　　　　　　　　  3.1  1.4 19.5 20.0 13.2 13 15.9                           
062547040423107237アンディラメナ　　　　　　　　　　　  6.5  2.0  5.6  8.6  4.8  5  0.0                           
062547040523102621チッタデラモーレ　　　　　　　　　　 26.4  5.5 -5.3 -9.8 -5.2 -5  0.0                           
062547040623105452アーティラリー　　　　　　　　　　　 50.2  9.8 -9.3 -8.5 -5.9 -6  0.0                           
062547040723105506エイシンジザイテン　　　　　　　　　 25.0  5.2 -4.3  9.0  2.0  2  0.0  5                        
062547040823105963ナリノシャーウッド　　　　　　　　　 17.7  3.9  5.1 -2.5  0.6  1 12.3                           
062547040923103216アンバサダネージュ　　　　　　　　　 45.0  8.8 -4.9  5.2  0.4  0  0.0                           
062547041023101107ブルーサーマル　　　　　　　　　　　159.4 28.8-10.3 -9.9 -6.7 -7  0.0                           
062547041123101301クアッドフォルツァ　　　　　　　　　 63.1 11.8 -9.9 -9.8 -6.6 -7  0.0                           
062547041223110070ブームバップビート　　　　　　　　　  4.0  1.6 14.4 27.5 14.4 14  8.6                           
062547041323106749アトラステソーロ　　　　　　　　　　  8.8  2.5  7.6  8.0  5.2  5  0.0                           
062547041423102162ミラクルカイザー　　　　　　　　　　107.9 19.7-12.1-11.3 -7.8 -8  0.0                           
062547041523100729ヘルメスギャング　　　　　　　　　　 51.6 10.0-12.1 -8.4 -6.7 -7  0.0                           
062547041623100433サンデーパーティー　　　　　　　　　 11.6  2.8  5.7  5.4  3.7  4 11.6                           
062547050123106079ノリマル　　　　　　　　　　　　　　 13.3  2.7  8.3 -7.6 -0.3  0  0.0                           
062547050223106981ウィロークリーク　　　　　　　　　　  5.2  1.5 10.2 22.7 11.4 11 18.8                           
062547050323101749ヴァリスクブレイズ　　　　　　　　　 26.1  4.5 -4.4 -9.1 -4.7 -5  0.0                           
062547050423103801トップデュオ　　　　　　　　　　　　  7.1  1.9  9.5 12.3  7.4  7  0.0                           
062547050523106151ラスタリア　　　　　　　　　　　　　 31.9  5.4 -7.1-13.5 -7.1 -7  0.0                           
062547050623110019ラッキースウィッチ　　　　　　　　　 11.5  2.4  8.3  9.0  5.8  6  0.0                           
062547050723104443フロレセール　　　　　　　　　　　　  2.4  1.2 19.9 17.5 12.4 12 15.9                           
062547050823106416ゼータレティクル　　　　　　　　　　 23.2  4.1 -4.7-10.0 -5.1 -5  0.0                           
062547050923107317シーギリヤロック　　　　　　　　　　  3.3  1.3 21.3 26.0 15.9 16 17.3                           
062547051023102333ゴールドエンバー　　　　　　　　　　 46.9  7.6-10.3-10.0 -6.8 -7  0.0                           
062547060122106677カガバベル　　　　　　　　　　　　　 20.9  4.1 -6.6  5.3  0.0 20  0.0                           
062547060221101385レリッシュ　　　　　　　　　　　　　133.6 21.5-10.3-16.5 -9.1 11  0.0                           
062547060319105420シウン　　　　　　　　　　　　　　　 89.5 14.6-15.0 -9.7 -8.1 12  0.0                           
062547060422107167リュキア　　　　　　　　　　　　　　  4.7  1.6 16.9 15.8 10.9 31 17.3  3                        
062547060521102639ペイシャスウィフト　　　　　　　　　 26.1  4.8 -0.6  4.8  1.6 22  0.0                           
062547060621103595ビーコング　　　　　　　　　　　　　 11.7  2.6  5.4  9.0  4.9 25  0.0                           
062547060721103918アツキヤマト　　　　　　　　　　　　 11.6  2.5 -4.5  5.0  0.5 20 10.8                           
062547060817104266カップッチョ　　　　　　　　　　　　 65.7 10.9-15.0-13.8 -9.6 10  0.0  0                        
062547060920101265オコジュ　　　　　　　　　　　　　　 35.4  6.3-15.0  1.0 -4.1 16  0.0                           
062547061021106119タイセイピューマ　　　　　　　　　　  8.8  2.3 12.5  7.6  6.5 27  0.0                           
062547061120103670ショウナンハクウン　　　　　　　　　 11.4  2.5  6.3  3.5  3.2 23 10.1                           
062547061219101340ブルーデイジー　　　　　　　　　　　 90.1 14.7-11.7-17.3 -9.9 10  0.0                           
062547061322104637ホウオウブースター　　　　　　　　　 13.2  2.8  5.4  8.2  4.6 25  0.0                           
062547061422105158チャロ　　　　　　　　　　　　　　　  2.2  1.3 22.6 24.2 15.7 36 15.9                           
062547061521101015スーパーバイザー　　　　　　　　　　 30.1  5.5-11.7-14.6 -8.9 11  0.0  0                        
062547061621100475ボエーム　　　　　　　　　　　　　　 48.0  8.3-11.7  5.5 -1.5 19  0.0                           
062547070122100526コスモコンフェルマ　　　　　　　　　  8.3  2.3 11.1  9.0  6.6 27 10.1                           
062547070222100621ロードフロリゼル　　　　　　　　　　 11.3  2.6  9.4  8.0  5.8 26  0.0                           
062547070321106070ブリスフル　　　　　　　　　　　　　 73.4 12.8-10.3-11.3 -7.2 13  0.0                           
062547070421103342カルフ　　　　　　　　　　　　　　　 97.7 16.8-14.3 -9.1 -7.6 12  0.0                           
062547070522105130スターエンブレム　　　　　　　　　　 10.8  2.5  9.5  6.0  5.1 25 10.8                           
062547070620104951ブルーゴールド　　　　　　　　　　　 34.7  6.5 -1.8  6.0  1.7 22  0.0                           
062547070721100730コスモフレディ　　　　　　　　　　　 13.0  2.9 -3.3  5.9  1.2 21  0.0                           
062547070822104062カージオイド　　　　　　　　　　　　 14.2  3.1  3.7  9.7  4.7 25  0.0                           
062547070919102376オリ　　　　　　　　　　　　　　　　 72.7 12.6-11.7-11.9 -7.9 12  0.0                           
062547071022100394メリークリスマス　　　　　　　　　　  4.2  1.6 11.2 17.5  9.8 30 17.3                           
062547071121106057タニセンドリーム　　　　　　　　　　  7.9  2.2 11.4 11.0  7.5 27  0.0                           
062547071221105074モヴレクス　　　　　　　　　　　　　 38.8  7.2-11.7-13.1 -8.3 12  0.0                           
062547071320105271ファーレンジョー　　　　　　　　　　 72.3 12.6 -8.7 -3.5 -3.9 16  0.0                           
062547071419105755グロリアスヒーロー　　　　　　　　　 82.9 14.3-11.7-13.3 -8.4 12  0.0                           
062547071521103487ホウオウラムセス　　　　　　　　　　 56.7 10.0-12.1 -1.9 -4.3 16  0.0                           
062547071622105276リザードアイランド　　　　　　　　　  2.5  1.3 21.8 20.5 14.1 34 15.9                           
062547080120103530イコノスタシス　　　　　　　　　　　 20.2  4.4 -8.9-10.7 -6.6 13  0.0                           
062547080220103121ダノンゴーイチ　　　　　　　　　　　 32.3  6.6  5.7 -9.4 -1.7 18  0.0  0                        
062547080322105996ルシェロアズーリ　　　　　　　　　　 18.4  4.1  2.1  2.4  1.5 22 11.6                           
062547080420100084レッドカメリア　　　　　　　　　　　 11.2  2.7  4.5  1.5  1.9 22  0.0                           
062547080522104874ホウオウガイア　　　　　　　　　　　 20.2  4.4 -4.6 -2.9 -2.4 18  0.0                           
062547080621100454アストラッド　　　　　　　　　　　　 41.5  8.2 -5.7 -0.8 -2.0 18  0.0                           
062547080721105057オンザヴィーナス　　　　　　　　　　 30.7  6.3-10.3  5.4 -1.1 19  0.0                           
062547080822105269ナリノエンブレム　　　　　　　　　　 43.4  8.6-11.7-14.3 -8.8 11  0.0                           
062547080922102153ダガーリング　　　　　　　　　　　　 26.7  5.5 -8.7  3.6 -1.3 19 14.4                           
062547081021100248セイウンデセオ　　　　　　　　　　　  3.9  1.6 15.6 15.0 10.2 30  8.6                           
062547081120103885クリノゴッホ　　　　　　　　　　　　 25.1  5.3 -4.4-13.5 -6.3 14  0.0                           
062547081222101402キャナルクルーズ　　　　　　　　　　  3.1  1.4 19.1 19.4 12.8 33  7.9                           
062547081322105623タマカヅラ　　　　　　　　　　　　　  6.6  2.0 13.4 21.3 11.8 32 10.1  2                        
062547081421106178シュシュトディエス　　　　　　　　　148.6 27.1-11.7 -9.9 -7.1 13  0.0                           
062547081522106818マイネルステラート　　　　　　　　　  5.8  1.9 11.4 13.3  8.3 28  9.4                           
062547081622109125ムゾラシカ　　　　　　　　　　　　　 76.7 14.3-12.1-10.0 -7.3 13  0.0                           
062547090121102106ツルマウカタチ　　　　　　　　　　　 12.7  2.3  4.2  9.1  4.6 35 10.8                           
062547090221103000ヴァルドルチャ　　　　　　　　　　　 14.7  2.6 -0.9 -2.6 -1.2 29  0.0                           
062547090322104594ヒシアマン　　　　　　　　　　　　　  2.0  1.2 22.8 25.8 16.3 46 15.9  1  130   71              
062547090420106415ロゼル　　　　　　　　　　　　　　　 31.8  4.7 -9.3 -9.1 -6.1 24  0.0                           
062547090521103799ケイケイ　　　　　　　　　　　　　　 16.7  2.8  4.4 15.5  7.0 37  0.0                           
062547090621105564カズミクラーシュ　　　　　　　　　　  8.0  1.8  6.0  3.1  2.9 33 10.1                           
062547090721107220グレイトクラウン　　　　　　　　　　 36.1  5.2-10.3 -8.5 -6.2 24  0.0                           
062547090820101772メタルスピード　　　　　　　　　　　  6.6  1.6 14.7 20.2 11.8 42  0.0  1  206   35              
062547090922104942シルバーレイン　　　　　　　　　　　  3.3  1.3 16.2 15.4 10.5 41 17.3C                          
062547100121101253クラウンシエンタ　　　　　　　　　　  8.3  2.3  7.6 11.8  6.6 42  0.0                           
062547100220102703リバートゥルー　　　　　　　　　　　 18.1  3.8  8.0 -0.5  2.2 37  0.0                           
062547100320105533タガノチョコラータ　　　　　　　　　 80.6 14.1 -9.9-10.1 -6.7 28  0.0                           
062547100420102315ヨリノサファイヤ　　　　　　　　　　 52.0  9.5-12.1  6.0 -1.4 34  0.0                           
062547100521110061ソレルビュレット　　　　　　　　　　 17.6  3.7 -4.5  9.0  2.0 37 11.6                           
062547100620101143イージーオンミー　　　　　　　　　　 34.9  6.6 -7.3-15.1 -7.7 27  0.0                           
062547100718106154エスコバル　　　　　　　　　　　　　 25.0  4.9 -5.6  3.6 -0.4 35 13.0                           
062547100821105642ブレスワード　　　　　　　　　　　　  6.2  1.9  9.3 15.1  8.3 43  0.0                           
062547100920100053プレイサーゴールド　　　　　　　　　 60.7 10.8-12.9-10.1 -7.6 27  0.0                           
062547101019102648エスティメート　　　　　　　　　　　 82.9 14.4-12.1 -9.1 -7.0 28  0.0                           
062547101119103036ロードマゼラン　　　　　　　　　　　 37.9  7.1-12.9-10.1 -7.6 27  0.0                           
062547101220105639ハギノサステナブル　　　　　　　　　  4.2  1.6 17.9 29.1 16.0 51  8.7  1  138   53              
062547101320102862レシプロシティ　　　　　　　　　　　 26.5  5.2 -6.6 -2.5 -2.9 32  0.0                           
062547101419101875プラウドヘリテージ　　　　　　　　　 28.9  5.6 -0.6-15.0 -5.7 29  0.0  0                        
062547101522104983イムホテプ　　　　　　　　　　　　　  2.6  1.3 23.2 17.1 13.2 48 15.9C                          
062547101621106874ゴールドアローン　　　　　　　　　　  9.1  2.4 11.3  9.0  6.7 42 10.8                           
062547110121106787コスモキュランダ　　　　　　　　　　 11.6  2.8 11.3  9.0  6.7 62 11.6                           
062547110220105633リビアングラス　　　　　　　　　　　 16.2  3.6  4.4 -5.5 -0.7 54  0.0                           
062547110317105074クロミナンス　　　　　　　　　　　　  8.9  2.5  8.9  6.2  4.9 60  0.0                           
062547110421105898レガレイラ　　　　　　　　　　　　　  4.0  1.5 19.4 20.3 13.3 68  8.6  1  113   77              
062547110521104855ホーエリート　　　　　　　　　　　　  4.5  1.6 12.4 16.7  9.8 65  0.0                           
062547110621104882シュバルツクーゲル　　　　　　　　　 25.5  5.2-12.1-15.2 -9.2 46  0.0  0                        
062547110718105012ヨーホーレイク　　　　　　　　　　　  7.1  2.1 13.6 21.2 11.9 67 20.6                           
062547110819103823リカンカブール　　　　　　　　　　　 33.2  6.6 -9.8-17.0 -9.2 46  0.0                           
062547110919105556ドゥラドーレス　　　　　　　　　　　  3.0  1.4 15.6 10.5  8.5 64 15.9                           
062547111020105795フェアエールング　　　　　　　　　　 14.7  3.3  4.5 -0.8  1.1 56  0.0                           
062547111118101660ワイドエンペラー　　　　　　　　　　 60.4 11.3-11.7-12.7 -8.2 47  0.0  0                        
062547120121105789サツキノジョウ　　　　　　　　　　　 26.1  5.5 -8.5  5.1 -0.7 29  0.0                           
062547120221105516イゾラフェリーチェ　　　　　　　　　  8.0  2.4  9.6  6.5  5.3 35  0.0  4                        
062547120321103480ミレニアムヒロイン　　　　　　　　　 83.1 15.7-10.3 -9.9 -6.7 23  0.0                           
062547120421105085ゴヴェルナーレリコ　　　　　　　　　 39.2  8.0  0.1  6.0  2.2 32  0.0                           
062547120522105787コンアフェット　　　　　　　　　　　 12.0  2.9 10.1 20.0 10.4 40 11.6  1  206   35              
062547120621103939スマートプレシャス　　　　　　　　　 49.7  9.9 -8.7 -8.1 -5.6 24  0.0                           
062547120722102123モズカトレア　　　　　　　　　　　　  3.6  1.5 20.1 11.7 10.3 40 17.3                           
062547120821100005アパイシュナール　　　　　　　　　　 28.3  5.9 -9.3 -1.6 -3.4 27  0.0                           
062547120922104687ラヴァブル　　　　　　　　　　　　　 27.2  5.7  2.7 -6.1 -1.4 29  0.0                           
062547121020103246ウィンターダフネ　　　　　　　　　　 48.8  9.8-12.1-11.4 -7.8 22  0.0  0                        
062547121122103355エイシンナデシコ　　　　　　　　　　 28.0  5.9 -9.6-15.0 -8.4 22  0.0  0                        
062547121222104917エターナルプロミス　　　　　　　　　  3.5  1.5 12.0 17.4 10.0 40  7.9                           
062547121321102753サンセットブライト　　　　　　　　　 31.0  6.4-10.3 -8.9 -6.4 24  0.0                           
062547121421101219マフィン　　　　　　　　　　　　　　 86.6 16.3 -8.0 -9.1 -5.7 24  0.0                           
062547121522101457アンドリーナ　　　　　　　　　　　　  7.3  2.2 11.3  9.4  6.8 37  0.0                           
062547121620102607ロフティーイデアル　　　　　　　　　  5.4  1.8  6.7  9.0  5.3 35 18.8                           
092547010122101461セイフウサツキ　　　　　　　　　　　 11.0  2.4  0.5 -4.3 -1.1 -1  0.0                           
092547010220104479トゥルース　　　　　　　　　　　　　 18.4  3.5 -4.7  3.1 -0.8 -1  0.0                           
092547010319104116コパノニコルソン　　　　　　　　　　  5.5  1.6 15.0 10.9  8.8  9 19.1                           
092547010421102482ゴールデンスロープ　　　　　　　　　  2.1  1.2 21.7 18.1 13.4 13 16.2                           
092547010520106691シンドバッド　　　　　　　　　　　　 20.6  3.9 -7.8-10.8 -6.1 -6  0.0                           
092547010621102654リードアクトレス　　　　　　　　　　  4.8  1.5 12.4 30.0 13.5 14  0.0  2                        
092547010721104649エブリモーメント　　　　　　　　　　  8.6  2.2  3.3 -0.7  1.0  1 22.1  4                        
092547010819103208オステリア　　　　　　　　　　　　　  5.5  1.6 12.5 20.9 10.9 11 14.4                           
092547020123103532シーミハットク　　　　　　　　　　　 37.0  6.7 -8.8-11.1 -6.6 -2  0.0                           
092547020223104325パンサーズ　　　　　　　　　　　　　 24.7  4.7  2.1 -4.0 -0.4  5  0.0                           
092547020323104192クライナリーゼ　　　　　　　　　　　 40.8  7.3 -6.6 -6.4 -4.3  1  0.0  0                        
092547020423106188ビッグヒーロー　　　　　　　　　　　  3.8  1.4 16.1 12.5  9.7 15 17.7                           
092547020523106169セイカンサンラン　　　　　　　　　　 58.0  9.9-11.8-11.6 -7.8 -3  0.0                           
092547020623106931パトローナス　　　　　　　　　　　　 16.4  3.4  2.9 -9.7 -1.8  3 16.5                           
092547020723105084コルテオソレイユ　　　　　　　　　　 11.6  2.6 -4.5  1.2 -1.3  4  0.0                           
092547020823104960アスミル　　　　　　　　　　　　　　 18.7  3.8  2.1  6.2  2.6  8  0.0                           
092547020923100281クールドリオン　　　　　　　　　　　  7.3  2.0 14.3 24.4 12.6 18  0.0                           
092547021023109040メイショウメゴヒメ　　　　　　　　　 38.1  6.9-11.8-15.1 -8.9 -4  0.0                           
092547021123105253リアンマカ　　　　　　　　　　　　　 41.2  7.4-11.3-10.2 -7.2 -2  0.0                           
092547021223107113アルヴァンドルード　　　　　　　　　  2.5  1.3 21.1 22.0 14.3 19 16.2                           
092547021323103160メイクワンズデイ　　　　　　　　　　  5.1  1.6 13.6 17.3 10.2 15 19.1                           
092547030123101572グランワールド　　　　　　　　　　　  6.7  1.7 12.3  8.6  7.1 12  0.0                           
092547030223102089バンブトンコール　　　　　　　　　　 19.6  3.5 -5.8 -1.2 -2.5  3  0.0                           
092547030323103432ブルースプレイヤー　　　　　　　　　 26.8  4.5-11.3 -9.7 -7.1 -2  0.0                           
092547030423105272ショコラプリン　　　　　　　　　　　  2.8  1.3 18.7 17.3 12.0 17 17.7                           
092547030523105762ケイアイアマゾン　　　　　　　　　　 15.9  3.0  3.4  4.1  2.5  7  0.0                           
092547030623106001スマートコーラル　　　　　　　　　　 22.1  3.8 -1.3-13.3 -4.5  1  0.0                           
092547030723104733タガノアバンドーネ　　　　　　　　　 13.7  2.6 12.7 30.1 13.7 19 22.1                           
092547030823103677ヴィエントデコラ　　　　　　　　　　  9.1  2.1  9.6 13.7  7.6 13 14.4                           
092547030923104040ココラッシー　　　　　　　　　　　　 18.2  3.3 -6.9 -1.5 -3.0  2  0.0                           
092547031023101374レッドファイブ　　　　　　　　　　　 55.6  8.3-11.3-12.5 -7.9 -3  0.0                           
092547031123107050ワンダフルデイズ　　　　　　　　　　  2.6  1.2 20.7 24.3 14.9 20 16.2  3                        
092547040123102778ハイラブレジェンド　　　　　　　　　 34.0  6.2-11.3-10.9 -7.4 -2  0.0                           
092547040223105742モズガネシア　　　　　　　　　　　　 25.5  4.8  2.0  4.9  2.2  7  0.0                           
092547040323100213イルカンダ　　　　　　　　　　　　　 30.5  5.6-12.2  4.6 -3.1  2  0.0                           
092547040423104454ツーエムボヌール　　　　　　　　　　 38.9  7.0 -8.1-10.3 -6.1 -1  0.0                           
092547040523105468アーサーバローズ　　　　　　　　　　 11.4  2.6  8.2  9.1  5.7 11  0.0                           
092547040623103042グリッタードール　　　　　　　　　　 36.6  6.6 -8.7-15.1 -7.7 -3  0.0                           
092547040723105116ジュディーイメル　　　　　　　　　　 11.8  2.6  4.4  4.8  3.1  8 22.1                           
092547040823104044モンサンゴールデン　　　　　　　　　  3.6  1.4 17.1 18.4 11.8 17 12.4                           
092547040923103900オーケートムボーイ　　　　　　　　　 43.9  7.8-11.3-10.9 -7.4 -2  0.0                           
092547041023101452スマートジュリアス　　　　　　　　　  2.6  1.3 16.9 16.1 11.0 16 16.2                           
092547041123106989キンダープンシュ　　　　　　　　　　  4.3  1.5 15.3 14.4  9.9 15 19.1                           
092547041223106359ワイドアルバ　　　　　　　　　　　　 14.8  3.1  5.4  4.8  3.4  8  0.0                           
092547041323103848トーアウィリアム　　　　　　　　　　 28.2  5.3 -4.5-16.8 -6.7 -2  0.0  0                        
092547050123100967バークシャーシチー　　　　　　　　　 22.7  4.8-11.3-16.8 -9.2 -9  0.0  0                        
092547050223104395レッドホット　　　　　　　　　　　　  4.8  1.7 13.9 12.0  8.7  9 20.6                           
092547050323103586ストラドーネ　　　　　　　　　　　　 11.7  2.8 -3.9 -4.4 -2.8 -3  0.0                           
092547050423106872イルミナジーティー　　　　　　　　　  6.9  2.1 13.7 14.3  9.3  9 22.1                           
092547050523102310パンキー　　　　　　　　　　　　　　 24.1  5.1  1.8 -4.8 -0.8 -1  0.0                           
092547050623107094コスモフィレンツェ　　　　　　　　　  2.9  1.4 17.2 32.5 16.1 16 16.2  1  168   50              
092547050723107197クランズクラウン　　　　　　　　　　  4.5  1.6  9.7 17.9  8.9  9  0.0  4                        
092547050823101713イサギ　　　　　　　　　　　　　　　  4.6  1.6 10.8  4.1  5.2  5 13.4                           
092547050923101666ウォーターコトノハ　　　　　　　　　 16.2  3.7  1.2-14.8 -4.0 -4  0.0                           
092547060123105005ブランドブラン　　　　　　　　　　　  2.4  1.3 19.8 26.3 15.1 15 16.2  3                        
092547060223105291サリカリーフォリア　　　　　　　　　 11.7  2.6 -6.9 -4.1 -3.8 -4  0.0                           
092547060323105218アルファローバ　　　　　　　　　　　 15.7  3.3  2.7 -1.9  0.4  0  0.0                           
092547060423105835ユーアーフラワー　　　　　　　　　　 34.8  6.4-10.1-10.2 -6.8 -7  0.0                           
092547060523103899カフジエメンタール　　　　　　　　　  5.4  1.7 13.8 11.4  8.5  8 19.1                           
092547060623103764ゴディアンフィンチ　　　　　　　　　  4.5  1.6 14.6 13.6  9.4  9  0.0                           
092547060723103502ファントムヴォルト　　　　　　　　　 26.0  5.0-11.3 -6.0 -5.9 -6  0.0                           
092547060823102553ボクマダネムイヨ　　　　　　　　　　  6.3  1.9 10.4 11.3  7.2  7 15.4                           
092547060923103910ワイドバヴァール　　　　　　　　　　  6.1  1.8 13.1  2.1  5.4  5 20.6                           
092547070122105543フララナキラ　　　　　　　　　　　　  9.4  2.8 -0.2 -3.7 -1.2 19  0.0  0                        
092547070222105558ロケベンドラ　　　　　　　　　　　　  3.9  1.6 16.5 15.3 10.6 31 16.2                           
092547070320104491ファームツエンティ　　　　　　　　　  5.0  1.8 10.7 20.7 10.1 30 19.1  4                        
092547070421104755ルミエールドゥース　　　　　　　　　 34.2  7.4 -8.9 -4.8 -4.7 15  0.0                           
092547070522104638アラベラ　　　　　　　　　　　　　　  5.1  1.8 11.0 16.1  8.9 29 20.6  4                        
092547070621101430プロスペクト　　　　　　　　　　　　 28.7  6.3 -9.7-10.2 -6.6 13  0.0                           
092547070722104717ダノンジャガー　　　　　　　　　　　 29.5  6.5 -2.1 -4.0 -2.0 18  0.0                           
092547070820103910レジェンドシップ　　　　　　　　　　 16.3  3.9  0.3 -2.2 -0.6 19  0.0                           
092547070921102919ワイドモヒート　　　　　　　　　　　 16.9  4.1 -5.1-12.7 -5.7 14  0.0  0                        
092547071022105422フォーキャンドルズ　　　　　　　　　 19.0  4.5 -2.2  6.2  1.1 21  0.0                           
092547071122100094スワローサプライズ　　　　　　　　　 37.8  8.1-12.2-14.7 -8.9 11  0.0  0                        
092547071222100655レーヌマロン　　　　　　　　　　　　 18.2  4.3  1.4  4.9  2.0 22  0.0                           
092547071321104948キーパフォーマー　　　　　　　　　　  4.0  1.6 16.9 15.3 10.8 31 12.4                           
092547080122100439ハギノコラソン　　　　　　　　　　　  2.1  1.2 23.0 22.3 15.1 35 16.2                           
092547080222106995アイスリーディング　　　　　　　　　 34.0  5.2-11.2 -6.8 -6.1 14  0.0                           
092547080321100450ラブアンドラッキー　　　　　　　　　 55.8  7.9-11.3-10.3 -7.2 13  0.0                           
092547080422105954コンテナライン　　　　　　　　　　　 27.0  4.3 -4.5  0.8 -1.4 19  0.0                           
092547080521106621ハイウェイスター　　　　　　　　　　  3.2  1.3 16.5 17.2 11.2 31 17.7                           
092547080621105394ヒヒーン　　　　　　　　　　　　　　  8.1  1.9 11.5  8.6  6.8 27 13.4                           
092547080721105238アリストクラシア　　　　　　　　　　 13.9  2.5  7.7 17.3  8.0 28  0.0  5                        
092547080822102906オリジナルファイン　　　　　　　　　  8.3  1.9 13.2 10.0  7.8 28 20.6                           
092547080922104292フクキタテーラー　　　　　　　　　　 19.6  3.3  0.6  4.1  1.5 21  0.0                           
092547081020101920メラヴィリオーザ　　　　　　　　　　 44.6  6.6-10.1 -7.5 -6.0 14  0.0                           
092547081122103463サラサラヘアー　　　　　　　　　　　 44.6  6.6-12.2-10.2 -7.5 12  0.0                           
092547081221101391ブラックドレス　　　　　　　　　　　 22.6  3.7 -2.2  6.0  1.0 21  0.0                           
092547081322100217アルマヴィーナス　　　　　　　　　　 43.0  6.4-11.2-10.8 -7.3 13  0.0                           
092547090121101461カツラノキサノキ　　　　　　　　　　 30.1  4.8-11.3-12.2 -7.8 22  0.0                           
092547090220103448スマートジェイナ　　　　　　　　　　 15.8  2.9 -0.6  3.0  0.7 31 16.5                           
092547090320101217アスクドリームモア　　　　　　　　　 13.7  2.6 -3.9  4.1 -0.2 30  0.0                           
092547090420100897ルソレイユ　　　　　　　　　　　　　 28.9  4.6 -4.4 -2.7 -2.4 28  0.0  0                        
092547090521106854ハピアーザンエバー　　　　　　　　　 20.4  3.5 -1.7  6.9  1.4 31  0.0                           
092547090620103509ドナウパール　　　　　　　　　　　　  5.9  1.6 16.9 10.0  9.2 39  0.0                           
092547090721105711ズバットマサムネ　　　　　　　　　　 37.9  5.9-12.2-10.2 -7.5 22  0.0                           
092547090821105358アスティスプマンテ　　　　　　　　　  2.7  1.2 19.0 17.8 12.3 42 17.7                           
092547090921106661ヒーローインチーフ　　　　　　　　　  7.2  1.8 11.7 18.4  9.8 40 20.6                           
092547091022105435ボンヌソワレ　　　　　　　　　　　　  2.5  1.2 19.3 16.8 12.1 42 16.2                           
092547100120100593ヴォランテ　　　　　　　　　　　　　  8.6  2.2 10.5 17.2  9.0 44  0.0                           
092547100221100789ハニーコム　　　　　　　　　　　　　  4.4  1.5 10.7 11.0  7.2 42 19.1                           
092547100320103713タイセイフェリーク　　　　　　　　　 19.8  3.9 -3.4-17.1 -6.4 29 18.5  0                        
092547100420103193シャンデルナゴル　　　　　　　　　　 25.9  4.9 -8.5-13.3 -7.1 28  0.0                           
092547100521110077シャイニングソード　　　　　　　　　  2.3  1.2 20.4 22.4 14.2 49 16.2                           
092547100620105642レミージュ　　　　　　　　　　　　　  7.8  2.1  2.4  2.5  1.6 37  0.0                           
092547100721105384チルカーノ　　　　　　　　　　　　　 15.1  3.1  5.4  3.0  2.9 38  0.0  0                        
092547100820105206ウインルーティン　　　　　　　　　　 12.7  2.8  9.0  4.9  4.8 40  0.0                           
092547100921100651ファミリータイム　　　　　　　　　　  4.4  1.5 13.3 10.5  8.0 43 17.7                           
092547110122105580ライトトラック　　　　　　　　　　　  7.8  2.2  9.5 12.7  7.3 62  0.0                           
092547110222103995ジョバンニ　　　　　　　　　　　　　  4.0  1.4 14.0 15.6  9.8 65 19.1  3                        
092547110322102199アルマデオロ　　　　　　　　　　　　 16.4  3.5 -2.1 -3.6 -1.9 53  0.0                           
092547110422103787ジョイボーイ　　　　　　　　　　　　 12.1  2.8  4.5  6.7  3.7 59 15.4                           
092547110522104714ショウヘイ　　　　　　　　　　　　　  2.9  1.3 20.9 19.7 13.6 69 16.2                           
092547110622102604サンライズバブル　　　　　　　　　　 21.0  4.3-10.1 -7.2 -5.9 49  0.0                           
092547110722105485ボンドロア　　　　　　　　　　　　　 19.7  4.1 -3.8-12.4 -5.1 50  0.0                           
092547110822105390パッションリッチ　　　　　　　　　　 19.5  4.0-10.2-11.1 -7.1 48  0.0                           
092547110922110054デルアヴァー　　　　　　　　　　　　 16.7  3.5  5.8  0.1  2.2 57  0.0                           
092547111022105099エリキング　　　　　　　　　　　　　  3.6  1.4 18.1 15.6 11.3 66 17.7                           
092547120120106816ディクレアブルーム　　　　　　　　　 39.7  9.4-11.3-10.2 -7.2 23  0.0                           
092547120220106174キタノブライド　　　　　　　　　　　 52.6 12.3-11.3 -7.5 -6.4 24  0.0                           
092547120321103002アラナコア　　　　　　　　　　　　　  8.9  2.9  6.9  3.6  3.6 34  0.0  5                        
092547120421105849オコタンペ　　　　　　　　　　　　　 19.2  5.0 -4.0  5.1  0.1 30  0.0                           
092547120521103287アレ　　　　　　　　　　　　　　　　  6.5  2.3 12.5 16.0  9.4 39 14.4                           
092547120622103047ホウショウマリス　　　　　　　　　　  5.1  2.0 14.1 13.3  9.2 39  0.0                           
092547120720106409ペプチドハドソン　　　　　　　　　　 68.5 15.4-11.3-10.2 -7.2 23  0.0                           
092547120822100321リメンバーヒム　　　　　　　　　　　  7.4  2.5 10.4 18.0  9.2 39 23.5                           
092547120920106737メイショウコギク　　　　　　　　　　 56.8 12.9-11.3-11.4 -7.6 22  0.0                           
092547121020104123エリカドリーム　　　　　　　　　　　 85.7 19.1-10.1 -7.5 -6.0 24  0.0                           
092547121120103189レッドダンルース　　　　　　　　　　 18.6  4.8 -4.4 -5.7 -3.3 27  0.0                           
092547121222106689アンズアメ　　　　　　　　　　　　　  6.5  2.3  9.0  4.7  4.7 35  0.0                           
092547121322104120コスモストーム　　　　　　　　　　　  4.7  1.9 13.2 25.2 12.4 42 16.2  5                        
092547121421105939メイショウザンゲツ　　　　　　　　　 35.2  8.4-11.3-11.2 -7.5 22  0.0                           
092547121522100623ダノンフィーゴ　　　　　　　　　　　  5.9  2.1  9.1 14.1  7.6 38 19.1                           
092547121621106757リネアグローリア　　　　　　　　　　 47.7 11.2 -5.8  4.6 -0.7 29  0.0                           
