062121010118106763リンガスムーン　　　　　　　　　　　127.7 20.4-10.0  8.0 -0.1  5  0.0                           
062121010218100601シンシアハート　　　　　　　　　　　  7.5  2.0 12.0  9.5  7.1 12  0.0                           
062121010318100989プラチナレディ　　　　　　　　　　　 23.7  4.4-11.7-10.0 -7.2 -2  0.0                           
062121010418106899マザーフェイヴァー　　　　　　　　　 18.6  3.7-10.0 -9.3 -6.4 -1  0.0                           
062121010518104500ハリウッドルビー　　　　　　　　　　 55.7  9.3-11.7-10.3 -7.3 -2  0.0                           
062121010618104824ノーマロエア　　　　　　　　　　　　  8.8  2.3 10.0  9.8  6.6 12 10.9                           
062121010718101903ヘーベー　　　　　　　　　　　　　　 43.0  7.5-10.0-16.3 -9.0 -4  0.0                           
062121010818100987ピヨピヨピピピ　　　　　　　　　　　 81.3 13.2-10.0 -5.6 -5.1  0  0.0                           
062121010918101406ブルーダイヤ　　　　　　　　　　　　  3.7  1.4 21.3 12.2 10.9 16  8.6                           
062121011018102853モーントシャイン　　　　　　　　　　 28.1  5.1 -5.9 -2.3 -2.6  2  0.0                           
062121011118106167アウスドルック　　　　　　　　　　　 49.7  8.6-10.0 -2.0 -3.7  1  0.0                           
062121011218102691ハクサンタマテバコ　　　　　　　　　  7.0  1.9  6.0 19.0  8.8 14 18.8                           
062121011318102547アイアンフラワー　　　　　　　　　　 47.7  8.2 -5.2-17.7 -8.1 -3  0.0  0                        
062121011418101475ネオアビー　　　　　　　　　　　　　 18.7  3.7-10.0 -5.2 -4.9  0  0.0                           
062121011518103138ノボベルサイユ　　　　　　　　　　　  2.5  1.3 15.0 25.6 13.9 19 15.9  3                        
062121011618102446ラブエターナル　　　　　　　　　　　158.8 25.2-10.0-10.2 -6.7 -2  0.0                           
062121020118106779ハラジュク　　　　　　　　　　　　　188.0 28.5-11.7 -6.3 -5.8 -1  0.0                           
062121020218105681トーセンチャールズ　　　　　　　　　  2.3  1.3 12.0 19.3 10.7 16 15.9                           
062121020318105429ナヴィリオ　　　　　　　　　　　　　 16.7  3.2-10.0-16.7 -9.1 -4  0.0  0                        
062121020418102398セザンテイオー　　　　　　　　　　　 20.1  3.8 20.0  9.9  9.6 15 12.2A                          
062121020518101367タクミチョウサン　　　　　　　　　　 40.0  6.7-11.7-11.2 -7.6 -3  0.0                           
062121020618105396アイワナスマイル　　　　　　　　　　 22.4  4.1 -5.9  1.1 -1.4  4  0.0                           
062121020718100257ラストコジーン　　　　　　　　　　　 26.7  4.7  6.0  8.1  4.8 10  0.0                           
062121020818101875オゲンキデスカ　　　　　　　　　　　 77.9 12.2-10.0-16.8 -9.2 -4  0.0  0                        
062121020918102003テキサスブロンコ　　　　　　　　　　 13.2  2.7-10.0 10.9  1.0  6  0.0                           
062121021018105700コトブキアリエス　　　　　　　　　　 34.9  6.0-11.7 -9.8 -7.1 -2  0.0                           
062121021118104699トロワエスポワール　　　　　　　　　  7.9  2.0 10.0  5.3  4.9 10 18.8                           
062121021218103080ノブ　　　　　　　　　　　　　　　　110.7 17.0-10.0-12.9 -7.7 -3  0.0                           
062121021318104385フォートレスヒル　　　　　　　　　　 11.8  2.5  6.0 12.0  6.2 11  0.0                           
062121021418104478カイラス　　　　　　　　　　　　　　 36.0  6.1-11.7-13.2 -8.4 -3  0.0                           
062121021518104857レッドアウレア　　　　　　　　　　　  3.6  1.4 17.5 18.4 12.0 17  8.7                           
062121021618102121エターナルルビー　　　　　　　　　　 23.3  4.2 -2.6  7.8  2.1  7  0.0                           
062121030118106765サンタル　　　　　　　　　　　　　　 65.3  9.3-11.7 -6.3 -5.8 -1  0.0                           
062121030218103463バナナムーン　　　　　　　　　　　　147.5 20.2-10.0-17.5 -9.4 -4  0.0  0                        
062121030318101310ベイビーシャーク　　　　　　　　　　 14.9  2.7  9.0-16.0 -3.2  2  0.0                           
062121030418106053イトザクラ　　　　　　　　　　　　　 25.1  4.1  0.1  6.0  2.2  7  0.0                           
062121030518104056シーオブクラウズ　　　　　　　　　　  9.1  2.1 13.1 19.0 10.9 16 10.1                           
062121030618104320マリーアミノル　　　　　　　　　　　 16.3  2.9  6.0 12.2  6.3 11  0.0                           
062121030718101513ケイツーマナト　　　　　　　　　　　 89.2 12.5-10.0-10.0 -6.7 -2  0.0                           
062121030818100224ヴィータハイジア　　　　　　　　　　 37.1  5.7  6.0 -3.2  0.6  6  0.0                           
062121030918103978マリンセブン　　　　　　　　　　　　 37.5  5.8-10.0-10.0 -6.7 -2  0.0                           
062121031018106655デヴィルズプライド　　　　　　　　　160.5 21.9-10.0 -7.1 -5.6 -1  0.0                           
062121031118103812スラップショット　　　　　　　　　　  3.0  1.3 18.0 22.7 13.7 19 17.3  1  171   50              
062121031218100892エナジーボーイ　　　　　　　　　　　 28.6  4.6-10.0 -7.1 -5.6 -1  0.0                           
062121031318105136レオンベルガー　　　　　　　　　　　  2.3  1.2 20.0 13.2 10.8 16 15.9                           
062121031418100091ナムラトルフィン　　　　　　　　　　185.7 25.3-11.0-13.0 -8.1 -3  0.0                           
062121031518103433ラビオンアスール　　　　　　　　　　 43.0  6.5 -7.4-10.0 -5.9 -1  0.0                           
062121031618105984グランディス　　　　　　　　　　　　  7.0  1.8  8.1 10.4  6.2 11  9.4                           
062121040118102811スズノイナズマ　　　　　　　　　　　  5.6  1.8  6.5 20.0  9.3 14  9.4                           
062121040218101462フレーゲル　　　　　　　　　　　　　 17.7  3.8  8.1  2.8  3.5  8  0.0                           
062121040318105287ボスコ　　　　　　　　　　　　　　　  8.2  2.3 10.6  6.5  5.6 11 20.2                           
062121040418104148アシタガアルサ　　　　　　　　　　　 23.1  4.6-10.0 10.2  0.7  6  0.0                           
062121040518101914マミリアス　　　　　　　　　　　　　 21.9  4.4 -2.7  1.1 -0.4  5  0.0                           
062121040618101978ケイアイカナンガ　　　　　　　　　　 35.5  6.8-11.7  7.9 -0.6  4  0.0                           
062121040718104311ガレア　　　　　　　　　　　　　　　 35.5  6.8-10.0  1.3 -2.5  2  0.0  0                        
062121040818100118ファストブレイク　　　　　　　　　　156.3 26.8-11.7-13.1 -8.3 -3  0.0                           
062121040918105534ノックトゥワイス　　　　　　　　　　 26.8  5.3 -8.5 -6.8 -5.0  0  0.0  0                        
062121041018105398ブリングトゥライフ　　　　　　　　　 52.1  9.6-11.7-12.5 -8.1 -3  0.0                           
062121041118100491スーパービーム　　　　　　　　　　　  2.4  1.3 20.8 16.1 12.1 17 15.9                           
062121041218101554ワールドマックス　　　　　　　　　　 11.5  2.7-10.0  6.0 -0.8  4  0.0                           
062121041318105669トーセンエディ　　　　　　　　　　　  4.9  1.7 18.2  8.5  8.6 14  0.0                           
062121041418106037ブラウンザウバー　　　　　　　　　　190.9 32.6-10.0-12.1 -7.4 -2  0.0                           
062121041518100647ディープステイト　　　　　　　　　　 24.8  4.9 10.0-13.0 -1.8  3 13.7                           
062121041618104598メレカリキマカ　　　　　　　　　　　 32.8  6.3 -8.6-16.4 -8.6 -4  0.0  0                        
062121050118106338ゴールデンマリア　　　　　　　　　　 25.8  5.5-10.0 -2.0 -3.7  1  0.0                           
062121050218102937フクノグラーティア　　　　　　　　　  5.3  1.8  4.5 15.0  6.8 12 18.8                           
062121050318106626ボニート　　　　　　　　　　　　　　136.3 25.6-10.4-17.5 -9.5 -5  0.0  0                        
062121050418104555アヒージョケッパー　　　　　　　　　  3.6  1.5 20.5 17.7 12.6 18  0.0                           
062121050518105609アレッタレジーナ　　　　　　　　　　 11.7  2.9  2.2 -2.0 -0.1  5  0.0                           
062121050618103471メトリカ　　　　　　　　　　　　　　 60.7 11.8-11.7-10.2 -7.3 -2  0.0                           
062121050718105387スターオブエイジア　　　　　　　　　  5.8  1.9  6.0 12.5  6.4 11 20.2                           
062121050818100738ラグジュアリーデイ　　　　　　　　　 20.1  4.5-10.0-10.0 -6.7 -2  0.0                           
062121050918100899スマイルフェアリー　　　　　　　　　 16.4  3.8  6.0 18.4  8.5 14  0.0                           
062121051018102984クイーンシルビア　　　　　　　　　　 34.8  7.2-10.0-12.1 -7.4 -2  0.0                           
062121051118100610ユリシスフライ　　　　　　　　　　　128.2 24.1-11.7 -8.6 -6.7 -2  0.0                           
062121051218100262マリノルシアーナ　　　　　　　　　　 28.5  6.0-10.0 -8.5 -6.1 -1  0.0                           
062121051318105761フィールザスター　　　　　　　　　　 88.4 16.8-11.0-13.0 -8.1 -3  0.0                           
062121051418104845バジェナート　　　　　　　　　　　　 35.7  7.4-13.4-11.2 -8.1 -3  0.0                           
062121051518104607クライミングリリー　　　　　　　　　  3.7  1.5 18.7 19.8 12.9 18 17.3                           
062121051618104667スカーレットテイル　　　　　　　　　 14.8  3.5  0.3  4.7  1.8  7  0.0                           
062121060118104726ゴートゥートラベル　　　　　　　　　 22.6  5.3-10.0-16.8 -9.2 -4  0.0  0                        
062121060218106667サーストントラスト　　　　　　　　　  3.7  1.6 10.0 18.9  9.9 15  8.0  1  161   41              
062121060318100231バーガンディ　　　　　　　　　　　　 22.7  5.3 -8.4  3.2 -1.3  4  0.0                           
062121060418106099ランドヘルツ　　　　　　　　　　　　 13.1  3.4 12.4  8.1  6.7 12 12.2  5                        
062121060518102174コスモオニアシゲ　　　　　　　　　　 45.5 10.0-11.0 -9.1 -6.6 -2 15.9                           
062121060618104761トレヴィス　　　　　　　　　　　　　112.5 23.0-11.7-10.2 -7.3 -2  0.0                           
062121060718100100ミドダファーレ　　　　　　　　　　　164.6 33.4-10.4 -5.7 -5.2  0  0.0                           
062121060818106799アシュラム　　　　　　　　　　　　　  4.8  1.8  6.0 11.6  6.1 11  8.6A                          
062121060918110148コスモアピール　　　　　　　　　　　 14.2  3.6 -1.8 13.4  4.4  9  0.0                           
062121061018103709ララサンスフル　　　　　　　　　　　  7.6  2.4  5.6  3.2  2.9  8 10.9  0                        
062121061118100384レアンカルナシオン　　　　　　　　　 20.2  4.9  6.0 -7.2 -0.8  4  0.0                           
062121061218106079コニャック　　　　　　　　　　　　　 75.5 15.7-11.7 -7.1 -6.1 -1  0.0                           
062121061318101348シルブロン　　　　　　　　　　　　　  9.5  2.8 10.1 10.5  6.9 12  0.0                           
062121061418103085ベルウッドエオ　　　　　　　　　　　  7.5  2.4 20.0 12.3 10.5 16 10.1                           
062121061518104928ウィズザベスト　　　　　　　　　　　 50.9 11.1-10.4-18.7-10.0 -5  0.0  0                        
062121061618101794タカラネイビー　　　　　　　　　　　  6.4  2.1  9.9  8.6  6.1 11  0.0  5                        
062121070118103307ユイノシワザ　　　　　　　　　　　　 19.2  3.6-10.0-10.0 -6.7 13  0.0                           
062121070218103540ホウオウルバン　　　　　　　　　　　  5.4  1.6 11.7 13.4  8.4 28 18.8                           
062121070318102987アオイシチフク　　　　　　　　　　　 15.8  3.1 -5.4 12.2  2.9 23  0.0                           
062121070418105762フィールザワールド　　　　　　　　　  8.8  2.2  4.0 25.9 10.7 31  0.0                           
062121070518101248コウジクン　　　　　　　　　　　　　 33.1  5.7-13.1-10.3 -7.7 12  0.0                           
062121070618105442ディールクルム　　　　　　　　　　　  2.3  1.2 22.4 19.7 13.9 34 15.9                           
062121070718105611ショウナンアストラ　　　　　　　　　 21.6  3.9-11.7 -7.9 -6.4 14  0.0                           
062121070818103711シンヨモギネス　　　　　　　　　　　 15.1  3.0  8.6  7.9  5.5 25  0.0  5                        
062121070918104911フルネーズ　　　　　　　　　　　　　 11.6  2.4 12.0  6.1  5.8 26  0.0                           
062121071018103139メイショウムラクモ　　　　　　　　　  3.7  1.4 10.0 20.0 10.3 30 17.3                           
062121080117102787シュバルツイェガー　　　　　　　　　 30.0  6.3  6.0 -7.8 -1.1 19  0.0                           
062121080216106217グレイジャックマン　　　　　　　　　 22.1  4.8-10.0-12.2 -7.5 13 13.7                           
062121080315106356フライオールデイズ　　　　　　　　　 19.3  4.3  6.2  5.7  4.0 24  0.0                           
062121080417101910コスモオリ　　　　　　　　　　　　　  8.7  2.5  6.0 26.8 11.6 32 10.9                           
062121080517103774フクダイトウリョウ　　　　　　　　　 98.1 18.5 -5.0-13.0 -6.3 14  0.0                           
062121080617104903スウェアー　　　　　　　　　　　　　 22.8  4.9-10.0-20.0-10.3 10 14.4  0                        
062121080717106758ウィシュワールド　　　　　　　　　　160.5 29.8-11.7-10.2 -7.3 13  0.0                           
062121080817101877マイネルイリャルギ　　　　　　　　　  5.1  1.8  5.8  5.2  3.6 24  0.0                           
062121080916105125カウンターエア　　　　　　　　　　　  2.8  1.4 20.0 21.8 14.0 34 15.9                           
062121081017104606リュウグウハヤブサ　　　　　　　　　  5.6  1.9 12.0 -2.0  2.9 23  9.4                           
062121081117103406ガラデレオン　　　　　　　　　　　　 29.3  6.1-10.4 -4.5 -4.8 15  0.0                           
062121081217101015リンガスウォリアー　　　　　　　　　  7.0  2.1  9.9 20.0 10.3 30  0.0                           
062121081317103142ヌンカプト　　　　　　　　　　　　　 17.7  4.0-10.0 -3.2 -4.2 16  0.0                           
062121081417105978シンクロゲイザー　　　　　　　　　　122.7 23.0-10.0-17.5 -9.4 11  0.0  0                        
062121081517101064サンオブロジータ　　　　　　　　　　 14.6  3.4  6.7  1.1  2.4 22  0.0                           
062121081616101305ゴー　　　　　　　　　　　　　　　　127.6 23.8-11.0 -9.1 -6.6 13  0.0                           
062121090118100995ルーパステソーロ　　　　　　　　　　 20.7  5.0-11.7-10.0 -7.2 13  0.0                           
062121090218105162レッドヴェロシティ　　　　　　　　　  8.9  2.8 -2.6  1.7 -0.2 20 24.6  2                        
062121090318103407アールバロン　　　　　　　　　　　　 19.9  4.9  2.0-10.0 -3.1 17  0.0                           
062121090418105088テンカハル　　　　　　　　　　　　　  6.6  2.2 13.8 15.1  9.7 30 10.1  3                        
062121090518101071アサマノイタズラ　　　　　　　　　　  3.8  1.6 19.5 20.4 13.3 33  8.0                           
062121090618104895アドマイヤハレー　　　　　　　　　　  7.2  2.3 10.7  6.0  5.4 25 10.8                           
062121090718105638トーセンクライマー　　　　　　　　　 40.1  9.0-11.7 -0.4 -3.7 16  0.0                           
062121090818100930シャイニングライト　　　　　　　　　  7.9  2.5  7.0 22.4 10.3 30  0.0                           
062121090918105293マカオンドール　　　　　　　　　　　  5.0  1.9 15.5 13.1  9.5 29  0.0                           
062121091018105321カランドゥーラ　　　　　　　　　　　  5.7  2.0 10.0 15.2  8.6 29  0.0                           
062121091118105294ミエノムガール　　　　　　　　　　　 11.5  3.1  0.8  2.6  1.2 21 13.0                           
062121100116105199ココフィーユ　　　　　　　　　　　　 17.3  3.6-10.0 -6.3 -5.3 25  0.0                           
062121100216104436エフティイーリス　　　　　　　　　　 13.8  3.0 -2.6  7.6  2.0 32  0.0                           
062121100317100327エバンタイユドール　　　　　　　　　 47.0  8.5-11.7 -6.3 -5.8 24  0.0                           
062121100416104588エトワール　　　　　　　　　　　　　  6.3  1.9 10.8 20.6 10.8 41 10.1                           
062121100517102537フォワードアゲン　　　　　　　　　　  7.1  2.0 12.0 31.9 15.3 45  0.0                           
062121100616104035ダディーズマインド　　　　　　　　　  3.8  1.4 19.5 17.5 12.3 42 17.3                           
062121100716104524ストームリッパー　　　　　　　　　　 17.7  3.7-11.7  5.3 -1.6 28  0.0                           
062121100816104262アップライトスピン　　　　　　　　　  2.7  1.3 15.2 19.9 11.9 42 15.9                           
062121100916104665ミトロジー　　　　　　　　　　　　　  4.5  1.5 11.6 14.7  8.9 39  9.4                           
062121110117101429ウインカーネリアン　　　　　　　　　  6.3  2.0 10.4  5.3  5.1 40 10.1                           
062121110215104161エイムアンドエンド　　　　　　　　　 16.1  3.7-11.7-10.9 -7.5 27  0.0                           
062121110316104053ニシノカツナリ　　　　　　　　　　　  3.6  1.5 14.1  3.9  5.7 41  7.9                           
062121110415105024ミスティックグロウ　　　　　　　　　 44.9  9.1-11.7-11.2 -7.6 27  0.0                           
062121110516106292オールイズウェル　　　　　　　　　　  3.7  1.6 21.8 14.9 12.0 47 17.3                           
062121110616104486ルガールカルム　　　　　　　　　　　 31.1  6.5-13.4 -9.8 -7.6 27  0.0                           
062121110716104225アドマイヤスコール　　　　　　　　　 15.3  3.6  7.8 19.0  9.3 44  0.0                           
062121110817103751サクラトゥジュール　　　　　　　　　  6.1  2.0 18.6 16.4 11.6 47  9.4  5                        
062121110913100640ドルチャーリオ　　　　　　　　　　　 63.2 12.2-10.0-10.0 -6.7 28  0.0                           
062121111014101029スーパーブレイク　　　　　　　　　　 27.4  5.8 -9.4 10.8  1.1 36  0.0                           
062121111117106000フォースオブウィル　　　　　　　　　 16.0  3.7  6.0 12.9  6.5 42  0.0                           
062121111215105040サンラモンバレー　　　　　　　　　　 40.8  8.3-12.5 -6.4 -6.1 29  0.0                           
062121111317101423ウイングレイテスト　　　　　　　　　 12.5  3.0 15.9  8.0  7.7 43 10.9                           
062121111414102449トミケンボハテル　　　　　　　　　　 33.1  6.9 -5.7  3.4 -0.5 35  0.0                           
062121111514105391ハイアーグラウンド　　　　　　　　　 59.8 11.6-11.7-10.5 -7.4 28  0.0                           
062121111614100159ウィンドライジズ　　　　　　　　　　 40.3  8.2 -8.5-10.3 -6.3 29  0.0                           
062121120115103802コスモビスティー　　　　　　　　　　 37.6  8.8-13.4 -8.6 -7.2 23  0.0                           
062121120216105676シゲルルビー　　　　　　　　　　　　 24.6  6.0-10.4 -2.9 -4.2 26  0.0  0                        
062121120316101148ロードシュタルク　　　　　　　　　　 20.0  5.1-10.0-13.9 -8.1 22  0.0                           
062121120415104493バクハツ　　　　　　　　　　　　　　 12.3  3.4 12.9  4.1  5.4 35 12.2                           
062121120515101034ミフトゥーロ　　　　　　　　　　　　 36.2  8.5  8.2 11.1  6.5 37  0.0                           
062121120616102081オルクリスト　　　　　　　　　　　　  9.4  3.0  8.0 20.0  9.7 40  0.0                           
062121120715104916ミッキーハイド　　　　　　　　　　　  9.3  2.9  5.8  3.1  2.9 33 10.9                           
062121120817102612ソラン　　　　　　　　　　　　　　　 38.0  8.9-11.7 -5.7 -5.6 24  0.0                           
062121120915102211レッドランサー　　　　　　　　　　　  6.8  2.3 17.0 10.8  9.1 39  9.4                           
062121121015101152シャインカメリア　　　　　　　　　　  7.6  2.5  3.1 16.1  6.8 37 10.1  3                        
062121121116104630ブーザー　　　　　　　　　　　　　　  6.0  2.2 12.4 12.6  8.3 38  8.7 15                        
062121121217101751ケイアイピハ　　　　　　　　　　　　 15.1  4.0 -5.8  8.2  1.3 31  0.0                           
062121121317104552ベイビーボス　　　　　　　　　　　　  3.9  1.7 17.3 15.8 11.0 41  7.9                           
062121121415100023ピースユニヴァース　　　　　　　　　 31.8  7.5-10.0 -5.6 -5.1 25  0.0                           
062121121516103140ナイスプリンセス　　　　　　　　　　 21.0  5.3-10.4-20.0-10.5 20  0.0  0                        
062121121615105136オレノマニラ　　　　　　　　　　　　 25.0  6.1 20.7  3.8  7.6 38  0.0                           
092115010118104330ランスオブミューズ　　　　　　　　　  7.3  2.1 20.6 18.5 13.1 18  0.0  4                        
092115010218102357ウーヴァラーラ　　　　　　　　　　　 45.4  8.6-10.9-13.1 -7.9 -3  0.0                           
092115010318100959ブラックライフ　　　　　　　　　　　 22.5  4.6-10.9-11.9 -7.6 -3  0.0                           
092115010418106562エリカバイラ　　　　　　　　　　　　 51.9  9.8-10.9-10.6 -7.2 -2  0.0                           
092115010518101438ジュンコーハク　　　　　　　　　　　 25.8  5.2  6.5 -9.1 -0.3  5  0.0                           
092115010618103153エスケイダンサー　　　　　　　　　　 50.2  9.5-10.9 14.3  0.3  5  0.0                           
092115010718100623ミラクル　　　　　　　　　　　　　　  2.9  1.4 14.9 22.9 12.3 17 16.2                           
092115010818103303メディシス　　　　　　　　　　　　　 25.7  5.2  1.2 10.2  3.5  9  0.0  5                        
092115010918101188レジーナサンライズ　　　　　　　　　 55.6 10.1-10.8  4.8 -2.5  2  0.0                           
092115011018103197メイショウコデマリ　　　　　　　　　 11.7  2.8 -5.6  0.4 -1.9  3  0.0                           
092115011118104139クローズネスト　　　　　　　　　　　  6.9  2.0  7.6  7.8  5.1 10  0.0                           
092115011218106525ライムンダ　　　　　　　　　　　　　 91.2 16.2 -8.0-13.8 -7.1 -2  0.0                           
092115011318103933テーオーエルサ　　　　　　　　　　　 11.7  2.8  7.2  6.9  4.7 10 23.5                           
092115011418101891ポケットロケット　　　　　　　　　　 16.7  3.6  1.1 24.0  7.6 13 17.5  3                        
092115011518103574アイスリアン　　　　　　　　　　　　  3.7  1.5 15.1 13.2  9.5 14 17.7                           
092115011618105965エイシンディアデム　　　　　　　　　 70.7 12.7-10.9-13.1 -7.9 -3  0.0  0                        
092115020118106715ナムラスワガー　　　　　　　　　　　 29.7  4.2-14.0 -8.2 -7.6 -3  0.0                           
092115020218110132アメリカンエール　　　　　　　　　　  3.3  1.2 14.5 15.8 10.1 15 17.7                           
092115020318110122キャリアリズム　　　　　　　　　　　  1.9  1.2 21.4 19.6 13.7 19 16.2                           
092115020418101012クリノドラゴン　　　　　　　　　　　  5.0  1.4 12.4  8.9  7.2 12 13.4                           
092115020518100120ゲストプリンシパル　　　　　　　　　 14.9  2.5 -5.7  1.5 -1.6  3  0.0                           
092115020618102375キラーマウンテン　　　　　　　　　　 23.1  3.4-10.9 -3.9 -5.2  0  0.0  5                        
092115020718105176セブンハピネス　　　　　　　　　　　 15.1  2.5 -0.2  7.6  2.2  7  0.0                           
092115020818100250クレスコロッキー　　　　　　　　　　 15.4  2.6 -0.6 14.0  4.0  9 23.5                           
092115020918102064モーティヴフォース　　　　　　　　　 32.6  4.6 -2.4-10.6 -4.1  1  0.0                           
092115030118101762ハルヒコ　　　　　　　　　　　　　　 66.4 13.7-10.9-20.0-10.0 -5  0.0  0                        
092115030218104152イフティファール　　　　　　　　　　  7.4  2.4  7.9 15.0  7.4 12 23.5                           
092115030318106344スズカロマンス　　　　　　　　　　　  5.3  1.9 12.5  7.3  6.8 12 19.1                           
092115030418105225ミッキーエンパイア　　　　　　　　　  7.3  2.3 11.1  4.8  5.5 11  0.0                           
092115030518100679インテンスフレイム　　　　　　　　　  4.8  1.8 17.2 18.1 11.7 17  0.0  1  148   50              
092115030618104421ガビーズスピリット　　　　　　　　　 23.8  5.5-10.9 -0.5 -4.1  1  0.0  5                        
092115030718104757ジュノー　　　　　　　　　　　　　　  3.6  1.6 15.9 18.3 11.3 16 11.3                           
092115030818106371ボニンブルー　　　　　　　　　　　　 30.3  6.8 -5.6 10.4  1.1  6  0.0                           
092115030918106423メイショウサブゼロ　　　　　　　　　 62.7 13.0-10.8-18.8 -9.6 -5  0.0                           
092115031018106618メイショウカークス　　　　　　　　　  6.9  2.2 13.7 14.9  9.5 14  0.0                           
092115031118106638ロマンスタイム　　　　　　　　　　　 59.2 12.3-10.9-20.0-10.0 -5  0.0                           
092115031218102280ケルンクリエイター　　　　　　　　　 47.6 10.3-11.5-12.2 -7.9 -3  0.0                           
092115031318106616メイショウムート　　　　　　　　　　 98.3 20.0-11.5-13.1 -8.1 -3  0.0  0                        
092115031418103277ハクサンマズル　　　　　　　　　　　 19.0  4.6-11.5 11.2 -0.9  4 26.5                           
092115031518103789エアーズロック　　　　　　　　　　　 16.6  4.1  1.2 -7.4 -1.8  3  0.0                           
092115031618101534テイエムヴァスター　　　　　　　　　 98.3 20.0-10.9-17.1 -9.1 -4  0.0  0                        
092115040118105731メイショウアツイタ　　　　　　　　　 21.0  3.8-10.9-10.2 -7.1 -2  0.0                           
092115040218105539トルトゥーガ　　　　　　　　　　　　 25.3  4.4-10.8 12.0 -0.4  5  0.0  5                        
092115040318101408トーホウバッカス　　　　　　　　　　 37.0  6.1-14.0-10.4 -8.3 -3  0.0                           
092115040418103195ハイラブハンター　　　　　　　　　　 30.1  5.1 -5.6 -2.7 -2.9  2 28.0                           
092115040518106584シュアーウィナー　　　　　　　　　　  8.7  2.1 11.1 18.0  9.5 14 15.4                           
092115040618102567ロードヴェントス　　　　　　　　　　  8.3  2.1  8.5 16.1  7.9 13  0.0                           
092115040718105315グランメテオール　　　　　　　　　　  2.0  1.2 23.0 28.3 16.9 22 16.2  1  198   57              
092115040818104165ニホンピロクリフ　　　　　　　　　　 10.7  2.3 14.7  8.1  7.8 13  0.0                           
092115040918100437ガレス　　　　　　　　　　　　　　　  4.4  1.5 15.3 15.1 10.1 15  0.0                           
092115041018100968ゼンダンリュウ　　　　　　　　　　　  6.2  1.7  9.5 18.6  9.1 14 19.1                           
092115050118105239プラウドルック　　　　　　　　　　　  4.7  1.7 19.7 24.1 14.5 19 17.7                           
092115050218102539ラジョーネ　　　　　　　　　　　　　 22.5  4.8  4.2 -7.9 -0.8  4  0.0  0                        
092115050318103084カバーガール　　　　　　　　　　　　  5.7  1.9  9.5  7.9  5.9 11  0.0                           
092115050418105509ショウナンハイネス　　　　　　　　　 30.9  6.3 -5.6 -1.6 -2.5  2  0.0                           
092115050518100961スカイドゥエラー　　　　　　　　　　 36.8  7.4-10.9 -4.6 -5.4  0  0.0  0                        
092115050618105920エイシンキンボシ　　　　　　　　　　 46.2  9.1-10.9-16.0 -8.8 -4  0.0  0                        
092115050718101490タイセイロワイヤル　　　　　　　　　 83.3 15.4-10.9-13.7 -8.1 -3  0.0                           
092115050818104477ヴィトーリア　　　　　　　　　　　　 35.9  7.2-10.9 -7.5 -6.2 -1  0.0                           
092115050918105002ラトゥールレディー　　　　　　　　　 40.1  8.0-10.9  4.8 -2.6  2  0.0  0                        
092115051018105416メイセキム　　　　　　　　　　　　　 21.6  4.6  3.8 -3.2  0.4  5  0.0                           
092115051118103242ピナ　　　　　　　　　　　　　　　　 46.9  9.2 -4.1 -4.6 -2.9  2  0.0                           
092115051218102585ロードラスター　　　　　　　　　　　  2.8  1.4 19.2 27.8 15.4 20 16.2  1  148   50              
092115051318103380ディープラック　　　　　　　　　　　 34.2  6.9-11.5 10.1 -1.2  4  0.0                           
092115051418105424ブラックジャッカル　　　　　　　　　  6.0  1.9  3.8  9.9  4.4  9 20.6                           
092115051518105974テオリス　　　　　　　　　　　　　　 14.9  3.4  2.2 17.5  6.1 11 16.5                           
092115051618106171ゴールドフライト　　　　　　　　　　 12.6  3.0  2.7  6.5  2.9  8  0.0                           
092115060117102836ヴィネット　　　　　　　　　　　　　  2.0  1.2 21.8 23.9 15.2 35 16.2                           
092115060217104729マイレリーフ　　　　　　　　　　　　 19.3  3.7  2.9 -8.2 -1.4 19  0.0                           
092115060316104643レッドエステーラ　　　　　　　　　　 11.3  2.4  4.5 19.0  7.3 27  0.0                           
092115060417101816ラボンダンス　　　　　　　　　　　　  5.5  1.6 10.4 16.8  8.9 29 19.1                           
092115060515100557ラヴベローナ　　　　　　　　　　　　 16.4  3.2 -5.6 -7.9 -4.4 16  0.0                           
092115060617100087ナムラパフィン　　　　　　　　　　　  5.4  1.6 11.1 11.3  7.5 27 17.7  4                        
092115060717102390メリディアン　　　　　　　　　　　　 16.7  3.3 -3.6  2.5 -0.6 19 17.5                           
092115060817102372アンサンブル　　　　　　　　　　　　  7.9  2.0  9.5 10.2  6.5 27  0.0  5                        
092115060917100431ハイアーグレード　　　　　　　　　　 20.2  3.8  0.3-11.8 -3.4 17  0.0                           
092115061017104648リュクスレジェンド　　　　　　　　　 27.7  4.9-10.9-12.5 -7.7 12  0.0                           
092115070117101400サウンドヒーロー　　　　　　　　　　 43.8  8.4-10.9-11.9 -7.6 12  0.0                           
092115070215101771ニシノダンテ　　　　　　　　　　　　  3.7  1.5 17.2 21.3 12.7 33 17.7  1  181   45              
092115070317104472カズオルヴァル　　　　　　　　　　　 23.5  4.8 -5.6  7.9  0.3 20  0.0                           
092115070416106176メジャーハリケーン　　　　　　　　　 20.8  4.4 -5.6  7.9  0.3 20  0.0                           
092115070517101363トライハード　　　　　　　　　　　　  5.3  1.7  8.3 13.9  7.2 27  0.0                           
092115070617104125カモントゥミー　　　　　　　　　　　 19.7  4.2-10.9-15.5 -8.6 11  0.0  0                        
092115070716106060ヘルメット　　　　　　　　　　　　　 13.0  3.0  1.2 -9.5 -2.4 18  0.0                           
092115070816102144メイショウアマギ　　　　　　　　　　 15.8  3.5  0.1  8.1  2.5 22  0.0                           
092115070917103422エンペラーズパレス　　　　　　　　　 72.1 13.0-10.9 -7.9 -6.4 14  0.0                           
092115071017102927メイショウニタボウ　　　　　　　　　 34.0  6.7-11.5-11.4 -7.6 12  0.0                           
092115071117105795メイショウアゴニカ　　　　　　　　　 26.4  5.3 -0.9  4.1  0.9 21  0.0                           
092115071217106247エクスチェンジ　　　　　　　　　　　 27.2  5.5-10.9-11.5 -7.4 13  0.0                           
092115071317104724エヴァジョーネ　　　　　　　　　　　 21.6  4.5  1.2 -3.2 -0.5 19 18.5                           
092115071417105834ラボエーム　　　　　　　　　　　　　 22.6  4.6 -6.9 -7.2 -4.7 15 28.0                           
092115071514103182アタミ　　　　　　　　　　　　　　　 31.4  6.2-11.5-14.2 -8.5 12  0.0  0                        
092115071616101167ベストチャーム　　　　　　　　　　　  3.0  1.4 11.2 21.4 10.5 31 16.2                           
092115080114105044カリーニョミノル　　　　　　　　　　 13.2  3.0 10.4  9.9  6.8 37  0.0  5                        
092115080217100024ショウナンナデシコ　　　　　　　　　  2.8  1.4 13.8 19.9 11.0 41 16.2                           
092115080316102227ティボリドライヴ　　　　　　　　　　 15.8  3.4 -7.1-16.0 -7.4 23  0.0  0                        
092115080416101885メイショウオトワ　　　　　　　　　　 52.0  9.6-11.5-11.4 -7.6 22  0.0                           
092115080516109110ストラトフォード　　　　　　　　　　 40.8  7.7 -9.7-10.5 -6.7 23  0.0                           
092115080617105133ラヴォアドゥース　　　　　　　　　　  8.0  2.2 12.5 10.4  7.7 38  0.0  4                        
092115080715101014ダンツチョイス　　　　　　　　　　　 38.2  7.3 -7.8 11.3  0.5 31 29.4                           
092115080815103101メモリーコバルト　　　　　　　　　　 17.4  3.7  1.5 -8.0 -1.9 28  0.0                           
092115080915104440オデュッセイア　　　　　　　　　　　 23.0  4.6 -9.7 -7.8 -5.9 24  0.0                           
092115081017105416フラーレン　　　　　　　　　　　　　  7.1  2.1 17.5  5.1  7.9 38 14.4  3                        
092115081117102976ペイシャノリッジ　　　　　　　　　　  3.8  1.5 16.0 11.7  9.4 39 17.7                           
092115081216103338ピクシーメイデン　　　　　　　　　　  5.9  1.8  7.9 15.4  7.5 38  0.0                           
092115090114105947シロニイ　　　　　　　　　　　　　　 28.4  5.4 -4.1-11.9 -5.1 30  0.0                           
092115090212100276ララエクラテール　　　　　　　　　　 52.5  9.4-10.9-11.8 -7.5 27  0.0                           
092115090316104397タイセイモナーク　　　　　　　　　　 28.0  5.3-10.9-15.1 -8.5 26  0.0  0                        
092115090416104946シルヴァーソニック　　　　　　　　　 10.6  2.5  3.7  6.5  3.3 38 22.1                           
092115090516104720キタサンバルカン　　　　　　　　　　 22.6  4.4  5.8  0.4  2.2 37  0.0                           
092115090616103202ハンターバレー　　　　　　　　　　　 39.5  7.2 -9.7-10.5 -6.7 28  0.0                           
092115090714101586シャイニーゲール　　　　　　　　　　 31.8  5.9 -5.6-10.3 -5.1 30  0.0                           
092115090816105526メロディーレーン　　　　　　　　　　  6.3  1.9 13.1 16.4  9.7 45 19.1                           
092115090916100784ラクローチェ　　　　　　　　　　　　 22.8  4.4 -5.6 -2.9 -2.9 32  0.0                           
092115091017101695シンボ　　　　　　　　　　　　　　　 22.0  4.3-10.9  4.7 -2.6 32  0.0                           
092115091111103632ヴィッセン　　　　　　　　　　　　　 27.4  5.2 -8.3-14.3 -7.3 28  0.0                           
092115091217105109フライライクバード　　　　　　　　　  2.4  1.3 21.8 24.0 15.2 50 16.2                           
092115091317105379ディアスティマ　　　　　　　　　　　  4.4  1.6 20.2 11.4 10.8 46 12.4                           
092115091416105285セントレオナード　　　　　　　　　　  7.5  2.1  9.7 11.6  7.0 42  0.0  4                        
092115100118105061オールアットワンス　　　　　　　　　  6.6  2.1  5.8  5.4  3.7 49  0.0                           
092115100218110129スーパーウーパー　　　　　　　　　　 22.1  4.9 -1.6-13.6 -4.7 40  0.0                           
092115100318102054ロングトレーン　　　　　　　　　　　  3.7  1.5 18.5 15.8 11.5 57 17.7                           
092115100418102168リンゴアメ　　　　　　　　　　　　　 25.9  5.6  5.8  0.7  2.3 47  0.0                           
092115100518102155マイネルジェロディ　　　　　　　　　  3.6  1.5  8.0 17.1  8.1 53 16.2                           
092115100618104885アスコルターレ　　　　　　　　　　　  7.0  2.2  5.9  6.7  4.2 49 15.4  0                        
092115100718102640ピースダンス　　　　　　　　　　　　 31.7  6.7-10.9-13.6 -8.1 37  0.0                           
092115100818105112フォドラ　　　　　　　　　　　　　　  7.1  2.2 11.2 14.0  8.3 53  0.0                           
092115100918103082リメス　　　　　　　　　　　　　　　 13.4  3.3 -0.2-15.5 -4.7 40  0.0  0                        
092115101018105595エムオーシャトル　　　　　　　　　　  5.3  1.8 14.5 11.4  8.7 54 19.1                           
092115101118104036ハイプリーステス　　　　　　　　　　 53.0 10.7 -9.7-10.5 -6.7 38  0.0                           
092115110115100122テーオーエナジー　　　　　　　　　　  9.3  2.5 10.2  9.0  6.4 51  0.0  5                        
092115110216106450タイサイ　　　　　　　　　　　　　　 63.6 11.4-10.9-14.2 -8.3 37  0.0  0                        
092115110313100446キングニミッツ　　　　　　　　　　　 53.3  9.9-10.9-11.4 -7.4 38  0.0                           
092115110415101960マイネルユキツバキ　　　　　　　　　  6.5  2.0  9.7 10.1  6.6 52  0.0                           
092115110514103582メイショウマトイ　　　　　　　　　　 55.3 10.0-10.9-18.8 -9.6 35  0.0                           
092115110615110103アポロテネシー　　　　　　　　　　　 37.1  7.1 -9.7 -2.0 -4.2 41  0.0                           
092115110712104659サンデーウィザード　　　　　　　　　 25.0  5.0-10.9-12.7 -7.8 37 26.5                           
092115110816100285ダイシンインディー　　　　　　　　　 39.6  7.6 -9.7 -7.8 -5.9 39  0.0                           
092115110917101186マリオマッハー　　　　　　　　　　　 42.3  8.0 -4.1  0.1 -1.5 44  0.0  4                        
092115111015102390ロードレガリス　　　　　　　　　　　  2.5  1.3 20.2 25.1 14.9 60 16.2                           
092115111117100097ミヤジコクオウ　　　　　　　　　　　 11.1  2.6  6.5  5.5  4.0 49  0.0                           
092115111216104611カセドラルベル　　　　　　　　　　　 13.2  3.0 -3.6 -5.3 -2.9 42  0.0  0                        
092115111316105095ベストタッチダウン　　　　　　　　　  4.6  1.7 18.0  7.7  8.9 54 17.7                           
092115111414101197モズアトラクション　　　　　　　　　 41.6  7.9-10.9  2.1 -3.4 42  0.0                           
092115111516106255アッシェンプッテル　　　　　　　　　  9.4  2.5  9.3 17.0  8.5 54 15.4  4                        
092115111616101055ネオブレイブ　　　　　　　　　　　　 58.1 10.5 -9.7 -2.6 -4.3 41  0.0                           
092115120116105622ウインスピリタス　　　　　　　　　　 31.9  6.5-10.9-10.2 -7.1 23  0.0                           
092115120217104873エグレムニ　　　　　　　　　　　　　 11.7  2.8  6.5  6.9  4.5 34  0.0                           
092115120317100091スマートクラージュ　　　　　　　　　  3.0  1.4 13.2 19.2 10.6 41 16.2                           
092115120417101474イーサンティラノ　　　　　　　　　　 42.1  8.4-10.9 -6.8 -6.0 24  0.0                           
092115120513103823メイショウシャチ　　　　　　　　　　 39.9  8.0-10.9-10.1 -7.0 23  0.0                           
092115120613106472オーマイガイ　　　　　　　　　　　　 18.3  4.1 15.1  6.9  7.6 38  0.0                           
092115120716105223ルプリュフォール　　　　　　　　　　  4.6  1.6 15.0 16.7 10.5 41 19.1  3                        
092115120817104092プレシオーソ　　　　　　　　　　　　  4.2  1.6 13.7 12.3  8.7 39 17.7                           
092115120915103357メイショウドウドウ　　　　　　　　　  6.4  2.0 17.2  4.9  7.8 38  0.0                           
092115121016102439ワンダーアフィラド　　　　　　　　　 35.3  7.2-14.0  0.1 -5.1 25  0.0                           
092115121117109130ローランダー　　　　　　　　　　　　 39.6  7.9-10.9 -8.0 -6.4 24  0.0                           
092115121217105993ムーンライト　　　　　　　　　　　　  6.5  2.0  9.6 13.2  7.5 37 15.4                           
102125010118101179テーオーラトゥール　　　　　　　　　 79.1 17.7-12.0 -7.1 -6.5 -2  0.0                           
102125010218103495グラスピレ　　　　　　　　　　　　　 29.1  7.1  6.0-12.5 -1.5  3  0.0                           
102125010318104888スニップ　　　　　　　　　　　　　　 36.7  8.8-10.0  7.5 -1.4  4  0.0                           
102125010418106390エルフバローズ　　　　　　　　　　　 30.2  7.3  7.2  9.0  5.3 10  0.0                           
102125010518106297ジーノカロリーナ　　　　　　　　　　 74.2 16.6-10.5-13.3 -7.8 -3  0.0  0                        
102125010618105202ベルゼール　　　　　　　　　　　　　  4.9  1.9 24.0 30.0 17.8 23 13.8                           
102125010718102639エクメディフラワー　　　　　　　　　 79.1 17.7-10.5-12.5 -7.6 -3  0.0                           
102125010818105331サンバデジャネイロ　　　　　　　　　  5.2  2.0-12.0-15.0 -8.9 -4  0.0                           
102125010918104916サムワンスペシャル　　　　　　　　　 11.0  3.1-12.0 -8.7 -7.0 -2  0.0                           
102125011018101979イッツユアタイム　　　　　　　　　　  7.0  2.4 12.0  5.5  6.1 11 17.5                           
102125011118103348アウラヴィータ　　　　　　　　　　　  8.4  2.8-10.5  1.5 -3.4  2  0.0                           
102125011218100533マンヌポルト　　　　　　　　　　　　 13.2  3.6-12.0-15.0 -8.9 -4 15.8                           
102125011318100482ノーティーガール　　　　　　　　　　  4.9  1.9 10.0 18.8  9.3 14 15.0                           
102125011418103128トムティット　　　　　　　　　　　　 32.9  7.9-12.0 -8.9 -7.1 -2  0.0                           
102125011518102990グルナピーク　　　　　　　　　　　　  7.8  2.6  6.0 25.0  9.7 15  0.0                           
102125011618104255ザイグザンプル　　　　　　　　　　　 25.6  6.3-10.0-12.5 -7.4 -2  0.0                           
102125020118104333スカーレットジンク　　　　　　　　　  2.4  1.3 18.0 30.0 15.6 21 13.8                           
102125020218104159ニホンピロセレーネ　　　　　　　　　 65.8 12.0-10.5-15.0 -8.4 -3  0.0                           
102125020318104283ヒカリノミチ　　　　　　　　　　　　 17.7  3.9-12.0 10.1 -1.4  4  0.0  5                        
102125020418104269セキノアトラス　　　　　　　　　　　 15.1  3.4-10.0-12.5 -7.4 -2  0.0                           
102125020518106500キングプロテア　　　　　　　　　　　 15.4  3.4-12.0 -1.0 -4.7  0 14.9                           
102125020618102187アクチュアリー　　　　　　　　　　　  8.2  2.3 15.0-12.5  1.8  7  0.0                           
102125020718103743メモリーズ　　　　　　　　　　　　　 12.2  2.9  7.2 -9.0 -0.1  5 17.5                           
102125020818104003オオモリクン　　　　　　　　　　　　 74.7 13.5-10.0-12.5 -7.4 -2  0.0                           
102125020918109107ベルウッドサンキュ　　　　　　　　　 44.9  8.6-10.0-12.5 -7.4 -2  0.0                           
102125021018103491エスタンピージャ　　　　　　　　　　 19.6  4.2-10.0 15.0  0.8  6  0.0                           
102125021118101109キューツィーパイ　　　　　　　　　　 89.6 16.1-10.0-12.5 -7.4 -2  0.0                           
102125021218106389メイショウツツジ　　　　　　　　　　  5.8  1.9 12.0 18.0  9.8 15  0.0                           
102125021318106068サンマルファニー　　　　　　　　　　 72.3 13.1-10.5-15.0 -8.4 -3  0.0                           
102125021418102176エレフセリア　　　　　　　　　　　　 12.5  2.9  6.0  7.5  4.4  9 18.8                           
102125021518103503プラチナムレイアー　　　　　　　　　 19.5  4.2-12.0 15.0  0.1  5  0.0                           
102125021618103931サクラトップメジャ　　　　　　　　　 28.7  5.8-10.0  7.5 -1.4  4  0.0                           
102125021718103294サフランルーラー　　　　　　　　　　 38.3  7.4-12.0-15.0 -8.9 -4  0.0                           
102125021818100855ジョイフルラブ　　　　　　　　　　　 42.4  8.2-12.0-15.0 -8.9 -4  0.0                           
102125030118100611キャンユーキッス　　　　　　　　　　  3.6  1.6 12.0 15.0  8.9 14 13.8                           
102125030218102454ラグラスドシエル　　　　　　　　　　 13.0  3.3 14.4-11.1  2.0  7  0.0                           
102125030318104455エコロワカ　　　　　　　　　　　　　  6.6  2.2 15.0  7.5  7.8 13  0.0                           
102125030418102803マイネルレスペト　　　　　　　　　　 27.1  6.1-10.0-12.5 -7.4 -2  0.0                           
102125030518106296セイブロッケン　　　　　　　　　　　  8.7  2.6  7.2 -9.0 -0.1  5  0.0                           
102125030618102477スパークリングアイ　　　　　　　　　  8.7  2.6 -2.5  9.0  1.8  7 14.0                           
102125030718101183パインヒル　　　　　　　　　　　　　 28.8  6.4-12.0-14.0 -8.6 -4  0.0                           
102125030818100264マリノアマービレ　　　　　　　　　　 46.5  9.9-10.0-12.5 -7.4 -2  0.0                           
102125030918104407キンバ　　　　　　　　　　　　　　　  8.8  2.6-10.0-15.0 -8.2 -3 21.3                           
102125031018103994ウインメイキット　　　　　　　　　　 47.4 10.1-12.0-15.0 -8.9 -4  0.0                           
102125031118101364ビービーダルク　　　　　　　　　　　  4.5  1.8  1.6 30.0  9.6 15 15.0                           
102125031218102847ニシノブライダル　　　　　　　　　　 56.8 11.7-10.0  7.5 -1.4  4  0.0                           
102125031318103222ヴェルメリオ　　　　　　　　　　　　 28.5  6.3-12.0-15.0 -8.9 -4  0.0                           
102125031418103388ゴイゴイスー　　　　　　　　　　　　  7.5  2.4  7.2 19.1  8.4 13  0.0                           
102125040113104025プレイヤーサムソン　　　　　　　　　  6.0  1.8 10.0 15.0  8.2  8 11.4                           
102125040217106505チェーロ　　　　　　　　　　　　　　  8.7  2.3  1.6-15.0 -3.9 -4  0.0                           
102125040314109037クリノハプスブルク　　　　　　　　　 26.6  5.1-10.0-12.5 -7.4 -7  0.0                           
102125040415101394クイックファイア　　　　　　　　　　  2.4  1.3 21.0 30.0 16.7 17 13.8                           
102125040517104379トーセンポエム　　　　　　　　　　　 11.6  2.6 12.0  7.5  6.7  7  0.0                           
102125040613105685メメニシコリ　　　　　　　　　　　　 11.5  2.6-10.5 10.0 -0.9 -1  0.0                           
102125040716102184オノーレペスカ　　　　　　　　　　　 36.5  6.7-10.0  7.5 -1.4 -1  0.0                           
102125040817103787トーセンシュバリエ　　　　　　　　　 38.5  7.0-10.0-12.5 -7.4 -7  0.0                           
102125040917102786ラブオナヴィータ　　　　　　　　　　 35.7  6.6-10.0-15.9 -8.4 -8  0.0                           
102125041016110061モズエロイコ　　　　　　　　　　　　 17.8  3.7-10.0 -5.5 -5.3 -5 22.5                           
102125041117110146ジゲン　　　　　　　　　　　　　　　  4.5  1.6  7.2 22.1  9.3  9 15.0                           
102125041215110047タニノフランケル　　　　　　　　　　 13.8  3.0 -2.5  9.0  1.8  2  0.0                           
102125050118100655オータムヒロイン　　　　　　　　　　 14.0  3.4  0.5  9.0  2.9  8  0.0                           
102125050218103502カシノマイスター　　　　　　　　　　 23.9  5.3  6.0-12.5 -1.5  3  0.0                           
102125050318103543レヴォリオ　　　　　　　　　　　　　  4.3  1.6 20.0 25.0 14.8 20 15.0                           
102125050418101160ライトオブワールド　　　　　　　　　 45.0  9.3-12.0-15.0 -8.9 -4 21.0                           
102125050518104133ロゼット　　　　　　　　　　　　　　  4.4  1.6 18.0 15.0 11.1 16 16.3                           
102125050618103112グッナイベイビー　　　　　　　　　　 12.7  3.1-12.0 -2.5 -5.2  0  0.0                           
102125050718105736セイカリス　　　　　　　　　　　　　 20.7  4.7-12.0 -9.0 -7.1 -2  0.0                           
102125050818100572タマモネックタイ　　　　　　　　　　 27.6  6.0 12.0-15.0 -0.1  5  0.0                           
102125050918100863カシノオラフ　　　　　　　　　　　　 23.3  5.1-10.0  7.5 -1.4  4  0.0                           
102125051018102236サイウン　　　　　　　　　　　　　　 69.8 13.7-10.0-12.5 -7.4 -2  0.0                           
102125051118104130シゲルホンブチョウ　　　　　　　　　 37.1  7.8-10.5-15.0 -8.4 -3  0.0                           
102125051218100084パナプリ　　　　　　　　　　　　　　 17.4  4.1 24.0-15.0  4.3  9  0.0                           
102125051318101990カンジンカナメ　　　　　　　　　　　 68.6 13.5-10.0-12.5 -7.4 -2  0.0                           
102125051418105188モデュロール　　　　　　　　　　　　 13.3  3.3 -2.5 22.5  5.8 11  0.0                           
102125051518103488キャットリング　　　　　　　　　　　 22.3  4.9-10.0  7.5 -1.4  4  0.0                           
102125051618105260サンデージャック　　　　　　　　　　  3.4  1.5  7.2 18.0  8.0 13 13.8                           
102125060117103286ゴープラチナム　　　　　　　　　　　 45.2  9.0  7.2-15.0 -1.9 18  0.0                           
102125060217104453マイネルチューダ　　　　　　　　　　 20.1  4.4  6.0-20.0 -3.8 16  0.0                           
102125060315102435スリーマグナム　　　　　　　　　　　 40.0  8.0-10.0  7.5 -1.4 19  0.0                           
102125060416102111ファタリテ　　　　　　　　　　　　　  6.5  2.0 12.0 18.0  9.8 30 16.3                           
102125060517100633ウインヴェルメリオ　　　　　　　　　107.6 20.0-12.0-10.0 -7.4 13  0.0                           
102125060617101107タピオカ　　　　　　　　　　　　　　 22.2  4.8-10.0-12.5 -7.4 13  0.0                           
102125060717105958サンデーパームス　　　　　　　　　　  9.3  2.6 18.0-15.0  2.1 22  0.0                           
102125060816100474コウジンシックス　　　　　　　　　　 83.8 15.7-10.0-12.5 -7.4 13  0.0                           
102125060917110177マジカルマジカル　　　　　　　　　　 22.6  4.8-10.0-12.5 -7.4 13  0.0                           
102125061017103023スウィートメリナ　　　　　　　　　　 22.8  4.9-10.0-12.5 -7.4 13  0.0                           
102125061116100927モテモテ　　　　　　　　　　　　　　  9.4  2.6 12.0 15.0  8.9 29  0.0                           
102125061216101153ダノンシティ　　　　　　　　　　　　  3.1  1.5-12.0 30.0  4.6 25 13.8                           
102125061317101897マイネルテナシャス　　　　　　　　　 39.3  7.9 -2.5-12.5 -4.7 15  0.0                           
102125061416105759ブラックアーシャ　　　　　　　　　　 17.9  4.0  6.0  9.1  4.9 25 14.0                           
102125061513103941グリニッチヴィレジ　　　　　　　　　 36.9  7.5-10.0  7.5 -1.4 19  0.0                           
102125061617101919コスモカッティーボ　　　　　　　　　 35.6  7.2-10.5-12.5 -7.6 12  0.0                           
102125061717110073メサテソーロ　　　　　　　　　　　　  4.1  1.6 15.0 14.4  9.8 30 15.0                           
102125061817101943トゥールドマジ　　　　　　　　　　　 32.4  6.6-12.0 -0.7 -4.6 15  0.0                           
102125070117101988コスモブルーノーズ　　　　　　　　　  7.5  2.0 18.5 12.5 10.5 31 17.5                           
102125070217102646マイネルポインター　　　　　　　　　 30.8  5.7-10.5-12.5 -7.6 12  0.0                           
102125070317104096サンライズヘルメス　　　　　　　　　 20.8  4.1-10.5 -7.6 -6.1 14  0.0                           
102125070416105171ピノクル　　　　　　　　　　　　　　  2.2  1.2 24.0 27.8 17.1 37 13.8  1  171   50              
102125070517100870シャトン　　　　　　　　　　　　　　 28.9  5.4-10.0  7.5 -1.4 19  0.0                           
102125070616104238ヤップヤップヤップ　　　　　　　　　  7.1  2.0 10.0 15.0  8.2 28 11.4                           
102125070717104151ディープハーモニー　　　　　　　　　 28.3  5.2 -1.7-14.1 -4.9 15  0.0                           
102125070816103499グレートベースン　　　　　　　　　　 13.0  2.8-12.0-15.0 -8.9 11  0.0                           
102125070916103097ビッグブルー　　　　　　　　　　　　 17.3  3.5 -2.5-12.5 -4.7 15  0.0                           
102125071016104400アドマイヤリーブラ　　　　　　　　　 16.8  3.4-12.0 -8.7 -7.0 13  0.0                           
102125071114100524ナンヨーマーズ　　　　　　　　　　　 14.5  3.1  6.0-12.5 -1.5 18  0.0                           
102125071216102113ケルンキングダム　　　　　　　　　　  5.1  1.7  8.5 11.0  6.4 26 15.0                           
102125080117104238フームスムート　　　　　　　　　　　 17.8  3.5-10.5-12.5 -7.6 12  0.0                           
102125080216100147シンソク　　　　　　　　　　　　　　 39.6  6.9-10.0 -9.1 -6.4 14  0.0                           
102125080317100300イッツオーライト　　　　　　　　　　 56.8  9.3-10.0-12.5 -7.4 13  0.0                           
102125080417101904コスモケルビン　　　　　　　　　　　 69.8 11.3-10.0-12.5 -7.4 13  0.0                           
102125080517105027エターナリー　　　　　　　　　　　　  2.2  1.3 24.0  5.0 10.3 30 13.8                           
102125080617110155ジャスパーエース　　　　　　　　　　 17.4  3.4-12.0-15.0 -8.9 11  0.0                           
102125080717106365スズカパンサー　　　　　　　　　　　  4.2  1.6 11.5 18.0  9.6 30 10.5                           
102125080816104716グリッサード　　　　　　　　　　　　 14.1  2.9  7.2 22.5  9.4 29  0.0                           
102125080916110154エヴァキュアン　　　　　　　　　　　 24.8  4.6-12.0 -8.9 -7.1 13  0.0                           
102125081017101420アイルビーメジャー　　　　　　　　　 47.5  8.1-10.5-12.5 -7.6 12  0.0                           
102125081117106227オーバーリミット　　　　　　　　　　  8.8  2.2-12.0  9.0 -1.7 18 16.3                           
102125081216104253ウィッチクラフト　　　　　　　　　　 19.3  3.7-12.0  9.0 -1.7 18  0.0                           
102125081317103272アンブローニュ　　　　　　　　　　　 11.3  2.5 10.0-12.5 -0.1 20 17.5                           
102125081416100072タイセイドレッサー　　　　　　　　　 12.6  2.7 -2.5  9.0  1.8 22  0.0                           
102125081517103261エウロパ　　　　　　　　　　　　　　 70.4 11.4-10.0  7.5 -1.4 19  0.0                           
102125090112100683マイネルプロンプト　　　　　　　　　  5.3  1.7 24.0  9.0 11.5 32  0.0                           
102125090216102620ディード　　　　　　　　　　　　　　 31.0  5.9-10.0-15.0 -8.2 12  0.0                           
102125090315101155コーンスス　　　　　　　　　　　　　 33.0  6.2-12.0 -7.0 -6.5 14  0.0                           
102125090412103532マイネルレオーネ　　　　　　　　　　  5.4  1.7 10.8 22.5 10.7 31  0.0                           
102125090514103551メイショウタカトラ　　　　　　　　　 23.0  4.5-10.5 -1.0 -4.2 16  0.0                           
102125090615105210フィールインラヴ　　　　　　　　　　 16.7  3.5  7.2  6.6  4.6 25 21.3                           
102125090715105550シゲルピーマン　　　　　　　　　　　 35.2  6.6-12.0-18.2 -9.9 10  0.0  0                        
102125090814104072ボナパルト　　　　　　　　　　　　　 12.7  2.9  0.5 18.0  5.6 26 13.1                           
102125090914101874マイブルーヘブン　　　　　　　　　　 13.1  2.9-12.0-15.0 -8.9 11  0.0                           
102125091015104582ケイティクレバー　　　　　　　　　　  3.3  1.4 20.0 30.0 16.3 36 15.0                           
102125091113106000フォイヤーヴェルク　　　　　　　　　  3.0  1.4 14.4 15.0  9.8 30 13.8                           
102125100117101924アイオープナー　　　　　　　　　　　 32.7  6.5-10.0-12.5 -7.4 13  0.0                           
102125100217100717ノブフランクリン　　　　　　　　　　 10.9  2.6 12.6 18.0 10.0 30  0.0                           
102125100315103021ワタシヲマッテル　　　　　　　　　　 18.4  4.0-10.0 12.5  0.1 20  0.0                           
102125100417105204エールオンレール　　　　　　　　　　 22.6  4.7  7.2  9.0  5.3 25  0.0                           
102125100517103927タニノヨセミテ　　　　　　　　　　　  7.5  2.2  3.3  7.3  3.4 23 17.5                           
102125100617104689ブルームスベリー　　　　　　　　　　  4.0  1.6 10.0 15.0  8.2 28 15.0                           
102125100717100627コスモギンガ　　　　　　　　　　　　 39.6  7.8-10.5-12.5 -7.6 12  0.0                           
102125100817104627シルバータイド　　　　　　　　　　　  5.4  1.8 24.0 30.0 17.8 38  0.0                           
102125100917104086ヤマカツパトリシア　　　　　　　　　 16.4  3.7-10.5 -7.3 -6.0 14  0.0                           
102125101017101796リノ　　　　　　　　　　　　　　　　 31.6  6.3-10.5-15.0 -8.4 12  0.0                           
102125101117106221タカンナ　　　　　　　　　　　　　　 16.2  3.6  6.0  7.5  4.4 24 14.0                           
102125101217104095ジャルジェ　　　　　　　　　　　　　  3.0  1.4 18.5 22.5 13.5 34 13.8                           
102125101315104700ライレローズ　　　　　　　　　　　　 22.9  4.8-10.0-12.5 -7.4 13  0.0                           
102125110116101947バカラクイーン　　　　　　　　　　　  8.6  2.6  6.0  7.5  4.4 34  0.0                           
102125110217101693コスモカルナック　　　　　　　　　　  2.9  1.5 20.0 18.8 13.0 43 13.8                           
102125110316100520タガノカルラ　　　　　　　　　　　　 14.8  3.7  6.3 16.9  7.4 37  0.0                           
102125110415106163ミアグア　　　　　　　　　　　　　　 19.6  4.7 12.0  9.0  7.1 37 23.8                           
102125110517104484エーティーメジャー　　　　　　　　　 26.6  6.0  7.2-18.2 -2.8 27  0.0  0                        
102125110617100452ルクルト　　　　　　　　　　　　　　  6.7  2.2-12.0  9.0 -1.7 28 15.0                           
102125110717103886ラキ　　　　　　　　　　　　　　　　 30.0  6.7 -1.7-11.4 -4.0 26  0.0                           
102125110816104227ジョニーズララバイ　　　　　　　　　 15.0  3.7 18.0-14.1  2.4 32  0.0  0                        
102125110915101382グッドワード　　　　　　　　　　　　 16.7  4.1-10.5-15.0 -8.4 22  0.0                           
102125111015102095クリノイダテン　　　　　　　　　　　 44.6  9.6-12.0-16.8 -9.4 21  0.0  0                        
102125111117102105ニシノストーム　　　　　　　　　　　  8.7  2.6 15.0-12.5  1.8 32  0.0                           
102125111215102479レジーナファースト　　　　　　　　　 32.0  7.1-12.0 -7.0 -6.5 24  0.0                           
102125111316102950マリノスピカ　　　　　　　　　　　　 38.5  8.4-10.5-12.5 -7.6 22  0.0                           
102125111416103272スキップ　　　　　　　　　　　　　　 34.8  7.6-12.0 -9.0 -7.1 23  0.0                           
102125111516102670マイネルアルケミー　　　　　　　　　 13.4  3.4 10.0 12.5  7.4 37  0.0                           
102125111615102395ルールダーマ　　　　　　　　　　　　 44.6  9.6-12.0-15.0 -8.9 21  0.0                           
102125111716101956オルダージュ　　　　　　　　　　　　 20.9  4.9-10.0 15.0  0.8 31 17.5                           
102125111815101342マジックバローズ　　　　　　　　　　 26.6  6.0-12.0-15.0 -8.9 21  0.0                           
102125120116109096フクノワイルド　　　　　　　　　　　 29.3  6.7-12.0-15.0 -8.9 21  0.0                           
102125120216100368オンワードセルフ　　　　　　　　　　 37.8  8.5-10.5-15.0 -8.4 22  0.0                           
102125120313100206ウインドオブホープ　　　　　　　　　 36.6  8.2-10.0-12.5 -7.4 23  0.0                           
102125120414100583プエルタデルソル　　　　　　　　　　 11.0  3.0-12.0  9.0 -1.7 28  0.0                           
102125120515103138サンティーニ　　　　　　　　　　　　  4.8  1.8-12.0 22.5  2.3 32 15.0                           
102125120617103285アースライザー　　　　　　　　　　　 31.0  7.1-12.0-15.0 -8.9 21  0.0                           
102125120716100610カーブドシール　　　　　　　　　　　 84.6 17.7-12.0-15.0 -8.9 21  0.0                           
102125120816101646グランドビクトリー　　　　　　　　　  3.9  1.7 16.0 30.0 14.9 45 13.8                           
102125120914109007クリノヴィクトリア　　　　　　　　　 64.7 13.7-10.5-12.5 -7.6 22  0.0                           
102125121015100411スターシード　　　　　　　　　　　　 33.8  7.7-10.0-12.5 -7.4 23  0.0                           
102125121117101334ジョウショーリード　　　　　　　　　 14.6  3.7-10.0 -9.0 -6.4 24 14.9                           
102125121217101372クーファアチャラ　　　　　　　　　　  5.4  1.9 12.0 24.4 11.7 42 16.3                           
102125121316104908ポップフランセ　　　　　　　　　　　 16.1  4.1-12.0  2.4 -3.7 26  0.0                           
102125121416103756キタサンチャンドラ　　　　　　　　　 15.7  4.0-10.5 17.4  1.4 31  0.0                           
102125121514104240フラッグアドミラル　　　　　　　　　 11.6  3.1  6.0-12.5 -1.5 28  0.0                           
102125121617100197ホッコーアカツキ　　　　　　　　　　  7.1  2.3  9.6  3.0  4.4 34  0.0                           
