012122010119104263ブローヴェイス　　　　　　　　　　　 13.8  3.2  4.5  3.7  2.7  8  0.0                           
012122010219106179ハートホイップ　　　　　　　　　　　  6.7  2.1  8.6  2.7  3.6  9 20.2                           
012122010319104841カルネアサーダ　　　　　　　　　　　 11.5  2.8 -4.5-20.0 -8.7 -4  0.0                           
012122010419110071エレクトロワールド　　　　　　　　　  8.5  2.4  8.7  0.8  2.9  8 21.6                           
012122010519105130プラソン　　　　　　　　　　　　　　  3.5  1.4 18.1 18.9 12.4 17 15.8                           
012122010619105238フリートオブフット　　　　　　　　　  3.5  1.4 17.2 21.3 13.0 18  0.0                           
012122010719104643ミッドナイトミニー　　　　　　　　　 25.1  5.3-10.3 25.9  6.4 11  0.0  2                        
012122010819103360ジョーブリッランテ　　　　　　　　　  4.4  1.6 11.8  8.1  6.5 12  0.0  5                        
012122010919101177アーサーズウィーク　　　　　　　　　  8.9  2.5  4.4  5.1  3.2  8  0.0                           
012122020118105883グランポートリネス　　　　　　　　　 34.5  7.6-12.3 -6.5 -6.1 -1  0.0                           
012122020218104540ウエイトジャッジ　　　　　　　　　　 15.1  3.8 -2.2  4.8  1.1  6  0.0                           
012122020318104530フィエラブラス　　　　　　　　　　　  5.0  1.8 12.7 12.2  8.3 13 17.3                           
012122020418105406シルヴェスター　　　　　　　　　　　 19.1  4.6 -1.5 -3.7 -1.8  3  0.0                           
012122020518101099フォトンストリーム　　　　　　　　　 26.6  6.0 -9.0 -6.2 -5.0  0  0.0                           
012122020618105290カフジドラド　　　　　　　　　　　　  7.6  2.4  8.4  9.1  5.9 11  0.0  5                        
012122020718103690マリアッチ　　　　　　　　　　　　　 28.8  6.5-10.3 13.2  1.8  7  0.0                           
012122020818106496メイショウケンジャ　　　　　　　　　  3.5  1.6 20.0 10.4  9.8 15 15.8                           
012122020918101479テイエムキセキダン　　　　　　　　　  7.7  2.4  7.7  3.3  3.5  9  0.0                           
012122021018104729ワセダハーツ　　　　　　　　　　　　  5.4  1.9 10.1 14.1  8.2 13  0.0                           
012122021118104513ショスタコーヴィチ　　　　　　　　　  6.9  2.2 16.9  5.4  7.1 12 20.2                           
012122021218100447ダンスインザスノー　　　　　　　　　 14.1  3.6  7.3 -0.4  2.0  7  0.0                           
012122030118104421ガビーズスピリット　　　　　　　　　 16.8  3.7  1.1 -1.3 -0.1  5  0.0                           
012122030218102541キュールエライジン　　　　　　　　　 16.1  3.6  1.8-10.3 -3.2  2  0.0                           
012122030318106111ソルトレイト　　　　　　　　　　　　 39.4  7.6-10.5-10.3 -6.9 -2  0.0                           
012122030418100829ウィリアムバローズ　　　　　　　　　  4.3  1.6 15.0 15.4 10.1 15  0.0                           
012122030518104528ペダンクルアーチ　　　　　　　　　　 18.9  4.1 -7.3 -9.0 -5.5  0  0.0                           
012122030618101205テイエムリオン　　　　　　　　　　　  5.9  1.8 12.8 10.4  7.7 13 18.7                           
012122030718104303エンドステージ　　　　　　　　　　　 29.8  5.9-12.3 -7.0 -6.3 -1  0.0                           
012122030818104360シゲルダイナミック　　　　　　　　　  2.7  1.4 17.3  6.5  7.6 13 15.8                           
012122030918100720ゲットアップ　　　　　　　　　　　　 27.6  5.6 -5.1 -5.3 -3.5  2  0.0                           
012122031018106803ツーエムタイガー　　　　　　　　　　 27.5  5.5-12.3-10.3 -7.5 -2  0.0                           
012122031118102760ライム　　　　　　　　　　　　　　　  9.5  2.6 11.3  7.6  6.2 11 21.6                           
012122031218101326タイセイフリート　　　　　　　　　　  9.0  2.5 13.0 10.8  7.9 13  0.0                           
012122031318105709レッドグレイシャー　　　　　　　　　 38.7  7.5-12.7 -5.5 -5.8 -1  0.0                           
012122031418103163アルマブレイド　　　　　　　　　　　 25.1  5.1 -7.3-10.7 -6.1 -1  0.0                           
012122040118103953ドルチェヴィータ　　　　　　　　　　 40.8  7.6-10.3-10.3 -6.9 -2  0.0                           
012122040218105800ミステリーツアー　　　　　　　　　　 50.5  9.3-10.4-13.9 -8.2 -3  0.0                           
012122040318100756シュアーヴアリア　　　　　　　　　　  7.1  2.0  8.2  7.4  5.2 10  0.0                           
012122040418103482シルバーファーン　　　　　　　　　　 41.3  7.7 -8.2 -9.2 -5.8 -1  0.0                           
012122040518104908アルジェントステラ　　　　　　　　　  5.8  1.8 14.3 12.7  8.9 14  0.0                           
012122040618106341レッドアヴニール　　　　　　　　　　 50.4  9.2-12.7 -5.5 -5.8 -1  0.0                           
012122040718104678フレーズバニーユ　　　　　　　　　　 27.0  5.3 -2.5 -5.3 -2.7  2  0.0                           
012122040818104650スプリングクルーズ　　　　　　　　　 56.9 10.1-12.3 -1.0 -4.1  1  0.0                           
012122040918105241ホウオウラフィット　　　　　　　　　  2.2  1.3 23.9 21.3 15.0 20 15.8                           
012122041018104477ヴィトーリア　　　　　　　　　　　　  7.8  2.2 14.3 10.8  8.3 13 21.6                           
012122041118106280トリプルフォー　　　　　　　　　　　  5.8  1.8 11.5 14.8  8.9 14 18.7  4                        
012122041218105160トゥールアンレール　　　　　　　　　 24.4  4.8 -2.9  4.0  0.6  6  0.0                           
012122041318103050ソルフィネット　　　　　　　　　　　 19.3  4.0  5.3  0.3  1.7  7  0.0                           
012122041418100647ディープステイト　　　　　　　　　　 17.5  3.7 -9.3  4.0 -1.3  4  0.0                           
012122050119106751イズジョーアーサー　　　　　　　　　 11.5  4.6 -2.7  0.3 -0.7 -1  0.0                           
012122050219104546ワカミヤプレスト　　　　　　　　　　 27.9 10.6-12.7-10.7 -7.7 -8  0.0                           
012122050319105041ホウオウプレミア　　　　　　　　　　  2.6  1.4 17.2 16.0 11.0 11  0.0                           
012122050419101422サンストックトン　　　　　　　　　　  2.6  1.4 19.6 35.1 18.8 19 15.8  1  151   44              
012122050519105367ドット　　　　　　　　　　　　　　　  4.2  2.0 15.3 18.0 11.2 11 18.7                           
012122050619100792マイネルクリソーラ　　　　　　　　　 17.1  6.7-14.9-11.0 -8.5 -9  0.0                           
012122050719104550ストキャスティーク　　　　　　　　　  5.4  2.5 12.2  9.1  7.0  7 20.2                           
012122060117100825ナイトコマンダー　　　　　　　　　　 14.0  3.1  6.5  3.7  3.3 23  0.0                           
012122060217101524レムリアンシード　　　　　　　　　　 30.4  5.8-12.3-10.7 -7.6 12  0.0                           
012122060316102421ランランウイング　　　　　　　　　　  7.8  2.1  7.6  2.0  3.0 23  0.0                           
012122060416102934サウスパッキオ　　　　　　　　　　　 22.6  4.4-12.3 22.0  4.4 24  0.0                           
012122060518102724ニシノミズカゼ　　　　　　　　　　　  4.4  1.5 17.2 12.8  9.9 30 17.3                           
012122060618102719フィールドモーリス　　　　　　　　　 19.6  4.0  1.6 -4.4 -1.1 19  0.0                           
012122060715101248フロイデ　　　　　　　　　　　　　　 23.9  4.7  1.0  0.5  0.5 20  0.0                           
012122060818103596タマモヒメギミ　　　　　　　　　　　  2.4  1.3 20.3 18.9 13.0 33 15.8                           
012122060916101346アンビル　　　　　　　　　　　　　　 15.6  3.3  3.7  0.5  1.3 21  0.0                           
012122061018103191セイウンノウヒメ　　　　　　　　　　 16.7  3.5 -2.0-10.3 -4.4 16  0.0                           
012122061117100050ヒートライトニング　　　　　　　　　  5.2  1.7 16.3 17.8 11.4 31 18.7                           
012122061216102855ガビーズメモリー　　　　　　　　　　 36.4  6.8 -9.2 -2.7 -3.8 16  0.0                           
012122070117103378リアルシング　　　　　　　　　　　　  5.2  1.9 13.3  7.1  6.6 27  0.0                           
012122070218104996ヒストリアノワール　　　　　　　　　 16.5  4.1  3.5  9.0  4.3 24  0.0                           
012122070316102183メイショウラッシュ　　　　　　　　　 11.4  3.0  6.0  4.2  3.3 23 21.6                           
012122070418102988キアヌマウナ　　　　　　　　　　　　 23.6  5.5 -1.9  0.5 -0.4 20 31.7                           
012122070518101001ピクトルテソーロ　　　　　　　　　　  6.6  2.2 14.1  9.2  7.6 28 20.2                           
012122070618105530ゴットゴーゴー　　　　　　　　　　　 13.4  3.4  2.7 -0.4  0.7 21  0.0                           
012122070717103796クリノウマーベラス　　　　　　　　　 17.8  4.4 -6.5 -3.3 -3.2 17  0.0                           
012122070816106501アミュリオン　　　　　　　　　　　　 19.8  4.8 -6.1-13.6 -6.8 13  0.0                           
012122070918100247テンウォークライ　　　　　　　　　　 34.1  7.6 -8.4-10.7 -6.4 14  0.0                           
012122071018103094ディーエスボンバー　　　　　　　　　  3.6  1.6 15.9  8.0  7.7 28  0.0                           
012122071117101420アイルビーメジャー　　　　　　　　　 18.7  4.6 -8.0  0.5 -2.2 18  0.0                           
012122071218100551サンエルセントロ　　　　　　　　　　  5.0  1.8  4.9 13.7  6.5 26  0.0                           
012122071317105579フォアシュピール　　　　　　　　　　 22.2  5.2-12.3-17.8-10.2 10  0.0                           
012122071418100923ヴィクトリオン　　　　　　　　　　　 44.6  9.8-12.0 -4.5 -5.3 15  0.0                           
012122080118104016サクラカレント　　　　　　　　　　　 13.3  3.8 -4.9  1.1 -1.1 19  0.0                           
012122080218101979イッツユアタイム　　　　　　　　　　  6.6  2.4 12.8  5.1  5.7 26  0.0                           
012122080317105144ポレンティア　　　　　　　　　　　　  8.7  2.9  3.3  9.7  4.5 25  0.0                           
012122080416105872クリノイヴァンカ　　　　　　　　　　 11.7  3.4  0.6 -0.4  0.0 20  0.0                           
012122080518100190アトミックフレア　　　　　　　　　　 10.7  3.2  4.5 -0.3  1.2 21 24.5                           
012122080617106615ポピュリズム　　　　　　　　　　　　 12.7  3.6  0.8 -0.4  0.1 20  0.0                           
012122080718103534ブレリア　　　　　　　　　　　　　　 34.2  8.6-13.4-10.7 -7.9 12  0.0                           
012122080818104655デルマアミダ　　　　　　　　　　　　 36.6  9.2-10.4-10.7 -7.0 13  0.0                           
012122080917103844イッツアワターン　　　　　　　　　　 40.9 10.1-12.7-20.0-11.1  9  0.0                           
012122081017105323サトノヴィーナス　　　　　　　　　　  8.1  2.8  2.4 40.0 15.4 35  0.0                           
012122081118106504サトノアイ　　　　　　　　　　　　　  5.0  2.0 17.8 28.3 15.7 36 15.8  2                        
012122081218104825フラリオナ　　　　　　　　　　　　　  6.3  2.3 11.7  9.5  7.0 27  0.0                           
012122081317104688マルカエイペックス　　　　　　　　　 16.2  4.5 -6.5  0.6 -1.7 18  0.0                           
012122081417105151ユールファーナ　　　　　　　　　　　  7.5  2.6  9.9 16.7  9.1 29 20.2                           
012122090118101559ゼンノアンジュ　　　　　　　　　　　 17.7  3.8-10.3  7.7 -0.3 30  0.0                           
012122090214103036プリンセスヨウク　　　　　　　　　　 13.0  3.0  1.4 -1.0  0.1 30 23.0                           
012122090316110036カーンテソーロ　　　　　　　　　　　 25.9  5.2-10.3-10.7 -7.0 23  0.0                           
012122090417101162サツキマス　　　　　　　　　　　　　 22.7  4.6-10.3-11.9 -7.5 23  0.0                           
012122090518100546スイートアリエス　　　　　　　　　　  8.4  2.3 10.1 -3.3  1.8 32  0.0                           
012122090616106438マリアルージュ　　　　　　　　　　　 29.1  5.7 -5.1 -9.1 -4.9 25  0.0                           
012122090718106580アルナージ　　　　　　　　　　　　　 16.2  3.5  4.7 -5.0 -0.4 30  0.0                           
012122090815102331カシマフウリン　　　　　　　　　　　 36.0  7.0-12.3-10.7 -7.6 22  0.0                           
012122090917103482コパシーナ　　　　　　　　　　　　　  4.6  1.6 15.9 11.6  9.0 39 17.3                           
012122091017105306ミエノワールド　　　　　　　　　　　  2.6  1.3 20.4 17.1 12.4 42 15.8                           
012122091117103319テンテキセンセキ　　　　　　　　　　  5.6  1.8 14.8 18.6 11.3 41  0.0                           
012122091217100167カイアワセ　　　　　　　　　　　　　  8.8  2.4  5.0  8.6  4.7 35  0.0                           
012122100117102100スプリッツァー　　　　　　　　　　　 29.5  5.3 -9.5-10.7 -6.8 13  0.0                           
012122100218104261プラチナトレジャー　　　　　　　　　  3.3  1.4 17.7 22.6 13.6 34 17.3  2                        
012122100317110027アイロンワークス　　　　　　　　　　 15.8  3.2  8.8  6.6  5.1 25  0.0                           
012122100418101632ウイングリュック　　　　　　　　　　  5.4  1.6 15.3 16.1 10.5 30 18.7  3                        
012122100517110006アルファウェーブ　　　　　　　　　　 10.8  2.4  2.1 13.3  5.5 26  0.0                           
012122100617104781グレースオブナイル　　　　　　　　　  2.7  1.3 18.9 17.3 12.0 32 15.8                           
012122100718106511ロックユー　　　　　　　　　　　　　  7.3  2.0 14.5 15.3 10.0 30  0.0  3                        
012122100817101448ウインアステロイド　　　　　　　　　 23.9  4.5 -8.1 -5.3 -4.4 16  0.0                           
012122100916100273グレルグリーン　　　　　　　　　　　 19.6  3.8-10.5-20.0-10.5 10  0.0                           
012122101018110124ロシアンサモワール　　　　　　　　　 13.8  2.9 -6.1-10.3 -5.6 14  0.0                           
012122110116101340アスタールビー　　　　　　　　　　　 36.4  8.7 -8.1-15.9 -8.3 37  0.0                           
012122110214103017ヒロイックアゲン　　　　　　　　　　 42.8 10.1 -3.6 -5.3 -3.0 42  0.0                           
012122110317105553アヌラーダプラ　　　　　　　　　　　  5.2  2.0 14.7 12.4  9.0 54  0.0                           
012122110416102670マイネルアルケミー　　　　　　　　　  6.5  2.3  8.3  6.6  4.9 50 20.2                           
012122110514104076ジョーアラビカ　　　　　　　　　　　 13.8  3.7  9.6  7.0  5.4 50  0.0  2                        
012122110618102168リンゴアメ　　　　　　　　　　　　　 83.8 18.6-12.7 -7.0 -6.4 39  0.0                           
012122110714102019コロラトゥーレ　　　　　　　　　　　 68.7 15.4-12.3-13.9 -8.8 36  0.0                           
012122110816106339シャンデリアムーン　　　　　　　　　 13.0  3.6  3.6  9.9  4.7 50  0.0                           
012122110916103143エイティーンガール　　　　　　　　　  9.3  3.0 14.1  8.4  7.3 52  0.0                           
012122111015106194センショウユウト　　　　　　　　　　 30.4  7.3-12.7-10.3 -7.6 37  0.0                           
012122111117105537ナイントゥファイブ　　　　　　　　　  7.9  2.6 -3.9  5.5  0.8 46  0.0                           
012122111216101149ロードアクア　　　　　　　　　　　　  5.0  1.9 10.2  4.6  4.7 50 17.3                           
012122111315102264インスピレーション　　　　　　　　　 31.5  7.6 -6.4-10.3 -5.7 39  0.0                           
012122111415105850カイザーメランジェ　　　　　　　　　 43.7 10.3 -9.9-11.0 -7.0 38  0.0                           
012122111518105067ゴールドチャリス　　　　　　　　　　 17.0  4.5 -5.5 -5.0 -3.5 42 27.4                           
012122111615100822タイセイアベニール　　　　　　　　　  4.8  1.9  5.8 10.3  5.5 51  0.0  5                        
012122120117100796ルーチェデラヴィタ　　　　　　　　　 29.4  4.9-10.5 -0.6 -3.4 27  0.0  5                        
012122120218105909エイシンヒテン　　　　　　　　　　　  4.2  1.4 20.1 16.0 11.9 42 18.7                           
012122120317105253コロンドール　　　　　　　　　　　　 15.9  3.0  2.9  0.5  1.1 31  0.0                           
012122120416102723プロース　　　　　　　　　　　　　　  7.9  2.0  7.4  4.2  3.8 34  0.0                           
012122120517100098フジノロケット　　　　　　　　　　　 11.5  2.4  7.4  6.0  4.4 34  0.0                           
012122120618104662ソーヴァリアント　　　　　　　　　　  2.8  1.2 21.5 22.0 14.5 45 17.3                           
012122120715105960カサーレ　　　　　　　　　　　　　　 19.1  3.5  2.9 -5.0 -1.0 29  0.0                           
012122120817105092セントオブゴールド　　　　　　　　　  2.7  1.2 13.8 10.0  7.8 38 15.8                           
012122120917100808デルマラピスラズリ　　　　　　　　　 35.8  5.9-13.4 -8.9 -7.3 23  0.0                           
042142010117101516セイカタチバナ　　　　　　　　　　　 38.8  7.6-12.6-17.5-10.2-10  0.0  0                        
042142010218100905アームストロング　　　　　　　　　　 40.6  7.9-12.1-12.7 -8.3 -8  0.0                           
042142010313103687クラウンディバイダ　　　　　　　　　 12.5  2.9 -1.6  1.0 -0.1  0  0.0                           
042142010416104252ニューツーリズム　　　　　　　　　　  7.2  2.1  6.5 12.2  6.4  6 10.1                           
042142010517101493ヘブンリーキス　　　　　　　　　　　 18.4  4.0-10.1  7.6 -0.2  0  0.0                           
042142010617101558ダウラギリ　　　　　　　　　　　　　 66.2 12.2-12.1-10.2 -7.4 -7  0.0                           
042142010717101160コンドゥクシオン　　　　　　　　　　 29.4  5.9 -6.6 -3.1 -3.1 -3  0.0                           
042142010816104982リバーシブルレーン　　　　　　　　　  4.2  1.6 17.5 17.5 11.7 12 17.3                           
042142010914104912ショウナンマッシブ　　　　　　　　　  6.4  2.0  9.8 11.9  7.3  7  9.4                           
042142011017101185ワーウルフ　　　　　　　　　　　　　  2.8  1.4 21.7 18.9 13.4 13 15.9                           
042142011117106135セイウンクロクモ　　　　　　　　　　 18.2  4.0  3.7 18.4  7.9  8  0.0                           
042142011216102184オノーレペスカ　　　　　　　　　　　  8.8  2.4  5.7  4.6  3.4  3  0.0                           
042142011316105987クリエイトザライフ　　　　　　　　　 14.1  3.2  7.5 -2.2  1.4  1  0.0                           
042142020118106608カキエモン　　　　　　　　　　　　　 39.0  7.3 -3.9-10.8 -5.1  0  0.0                           
042142020218100080アイファージャガー　　　　　　　　　 28.2  5.5 -9.5-10.1 -6.6 -2  0.0                           
042142020318100969デルマアイゼン　　　　　　　　　　　 87.3 15.1-12.1-12.7 -8.3 -3  0.0                           
042142020418101983ズールウォリアー　　　　　　　　　　  4.0  1.5 12.0 13.0  8.4 13  8.7                           
042142020518106706イカロスカフェ　　　　　　　　　　　 14.1  3.1 -3.8-10.0 -4.8  0 11.5                           
042142020618106340ジャスティンターボ　　　　　　　　　 40.7  7.6-12.1-10.0 -7.3 -2  0.0                           
042142020718103850ミヤビプレシャス　　　　　　　　　　 33.6  6.4-12.1 -3.1 -4.8  0  0.0                           
042142020818105150デュークアックス　　　　　　　　　　 10.7  2.5  7.8 11.8  6.7 12  0.0                           
042142020918101806マサノオリオン　　　　　　　　　　　  9.4  2.5  7.5  7.9  5.1 10  0.0                           
042142021018104880サファル　　　　　　　　　　　　　　  4.6  1.6 14.9 12.6  9.1 14 18.8                           
042142021118103301テイエムアトム　　　　　　　　　　　 15.0  3.3  6.5 12.0  6.3 11  0.0  5                        
042142021218103029カンリンポチェ　　　　　　　　　　　  2.7  1.3 21.8 21.3 14.4 19 15.9                           
042142021318102809カシオペアテソーロ　　　　　　　　　 40.4  7.5 -6.9-14.1 -7.2 -2  0.0                           
042142021418106611ケプチャン　　　　　　　　　　　　　 51.1  9.4-14.3  4.6 -2.6  2  0.0                           
042142030119101262ショウナンアメリア　　　　　　　　　  3.7  1.5 20.0 17.9 12.6 18 17.3                           
042142030219103966オーブリオン　　　　　　　　　　　　 61.9 10.7-12.1 -5.9 -5.8 -1  0.0                           
042142030319104684ベガスバケーション　　　　　　　　　  8.7  2.3  6.4  8.2  4.9 10 10.1                           
042142030419104374アカザ　　　　　　　　　　　　　　　 38.1  7.0-10.0  5.8 -0.9  4  0.0                           
042142030519101162ラッパラッパー　　　　　　　　　　　 38.9  7.2-12.1-12.7 -8.3 -3  0.0                           
042142030619104949サバイバルアート　　　　　　　　　　 11.2  2.6  6.8  5.8  4.2  9  0.0                           
042142030719103440ミラビリス　　　　　　　　　　　　　 41.8  7.7-11.8-12.5 -8.1 -3  0.0                           
042142030819102073ランコントル　　　　　　　　　　　　  9.4  2.4  8.2  4.1  4.0  9  0.0                           
042142030919103926ヨツバノクローバー　　　　　　　　　 47.6  8.6-12.6-15.3 -9.4 -4  0.0                           
042142031019104551ポルテーニャ　　　　　　　　　　　　 18.5  3.8  3.2 -3.3 -0.3  5  0.0                           
042142031119106031サンマルソムニア　　　　　　　　　　 43.0  7.9-11.8  3.9 -2.1  3  0.0  3                        
042142031219105511リアグラシア　　　　　　　　　　　　  2.7  1.3 22.0 17.1 12.9 18 15.9                           
042142031319102273モリノドリーム　　　　　　　　　　　 16.7  3.5  4.8 14.7  6.8 12  0.0                           
042142031419100935ニシノラブウインク　　　　　　　　　  6.4  1.9 12.6 12.0  8.2 13  9.4                           
042142040118100757スズアンジー　　　　　　　　　　　　 37.8  8.5 -5.0 -9.6 -5.0  0  0.0                           
042142040218103445ウエスタンアミーゴ　　　　　　　　　  9.2  2.8  9.8  8.0  5.9 11 10.9                           
042142040318102691ハクサンタマテバコ　　　　　　　　　  5.6  2.0 10.4  9.5  6.6 12  8.7                           
042142040418102324ショウナンアドール　　　　　　　　　 11.6  3.1  2.6 -2.0  0.0  5  0.0                           
042142040518101310ベイビーシャーク　　　　　　　　　　 23.2  5.5-12.1  9.2 -0.3  5  0.0                           
042142040618104500ハリウッドルビー　　　　　　　　　　 17.9  4.5 -1.4  9.7  3.1  8  0.0                           
042142040718100054サウンドクラウン　　　　　　　　　　 35.7  8.1 -4.5-12.2 -5.8 -1 16.6                           
042142040818102801スノークリスマス　　　　　　　　　　217.8 44.8 -9.3 -7.6 -5.6 -1  0.0                           
042142040918102851セイウンスノー　　　　　　　　　　　 13.2  3.5  8.7  6.2  4.9 10  0.0                           
042142041018105969ギョベクリテペ　　　　　　　　　　　 20.8  5.1  1.6  2.5  1.4  6  0.0                           
042142041118106059ニシノソメイノ　　　　　　　　　　　  8.4  2.6 10.4 11.4  7.3 12  0.0                           
042142041218105570ルティレ　　　　　　　　　　　　　　 77.0 16.3-11.8-10.0 -7.2 -2  0.0                           
042142041318106159ニューフィー　　　　　　　　　　　　 77.0 16.3 -8.4 -7.6 -5.3  0  0.0                           
042142041418100376アインジェニー　　　　　　　　　　　  6.2  2.1  6.0-10.0 -1.9  3  9.4                           
042142041518109115マーゴットスタート　　　　　　　　　 22.8  5.4-11.8-10.0 -7.2 -2  0.0                           
042142041618100158リネンデザイン　　　　　　　　　　　  3.5  1.6 15.3 15.3 10.2 15  7.9                           
042142041718101825ショウユアセルフ　　　　　　　　　　 28.9  6.7-12.1-18.6-10.4 -5  0.0                           
042142041818102012ヤマニンオドラント　　　　　　　　　 40.6  9.1  2.3 -2.0  0.0  5 18.0                           
042142050119101908パワーブローキング　　　　　　　　　 20.3  4.2  1.9  3.6  1.9  2  0.0                           
042142050219103355オーケードリーム　　　　　　　　　　 13.6  3.0 10.9  8.1  6.2  6  0.0                           
042142050319104514ユキノオウジサマ　　　　　　　　　　 30.1  5.8 -4.7-11.6 -5.7 -6  0.0                           
042142050419101964ゼウスバイオ　　　　　　　　　　　　 19.4  4.0 -0.2 -4.3 -1.6 -2 12.3                           
042142050519104966セイウンパキラ　　　　　　　　　　　 18.2  3.8-12.1-13.2 -8.5 -8  0.0                           
042142050619101481ブエノスアン　　　　　　　　　　　　 28.0  5.4 -6.8 -8.9 -5.3 -5  0.0                           
042142050719102044エルゲルージ　　　　　　　　　　　　  6.6  1.9 13.1  8.1  6.9  7  9.4                           
042142050819106933ダンテスヴュー　　　　　　　　　　　  2.4  1.3 25.9 20.3 15.2 15 15.9                           
042142050919100739コスモサルム　　　　　　　　　　　　 23.0  4.6-10.1  5.4 -1.0 -1  0.0                           
042142051019105037アドマイヤザルミナ　　　　　　　　　  4.6  1.6 14.8 26.7 14.2 14  8.7                           
042142051119103857ヒラボクレガシー　　　　　　　　　　 26.7  5.2 -2.5-10.1 -4.5 -4  0.0                           
042142051219102080アドーニス　　　　　　　　　　　　　 49.3  9.0-12.1-10.7 -7.6 -8  0.0                           
042142051319103501ベルヴュードライヴ　　　　　　　　　 41.0  7.6-11.8-10.0 -7.2 -7  0.0                           
042142051419106877ミナモトフェイス　　　　　　　　　　  6.9  2.0 12.6 17.3 10.1 10 10.1                           
042142060118105547フォルトゥナータ　　　　　　　　　　 24.0  5.3 -2.4  4.3  0.9  6  0.0                           
042142060218105219ルージュセリーズ　　　　　　　　　　  3.7  1.6 18.1 13.6 10.4 15 15.9                           
042142060318102575ソレンニータ　　　　　　　　　　　　 19.2  4.4  3.3 18.5  7.8 13  0.0                           
042142060418104754リファインドマナー　　　　　　　　　  6.5  2.1 11.9 10.0  7.2 12 10.1  5                        
042142060518101353スタージュエル　　　　　　　　　　　 62.0 12.3-11.8-15.0 -9.0 -4  0.0                           
042142060618103538エーアイダンサー　　　　　　　　　　  5.4  1.9 13.4  6.5  6.4 11  9.4                           
042142060718101342ブラックピンク　　　　　　　　　　　 32.3  6.9 -6.4-12.6 -6.5 -2  0.0                           
042142060818106820アナタノトリコ　　　　　　　　　　　189.1 36.2-11.8-12.9 -8.3 -3  0.0                           
042142060918100423アイリーライフ　　　　　　　　　　　 34.7  7.4-12.1-11.3 -7.8 -3  0.0                           
042142061018103739ビリーヴインミー　　　　　　　　　　  3.9  1.6 19.5 13.4 10.8 16  8.6A                          
042142061118103400スマイルハライト　　　　　　　　　　 34.0  7.2-10.0  4.6 -1.3  4  0.0                           
042142061218106488アイアムヤルワヨ　　　　　　　　　　 24.6  5.4 -2.3 17.0  5.5 11  0.0                           
042142061318104614リテラチュア　　　　　　　　　　　　 18.2  4.2-11.8-10.0 -7.2 -2  0.0                           
042142061418102885カフェリリー　　　　　　　　　　　　 11.7  3.0  3.7 -3.1  0.0  5  0.0                           
042142061518101369ティプシーワールド　　　　　　　　　  9.5  2.7 17.1  6.0  7.3 12 10.9                           
042142070118103504ペルスネージュ　　　　　　　　　　　 11.5  3.0 -6.0 -1.9 -2.5  3  0.0                           
042142070218104967ゴランディ　　　　　　　　　　　　　 32.4  7.3 -9.2 -2.0 -3.5  2  0.0                           
042142070318104773ホットポッド　　　　　　　　　　　　  5.8  2.1 16.9 10.9  9.1 14 17.3                           
042142070418102307ベルピエース　　　　　　　　　　　　  8.8  2.7  3.4 11.3  5.2 10 10.8                           
042142070518103136ケイアイイモーテル　　　　　　　　　 19.3  4.7  1.7  7.3  3.2  8  0.0                           
042142070618103543レヴォリオ　　　　　　　　　　　　　  8.2  2.6  2.8  6.0  3.0  8  9.4                           
042142070718104619プラズマウェーク　　　　　　　　　　 41.0  9.0-12.6-10.8 -7.7 -3  0.0                           
042142070818106891ダイスギミッチー　　　　　　　　　　 94.1 19.3-12.6 -8.7 -7.0 -2  0.0                           
042142070918106871サンマルシップ　　　　　　　　　　　 28.5  6.5-11.8-18.1-10.2 -5  0.0  0                        
042142071018104831ローブデソワレ　　　　　　　　　　　 25.5  5.8 -9.3-12.9 -7.5 -3  0.0                           
042142071118103506スプリングムーン　　　　　　　　　　 29.1  6.6 -4.5 -9.7 -4.9  0  0.0                           
042142071218100410ダノンターキッシュ　　　　　　　　　  3.2  1.6 22.3 14.9 12.2 17 15.9                           
042142071318102483ベルベデール　　　　　　　　　　　　118.4 24.1-12.1-14.9 -9.1 -4  0.0                           
042142071418103417ブライリー　　　　　　　　　　　　　 16.2  4.0  3.5-13.6 -3.9  1  0.0                           
042142071518105889グランドレグルス　　　　　　　　　　 82.7 17.0-12.1-10.8 -7.6 -3  0.0                           
042142071618102144マイネルパリオート　　　　　　　　　  8.5  2.6  9.4 14.3  8.1 13  0.0                           
042142071718100899スマイルフェアリー　　　　　　　　　 52.2 11.3 -3.8  7.9  1.8  7  0.0                           
042142071818102142マイネルダンク　　　　　　　　　　　  9.4  2.8 19.1 -2.0  5.0 10  0.0                           
042142080116102949マリノリヴィエール　　　　　　　　　 82.8 15.7 -8.0 -9.2 -5.8 14  0.0                           
042142080218102382ライヴクラッカー　　　　　　　　　　  7.5  2.2  3.0  5.8  3.0 23  0.0                           
042142080317106283トリプルシックス　　　　　　　　　　 31.5  6.5 -7.5  5.8 -0.1 20  0.0                           
042142080416105576シュロス　　　　　　　　　　　　　　149.8 27.9 -8.2-15.0 -8.0 12  0.0  0                        
042142080517100141クィーンアドバンス　　　　　　　　　 92.8 17.5-13.0-15.7 -9.7 10  0.0                           
042142080616102368ヤンチャプリヒメ　　　　　　　　　　 26.2  5.5-11.8 -4.0 -5.0 15  0.0                           
042142080718101054チャイブテソーロ　　　　　　　　　　  2.6  1.4 23.9 17.4 13.6 34  7.9                           
042142080817101761ラブロッソー　　　　　　　　　　　　 20.4  4.5  2.5  8.0  3.7 24  0.0                           
042142080918104365マイグレーション　　　　　　　　　　 11.7  2.9  4.7  2.4  2.3 22  0.0                           
042142081018100576ファントムルージュ　　　　　　　　　  7.5  2.2  9.4  1.9  3.5 24  0.0                           
042142081117109086ルヴァンヴェール　　　　　　　　　　 22.7  4.9 -6.9-10.0 -5.7 14 13.7                           
042142081218106582ビップエレナ　　　　　　　　　　　　 14.8  3.5  7.2  6.9  4.7 25 12.3                           
042142081318103001ケヴィンズクロス　　　　　　　　　　  6.2  2.0 15.6 -8.6  1.5 22  0.0                           
042142081417101818ラブアドベンチャー　　　　　　　　　 25.9  5.5-12.1-13.1 -8.4 12 14.5                           
042142081517103454メシアン　　　　　　　　　　　　　　  6.7  2.1 11.6 15.0  9.0 29 18.8                           
042142090116100855マックスアン　　　　　　　　　　　　 95.1 15.2-11.8 -8.9 -6.8 23  0.0                           
042142090217103117ラブリーエンジェル　　　　　　　　　 12.1  2.6  0.4  7.6  2.9 33  0.0                           
042142090315104066ノーザンクリス　　　　　　　　　　　151.9 23.8-12.1-13.3 -8.5 21  0.0                           
042142090417105803ヒイロメープル　　　　　　　　　　　 43.7  7.5-12.1-10.0 -7.3 23  0.0                           
042142090517105301ラヴィンフォール　　　　　　　　　　 36.4  6.4-13.0-10.4 -7.7 22  0.0                           
042142090616100106フィストバンプ　　　　　　　　　　　 10.8  2.4 11.3 28.0 13.7 44  0.0                           
042142090716101841ストロングライン　　　　　　　　　　 13.3  2.8 10.0  5.3  4.9 35 11.6                           
042142090817101715タガノキングロード　　　　　　　　　  8.7  2.2  4.1  8.0  4.2 34  9.4                           
042142090918104834アリエノール　　　　　　　　　　　　  2.6  1.3 21.2 20.0 13.7 44 15.9                           
042142091015104534スパイスマジック　　　　　　　　　　 37.8  6.6 -8.6 -8.1 -5.6 24  0.0                           
042142091116100757マイネルイヴィンス　　　　　　　　　 34.5  6.1-12.6 -9.7 -7.3 23  0.0                           
042142091214105247ストロングレヴィル　　　　　　　　　 23.4  4.3 -6.8 -3.1 -3.2 27  0.0  0                        
042142091318103804ノーブルシルエット　　　　　　　　　  3.3  1.4 20.8  4.8  8.0 38 17.3                           
042142091416100279ベルジュネス　　　　　　　　　　　　 13.4  2.8  2.6  6.5  3.2 33  0.0                           
042142091516104519レッドエンヴィー　　　　　　　　　　 23.8  4.4 -2.2  4.6  1.0 31  0.0                           
042142100116104436エフティイーリス　　　　　　　　　　 15.4  3.6  0.5 -4.6 -1.5 28  0.0                           
042142100217104345ラキャラントシス　　　　　　　　　　 19.6  4.4-12.1-11.8 -8.0 22  0.0                           
042142100316104387グルファクシー　　　　　　　　　　　 11.0  2.8  0.9  1.0  0.6 31 10.8  0                        
042142100416102938マリノジュリア　　　　　　　　　　　 13.9  3.3 -0.5  6.0  2.0 32 12.3                           
042142100517105202ドナキアーロ　　　　　　　　　　　　 16.8  3.9 -2.3 -5.6 -2.7 27  0.0                           
042142100613103160ハギノカエラ　　　　　　　　　　　　 22.0  4.8  4.5 -0.3  1.2 31  0.0                           
042142100717100251マリノソフィア　　　　　　　　　　　  5.8  1.9 10.7 28.3 13.6 44 18.8                           
042142100816104352ガロシェ　　　　　　　　　　　　　　  5.0  1.8 10.3  5.3  5.0 35  8.7                           
042142100916100232ウインメルシー　　　　　　　　　　　 12.9  3.1 -1.3  7.1  2.2 32  0.0                           
042142101016100587フラル　　　　　　　　　　　　　　　  8.8  2.6 10.0  7.1  5.6 36  0.0                           
042142101117104646フローズンスタイル　　　　　　　　　 18.7  4.3 -2.5-15.9 -6.6 23  0.0                           
042142101218105947エイシンチラー　　　　　　　　　　　  2.9  1.4 24.7 23.9 16.2 46  7.9                           
042142110117105097グランデマーレ　　　　　　　　　　　  8.8  2.7 11.1 13.5  8.3 58 17.3                           
042142110214105682ベストアクター　　　　　　　　　　　 36.7  8.0-11.8  4.9 -1.7 48  0.0                           
042142110316104791シャドウディーヴァ　　　　　　　　　  7.0  2.3 10.9 11.7  7.6 58  0.0                           
042142110415106423ラセット　　　　　　　　　　　　　　 32.7  7.2 -6.1-10.3 -5.6 44  0.0                           
042142110516105093アトミックフォース　　　　　　　　　 24.6  5.6 -3.0  5.7  1.2 51  0.0                           
042142110617110144ロータスランド　　　　　　　　　　　  6.8  2.2 15.1  9.0  7.8 58 10.5                           
042142110716102692ハッピーアワー　　　　　　　　　　　143.2 28.6-11.8-10.3 -7.3 43  0.0                           
042142110816104349アンドラステ　　　　　　　　　　　　  6.8  2.2 16.4 18.6 11.7 62 13.8                           
042142110914100235ソッサスブレイ　　　　　　　　　　　 41.2  8.9-11.8-10.7 -7.5 43  0.0                           
042142111016104839ブランノワール　　　　　　　　　　　 52.6 11.2-11.7 -1.5 -4.1 46  0.0                           
042142111118105355ソングライン　　　　　　　　　　　　  2.9  1.5 21.1 20.0 13.7 64 15.9                           
042142111214105887サトノアーサー　　　　　　　　　　　 14.5  3.6 -4.3 -1.9 -2.0 48  0.0                           
042142111316106606カラテ　　　　　　　　　　　　　　　 15.3  3.8  7.8 16.4  8.4 58  0.0                           
042142111417102822クリスティ　　　　　　　　　　　　　 14.4  3.6  4.2  9.2  4.6 55  0.0                           
042142111514106006ミラアイトーン　　　　　　　　　　　 45.6  9.8-13.0  0.5 -3.7 46  0.0                           
042142111616105009［取消］プールヴィ　　　　　　　　　999.9999.9-20.0-20.0-20.0-20  0.0                           
042142111714100971マイスタイル　　　　　　　　　　　　 19.8  4.7-11.7 -4.5 -5.2 45  0.0                           
042142111815105905パクスアメリカーナ　　　　　　　　　 33.6  7.4-10.5  1.6 -2.6 47  0.0                           
042142120118106085トゥーパンクス　　　　　　　　　　　 39.6  7.8 -1.9-10.7 -4.5 16  0.0                           
042142120218104961アヴァノス　　　　　　　　　　　　　  5.9  1.9 15.1  7.3  7.2 27  9.4                           
042142120316101324アイアンゾーン　　　　　　　　　　　 44.6  8.8-11.8-17.5-10.0 10  0.0  0                        
042142120418103205クムシラコ　　　　　　　　　　　　　 31.6  6.4 -6.0  4.6 -0.1 20  0.0                           
042142120518103932フミロア　　　　　　　　　　　　　　  6.8  2.1 10.9 19.1 10.3 30  0.0                           
042142120618105253ベッラノーヴァ　　　　　　　　　　　  2.8  1.4 21.3 15.7 12.1 32 15.9                           
042142120717104266カップッチョ　　　　　　　　　　　　 60.9 11.4-12.1-12.3 -8.1 12  0.0                           
042142120817104234スズノヤマト　　　　　　　　　　　　 63.4 11.9-12.1  5.7 -1.5 18  0.0                           
042142120916101058ネオレインボウ　　　　　　　　　　　 14.2  3.3  2.8  0.4  1.0 21 11.5                           
042142121016101114アセンダント　　　　　　　　　　　　 11.0  2.7 -6.4  6.9  0.6 21 10.9                           
042142121115105401スターライトキス　　　　　　　　　　 52.9 10.3-12.1 -2.4 -4.5 15  0.0                           
042142121217105344アッタヴァンティ　　　　　　　　　　 22.0  4.6-12.1-16.7 -9.8 10  0.0  0                        
042142121316102727スズノムサシ　　　　　　　　　　　　155.3 28.1 -9.3 -9.6 -6.3 14  0.0                           
042142121417102178メルテッドハニー　　　　　　　　　　 29.5  6.0  1.9  7.4  3.3 23  0.0                           
042142121518103883スマートルグラン　　　　　　　　　　  4.5  1.7 15.9  8.2  7.8 28  8.6                           
042142121617106497ハニーリン　　　　　　　　　　　　　 18.4  4.1  5.8 10.5  5.6 26  0.0                           
042142121718102551エスジープリンセス　　　　　　　　　104.6 19.1 -9.2-10.0 -6.4 14  0.0                           
042142121818106841ビービーラノビア　　　　　　　　　　118.2 21.5-14.3 -3.1 -5.4 15  0.0                           
102142010119105179スタローン　　　　　　　　　　　　　  6.6  1.9 10.7 17.4  9.1 14 20.6  3                        
102142010219100643エクロール　　　　　　　　　　　　　 13.3  2.9  2.4 -0.3  0.8  6  0.0                           
102142010319100617ブライトホルン　　　　　　　　　　　 12.8  2.8  6.6 10.5  5.6 11  0.0  5                        
102142010419100901アキノポエム　　　　　　　　　　　　 16.6  3.5  2.4 -1.0  0.6  6  0.0                           
102142010519100806ヴェラフォルツァ　　　　　　　　　　  3.7  1.4 13.7 10.0  8.0 13 13.4                           
102142010619100180スナークステージ　　　　　　　　　　 33.7  6.3-11.5 -8.3 -6.7 -2  0.0                           
102142010719103233ニシノデフィレ　　　　　　　　　　　  2.7  1.2 20.0 22.0 13.9 19 16.2  1  115   67              
102142010819104100メイショウイヌワシ　　　　　　　　　  3.6  1.4 19.1 15.5 11.7 17 17.7                           
102142010919104248ラムリケティ　　　　　　　　　　　　 20.8  4.2-10.0-16.0 -8.5 -3  0.0  0                        
102142020118106486ダンツソアラ　　　　　　　　　　　　 23.2  5.1 -3.4  6.8  0.8  6  0.0                           
102142020218101184サンライズアイガー　　　　　　　　　 17.6  4.1 -0.8  1.0  0.0  5  0.0                           
102142020318103101ケンブリッジセンス　　　　　　　　　 27.8  6.0-13.2 -7.6 -7.1 -2  0.0                           
102142020418102006テーオーターナー　　　　　　　　　　 15.6  3.7  4.3-16.1 -3.3  2 26.5  0                        
102142020518104886ダノングロッケン　　　　　　　　　　 13.4  3.3  0.2-14.8 -4.4  1  0.0  0                        
102142020618105041サヴァニャン　　　　　　　　　　　　 11.5  2.9  7.0  5.3  4.2  9  0.0                           
102142020718102597オンデューティ　　　　　　　　　　　 58.7 11.6 -8.8 -7.0 -5.3  0  0.0                           
102142020818101714イーサンタイガー　　　　　　　　　　 19.2  4.4 -0.6  4.3  1.1  6  0.0                           
102142020918100968ゼンダンリュウ　　　　　　　　　　　  6.3  2.0 10.8 18.0  9.4 14 13.4                           
102142021018104137パラダイスアレイ　　　　　　　　　　 28.1  6.1-10.3-10.9 -7.0 -2  0.0                           
102142021118105738トーアエレクトロン　　　　　　　　　  6.2  2.0 15.4  3.3  6.6 12  0.0                           
102142021218105929エイシンイルハーン　　　　　　　　　  2.7  1.4 17.4 21.3 12.8 18 16.2                           
102142021318100250クレスコロッキー　　　　　　　　　　 59.8 11.9-11.5 -9.0 -6.9 -2  0.0                           
102142021418101187テーオーピタゴラス　　　　　　　　　 89.3 17.4-11.5-13.0 -8.1 -3  0.0                           
102142021518105471ビオグラフィア　　　　　　　　　　　 13.2  3.2 -3.8  2.0 -0.8  4  0.0                           
102142021618105229バンテージポイント　　　　　　　　　 14.5  3.5  2.4 -2.0  0.3  5 25.0                           
102142030118100619トーホウロゼリア　　　　　　　　　　  7.0  2.2 12.0 11.7  7.9 13 20.6                           
102142030218101164テーオーラターシュ　　　　　　　　　 48.9 10.3-11.5-10.2 -7.3 -2  0.0                           
102142030318102911クリムゾンハート　　　　　　　　　　 16.7  4.0  3.3-11.7 -2.3  3  0.0                           
102142030418102029ルコリエ　　　　　　　　　　　　　　 64.7 13.1-11.5-10.2 -7.3 -2  0.0                           
102142030518106457メイショウテンドウ　　　　　　　　　134.1 26.5-11.3 -9.2 -6.9 -2  0.0                           
102142030618105367ルージュメサージュ　　　　　　　　　  7.9  2.4 15.9 25.2 13.4 18  0.0                           
102142030718104166ニホンピロビヨンド　　　　　　　　　 23.4  5.3-10.3-20.0 -9.8 -5  0.0                           
102142030818105268テーオーマシェリ　　　　　　　　　　  6.9  2.2 11.0 18.1  9.5 14  0.0                           
102142030918104057ブリングミージョイ　　　　　　　　　 16.5  4.0 -0.8 -8.6 -2.9  2  0.0                           
102142031018103151オーサムメーカー　　　　　　　　　　 89.6 17.9-11.8-10.2 -7.4 -2  0.0                           
102142031118103825ニホンピロリアン　　　　　　　　　　 10.9  2.9  1.3 24.0  7.7 13 25.0                           
102142031218106638ロマンスタイム　　　　　　　　　　　 51.2 10.8-11.5-20.0-10.2 -5  0.0                           
102142031318101643ウインヴァカンス　　　　　　　　　　  8.7  2.6  6.5 11.0  5.7 11 23.5                           
102142031418106324エニシノウタ　　　　　　　　　　　　  4.5  1.8 10.8 12.7  7.8 13 12.4                           
102142031518104979ジェムフェザー　　　　　　　　　　　  3.5  1.6 12.7 17.5  9.9 15  0.0                           
102142040118104429サンライズメモリー　　　　　　　　　 29.7  6.5 -9.0-20.0 -9.3 -4  0.0  0                        
102142040218102350テーオールノワール　　　　　　　　　 13.3  3.3  3.1  7.6  3.4  8  0.0                           
102142040318101087ヴァンヤール　　　　　　　　　　　　 14.2  3.5  8.0  8.1  5.4 10  0.0                           
102142040418104339メイショウナリヒラ　　　　　　　　　  3.3  1.5 13.5 20.7 11.2 16 16.2                           
102142040518110003マッチレスギフト　　　　　　　　　　  5.2  1.8  9.0  5.5  4.9 10 13.4  0                        
102142040618110046デリカテッセン　　　　　　　　　　　 17.5  4.2  5.2  6.5  3.9  9  0.0                           
102142040718105721カシノシンセイ　　　　　　　　　　　 29.4  6.4-10.3 -8.2 -6.2 -1  0.0                           
102142040818100464ガティット　　　　　　　　　　　　　 47.8 10.1-11.5-15.5 -8.9 -4  0.0  0                        
102142040918103317レインボーヒル　　　　　　　　　　　 35.9  7.7-11.8 -9.0 -7.0 -2  0.0                           
102142041018101840ティーティーゴー　　　　　　　　　　 48.8 10.2 -7.6 -7.0 -4.9  0  0.0                           
102142041118100424ガムラン　　　　　　　　　　　　　　  4.7  1.7 14.7 18.3 10.9 16 17.7 1                         
102142041218102332ストロングカレント　　　　　　　　　  9.2  2.7  4.8 13.6  5.8 11  0.0                           
102142041318103110メイショウコウシ　　　　　　　　　　  6.7  2.2 14.8  7.4  7.6 13 20.6                           
102142041418103023チョモランマ　　　　　　　　　　　　 74.1 14.8-11.5-13.8 -8.4 -3  0.0  0                        
102142041518110068ファインハッピー　　　　　　　　　　 42.1  8.9-11.5-16.3 -9.1 -4  0.0  0                        
102142041618105706オウケンブレイク　　　　　　　　　　 59.2 12.0-12.8-12.8 -8.5 -4  0.0                           
102142050119102678ダイヤノカガヤキ　　　　　　　　　　 47.9  9.0-11.8 -9.7 -7.2 -7  0.0                           
102142050219104169メイショウタイゲイ　　　　　　　　　 20.3  4.3  3.8 -1.9  0.8  1  0.0                           
102142050319104820デルマローレライ　　　　　　　　　　 16.5  3.6  7.4  3.1  3.6  4  0.0                           
102142050419102064クレスコペガサス　　　　　　　　　　126.8 22.1-11.8 -9.0 -7.0 -7  0.0                           
102142050519102261ナニハサテオキ　　　　　　　　　　　 47.9  9.0-11.8 -9.7 -7.2 -7  0.0                           
102142050619106633テイエムアラジン　　　　　　　　　　 34.7  6.7 -4.8 -3.5 -2.8 -3  0.0                           
102142050719105391アレマーナ　　　　　　　　　　　　　  5.4  1.7  7.8 17.9  8.2  8 19.1                           
102142050819105363ヒドゥンヒルズ　　　　　　　　　　　  7.6  2.2  5.6  7.6  4.3  4  0.0                           
102142050919102522ドグマ　　　　　　　　　　　　　　　 46.0  8.7 -8.9  0.4 -3.1 -3  0.0  0                        
102142051019103338スギノバベル　　　　　　　　　　　　 17.4  3.8 -1.0 -3.5 -1.4 -1  0.0                           
102142051119105444スパイダーバローズ　　　　　　　　　  2.6  1.3 21.7 25.0 15.5 15 16.2                           
102142051219106382オールタイムハイ　　　　　　　　　　  4.5  1.6 14.4 14.1  9.5 10 17.7                           
102142051319103813レガーミ　　　　　　　　　　　　　　 44.0  8.3 -4.9  4.9 -0.3  0  0.0                           
102142051419103660ダブルブレンド　　　　　　　　　　　 56.7 10.3-11.5-15.4 -8.8 -9  0.0  0                        
102142051519101255ショウナンダイコク　　　　　　　　　 28.0  5.5-11.5-10.2 -7.3 -7  0.0                           
102142051619104593アトランティス　　　　　　　　　　　 12.7  2.9  5.3  8.9  4.6  5 15.4                           
102142060118100414サンライズブルーム　　　　　　　　　 49.4  8.8 -7.6  3.9 -1.6  3  0.0                           
102142060218100460ララアンドツイカ　　　　　　　　　　 11.7  2.6  9.0 14.5  7.7 13 22.1                           
102142060318103430エスパダアスール　　　　　　　　　　 18.2  3.7  1.2 11.8  4.0  9  0.0  5                        
102142060418105985エイシンイシュタル　　　　　　　　　  2.0  1.2 17.7 27.6 14.8 20 16.2                           
102142060518104283ヒカリノミチ　　　　　　　　　　　　 67.1 11.4-12.8-13.1 -8.6 -4  0.0                           
102142060618110077ベルオロール　　　　　　　　　　　　 17.2  3.5-11.5-13.0 -8.1 -3  0.0                           
102142060718101359プリンスゼンナン　　　　　　　　　　 27.2  5.1-11.5-15.3 -8.8 -4  0.0  0                        
102142060818101876タカジョー　　　　　　　　　　　　　 59.8 10.2-11.5 -9.3 -7.0 -2  0.0                           
102142060918105974テオリス　　　　　　　　　　　　　　  7.1  2.0 11.6 16.6  9.2 14 12.4                           
102142061018103062トーホウジョーカー　　　　　　　　　 52.2  9.2-11.5-15.7 -8.9 -4  0.0  0                        
102142061118106660クリノソワカ　　　　　　　　　　　　115.7 19.2-11.5-16.3 -9.1 -4  0.0                           
102142061218103522ホウオウナビゲータ　　　　　　　　　 23.6  4.5 -2.3  9.3  1.9  7  0.0  5                        
102142061318104183リオンキング　　　　　　　　　　　　 11.2  2.5  9.2 11.2  6.7 12  0.0                           
102142061418103132ジューンブルーム　　　　　　　　　　 14.1  3.0  8.9 15.7  8.0 13  0.0  4                        
102142061518100094ナムラシベラ　　　　　　　　　　　　  9.3  2.4  8.7 15.3  7.8 13 19.1  5                        
102142061618106565ブレーヴソウル　　　　　　　　　　　180.6 29.6-11.8-15.9 -9.1 -4  0.0  0                        
102142061718104001リープヘヴン　　　　　　　　　　　　195.2 31.9-11.5-16.3 -9.1 -4  0.0                           
102142061818104164ニホンピロジャック　　　　　　　　　 23.2  4.5 -5.8  5.9 -0.4  5  0.0                           
102142070118105474スタッドリー　　　　　　　　　　　　  5.9  1.6 11.4 22.5 10.9 31 19.1  4                        
102142070217104166ケイアイコブラ　　　　　　　　　　　 30.9  5.1 -4.8 -2.9 -2.6 17  0.0                           
102142070318104591サウンドウォリアー　　　　　　　　　  8.1  2.0 13.1 32.9 14.7 35 20.6                           
102142070418104097サマーカナロア　　　　　　　　　　　 22.7  4.0  0.3  4.3  1.4 21  0.0                           
102142070516102175ダンディズム　　　　　　　　　　　　 11.4  2.3  8.7  1.9  3.8 24  0.0                           
102142070618102040ヴィヴァン　　　　　　　　　　　　　  2.7  1.2 21.9 17.6 13.3 33 11.3                           
102142070718101596フェブキラナ　　　　　　　　　　　　 29.2  4.9-11.5 -8.3 -6.7 13  0.0                           
102142070817102171セツメンノトビウオ　　　　　　　　　 16.7  3.1 -7.6-16.0 -7.6 12  0.0  0                        
102142070918104579カレンルシェルブル　　　　　　　　　  2.7  1.3 18.1 16.4 11.6 32 17.7                           
102142071016103499グレートベースン　　　　　　　　　　 15.3  2.9 -8.6-13.6 -7.2 13  0.0                           
102142080118104322プレジールミノル　　　　　　　　　　  8.6  2.7  8.4 26.0 10.9 31 22.1  2                        
102142080216104944ロナ　　　　　　　　　　　　　　　　 22.8  5.5 -6.4-13.6 -6.4 14  0.0                           
102142080317106295ラインガルーダ　　　　　　　　　　　 15.8  4.1 -0.2  6.3  1.8 22  0.0  0                        
102142080418106531サウンドウイッシュ　　　　　　　　　 24.2  5.8 -9.3-20.0 -9.4 11  0.0  0                        
102142080518106502ムジック　　　　　　　　　　　　　　  4.4  1.8 14.9  5.2  7.0 27 16.2                           
102142080616100288クワイエット　　　　　　　　　　　　 36.3  8.4-11.5-20.0-10.2 10  0.0                           
102142080717100057ライトマン　　　　　　　　　　　　　 33.7  7.8-11.5-11.0 -7.5 12  0.0  0                        
102142080816110062エルズリー　　　　　　　　　　　　　 12.0  3.2  7.5  5.4  4.4 24  0.0                           
102142080916101167ベストチャーム　　　　　　　　　　　  5.6  2.0  7.3 19.9  8.6 29  0.0                           
102142081018104687デアリングウーマン　　　　　　　　　  4.6  1.8 15.9 17.0 10.9 31 17.7                           
102142081118100031ペガサスハーツ　　　　　　　　　　　 17.0  4.3 -9.3  0.3 -3.3 17  0.0                           
102142081218102586フライングバレル　　　　　　　　　　 14.7  3.8 -4.1 14.7  2.9 23  0.0                           
102142081318103087ウェーブメジャー　　　　　　　　　　 14.8  3.9  0.4 12.0  3.7 24  0.0  5                        
102142081417103167ハギノオーロ　　　　　　　　　　　　  7.8  2.5 13.8 18.5 10.6 31 14.4  2                        
102142090117101982マイネルヘルト　　　　　　　　　　　 26.9  5.5 -1.2-11.2 -3.8 16  0.0                           
102142090217104527ショウナンラペット　　　　　　　　　 40.1  7.9-10.3-11.4 -7.2 13  0.0                           
102142090317101369ジュランド　　　　　　　　　　　　　 85.2 15.6-11.5-13.8 -8.4 12  0.0  0                        
102142090417101794ロマネスク　　　　　　　　　　　　　 48.5  9.4-11.5 -8.8 -6.9 13  0.0                           
102142090518100480デルマヤクシ　　　　　　　　　　　　  8.0  2.3  9.6 -0.1  3.5 23 20.6                           
102142090618103389リサコーハク　　　　　　　　　　　　 70.9 13.1-11.5 -8.3 -6.7 13  0.0                           
102142090718100719タケルジャック　　　　　　　　　　　 13.6  3.1 11.0 10.2  7.1 27  0.0                           
102142090818103308ジューンベロシティ　　　　　　　　　 32.8  6.6 -1.3 -3.8 -1.6 18  0.0                           
102142090918106581セレッソフレイム　　　　　　　　　　 31.1  6.3-11.5-20.0-10.2 10  0.0                           
102142091017105790ノーセキュリティ　　　　　　　　　　 27.3  5.6 -7.6-12.3 -6.5 14  0.0                           
102142091117101322ヒルノエドワード　　　　　　　　　　  7.0  2.1 11.5  8.7  6.8 27 19.1                           
102142091216101553ペプチドルーカス　　　　　　　　　　  3.1  1.4 18.7 16.3 11.7 32 16.2 1                         
102142091317100601ヒバリ　　　　　　　　　　　　　　　 30.2  6.1 -6.0  6.6 -0.2 20  0.0                           
102142091417100717ノブフランクリン　　　　　　　　　　 32.0  6.4-11.5-10.2 -7.3 13  0.0                           
102142091517100169ソルトキャピタル　　　　　　　　　　 68.6 12.7-10.2 -3.8 -4.9 15  0.0                           
102142091618103270ハクサンハーバー　　　　　　　　　　 19.7  4.3 -4.9  5.4 -0.2 20  0.0                           
102142091717103328ウインドラブリーナ　　　　　　　　　 12.8  3.0  3.2 10.8  4.4 24  0.0                           
102142091818105364ルージュグラース　　　　　　　　　　  3.8  1.6 17.6 14.0 10.7 31 12.4                           
102142100117101797フィオリキアリ　　　　　　　　　　　  4.7  1.5 13.0 13.2  8.7 44  0.0                           
102142100217109123イロゴトシ　　　　　　　　　　　　　  7.1  2.0 13.2  9.6  7.7 43 14.4  5                        
102142100316105210ノーチカルチャート　　　　　　　　　 13.3  2.9  2.3 21.2  7.2 42  0.0  3                        
102142100417106372ワールドスケール　　　　　　　　　　  2.2  1.2 20.9 24.5 15.0 50 16.2                           
102142100515104138バイマイサイド　　　　　　　　　　　  8.4  2.2 -0.1 12.4  3.7 39 22.1                           
102142100615101987ミスズフリオーソ　　　　　　　　　　 44.9  7.9-11.8-20.0-10.3 25  0.0                           
102142100715106173レオコックブルー　　　　　　　　　　 17.9  3.6 -1.8-16.0 -5.5 30  0.0  0                        
102142100816104776モアナアネラ　　　　　　　　　　　　 12.8  2.8 -7.6 -3.5 -3.8 31  0.0  0                        
102142100917105269ベレヌス　　　　　　　　　　　　　　  4.7  1.5 14.9 22.2 12.1 47 17.7  2                        
102142110115100969アールスター　　　　　　　　　　　　 19.2  4.3  2.7  9.8  3.9 54  0.0  5                        
102142110217104719ファルコニア　　　　　　　　　　　　  3.0  1.4 17.2 22.5 13.1 63 16.2  2                        
102142110317105403グランスピード　　　　　　　　　　　 14.8  3.5  0.2  7.3  2.3 52  0.0  0                        
102142110415100122テーオーエナジー　　　　　　　　　　 38.0  7.7 -9.4-15.5 -8.1 42  0.0  0                        
102142110516102929ショウナンバルディ　　　　　　　　　  6.0  1.9 10.7 16.6  8.9 59 14.4                           
102142110615100887ダブルシャープ　　　　　　　　　　　  5.5  1.8 16.9 -0.2  6.1 56  0.0  0                        
102142110716102201ヒュミドール　　　　　　　　　　　　  7.7  2.3  4.5  6.0  3.5 53 20.4                           
102142110816104529ヴェロックス　　　　　　　　　　　　  4.4  1.6 15.4 19.5 11.5 61 17.7                           
102142110917106161モズナガレボシ　　　　　　　　　　　 10.9  2.7  3.6  5.3  2.9 53  0.0                           
102142111015104724スーパーフェザー　　　　　　　　　　 12.2  3.0 -6.1  2.2 -1.6 48  0.0  5                        
102142120116100201キョウワウォール　　　　　　　　　　 42.8  9.6 -5.6 -9.0 -4.8 25  0.0                           
102142120217105937キムケンドリーム　　　　　　　　　　 25.5  6.0-10.3 -7.4 -6.0 24  0.0  0                        
102142120316106245カルロスミノル　　　　　　　　　　　 59.4 12.8-11.5-17.3 -9.4 21  0.0  0                        
102142120416100854デンコウハピネス　　　　　　　　　　100.1 21.0-11.5-10.2 -7.3 23  0.0                           
102142120518106097ディオスクーロイ　　　　　　　　　　 14.4  3.7  7.4  7.3  4.9 35  0.0                           
102142120618101672ゼニス　　　　　　　　　　　　　　　 36.6  8.3-11.5-15.3 -8.8 21  0.0  0                        
102142120716104822ボンディマンシュ　　　　　　　　　　 11.4  3.1  6.4 15.4  7.0 37  0.0                           
102142120818104345ランスオブアース　　　　　　　　　　  3.7  1.6 11.6 20.6 10.4 40 16.2                           
102142120916104424チュウワフライヤー　　　　　　　　　 24.0  5.7-11.5-13.9 -8.4 22  0.0                           
102142121018104059ブラックアーメット　　　　　　　　　  5.3  1.9 17.8  7.5  8.8 39  0.0                           
102142121117102270モズピンポン　　　　　　　　　　　　  6.2  2.1 15.2 20.2 11.6 42 20.6                           
102142121217110172ハリーバローズ　　　　　　　　　　　  5.3  1.9 15.2 12.8  9.4 39 12.4                           
102142121318105701ワイズマンハート　　　　　　　　　　 12.3  3.3  8.3 13.0  6.9 37 23.5  5                        
102142121415101903デルマカミカゼ　　　　　　　　　　　 16.6  4.2 -7.6-10.2 -5.8 24  0.0                           
102142121516105433トゥインクルリーフ　　　　　　　　　 34.3  7.8 -6.8 -7.0 -4.6 25  0.0                           
102142121615104860スラッシュメタル　　　　　　　　　　 19.8  4.9-11.5-10.2 -7.3 23  0.0                           
