062044010118101425ジョイライド　　　　　　　　　　　　 10.7  2.6  6.3  2.2  2.7  8 10.3                           
062044010218103832バルネージュ　　　　　　　　　　　　  3.5  1.4 19.8 14.2 11.1 16 14.0                           
062044010318105612スノーフレイム　　　　　　　　　　　 56.7 10.5-10.0-20.0-10.3 -5  0.0  0                        
062044010418101691コスモマッドネス　　　　　　　　　　 14.7  3.4  0.3  2.0  0.8  6  0.0  5                        
062044010518102292ニシノライトニング　　　　　　　　　  3.3  1.4 15.5 12.8  9.3 14 18.1                           
062044010618100028スターオブブラッド　　　　　　　　　 50.5  9.7-10.0 -9.4 -6.4 -1  0.0                           
062044010718104047ブレスロガール　　　　　　　　　　　 47.1  9.1-13.1-10.3 -7.7 -3  0.0                           
062044010818105678トーセンアルル　　　　　　　　　　　 16.5  3.7  6.0  4.9  3.6  9  0.0                           
062044010918106785ハンデンアミーラ　　　　　　　　　　 83.3 15.2-10.0 -5.3 -4.9  0  0.0                           
062044011018104180イデアエスクロー　　　　　　　　　　  3.8  1.4 18.0 12.1  9.8 15 12.5                           
062044011118103623アポロカイト　　　　　　　　　　　　 31.4  6.3-11.4  6.6 -1.0  4  0.0                           
062044011218103077ヴァルプルギス　　　　　　　　　　　 18.1  4.0-13.4 -7.8 -6.9 -2  0.0                           
062044011318106602ビーマイベイビー　　　　　　　　　　  8.4  2.4 10.0  0.4  3.1  8  6.8                           
062044020118105438ロスコフ　　　　　　　　　　　　　　  4.7  1.5  9.4  6.9  5.3 10  0.0                           
062044020218100681サンズオブタイム　　　　　　　　　　  3.3  1.3 18.3 20.0 12.8 18 19.8                           
062044020318102669スズノナデシコ　　　　　　　　　　　 12.5  2.6 14.1  5.2  6.1 11  0.0                           
062044020418105542ブライテストダーク　　　　　　　　　 14.4  2.9  0.3 -4.5 -1.6  3 17.5                           
062044020518100704フカイ　　　　　　　　　　　　　　　 24.8  4.5 -6.5 -8.1 -4.9  0  0.0                           
062044020618103591ベルザキャット　　　　　　　　　　　114.4 17.8-11.4-10.4 -7.2 -2  0.0                           
062044020718100941マイネルレガシー　　　　　　　　　　 24.0  4.4 11.6  6.0  5.7 11  0.0                           
062044020818102211フェスティヴノンノ　　　　　　　　　 20.1  3.8-11.4 -0.6 -3.6  1  0.0                           
062044020918100808アラモードバイオ　　　　　　　　　　  2.5  1.2 19.1 18.6 12.6 18 18.1                           
062044021018109057フレンドジェイ　　　　　　　　　　　129.1 20.0-11.4-20.0-10.8 -6  0.0                           
062044021118102636コーチェラ　　　　　　　　　　　　　 41.8  7.1-11.4 -9.8 -7.0 -2 10.1                           
062044021218103162アルマヴァーゴ　　　　　　　　　　　 23.3  4.2-11.4-14.5 -8.7 -4  0.0                           
062044021318100158リネンデザイン　　　　　　　　　　　 18.7  3.6  6.0  0.4  1.9  7  0.0                           
062044021418102652シヴァタウ　　　　　　　　　　　　　159.8 24.6-10.0-13.6 -8.0 -3  0.0                           
062044021518100498モッツアフィアート　　　　　　　　　100.1 15.7-11.4-12.9 -8.1 -3  0.0                           
062044030118106035コスモコラッジョ　　　　　　　　　　 16.4  3.6 -0.7  8.4  2.9  8  0.0                           
062044030218104503アンクラウデッド　　　　　　　　　　  3.0  1.3 17.8  9.1  8.7 14 18.1                           
062044030318100186タイセイマーベル　　　　　　　　　　 55.6 10.3-11.4-14.3 -8.7 -4  0.0                           
062044030418100069フライトメモリア　　　　　　　　　　 20.5  4.4  6.4 13.6  6.9 12  8.7                           
062044030518105310ロングテール　　　　　　　　　　　　 12.0  2.8  6.0-20.0 -5.5 -1  9.6  0                        
062044030618106017ファーブラ　　　　　　　　　　　　　 13.0  3.0  4.8 20.1  8.8 14  7.7  3                        
062044030718101566モンサンラディウス　　　　　　　　　  4.0  1.5 13.4 14.3  9.3 14 14.0                           
062044030818104424タマモブトウカイ　　　　　　　　　　  4.1  1.5 14.1 20.9 11.9 17  0.0                           
062044030918103227マイネルデルフト　　　　　　　　　　 59.4 11.0-10.0-15.7 -8.8 -4  0.0  0                        
062044031018102811スズノイナズマ　　　　　　　　　　　 30.1  6.0-11.4-10.0 -7.1 -2  0.0                           
062044031118104819エコロカナワン　　　　　　　　　　　 12.7  3.0 12.8  6.0  6.0 11  7.2                           
062044031218100181ムスタクッカ　　　　　　　　　　　　 37.8  7.4-10.0 -4.8 -4.8  0  0.0                           
062044031318101734フィジータイム　　　　　　　　　　　 36.2  7.1-11.4-20.0-10.8 -6  0.0  0                        
062044031418103924アンゼンダイイチ　　　　　　　　　　 66.3 12.2-10.0-10.0 -6.7 -2  0.0                           
062044031518101703セイカトサイナリ　　　　　　　　　　120.2 21.5-11.4-20.0-10.8 -6  0.0                           
062044031618101372エクスカリバー　　　　　　　　　　　123.7 22.2-10.0-12.7 -7.7 -3  0.0                           
062044040118106442ビッグブルールーフ　　　　　　　　　163.7 32.1-10.0 -6.0 -5.2 -5  0.0                           
062044040218106582ビップエレナ　　　　　　　　　　　　 30.7  6.7 -4.6-10.5 -5.2 -5  0.0                           
062044040318106109リリーホワイト　　　　　　　　　　　  7.5  2.3  6.0  1.2  2.2  2  6.8                           
062044040418104347ユキノファラオ　　　　　　　　　　　  4.5  1.7 15.5  5.3  6.6  7 12.5                           
062044040518104109リュウノクララ　　　　　　　　　　　 28.3  6.2 -4.9 -6.8 -4.0 -4 10.1  0                        
062044040618101640グロリユーノワール　　　　　　　　　 17.0  4.1-10.0  6.0 -0.8 -1  0.0                           
062044040718106806エコロブラスト　　　　　　　　　　　 30.7  6.7 -0.9-14.6 -5.6 -6  0.0                           
062044040818105733カネショウルーイ　　　　　　　　　　 26.3  5.8 -6.0 -1.2 -2.2 -2  0.0                           
062044040918106609プレカーリー　　　　　　　　　　　　 25.7  5.7 20.0  4.5  7.7  8  0.0                           
062044041018102763ココナチャン　　　　　　　　　　　　  8.2  2.5 -2.1 18.5  6.2  6 10.3  2                        
062044041118100550シゲルブイン　　　　　　　　　　　　147.8 29.0-13.4-10.0 -7.7 -8  0.0                           
062044041218104099リュウノハイジ　　　　　　　　　　　 26.3  5.8-10.0 -9.4 -6.4 -6  0.0                           
062044041318105371レーヴドモンド　　　　　　　　　　　  3.7  1.5 17.2 10.9  9.2  9  7.5                           
062044041418100849セイウンエンプレス　　　　　　　　　 13.7  3.4  4.5 -4.1 -0.2  0  0.0                           
062044041518104759クラブジャズ　　　　　　　　　　　　  4.2  1.6 12.3 29.0 14.3 14 19.8                           
062044041618104284ウインターベア　　　　　　　　　　　 90.5 18.0-10.0  5.2 -1.1 -1  0.0                           
062044050118104584ジュンココロ　　　　　　　　　　　　 17.2  3.9 20.0  8.0  8.9  9  0.0                           
062044050218104814クレールフォルム　　　　　　　　　　  8.8  2.5 12.0  6.6  6.0  6 10.3                           
062044050318103003ペイシャフェスタ　　　　　　　　　　 15.8  3.7  4.8  5.2  3.3  3  0.0                           
062044050418105845レジーナピアノ　　　　　　　　　　　 47.3  9.5-11.4-20.0-10.8-11  0.0  0                        
062044050518105822オショロコマ　　　　　　　　　　　　 31.7  6.6-11.0-20.0-10.6-11  0.0  0                        
062044050618105049セレンゲティ　　　　　　　　　　　　  3.1  1.5 18.3 24.2 14.4 14 18.1  1  167   48              
062044050718103794ゴールデンシエロ　　　　　　　　　　 24.6  5.2 -4.9  5.9  0.7  1  9.6                           
062044050818106089ニシノラフィカ　　　　　　　　　　　 37.7  7.7-10.0 -8.3 -6.0 -6  0.0                           
062044050918104386ラングロワ　　　　　　　　　　　　　 19.5  4.4 -2.6  8.4  2.3  2  9.2                           
062044051018100881マオノジーナス　　　　　　　　　　　  4.3  1.7 13.9 26.6 13.9 14  5.8  1  318   38              
062044051118100649ウェイヴアナリシス　　　　　　　　　 15.8  3.7-10.0  5.6 -0.9 -1 11.6A                          
062044051218104309マインサファイア　　　　　　　　　　 70.3 13.4-10.0 -6.2 -5.3 -5  0.0                           
062044051318104246ナムラモヨ　　　　　　　　　　　　　  7.0  2.2  3.3 13.5  5.9  6  0.0                           
062044051418103570キャンディキューブ　　　　　　　　　  8.3  2.4  6.0 -7.5 -0.9 -1  6.8                           
062044051518100051ハンデンクィーン　　　　　　　　　　 91.7 17.3-10.0 -0.6 -3.2 -3  0.0                           
062044051618102176エレフセリア　　　　　　　　　　　　 25.2  5.4 10.7 21.9 11.2 11  0.0                           
062044060116103674ミツカネラクリス　　　　　　　　　　 40.6  7.8 -5.8-10.5 -5.6 14  0.0                           
062044060217105080ラマトリス　　　　　　　　　　　　　 22.1  4.6 -6.0 -4.0 -3.3 17  0.0                           
062044060317104994ライクアジュエリー　　　　　　　　　 23.8  4.9 -5.0 -5.5 -3.5 16  0.0                           
062044060416100694アドアステラ　　　　　　　　　　　　  4.3  1.6 13.4 16.2 10.0 30 14.0                           
062044060517105050ユースフルラヴ　　　　　　　　　　　 19.0  4.1-10.0  6.0 -0.8 19  0.0                           
062044060617100218ヤマメ　　　　　　　　　　　　　　　 98.4 17.6-11.4-11.5 -7.6 12  0.0                           
062044060717109090ナスノフォルテ　　　　　　　　　　　  4.6  1.6 14.7 25.6 13.8 34 12.5                           
062044060817109044タイセイプルミエ　　　　　　　　　　 29.3  5.8  3.9 13.0  5.9 26  0.0                           
062044060915101835サツキワルツ　　　　　　　　　　　　 41.2  7.9 12.4  6.5  6.1 26  0.0                           
062044061015102439ココリモアナ　　　　　　　　　　　　 21.7  4.5 20.0 -9.1  2.7 23  0.0                           
062044061115104295ゴールデンフィジー　　　　　　　　　 22.3  4.6 -6.5 -4.7 -3.7 16  0.0                           
062044061217105925ミモザゴール　　　　　　　　　　　　  2.7  1.3 18.7  9.0  8.9 29 18.1                           
062044061317100050ヒートライトニング　　　　　　　　　 32.2  6.3 -1.4  8.4  2.7 23  0.0                           
062044061417102593ナーシサステソーロ　　　　　　　　　 24.0  4.9-10.0 17.4  3.4 23  0.0                           
062044061517100794ガルナッチャ　　　　　　　　　　　　  9.3  2.5 11.0 22.0 11.4 31 16.3                           
062044061616105586ケイティマドンナ　　　　　　　　　　 39.2  7.6-11.4-10.0 -7.1 13  0.0                           
062044070116104344カイザースクルーン　　　　　　　　　 11.2  2.6  1.2 11.9  4.7 25  0.0  3                        
062044070215104876ロビンズソング　　　　　　　　　　　 32.9  6.1-13.4 -9.1 -7.4 13 10.1                           
062044070316104890ラヴィアンレーヴ　　　　　　　　　　 12.2  2.7  9.2  2.7  3.8 24  0.0                           
062044070417103843ウシュバテソーロ　　　　　　　　　　 11.7  2.6-10.0  9.1  0.3 20  0.0  5                        
062044070516104674クィーンユニバンス　　　　　　　　　 22.1  4.3-10.0-11.1 -7.1 13  0.0                           
062044070616104758ジュピターズライト　　　　　　　　　 39.8  7.3 -2.9 -7.6 -3.7 16  0.0                           
062044070717106563ポーラーサマー　　　　　　　　　　　  8.3  2.2-10.0 20.0  4.3 24 12.5                           
062044070816105017サイレントクララ　　　　　　　　　　 27.0  5.2-13.4-10.0 -7.7 12  0.0                           
062044070917105910エクセレントラン　　　　　　　　　　  3.4  1.5 15.0 25.4 13.8 34 14.0                           
062044071014105709インペリアルフィズ　　　　　　　　　 15.3  3.2-10.0  6.0 -0.8 19  0.0                           
062044071117105068ベデザンジュ　　　　　　　　　　　　  2.9  1.4 19.7 17.3 12.3 32 18.1                           
062044071215102574ロマンテソーロ　　　　　　　　　　　 13.6  3.0  2.0  9.9  4.2 24 11.6                           
062044071315101679ロイヤルディクリー　　　　　　　　　 65.4 11.2-10.0 -2.6 -4.0 16  0.0                           
062044071414103268ジャッキー　　　　　　　　　　　　　 56.6  9.8 -6.2  8.2  1.1 21  0.0                           
062044080116101485ナムラブル　　　　　　　　　　　　　 47.1 10.2  6.0-20.0 -5.5 14  0.0  0                        
062044080214110052ワンダーセトラ　　　　　　　　　　　 76.4 15.8-11.4-14.1 -8.6 11  0.0                           
062044080317109086ルヴァンヴェール　　　　　　　　　　  8.1  2.5-10.0 -5.0 -4.8 15  0.0                           
062044080416110111ヨークテソーロ　　　　　　　　　　　  9.4  2.8 -0.8  9.1  3.1 23  0.0  5                        
062044080516100890クリノマンジェリカ　　　　　　　　　 40.6  8.9-13.1 -3.7 -5.3 15 10.1                           
062044080617103403プレストレジェーロ　　　　　　　　　 14.2  3.6-10.0 -4.8 -4.8 15  0.0                           
062044080716102174タマノジュメイラ　　　　　　　　　　  5.1  1.9  5.3  8.8  4.8 25  8.2                           
062044080817105940ジェラペッシュ　　　　　　　　　　　  7.7  2.4  7.0 10.4  5.9 26 13.5                           
062044080917105631アナンダライト　　　　　　　　　　　  5.2  1.9 13.2  8.9  7.2 27  6.2                           
062044081014105814グラドゥアーレ　　　　　　　　　　　  3.5  1.5 17.3 20.0 12.5 33 18.1                           
062044081111101037スズカアポロ　　　　　　　　　　　　 16.9  4.2-10.0 -6.2 -5.3 15  0.0                           
062044081215105858ココロノイコロ　　　　　　　　　　　 12.3  3.2-10.0  6.0 -0.8 19 11.6                           
062044081316110054スマートグランダム　　　　　　　　　 16.7  4.1 -1.0 -0.5 -0.5 20  0.0                           
062044090114105860モレッキ　　　　　　　　　　　　　　  8.5  2.3  6.0 -2.0  1.1 31 13.5                           
062044090217100531シゲルタイタン　　　　　　　　　　　  4.7  1.6 10.0 18.1  9.6 40 14.0                           
062044090315104299ダイワギャバン　　　　　　　　　　　 62.5 10.7 -4.6 -1.4 -1.9 28  0.0                           
062044090416104546シティーオブスター　　　　　　　　　 40.4  7.4-11.4  4.8 -1.7 28  0.0                           
062044090513105842スピアザゴールド　　　　　　　　　　 16.1  3.4  4.0 13.8  6.3 36 10.9                           
062044090616100106フィストバンプ　　　　　　　　　　　 25.8  4.9  0.4-17.5 -6.3 24  0.0                           
062044090715102644カフェアトラス　　　　　　　　　　　 20.1  4.1-11.4 -9.1 -6.8 23  0.0                           
062044090813104237ネクストムーブ　　　　　　　　　　　 24.2  4.7-12.5  8.4 -0.7 29  0.0  5                        
062044090917104175キタノオクトパス　　　　　　　　　　  2.3  1.3 20.8 30.5 17.4 47 18.1  1  179   41              
062044091016100161グリニッジシチー　　　　　　　　　　 53.2  9.5-11.4-14.1 -8.6 21  0.0  0                        
062044091116103584ペイシャムートン　　　　　　　　　　 57.0  9.9-11.4  5.3 -1.5 29  0.0                           
062044091216105186フィルストバーン　　　　　　　　　　 47.4  8.5-10.0 -9.7 -6.6 23  0.0                           
062044091314101963ジャカンドジョー　　　　　　　　　　 30.5  5.7-11.4 -6.0 -5.6 24  0.0                           
062044091417104240ヴォートルエロー　　　　　　　　　　  6.0  1.8 15.7 12.1  9.1 39  6.2                           
062044091514105509アルーフクライ　　　　　　　　　　　 14.5  3.1  4.8 14.3  6.7 37  0.0                           
062044091613105264インザバブル　　　　　　　　　　　　 39.0  7.1 -3.7  7.6  1.7 32  0.0                           
062044100115101826キャッチミーアップ　　　　　　　　　 19.3  4.5 -2.9  0.8 -0.6 29  0.0                           
062044100216104465グレイシア　　　　　　　　　　　　　 15.8  3.8-10.0  1.3 -2.5 27  0.0                           
062044100315106344アシェット　　　　　　　　　　　　　 45.3  9.4-10.0-10.4 -6.8 23  0.0                           
062044100415106502カズミドリーム　　　　　　　　　　　 25.3  5.6 -8.5-15.7 -8.3 22  0.0  0                        
062044100515105867サクラユニヴァース　　　　　　　　　  6.6  2.1  0.4 13.4  5.0 35  6.7  5                        
062044100616106363ローゼンクリーガー　　　　　　　　　 46.9  9.7-12.5 -3.6 -5.1 25  0.0                           
062044100717105660ピーエムピンコ　　　　　　　　　　　  3.9  1.5 13.3 12.3  8.5 38 19.8 1                         
062044100816102735イルヴェントデーア　　　　　　　　　 19.0  4.4 -6.2  1.6 -1.3 29 12.3                           
062044100916104410マイエンフェルト　　　　　　　　　　 30.2  6.5 -2.9 -4.1 -2.4 28  0.0                           
062044101017105429オータムレッド　　　　　　　　　　　 17.8  4.2  6.0  8.7  5.0 35  0.0                           
062044101117105289ロジアイリッシュ　　　　　　　　　　  3.9  1.5 15.0 16.7 10.6 41 15.2                           
062044101216104638セリユーズ　　　　　　　　　　　　　 12.4  3.1  9.4 -7.3  0.1 30  0.0                           
062044101317103423ソスピタ　　　　　　　　　　　　　　  3.7  1.5  6.0 17.2  8.1 38 10.6                           
062044110116104963フィードバック　　　　　　　　　　　  3.1  1.5 15.8 15.6 10.5 55 18.1                           
062044110214110074バスカヴィル　　　　　　　　　　　　 22.1  4.9 -5.9  8.4  1.3 46  0.0                           
062044110315101960マイネルユキツバキ　　　　　　　　　 12.3  3.1-10.0 18.3  3.7 49 17.5  3                        
062044110416102078ラインカリーナ　　　　　　　　　　　 24.7  5.4-11.4-10.9 -7.4 38  0.0                           
062044110514105506バレッティ　　　　　　　　　　　　　  5.6  1.9 12.3 11.5  7.9 53  6.2                           
062044110616106255アッシェンプッテル　　　　　　　　　 36.5  7.7-12.5 -8.1 -6.7 38  0.0                           
062044110714105102サンデームーティエ　　　　　　　　　 42.6  8.9-10.0-10.0 -6.7 38  0.0                           
062044110815104641レッドフレイ　　　　　　　　　　　　 12.3  3.1  4.2  3.8  2.7 48  0.0                           
062044110915105066レピアーウィット　　　　　　　　　　 11.4  2.9  6.9 13.3  6.9 52  6.7                           
062044111015101174ロードアクシス　　　　　　　　　　　 17.6  4.1-12.5 -8.1 -6.7 38  0.0                           
062044111116105084ダノンテイオー　　　　　　　　　　　 19.0  4.4  9.9  4.4  4.6 50 13.0                           
062044111216102334コンカラー　　　　　　　　　　　　　 29.2  6.3-12.5 -7.1 -6.4 39  0.0  5                        
062044111314102862ローズプリンスダム　　　　　　　　　 64.4 12.7-11.4-11.8 -7.7 37  0.0                           
062044111414101318メイプルブラザー　　　　　　　　　　 17.5  4.1  3.6-13.9 -4.0 41  0.0  0                        
062044111516104650ランフォザローゼス　　　　　　　　　 51.6 10.6 -6.4 -6.7 -4.4 41  0.0  0                        
062044111616104624ハヤヤッコ　　　　　　　　　　　　　  4.9  1.8 19.0 11.6 10.0 55  5.8                           
062044120117110161デトロイトテソーロ　　　　　　　　　  4.9  1.8 15.0 11.5  8.7 29 12.5  5                        
062044120216104217ミヤコローズ　　　　　　　　　　　　 18.9  4.7  1.8-11.9 -3.8 16  0.0                           
062044120316101947バカラクイーン　　　　　　　　　　　  4.4  1.7  7.5 12.8  6.9 27 12.8                           
062044120415103214サンドスピーダー　　　　　　　　　　 14.2  3.7-11.4  8.0 -0.5 20 11.6                           
062044120516106379フジマサディープ　　　　　　　　　　 51.4 11.5-10.0-10.3 -6.8 13  0.0                           
062044120617110028プリンスチャーム　　　　　　　　　　  7.0  2.3  6.5 21.9 10.0 30  6.7                           
062044120717109019テリオスヒメ　　　　　　　　　　　　 29.2  6.8-10.0-10.5 -6.8 13  0.0                           
062044120816103217スマートレジーナ　　　　　　　　　　 47.4 10.6-10.0 12.5  1.6 22  0.0                           
062044120914105671ディスパーション　　　　　　　　　　  8.1  2.6-10.0  4.5 -1.4 19  7.2                           
062044121016104218ヴァルドワーズ　　　　　　　　　　　 10.9  3.0  5.4  7.7  4.4 24  0.0                           
062044121114100059スズレジーム　　　　　　　　　　　　 38.8  8.8 -9.2 -6.5 -5.1 15  0.0                           
062044121216102216プレミアムコマチ　　　　　　　　　　115.2 24.2-10.0 -0.6 -3.2 17  0.0                           
062044121317102645ヤマタケクララ　　　　　　　　　　　 39.5  9.0-10.0  4.8 -1.2 19  0.0                           
062044121415105203セイウンミツコ　　　　　　　　　　　 16.3  4.1 -0.5  5.8  2.0 22  0.0                           
062044121517104270トキメキ　　　　　　　　　　　　　　  4.4  1.7 20.2 20.3 13.5 34 14.0                           
062044121617104234スズノヤマト　　　　　　　　　　　　 58.2 12.6 -6.5 -6.5 -4.3 16  0.0                           
072024010115105010ハーツフェルト　　　　　　　　　　　  6.6  1.9  4.8  5.3  3.3  3 14.4  3                        
072024010216103573ゴルトグランツ　　　　　　　　　　　 39.6  6.9 -9.7-10.5 -6.7 -7  0.0                           
072024010316102443ルンルンキャット　　　　　　　　　　 13.1  2.8 -0.2  4.1  1.2  1  0.0                           
072024010416105492ホウオウアクセル　　　　　　　　　　  6.9  1.9 11.4 13.1  8.1  8  0.0                           
072024010516100220ヤサカリベルテ　　　　　　　　　　　  4.3  1.5 11.6 11.2  7.6  8 17.7                           
072024010614102394エミーリオ　　　　　　　　　　　　　  2.3  1.2 14.5 18.4 10.8 11 16.2                           
072024010716103534ジュンノサップ　　　　　　　　　　　 29.6  5.4 -9.7-10.5 -6.7 -7  0.0                           
072024010816105972オレンジオレンジ　　　　　　　　　　  4.4  1.5 14.3 20.8 11.5 11 19.1                           
072024010917100841クリノビックスター　　　　　　　　　 27.9  5.1 -7.8-14.7 -7.3 -7  0.0  0                        
072024020118106803ツーエムタイガー　　　　　　　　　　 37.5  7.6-10.9-10.2 -7.1 -2  0.0                           
072024020218102360メディーヴァル　　　　　　　　　　　  7.0  2.2 10.4 19.6  9.7 15  0.0                           
072024020318103687マーチャンフェイス　　　　　　　　　 11.9  2.9 -5.6  0.8 -1.8  3  0.0                           
072024020418101438ジュンコーハク　　　　　　　　　　　 27.3  5.8-15.0-11.2 -8.9 -4  0.0                           
072024020518105151イルデレーヴ　　　　　　　　　　　　  3.5  1.4 14.2 23.9 12.4 17 16.2                           
072024020618101980コジートゥインクル　　　　　　　　　 46.5  9.3-10.9-10.8 -7.2 -2  0.0                           
072024020718100623ミラクル　　　　　　　　　　　　　　 22.1  4.8 -5.6 -3.0 -3.0  2  0.0                           
072024020818101490タイセイロワイヤル　　　　　　　　　 30.2  6.3 -5.6 -4.7 -3.5  2  0.0                           
072024020918109047イーウェイ　　　　　　　　　　　　　 14.3  3.4 14.4  7.4  7.5 13  0.0                           
072024021018103035ドローム　　　　　　　　　　　　　　  4.1  1.5 14.2 23.1 12.1 17 19.1                           
072024021118104059ブラックアーメット　　　　　　　　　  3.7  1.5 10.7 17.2  9.1 14 17.7                           
072024021218101960タガノミューコ　　　　　　　　　　　 22.5  4.9  3.8-10.4 -1.7  3  0.0                           
072024021318102243ブラーブサージュ　　　　　　　　　　 22.7  4.9  3.0  9.2  3.9  9 19.6                           
072024030118102649タツリュウオー　　　　　　　　　　　 13.1  3.0  7.2 -2.7  1.8  7  0.0                           
072024030218102490ライブリーキング　　　　　　　　　　  4.6  1.6 16.4 17.4 11.2 16 20.6                           
072024030318106138サンサーラ　　　　　　　　　　　　　 46.7  8.9-10.9 -9.1 -6.7 -2  0.0                           
072024030418101645ウインアルバローズ　　　　　　　　　 26.6  5.4 -9.7 -2.0 -4.2  1  0.0                           
072024030518110127コウエイブレイヴ　　　　　　　　　　  3.1  1.4 16.8 32.1 15.8 21 16.2                           
072024030618104129シューラヴァラ　　　　　　　　　　　  3.7  1.5 13.2 19.6 10.7 16 17.7                           
072024030718105520ミラコロヴェルデ　　　　　　　　　　 16.3  3.6  1.2  0.7  0.6  6  0.0  0                        
072024030818103191セイウンノウヒメ　　　　　　　　　　 46.1  8.8-10.9-10.2 -7.1 -2  0.0                           
072024030918100631パピードッグ　　　　　　　　　　　　 23.8  4.9 -5.6 -3.0 -3.0  2  0.0                           
072024031018106319ココクラッシュ　　　　　　　　　　　  4.4  1.5  9.9 12.2  7.3 12 13.4                           
072024031118106147メイショウミツヤス　　　　　　　　　 17.4  3.8 -6.8  5.8 -0.8  4  0.0                           
072024040116105985ナナカマドカ　　　　　　　　　　　　 47.2  9.4-10.9  4.4 -2.7 17  0.0                           
072024040217100415ラブスピール　　　　　　　　　　　　  5.0  1.8 15.1 13.0  9.4 29 17.7                           
072024040317104132ハイスピードカム　　　　　　　　　　 39.2  7.9 -8.3 -6.9 -5.1 15  0.0                           
072024040417100887リネンファッション　　　　　　　　　  2.8  1.4 18.3 19.5 12.6 33 16.2                           
072024040517105120アルディフルール　　　　　　　　　　 16.4  3.7  1.1 -0.2  0.3 20 16.5  0                        
072024040615104593フラッグサルート　　　　　　　　　　  7.7  2.3 -5.6 11.4  1.4 21  0.0                           
072024040716105998ワインレッドローズ　　　　　　　　　 23.5  5.0 -5.6  5.8 -0.3 20  0.0                           
072024040816105989オリーブティアラ　　　　　　　　　　 34.8  7.1-10.9-20.0-10.0 10  0.0  0                        
072024040917101807ソプラドール　　　　　　　　　　　　  8.2  2.4  2.5  6.5  2.9 23 22.1                           
072024041017101828ロニセラ　　　　　　　　　　　　　　 24.1  5.1 -3.6 14.7  3.1 23  0.0                           
072024041116104796クイーンブロッサム　　　　　　　　　 26.4  5.5 -4.1-10.2 -4.6 15  0.0                           
072024041217102769ワンダーシエンプロ　　　　　　　　　 16.4  3.7 -0.7 -1.9 -0.8 19  0.0                           
072024041316104267エスキシータ　　　　　　　　　　　　 22.8  4.9-10.9 -7.5 -6.2 14  0.0                           
072024041417100431ハイアーグレード　　　　　　　　　　 35.4  7.2 -5.6 -2.2 -2.7 17  0.0                           
072024041517101816ラボンダンス　　　　　　　　　　　　  8.0  2.3  3.5  1.1  1.6 22  0.0                           
072024041615102358イチザティアラ　　　　　　　　　　　 49.9  9.9-10.9-20.0-10.0 10  0.0  0                        
072024050118105416メイセキム　　　　　　　　　　　　　 18.5  4.1  6.5 11.8  5.9  6  0.0                           
072024050218105073サトノスカイターフ　　　　　　　　　  4.0  1.5 10.5 14.1  8.1  8 19.1                           
072024050318105835シュンイ　　　　　　　　　　　　　　 13.7  3.2  1.2 12.2  4.1  4  0.0                           
072024050418106158モーガン　　　　　　　　　　　　　　  3.9  1.5 19.2 27.1 15.2 15 12.4                           
072024050518100195リリーマイウェー　　　　　　　　　　 27.9  5.8 -2.6  4.2  0.3  0  0.0                           
072024050618105085ジュンブルースカイ　　　　　　　　　  3.2  1.4 18.2 25.0 14.2 14 16.2                           
072024050718105254アイリッシュベル　　　　　　　　　　 12.2  3.0  1.1  9.4  3.2  3 22.1  5                        
072024050818106186カシマポポ　　　　　　　　　　　　　 38.5  7.7 -9.7-10.5 -6.7 -7  0.0                           
072024050918101083パスオーバー　　　　　　　　　　　　 30.7  6.3-10.9 -9.5 -6.8 -7  0.0                           
072024051018104861レイモンドバローズ　　　　　　　　　 12.2  2.9  7.9  5.5  4.5  5  0.0                           
072024051118101175サイモンメガライズ　　　　　　　　　 10.8  2.7  1.2 14.3  4.7  5  0.0                           
072024051218100774メガゴールド　　　　　　　　　　　　 37.6  7.6 -5.6 -3.8 -3.2 -3  0.0                           
072024051318104345ランスオブアース　　　　　　　　　　 66.3 12.5 -8.3-16.6 -8.0 -8  0.0                           
072024060117103079ヨドノエール　　　　　　　　　　　　106.4 19.8-10.9 -9.6 -6.9 13  0.0                           
072024060217105881エイシンバッカス　　　　　　　　　　 12.5  3.0 18.5  9.2  9.5 30 17.5                           
072024060317100751アーマーバローズ　　　　　　　　　　  2.7  1.4 15.9 16.4 10.8 31 16.2                           
072024060417110148アメリカンニーニャ　　　　　　　　　  7.8  2.3  2.9  7.8  3.4 23  0.0                           
072024060516100276シュガーサンダー　　　　　　　　　　  7.3  2.2-10.9 10.8 -0.8 19  0.0                           
072024060616101561グーテンモルゲン　　　　　　　　　　 27.1  5.7 -4.2  3.6 -0.5 20  0.0  4                        
072024060717106321メイショウキソコマ　　　　　　　　　 47.3  9.4-10.9 -9.3 -6.8 13  0.0                           
072024060816105226グラウクス　　　　　　　　　　　　　 24.7  5.2  1.2  5.8  2.2 22 28.0                           
072024060917102603テイエムイダテン　　　　　　　　　　  5.4  1.9 14.4 23.1 12.2 32 17.7                           
072024061017104472カズオルヴァル　　　　　　　　　　　  9.1  2.6 -4.2 12.1  2.1 22  0.0                           
072024061116100418シンゼンブースター　　　　　　　　　  8.4  2.4  9.1 -3.2  2.4 22  0.0                           
072024061216103544ラインエミネント　　　　　　　　　　 22.8  4.9-10.9-16.4 -8.9 11  0.0  0                        
072024061315106353クリノクノイチ　　　　　　　　　　　 45.0  9.0 -5.6 12.0  1.5 22  0.0  5                        
072024061417101342シゲルキンセイ　　　　　　　　　　　 71.5 13.5 -7.5-14.1 -7.0 13  0.0                           
072024061517100057ライトマン　　　　　　　　　　　　　 26.0  5.5 -5.6 -2.2 -2.7 17  0.0                           
072024070117102385ロードシャムロック　　　　　　　　　  9.1  2.5  8.2  8.4  5.5 26  0.0                           
072024070217104138グランレイ　　　　　　　　　　　　　  7.5  2.2  3.8  4.6  2.8 23  0.0                           
072024070317106608コンフィテーロ　　　　　　　　　　　 16.3  3.7  1.5  0.2  0.6 21 23.5                           
072024070417100440ノルカソルカ　　　　　　　　　　　　  4.2  1.6 12.9 25.6 12.4 32 17.7                           
072024070516101089ブルベアオーロ　　　　　　　　　　　 45.2  8.9 -5.6-11.2 -5.4 15  0.0                           
072024070616102442ホッコーメヴィウス　　　　　　　　　 59.0 11.2-10.9-12.3 -7.7 12  0.0                           
072024070717105476エアリーフローラ　　　　　　　　　　 27.7  5.7-11.5-16.3 -9.1 11  0.0                           
072024070817104368ライチェフェイス　　　　　　　　　　 91.6 16.9-11.5-10.2 -7.3 13  0.0                           
072024070913105109トーアライジン　　　　　　　　　　　 76.0 14.2-10.9-10.3 -7.1 13  0.0                           
072024071014102300ダイシンクイント　　　　　　　　　　 60.5 11.4-10.9  9.6 -1.1 19  0.0                           
072024071116101718マルモネオフォース　　　　　　　　　 16.9  3.8  6.9  1.4  3.0 23  0.0                           
072024071217103800フルートフルデイズ　　　　　　　　　 44.7  8.8-10.9 -9.5 -6.8 13  0.0                           
072024071316100569ヤマニンマヒア　　　　　　　　　　　  5.1  1.7  9.9 15.7  8.3 28 13.4                           
072024071417105877エイシンバイエルン　　　　　　　　　 34.8  7.0 -5.6 12.0  1.5 22  0.0  5                        
072024071514105582セイイーグル　　　　　　　　　　　　 16.8  3.8-10.9  7.3 -1.8 18  0.0  5                        
072024071617104193ダノンアレー　　　　　　　　　　　　  3.0  1.4 19.7 17.0 12.3 32 16.2                           
072024080117103084ヨドノドリーム　　　　　　　　　　　 26.2  6.3-11.5  5.0 -2.7 17  0.0                           
072024080216106049スコルピウス　　　　　　　　　　　　  5.3  1.9 12.6 13.4  8.6 29  0.0  4                        
072024080316110067ノイーヴァ　　　　　　　　　　　　　 19.9  5.0 -5.6-10.2 -5.1 15  0.0                           
072024080417110159ベッサメモー　　　　　　　　　　　　 18.5  4.7 -3.9  8.0  1.0 21  0.0  5                        
072024080515101530アラウン　　　　　　　　　　　　　　 32.6  7.7 -7.1-16.0 -7.4 13  0.0                           
072024080617102383ロードセッション　　　　　　　　　　 20.9  5.3 -5.6 -2.8 -2.9 17 29.4                           
072024080717105720クリノキングボス　　　　　　　　　　 11.4  3.2 -0.9 11.7  3.2 23 16.5                           
072024080817110069アンセッドヴァウ　　　　　　　　　　  5.2  1.9 12.5 11.1  7.9 28  0.0  1  137   54              
072024080916106054ローゼンリッター　　　　　　　　　　 31.9  7.5-10.9 -5.6 -5.7 14  0.0                           
072024081014100641キングレイスター　　　　　　　　　　 16.9  4.4-14.0-10.1 -8.2 12  0.0                           
072024081117109038ドスハーツ　　　　　　　　　　　　　  4.2  1.7 14.0 21.5 11.6 32 16.2  1  157   62              
072024081216100305セイカヤマノ　　　　　　　　　　　　  8.5  2.7 11.6  4.6  5.6 26  0.0                           
072024081317101291パイプライナー　　　　　　　　　　　  5.2  1.9 16.4 11.3  9.4 29 19.1                           
072024081417110100ヘルスチェック　　　　　　　　　　　 35.6  8.3-11.5-13.1 -8.1 12  0.0                           
072024090117105525アリストテレス　　　　　　　　　　　  3.3  1.3 16.1 19.0 11.6 42 17.7                           
072024090215106197メイショウテンモン　　　　　　　　　 24.9  4.4 -7.8  7.8 -0.5 29  0.0  0                        
072024090317101146トウカイデュエル　　　　　　　　　　 11.0  2.3  1.7 20.4  6.7 37 15.4                           
072024090416104293カズマークセン　　　　　　　　　　　 19.9  3.7 -5.6  6.6 -0.1 30  0.0                           
072024090513103668ブリーズスズカ　　　　　　　　　　　 32.4  5.5  1.2-10.1 -2.6 27  0.0                           
072024090617104936ヒートオンビート　　　　　　　　　　  5.0  1.5 11.9 18.7 10.0 40 20.6                           
072024090716105414エレヴァルアスール　　　　　　　　　 29.1  5.0-11.5-13.5 -8.3 22  0.0  0                        
072024090815104643ダブルフラット　　　　　　　　　　　  4.9  1.5 11.8 11.5  7.8 38  0.0                           
072024090917105109フライライクバード　　　　　　　　　  2.5  1.2 18.0 25.3 14.2 44 16.2                           
072024100115109078ナスノシンフォニー　　　　　　　　　  3.6  1.5 14.5 14.4  9.6 45 17.7                           
072024100215101633ムーンチャイム　　　　　　　　　　　 13.7  3.0 -3.9 -7.5 -3.7 31  0.0  0                        
072024100316100596シュリ　　　　　　　　　　　　　　　  2.9  1.4 17.2 21.7 12.8 48 16.2                           
072024100414102151キャンディストーム　　　　　　　　　 26.1  5.1-11.5 -7.5 -6.5 29 21.6  0                        
072024100515104779フィニフティ　　　　　　　　　　　　 11.3  2.6  8.4  8.2  5.5 41  0.0                           
072024100616103884シャイニーロック　　　　　　　　　　 34.9  6.6-10.9 -2.3 -4.7 30  0.0                           
072024100715104950アプルーヴァル　　　　　　　　　　　 18.8  3.9 -4.2  3.0 -0.6 34  0.0                           
072024100815104968ソシアルクラブ　　　　　　　　　　　  8.2  2.2  6.4 12.2  6.0 41 19.1                           
072024100914105897クリアザトラック　　　　　　　　　　 23.9  4.7 11.1  2.5  4.8 40  0.0                           
072024101016106232カイザーミノル　　　　　　　　　　　 15.2  3.3 -5.6 10.9  1.2 36  0.0  5                        
072024101115103053カフジバンガード　　　　　　　　　　 70.8 12.4-11.5-14.9 -8.7 26  0.0                           
072024101214106117ステイオンザトップ　　　　　　　　　 23.1  4.6 -5.6-12.3 -5.7 29  0.0                           
072024101315101707ルーカス　　　　　　　　　　　　　　  8.2  2.2 11.6  7.2  6.4 41  0.0  5                        
072024101417102212ヒルノマリブ　　　　　　　　　　　　 43.0  8.0-10.9-14.9 -8.5 27  0.0  0                        
072024110117105613リアアメリア　　　　　　　　　　　　  3.9  1.6 18.2 21.3 13.1 68 16.2                           
072024110217101797フィオリキアリ　　　　　　　　　　　 22.0  5.0 -5.6 -3.1 -3.0 52  0.0                           
072024110317105212フアナ　　　　　　　　　　　　　　　  4.0  1.6 11.2 13.8  8.2 63 17.7                           
072024110417101777ヤマニンプティパ　　　　　　　　　　122.5 24.3-11.5-18.2 -9.7 45  0.0  0                        
072024110517104973リリーピュアハート　　　　　　　　　  6.0  2.0  6.7  8.2  4.9 60  0.0                           
072024110617105105セウラサーリ　　　　　　　　　　　　 31.6  6.9 -4.1 -9.6 -4.4 51  0.0                           
072024110717106613ウーマンズハート　　　　　　　　　　 46.6  9.9 -5.6 -0.4 -2.2 53  0.0                           
072024110817104963オーマイダーリン　　　　　　　　　　 39.4  8.5 -9.5 -8.0 -5.9 49  0.0                           
072024110917100404クラヴァシュドール　　　　　　　　　  8.0  2.5 14.9 13.4  9.5 64 15.4                           
072024111017101792アブレイズ　　　　　　　　　　　　　 22.2  5.1 -4.2  4.4 -0.2 55  0.0                           
072024111117106203アカイイト　　　　　　　　　　　　　 55.7 11.4  1.2 -5.2 -1.1 54  0.0  0                        
072024111217105126チャイカ　　　　　　　　　　　　　　 66.8 13.5-10.9-11.4 -7.4 48  0.0                           
072024111317104141ムジカ　　　　　　　　　　　　　　　 41.0  8.8 -5.6 -0.6 -2.2 53  0.0  0                        
072024111417105232シャレード　　　　　　　　　　　　　 16.1  3.9 -7.5-10.3 -5.8 49  0.0                           
072024111517104637デゼル　　　　　　　　　　　　　　　  5.2  1.8 16.4 16.0 10.8 66 19.1                           
072024111617104964シャムロックヒル　　　　　　　　　　 43.8  9.3-11.5 -9.9 -7.2 48  0.0                           
072024111717103814エレナアヴァンティ　　　　　　　　　 56.4 11.5 -7.4-11.9 -6.3 49  0.0                           
072024111817105067ラインオブダンス　　　　　　　　　　 32.1  7.0-10.9 -6.4 -5.9 49  0.0                           
072024120114103848スズカスマート　　　　　　　　　　　 27.1  5.8 -5.6-10.1 -5.1 25  0.0                           
072024120215104673ナイルデルタ　　　　　　　　　　　　 11.4  2.9 -4.3 14.9  2.9 33 22.1                           
072024120315103138サンティーニ　　　　　　　　　　　　  6.3  2.0 10.1  4.1  4.9 35  0.0                           
072024120415103946シゲルマツタケ　　　　　　　　　　　 39.7  8.2 -9.5-10.8 -6.7 23  0.0                           
072024120515104872メリッサーニ　　　　　　　　　　　　 27.9  5.9 -5.6-12.4 -5.8 24  0.0                           
072024120617101831ペオース　　　　　　　　　　　　　　  2.7  1.4 17.0 12.9 10.1 40 16.2                           
072024120714102122クリノアントニヌス　　　　　　　　　 45.0  9.1-10.9-11.2 -7.4 23  0.0                           
072024120816100279ベルジュネス　　　　　　　　　　　　 13.1  3.2  9.7  7.7  5.9 36  0.0                           
072024120915101014ダンツチョイス　　　　　　　　　　　 23.5  5.1-10.9-16.6 -9.0 21  0.0                           
072024121016103756キタサンチャンドラ　　　　　　　　　 11.8  2.9  1.2  9.0  3.1 33  0.0                           
072024121117103570ヴォルスト　　　　　　　　　　　　　  7.9  2.4  3.7  6.2  3.2 33 20.6                           
072024121215100299ワカミヤオウジ　　　　　　　　　　　 27.5  5.8 -9.7-10.5 -6.7 23  0.0                           
072024121314105545ディスカバー　　　　　　　　　　　　 43.1  8.8 -9.7-10.5 -6.7 23  0.0                           
072024121414106052カラル　　　　　　　　　　　　　　　 25.0  5.4 -5.6  5.9 -0.3 30  0.0                           
072024121516104743ホウオウライジン　　　　　　　　　　  5.5  1.9 10.2 21.9 10.3 40 12.4                           
