052313010120104817ラディーヴァ　　　　　　　　　　　　 84.5 14.6-12.1 -6.7 -6.1 -1  0.0                           
052313010220100721アンナプルナ　　　　　　　　　　　　 33.4  6.3 -3.2  5.0  0.9  6  0.0                           
052313010320103211ゲラウィン　　　　　　　　　　　　　 20.3  4.2  4.5  2.5  2.3  7  0.0                           
052313010420105055ドナルビー　　　　　　　　　　　　　 16.4  3.5 10.7  3.9  4.6 10 11.6                           
052313010520105677レアマカナ　　　　　　　　　　　　　 25.5  5.0-10.7  6.0 -1.0  4  0.0                           
052313010620100668ツキミズヒカリ　　　　　　　　　　　 67.5 11.8-11.6 -9.0 -6.8 -2  0.0                           
052313010720102690ソレア　　　　　　　　　　　　　　　 14.2  3.1  0.8 10.7  4.2  9  0.0                           
052313010820100298ジョイトゥザラブ　　　　　　　　　　 43.3  8.0-12.1-10.0 -7.3 -2  0.0                           
052313010920103030オーグメントコード　　　　　　　　　  6.5  1.9  8.0  9.0  5.7 11  0.0                           
052313011020107173スペロ　　　　　　　　　　　　　　　  7.0  2.0 10.4 -8.1  0.2  5 10.1                           
052313011120100390リトルウインディー　　　　　　　　　  3.7  1.5 16.3 20.0 12.2 17 17.3                           
052313011220100117ダズリングスカイ　　　　　　　　　　 16.7  3.6 -0.5  1.1  0.3  5  0.0  0                        
052313011320100732ティアップソード　　　　　　　　　　126.6 21.6-12.1-10.4 -7.4 -2  0.0                           
052313011420104227フジブルーダイヤ　　　　　　　　　　 27.3  5.3 -8.8  4.0 -1.2  4  0.0                           
052313011520106962ソッケルカーカ　　　　　　　　　　　 58.2 10.3-11.6-12.5 -8.1 -3  0.0                           
052313011620100516マイクロモザイク　　　　　　　　　　  2.8  1.4 17.5 18.8 12.1 17 15.9  1  202   39              
052313020120100407ピーチコーラル　　　　　　　　　　　 49.9  9.5-13.0-10.0 -7.6 -3  0.0                           
052313020220105417チーフインザスカイ　　　　　　　　　 33.2  6.5-11.6-11.9 -7.8 -3  0.0                           
052313020320100038ゴールデンレディー　　　　　　　　　 29.7  5.9-12.1 -9.5 -7.1 -2  0.0                           
052313020420100450マーゴットバモス　　　　　　　　　　 18.0  3.9  0.7-10.0 -3.5  2 13.0                           
052313020520104361ペイシャアップ　　　　　　　　　　　 93.5 16.7-11.6 -5.1 -5.3  0  0.0                           
052313020620101434シャトーボビー　　　　　　　　　　　  4.7  1.7  8.3  9.5  6.0 11  8.7                           
052313020720100363キョウエイカンフ　　　　　　　　　　  2.6  1.4 22.9 15.0 12.4 17 15.9                           
052313020820101265オコジュ　　　　　　　　　　　　　　  8.9  2.5 10.8 10.8  7.2 12 10.9                           
052313020920102136ストロベリーツー　　　　　　　　　　 91.1 16.3-12.1-10.6 -7.5 -3  0.0                           
052313021020107102ジュレーヴ　　　　　　　　　　　　　 18.4  4.0 -4.2 11.0  2.8  8  0.0                           
052313021120105915デトネイター　　　　　　　　　　　　 17.0  3.7  2.4 -3.4 -0.5  4  0.0                           
052313021220102393ゼンリョクダンス　　　　　　　　　　  8.5  2.4  3.4  6.0  3.2  8  0.0                           
052313021320106028キークラシック　　　　　　　　　　　 50.3  9.5 -8.7-12.9 -7.3 -2  0.0                           
052313021420105544ダイシンカタナ　　　　　　　　　　　 10.9  2.6 10.3 16.9  9.3 14  0.0                           
052313021520101360ローズミカ　　　　　　　　　　　　　 69.4 12.6-11.6 -7.3 -6.2 -1  0.0                           
052313021620105388ドラゴングライダー　　　　　　　　　  7.9  2.3 13.2 16.7 10.1 15  9.4                           
052313030120105852ケレス　　　　　　　　　　　　　　　 72.7 13.3-10.4-11.0 -7.2 -2  0.0                           
052313030220103633クールトラッカー　　　　　　　　　　 25.4  5.2 -9.0-15.2 -8.3 -3 14.4A 0                        
052313030320104541トウショウリッジ　　　　　　　　　　 12.8  3.0  1.9 14.9  6.0 11  0.0                           
052313030420104835レイナバレンティア　　　　　　　　　 67.4 12.4-11.6 -9.0 -6.8 -2  0.0                           
052313030520102278ハクシンジャベリン　　　　　　　　　111.6 20.1 -8.8 -3.2 -3.8  1  0.0                           
052313030620103921ゴンドワナ　　　　　　　　　　　　　 14.6  3.3  3.8  8.6  4.3  9 12.3                           
052313030720106981アクラシア　　　　　　　　　　　　　168.2 30.0-11.6-11.2 -7.6 -3  0.0                           
052313030820101327フォードテソーロ　　　　　　　　　　  3.7  1.5 15.9 10.5  8.6 14  0.0                           
052313030920104597ショウナンアビアス　　　　　　　　　  7.4  2.2 10.0  5.8  5.1 10  0.0                           
052313031020106221スイッチオン　　　　　　　　　　　　 14.7  3.3  4.4-10.0 -2.3  3 13.0                           
052313031120101873グラシアス　　　　　　　　　　　　　 34.3  6.8-12.1-13.2 -8.5 -3  0.0                           
052313031220103497シャンディエン　　　　　　　　　　　 22.6  4.7 -2.7  1.0 -0.4  5  0.0                           
052313031320106562バンブトンプロ　　　　　　　　　　　 47.3  9.1-12.1  6.5 -1.2  4  0.0                           
052313031420102797フクチャンビーナス　　　　　　　　　  3.2  1.4 12.0 17.7 10.1 15 15.9                           
052313031520103401エプルシャージュ　　　　　　　　　　 11.4  2.7  6.1 -1.2  1.4  6 10.9  5                        
052313031620101655マンダリンボレロ　　　　　　　　　　  7.2  2.1 12.4  9.5  7.2 12  0.0  5                        
052313040120100892サニーサフラン　　　　　　　　　　　  9.0  2.2  5.4  8.1  4.6 25 10.8                           
052313040220102849テンコマンドゥール　　　　　　　　　 16.2  3.1 -4.4 12.2  3.2 23  0.0                           
052313040320102565スクーバー　　　　　　　　　　　　　  2.0  1.2 21.5 21.7 14.4 34 15.9                           
052313040420101134ニフェーデービル　　　　　　　　　　  4.7  1.5 16.8 22.3 13.2 33  8.6                           
052313040520106946マジックタッチ　　　　　　　　　　　 20.5  3.8  3.8 -2.0  0.4 20  0.0                           
052313040620105489インザストーン　　　　　　　　　　　  8.4  2.1  6.3  8.4  5.0 25 10.1                           
052313040720105250ビルカール　　　　　　　　　　　　　 32.2  5.5 -8.8 -8.7 -5.8 14  0.0                           
052313040820105157ミルトハンター　　　　　　　　　　　  6.4  1.8 15.6  9.0  8.0 28  9.4                           
052313040920100258セイウンダマシイ　　　　　　　　　　 30.2  5.2-10.3 -6.7 -5.5 14  0.0                           
052313041020104960トロピカルヒーロー　　　　　　　　　 24.3  4.3  2.2  6.5  3.0 23  0.0                           
052313041120103769ノーブルヴィクター　　　　　　　　　 22.6  4.0 -3.1 -8.7 -4.1 16  0.0                           
052313050120103877アサクサアダム　　　　　　　　　　　 20.1  4.6  1.7  5.1  2.4  7 13.7                           
052313050220104519シーズオブホープ　　　　　　　　　　 20.3  4.6  2.2  4.0  2.1  7  0.0                           
052313050320101779サンマルグレイト　　　　　　　　　　117.4 22.7-10.3-16.0 -9.0 -4  0.0  0                        
052313050420109045オセアジャーディン　　　　　　　　　 70.2 13.9-10.3 -6.3 -5.4  0  0.0                           
052313050520102864サングラデーション　　　　　　　　　 19.8  4.5 -8.9 -3.0 -3.8  1  0.0                           
052313050620101358キラメクホシ　　　　　　　　　　　　 17.6  4.1  0.0  7.3  2.7  8  0.0                           
052313050720105590ヤマニンアルマーレ　　　　　　　　　149.2 28.7-12.6-10.0 -7.4 -2  0.0                           
052313050820102333サロンドブラック　　　　　　　　　　  7.9  2.4  4.0  6.0  3.4  8 10.1                           
052313050920101397トロピコ　　　　　　　　　　　　　　 25.3  5.5-11.6 -7.3 -6.2 -1  0.0                           
052313051020101922ホウオウアルマン　　　　　　　　　　 17.2  4.0  0.2 -2.0 -0.7  4 11.6                           
052313051120103627グロッターリエ　　　　　　　　　　　 14.5  3.5 -2.1  2.7  0.4  5  0.0                           
052313051220102662サヴィトリ　　　　　　　　　　　　　 28.9  6.3 -9.9-12.2 -7.4 -2  0.0                           
052313051320101890マツリダパーチェ　　　　　　　　　　 44.4  9.2-12.1 -8.7 -6.8 -2  0.0                           
052313051420103463サトノトルネード　　　　　　　　　　  3.1  1.4 21.5 10.7 10.4 15  8.0                           
052313051520105203ウインアイオライト　　　　　　　　　  4.8  1.7 18.5 18.8 12.4 17 17.3                           
052313051620102190トロピカルライト　　　　　　　　　　 41.7  8.7 -5.0  6.1  0.7  6  0.0                           
052313051720101339リネンデイジー　　　　　　　　　　　131.4 25.4-11.6-10.9 -7.5 -2  0.0                           
052313051820101814スターグロウ　　　　　　　　　　　　  5.0  1.8 13.1  9.0  7.2 12  0.0                           
052313060120102631ラッジオ　　　　　　　　　　　　　　  9.4  2.6  9.0  1.5  3.3  3  0.0                           
052313060220103437バロンゾラーレ　　　　　　　　　　　  7.2  2.1 13.9 16.3 10.1 10  0.0                           
052313060320101948ジャスミンフリッグ　　　　　　　　　 23.8  4.9 -8.5 -2.0 -3.3 -3 13.0                           
052313060420107147ミスターマイセルフ　　　　　　　　　 28.1  5.7 -9.3-10.0 -6.5 -6  0.0                           
052313060520106641オウケンデューク　　　　　　　　　　 87.2 15.8-10.4 -5.1 -5.0 -5  0.0                           
052313060620110122ルージュナディア　　　　　　　　　　  7.8  2.2 14.1 13.3  9.1  9  0.0                           
052313060720104261メタルクラフト　　　　　　　　　　　  8.1  2.3  5.7 13.5  6.7  7 10.9                           
052313060820103693フレーヴァード　　　　　　　　　　　  3.2  1.4 17.8  8.5  8.5  8  8.0 1                         
052313060920103297ダノンジュリアス　　　　　　　　　　  3.6  1.5 18.4 13.8 10.6 11 17.3                           
052313061020101840ガイアメモリ　　　　　　　　　　　　 63.0 11.6 -6.0-14.3 -7.0 -7  0.0                           
052313061120104355バルフォアテソーロ　　　　　　　　　 72.7 13.2 -8.8-12.3 -7.2 -7  0.0                           
052313061220105077ミヤビエポレット　　　　　　　　　　152.0 27.0-11.6-11.2 -7.6 -8  0.0                           
052313061320104708ウィステリアリヴァ　　　　　　　　　 16.3  3.6 -0.9 -1.9 -1.0 -1 12.2                           
052313061420101312シャインソテツ　　　　　　　　　　　 28.2  5.7 -6.0 -9.0 -5.1 -5  0.0                           
052313061520103480レインボーティアラ　　　　　　　　　 47.3  9.1 -8.7-10.0 -6.3 -6  0.0                           
052313061620103816コルテローザ　　　　　　　　　　　　 32.3  6.4-12.6 -7.5 -6.5 -7  0.0                           
052313070118104561エンブレムコード　　　　　　　　　　 27.6  5.4 -1.8  5.8  1.6 22  0.0                           
052313070219101454ラッキークローバー　　　　　　　　　 16.6  3.6 -2.9 -1.1 -1.3 19  0.0                           
052313070319104764ジェットグリッター　　　　　　　　　 99.3 17.2-13.0-10.0 -7.6 12  0.0                           
052313070419104871ウェストファリア　　　　　　　　　　 17.9  3.8 -9.3  4.6 -1.1 19  0.0                           
052313070519105144スクルトゥーラ　　　　　　　　　　　 14.3  3.1  3.7  6.2  3.4 23  0.0                           
052313070619105136モンタナアゲート　　　　　　　　　　  8.2  2.3  9.0  7.5  5.4 25 10.1                           
052313070717104850ユヌエトワール　　　　　　　　　　　 22.6  4.5 -8.4 -2.0 -3.3 17  0.0                           
052313070819105248グレイスフル　　　　　　　　　　　　 13.7  3.0  8.5 19.2  9.6 30 10.8                           
052313070919104675アップストローク　　　　　　　　　　  6.4  1.9  9.9 12.3  7.5 27  0.0                           
052313071019105472カーペンタリア　　　　　　　　　　　  3.5  1.5 15.4 19.6 11.8 32 17.3  1  202   39              
052313071117110006アルファウェーブ　　　　　　　　　　 47.8  8.8-12.1 -2.0 -4.4 16  0.0                           
052313071216103099カンパーニャ　　　　　　　　　　　　 28.2  5.5 -6.0 -6.4 -4.1 16  0.0                           
052313071318104699トロワエスポワール　　　　　　　　　 41.4  7.8-12.1-10.3 -7.4 13  0.0                           
052313071419105041ホウオウプレミア　　　　　　　　　　  2.9  1.4 19.3 22.5 14.0 34 15.9                           
052313071519105267スリールサンセール　　　　　　　　　 65.0 11.5-11.6-14.3 -8.7 11  0.0                           
052313080119100069オリエンタルキング　　　　　　　　　 91.7 15.2 -8.4-10.0 -6.2 14  0.0                           
052313080219102104コウキ　　　　　　　　　　　　　　　 21.0  4.2 -8.6  9.0  0.7 21  0.0                           
052313080317100682サイモンルグラン　　　　　　　　　　 42.4  7.6-12.1-10.0 -7.3 13  0.0                           
052313080419102648エスティメート　　　　　　　　　　　 31.8  5.9 -6.5 23.9  6.8 27  0.0                           
052313080519103309カフェカルマ　　　　　　　　　　　　  2.8  1.3 23.2 22.0 15.0 35  8.0                           
052313080617101761ラブロッソー　　　　　　　　　　　　 44.0  7.8-12.1-10.0 -7.3 13  0.0                           
052313080719106118ミヤビクライ　　　　　　　　　　　　 13.8  3.0  1.9 14.3  5.8 26 11.5                           
052313080819102604ヴォルスパシアル　　　　　　　　　　154.6 25.2-11.6 -8.9 -6.7 13  0.0                           
052313080918100186タイセイマーベル　　　　　　　　　　  3.4  1.4  8.2 12.7  7.1 27  0.0                           
052313081019102777ヤマニンクイッカー　　　　　　　　　 31.1  5.7  3.6  1.0  1.4 21  0.0  5                        
052313081119103021ロードブライト　　　　　　　　　　　 33.7  6.2-12.1-10.0 -7.3 13  0.0                           
052313081219101883スペイスフォース　　　　　　　　　　 20.0  4.0 -4.9 -2.0 -2.2 18 12.2                           
052313081318105544ホワイトクロウ　　　　　　　　　　　 13.3  2.9 13.0  9.8  7.5 27 10.9                           
052313081419105381ベストフィーリング　　　　　　　　　  6.1  1.8 14.8 13.4  9.4 29  9.4                           
052313081519104639サトノストロング　　　　　　　　　　 11.4  2.5  7.3  8.8  5.4 25 10.1  0                        
052313081619104385カンパニョーラ　　　　　　　　　　　 37.7  6.8 -8.7-10.0 -6.3 14  0.0                           
052313090120101403シェーンプリマー　　　　　　　　　　 11.9  2.9  3.5 -1.1  0.6 21  0.0                           
052313090220100688エントラップメント　　　　　　　　　  6.6  2.0  4.8  8.7  4.6 25  0.0                           
052313090320106750シルヴァーゴースト　　　　　　　　　 10.7  2.6  8.4  9.8  6.1 26  0.0                           
052313090420102591メリオルヴィータ　　　　　　　　　　 23.9  5.0-10.4  5.1 -1.3 19  0.0                           
052313090520105131ロッソランパンテ　　　　　　　　　　 41.8  8.3-10.3-12.3 -7.6 12  0.0                           
052313090620106963アンタノバラード　　　　　　　　　　  3.3  1.4 15.3  8.7  7.8 28 15.9                           
052313090720102762メインクーン　　　　　　　　　　　　  3.8  1.5 13.2 11.0  8.0 28  9.4                           
052313090820102502トーセンローリエ　　　　　　　　　　  3.7  1.4 17.2 27.8 15.4 35 17.3                           
052313090920104377レッツプロミス　　　　　　　　　　　 63.6 12.0-13.0 -8.9 -7.2 13  0.0                           
052313091020100084レッドカメリア　　　　　　　　　　　 63.6 12.0-14.7 -5.0 -6.2 14  0.0                           
052313091120102298トレブランシュ　　　　　　　　　　　 10.7  2.6 14.3 10.5  8.1 28 10.9                           
052313100119105454ルージュエクレール　　　　　　　　　  3.0  1.4 19.9 22.8 14.3 44 17.3C 2                        
052313100218105079ジャングルキング　　　　　　　　　　  8.9  2.3  0.5 13.1  5.0 35  0.0  5                        
052313100318101175サイモンメガライズ　　　　　　　　　 47.2  8.1 -7.1 -7.9 -5.0 25  0.0                           
052313100418105874ルルローズ　　　　　　　　　　　　　 17.5  3.5  7.9 -7.3 -0.3 30  0.0                           
052313100519100450ファロロジー　　　　　　　　　　　　 11.4  2.5-10.3 -1.2 -3.5 26  0.0  5                        
052313100618105253ベッラノーヴァ　　　　　　　　　　　  2.9  1.4 20.7 15.9 12.0 42  7.9                           
052313100717102704ジャッジ　　　　　　　　　　　　　　 37.1  6.5-12.6-10.5 -7.6 22  0.0                           
052313100817110086ジッピーレーサー　　　　　　　　　　 15.9  3.2  2.2-12.3 -3.8 26  0.0                           
052313100917102675カフェサンドリヨン　　　　　　　　　  8.6  2.2  7.2  6.6  4.6 35  9.4                           
052313101019107075ブランデーロック　　　　　　　　　　  9.0  2.3 -0.8  6.4  2.1 32  0.0                           
052313101118102021ヤマニンルリュール　　　　　　　　　 12.3  2.6  9.9  6.9  5.5 36 24.6                           
052313110117104060エドノフェリーチェ　　　　　　　　　  6.1  1.8  5.2  9.6  5.1 40  9.4                           
052313110218104609チャックネイト　　　　　　　　　　　  8.2  2.2  7.5 12.0  6.7 42  0.0                           
052313110317106303アイブランコ　　　　　　　　　　　　 36.6  6.8 -8.5-10.9 -6.5 28  0.0                           
052313110418104011ファユエン　　　　　　　　　　　　　 10.9  2.5  8.5 20.0  9.9 45  0.0                           
052313110518100537シルキーヴォイス　　　　　　　　　　 24.7  4.8 -2.5 -2.4 -1.6 33 13.7                           
052313110619101422サンストックトン　　　　　　　　　　  2.5  1.3 23.2 15.4 12.6 48 15.9                           
052313110718100774メガゴールド　　　　　　　　　　　　 32.4  6.1-12.9-10.1 -7.6 27  0.0                           
052313110818105008ククナ　　　　　　　　　　　　　　　  4.4  1.6 11.7 12.5  8.1 43  0.0                           
052313110917105374フィリオアレグロ　　　　　　　　　　  8.1  2.2  8.8  8.4  5.7 41 20.2                           
052313111019105792アケルナルスター　　　　　　　　　　 18.1  3.8 10.3 10.0  6.8 42  0.0                           
052313111117100316サペラヴィ　　　　　　　　　　　　　 37.0  6.9-10.7-12.6 -7.8 27  0.0                           
052313111217101915マイネルコロンブス　　　　　　　　　 23.3  4.6-11.6  5.0 -1.6 33  0.0                           
052313120119101121ララエフォール　　　　　　　　　　　  3.8  1.6 17.2 20.9 12.8 43  7.9                           
052313120218103276マブストーク　　　　　　　　　　　　 25.0  5.5 -1.5 -1.7 -1.1 29  0.0                           
052313120317104168ウインジョイフル　　　　　　　　　　 29.8  6.5 -4.9-10.0 -5.1 25 15.2                           
052313120418103861フクウン　　　　　　　　　　　　　　 49.1 10.2 -9.9 -9.5 -6.5 24  0.0                           
052313120519105045シャーマンズケイブ　　　　　　　　　 16.5  3.9-11.6 11.6  0.8 31  0.0                           
052313120619101267エルパソ　　　　　　　　　　　　　　  8.4  2.5 11.6  4.3  5.1 35  0.0                           
052313120717105253コロンドール　　　　　　　　　　　　 45.7  9.5-13.0-10.5 -7.8 22  0.0                           
052313120818104392グリュースゴット　　　　　　　　　　 17.8  4.2 -4.4 -3.3 -2.5 27  0.0  5                        
052313120919102143フルオール　　　　　　　　　　　　　  3.9  1.6 21.2 21.9 14.4 44 17.3  1  112   64              
052313121017103788フリーフロー　　　　　　　　　　　　 92.6 18.2 -3.2-10.2 -4.7 25  0.0                           
052313121119106895マウントベル　　　　　　　　　　　　  8.1  2.4  5.5 10.6  5.5 36 21.7                           
052313121218104603スーパーホープ　　　　　　　　　　　  8.1  2.5  6.1  6.7  4.3 34  0.0                           
052313121317105667トランシルヴァニア　　　　　　　　　 44.0  9.2 -9.3  2.7 -1.8 28  0.0                           
052313121417100174ヴィクトリオーソ　　　　　　　　　　 82.0 16.2 -6.9-10.9 -6.1 24  0.0                           
052313121518103831イサチルプリンス　　　　　　　　　　 27.3  6.0-10.3-10.0 -6.8 23  0.0                           
052313121618110065ナイトフローリック　　　　　　　　　  6.1  2.0  6.4  6.8  4.4 34  0.0  5                        
07231b010120105871ビギドリ　　　　　　　　　　　　　　 25.5  5.3  2.2  0.0  0.8  6  0.0                           
07231b010220106642オシゲ　　　　　　　　　　　　　　　  9.2  2.6  3.5-10.9 -2.0  3 23.5                           
07231b010320102544パスカリ　　　　　　　　　　　　　　  6.3  2.0 13.8 13.2  9.0 14 13.4                           
07231b010420104938エクレアジョーイ　　　　　　　　　　 38.1  7.6 -8.7-14.0 -7.4 -2 30.9  0                        
07231b010520107089ブレードランナー　　　　　　　　　　 25.2  5.3 -9.5 -0.7 -3.7  1  0.0                           
07231b010620100508スライスヘリテージ　　　　　　　　　 75.4 14.0-11.2-10.6 -7.3 -2  0.0                           
07231b010720102624コリアンドリ　　　　　　　　　　　　  7.5  2.2  7.7 10.6  6.0 11  0.0                           
07231b010820104499チアーズ　　　　　　　　　　　　　　  7.1  2.1  9.4  6.6  5.4 10  0.0                           
07231b010920100642クールシュヴェル　　　　　　　　　　 42.8  8.5-11.8 -9.8 -7.3 -2  0.0                           
07231b011020106313エムズシップ　　　　　　　　　　　　 24.0  5.0 -1.6  4.0  0.6  6  0.0                           
07231b011120106207メイショウアダーラ　　　　　　　　　 35.8  7.2-11.0-18.0 -9.4 -4  0.0  0                        
07231b011220103518ハッピーバンド　　　　　　　　　　　  2.6  1.4 16.6 21.0 12.4 17 16.2  2                        
07231b011320106209メイショウコボケ　　　　　　　　　　  5.3  1.8 15.1  7.5  7.8 13  0.0                           
07231b011420105084ビナカントー　　　　　　　　　　　　 49.0  9.6-11.0-14.7 -8.4 -3  0.0                           
07231b011520101239リヨン　　　　　　　　　　　　　　　 47.0  9.2-11.2-10.6 -7.3 -2  0.0                           
07231b020120100717リリアナフェアリー　　　　　　　　　 27.8  5.8 -4.4  8.7  1.0  6  0.0                           
07231b020220106927リュクスドレフォン　　　　　　　　　  7.0  2.1 11.5 15.7  8.9 14  0.0                           
07231b020320100841スタンプブック　　　　　　　　　　　 32.2  6.6 -9.2-10.6 -6.6 -2  0.0                           
07231b020420104759ディープマインド　　　　　　　　　　 23.7  5.1 -5.6 -0.3 -2.1  3  0.0                           
07231b020520102269ツィスカリーゼ　　　　　　　　　　　 22.4  4.8 -5.1  0.2 -1.8  3 26.5                           
07231b020620100239ティーティースター　　　　　　　　　 48.3  9.6-11.0 -7.5 -6.3 -1  0.0                           
07231b020720107149キクノビースト　　　　　　　　　　　 32.2  6.6-11.0 -7.5 -6.3 -1  0.0                           
07231b020820104478アルルカン　　　　　　　　　　　　　  2.9  1.4 20.1 22.1 14.0 19 16.2                           
07231b020920105635ツークフォーゲル　　　　　　　　　　  8.7  2.5 10.0  9.2  6.4 11 20.6                           
07231b021020103775サトノラピス　　　　　　　　　　　　 12.7  3.1-11.0-10.9 -7.3 -2  0.0                           
07231b021120101020ペイシャモノノフ　　　　　　　　　　 43.2  8.7-11.0-10.2 -7.1 -2  0.0                           
07231b021220100993メイショウマイタケ　　　　　　　　　 64.8 12.4-11.0-20.0-10.0 -5  0.0                           
07231b021320102599リトルミム　　　　　　　　　　　　　 14.7  3.4  0.3  5.6  1.8  7  0.0                           
07231b021420105542ドンアチェカ　　　　　　　　　　　　  4.8  1.7 15.2 18.8 11.2 16  0.0                           
07231b021520101182グッジョブ　　　　　　　　　　　　　  8.8  2.5  7.9 16.5  7.8 13 15.4  2                        
07231b021620102060ストリートジャガー　　　　　　　　　 35.8  7.3 -1.2 -0.4 -0.6  4  0.0                           
07231b030120101510シュンコッチャン　　　　　　　　　　 51.3 10.1-11.2-10.6 -7.3 -2  0.0                           
07231b030220101553タイセイマイティ　　　　　　　　　　  3.4  1.4 15.9 20.0 11.8 17 16.2                           
07231b030320104365リリーブースター　　　　　　　　　　131.1 24.2-10.2 -7.1 -5.9 -1  0.0                           
07231b030420104406セイウンカノープス　　　　　　　　　 16.4  3.7 -2.0  2.3  0.0  5  0.0                           
07231b030520100604テーオーレガシー　　　　　　　　　　 42.2  8.5 -7.1 -6.2 -4.5  1  0.0                           
07231b030620100472イエスウィズキャン　　　　　　　　　  9.3  2.6  7.8  5.2  4.4  9 20.6                           
07231b030720103097ヴィヴマン　　　　　　　　　　　　　 28.6  5.9-11.0 -6.2 -5.9 -1  0.0                           
07231b030820101302ゲットザフェイム　　　　　　　　　　 44.6  8.9-11.8-10.1 -7.4 -2  0.0                           
07231b030920110100シゲルソロソロ　　　　　　　　　　　 36.7  7.4 -5.6 -6.7 -4.1  1  0.0                           
07231b031020106533テイエムリッキー　　　　　　　　　　 37.2  7.5 -5.5-20.0 -8.0 -3  0.0                           
07231b031120101402ラミアストラーダ　　　　　　　　　　  3.7  1.5 17.2 16.3 11.2 16  0.0                           
07231b031220106542フレイムソード　　　　　　　　　　　 15.7  3.6 11.5 -0.9  3.9  9 23.5                           
07231b031320100724センチュリヒーロー　　　　　　　　　 42.9  8.6-11.0-20.0-10.0 -5  0.0                           
07231b031420100979メイショウコガシラ　　　　　　　　　  3.7  1.4 15.1 12.1  9.2 14 12.4                           
07231b031520104219ニホンピロビート　　　　　　　　　　 50.2  9.9-10.1-14.7 -8.1 -3  0.0                           
07231b031620102724クールブロン　　　　　　　　　　　　 12.4  3.0  7.7 11.9  6.4 11  0.0  4                        
07231b040120106639カビーリア　　　　　　　　　　　　　 20.6  3.9 -5.1-10.1 -4.9 -5  0.0                           
07231b040220100844イーヴイ　　　　　　　　　　　　　　 15.1  3.0  7.7 -9.4  0.0  0  0.0                           
07231b040320105129クリノビッグボス　　　　　　　　　　 14.1  2.9 -0.4  8.7  2.5  2  0.0  5                        
07231b040420100211ヒルノヴィクトリア　　　　　　　　　  3.2  1.3 16.2  3.6  7.0  7 12.4                           
07231b040520102979チリセラーノ　　　　　　　　　　　　 12.2  2.6 -3.6 -5.1 -2.8 -3  0.0                           
07231b040620100231ワンダーエッジ　　　　　　　　　　　  5.7  1.7 12.0 14.0  8.6  9 19.1  4                        
07231b040720106862サトノトライアンフ　　　　　　　　　  2.6  1.3 20.5 24.6 14.9 15 16.2                           
07231b040820104304スマートサニー　　　　　　　　　　　 18.3  3.5 -6.9 -8.7 -5.1 -5  0.0                           
07231b040920105887アルファマドンナ　　　　　　　　　　  6.4  1.8  7.2 19.4  8.5  8 20.6                           
07231b050120105885サダムターゲット　　　　　　　　　　 34.1  6.0-10.1 -8.7 -6.3 -1  0.0                           
07231b050220103414ムジェロ　　　　　　　　　　　　　　  5.7  1.7 17.4 18.7 12.0 17 19.1                           
07231b050320100090レブロン　　　　　　　　　　　　　　 48.9  8.3-11.2-10.6 -7.3 -2  0.0                           
07231b050420104952アルマドゥーラ　　　　　　　　　　　 36.6  6.4-11.2 -7.4 -6.3 -1  0.0                           
07231b050520101354サンスノーフレーク　　　　　　　　　 38.3  6.6 -7.9 -7.5 -5.1  0  0.0                           
07231b050620103057ムティアラ　　　　　　　　　　　　　 18.4  3.6  0.8  8.8  2.9  8  0.0                           
07231b050720102874シャドウソニック　　　　　　　　　　 12.6  2.7  7.9  4.8  4.3  9  0.0                           
07231b050820105657インタクト　　　　　　　　　　　　　 23.3  4.3 -0.7  2.4  0.5  5  0.0                           
07231b050920101469ラインシュトラール　　　　　　　　　 36.8  6.4-11.2-10.6 -7.3 -2  0.0                           
07231b051020103502トラストエムシー　　　　　　　　　　  7.1  1.9  8.5  8.0  5.5 11 14.4                           
07231b051120100680エルトンバローズ　　　　　　　　　　  3.0  1.3 16.9 16.5 11.1 16 17.7                           
07231b051220105196ウインフランシーズ　　　　　　　　　 26.5  4.8 -2.7 -3.9 -2.2  3  0.0                           
07231b051320103187アドマイヤイル　　　　　　　　　　　  2.8  1.3 19.8 25.4 14.9 20 16.2                           
07231b060119103556サクハル　　　　　　　　　　　　　　  9.3  2.6  3.2 -6.2 -0.7 19  0.0                           
07231b060219100683パレフォーコン　　　　　　　　　　　  9.5  2.7 12.6  9.4  7.4 27 23.5                           
07231b060319106657トモノボーイ　　　　　　　　　　　　 39.8  8.1 -5.1 -5.9 -3.6 16  0.0                           
07231b060419104660フラップシグナス　　　　　　　　　　  2.6  1.4 19.4 16.3 12.0 32 16.2                           
07231b060519101673リッキーヤスオカ　　　　　　　　　　 17.0  3.9-11.0-10.4 -7.2 13  0.0                           
07231b060619103421テイエムフェロー　　　　　　　　　　  5.8  1.9 11.5 20.1 10.2 30  0.0                           
07231b060719103208オステリア　　　　　　　　　　　　　 33.3  6.9-11.0 -2.3 -4.7 15  0.0                           
07231b060819102535ナムラデイリリー　　　　　　　　　　 12.3  3.0 12.6 10.8  7.9 28  0.0  5                        
07231b060919102491プレイテシア　　　　　　　　　　　　 47.2  9.5-11.0  4.5 -2.7 17  0.0                           
07231b061019100026ベルドラゴ　　　　　　　　　　　　　 24.3  5.2 -5.1-20.0 -7.9 12  0.0                           
07231b061119103318リオンラファール　　　　　　　　　　  7.2  2.2  5.6  7.2  4.2 24 13.4                           
07231b061219106730マイアミュレット　　　　　　　　　　 55.7 10.8-11.2-10.6 -7.3 13  0.0                           
07231b061319100288ヤマイチエスポ　　　　　　　　　　　 44.0  8.9-11.0 -8.7 -6.6 13  0.0                           
07231b061416101391ジャコエマリックン　　　　　　　　　 55.7 10.8-11.8 -8.7 -6.9 13  0.0                           
07231b061519106586エリザベスミノル　　　　　　　　　　  9.3  2.6  6.6 -0.3  2.3 22 22.1                           
07231b061617103155トモジャアルマンド　　　　　　　　　 33.5  6.9 -3.6  5.1  0.2 20  0.0                           
07231b070119106527レディベル　　　　　　　　　　　　　 13.6  3.2  6.6  9.5  5.3 25  0.0                           
07231b070216100305セイカヤマノ　　　　　　　　　　　　 15.6  3.6 -5.2  7.7  0.4 20  0.0                           
07231b070319107031テイエムシップ　　　　　　　　　　　  4.6  1.6 15.9 15.7 10.5 31 19.1                           
07231b070419100551アルムブラーヴ　　　　　　　　　　　  4.6  1.6 12.0 29.1 13.1 33 17.7  1  189   54              
07231b070519100943サードフォース　　　　　　　　　　　 24.8  5.3 -5.2 -6.0 -3.7 16  0.0                           
07231b070619106014スピリトーゾ　　　　　　　　　　　　 14.5  3.4 -2.9-19.5 -6.9 13  0.0                           
07231b070719100953エルデスペラード　　　　　　　　　　 15.2  3.5 -5.2-12.0 -5.5 14  0.0                           
07231b070819102593ルイナールカズマ　　　　　　　　　　  5.3  1.8 14.9 16.6 10.4 30 14.4  2                        
07231b070916104677イシュタルゲート　　　　　　　　　　  2.9  1.4 17.2 16.0 11.1 31 16.2                           
07231b071018102350テーオールノワール　　　　　　　　　 25.8  5.5 -5.1 -9.0 -4.6 15  0.0                           
07231b071119100206ウインヴェルデ　　　　　　　　　　　 23.8  5.1 -4.4 -1.7 -2.1 18  0.0                           
07231b080119102869カズプレスト　　　　　　　　　　　　  2.1  1.2 21.9 17.8 13.4 43 16.2                           
07231b080215106353クリノクノイチ　　　　　　　　　　　 55.4  9.4-11.0 -8.7 -6.6 23  0.0                           
07231b080317101334ジョウショーリード　　　　　　　　　 35.5  6.4-12.7-14.7 -9.1 21  0.0                           
07231b080418105007サブロンカズマ　　　　　　　　　　　 79.0 13.2-11.2-10.6 -7.3 23  0.0                           
07231b080517104944サンデーミラージュ　　　　　　　　　 91.6 15.2-11.0-10.5 -7.2 23  0.0                           
07231b080619101479ウインアウォード　　　　　　　　　　  8.6  2.3 12.3  6.3  6.4 36 19.1                           
07231b080718104333スカーレットジンク　　　　　　　　　 15.2  3.2  3.5  3.7  2.4 32  0.0                           
07231b080817101791ウーゴ　　　　　　　　　　　　　　　 23.0  4.4 -1.8  8.7  2.0 32 20.6                           
07231b080919104556トランキリテ　　　　　　　　　　　　  5.7  1.8 14.8 18.1 10.9 41  0.0                           
07231b081018105738トーアエレクトロン　　　　　　　　　 63.7 10.7-11.0 -7.5 -6.3 24  0.0                           
07231b081119100723モナルヒ　　　　　　　　　　　　　　 10.8  2.4  8.6 10.6  6.3 36  0.0                           
07231b081218102600ロードサージュ　　　　　　　　　　　 12.4  2.7-11.0-20.0-10.0 20  0.0                           
07231b081319106425ニホンピロオーセン　　　　　　　　　 28.4  5.3 -2.3-18.0 -6.2 24  0.0  0                        
07231b081418104322プレジールミノル　　　　　　　　　　 21.0  4.1  2.8  6.4  2.9 33  0.0                           
07231b081519106894キッショウ　　　　　　　　　　　　　 16.4  3.4 -2.4 -7.3 -3.1 27  0.0  0                        
07231b081617106136ヴァクストゥーム　　　　　　　　　　 22.4  4.3 -6.5  5.9 -0.6 29 28.0                           
07231b090118103086ヴァーチャリティ　　　　　　　　　　 22.5  4.4-11.0 12.0 -0.4 35  0.0                           
07231b090218100394サトノラムセス　　　　　　　　　　　  2.6  1.3 17.2 20.9 12.6 48 16.2                           
07231b090316104431スズカカナロア　　　　　　　　　　　 13.0  2.9 -5.1 -9.1 -4.6 30  0.0                           
07231b090419105846ブライトオンベイス　　　　　　　　　  6.7  1.9  4.2 20.2  7.6 43 22.1                           
07231b090518100570セリシア　　　　　　　　　　　　　　  8.8  2.3  9.9  6.4  5.6 41  0.0                           
07231b090618105011ショウナンアレス　　　　　　　　　　  3.9  1.5 15.6  4.3  7.0 42 17.7                           
07231b090719104976ミスボニータ　　　　　　　　　　　　  6.6  1.9 10.7 12.3  7.6 43 14.4                           
07231b090818103574アイスリアン　　　　　　　　　　　　 33.4  6.2-11.8-10.2 -7.4 28  0.0                           
07231b090918103021タイセイシェダル　　　　　　　　　　  6.0  1.8  3.2  8.8  3.8 39  0.0                           
07231b100120110068エイムインライフ　　　　　　　　　　 17.9  3.9 -5.1 -1.3 -2.3 43  0.0                           
07231b100220101897レッドヒルシューズ　　　　　　　　　  4.5  1.7 15.3 12.3  9.3 54 17.7                           
07231b100320103655ダークブロンド　　　　　　　　　　　  7.8  2.2  2.8 10.9  4.3 49  0.0                           
07231b100420103735ランフリーバンクス　　　　　　　　　  8.0  2.3  5.8 -5.3  0.5 46 15.4  0                        
07231b100520105285ユリーシャ　　　　　　　　　　　　　 16.7  3.7 -7.7 -1.2 -3.2 42  0.0                           
07231b100620104980ヒメナデシコ　　　　　　　　　　　　 25.2  5.2-11.0  0.3 -3.9 41  0.0                           
07231b100720102995クイーンオブソウル　　　　　　　　　 13.9  3.2  4.9  6.6  3.8 49 25.0                           
07231b100820102660シングザットソング　　　　　　　　　  6.5  2.0 11.3 19.1  9.9 55  0.0                           
07231b100920103495マルクパージュ　　　　　　　　　　　 19.7  4.2  2.1 17.5  6.0 51  0.0                           
07231b101020102630アルーリングビュー　　　　　　　　　  2.7  1.4 20.1 23.9 14.5 60 16.2                           
07231b101120103368コナコースト　　　　　　　　　　　　 11.9  2.8  3.0 -2.4  0.4 45  0.0                           
07231b110117102031マテンロウスパーク　　　　　　　　　 13.8  3.3 -1.7 -6.0 -2.4 43  0.0                           
07231b110218103540ホウオウルバン　　　　　　　　　　　 26.2  5.7 -9.5 -7.1 -5.6 39  0.0                           
07231b110317104867ヒロイックテイル　　　　　　　　　　 24.9  5.4-10.1-12.7 -7.5 37  0.0                           
07231b110417103803バイシュラバナ　　　　　　　　　　　  2.7  1.4 20.0 19.1 13.1 58 16.2                           
07231b110516105042キスラー　　　　　　　　　　　　　　 22.7  5.0 -0.2  4.1  1.2 46 17.5                           
07231b110616101147ロードリバーサル　　　　　　　　　　 43.7  9.0-10.1-10.7 -6.9 38  0.0                           
07231b110718106571メイショウフンジン　　　　　　　　　  6.1  2.0 14.8 10.8  8.7 54 19.1                           
07231b110819105023アイスジャイアント　　　　　　　　　 30.4  6.5-11.2-10.6 -7.3 38  0.0                           
07231b110916105047トランスナショナル　　　　　　　　　 23.3  5.1 -9.2-10.6 -6.6 38  0.0                           
07231b111017101895ペルセウスシチー　　　　　　　　　　 49.5 10.1 -7.0 -2.7 -3.4 42  0.0                           
07231b111117100478フィニステール　　　　　　　　　　　  7.8  2.4  8.9 19.5  9.1 54  0.0                           
07231b111216104231ダノンスプレンダー　　　　　　　　　 27.9  6.0 -2.4  6.2  1.0 46  0.0                           
07231b111318104876ユアヒストリー　　　　　　　　　　　 79.5 15.5 -8.4-13.2 -7.0 38  0.0                           
07231b111418104518ゴッドセレクション　　　　　　　　　 26.8  5.8-11.0-13.3 -8.0 37  0.0                           
07231b111517105416フラーレン　　　　　　　　　　　　　  5.9  1.9 14.7 20.5 11.5 57 17.7                           
07231b111618106084ペプチドナイル　　　　　　　　　　　  8.0  2.4  7.4  9.8  5.7 51  0.0                           
07231b120118105408シンシアリダーリン　　　　　　　　　 19.2  4.1 -5.1 -7.5 -4.1 26  0.0                           
07231b120219101716アップデート　　　　　　　　　　　　  6.1  1.9 10.9 13.2  8.0 38 19.1                           
07231b120316104691セグレドスペリオル　　　　　　　　　 16.5  3.6  4.7  9.1  4.5 34  0.0                           
07231b120419106370ジャスティンヴェル　　　　　　　　　  7.3  2.1 10.2-10.4  0.6 31  0.0                           
07231b120519104703カンティプール　　　　　　　　　　　  2.8  1.4 18.1 18.5 12.2 42 16.2                           
07231b120616100758マイネルステレール　　　　　　　　　 39.2  7.5-11.2-10.6 -7.3 23  0.0                           
07231b120719101877ルミネイト　　　　　　　　　　　　　 14.4  3.2  6.9  6.8  4.6 35  0.0                           
07231b120818102718ヘネラルカレーラ　　　　　　　　　　  7.8  2.2  6.1 19.1  8.0 38 15.4                           
07231b120919105340ホウオウバニラ　　　　　　　　　　　  4.1  1.6 15.9 11.5  9.3 39 17.7                           
07231b121018101642ウインミニヨン　　　　　　　　　　　 11.5  2.7-11.0-10.2 -7.1 23  0.0                           
07231b121118100190アトミックフレア　　　　　　　　　　 29.2  5.8 -5.1-13.3 -5.9 24  0.0                           
102317010120104726マカーリオ　　　　　　　　　　　　　 12.3  2.6  0.8  9.0  3.0  8  0.0                           
102317010220105656フルール　　　　　　　　　　　　　　 16.1  3.2 -2.5 -2.0 -1.5  3  0.0                           
102317010320103974サンクスギビング　　　　　　　　　　 37.8  6.5-11.9-15.0 -8.9 -4  0.0                           
102317010420103362ハーベストデイ　　　　　　　　　　　 12.7  2.7 -2.2-15.0 -5.3  0  0.0                           
102317010520105774コスモチプリア　　　　　　　　　　　  7.9  2.1 12.5  7.5  6.8 12 16.3                           
102317010620101057ハイエナジー　　　　　　　　　　　　 16.8  3.3 -9.5-15.0 -8.0 -3  0.0                           
102317010720101212ショウナンアキドン　　　　　　　　　  3.3  1.4 18.9 22.5 13.7 19 15.0                           
102317010820104394シャイナライ　　　　　　　　　　　　 38.7  6.7-10.4-12.5 -7.6 -3  0.0                           
102317010920106877スマートアイ　　　　　　　　　　　　  2.5  1.3 23.3 30.0 17.5 23 13.8                           
102317011020104568ニホンピロシーガー　　　　　　　　　 23.7  4.3 -9.9 -9.0 -6.3 -1  0.0                           
102317011120100690オボロヅキヨ　　　　　　　　　　　　 24.2  4.4 -9.2-15.0 -7.9 -3  0.0                           
102317011220107203イツモハラペコ　　　　　　　　　　　  9.2  2.3 13.4 15.0  9.4 14 12.3                           
102317020120104477スイーツバイキング　　　　　　　　　  5.1  1.7 13.5 25.0 12.4 17 16.3                           
102317020220106139サマニテイオー　　　　　　　　　　　 45.3  8.8-10.4  7.5 -1.6  3  0.0                           
102317020320105215ダリオールショコラ　　　　　　　　　 44.9  8.7 -4.7-14.3 -6.0 -1  0.0  0                        
102317020420102664ウォーターハウス　　　　　　　　　　 14.1  3.2  0.7  9.0  3.0  8  0.0                           
102317020520103509ドナウパール　　　　　　　　　　　　  2.7  1.3 21.0 30.0 16.7 22 13.8                           
102317020620106798メイショウオオミネ　　　　　　　　　 44.7  8.7-10.7-15.0 -8.4 -3  0.0                           
102317020720104539モンテナルス　　　　　　　　　　　　 51.6  9.9-11.9-10.9 -7.6 -3  0.0                           
102317020820101184シャイニースイフト　　　　　　　　　  6.2  1.9 12.9 15.0  9.2 14 17.5                           
102317020920105498キタノチェロキー　　　　　　　　　　 18.5  4.0  6.2  7.5  4.5 10  0.0                           
102317021020103021ヒノタマボーイ　　　　　　　　　　　 17.8  3.9 -8.6-15.0 -7.7 -3  0.0                           
102317021120102900ギルデッドフレーム　　　　　　　　　 11.6  2.8  8.3  9.0  5.7 11  0.0                           
102317021220103270ダミエ　　　　　　　　　　　　　　　  4.6  1.6 18.0 22.5 13.4 18 10.5                           
102317021320105485ニシノカナン　　　　　　　　　　　　 19.2  4.2 -4.7  7.5  0.5  6  0.0                           
102317030120100986メローラ　　　　　　　　　　　　　　 23.4  4.5  0.4-12.5 -3.6  1  0.0                           
102317030220103984グラスヴィガー　　　　　　　　　　　 15.5  3.3  7.3  7.5  4.9 10 13.1                           
102317030320106795フクノワカバ　　　　　　　　　　　　  4.1  1.5 15.9 22.5 12.6 18 15.0                           
102317030420110134ジャスパーロイヤル　　　　　　　　　  2.5  1.3 21.7  6.2  9.8 15 13.8                           
102317030520110028ウォーターレモン　　　　　　　　　　 13.7  3.0  9.0 12.5  7.1 12  0.0                           
102317030620100128シゲルダンガン　　　　　　　　　　　 24.0  4.6  0.8 11.5  3.7  9  0.0  5                        
102317030720104418サンアルフィー　　　　　　　　　　　 24.4  4.7-10.4-12.5 -7.6 -3  0.0                           
102317030820105699カシノビルボード　　　　　　　　　　 38.4  7.0 -7.1-12.5 -6.4 -1  0.0                           
102317030920106508メイショウコウラン　　　　　　　　　 19.3  3.9 -5.3  7.8  0.4  5  0.0                           
102317031020106321タノムデホンマ　　　　　　　　　　　  5.5  1.7 19.0 -9.0  4.3  9 16.3                           
102317031120102786チキチキチータ　　　　　　　　　　　 20.6  4.1-10.4  7.5 -1.6  3  0.0                           
102317031220106195トップモーリス　　　　　　　　　　　 22.0  4.3  0.3  9.0  2.8  8  0.0                           
102317031320105888イナホ　　　　　　　　　　　　　　　 23.0  4.5-10.9-12.5 -7.7 -3  0.0                           
102317031420104236ニトウリュウ　　　　　　　　　　　　 33.2  6.2-11.9-15.0 -8.9 -4  0.0                           
102317040114106286デストロイ　　　　　　　　　　　　　 46.2  8.7-10.4-12.5 -7.6 12  0.0                           
102317040219102200スマートキャノン　　　　　　　　　　 10.7  2.6  8.2 12.3  6.7 27 13.1                           
102317040317100436グレートバローズ　　　　　　　　　　  4.0  1.6 14.1 22.5 11.9 32 15.0                           
102317040418102142マイネルダンク　　　　　　　　　　　 14.7  3.3 -3.1  7.5  1.1 21  0.0                           
102317040517101730タガノペルマネンテ　　　　　　　　　 14.9  3.3  5.4  9.0  4.7 25  0.0                           
102317040618103204ヤマノグリッターズ　　　　　　　　　 40.0  7.6-10.4-12.5 -7.6 12  0.0                           
102317040715100493キタノテイオウ　　　　　　　　　　　 42.3  8.0-10.4 -4.9 -5.3 15  0.0                           
102317040818105935スリーケイエヌ　　　　　　　　　　　 37.3  7.1-12.6-15.0 -9.1 11  0.0                           
102317040916101149ロードアクア　　　　　　　　　　　　  2.7  1.4 20.5 30.0 16.5 37 13.8                           
102317041015104367ジャディード　　　　　　　　　　　　 16.4  3.6  2.3 12.5  4.6 25  0.0                           
102317041118100827ショウナンサルヴォ　　　　　　　　　  7.7  2.2  8.7  9.0  5.9 26 16.3                           
102317041218105506スーパーフェイバー　　　　　　　　　 26.1  5.2 -6.4 -2.0 -2.9 17  0.0                           
102317041316105007ポートロイヤル　　　　　　　　　　　  8.9  2.4  2.0  7.5  3.0 23  0.0                           
102317041417106115メイショウベンガル　　　　　　　　　 15.5  3.4  1.5  0.3  0.6 21  0.0  5                        
102317050119105731イントロバート　　　　　　　　　　　 24.4  4.8 -5.1  7.5  0.4  0  0.0                           
102317050219105826ホウオウフラッシュ　　　　　　　　　 31.9  6.1-10.4-12.5 -7.6 -8  0.0                           
102317050318106213モーニングアヤメ　　　　　　　　　　  8.5  2.3  6.2 15.0  6.8  7  0.0                           
102317050414106228ヴァンクールシルク　　　　　　　　　 12.2  2.8  3.4  7.5  3.5  3  0.0                           
102317050517102751ワンダーサーイター　　　　　　　　　 31.4  6.1-10.4-12.5 -7.6 -8  0.0                           
102317050617101342シゲルキンセイ　　　　　　　　　　　  7.4  2.1 10.5 15.0  8.4  8  0.0                           
102317050718106573スマッシャー　　　　　　　　　　　　  2.3  1.3 20.5 30.0 16.5 17 13.8                           
102317050817106451メイショウカムロ　　　　　　　　　　 26.1  5.1 -6.6 -7.8 -4.8 -5  0.0                           
102317050918104420ベストインクラス　　　　　　　　　　 43.7  8.2-10.4-12.5 -7.6 -8  0.0                           
102317051017104961タイセイモンストル　　　　　　　　　  7.7  2.2 13.1 10.1  7.8  8 17.5                           
102317051117103868スマートルミエール　　　　　　　　　  5.6  1.8  9.8 18.8  9.2  9 10.5                           
102317051214105506バレッティ　　　　　　　　　　　　　  8.5  2.3 12.4 12.5  8.3  8 18.8                           
102317060120102340カズキ　　　　　　　　　　　　　　　 20.2  3.5 -8.5-13.4 -7.1 -2  0.0  0                        
102317060220106885リリーバローズ　　　　　　　　　　　  4.5  1.4 16.5 22.5 12.8 18 16.3                           
102317060320103491ディオファントス　　　　　　　　　　  2.3  1.2 19.6 30.0 16.2 21 13.8                           
102317060420106680サスケ　　　　　　　　　　　　　　　  3.0  1.2 16.1 18.0 11.3 16 15.0                           
102317060520106707ヌンフェルモ　　　　　　　　　　　　 16.5  3.0-12.3-12.5 -8.3 -3  0.0                           
102317060620100426ウインエクラン　　　　　　　　　　　 22.6  3.7 -2.6  9.0  1.7  7  0.0                           
102317060720104986ロジウムエポック　　　　　　　　　　  8.5  2.0 13.0 15.0  9.3 14 12.3                           
102317060820101551ダノンワンナップ　　　　　　　　　　 18.8  3.3  2.3  7.5  3.1  8  0.0                           
102317060920103160ケイツークローン　　　　　　　　　　 25.0  4.1 -4.1  7.5  0.7  6  0.0                           
102317070119101661サトミノマロン　　　　　　　　　　　  5.2  1.7 11.4 25.0 11.7 32 16.3                           
102317070219103278クラップサンダー　　　　　　　　　　 11.7  2.7 -0.5  9.0  2.5 23  0.0                           
102317070317104266カップッチョ　　　　　　　　　　　　 44.2  8.3-10.9-12.5 -7.7 12  0.0                           
102317070419100284アウグスト　　　　　　　　　　　　　 12.4  2.8 13.0  7.5  7.0 27 14.0                           
102317070519100635ラニカイ　　　　　　　　　　　　　　  2.9  1.3 18.2 13.9 10.8 31 13.8                           
102317070619104239ケイティレインボー　　　　　　　　　 17.6  3.7  5.3-15.0 -2.6 17  0.0                           
102317070717104884オーマイオーマイ　　　　　　　　　　 29.8  5.8 -8.8 -9.1 -6.0 14  0.0                           
102317070818103280インテグラルシチー　　　　　　　　　 30.5  5.9-11.9-15.0 -8.9 11  0.0                           
102317070918104723マグナムハート　　　　　　　　　　　 46.7  8.7-10.4-12.5 -7.6 12  0.0                           
102317071019100759マイネルキング　　　　　　　　　　　 23.1  4.6 -5.2-12.5 -5.7 14  0.0                           
102317071119103219ブレイクザアイス　　　　　　　　　　 15.3  3.3  0.6  7.5  2.5 22  0.0                           
102317071219105186スペクトログラム　　　　　　　　　　  3.7  1.5 16.3 22.5 12.7 33 15.0                           
102317071319101835トーホウテンリュウ　　　　　　　　　 11.9  2.7  6.8 15.2  7.1 27  0.0  5                        
102317080117106399メイショウイナセ　　　　　　　　　　 37.9  8.5-10.4-12.5 -7.6 12  0.0                           
102317080219109123ミミグッド　　　　　　　　　　　　　126.4 26.2-12.6-10.9 -7.9 12  0.0                           
102317080319105485セレブレイトガイズ　　　　　　　　　 14.8  3.8 -5.5-15.0 -6.5 13  0.0                           
102317080419105908グランドゴールド　　　　　　　　　　  4.8  1.8 10.0 30.0 12.7 33 11.4                           
102317080518104162ニホンピロマリブ　　　　　　　　　　 32.2  7.4 -2.8 -9.0 -3.7 16  0.0                           
102317080618103603グラヴィテ　　　　　　　　　　　　　 22.2  5.3 -1.6  9.0  2.1 22  0.0                           
102317080719105341シュホ　　　　　　　　　　　　　　　 20.3  5.0 -4.7  7.5  0.5 21  0.0                           
102317080818106739マイネルジャッカル　　　　　　　　　  4.4  1.7 14.6 15.0  9.9 30 15.0                           
102317080918103496ウェイオブライト　　　　　　　　　　 43.5  9.7 -8.7-15.0 -7.7 12  0.0                           
102317081019105120アイスランドポピー　　　　　　　　　 10.9  3.0  0.6-12.5 -3.5 16  0.0                           
102317081119102220モカフラワー　　　　　　　　　　　　  6.0  2.1 14.5  7.5  7.6 28  0.0                           
102317081219101635サトノリーベ　　　　　　　　　　　　  6.4  2.2 10.1 -9.0  1.0 21 18.8                           
102317081319106935シャトンアンジュ　　　　　　　　　　  4.2  1.7 16.3 22.5 12.7 33 13.8                           
102317081419103158セイウンガレオン　　　　　　　　　　 94.5 19.8-10.4-20.0 -9.8 10  0.0                           
102317081519105367ドット　　　　　　　　　　　　　　　 76.8 16.2-11.9 -2.9 -5.2 15  0.0                           
102317090120101217アスクドリームモア　　　　　　　　　  7.8  2.5  0.9 -9.0 -2.4 18  0.0                           
102317090220104856プライムレート　　　　　　　　　　　 26.9  6.3 -6.1 -8.7 -4.8 15  0.0                           
102317090320103267アトモストリミッツ　　　　　　　　　 19.0  4.7  0.5  9.0  2.9 23  0.0                           
102317090420102132トレンディスター　　　　　　　　　　  3.6  1.6 14.0  9.0  7.8 28 13.8                           
102317090520103284トールキン　　　　　　　　　　　　　  6.6  2.2  4.7  9.0  4.4 24 12.3                           
102317090620101262エコロレジーナ　　　　　　　　　　　 14.3  3.7  1.3 25.0  8.0 28  0.0                           
102317090720107094ルイス　　　　　　　　　　　　　　　 49.4 11.0-11.9 -2.9 -5.2 15  0.0                           
102317090820102049ハウピア　　　　　　　　　　　　　　 14.0  3.6 -3.8-15.0 -5.9 14 21.3                           
102317090920109134セロンテソーロ　　　　　　　　　　　 30.5  7.0-10.4-12.5 -7.6 12  0.0                           
102317091020106343ユカリプレリュード　　　　　　　　　 14.5  3.7 -4.7  7.5  0.5 21  0.0                           
102317091120100909ジューンオレンジ　　　　　　　　　　  5.4  2.0 15.1 22.5 12.3 32 15.0                           
102317091220103962ステークホルダー　　　　　　　　　　  6.3  2.1 11.0  7.5  6.3 26  0.0                           
102317091320106737メイショウコギク　　　　　　　　　　  8.9  2.8  3.4 15.0  5.7 26  0.0                           
102317100117103167ハギノオーロ　　　　　　　　　　　　 29.1  7.2 -7.6-15.0 -7.3 23  0.0                           
102317100219100642イプノーズ　　　　　　　　　　　　　  6.1  2.2  4.7  9.0  4.4 34 16.3                           
102317100318110088ララシャンドン　　　　　　　　　　　  5.4  2.1 19.2 22.5 13.8 44 15.0                           
102317100418104208プリティインピンク　　　　　　　　　 10.6  3.1 12.8  7.5  6.9 37 21.3                           
102317100517100922フチサンメルチャン　　　　　　　　　  9.3  3.0  3.6 -9.0 -1.4 29  0.0                           
102317100619103042テンクウフラワー　　　　　　　　　　 14.6  4.0 -6.8-15.0 -7.0 23  0.0                           
102317100718103902サウンドブライアン　　　　　　　　　 23.1  5.8-11.9-15.0 -8.9 21  0.0                           
102317100818109119ルピナステソーロ　　　　　　　　　　 35.5  8.6-10.4-12.5 -7.6 22  0.0                           
102317100919106119ユウグロスファクタ　　　　　　　　　  6.6  2.3  9.5 15.0  8.0 38  0.0                           
102317101018102643フェイマスダンディ　　　　　　　　　 19.2  5.0-10.4  7.5 -1.6 28  0.0                           
102317101119101776ミツカネプルート　　　　　　　　　　 32.3  7.9-10.4-12.5 -7.6 22  0.0                           
102317101218104687デアリングウーマン　　　　　　　　　 21.6  5.5 -8.5  1.7 -2.6 27  0.0                           
102317101317110156ジェットマックス　　　　　　　　　　  6.8  2.4  2.3  6.2  2.7 33  0.0                           
102317101419105978ダンスウィズジョイ　　　　　　　　　  4.8  1.9 12.3 18.8 10.1 40  9.6                           
102317110118102148マイネルダグラス　　　　　　　　　　 36.6  7.7 -8.1-12.5 -6.7 23  0.0                           
102317110218100654シーニックウェイ　　　　　　　　　　 11.9  3.0 -0.8-15.0 -4.8 25  0.0                           
102317110319105298マイシンフォニー　　　　　　　　　　  3.5  1.5 18.7 13.9 11.0 41 13.8                           
102317110419106198オーソレミオ　　　　　　　　　　　　  7.1  2.2  8.5 -9.0  0.4 30  0.0                           
102317110519101261シゲルローズマリー　　　　　　　　　 12.4  3.1  3.3-15.0 -3.3 27  0.0                           
102317110618104129シューラヴァラ　　　　　　　　　　　 22.3  4.9-11.9-15.8 -9.1 21  0.0  0                        
102317110719106739ダークエクリプス　　　　　　　　　　  6.1  2.0 12.5 40.0 16.6 47 16.3                           
102317110815103983メイショウカクウン　　　　　　　　　 49.8 10.2-11.9-15.0 -8.9 21  0.0                           
102317110918103565ホウオウジョルノ　　　　　　　　　　 27.6  5.9  5.2 15.0  6.4 36 18.4                           
102317111018106663エアミアーニ　　　　　　　　　　　　  8.1  2.4  5.6  5.2  3.6 34  0.0                           
102317111118102131スウィートブルーム　　　　　　　　　 25.2  5.5-10.4  3.0 -2.9 27  0.0                           
102317111217106400ポールトゥウィン　　　　　　　　　　 24.0  5.3-12.6-15.0 -9.1 21  0.0                           
102317111317100904タイクーンバゴ　　　　　　　　　　　 52.8 10.8-11.9-15.0 -8.9 21  0.0                           
102317111419105146ジャスティンエース　　　　　　　　　  4.1  1.6 20.8 30.0 16.6 47 15.0                           
102317120119104078メイショウグラニー　　　　　　　　　  5.5  2.2 14.5  4.2  6.6 27 15.0                           
102317120219104356ディオアステリア　　　　　　　　　　  8.5  2.9 10.8 12.5  7.7 28 17.5                           
102317120319102240マメコ　　　　　　　　　　　　　　　 17.9  4.8  2.0  9.0  3.4 23  0.0                           
102317120418104762キャニオニング　　　　　　　　　　　 13.9  3.9 -4.7  7.5  0.5 21  0.0                           
102317120518102669スズノナデシコ　　　　　　　　　　　 13.1  3.7  1.8 22.5  7.4 27  0.0                           
102317120619105105ヴィルチュオーズ　　　　　　　　　　 25.1  6.4-11.9-15.0 -8.9 11  0.0                           
102317120719106510ユキノエリザベス　　　　　　　　　　 23.7  6.1-10.4-12.5 -7.6 12  0.0                           
102317120819101743タムロキュラムン　　　　　　　　　　 10.6  3.1 -5.0-15.0 -6.3 14  0.0                           
102317120919102062ハルカナネガイ　　　　　　　　　　　 65.0 15.2-11.9 -9.0 -7.1 13  0.0                           
102317121018105444レインボークラウド　　　　　　　　　 30.7  7.7-11.9-15.0 -8.9 11  0.0                           
102317121119104549テンメジャーガール　　　　　　　　　  5.5  2.2 14.4 30.0 14.3 34 13.8                           
102317121219104943コルカノン　　　　　　　　　　　　　 12.7  3.6 -2.6-15.0 -5.5 15  0.0                           
102317121319100593フラッシュアーク　　　　　　　　　　 25.6  6.5 -5.1-12.5 -5.6 14  0.0                           
102317121419106028ピースキーパー　　　　　　　　　　　  7.7  2.7 14.4 18.0 10.7 31 11.4                           
102317121519100772ポルタフォルトゥナ　　　　　　　　　 18.8  5.1  7.6-12.5 -1.0 19  0.0                           
102317121618104745シゲルオテンバ　　　　　　　　　　　 62.1 14.5-10.4-12.5 -7.6 12  0.0                           
102317121717105132パラティーノヒル　　　　　　　　　　 84.7 19.6-10.9-12.5 -7.7 12  0.0                           
102317121818102069ラナキラ　　　　　　　　　　　　　　 11.8  3.4-10.4-12.4 -7.5 12  0.0                           
